<TICKER>,<PER>,<DATE>,<TIME>,<OPEN>,<HIGH>,<LOW>,<CLOSE>,<VOL>,<OPENINT>
01C,5,20210204,090000,8.48,8.48,8.48,8.48,60,0
01C,5,20210204,092000,8.46,8.46,8.46,8.46,100,0
01C,5,20210204,092500,8.25,8.25,8.23,8.23,1350,0
01C,5,20210204,093000,8.25,8.25,8.25,8.25,250,0
01C,5,20210204,094500,8.23,8.23,8.23,8.23,200,0
01C,5,20210204,102500,8.24,8.24,8.23,8.23,409,0
01C,5,20210204,103000,8.36,8.36,8.36,8.36,100,0
01C,5,20210204,104000,8.23,8.23,8.23,8.23,215,0
01C,5,20210204,112500,8.25,8.25,8.25,8.25,10,0
01C,5,20210204,115000,8.25,8.25,8.25,8.25,290,0
01C,5,20210204,115500,8.23,8.23,8.22,8.22,1185,0
01C,5,20210204,120000,8.21,8.21,8.15,8.15,2175,0
01C,5,20210204,120500,8.15,8.15,8.05,8.05,7617,0
01C,5,20210204,121000,8.06,8.06,8.02,8.02,2574,0
01C,5,20210204,121500,8.1,8.1,8.1,8.1,100,0
01C,5,20210204,123000,8.18,8.24,8.18,8.24,250,0
01C,5,20210204,123500,8.24,8.24,8.24,8.24,200,0
01C,5,20210204,124000,8.25,8.25,8.25,8.25,77,0
01C,5,20210204,124500,8.12,8.12,8.12,8.12,302,0
01C,5,20210204,125500,8.12,8.12,8.12,8.12,368,0
01C,5,20210204,130500,8.12,8.12,8.12,8.12,82,0
01C,5,20210204,132000,8.24,8.24,8.24,8.24,100,0
01C,5,20210204,132500,8.25,8.25,8.25,8.25,303,0
01C,5,20210204,135000,8.25,8.25,8.25,8.25,100,0
01C,5,20210204,141000,8.13,8.13,8.13,8.13,270,0
01C,5,20210204,143500,8.2,8.2,8.2,8.2,650,0
01C,5,20210204,145000,8.22,8.22,8.22,8.22,220,0
01C,5,20210204,151500,8.2,8.2,8.2,8.2,147,0
01C,5,20210204,152000,8.25,8.25,8.25,8.25,379,0
01C,5,20210204,153000,8.2,8.2,8.2,8.2,38,0
01C,5,20210204,154500,8.2,8.2,8.2,8.2,40,0
01C,5,20210204,160000,8.29,8.29,8.29,8.29,262,0
01C,5,20210204,162500,8.29,8.29,8.27,8.27,507,0
01C,5,20210204,164500,8.27,8.27,8.2,8.2,1100,0
01C,5,20210205,090500,8.2,8.2,8.2,8.2,240,0
01C,5,20210205,091000,8.2,8.2,8.2,8.2,200,0
01C,5,20210205,091500,8.2,8.2,8.2,8.2,45,0
01C,5,20210205,092000,8.3,8.3,8.15,8.15,782,0
01C,5,20210205,095000,8.2,8.2,8.2,8.2,188,0
01C,5,20210205,095500,8.2,8.2,8.2,8.2,732,0
01C,5,20210205,100000,8.28,8.28,8.28,8.28,180,0
01C,5,20210205,100500,8.19,8.19,8.18,8.18,230,0
01C,5,20210205,101500,8.19,8.19,8.19,8.19,38,0
01C,5,20210205,102000,8.28,8.46,8.28,8.46,273,0
01C,5,20210205,111500,8.32,8.32,8.32,8.32,221,0
01C,5,20210205,112000,8.46,8.46,8.46,8.46,1165,0
01C,5,20210205,123500,8.3,8.3,8.3,8.3,250,0
01C,5,20210205,124000,8.2,8.39,8.2,8.39,250,0
01C,5,20210205,124500,8.39,8.39,8.39,8.39,200,0
01C,5,20210205,125000,8.4,8.45,8.4,8.45,152,0
01C,5,20210205,134000,8.45,8.45,8.45,8.45,4,0
01C,5,20210205,140000,8.45,8.45,8.45,8.45,121,0
01C,5,20210205,151000,8.3,8.3,8.3,8.3,200,0
01C,5,20210205,160000,8.3,8.3,8.3,8.3,300,0
01C,5,20210205,162500,8.4,8.4,8.4,8.4,150,0
01C,5,20210208,090000,8.4,8.4,8.4,8.4,150,0
01C,5,20210208,090500,8.45,8.45,8.45,8.45,25,0
01C,5,20210208,092500,8.3,8.3,8.3,8.3,237,0
01C,5,20210208,093500,8.3,8.3,8.3,8.3,77,0
01C,5,20210208,094000,8.3,8.3,8.28,8.28,723,0
01C,5,20210208,095000,8.25,8.25,8.25,8.25,102,0
01C,5,20210208,111500,8.28,8.39,8.28,8.39,118,0
01C,5,20210208,115500,8.39,8.39,8.39,8.39,60,0
01C,5,20210208,121000,8.37,8.37,8.37,8.37,749,0
01C,5,20210208,121500,8.37,8.37,8.37,8.37,100,0
01C,5,20210208,124000,8.37,8.37,8.37,8.37,132,0
01C,5,20210208,125000,8.37,8.37,8.37,8.37,131,0
01C,5,20210208,144000,8.36,8.36,8.36,8.36,20,0
01C,5,20210208,145000,8.36,8.36,8.36,8.36,200,0
01C,5,20210208,150000,8.36,8.37,8.36,8.37,120,0
01C,5,20210208,151000,8.35,8.35,8.3,8.3,850,0
01C,5,20210208,154500,8.3,8.3,8.2,8.2,1947,0
01C,5,20210208,155000,8.2,8.37,8.2,8.37,54,0
01C,5,20210208,163500,8.18,8.18,8.15,8.15,1000,0
01C,5,20210209,090000,8.42,8.45,8.42,8.45,620,0
01C,5,20210209,094000,8.35,8.35,8.21,8.21,36,0
01C,5,20210209,094500,8.21,8.21,8.21,8.21,195,0
01C,5,20210209,095000,8.21,8.21,8.21,8.21,200,0
01C,5,20210209,095500,8.2,8.2,8.2,8.2,1,0
01C,5,20210209,103000,8.3,8.3,8.15,8.15,1645,0
01C,5,20210209,104500,8.17,8.17,8.15,8.15,1000,0
01C,5,20210209,112500,8.2,8.2,8.2,8.2,415,0
01C,5,20210209,115500,8.3,8.3,8.3,8.3,99,0
01C,5,20210209,140500,8.25,8.25,8.25,8.25,30,0
01C,5,20210209,151500,8.25,8.25,8.25,8.25,970,0
01C,5,20210210,090000,8.3,8.3,8.2,8.3,262,0
01C,5,20210210,091500,8.25,8.25,8.25,8.25,651,0
01C,5,20210210,092500,8.25,8.25,8.25,8.25,153,0
01C,5,20210210,093000,8.25,8.25,8.19,8.19,543,0
01C,5,20210210,093500,8.19,8.19,7.96,7.96,7025,0
01C,5,20210210,094000,8,8,8,8,3300,0
01C,5,20210210,094500,8,8,8,8,907,0
01C,5,20210210,095000,7.98,8,7.98,8,615,0
01C,5,20210210,095500,8,8,8,8,7536,0
01C,5,20210210,100000,8,8,8,8,1600,0
01C,5,20210210,100500,8,8,7.96,8,3456,0
01C,5,20210210,101000,7.95,8,7.95,8,2400,0
01C,5,20210210,101500,8,8,8,8,1600,0
01C,5,20210210,102000,8,8,8,8,1507,0
01C,5,20210210,102500,8,8,8,8,5318,0
01C,5,20210210,103000,8,8,7.9,7.9,2938,0
01C,5,20210210,103500,8.19,8.19,8.19,8.19,100,0
01C,5,20210210,104000,8,8,8,8,100,0
01C,5,20210210,104500,8,8,8,8,400,0
01C,5,20210210,105000,8,8,8,8,11,0
01C,5,20210210,105500,7.99,7.99,7.99,7.99,1100,0
01C,5,20210210,110000,7.99,8,7.92,8,1040,0
01C,5,20210210,110500,8,8,8,8,25,0
01C,5,20210210,111000,8,8,8,8,8043,0
01C,5,20210210,111500,8.17,8.17,8.16,8.16,70,0
01C,5,20210210,121000,8.02,8.02,7.95,7.95,2020,0
01C,5,20210210,121500,7.99,7.99,7.99,7.99,1000,0
01C,5,20210210,122000,8,8,8,8,640,0
01C,5,20210210,122500,8,8,8,8,3,0
01C,5,20210210,130500,8.03,8.03,8.03,8.03,1,0
01C,5,20210210,132500,8.16,8.19,8.16,8.19,1000,0
01C,5,20210210,135500,8.11,8.11,8.11,8.11,250,0
01C,5,20210210,142000,8.12,8.12,8.11,8.11,250,0
01C,5,20210210,144500,8.14,8.14,8.14,8.14,500,0
01C,5,20210210,150500,8.14,8.14,8.14,8.14,143,0
01C,5,20210210,151000,8.1,8.1,8.1,8.1,150,0
01C,5,20210210,154000,8.17,8.17,8.17,8.17,215,0
01C,5,20210210,160000,8.1,8.1,8.1,8.1,25,0
01C,5,20210210,161500,8.1,8.17,8.1,8.17,103,0
01C,5,20210210,163000,8.1,8.1,8.1,8.1,24,0
01C,5,20210210,163500,8.1,8.1,8.1,8.1,319,0
01C,5,20210210,164000,8.08,8.08,8.08,8.08,618,0
01C,5,20210211,090000,8.17,8.17,8.17,8.17,732,0
01C,5,20210211,091000,8.08,8.08,8.05,8.05,100,0
01C,5,20210211,093000,8.07,8.07,8.07,8.07,100,0
01C,5,20210211,093500,8.06,8.07,8.04,8.04,1075,0
01C,5,20210211,095500,8.04,8.04,8.04,8.04,765,0
01C,5,20210211,101000,8.14,8.14,8.14,8.14,328,0
01C,5,20210211,105000,8.14,8.14,8.14,8.14,380,0
01C,5,20210211,105500,8.14,8.14,8.14,8.14,120,0
01C,5,20210211,110000,8.14,8.14,8.14,8.14,383,0
01C,5,20210211,110500,8.15,8.15,8.15,8.15,7,0
01C,5,20210211,112500,8.1,8.1,8.1,8.1,300,0
01C,5,20210211,113000,8.14,8.14,8.14,8.14,400,0
01C,5,20210211,113500,8.14,8.14,8.14,8.14,1000,0
01C,5,20210211,122500,8.12,8.12,8.12,8.12,1000,0
01C,5,20210211,123500,8.13,8.14,8.13,8.14,1433,0
01C,5,20210211,125500,8.14,8.14,8.14,8.14,132,0
01C,5,20210211,131500,8.14,8.14,8.14,8.14,1000,0
01C,5,20210211,133000,8.1,8.1,8.05,8.05,193,0
01C,5,20210211,140500,8.1,8.14,8.05,8.14,606,0
01C,5,20210211,143500,8.05,8.05,8.05,8.05,150,0
01C,5,20210211,145500,8.14,8.14,8.14,8.14,100,0
01C,5,20210211,153000,8.14,8.14,8.14,8.14,500,0
01C,5,20210211,153500,8.14,8.14,8.14,8.14,246,0
01C,5,20210211,161000,8.14,8.14,8.06,8.06,1000,0
01C,5,20210212,090000,8.18,8.18,8.1,8.1,661,0
01C,5,20210212,090500,8.18,8.18,8.18,8.18,100,0
01C,5,20210212,091000,8.2,8.23,8.2,8.23,116,0
01C,5,20210212,091500,8.23,8.23,8.23,8.23,35,0
01C,5,20210212,092000,8.22,8.22,8.22,8.22,100,0
01C,5,20210212,092500,8.2,8.2,8.2,8.2,100,0
01C,5,20210212,093000,8.2,8.2,8.2,8.2,378,0
01C,5,20210212,102000,8.2,8.2,8.12,8.12,500,0
01C,5,20210212,110000,8.13,8.15,8.13,8.15,325,0
01C,5,20210212,111500,8.15,8.15,8.15,8.15,50,0
01C,5,20210212,112000,8.15,8.15,8.12,8.12,450,0
01C,5,20210212,122500,8.2,8.23,8.2,8.23,980,0
01C,5,20210212,123000,8.23,8.23,8.23,8.23,80,0
01C,5,20210212,123500,8.23,8.23,8.23,8.23,383,0
01C,5,20210212,125000,8.13,8.13,8.13,8.13,250,0
01C,5,20210212,131500,8.22,8.22,8.22,8.22,300,0
01C,5,20210212,141500,8.2,8.22,8.2,8.22,805,0
01C,5,20210212,142000,8.23,8.25,8.23,8.25,400,0
01C,5,20210212,144500,8.25,8.25,8.25,8.25,50,0
01C,5,20210212,145000,8.23,8.23,8.23,8.23,50,0
01C,5,20210212,150000,8.15,8.15,8.15,8.15,200,0
01C,5,20210212,150500,8.2,8.2,8.2,8.2,400,0
01C,5,20210212,153000,8.2,8.2,8.2,8.2,568,0
01C,5,20210212,154000,8.2,8.2,8.2,8.2,815,0
01C,5,20210212,155000,8.25,8.25,8.25,8.25,450,0
01C,5,20210212,155500,8.26,8.27,8.26,8.27,800,0
01C,5,20210212,160500,8.27,8.27,8.27,8.27,50,0
01C,5,20210212,163500,8.2,8.2,8.2,8.2,590,0
01C,5,20210212,164500,8.27,8.27,8.27,8.27,30,0
01C,5,20210215,090000,8.21,8.27,8.21,8.27,170,0
01C,5,20210215,090500,8.21,8.21,8.21,8.21,112,0
01C,5,20210215,091000,8.21,8.21,8.21,8.21,500,0
01C,5,20210215,091500,8.27,8.27,8.27,8.27,180,0
01C,5,20210215,092000,8.3,8.3,8.3,8.3,100,0
01C,5,20210215,093500,8.35,8.35,8.35,8.35,595,0
01C,5,20210215,094000,8.35,8.35,8.32,8.32,602,0
01C,5,20210215,095000,8.32,8.32,8.3,8.3,455,0
01C,5,20210215,100500,8.35,8.39,8.35,8.39,1000,0
01C,5,20210215,101000,8.35,8.35,8.35,8.35,50,0
01C,5,20210215,102000,8.3,8.3,8.3,8.3,341,0
01C,5,20210215,102500,8.35,8.35,8.35,8.35,530,0
01C,5,20210215,103000,8.35,8.35,8.35,8.35,37,0
01C,5,20210215,110500,8.35,8.35,8.35,8.35,370,0
01C,5,20210215,112500,8.35,8.38,8.35,8.38,250,0
01C,5,20210215,113000,8.38,8.38,8.38,8.38,363,0
01C,5,20210215,113500,8.38,8.38,8.38,8.38,37,0
01C,5,20210215,114500,8.25,8.3,8.24,8.3,913,0
01C,5,20210215,120000,8.3,8.3,8.3,8.3,12,0
01C,5,20210215,120500,8.22,8.22,8.21,8.21,897,0
01C,5,20210215,121000,8.21,8.21,8.21,8.21,300,0
01C,5,20210215,122000,8.25,8.25,8.25,8.25,62,0
01C,5,20210215,122500,8.25,8.25,8.25,8.25,1071,0
01C,5,20210215,124500,8.23,8.23,8.23,8.23,370,0
01C,5,20210215,125000,8.24,8.24,8.24,8.24,320,0
01C,5,20210215,125500,8.23,8.23,8.23,8.23,321,0
01C,5,20210215,130500,8.25,8.25,8.25,8.25,667,0
01C,5,20210215,131500,8.24,8.24,8.24,8.24,399,0
01C,5,20210215,132000,8.24,8.24,8.23,8.23,512,0
01C,5,20210215,132500,8.24,8.24,8.24,8.24,899,0
01C,5,20210215,134000,8.3,8.3,8.3,8.3,238,0
01C,5,20210215,134500,8.3,8.3,8.3,8.3,284,0
01C,5,20210215,135000,8.3,8.3,8.3,8.3,284,0
01C,5,20210215,140000,8.29,8.29,8.29,8.29,200,0
01C,5,20210215,141000,8.24,8.24,8.24,8.24,200,0
01C,5,20210215,142000,8.24,8.24,8.24,8.24,243,0
01C,5,20210215,143500,8.24,8.24,8.23,8.23,62,0
01C,5,20210215,144500,8.24,8.24,8.24,8.24,359,0
01C,5,20210215,151000,8.24,8.24,8.22,8.22,240,0
01C,5,20210215,152500,8.22,8.22,8.22,8.22,441,0
01C,5,20210215,153000,8.22,8.27,8.22,8.27,815,0
01C,5,20210215,154000,8.24,8.24,8.21,8.21,1250,0
01C,5,20210215,154500,8.21,8.21,8.21,8.21,378,0
01C,5,20210215,155000,8.21,8.21,8.17,8.17,300,0
01C,5,20210215,155500,8.17,8.17,8.17,8.17,200,0
01C,5,20210215,162500,8.19,8.19,8.19,8.19,300,0
01C,5,20210215,163000,8.18,8.18,8.18,8.18,210,0
01C,5,20210215,163500,8.19,8.19,8.19,8.19,287,0
01C,5,20210215,164500,8.25,8.25,8.25,8.25,200,0
01C,5,20210216,090000,7.9,7.9,7.3,7.52,16607,0
01C,5,20210216,090500,7.6,7.79,7.6,7.78,3073,0
01C,5,20210216,091000,7.79,7.89,7.78,7.89,3727,0
01C,5,20210216,091500,7.89,7.9,7.89,7.9,1000,0
01C,5,20210216,092000,7.84,7.84,7.84,7.84,100,0
01C,5,20210216,092500,7.88,7.88,7.84,7.84,800,0
01C,5,20210216,093000,7.84,7.84,7.84,7.84,568,0
01C,5,20210216,093500,7.86,7.98,7.86,7.98,2970,0
01C,5,20210216,094000,7.91,7.91,7.91,7.91,500,0
01C,5,20210216,094500,7.98,7.98,7.91,7.91,679,0
01C,5,20210216,095000,7.97,8,7.92,8,1959,0
01C,5,20210216,095500,8.08,8.12,8.08,8.12,350,0
01C,5,20210216,100000,8.13,8.13,8.13,8.13,155,0
01C,5,20210216,100500,8.12,8.12,8.12,8.12,41,0
01C,5,20210216,101000,8.08,8.08,8.08,8.08,100,0
01C,5,20210216,101500,8,8,8,8,28,0
01C,5,20210216,102000,8,8,8,8,622,0
01C,5,20210216,102500,8,8,8,8,250,0
01C,5,20210216,103000,7.91,7.91,7.88,7.88,600,0
01C,5,20210216,105000,7.9,7.9,7.9,7.9,250,0
01C,5,20210216,105500,8.05,8.05,8.05,8.05,100,0
01C,5,20210216,111000,8,8,8,8,109,0
01C,5,20210216,113000,8,8,8,8,450,0
01C,5,20210216,114000,8,8,7.94,7.94,1000,0
01C,5,20210216,122000,8.07,8.12,8.07,8.12,1047,0
01C,5,20210216,122500,8.12,8.12,8.12,8.12,170,0
01C,5,20210216,132500,8.08,8.08,8.07,8.07,437,0
01C,5,20210216,133000,8.07,8.07,8.07,8.07,80,0
01C,5,20210216,143000,7.98,7.98,7.98,7.98,1000,0
01C,5,20210216,143500,7.98,7.98,7.98,7.98,1,0
01C,5,20210216,144000,7.99,7.99,7.99,7.99,755,0
01C,5,20210216,151500,8.01,8.01,8.01,8.01,100,0
01C,5,20210216,152000,8.01,8.01,8.01,8.01,564,0
01C,5,20210216,152500,7.99,7.99,7.94,7.94,1040,0
01C,5,20210216,161000,7.97,7.97,7.95,7.95,300,0
01C,5,20210216,162000,8.06,8.06,8.06,8.06,15,0
01C,5,20210216,163500,7.95,7.95,7.94,7.94,500,0
01C,5,20210216,164000,7.94,7.94,7.94,7.94,500,0
01C,5,20210216,164500,8.06,8.06,7.94,7.94,1070,0
01C,5,20210217,090000,8,8,7.92,7.92,170,0
01C,5,20210217,091500,7.92,7.92,7.92,7.92,30,0
01C,5,20210217,093000,7.92,7.92,7.92,7.92,336,0
01C,5,20210217,101000,7.94,7.94,7.94,7.94,150,0
01C,5,20210217,101500,8.05,8.08,8.05,8.08,76,0
01C,5,20210217,111500,8.05,8.05,8,8,1448,0
01C,5,20210217,112500,8,8,8,8,200,0
01C,5,20210217,113500,8,8,7.94,7.94,473,0
01C,5,20210217,120000,7.94,7.94,7.94,7.94,1795,0
01C,5,20210217,122000,8,8,8,8,499,0
01C,5,20210217,125500,8,8,8,8,131,0
01C,5,20210217,131000,7.94,7.94,7.94,7.94,924,0
01C,5,20210217,135500,7.97,7.97,7.97,7.97,15,0
01C,5,20210217,140000,8,8,8,8,150,0
01C,5,20210217,140500,8.04,8.04,8,8,201,0
01C,5,20210217,141000,8.04,8.04,8.04,8.04,138,0
01C,5,20210217,142500,8.05,8.05,8.05,8.05,150,0
01C,5,20210217,143000,8.05,8.05,8.05,8.05,450,0
01C,5,20210217,143500,8.08,8.08,8.08,8.08,541,0
01C,5,20210217,145500,8.08,8.08,8.08,8.08,69,0
01C,5,20210217,150000,8.08,8.08,8.08,8.08,1675,0
01C,5,20210217,152000,8,8,8,8,64,0
01C,5,20210217,152500,8,8,8,8,36,0
01C,5,20210217,153500,8.02,8.02,8,8,50,0
01C,5,20210217,155000,8.08,8.08,8.08,8.08,1,0
01C,5,20210218,090000,8.1,8.1,8.1,8.1,500,0
01C,5,20210218,092500,8.08,8.08,8.08,8.08,59,0
01C,5,20210218,095000,8.1,8.11,8.1,8.11,679,0
01C,5,20210218,095500,8.09,8.09,8.09,8.09,100,0
01C,5,20210218,101000,8.08,8.08,8.02,8.02,500,0
01C,5,20210218,102500,8.11,8.12,8.11,8.12,303,0
01C,5,20210218,103000,8.11,8.11,8.11,8.11,300,0
01C,5,20210218,105500,8.11,8.11,8.11,8.11,61,0
01C,5,20210218,110000,8.11,8.12,8.11,8.12,400,0
01C,5,20210218,111500,8.1,8.1,8.1,8.1,200,0
01C,5,20210218,112000,8.1,8.1,8.1,8.1,624,0
01C,5,20210218,113000,8.11,8.11,8,8,1994,0
01C,5,20210218,113500,8.12,8.12,8.12,8.12,186,0
01C,5,20210218,114000,8.13,8.15,8.13,8.15,300,0
01C,5,20210218,115000,8.18,8.23,8.18,8.23,1204,0
01C,5,20210218,123000,8.22,8.22,8.22,8.22,500,0
01C,5,20210218,132000,8.19,8.19,8.19,8.19,100,0
01C,5,20210218,134000,8.16,8.18,8.16,8.18,300,0
01C,5,20210218,135500,8.04,8.04,8.04,8.04,762,0
01C,5,20210218,143500,8.03,8.03,8.03,8.03,5,0
01C,5,20210218,144000,8.05,8.05,8.05,8.05,350,0
01C,5,20210218,144500,8.05,8.05,8.05,8.05,167,0
01C,5,20210218,145000,8.05,8.05,8.05,8.05,600,0
01C,5,20210218,145500,8.05,8.15,8.05,8.15,1056,0
01C,5,20210218,153000,8.04,8.04,7.96,7.96,1500,0
01C,5,20210218,154000,7.92,8.15,7.85,7.85,2260,0
01C,5,20210218,154500,8,8,8,8,100,0
01C,5,20210218,161000,8.02,8.02,8.02,8.02,39,0
01C,5,20210218,161500,8.02,8.02,8.02,8.02,1000,0
01C,5,20210218,162000,8.05,8.05,8.05,8.05,1000,0
01C,5,20210218,164500,8.1,8.1,8.1,8.1,37,0
01C,5,20210219,090000,8.2,8.2,8.2,8.2,300,0
01C,5,20210219,092000,8.02,8.02,8.02,8.02,1,0
01C,5,20210219,094000,8.02,8.02,7.99,7.99,570,0
01C,5,20210219,095000,7.96,7.96,7.96,7.96,1,0
01C,5,20210219,101000,8,8,8,8,1079,0
01C,5,20210219,104000,8.1,8.1,8.1,8.1,100,0
01C,5,20210219,105000,8,8,8,8,550,0
01C,5,20210219,105500,8,8,8,8,813,0
01C,5,20210219,110000,8,8,8,8,114,0
01C,5,20210219,111000,7.92,7.92,7.92,7.92,464,0
01C,5,20210219,111500,8,8.12,8,8.12,473,0
01C,5,20210219,121500,8.13,8.13,8.13,8.13,63,0
01C,5,20210219,125000,8.13,8.13,8.13,8.13,45,0
01C,5,20210219,125500,8.17,8.17,8.17,8.17,2,0
01C,5,20210219,133000,8.13,8.13,8.13,8.13,12,0
01C,5,20210219,140000,8.04,8.04,8,8,1000,0
01C,5,20210219,142000,8.1,8.1,8.1,8.1,15,0
01C,5,20210219,145500,8,8,8,8,200,0
01C,5,20210219,153000,8,8,8,8,110,0
01C,5,20210219,153500,8.07,8.07,8.07,8.07,10,0
01C,5,20210219,155000,7.96,7.96,7.92,7.92,727,0
01C,5,20210219,163000,8.05,8.09,8.05,8.09,500,0
01C,5,20210219,164000,7.99,7.99,7.99,7.99,1500,0
01C,5,20210219,164500,8.09,8.09,8.09,8.09,400,0
01C,5,20210222,090000,8.07,8.07,8.07,8.07,39,0
01C,5,20210222,090500,7.93,7.93,7.72,7.72,2000,0
01C,5,20210222,094000,7.85,7.85,7.85,7.85,200,0
01C,5,20210222,100000,7.85,7.95,7.85,7.95,193,0
01C,5,20210222,102000,7.95,8,7.95,8,269,0
01C,5,20210222,102500,8.07,8.07,8.07,8.07,90,0
01C,5,20210222,103000,8.07,8.07,8.07,8.07,89,0
01C,5,20210222,104000,8.07,8.07,8.07,8.07,406,0
01C,5,20210222,112000,8.08,8.1,8.08,8.1,521,0
01C,5,20210222,121500,8.09,8.09,8.09,8.09,50,0
01C,5,20210222,122500,8.08,8.08,8.08,8.08,130,0
01C,5,20210222,124500,8.07,8.07,8.07,8.07,5,0
01C,5,20210222,125000,8.03,8.03,8.03,8.03,150,0
01C,5,20210222,133500,8,8,8,8,300,0
01C,5,20210222,134000,8,8,7.86,7.86,180,0
01C,5,20210222,134500,7.86,8,7.86,8,299,0
01C,5,20210222,143000,7.99,7.99,7.99,7.99,200,0
01C,5,20210222,144000,7.87,7.87,7.87,7.87,420,0
01C,5,20210222,145000,7.99,7.99,7.99,7.99,200,0
01C,5,20210222,154500,7.9,7.9,7.9,7.9,450,0
01C,5,20210222,155500,7.9,7.9,7.9,7.9,794,0
01C,5,20210222,162000,7.9,7.9,7.9,7.9,27,0
01C,5,20210222,164500,7.99,7.99,7.99,7.99,10,0
01C,5,20210223,092500,7.99,7.99,7.99,7.99,100,0
01C,5,20210223,094000,7.85,7.85,7.81,7.81,300,0
01C,5,20210223,094500,7.99,7.99,7.8,7.8,763,0
01C,5,20210223,102000,7.9,7.9,7.85,7.85,125,0
01C,5,20210223,102500,7.96,7.96,7.96,7.96,140,0
01C,5,20210223,103500,7.98,7.98,7.98,7.98,100,0
01C,5,20210223,104000,7.85,7.85,7.85,7.85,401,0
01C,5,20210223,104500,7.81,7.81,7.8,7.8,1300,0
01C,5,20210223,105000,7.96,7.97,7.96,7.97,619,0
01C,5,20210223,112000,7.97,7.97,7.97,7.97,200,0
01C,5,20210223,115500,7.94,7.94,7.81,7.81,65,0
01C,5,20210223,122500,7.9,7.9,7.9,7.9,241,0
01C,5,20210223,123500,7.82,7.82,7.82,7.82,500,0
01C,5,20210223,130500,7.82,7.82,7.82,7.82,349,0
01C,5,20210223,131000,7.82,7.82,7.82,7.82,245,0
01C,5,20210223,131500,7.81,7.81,7.8,7.8,895,0
01C,5,20210223,132500,7.96,7.96,7.96,7.96,300,0
01C,5,20210223,133500,7.8,7.8,7.8,7.8,300,0
01C,5,20210223,134500,7.8,7.8,7.8,7.8,300,0
01C,5,20210223,135000,7.8,7.8,7.8,7.8,146,0
01C,5,20210223,141000,7.8,7.8,7.8,7.8,1254,0
01C,5,20210223,141500,7.8,7.8,7.8,7.8,286,0
01C,5,20210223,142000,7.8,7.8,7.8,7.8,550,0
01C,5,20210223,142500,7.8,7.8,7.8,7.8,100,0
01C,5,20210223,143500,7.8,7.8,7.8,7.8,64,0
01C,5,20210223,145500,7.79,7.79,7.79,7.79,1,0
01C,5,20210223,150500,7.79,7.79,7.79,7.79,50,0
01C,5,20210223,151000,7.79,7.79,7.79,7.79,249,0
01C,5,20210223,151500,7.78,7.78,7.77,7.77,201,0
01C,5,20210223,155500,7.78,7.78,7.78,7.78,100,0
01C,5,20210223,160500,7.78,7.78,7.77,7.77,192,0
01C,5,20210223,162500,7.78,7.78,7.76,7.76,1000,0
01C,5,20210223,163000,7.8,7.8,7.8,7.8,550,0
01C,5,20210223,164000,7.8,7.8,7.8,7.8,1047,0
01C,5,20210223,164500,7.8,7.9,7.8,7.9,115,0
01C,5,20210224,090000,7.9,7.9,7.9,7.9,11,0
01C,5,20210224,093500,7.9,7.9,7.9,7.9,154,0
01C,5,20210224,095000,7.9,8,7.9,8,466,0
01C,5,20210224,095500,8,8,8,8,218,0
01C,5,20210224,104000,7.9,7.9,7.9,7.9,400,0
01C,5,20210224,111000,7.9,7.9,7.9,7.9,350,0
01C,5,20210224,120000,7.84,7.84,7.84,7.84,150,0
01C,5,20210224,120500,7.83,7.83,7.83,7.83,230,0
01C,5,20210224,122000,7.83,7.83,7.83,7.83,70,0
01C,5,20210224,123500,7.85,7.85,7.85,7.85,250,0
01C,5,20210224,125000,7.83,7.83,7.83,7.83,20,0
01C,5,20210224,130500,7.9,7.9,7.9,7.9,195,0
01C,5,20210224,131500,7.9,7.9,7.9,7.9,5,0
01C,5,20210224,142500,7.95,7.95,7.95,7.95,500,0
01C,5,20210224,143000,7.95,7.95,7.95,7.95,252,0
01C,5,20210224,154500,7.84,7.84,7.84,7.84,160,0
01C,5,20210224,155500,7.87,7.87,7.83,7.83,149,0
01C,5,20210224,160500,7.83,7.83,7.83,7.83,208,0
01C,5,20210224,163500,7.85,7.85,7.83,7.83,375,0
01C,5,20210224,164000,7.81,7.81,7.73,7.73,806,0
01C,5,20210224,165500,7.93,7.93,7.93,7.93,377,0
01C,5,20210225,090000,7.92,7.92,7.92,7.92,190,0
01C,5,20210225,090500,7.91,7.91,7.91,7.91,132,0
01C,5,20210225,091500,7.79,7.79,7.79,7.79,1220,0
01C,5,20210225,092000,7.79,7.79,7.79,7.79,679,0
01C,5,20210225,095000,7.95,7.95,7.95,7.95,195,0
01C,5,20210225,095500,7.89,7.89,7.8,7.8,80,0
01C,5,20210225,100000,7.8,7.8,7.8,7.8,90,0
01C,5,20210225,114000,7.8,7.8,7.76,7.76,512,0
01C,5,20210225,114500,7.8,7.8,7.8,7.8,30,0
01C,5,20210225,115500,7.89,7.89,7.89,7.89,400,0
01C,5,20210225,120500,7.89,7.89,7.89,7.89,150,0
01C,5,20210225,121500,7.76,7.76,7.75,7.75,1000,0
01C,5,20210225,124000,7.89,7.89,7.89,7.89,78,0
01C,5,20210225,131500,7.85,7.85,7.85,7.85,40,0
01C,5,20210225,134000,7.89,7.89,7.89,7.89,31,0
01C,5,20210225,140000,7.85,7.85,7.85,7.85,9,0
01C,5,20210225,142000,7.85,7.85,7.85,7.85,51,0
01C,5,20210225,145000,7.9,7.9,7.9,7.9,250,0
01C,5,20210225,151500,7.78,7.78,7.78,7.78,35,0
01C,5,20210225,153000,7.8,7.8,7.78,7.78,222,0
01C,5,20210225,154000,7.78,7.78,7.78,7.78,60,0
01C,5,20210225,161000,7.78,7.78,7.77,7.77,449,0
01C,5,20210225,164500,7.89,7.89,7.89,7.89,100,0
01C,5,20210226,090000,7.76,7.76,7.74,7.74,987,0
01C,5,20210226,090500,7.74,7.74,7.73,7.73,500,0
01C,5,20210226,093000,7.94,7.94,7.94,7.94,100,0
01C,5,20210226,104500,7.75,7.75,7.73,7.73,578,0
01C,5,20210226,113500,7.75,7.8,7.74,7.74,250,0
01C,5,20210226,114000,7.9,7.9,7.9,7.9,371,0
01C,5,20210226,121500,7.89,7.89,7.89,7.89,500,0
01C,5,20210226,123000,7.76,7.76,7.73,7.73,1234,0
01C,5,20210226,134500,7.87,7.87,7.87,7.87,99,0
01C,5,20210226,142000,7.76,7.76,7.76,7.76,220,0
01C,5,20210226,143000,7.76,7.76,7.76,7.76,200,0
01C,5,20210226,145000,7.77,7.77,7.76,7.76,460,0
01C,5,20210226,150000,7.75,7.75,7.75,7.75,100,0
01C,5,20210226,151000,7.75,7.75,7.75,7.75,300,0
01C,5,20210226,151500,7.75,7.75,7.75,7.75,819,0
01C,5,20210226,153500,7.75,7.75,7.75,7.75,600,0
01C,5,20210226,154500,7.75,7.75,7.75,7.75,250,0
01C,5,20210226,161000,7.76,7.76,7.76,7.76,200,0
01C,5,20210226,163500,7.8,7.8,7.8,7.8,150,0
01C,5,20210226,164500,7.8,7.85,7.76,7.85,979,0
01C,5,20210301,093000,7.85,7.85,7.85,7.85,5,0
01C,5,20210301,101500,7.76,7.76,7.75,7.75,1540,0
01C,5,20210301,102500,7.75,7.75,7.75,7.75,300,0
01C,5,20210301,111500,7.8,7.8,7.8,7.8,7,0
01C,5,20210301,112000,7.8,7.8,7.8,7.8,37,0
01C,5,20210301,113500,7.8,7.8,7.76,7.76,733,0
01C,5,20210301,115000,7.76,7.76,7.76,7.76,222,0
01C,5,20210301,122000,7.8,7.8,7.8,7.8,128,0
01C,5,20210301,123500,7.8,7.8,7.8,7.8,200,0
01C,5,20210301,130000,7.76,7.76,7.76,7.76,400,0
01C,5,20210301,131000,7.76,7.76,7.76,7.76,200,0
01C,5,20210301,133000,7.75,7.75,7.75,7.75,752,0
01C,5,20210301,135500,7.76,7.76,7.76,7.76,222,0
01C,5,20210301,143000,7.8,7.8,7.8,7.8,300,0
01C,5,20210301,145500,7.76,7.76,7.76,7.76,222,0
01C,5,20210301,150000,7.76,7.8,7.76,7.8,159,0
01C,5,20210301,153500,7.76,7.76,7.75,7.75,641,0
01C,5,20210301,155500,7.76,7.76,7.76,7.76,220,0
01C,5,20210301,161000,7.76,7.76,7.76,7.76,79,0
01C,5,20210301,162500,7.75,7.75,7.75,7.75,550,0
01C,5,20210301,164500,7.8,7.8,7.8,7.8,105,0
01C,5,20210302,090000,7.8,7.8,7.8,7.8,100,0
01C,5,20210302,090500,7.8,7.8,7.8,7.8,200,0
01C,5,20210302,091500,7.8,7.8,7.8,7.8,300,0
01C,5,20210302,094000,7.76,7.76,7.75,7.75,425,0
01C,5,20210302,094500,7.75,7.75,7.75,7.75,248,0
01C,5,20210302,095500,7.76,7.76,7.76,7.76,300,0
01C,5,20210302,103500,7.78,7.78,7.78,7.78,385,0
01C,5,20210302,113000,7.76,7.76,7.75,7.75,555,0
01C,5,20210302,122000,7.78,7.78,7.76,7.76,361,0
01C,5,20210302,123000,7.79,7.79,7.78,7.78,92,0
01C,5,20210302,125000,7.8,7.8,7.76,7.76,763,0
01C,5,20210302,144500,7.77,7.77,7.77,7.77,134,0
01C,5,20210302,145500,7.76,7.76,7.76,7.76,206,0
01C,5,20210302,151000,7.8,7.8,7.8,7.8,127,0
01C,5,20210302,154000,7.77,7.77,7.77,7.77,63,0
01C,5,20210302,155000,7.77,7.77,7.75,7.75,1000,0
01C,5,20210302,160000,7.76,7.76,7.71,7.71,2000,0
01C,5,20210302,161500,7.8,7.88,7.8,7.88,1501,0
01C,5,20210303,090000,7.77,7.77,7.77,7.77,300,0
01C,5,20210303,093000,7.88,7.88,7.88,7.88,39,0
01C,5,20210303,093500,7.77,7.77,7.76,7.76,406,0
01C,5,20210303,094000,7.76,7.76,7.76,7.76,18,0
01C,5,20210303,095000,7.82,7.82,7.76,7.76,300,0
01C,5,20210303,100500,7.76,7.76,7.76,7.76,100,0
01C,5,20210303,103000,7.76,7.76,7.72,7.72,836,0
01C,5,20210303,104000,7.8,7.8,7.8,7.8,120,0
01C,5,20210303,111000,7.72,7.72,7.72,7.72,534,0
01C,5,20210303,111500,7.71,7.71,7.6,7.6,5010,0
01C,5,20210303,112000,7.79,7.79,7.79,7.79,300,0
01C,5,20210303,113500,7.62,7.62,7.62,7.62,90,0
01C,5,20210303,120000,7.67,7.67,7.67,7.67,10,0
01C,5,20210303,121500,7.67,7.67,7.67,7.67,35,0
01C,5,20210303,123500,7.7,7.7,7.7,7.7,37,0
01C,5,20210303,134000,7.67,7.67,7.67,7.67,100,0
01C,5,20210303,135500,7.67,7.67,7.67,7.67,200,0
01C,5,20210303,141500,7.67,7.67,7.63,7.63,1000,0
01C,5,20210303,142000,7.63,7.63,7.42,7.42,4420,0
01C,5,20210303,143500,7.65,7.65,7.65,7.65,121,0
01C,5,20210303,145000,7.65,7.69,7.65,7.69,180,0
01C,5,20210303,145500,7.69,7.69,7.69,7.69,22,0
01C,5,20210303,150000,7.69,7.69,7.69,7.69,25,0
01C,5,20210303,150500,7.69,7.7,7.69,7.7,300,0
01C,5,20210303,151500,7.52,7.52,7.52,7.52,40,0
01C,5,20210303,152000,7.52,7.52,7.5,7.5,1000,0
01C,5,20210303,153000,7.55,7.55,7.5,7.5,480,0
01C,5,20210303,153500,7.6,7.6,7.6,7.6,186,0
01C,5,20210303,154500,7.6,7.6,7.6,7.6,114,0
01C,5,20210303,160000,7.42,7.42,7.4,7.4,1000,0
01C,5,20210303,160500,7.4,7.4,7.4,7.4,1000,0
01C,5,20210303,162000,7.45,7.45,7.4,7.41,1000,0
01C,5,20210303,162500,7.6,7.6,7.4,7.4,1510,0
01C,5,20210303,164500,7.6,7.6,7.6,7.6,200,0
01C,5,20210304,091000,7.55,7.55,7.55,7.55,150,0
01C,5,20210304,091500,7.41,7.41,7.41,7.41,195,0
01C,5,20210304,094000,7.42,7.42,7.4,7.4,2600,0
01C,5,20210304,094500,7.4,7.4,7.4,7.4,80,0
01C,5,20210304,101500,7.49,7.49,7.49,7.49,135,0
01C,5,20210304,102000,7.4,7.4,7.4,7.4,1000,0
01C,5,20210304,103500,7.4,7.4,7.4,7.4,419,0
01C,5,20210304,110500,7.47,7.47,7.47,7.47,80,0
01C,5,20210304,111000,7.47,7.47,7.47,7.47,220,0
01C,5,20210304,111500,7.42,7.42,7.42,7.42,200,0
01C,5,20210304,112000,7.4,7.49,7.4,7.49,1459,0
01C,5,20210304,112500,7.48,7.55,7.48,7.55,2750,0
01C,5,20210304,114500,7.55,7.55,7.55,7.55,1240,0
01C,5,20210304,121500,7.4,7.4,7.4,7.4,1,0
01C,5,20210304,125500,7.4,7.4,7.4,7.4,300,0
01C,5,20210304,132000,7.55,7.55,7.55,7.55,32,0
01C,5,20210304,133500,7.55,7.55,7.55,7.55,500,0
01C,5,20210304,140000,7.55,7.6,7.55,7.6,120,0
01C,5,20210304,142500,7.6,7.6,7.6,7.6,986,0
01C,5,20210304,144000,7.64,7.64,7.64,7.64,150,0
01C,5,20210304,145500,7.73,7.77,7.73,7.77,1000,0
01C,5,20210304,151500,7.76,7.76,7.76,7.76,100,0
01C,5,20210304,161500,7.7,7.7,7.7,7.7,700,0
01C,5,20210304,163000,7.7,7.9,7.7,7.9,2226,0
01C,5,20210304,164000,7.89,7.9,7.89,7.9,885,0
01C,5,20210304,164500,7.73,7.89,7.72,7.89,650,0
01C,5,20210305,090000,7.89,7.89,7.89,7.89,750,0
01C,5,20210305,091000,7.65,7.65,7.65,7.65,1,0
01C,5,20210305,093500,7.8,7.8,7.8,7.8,150,0
01C,5,20210305,104000,7.78,7.78,7.77,7.77,100,0
01C,5,20210305,114000,7.77,7.77,7.77,7.77,100,0
01C,5,20210305,120500,7.79,7.79,7.79,7.79,270,0
01C,5,20210305,122000,7.77,7.77,7.77,7.77,302,0
01C,5,20210305,133500,7.8,7.8,7.8,7.8,1498,0
01C,5,20210308,090000,7.84,7.84,7.84,7.84,100,0
01C,5,20210308,091000,7.7,7.7,7.7,7.7,1,0
01C,5,20210308,091500,7.7,7.7,7.6,7.6,500,0
01C,5,20210308,092500,7.66,7.66,7.65,7.65,1000,0
01C,5,20210308,100000,7.65,7.65,7.6,7.6,629,0
01C,5,20210308,100500,7.65,7.65,7.65,7.65,818,0
01C,5,20210308,101500,7.62,7.8,7.62,7.8,178,0
01C,5,20210308,102500,7.62,7.62,7.62,7.62,92,0
01C,5,20210308,111500,7.7,7.7,7.7,7.7,600,0
01C,5,20210308,115500,7.72,7.72,7.72,7.72,375,0
01C,5,20210308,123500,7.73,7.73,7.73,7.73,499,0
01C,5,20210308,130000,7.72,7.72,7.7,7.7,535,0
01C,5,20210308,134000,7.7,7.7,7.7,7.7,315,0
01C,5,20210308,140000,7.78,7.78,7.65,7.65,150,0
01C,5,20210308,140500,7.65,7.65,7.65,7.65,60,0
01C,5,20210308,144500,7.7,7.7,7.65,7.65,1000,0
01C,5,20210308,155500,7.78,7.78,7.78,7.78,50,0
01C,5,20210308,160500,7.66,7.66,7.66,7.66,80,0
01C,5,20210308,164500,7.76,7.76,7.76,7.76,60,0
01C,5,20210309,091500,7.64,7.64,7.6,7.63,1000,0
01C,5,20210309,092000,7.76,7.76,7.6,7.6,250,0
01C,5,20210309,094000,7.76,7.76,7.76,7.76,70,0
01C,5,20210309,094500,7.8,7.8,7.8,7.8,1,0
01C,5,20210309,095000,7.8,7.8,7.8,7.8,25,0
01C,5,20210309,100500,7.76,7.76,7.7,7.7,1000,0
01C,5,20210309,101000,7.76,7.76,7.76,7.76,1,0
01C,5,20210309,101500,7.76,7.76,7.76,7.76,99,0
01C,5,20210309,103000,7.76,7.8,7.76,7.8,102,0
01C,5,20210309,110500,7.8,7.82,7.8,7.82,210,0
01C,5,20210309,114500,7.81,7.81,7.81,7.81,400,0
01C,5,20210309,115500,7.82,7.84,7.82,7.84,100,0
01C,5,20210309,123000,7.84,7.84,7.84,7.84,255,0
01C,5,20210309,132500,7.72,7.72,7.72,7.72,371,0
01C,5,20210309,133000,7.7,7.7,7.7,7.7,3001,0
01C,5,20210309,143500,7.8,7.8,7.8,7.8,50,0
01C,5,20210309,145000,7.8,7.8,7.8,7.8,3,0
01C,5,20210309,152000,7.7,7.7,7.52,7.52,1974,0
01C,5,20210309,152500,7.52,7.52,7.5,7.5,272,0
01C,5,20210309,153000,7.5,7.5,7.45,7.5,794,0
01C,5,20210309,153500,7.5,7.5,7.45,7.45,2228,0
01C,5,20210309,155000,7.8,7.83,7.8,7.83,600,0
01C,5,20210309,160500,7.52,7.52,7.52,7.52,62,0
01C,5,20210309,164500,7.8,7.8,7.8,7.8,50,0
01C,5,20210309,165500,7.8,7.8,7.8,7.8,50,0
01C,5,20210310,091500,7.57,7.57,7.57,7.57,1,0
01C,5,20210310,092000,7.8,7.8,7.8,7.8,150,0
01C,5,20210310,094500,7.78,7.78,7.78,7.78,750,0
01C,5,20210310,101500,7.6,7.6,7.56,7.56,600,0
01C,5,20210310,113500,7.79,7.79,7.79,7.79,500,0
01C,5,20210310,120000,7.7,7.7,7.7,7.7,710,0
01C,5,20210310,121000,7.7,7.7,7.7,7.7,314,0
01C,5,20210310,130500,7.8,7.86,7.8,7.86,971,0
01C,5,20210310,131000,7.86,7.87,7.86,7.86,742,0
01C,5,20210310,131500,7.87,7.9,7.87,7.9,27,0
01C,5,20210310,132500,7.9,7.9,7.9,7.9,855,0
01C,5,20210310,134000,7.92,7.92,7.92,7.92,70,0
01C,5,20210310,145500,7.77,7.77,7.72,7.72,501,0
01C,5,20210310,151000,7.9,7.9,7.9,7.9,65,0
01C,5,20210310,153500,7.9,7.9,7.9,7.9,15,0
01C,5,20210310,163000,7.62,7.62,7.62,7.62,534,0
01C,5,20210311,090500,7.65,7.65,7.65,7.65,7,0
01C,5,20210311,091500,7.86,7.88,7.86,7.88,205,0
01C,5,20210311,093500,7.87,7.87,7.87,7.87,1055,0
01C,5,20210311,095000,7.87,7.87,7.87,7.87,70,0
01C,5,20210311,100000,7.66,7.66,7.66,7.66,189,0
01C,5,20210311,100500,7.66,7.66,7.66,7.66,31,0
01C,5,20210311,104500,7.87,7.87,7.87,7.87,1,0
01C,5,20210311,131000,7.7,7.7,7.7,7.7,80,0
01C,5,20210311,134500,7.7,7.7,7.7,7.7,90,0
01C,5,20210311,144000,7.78,7.78,7.78,7.78,11,0
01C,5,20210311,150500,7.78,7.78,7.78,7.78,300,0
01C,5,20210311,161500,7.78,7.78,7.78,7.78,70,0
01C,5,20210311,162000,7.78,7.78,7.78,7.78,130,0
01C,5,20210311,164500,7.7,7.87,7.7,7.87,383,0
01C,5,20210312,090000,7.79,7.79,7.79,7.79,70,0
01C,5,20210312,090500,7.7,7.7,7.7,7.7,750,0
01C,5,20210312,092500,7.8,8.4,7.8,8.4,18758,0
01C,5,20210312,093000,8.39,8.39,7.9,8.17,7574,0
01C,5,20210312,093500,8.1,8.2,8.1,8.15,3679,0
01C,5,20210312,094000,8.14,8.27,8.14,8.27,2324,0
01C,5,20210312,094500,8.25,8.25,8.19,8.24,1650,0
01C,5,20210312,095000,8.15,8.15,8,8,6942,0
01C,5,20210312,095500,7.97,8.07,7.97,8.02,1579,0
01C,5,20210312,100000,8.02,8.02,7.97,7.97,632,0
01C,5,20210312,100500,8,8.01,8,8.01,600,0
01C,5,20210312,101000,8.01,8.01,7.97,7.97,199,0
01C,5,20210312,102000,8.04,8.05,8.04,8.05,706,0
01C,5,20210312,102500,7.97,7.97,7.9,7.9,1200,0
01C,5,20210312,103000,8.05,8.05,8.05,8.05,153,0
01C,5,20210312,103500,8.05,8.05,8.05,8.05,280,0
01C,5,20210312,104000,7.95,7.95,7.95,7.95,120,0
01C,5,20210312,104500,8.05,8.1,8.05,8.1,555,0
01C,5,20210312,105000,8.1,8.1,8.1,8.1,230,0
01C,5,20210312,111500,8.09,8.1,8,8,2055,0
01C,5,20210312,112000,8,8,8,8,283,0
01C,5,20210312,114500,7.96,7.96,7.96,7.96,237,0
01C,5,20210312,115000,7.95,7.95,7.95,7.95,100,0
01C,5,20210312,115500,7.95,7.96,7.95,7.96,438,0
01C,5,20210312,121000,8,8,8,8,400,0
01C,5,20210312,134500,8,8.13,8,8.13,3564,0
01C,5,20210312,135000,8.13,8.13,8.13,8.13,50,0
01C,5,20210312,135500,8.01,8.01,7.93,7.93,2303,0
01C,5,20210312,140000,7.94,7.94,7.93,7.93,1417,0
01C,5,20210312,141500,7.99,7.99,7.99,7.99,494,0
01C,5,20210312,143000,7.99,7.99,7.9,7.9,135,0
01C,5,20210312,150000,7.99,8.08,7.99,8.08,1000,0
01C,5,20210312,150500,8.08,8.15,8.08,8.15,1000,0
01C,5,20210312,151500,8.13,8.15,8.13,8.15,1230,0
01C,5,20210312,160000,8.02,8.02,8,8,600,0
01C,5,20210312,160500,8,8,8,8,50,0
01C,5,20210312,163000,8,8,8,8,201,0
01C,5,20210312,164500,8,8,8,8,800,0
01C,5,20210315,090000,8.1,8.18,8.1,8.18,3000,0
01C,5,20210315,090500,8.17,8.17,7.82,7.82,1942,0
01C,5,20210315,091000,8.14,8.14,8.14,8.14,90,0
01C,5,20210315,094000,8.12,8.12,8.12,8.12,937,0
01C,5,20210315,094500,8.12,8.12,8.12,8.12,381,0
01C,5,20210315,095500,8.12,8.12,8.12,8.12,571,0
01C,5,20210315,100000,8.12,8.14,8.12,8.14,364,0
01C,5,20210315,100500,8.14,8.15,8.14,8.15,729,0
01C,5,20210315,101000,8.12,8.15,8.12,8.15,761,0
01C,5,20210315,101500,8.14,8.14,8.14,8.14,1500,0
01C,5,20210315,102000,8.14,8.15,8.14,8.15,1000,0
01C,5,20210315,115000,8.03,8.03,8.02,8.02,600,0
01C,5,20210315,121000,8.1,8.1,8.1,8.1,450,0
01C,5,20210315,135000,8.06,8.06,8.06,8.06,110,0
01C,5,20210315,143500,8.05,8.05,8.05,8.05,200,0
01C,5,20210315,145000,8.02,8.02,7.9,7.9,500,0
01C,5,20210315,151500,8.02,8.14,8.02,8.14,1000,0
01C,5,20210315,153000,7.91,7.91,7.9,7.9,300,0
01C,5,20210315,155000,7.9,7.9,7.9,7.9,131,0
01C,5,20210315,160000,7.88,7.88,7.86,7.86,1569,0
01C,5,20210315,161500,7.88,7.88,7.86,7.86,2508,0
01C,5,20210315,163000,7.85,7.85,7.85,7.85,510,0
01C,5,20210315,164500,8.05,8.05,8.05,8.05,50,0
01C,5,20210316,090000,8.1,8.1,8.1,8.1,25,0
01C,5,20210316,090500,8,8,8,8,100,0
01C,5,20210316,092000,8,8,8,8,200,0
01C,5,20210316,094000,7.96,7.96,7.96,7.96,150,0
01C,5,20210316,103500,7.96,7.96,7.95,7.95,350,0
01C,5,20210316,104500,7.96,7.96,7.96,7.96,63,0
01C,5,20210316,110000,7.9,7.9,7.84,7.84,1100,0
01C,5,20210316,110500,7.84,7.84,7.84,7.84,100,0
01C,5,20210316,111000,7.84,7.84,7.84,7.84,11,0
01C,5,20210316,113000,7.85,7.85,7.85,7.85,85,0
01C,5,20210316,120000,7.88,7.88,7.88,7.88,300,0
01C,5,20210316,121000,7.88,7.88,7.88,7.88,450,0
01C,5,20210316,121500,7.86,7.86,7.85,7.85,270,0
01C,5,20210316,122500,7.88,7.88,7.88,7.88,250,0
01C,5,20210316,130500,7.85,7.86,7.85,7.86,831,0
01C,5,20210316,141000,7.86,7.86,7.86,7.86,50,0
01C,5,20210316,143000,7.86,7.86,7.86,7.86,113,0
01C,5,20210316,144500,7.84,7.86,7.84,7.86,408,0
01C,5,20210316,150500,7.86,7.86,7.86,7.86,656,0
01C,5,20210316,151000,7.86,7.86,7.86,7.86,100,0
01C,5,20210316,152000,7.86,7.86,7.86,7.86,25,0
01C,5,20210316,153000,7.86,7.86,7.86,7.86,3577,0
01C,5,20210316,154500,7.86,7.98,7.86,7.98,230,0
01C,5,20210316,155000,7.98,7.98,7.98,7.98,200,0
01C,5,20210316,155500,7.98,7.98,7.98,7.98,65,0
01C,5,20210316,162500,7.87,7.87,7.8,7.8,1230,0
01C,5,20210316,163500,7.81,7.81,7.81,7.81,95,0
01C,5,20210317,090500,7.81,7.81,7.8,7.8,1000,0
01C,5,20210317,092000,7.8,7.8,7.8,7.8,110,0
01C,5,20210317,093000,7.85,7.85,7.72,7.72,71,0
01C,5,20210317,093500,7.72,7.75,7.72,7.75,347,0
01C,5,20210317,094500,7.75,7.8,7.75,7.8,135,0
01C,5,20210317,102500,7.74,7.74,7.74,7.74,170,0
01C,5,20210317,103000,7.72,7.72,7.71,7.71,1108,0
01C,5,20210317,104500,7.73,7.73,7.71,7.71,1298,0
01C,5,20210317,105000,7.7,7.7,7.7,7.7,48,0
01C,5,20210317,105500,7.71,7.71,7.7,7.7,200,0
01C,5,20210317,110500,7.7,7.78,7.7,7.78,4201,0
01C,5,20210317,111500,7.71,7.71,7.7,7.7,200,0
01C,5,20210317,112000,7.78,7.78,7.7,7.7,1854,0
01C,5,20210317,112500,7.7,7.7,7.69,7.69,300,0
01C,5,20210317,121000,7.7,7.7,7.7,7.7,1345,0
01C,5,20210317,121500,7.7,7.7,7.7,7.7,4999,0
01C,5,20210317,122500,7.7,7.7,7.7,7.7,400,0
01C,5,20210317,125500,7.72,7.72,7.7,7.7,1000,0
01C,5,20210317,130000,7.7,7.7,7.7,7.7,560,0
01C,5,20210317,130500,7.7,7.7,7.61,7.61,1150,0
01C,5,20210317,132000,7.62,7.62,7.62,7.62,400,0
01C,5,20210317,140500,7.62,7.62,7.61,7.61,529,0
01C,5,20210317,141000,7.6,7.6,7.6,7.6,949,0
01C,5,20210317,141500,7.6,7.6,7.6,7.6,334,0
01C,5,20210317,142000,7.6,7.6,7.51,7.51,200,0
01C,5,20210317,143000,7.66,7.66,7.66,7.66,200,0
01C,5,20210317,143500,7.51,7.51,7.51,7.51,400,0
01C,5,20210317,144500,7.52,7.52,7.51,7.51,400,0
01C,5,20210317,145000,7.51,7.51,7.51,7.51,56,0
01C,5,20210317,150000,7.51,7.51,7.51,7.51,595,0
01C,5,20210317,150500,7.69,7.69,7.69,7.69,10,0
01C,5,20210317,151000,7.51,7.51,7.5,7.5,1000,0
01C,5,20210317,152500,7.55,7.55,7.55,7.55,200,0
01C,5,20210317,153500,7.68,7.68,7.68,7.68,520,0
01C,5,20210317,154500,7.69,7.69,7.69,7.69,200,0
01C,5,20210317,160500,7.68,7.68,7.68,7.68,40,0
01C,5,20210317,164500,7.6,7.68,7.58,7.68,218,0
01C,5,20210318,093000,7.57,7.57,7.57,7.57,1,0
01C,5,20210318,095000,7.6,7.6,7.6,7.6,270,0
01C,5,20210318,101500,7.57,7.57,7.56,7.56,333,0
01C,5,20210318,102500,7.54,7.54,7.54,7.54,301,0
01C,5,20210318,103000,7.54,7.54,7.53,7.53,15,0
01C,5,20210318,103500,7.56,7.64,7.56,7.64,172,0
01C,5,20210318,104000,7.6,7.6,7.6,7.6,58,0
01C,5,20210318,105500,7.6,7.6,7.6,7.6,242,0
01C,5,20210318,111000,7.6,7.97,7.6,7.9,12171,0
01C,5,20210318,111500,7.71,7.8,7.7,7.79,2339,0
01C,5,20210318,112000,7.7,7.7,7.7,7.7,250,0
01C,5,20210318,112500,7.7,7.7,7.7,7.7,1000,0
01C,5,20210318,113000,7.69,7.69,7.53,7.53,573,0
01C,5,20210318,113500,7.53,7.53,7.51,7.51,307,0
01C,5,20210318,114000,7.6,7.6,7.6,7.6,346,0
01C,5,20210318,114500,7.71,7.71,7.5,7.5,2300,0
01C,5,20210318,115000,7.69,7.69,7.69,7.69,500,0
01C,5,20210318,120000,7.58,7.72,7.5,7.72,4037,0
01C,5,20210318,120500,7.72,7.89,7.56,7.56,3363,0
01C,5,20210318,121000,7.76,7.94,7.76,7.94,2900,0
01C,5,20210318,121500,7.94,8,7.94,7.98,15352,0
01C,5,20210318,122000,8,8,7.99,7.99,310,0
01C,5,20210318,122500,7.98,8,7.98,7.98,4230,0
01C,5,20210318,123000,7.98,8.01,7.98,8.01,2696,0
01C,5,20210318,123500,8,8,7.95,7.95,1301,0
01C,5,20210318,124500,7.95,7.95,7.95,7.95,1707,0
01C,5,20210318,125000,8.05,8.05,7.95,7.95,279,0
01C,5,20210318,125500,7.95,7.95,7.8,7.8,1300,0
01C,5,20210318,130500,8.02,8.02,8.02,8.02,50,0
01C,5,20210318,133000,7.84,7.84,7.84,7.84,70,0
01C,5,20210318,133500,7.81,7.81,7.81,7.81,1,0
01C,5,20210318,143000,7.98,7.98,7.98,7.98,29,0
01C,5,20210318,151000,7.9,7.95,7.9,7.9,500,0
01C,5,20210318,153000,7.85,7.85,7.85,7.85,553,0
01C,5,20210318,155500,7.9,7.9,7.9,7.9,203,0
01C,5,20210318,160500,7.81,7.81,7.8,7.8,412,0
01C,5,20210318,163000,7.75,7.75,7.75,7.75,1,0
01C,5,20210318,163500,7.85,7.85,7.85,7.85,50,0
01C,5,20210318,164000,7.85,7.85,7.85,7.85,51,0
01C,5,20210318,164500,7.9,7.9,7.9,7.9,50,0
01C,5,20210319,090000,8,8,8,8,700,0
01C,5,20210319,090500,7.95,8,7.95,8,633,0
01C,5,20210319,091000,7.9,7.9,7.88,7.88,75,0
01C,5,20210319,092000,7.88,7.88,7.77,7.77,238,0
01C,5,20210319,092500,7.76,7.76,7.76,7.76,62,0
01C,5,20210319,093000,7.76,7.76,7.76,7.76,32,0
01C,5,20210319,095000,7.8,7.8,7.76,7.76,100,0
01C,5,20210319,101000,7.76,7.76,7.76,7.76,100,0
01C,5,20210319,104000,7.8,7.8,7.8,7.8,250,0
01C,5,20210319,104500,7.9,7.9,7.9,7.9,150,0
01C,5,20210319,112000,7.76,7.76,7.76,7.76,100,0
01C,5,20210319,113000,7.76,7.76,7.76,7.76,40,0
01C,5,20210319,115500,7.8,7.9,7.8,7.9,120,0
01C,5,20210319,123000,7.76,7.76,7.72,7.72,1431,0
01C,5,20210319,123500,7.64,7.64,7.61,7.61,513,0
01C,5,20210319,124000,7.6,7.6,7.6,7.6,1,0
01C,5,20210319,125000,7.61,7.61,7.6,7.6,571,0
01C,5,20210319,125500,7.6,7.6,7.6,7.6,479,0
01C,5,20210319,130000,7.64,7.64,7.64,7.64,1,0
01C,5,20210319,131000,7.87,7.87,7.87,7.87,15,0
01C,5,20210319,133500,7.87,7.88,7.87,7.88,100,0
01C,5,20210319,140500,7.88,7.88,7.88,7.88,100,0
01C,5,20210319,142500,7.77,7.77,7.77,7.77,64,0
01C,5,20210319,143000,7.7,7.7,7.7,7.7,336,0
01C,5,20210319,143500,7.62,7.62,7.62,7.62,200,0
01C,5,20210319,155500,7.7,7.7,7.7,7.7,200,0
01C,5,20210319,161000,7.84,7.84,7.84,7.84,1,0
01C,5,20210319,164000,7.65,7.65,7.63,7.63,800,0
01C,5,20210319,164500,7.77,7.77,7.77,7.77,50,0
01C,5,20210322,090000,7.93,7.93,7.77,7.77,1101,0
01C,5,20210322,090500,7.92,7.94,7.92,7.94,250,0
01C,5,20210322,092000,7.77,7.77,7.77,7.77,1100,0
01C,5,20210322,093500,7.77,7.77,7.5,7.5,3000,0
01C,5,20210322,095000,7.88,7.88,7.88,7.88,7,0
01C,5,20210322,105000,7.83,7.83,7.83,7.83,700,0
01C,5,20210322,105500,7.83,7.83,7.83,7.83,50,0
01C,5,20210322,110000,7.83,7.83,7.83,7.83,50,0
01C,5,20210322,113500,7.83,7.86,7.83,7.85,1229,0
01C,5,20210322,115000,7.85,7.85,7.85,7.85,283,0
01C,5,20210322,133500,7.71,7.71,7.71,7.71,140,0
01C,5,20210322,134500,7.83,7.83,7.83,7.83,42,0
01C,5,20210322,135500,7.71,7.71,7.7,7.7,100,0
01C,5,20210322,140500,7.83,7.83,7.83,7.83,70,0
01C,5,20210322,153000,7.71,7.71,7.71,7.71,200,0
01C,5,20210322,161500,7.71,7.71,7.7,7.7,160,0
01C,5,20210322,163000,7.7,7.7,7.7,7.7,18,0
01C,5,20210322,163500,7.68,7.68,7.68,7.68,200,0
01C,5,20210322,164000,7.7,7.7,7.7,7.7,1200,0
01C,5,20210322,164500,7.7,7.87,7.7,7.87,1384,0
01C,5,20210323,090000,7.87,7.88,7.87,7.88,628,0
01C,5,20210323,090500,7.87,7.87,7.68,7.68,523,0
01C,5,20210323,092500,7.87,7.87,7.87,7.87,5,0
01C,5,20210323,093500,7.8,7.8,7.8,7.8,400,0
01C,5,20210323,094500,7.86,7.87,7.86,7.87,1245,0
01C,5,20210323,095000,7.7,7.7,7.7,7.7,1,0
01C,5,20210323,100500,7.87,7.87,7.87,7.87,400,0
01C,5,20210323,102000,7.88,7.9,7.88,7.9,704,0
01C,5,20210323,102500,7.9,7.9,7.9,7.9,1100,0
01C,5,20210323,104000,7.9,7.9,7.9,7.9,463,0
01C,5,20210323,112500,7.84,7.84,7.84,7.84,399,0
01C,5,20210323,114000,7.84,7.84,7.84,7.84,460,0
01C,5,20210323,115000,7.82,7.82,7.82,7.82,29,0
01C,5,20210323,122500,7.82,7.82,7.82,7.82,47,0
01C,5,20210323,124000,7.91,7.93,7.91,7.93,695,0
01C,5,20210323,134000,7.9,7.9,7.9,7.9,800,0
01C,5,20210323,134500,7.94,8.02,7.94,8.02,3500,0
01C,5,20210323,135000,7.96,8.02,7.96,8.02,1010,0
01C,5,20210323,135500,7.94,7.94,7.94,7.94,999,0
01C,5,20210323,140500,7.94,7.94,7.94,7.94,700,0
01C,5,20210323,143000,8,8,8,8,728,0
01C,5,20210323,143500,8.02,8.02,8.02,8.02,727,0
01C,5,20210323,144500,7.96,7.96,7.96,7.96,300,0
01C,5,20210323,145000,7.96,7.96,7.96,7.96,226,0
01C,5,20210323,153500,7.96,7.96,7.84,7.84,334,0
01C,5,20210323,154000,8,8,8,8,636,0
01C,5,20210323,155500,8,8,8,8,342,0
01C,5,20210323,161000,8,8.03,8,8.03,1363,0
01C,5,20210323,161500,8,8,8,8,521,0
01C,5,20210323,164500,8,8,8,8,100,0
01C,5,20210323,165500,8,8,8,8,100,0
01C,5,20210324,090000,8,8,7.79,7.79,23,0
01C,5,20210324,103000,7.99,7.99,7.99,7.99,9,0
01C,5,20210324,120500,7.94,8,7.79,7.79,2572,0
01C,5,20210324,122500,7.79,7.79,7.77,7.77,500,0
01C,5,20210324,130500,7.8,7.8,7.8,7.8,83,0
01C,5,20210324,143500,7.8,7.8,7.8,7.8,595,0
01C,5,20210324,144000,7.72,7.72,7.72,7.72,167,0
01C,5,20210324,164000,7.8,7.8,7.8,7.8,25,0
01C,5,20210325,090500,7.72,7.72,7.72,7.72,50,0
01C,5,20210325,091500,7.89,7.89,7.89,7.89,25,0
01C,5,20210325,095500,7.72,7.72,7.72,7.72,5,0
01C,5,20210325,100500,7.73,7.73,7.73,7.73,1,0
01C,5,20210325,104500,7.75,7.75,7.75,7.75,100,0
01C,5,20210325,110000,7.75,7.75,7.75,7.75,109,0
01C,5,20210325,111000,7.72,7.72,7.72,7.72,150,0
01C,5,20210325,115500,7.72,7.72,7.72,7.72,1,0
01C,5,20210325,121000,7.75,7.89,7.75,7.89,30,0
01C,5,20210325,121500,7.72,7.72,7.72,7.72,1,0
01C,5,20210325,122500,7.72,7.72,7.7,7.7,112,0
01C,5,20210325,123000,7.7,7.7,7.68,7.7,751,0
01C,5,20210325,124000,7.7,7.84,7.68,7.68,386,0
01C,5,20210325,125500,7.84,7.84,7.84,7.84,2,0
01C,5,20210325,132500,7.69,7.69,7.69,7.69,200,0
01C,5,20210325,133000,7.69,7.69,7.69,7.69,30,0
01C,5,20210325,142500,7.84,7.99,7.84,7.99,2047,0
01C,5,20210325,143000,8,8,7.98,7.98,3050,0
01C,5,20210325,143500,7.99,8,7.98,7.98,768,0
01C,5,20210325,151000,7.98,7.98,7.98,7.98,259,0
01C,5,20210325,153500,7.9,7.9,7.9,7.9,800,0
01C,5,20210325,161000,7.98,7.98,7.98,7.98,25,0
01C,5,20210325,161500,7.8,7.8,7.8,7.8,124,0
01C,5,20210325,163000,7.72,7.72,7.72,7.72,1,0
01C,5,20210325,164500,7.72,7.98,7.72,7.98,604,0
01C,5,20210325,165500,7.98,7.98,7.98,7.98,100,0
01C,5,20210326,090000,8.1,8.1,8.1,8.1,1000,0
01C,5,20210326,090500,7.75,7.75,7.75,7.75,1,0
01C,5,20210326,093000,8.06,8.06,8.06,8.06,25,0
01C,5,20210326,103500,8.02,8.02,8.02,8.02,12,0
01C,5,20210326,111000,8.02,8.08,8.02,8.08,1000,0
01C,5,20210326,113500,7.79,7.79,7.79,7.79,1,0
01C,5,20210326,114500,7.82,7.82,7.81,7.81,1000,0
01C,5,20210326,125500,8.05,8.05,8.05,8.05,150,0
01C,5,20210326,130000,7.81,7.81,7.81,7.81,1,0
01C,5,20210326,130500,8.05,8.05,8.05,8.05,20,0
01C,5,20210326,144500,7.81,7.81,7.81,7.81,1,0
01C,5,20210326,152500,8,8,8,8,10,0
01C,5,20210326,155500,7.9,7.9,7.9,7.9,61,0
01C,5,20210326,163500,7.9,7.9,7.8,7.8,1911,0
01C,5,20210326,164000,7.8,7.8,7.8,7.8,381,0
01C,5,20210326,164500,8,8.06,8,8.06,502,0
