<TICKER>,<PER>,<DATE>,<TIME>,<OPEN>,<HIGH>,<LOW>,<CLOSE>,<VOL>,<OPENINT>
ACA,5,20210204,093500,0.44,0.44,0.44,0.44,780,0
ACA,5,20210204,144500,0.43,0.43,0.412,0.412,12259,0
ACA,5,20210204,160500,0.412,0.412,0.412,0.412,1631,0
ACA,5,20210205,090000,0.406,0.406,0.406,0.406,4826,0
ACA,5,20210205,092000,0.41,0.41,0.41,0.41,780,0
ACA,5,20210205,123000,0.424,0.424,0.424,0.424,1706,0
ACA,5,20210205,124500,0.424,0.424,0.424,0.424,4626,0
ACA,5,20210205,130000,0.424,0.424,0.424,0.424,200,0
ACA,5,20210205,131000,0.426,0.426,0.426,0.426,500,0
ACA,5,20210205,134500,0.436,0.436,0.436,0.436,250,0
ACA,5,20210205,150500,0.434,0.434,0.434,0.434,1607,0
ACA,5,20210205,154500,0.434,0.434,0.43,0.43,3809,0
ACA,5,20210205,164500,0.436,0.44,0.436,0.44,19800,0
ACA,5,20210208,090000,0.444,0.452,0.444,0.452,2000,0
ACA,5,20210208,090500,0.452,0.452,0.452,0.452,12425,0
ACA,5,20210208,091000,0.452,0.452,0.452,0.452,2323,0
ACA,5,20210208,091500,0.452,0.458,0.452,0.458,2252,0
ACA,5,20210208,093500,0.44,0.44,0.44,0.44,5050,0
ACA,5,20210208,095500,0.458,0.458,0.458,0.458,100,0
ACA,5,20210208,100000,0.458,0.47,0.458,0.47,2450,0
ACA,5,20210208,105000,0.442,0.442,0.442,0.442,1000,0
ACA,5,20210208,144000,0.442,0.442,0.442,0.442,1500,0
ACA,5,20210208,164000,0.464,0.468,0.464,0.468,6444,0
ACA,5,20210208,164500,0.468,0.468,0.46,0.46,29656,0
ACA,5,20210209,090000,0.468,0.468,0.468,0.468,2400,0
ACA,5,20210209,091000,0.468,0.47,0.468,0.47,8129,0
ACA,5,20210209,095000,0.47,0.47,0.47,0.47,1871,0
ACA,5,20210209,095500,0.47,0.47,0.47,0.47,10000,0
ACA,5,20210209,101000,0.47,0.48,0.47,0.48,43755,0
ACA,5,20210209,101500,0.484,0.49,0.484,0.49,4499,0
ACA,5,20210209,103000,0.48,0.48,0.48,0.48,6161,0
ACA,5,20210209,103500,0.478,0.478,0.478,0.478,4166,0
ACA,5,20210209,104500,0.478,0.478,0.478,0.478,9834,0
ACA,5,20210209,111500,0.486,0.486,0.486,0.486,150,0
ACA,5,20210209,113500,0.486,0.486,0.486,0.486,5016,0
ACA,5,20210209,115000,0.476,0.476,0.476,0.476,931,0
ACA,5,20210209,121500,0.476,0.476,0.476,0.476,1000,0
ACA,5,20210209,125500,0.486,0.49,0.474,0.474,41827,0
ACA,5,20210209,141500,0.49,0.49,0.49,0.49,2000,0
ACA,5,20210209,142500,0.49,0.49,0.49,0.49,6027,0
ACA,5,20210209,143500,0.494,0.496,0.494,0.496,2500,0
ACA,5,20210209,162500,0.484,0.484,0.484,0.484,5000,0
ACA,5,20210209,164000,0.492,0.496,0.492,0.496,5000,0
ACA,5,20210209,164500,0.482,0.5,0.482,0.5,12300,0
ACA,5,20210210,090000,0.535,0.54,0.535,0.54,50000,0
ACA,5,20210210,090500,0.53,0.53,0.53,0.53,4850,0
ACA,5,20210210,093500,0.53,0.535,0.53,0.535,1000,0
ACA,5,20210210,094500,0.53,0.535,0.53,0.535,9600,0
ACA,5,20210210,102000,0.52,0.52,0.52,0.52,1100,0
ACA,5,20210210,111500,0.52,0.52,0.52,0.52,2247,0
ACA,5,20210210,115500,0.52,0.52,0.52,0.52,85,0
ACA,5,20210210,120000,0.52,0.52,0.52,0.52,1768,0
ACA,5,20210210,134000,0.525,0.545,0.525,0.545,53178,0
ACA,5,20210210,134500,0.545,0.57,0.545,0.57,58703,0
ACA,5,20210210,141500,0.57,0.57,0.57,0.57,6100,0
ACA,5,20210210,143000,0.565,0.57,0.565,0.57,2000,0
ACA,5,20210210,144000,0.57,0.57,0.57,0.57,2700,0
ACA,5,20210210,145000,0.57,0.57,0.57,0.57,1572,0
ACA,5,20210210,145500,0.55,0.55,0.525,0.55,4055,0
ACA,5,20210210,150000,0.525,0.64,0.525,0.64,221610,0
ACA,5,20210210,152000,0.65,0.7,0.645,0.665,146239,0
ACA,5,20210210,152500,0.67,0.67,0.64,0.645,62983,0
ACA,5,20210210,153000,0.645,0.67,0.645,0.67,20079,0
ACA,5,20210210,153500,0.67,0.67,0.65,0.655,29078,0
ACA,5,20210210,154000,0.66,0.66,0.6,0.6,64018,0
ACA,5,20210210,154500,0.58,0.6,0.575,0.575,18987,0
ACA,5,20210210,155000,0.6,0.6,0.55,0.55,151303,0
ACA,5,20210210,155500,0.56,0.585,0.55,0.585,23354,0
ACA,5,20210210,160000,0.585,0.595,0.585,0.595,11692,0
ACA,5,20210210,160500,0.575,0.575,0.575,0.575,3238,0
ACA,5,20210210,161000,0.6,0.6,0.6,0.6,737,0
ACA,5,20210210,161500,0.6,0.6,0.58,0.58,21771,0
ACA,5,20210210,162000,0.575,0.58,0.575,0.58,40310,0
ACA,5,20210210,162500,0.58,0.58,0.58,0.58,13519,0
ACA,5,20210210,163000,0.58,0.58,0.58,0.58,11105,0
ACA,5,20210210,164000,0.585,0.585,0.585,0.585,4109,0
ACA,5,20210210,164500,0.59,0.6,0.59,0.59,33554,0
ACA,5,20210211,090000,0.6,0.62,0.6,0.6,39160,0
ACA,5,20210211,090500,0.615,0.62,0.615,0.615,4173,0
ACA,5,20210211,091500,0.615,0.62,0.61,0.62,17500,0
ACA,5,20210211,092000,0.62,0.62,0.615,0.615,1020,0
ACA,5,20210211,092500,0.615,0.645,0.615,0.645,7015,0
ACA,5,20210211,093000,0.645,0.645,0.615,0.615,1547,0
ACA,5,20210211,093500,0.615,0.615,0.61,0.61,15414,0
ACA,5,20210211,094500,0.635,0.635,0.62,0.62,5200,0
ACA,5,20210211,095000,0.625,0.64,0.625,0.64,7238,0
ACA,5,20210211,095500,0.63,0.63,0.63,0.63,13000,0
ACA,5,20210211,100000,0.64,0.64,0.64,0.64,1717,0
ACA,5,20210211,100500,0.64,0.645,0.64,0.645,11714,0
ACA,5,20210211,101000,0.645,0.645,0.645,0.645,215,0
ACA,5,20210211,101500,0.645,0.645,0.645,0.645,3345,0
ACA,5,20210211,102000,0.645,0.65,0.635,0.635,16812,0
ACA,5,20210211,102500,0.645,0.66,0.645,0.66,12982,0
ACA,5,20210211,103000,0.66,0.665,0.66,0.66,11100,0
ACA,5,20210211,103500,0.66,0.66,0.66,0.66,1500,0
ACA,5,20210211,105000,0.66,0.66,0.66,0.66,140,0
ACA,5,20210211,110000,0.65,0.66,0.65,0.66,7014,0
ACA,5,20210211,111000,0.65,0.65,0.65,0.65,1500,0
ACA,5,20210211,111500,0.645,0.645,0.635,0.635,32517,0
ACA,5,20210211,113000,0.635,0.635,0.635,0.635,1648,0
ACA,5,20210211,114000,0.635,0.635,0.635,0.635,350,0
ACA,5,20210211,120000,0.635,0.635,0.63,0.63,30971,0
ACA,5,20210211,120500,0.63,0.63,0.625,0.625,3879,0
ACA,5,20210211,121000,0.62,0.62,0.62,0.62,4000,0
ACA,5,20210211,121500,0.62,0.62,0.62,0.62,1735,0
ACA,5,20210211,122500,0.62,0.62,0.62,0.62,6226,0
ACA,5,20210211,123000,0.62,0.62,0.62,0.62,7332,0
ACA,5,20210211,123500,0.62,0.62,0.62,0.62,3635,0
ACA,5,20210211,124000,0.625,0.625,0.625,0.625,2000,0
ACA,5,20210211,125500,0.62,0.62,0.615,0.615,5000,0
ACA,5,20210211,130000,0.615,0.615,0.615,0.615,72,0
ACA,5,20210211,130500,0.61,0.61,0.605,0.605,13953,0
ACA,5,20210211,131000,0.6,0.6,0.6,0.6,500,0
ACA,5,20210211,131500,0.58,0.59,0.565,0.565,4110,0
ACA,5,20210211,132500,0.565,0.565,0.56,0.56,300,0
ACA,5,20210211,133000,0.56,0.56,0.56,0.56,3510,0
ACA,5,20210211,133500,0.56,0.56,0.56,0.56,10000,0
ACA,5,20210211,135000,0.56,0.56,0.555,0.555,4497,0
ACA,5,20210211,140000,0.555,0.555,0.55,0.55,10228,0
ACA,5,20210211,141000,0.555,0.555,0.55,0.55,10285,0
ACA,5,20210211,141500,0.55,0.565,0.55,0.565,3200,0
ACA,5,20210211,142500,0.57,0.575,0.57,0.575,1000,0
ACA,5,20210211,143000,0.58,0.58,0.575,0.575,5334,0
ACA,5,20210211,145500,0.565,0.565,0.55,0.55,9765,0
ACA,5,20210211,151000,0.55,0.55,0.55,0.55,1500,0
ACA,5,20210211,152500,0.55,0.58,0.55,0.58,750,0
ACA,5,20210212,093500,0.55,0.55,0.55,0.55,100,0
ACA,5,20210212,105500,0.525,0.525,0.52,0.52,6400,0
ACA,5,20210212,112000,0.52,0.52,0.52,0.52,6300,0
ACA,5,20210212,114000,0.52,0.52,0.52,0.52,4691,0
ACA,5,20210212,120500,0.52,0.52,0.52,0.52,5400,0
ACA,5,20210212,134500,0.54,0.55,0.54,0.55,3250,0
ACA,5,20210212,152000,0.53,0.53,0.52,0.52,8000,0
ACA,5,20210212,160500,0.535,0.535,0.535,0.535,1380,0
ACA,5,20210212,161000,0.535,0.535,0.535,0.535,2620,0
ACA,5,20210212,164500,0.535,0.535,0.535,0.535,5000,0
ACA,5,20210215,090000,0.535,0.54,0.535,0.54,9080,0
ACA,5,20210215,090500,0.535,0.535,0.535,0.535,3000,0
ACA,5,20210215,091000,0.54,0.54,0.54,0.54,3500,0
ACA,5,20210215,092000,0.535,0.535,0.53,0.53,5000,0
ACA,5,20210215,094500,0.535,0.535,0.535,0.535,6671,0
ACA,5,20210215,095000,0.535,0.535,0.535,0.535,2000,0
ACA,5,20210215,095500,0.535,0.535,0.535,0.535,3600,0
ACA,5,20210215,100500,0.535,0.535,0.535,0.535,300,0
ACA,5,20210215,101000,0.54,0.54,0.54,0.54,31524,0
ACA,5,20210215,101500,0.535,0.535,0.535,0.535,5000,0
ACA,5,20210215,113500,0.535,0.535,0.535,0.535,8335,0
ACA,5,20210215,114500,0.535,0.535,0.535,0.535,940,0
ACA,5,20210215,121500,0.54,0.54,0.54,0.54,2000,0
ACA,5,20210215,124000,0.54,0.54,0.54,0.54,80,0
ACA,5,20210215,132500,0.54,0.54,0.54,0.54,399,0
ACA,5,20210215,133500,0.55,0.55,0.55,0.55,8155,0
ACA,5,20210215,134500,0.55,0.55,0.55,0.55,19651,0
ACA,5,20210215,135000,0.555,0.585,0.555,0.585,4849,0
ACA,5,20210215,135500,0.585,0.64,0.585,0.59,15400,0
ACA,5,20210215,140000,0.61,0.61,0.61,0.61,200,0
ACA,5,20210215,140500,0.61,0.64,0.61,0.64,3000,0
ACA,5,20210215,143000,0.58,0.58,0.58,0.58,740,0
ACA,5,20210215,145500,0.58,0.58,0.58,0.58,1630,0
ACA,5,20210215,150000,0.58,0.58,0.58,0.58,1500,0
ACA,5,20210215,151000,0.57,0.57,0.57,0.57,1200,0
ACA,5,20210215,152500,0.58,0.59,0.58,0.59,7670,0
ACA,5,20210215,153500,0.59,0.59,0.59,0.59,800,0
ACA,5,20210215,155000,0.59,0.59,0.59,0.59,1000,0
ACA,5,20210215,163500,0.59,0.59,0.59,0.59,530,0
ACA,5,20210215,164000,0.575,0.575,0.575,0.575,2000,0
ACA,5,20210215,164500,0.58,0.6,0.58,0.6,1500,0
ACA,5,20210216,090000,0.605,0.635,0.605,0.635,50300,0
ACA,5,20210216,091000,0.625,0.625,0.625,0.625,1000,0
ACA,5,20210216,093000,0.615,0.615,0.615,0.615,300,0
ACA,5,20210216,094000,0.61,0.61,0.61,0.61,1500,0
ACA,5,20210216,095500,0.59,0.59,0.59,0.59,150,0
ACA,5,20210216,102500,0.595,0.595,0.595,0.595,430,0
ACA,5,20210216,105500,0.595,0.595,0.59,0.59,200,0
ACA,5,20210216,113000,0.615,0.62,0.575,0.575,13100,0
ACA,5,20210216,130500,0.575,0.575,0.575,0.575,3000,0
ACA,5,20210216,133000,0.575,0.575,0.575,0.575,1598,0
ACA,5,20210216,135000,0.61,0.62,0.61,0.62,2250,0
ACA,5,20210216,160500,0.585,0.585,0.585,0.585,2657,0
ACA,5,20210216,161000,0.615,0.62,0.615,0.62,1250,0
ACA,5,20210216,162500,0.59,0.59,0.59,0.59,2000,0
ACA,5,20210216,164500,0.605,0.62,0.605,0.62,4592,0
ACA,5,20210217,090000,0.63,0.65,0.63,0.65,6950,0
ACA,5,20210217,090500,0.6,0.6,0.6,0.6,1570,0
ACA,5,20210217,091000,0.6,0.6,0.6,0.6,3750,0
ACA,5,20210217,091500,0.64,0.64,0.64,0.64,100,0
ACA,5,20210217,114500,0.61,0.63,0.61,0.63,9500,0
ACA,5,20210217,132000,0.6,0.6,0.6,0.6,1000,0
ACA,5,20210217,140000,0.6,0.63,0.6,0.63,9120,0
ACA,5,20210217,150500,0.595,0.595,0.595,0.595,1000,0
ACA,5,20210217,151500,0.59,0.59,0.59,0.59,3222,0
ACA,5,20210217,153500,0.615,0.62,0.615,0.62,1250,0
ACA,5,20210218,092500,0.615,0.615,0.615,0.615,800,0
ACA,5,20210218,101000,0.615,0.615,0.615,0.615,1900,0
ACA,5,20210218,101500,0.59,0.59,0.59,0.59,521,0
ACA,5,20210218,104000,0.59,0.59,0.59,0.59,1119,0
ACA,5,20210218,140000,0.61,0.615,0.61,0.615,1100,0
ACA,5,20210219,091500,0.6,0.6,0.6,0.6,600,0
ACA,5,20210219,121000,0.58,0.58,0.575,0.575,1269,0
ACA,5,20210219,124000,0.575,0.575,0.56,0.56,1549,0
ACA,5,20210219,125000,0.56,0.56,0.56,0.56,3000,0
ACA,5,20210219,132000,0.57,0.57,0.57,0.57,1126,0
ACA,5,20210219,151000,0.58,0.59,0.58,0.59,5400,0
ACA,5,20210219,162000,0.59,0.61,0.59,0.61,12650,0
ACA,5,20210222,090000,0.58,0.645,0.58,0.64,23250,0
ACA,5,20210222,090500,0.645,0.65,0.645,0.65,79000,0
ACA,5,20210222,091000,0.645,0.645,0.645,0.645,2000,0
ACA,5,20210222,092500,0.6,0.6,0.6,0.6,500,0
ACA,5,20210222,094500,0.62,0.64,0.62,0.64,10932,0
ACA,5,20210222,101500,0.635,0.635,0.635,0.635,3937,0
ACA,5,20210222,104000,0.635,0.635,0.635,0.635,2531,0
ACA,5,20210222,105000,0.615,0.615,0.615,0.615,1000,0
ACA,5,20210222,105500,0.64,0.64,0.64,0.64,500,0
ACA,5,20210222,131500,0.62,0.62,0.61,0.61,14500,0
ACA,5,20210222,132000,0.61,0.61,0.6,0.6,22000,0
ACA,5,20210222,134000,0.625,0.64,0.625,0.64,5750,0
ACA,5,20210223,090500,0.63,0.65,0.63,0.65,5000,0
ACA,5,20210223,095000,0.64,0.64,0.64,0.64,2710,0
ACA,5,20210223,105000,0.615,0.615,0.615,0.615,33,0
ACA,5,20210223,110500,0.615,0.615,0.615,0.615,500,0
ACA,5,20210223,120000,0.615,0.615,0.615,0.615,467,0
ACA,5,20210223,124000,0.625,0.63,0.625,0.63,1250,0
ACA,5,20210224,090000,0.65,0.65,0.65,0.65,1250,0
ACA,5,20210224,091500,0.64,0.64,0.64,0.64,3000,0
ACA,5,20210224,092000,0.64,0.65,0.64,0.65,800,0
ACA,5,20210224,110500,0.645,0.645,0.645,0.645,6,0
ACA,5,20210225,100000,0.615,0.615,0.6,0.6,9500,0
ACA,5,20210225,101500,0.625,0.63,0.625,0.63,1050,0
ACA,5,20210225,123000,0.62,0.62,0.62,0.62,570,0
ACA,5,20210225,155000,0.62,0.64,0.62,0.64,6468,0
ACA,5,20210225,155500,0.64,0.64,0.64,0.64,2000,0
ACA,5,20210225,160000,0.64,0.645,0.64,0.645,600,0
ACA,5,20210225,161000,0.635,0.635,0.63,0.63,3570,0
ACA,5,20210225,161500,0.645,0.645,0.645,0.645,4972,0
ACA,5,20210225,162000,0.65,0.65,0.65,0.65,11800,0
ACA,5,20210225,162500,0.65,0.66,0.65,0.66,6390,0
ACA,5,20210225,163500,0.655,0.66,0.655,0.66,2647,0
ACA,5,20210225,164000,0.66,0.66,0.66,0.66,2000,0
ACA,5,20210225,164500,0.65,0.66,0.65,0.66,11000,0
ACA,5,20210226,090000,0.65,0.66,0.65,0.66,2500,0
ACA,5,20210226,110500,0.64,0.64,0.64,0.64,585,0
ACA,5,20210226,112000,0.64,0.64,0.62,0.62,25000,0
ACA,5,20210226,113000,0.65,0.65,0.65,0.65,1000,0
ACA,5,20210226,133000,0.65,0.66,0.64,0.64,21001,0
ACA,5,20210226,133500,0.66,0.67,0.625,0.625,15354,0
ACA,5,20210226,134000,0.625,0.625,0.6,0.6,7150,0
ACA,5,20210226,135500,0.62,0.625,0.62,0.625,2500,0
ACA,5,20210226,140000,0.6,0.6,0.59,0.59,5000,0
ACA,5,20210226,140500,0.625,0.625,0.625,0.625,500,0
ACA,5,20210226,143000,0.625,0.63,0.625,0.63,9350,0
ACA,5,20210226,143500,0.625,0.625,0.625,0.625,438,0
ACA,5,20210226,152000,0.625,0.625,0.625,0.625,140,0
ACA,5,20210226,153000,0.6,0.6,0.6,0.6,468,0
ACA,5,20210226,153500,0.625,0.63,0.625,0.63,500,0
ACA,5,20210301,090000,0.625,0.67,0.625,0.67,4400,0
ACA,5,20210301,090500,0.665,0.67,0.665,0.67,750,0
ACA,5,20210301,092000,0.67,0.67,0.67,0.67,10000,0
ACA,5,20210301,093500,0.67,0.68,0.67,0.68,2000,0
ACA,5,20210301,095000,0.675,0.675,0.675,0.675,150,0
ACA,5,20210301,104500,0.67,0.67,0.67,0.67,1111,0
ACA,5,20210301,113000,0.675,0.675,0.675,0.675,6063,0
ACA,5,20210301,114000,0.675,0.675,0.675,0.675,937,0
ACA,5,20210301,114500,0.68,0.68,0.67,0.67,1470,0
ACA,5,20210301,115500,0.67,0.67,0.67,0.67,3846,0
ACA,5,20210301,140500,0.65,0.65,0.65,0.65,285,0
ACA,5,20210301,150500,0.67,0.67,0.67,0.67,400,0
ACA,5,20210301,162500,0.67,0.67,0.67,0.67,1444,0
ACA,5,20210301,164000,0.67,0.67,0.67,0.67,1600,0
ACA,5,20210302,090000,0.68,0.69,0.68,0.69,14852,0
ACA,5,20210302,091500,0.685,0.685,0.685,0.685,500,0
ACA,5,20210302,094500,0.685,0.685,0.685,0.685,100,0
ACA,5,20210302,095500,0.665,0.685,0.655,0.685,5600,0
ACA,5,20210302,102000,0.655,0.655,0.65,0.65,4000,0
ACA,5,20210302,103500,0.68,0.685,0.68,0.685,1150,0
ACA,5,20210302,111000,0.65,0.65,0.65,0.65,2000,0
ACA,5,20210302,111500,0.645,0.645,0.645,0.645,2450,0
ACA,5,20210302,123000,0.67,0.68,0.67,0.68,4500,0
ACA,5,20210302,130500,0.635,0.635,0.635,0.635,3785,0
ACA,5,20210302,132000,0.675,0.675,0.675,0.675,250,0
ACA,5,20210302,142000,0.635,0.635,0.63,0.63,2770,0
ACA,5,20210302,145500,0.63,0.63,0.63,0.63,2207,0
ACA,5,20210302,153500,0.655,0.67,0.655,0.67,32750,0
ACA,5,20210302,154000,0.67,0.675,0.67,0.675,500,0
ACA,5,20210302,164500,0.68,0.68,0.68,0.68,3600,0
ACA,5,20210303,090000,0.68,0.7,0.67,0.67,15665,0
ACA,5,20210303,090500,0.7,0.7,0.7,0.7,165,0
ACA,5,20210303,092000,0.65,0.65,0.65,0.65,109,0
ACA,5,20210303,092500,0.65,0.65,0.65,0.65,1000,0
ACA,5,20210303,095000,0.65,0.65,0.65,0.65,5541,0
ACA,5,20210303,095500,0.675,0.68,0.675,0.68,600,0
ACA,5,20210303,121500,0.64,0.64,0.64,0.64,3645,0
ACA,5,20210303,123500,0.66,0.67,0.66,0.67,750,0
ACA,5,20210303,133000,0.64,0.64,0.63,0.63,13000,0
ACA,5,20210303,133500,0.67,0.68,0.67,0.68,1517,0
ACA,5,20210304,090000,0.685,0.69,0.685,0.69,1100,0
ACA,5,20210305,090500,0.63,0.63,0.63,0.63,655,0
ACA,5,20210305,093000,0.665,0.665,0.665,0.665,500,0
ACA,5,20210305,101500,0.665,0.675,0.665,0.675,1100,0
ACA,5,20210308,091500,0.675,0.675,0.675,0.675,10,0
ACA,5,20210308,120000,0.65,0.65,0.65,0.65,30,0
ACA,5,20210309,090000,0.62,0.64,0.62,0.64,7950,0
ACA,5,20210309,093500,0.59,0.59,0.59,0.59,1000,0
ACA,5,20210309,094000,0.59,0.59,0.59,0.59,500,0
ACA,5,20210309,105000,0.585,0.585,0.585,0.585,2000,0
ACA,5,20210309,105500,0.585,0.61,0.585,0.61,2250,0
ACA,5,20210309,113500,0.6,0.64,0.6,0.64,8834,0
ACA,5,20210309,123500,0.63,0.63,0.63,0.63,250,0
ACA,5,20210309,144000,0.6,0.6,0.595,0.595,500,0
ACA,5,20210309,145500,0.595,0.595,0.59,0.59,5000,0
ACA,5,20210309,150000,0.63,0.63,0.63,0.63,1350,0
ACA,5,20210309,153000,0.585,0.585,0.585,0.585,1350,0
ACA,5,20210309,154000,0.575,0.575,0.575,0.575,3750,0
ACA,5,20210309,155000,0.6,0.605,0.6,0.605,500,0
ACA,5,20210309,161000,0.61,0.61,0.61,0.61,700,0
ACA,5,20210310,100500,0.61,0.61,0.61,0.61,1900,0
ACA,5,20210310,121000,0.58,0.58,0.58,0.58,1270,0
ACA,5,20210310,125500,0.58,0.58,0.55,0.55,9500,0
ACA,5,20210310,133500,0.595,0.595,0.595,0.595,500,0
ACA,5,20210310,134000,0.6,0.6,0.6,0.6,1000,0
ACA,5,20210311,090000,0.57,0.605,0.57,0.605,6935,0
ACA,5,20210311,113500,0.6,0.61,0.565,0.565,14900,0
ACA,5,20210311,114000,0.61,0.61,0.61,0.61,200,0
ACA,5,20210311,123000,0.595,0.61,0.595,0.61,3500,0
ACA,5,20210311,133500,0.565,0.565,0.565,0.565,2318,0
ACA,5,20210311,160000,0.565,0.565,0.53,0.53,10000,0
ACA,5,20210311,164000,0.585,0.595,0.585,0.595,7246,0
ACA,5,20210312,090500,0.59,0.6,0.59,0.6,4000,0
ACA,5,20210312,091500,0.58,0.58,0.58,0.58,1742,0
ACA,5,20210312,092500,0.58,0.58,0.56,0.56,15500,0
ACA,5,20210312,093000,0.595,0.6,0.585,0.6,5100,0
ACA,5,20210312,111500,0.585,0.585,0.585,0.585,1000,0
ACA,5,20210312,123000,0.59,0.59,0.59,0.59,100,0
ACA,5,20210312,123500,0.59,0.59,0.59,0.59,1500,0
ACA,5,20210312,132000,0.57,0.57,0.56,0.56,8000,0
ACA,5,20210312,133000,0.585,0.585,0.585,0.585,1000,0
ACA,5,20210312,133500,0.585,0.585,0.585,0.585,1100,0
ACA,5,20210312,134500,0.585,0.585,0.585,0.585,2000,0
ACA,5,20210312,141000,0.585,0.59,0.585,0.59,1750,0
ACA,5,20210312,160500,0.56,0.59,0.54,0.59,33000,0
ACA,5,20210315,090000,0.58,0.58,0.58,0.58,100,0
ACA,5,20210315,091000,0.57,0.57,0.57,0.57,1000,0
ACA,5,20210315,092000,0.57,0.57,0.565,0.565,4620,0
ACA,5,20210315,094000,0.565,0.565,0.565,0.565,3000,0
ACA,5,20210315,104000,0.57,0.57,0.565,0.565,2200,0
ACA,5,20210315,115000,0.58,0.585,0.58,0.585,3180,0
ACA,5,20210315,163500,0.565,0.565,0.56,0.56,400,0
ACA,5,20210315,164500,0.56,0.585,0.55,0.585,9320,0
ACA,5,20210316,091500,0.585,0.585,0.585,0.585,850,0
ACA,5,20210316,101000,0.585,0.585,0.585,0.585,720,0
ACA,5,20210316,114000,0.55,0.55,0.54,0.54,7000,0
ACA,5,20210316,121000,0.54,0.54,0.52,0.52,25000,0
ACA,5,20210316,121500,0.52,0.52,0.5,0.5,60000,0
ACA,5,20210316,124500,0.53,0.53,0.53,0.53,2000,0
ACA,5,20210316,125500,0.54,0.54,0.54,0.54,6008,0
ACA,5,20210316,130000,0.545,0.545,0.545,0.545,4995,0
ACA,5,20210316,130500,0.55,0.58,0.55,0.58,8500,0
ACA,5,20210317,094000,0.57,0.57,0.57,0.57,2802,0
ACA,5,20210317,094500,0.57,0.575,0.57,0.575,3009,0
ACA,5,20210317,102500,0.575,0.575,0.575,0.575,431,0
ACA,5,20210317,105000,0.575,0.585,0.575,0.585,7500,0
ACA,5,20210317,110000,0.575,0.575,0.575,0.575,1500,0
ACA,5,20210317,110500,0.575,0.575,0.575,0.575,722,0
ACA,5,20210317,111000,0.58,0.58,0.58,0.58,1000,0
ACA,5,20210317,113500,0.585,0.585,0.585,0.585,778,0
ACA,5,20210317,134500,0.59,0.59,0.59,0.59,8886,0
ACA,5,20210317,140500,0.59,0.59,0.59,0.59,4000,0
ACA,5,20210317,153500,0.595,0.6,0.595,0.6,1500,0
ACA,5,20210317,163500,0.58,0.58,0.58,0.58,1000,0
ACA,5,20210317,164000,0.595,0.595,0.595,0.595,138,0
ACA,5,20210318,095000,0.59,0.6,0.59,0.6,3000,0
ACA,5,20210318,152500,0.6,0.6,0.6,0.6,1631,0
ACA,5,20210318,153000,0.59,0.59,0.59,0.59,9000,0
ACA,5,20210318,155500,0.6,0.6,0.6,0.6,500,0
ACA,5,20210318,160000,0.58,0.6,0.58,0.6,500,0
ACA,5,20210319,090000,0.61,0.625,0.61,0.625,1600,0
ACA,5,20210319,090500,0.6,0.6,0.6,0.6,100,0
ACA,5,20210319,092500,0.625,0.64,0.625,0.64,1400,0
ACA,5,20210319,093000,0.645,0.65,0.645,0.65,1100,0
ACA,5,20210319,094000,0.65,0.65,0.65,0.65,160,0
ACA,5,20210319,101000,0.65,0.66,0.65,0.66,9500,0
ACA,5,20210319,113000,0.64,0.64,0.64,0.64,3072,0
ACA,5,20210319,123000,0.62,0.62,0.615,0.615,3576,0
ACA,5,20210319,123500,0.615,0.615,0.615,0.615,50,0
ACA,5,20210319,151500,0.63,0.63,0.63,0.63,100,0
ACA,5,20210319,161000,0.63,0.63,0.63,0.63,70,0
ACA,5,20210322,102500,0.615,0.615,0.565,0.565,9500,0
ACA,5,20210322,110500,0.565,0.565,0.55,0.55,5000,0
ACA,5,20210322,112000,0.555,0.555,0.555,0.555,160,0
ACA,5,20210322,115500,0.585,0.59,0.585,0.59,3400,0
ACA,5,20210323,090000,0.59,0.59,0.59,0.59,1694,0
ACA,5,20210323,164500,0.59,0.61,0.59,0.61,7750,0
ACA,5,20210324,090000,0.62,0.62,0.62,0.62,3870,0
ACA,5,20210324,091000,0.62,0.625,0.62,0.625,10000,0
ACA,5,20210324,114500,0.625,0.65,0.625,0.65,31000,0
ACA,5,20210324,133500,0.62,0.62,0.62,0.62,1499,0
ACA,5,20210324,155000,0.625,0.625,0.625,0.625,500,0
ACA,5,20210325,113500,0.605,0.605,0.605,0.605,138,0
ACA,5,20210325,155000,0.605,0.605,0.605,0.605,1631,0
ACA,5,20210325,161500,0.62,0.62,0.62,0.62,100,0
ACA,5,20210325,162000,0.62,0.62,0.62,0.62,100,0
ACA,5,20210325,163500,0.62,0.63,0.62,0.63,7450,0
ACA,5,20210325,165500,0.66,0.66,0.66,0.66,1650,0
ACA,5,20210326,095500,0.66,0.69,0.66,0.69,16000,0
ACA,5,20210326,100000,0.69,0.695,0.69,0.695,2631,0
ACA,5,20210326,101000,0.685,0.685,0.685,0.685,2006,0
ACA,5,20210326,102000,0.655,0.655,0.655,0.655,1694,0
ACA,5,20210326,105500,0.655,0.655,0.655,0.655,3306,0
ACA,5,20210326,110000,0.655,0.655,0.655,0.655,2412,0
ACA,5,20210326,145000,0.655,0.655,0.655,0.655,1990,0
ACA,5,20210326,145500,0.655,0.655,0.655,0.655,2292,0
ACA,5,20210326,152500,0.68,0.68,0.68,0.68,2600,0
ACA,5,20210326,160000,0.68,0.68,0.68,0.68,300,0
ACA,5,20210326,161000,0.68,0.68,0.68,0.68,6000,0
