<TICKER>,<PER>,<DATE>,<TIME>,<OPEN>,<HIGH>,<LOW>,<CLOSE>,<VOL>,<OPENINT>
ACK,5,20210204,090500,15.4,16.1,15.4,16.1,73,0
ACK,5,20210204,091000,16.1,16.1,16.1,16.1,65,0
ACK,5,20210204,092000,16.2,16.2,16.2,16.2,10,0
ACK,5,20210204,140500,16.2,16.2,16.2,16.2,10,0
ACK,5,20210204,160500,15.4,15.4,14,14,300,0
ACK,5,20210204,161000,13,14,13,14,1338,0
ACK,5,20210204,161500,14.4,14.4,13,13,3135,0
ACK,5,20210204,162000,13.1,13.1,13,13,1300,0
ACK,5,20210204,162500,13,13.8,13,13.8,610,0
ACK,5,20210204,163000,13.8,13.8,13.8,13.8,85,0
ACK,5,20210204,163500,13.8,13.8,12.4,12.4,920,0
ACK,5,20210204,164000,12.6,13,12.4,12.4,1217,0
ACK,5,20210204,164500,12.4,12.9,12.4,12.9,410,0
ACK,5,20210205,090000,13.4,13.4,13.4,13.4,62,0
ACK,5,20210205,091000,13.4,15.2,13.4,15.2,125,0
ACK,5,20210205,092000,14.5,15.2,14.5,15.2,171,0
ACK,5,20210205,092500,15.2,15.2,14.2,15.2,140,0
ACK,5,20210205,093000,14.2,14.2,14.2,14.2,71,0
ACK,5,20210205,093500,15,15,15,15,10,0
ACK,5,20210205,094000,15,15.1,15,15,239,0
ACK,5,20210205,094500,15.1,15.1,14.4,14.4,1077,0
ACK,5,20210205,095000,14.4,15,14.4,15,252,0
ACK,5,20210205,100000,14.4,14.4,14.2,14.2,123,0
ACK,5,20210205,102500,13.6,13.6,13.3,13.3,454,0
ACK,5,20210205,103500,13.2,13.2,13.2,13.2,2,0
ACK,5,20210205,104000,13.3,13.3,13.3,13.3,110,0
ACK,5,20210205,105000,13.2,13.3,13.2,13.3,108,0
ACK,5,20210205,111500,13.3,13.3,13.3,13.3,370,0
ACK,5,20210205,112000,13.6,13.6,13.6,13.6,131,0
ACK,5,20210205,113000,14,14,14,14,10,0
ACK,5,20210205,114500,13.4,13.4,13.4,13.4,2,0
ACK,5,20210205,115500,13.4,13.4,13.4,13.4,50,0
ACK,5,20210205,123500,13.4,13.5,13.4,13.5,578,0
ACK,5,20210205,130500,13.6,13.6,13.6,13.6,5,0
ACK,5,20210205,153000,13.5,13.5,13.5,13.5,23,0
ACK,5,20210205,162000,13.5,13.5,13.5,13.5,1,0
ACK,5,20210205,162500,13.5,13.5,13.5,13.5,130,0
ACK,5,20210205,163000,13.5,13.5,13.5,13.5,250,0
ACK,5,20210205,163500,13.5,13.5,13.5,13.5,100,0
ACK,5,20210205,164500,13.5,13.5,13.5,13.5,5,0
ACK,5,20210208,090000,14.9,14.9,14.9,14.9,10,0
ACK,5,20210208,090500,14.9,15.5,14.9,15.5,60,0
ACK,5,20210208,092500,14,14,14,14,150,0
ACK,5,20210208,093000,14.9,14.9,13.3,13.3,408,0
ACK,5,20210208,094500,12.5,12.5,12.5,12.5,283,0
ACK,5,20210208,095000,12.5,12.5,12.5,12.5,175,0
ACK,5,20210208,095500,12.5,13.3,12.5,13.3,121,0
ACK,5,20210208,100000,12.5,13.5,12.5,13.5,137,0
ACK,5,20210208,100500,12.4,13.5,12.4,13.5,260,0
ACK,5,20210208,102500,13.5,13.9,13.5,13.9,110,0
ACK,5,20210208,103000,13.5,13.5,13.5,13.5,70,0
ACK,5,20210208,103500,13.9,14,13.9,14,40,0
ACK,5,20210208,104500,13.4,13.4,12.5,12.5,205,0
ACK,5,20210208,105500,12.5,13.2,12.5,13.2,170,0
ACK,5,20210208,110000,12.7,12.7,12.7,12.7,80,0
ACK,5,20210208,110500,13.2,13.2,13.2,13.2,10,0
ACK,5,20210208,112500,12.7,13.2,12.5,13.2,340,0
ACK,5,20210208,113000,12.7,13.3,12.7,13.3,90,0
ACK,5,20210208,114000,12.6,12.6,12.5,12.5,310,0
ACK,5,20210208,115000,12.5,12.5,12.5,12.5,76,0
ACK,5,20210208,120000,12.7,13,12.7,13,110,0
ACK,5,20210208,121000,12.6,13,12.4,13,344,0
ACK,5,20210208,123500,12.7,12.7,12.7,12.7,80,0
ACK,5,20210208,125000,12.8,12.8,12.7,12.7,87,0
ACK,5,20210208,125500,13,13,13,13,10,0
ACK,5,20210208,131000,13,14.1,13,14,1092,0
ACK,5,20210208,131500,13.1,13.3,13.1,13.2,390,0
ACK,5,20210208,132000,13.9,15.4,13.3,13.3,5520,0
ACK,5,20210208,132500,13.9,15,13,14.7,8773,0
ACK,5,20210208,133000,14.8,15.5,14.1,15.4,8292,0
ACK,5,20210208,133500,15.4,15.8,15,15.1,5842,0
ACK,5,20210208,134000,14.7,14.8,14.3,14.8,1386,0
ACK,5,20210208,134500,14.9,15.5,14.9,15.5,1801,0
ACK,5,20210208,135000,15.5,15.8,15.5,15.8,461,0
ACK,5,20210208,141000,16.2,16.8,16.2,16.8,641,0
ACK,5,20210208,141500,17.1,17.8,17.1,17.8,1062,0
ACK,5,20210209,090000,20,21,20,20.8,5023,0
ACK,5,20210209,090500,20.6,20.8,20,20,608,0
ACK,5,20210209,091000,19.8,20,18.7,18.7,212,0
ACK,5,20210209,091500,18.7,20,18,20,1736,0
ACK,5,20210209,092000,20,20,19.7,19.8,151,0
ACK,5,20210209,092500,19,19.8,18.8,19.6,174,0
ACK,5,20210209,093000,18.3,18.3,18.2,18.2,255,0
ACK,5,20210209,093500,18.2,18.2,18.2,18.2,250,0
ACK,5,20210209,094000,18.2,18.7,18,18,535,0
ACK,5,20210209,095500,18.7,19.2,18.7,19.2,106,0
ACK,5,20210209,100000,19.2,19.3,19.2,19.3,97,0
ACK,5,20210209,102000,18.9,18.9,18.9,18.9,207,0
ACK,5,20210209,103000,19,19,19,19,5,0
ACK,5,20210209,103500,19,19,19,19,265,0
ACK,5,20210209,104000,18.9,18.9,18.4,18.4,920,0
ACK,5,20210209,104500,18.9,19,18.9,19,433,0
ACK,5,20210209,105500,18.4,18.4,18.2,18.2,210,0
ACK,5,20210209,111500,18.3,18.3,18.3,18.3,100,0
ACK,5,20210209,112500,18.3,18.3,18.2,18.2,250,0
ACK,5,20210209,114500,18.2,18.4,18.1,18.4,131,0
ACK,5,20210209,115500,18.3,18.3,18.3,18.3,27,0
ACK,5,20210209,120500,18.3,18.3,18.3,18.3,138,0
ACK,5,20210209,121500,18.4,18.4,18.4,18.4,42,0
ACK,5,20210209,122000,18.4,18.5,18.4,18.5,67,0
ACK,5,20210209,123000,18.5,18.5,18.5,18.5,390,0
ACK,5,20210209,123500,18.9,19,18.9,19,204,0
ACK,5,20210209,134500,19,19.3,19,19.3,304,0
ACK,5,20210209,135000,19.3,19.3,19.3,19.3,255,0
ACK,5,20210209,135500,19.3,19.3,19.3,19.3,150,0
ACK,5,20210209,140000,19.3,19.3,19.3,19.3,65,0
ACK,5,20210209,140500,19.3,19.3,19.3,19.3,26,0
ACK,5,20210209,141000,19.3,19.3,19.3,19.3,175,0
ACK,5,20210209,141500,19.3,19.8,19.3,19.8,85,0
ACK,5,20210209,142000,19,19.8,19,19,61,0
ACK,5,20210209,143000,19.5,19.5,19.5,19.5,9,0
ACK,5,20210209,144000,19.3,19.5,19,19,264,0
ACK,5,20210209,145500,19,19,19,19,190,0
ACK,5,20210209,150000,19.5,19.5,19.5,19.5,2,0
ACK,5,20210209,150500,19,19.5,18,19.5,1170,0
ACK,5,20210209,152500,18,18,18,18,200,0
ACK,5,20210209,153000,18.8,18.9,18.8,18.9,106,0
ACK,5,20210209,153500,18.1,18.7,18,18.7,681,0
ACK,5,20210209,154500,18,18,18,18,510,0
ACK,5,20210209,155000,18.5,18.5,18.5,18.5,6,0
ACK,5,20210209,161000,18.5,18.5,18.5,18.5,34,0
ACK,5,20210209,161500,18.6,19,18.6,19,1910,0
ACK,5,20210209,162500,19.1,19.2,19.1,19.1,431,0
ACK,5,20210209,164000,18.8,19.5,18,18,3178,0
ACK,5,20210209,164500,18,18.7,18,18.5,935,0
ACK,5,20210210,090000,19,22,19,21.6,1537,0
ACK,5,20210210,090500,21.6,21.6,21.6,21.6,83,0
ACK,5,20210210,091500,19.2,20.4,19.2,20.4,105,0
ACK,5,20210210,093000,19.5,19.5,19.5,19.5,30,0
ACK,5,20210210,093500,19.5,19.5,19.5,19.5,80,0
ACK,5,20210210,094000,19.5,19.5,19,19.4,550,0
ACK,5,20210210,095000,19.6,19.7,19.6,19.7,270,0
ACK,5,20210210,095500,19.9,19.9,19.9,19.9,5,0
ACK,5,20210210,100000,19.8,19.8,19.8,19.8,45,0
ACK,5,20210210,100500,19.8,19.8,19.8,19.8,5,0
ACK,5,20210210,101000,19.8,19.9,19.2,19.2,232,0
ACK,5,20210210,102500,19.2,19.2,19.2,19.2,55,0
ACK,5,20210210,105000,19.4,19.4,19.4,19.4,102,0
ACK,5,20210210,114000,19.4,19.4,19.1,19.1,387,0
ACK,5,20210210,114500,19.1,19.1,19.1,19.1,120,0
ACK,5,20210210,115000,19.2,19.2,19,19,346,0
ACK,5,20210210,123000,19.1,19.3,19.1,19.3,15,0
ACK,5,20210210,123500,19.1,19.1,19,19,184,0
ACK,5,20210210,125500,19,19,19,19,46,0
ACK,5,20210210,130500,19.3,19.3,19.3,19.3,50,0
ACK,5,20210210,131500,19.7,19.7,19.7,19.7,2,0
ACK,5,20210210,140500,19.7,19.8,19.7,19.8,100,0
ACK,5,20210210,141000,19.8,20.2,19.8,20.2,163,0
ACK,5,20210210,143000,20.2,20.2,20.2,20.2,99,0
ACK,5,20210210,143500,20.2,20.8,20.2,20.8,50,0
ACK,5,20210210,144000,20.2,20.2,19.8,19.8,52,0
ACK,5,20210210,144500,19.8,19.8,19.8,19.8,200,0
ACK,5,20210210,150000,20,20,20,20,115,0
ACK,5,20210210,150500,20,20.2,20,20.2,53,0
ACK,5,20210210,153000,19.8,19.8,19.8,19.8,75,0
ACK,5,20210210,160000,20,20,20,20,55,0
ACK,5,20210210,162500,20,20,20,20,1,0
ACK,5,20210210,164000,19.8,19.8,19.8,19.8,100,0
ACK,5,20210210,164500,20,20,20,20,1,0
ACK,5,20210211,090000,21,21,19,20.2,2580,0
ACK,5,20210211,092500,19.5,19.5,19.5,19.5,10,0
ACK,5,20210211,094500,19.9,19.9,19.9,19.9,10,0
ACK,5,20210211,095500,19.9,19.9,19.9,19.9,50,0
ACK,5,20210211,101500,19.9,19.9,19.9,19.9,130,0
ACK,5,20210211,102000,19.9,19.9,19.9,19.9,95,0
ACK,5,20210211,103000,20.8,20.8,20.8,20.8,1,0
ACK,5,20210211,104000,20.6,20.6,20.6,20.6,378,0
ACK,5,20210211,110000,20,20.4,19,20.4,1107,0
ACK,5,20210211,110500,18.8,18.8,18.7,18.7,484,0
ACK,5,20210211,111000,20,20,20,20,75,0
ACK,5,20210211,120000,19,19,19,19,190,0
ACK,5,20210211,121500,19.8,19.8,19.8,19.8,5,0
ACK,5,20210211,122500,19,19,19,19,140,0
ACK,5,20210211,123000,19.7,19.7,19.7,19.7,60,0
ACK,5,20210211,124000,19.1,19.1,19.1,19.1,101,0
ACK,5,20210211,132000,19,19,19,19,280,0
ACK,5,20210211,132500,19.7,19.7,19.7,19.7,40,0
ACK,5,20210211,135000,19.9,19.9,19.9,19.9,65,0
ACK,5,20210211,145500,19.9,19.9,19.9,19.9,145,0
ACK,5,20210211,150500,20,20,20,20,5,0
ACK,5,20210211,160000,20,20,19,19,952,0
ACK,5,20210211,160500,19,19.8,19,19.8,210,0
ACK,5,20210211,161000,19,19,19,19,500,0
ACK,5,20210211,164500,19.6,19.9,19.6,19.9,465,0
ACK,5,20210212,090000,19.5,19.6,18.3,19.6,921,0
ACK,5,20210212,091500,18.5,19.5,18.1,19.5,1264,0
ACK,5,20210212,092000,18.3,18.9,18,18,1410,0
ACK,5,20210212,092500,17,18.8,17,18.8,260,0
ACK,5,20210212,093000,18,18,17.4,17.4,266,0
ACK,5,20210212,093500,18.5,18.5,18.5,18.5,10,0
ACK,5,20210212,094000,18.5,18.8,18.5,18.8,200,0
ACK,5,20210212,095000,17.9,17.9,17.9,17.9,65,0
ACK,5,20210212,100000,18,18,18,18,39,0
ACK,5,20210212,100500,18.6,18.6,18.6,18.6,32,0
ACK,5,20210212,102000,18.9,19,18.9,19,106,0
ACK,5,20210212,102500,19,19,19,19,100,0
ACK,5,20210212,103000,18.8,19,18.8,19,105,0
ACK,5,20210212,104500,18.2,19,18.2,19,166,0
ACK,5,20210212,110000,19,19.1,19,19.1,105,0
ACK,5,20210212,110500,18.2,18.3,18.2,18.2,164,0
ACK,5,20210212,113500,18.2,18.2,18.2,18.2,67,0
ACK,5,20210212,121000,18.9,18.9,18.9,18.9,120,0
ACK,5,20210212,121500,18.9,19.1,18.9,19.1,77,0
ACK,5,20210212,122500,19.1,19.1,19.1,19.1,85,0
ACK,5,20210212,123000,19,19.9,19,19.9,170,0
ACK,5,20210212,125000,19.9,20,19.9,20,112,0
ACK,5,20210212,125500,19.4,20,19.4,20,28,0
ACK,5,20210212,130500,20,20.2,20,20.2,194,0
ACK,5,20210212,132000,20.2,20.2,20.2,20.2,96,0
ACK,5,20210212,135000,20,20,20,20,99,0
ACK,5,20210212,135500,20,20,20,20,101,0
ACK,5,20210212,141500,19.9,19.9,19.9,19.9,70,0
ACK,5,20210212,145000,19.4,19.4,19.4,19.4,107,0
ACK,5,20210212,153000,19,20,19,19.1,195,0
ACK,5,20210212,155000,19.2,19.2,19.2,19.2,40,0
ACK,5,20210212,160000,19.2,19.2,19.2,19.2,70,0
ACK,5,20210212,164000,19.9,19.9,19.9,19.9,20,0
ACK,5,20210212,164500,19.9,19.9,19.9,19.9,68,0
ACK,5,20210215,090000,20.4,20.4,18.4,18.6,3270,0
ACK,5,20210215,091500,19.9,19.9,19.9,19.9,187,0
ACK,5,20210215,092000,19.9,20,19.9,20,427,0
ACK,5,20210215,092500,20.4,20.4,20.4,20.4,243,0
ACK,5,20210215,093000,20.4,20.4,20.4,20.4,1057,0
ACK,5,20210215,093500,20.4,20.4,20.4,20.4,100,0
ACK,5,20210215,094000,19.2,19.2,19.2,19.2,315,0
ACK,5,20210215,095000,20.4,20.4,20.4,20.4,5,0
ACK,5,20210215,100000,20.2,20.2,20.2,20.2,100,0
ACK,5,20210215,100500,20.4,20.4,20.4,20.4,10,0
ACK,5,20210215,101000,20.4,20.4,20.4,20.4,39,0
ACK,5,20210215,104000,19.9,19.9,19.9,19.9,110,0
ACK,5,20210215,105000,19.4,20.2,19.4,20.2,170,0
ACK,5,20210215,113500,20.4,20.4,20.4,20.4,3,0
ACK,5,20210215,114000,20.4,20.4,20.4,20.4,600,0
ACK,5,20210215,114500,20.4,21,20.4,21,184,0
ACK,5,20210215,115000,20.8,20.8,20.8,20.8,149,0
ACK,5,20210215,115500,20.8,21,20.8,20.8,80,0
ACK,5,20210215,120000,21,22,21,22,838,0
ACK,5,20210215,120500,22,22.2,22,22.2,67,0
ACK,5,20210215,121500,22.2,22.2,22.2,22.2,14,0
ACK,5,20210215,123000,22.2,22.4,21.2,21.2,203,0
ACK,5,20210215,123500,21.4,22.4,20.6,22.4,1427,0
ACK,5,20210215,124000,22,23.2,22,22.2,551,0
ACK,5,20210215,124500,21.4,23,21.4,23,167,0
ACK,5,20210215,125500,22,22.8,22,22,258,0
ACK,5,20210215,130000,22,22.4,22,22.4,216,0
ACK,5,20210215,130500,22.4,22.6,22.4,22.6,97,0
ACK,5,20210215,131500,22.6,22.6,22.6,22.6,25,0
ACK,5,20210215,132000,22.6,23,22.6,23,11,0
ACK,5,20210215,133500,22.8,22.8,22.8,22.8,346,0
ACK,5,20210215,134000,22.8,23,22.8,23,511,0
ACK,5,20210215,134500,23,23,22.6,22.6,299,0
ACK,5,20210215,142000,22.6,22.6,22.6,22.6,25,0
ACK,5,20210215,143000,22.6,22.8,22.6,22.6,337,0
ACK,5,20210215,150000,22.2,22.2,22.2,22.2,120,0
ACK,5,20210215,151000,22.8,23,22.8,23,540,0
ACK,5,20210215,152500,23,23,22,22,64,0
ACK,5,20210215,154500,22,22,21.6,21.6,79,0
ACK,5,20210215,163500,22.4,22.4,22.4,22.4,160,0
ACK,5,20210215,164000,23,23,23,23,11,0
ACK,5,20210215,164500,23,23,23,23,367,0
ACK,5,20210216,090000,23,23,22,22,731,0
ACK,5,20210216,090500,22,22,20.8,20.8,1098,0
ACK,5,20210216,091500,22.6,22.6,22.6,22.6,12,0
ACK,5,20210216,095500,22.6,22.6,22.6,22.6,150,0
ACK,5,20210216,100000,22.6,22.6,22.6,22.6,135,0
ACK,5,20210216,105000,22,22,21.4,21.4,146,0
ACK,5,20210216,110000,22.6,22.6,22.6,22.6,70,0
ACK,5,20210216,110500,22.6,22.6,22.6,22.6,150,0
ACK,5,20210216,111000,22.6,22.6,22.6,22.6,25,0
ACK,5,20210216,113500,22.6,22.8,22.6,22.8,17,0
ACK,5,20210216,114500,22.8,22.8,22.8,22.8,100,0
ACK,5,20210216,115000,22.8,22.8,22.8,22.8,50,0
ACK,5,20210216,120000,22.8,23,22.8,22.8,130,0
ACK,5,20210216,121500,22,22,22,22,500,0
ACK,5,20210216,132500,22,22,22,22,100,0
ACK,5,20210216,133000,22,22,22,22,20,0
ACK,5,20210216,134000,22,22,22,22,285,0
ACK,5,20210216,143000,22.4,22.4,22.4,22.4,5,0
ACK,5,20210216,143500,22.4,22.4,22.4,22.4,92,0
ACK,5,20210216,155000,22,22,22,22,350,0
ACK,5,20210216,155500,22,22,22,22,24,0
ACK,5,20210216,162500,21.8,21.8,21.8,21.8,100,0
ACK,5,20210216,163000,21.8,21.8,21.8,21.8,36,0
ACK,5,20210216,164000,21.8,21.8,21.8,21.8,46,0
ACK,5,20210216,164500,21.8,21.8,21.6,21.6,51,0
ACK,5,20210217,090000,21.6,21.6,21.6,21.6,70,0
ACK,5,20210217,092000,21.8,21.8,21.6,21.6,152,0
ACK,5,20210217,100500,21.6,21.8,21,21.8,191,0
ACK,5,20210217,113500,21.4,21.4,21,21,139,0
ACK,5,20210217,120000,21.6,21.8,21.6,21.8,15,0
ACK,5,20210217,122500,21.8,21.8,21.8,21.8,47,0
ACK,5,20210217,123000,22,22,22,22,43,0
ACK,5,20210217,123500,22,22,22,22,2,0
ACK,5,20210217,132000,21.2,21.2,21,21,100,0
ACK,5,20210217,144000,21,21,21,21,74,0
ACK,5,20210217,152500,20.8,21.8,20.6,21.8,552,0
ACK,5,20210217,153500,21.8,21.8,21.8,21.8,4,0
ACK,5,20210217,155500,20.4,20.4,20.4,20.4,50,0
ACK,5,20210217,162000,21.6,21.8,21.6,21.8,50,0
ACK,5,20210217,164000,20.4,20.4,20.4,20.4,119,0
ACK,5,20210217,164500,21.4,21.4,21.4,21.4,101,0
ACK,5,20210218,090000,22,22,22,22,195,0
ACK,5,20210218,095000,22,22,22,22,55,0
ACK,5,20210218,095500,22,22.2,22,22.2,410,0
ACK,5,20210218,100000,22,22.8,22,22.8,278,0
ACK,5,20210218,101000,22.8,23.6,22.8,23.6,529,0
ACK,5,20210218,101500,22,23.6,22,23.6,638,0
ACK,5,20210218,102500,22.2,23.4,22,23.4,325,0
ACK,5,20210218,104500,23,23,23,23,80,0
ACK,5,20210218,110000,23,23,23,23,49,0
ACK,5,20210218,115500,22,22,22,22,103,0
ACK,5,20210218,121000,21.4,21.6,20,20,1800,0
ACK,5,20210218,121500,20.8,21,20,20,534,0
ACK,5,20210218,122000,20,20.8,20,20.8,724,0
ACK,5,20210218,122500,20.8,20.8,20,20,682,0
ACK,5,20210218,123000,20.2,20.2,20.2,20.2,25,0
ACK,5,20210218,124500,20.4,20.4,20,20,250,0
ACK,5,20210218,125000,20,20,20,20,240,0
ACK,5,20210218,125500,20.6,20.6,20.6,20.6,100,0
ACK,5,20210218,130000,20.6,20.8,20.6,20.8,110,0
ACK,5,20210218,130500,20,20,20,20,100,0
ACK,5,20210218,131000,21,21,21,21,10,0
ACK,5,20210218,132500,20,20,20,20,237,0
ACK,5,20210218,133000,20.6,20.6,20.6,20.6,30,0
ACK,5,20210218,135500,20,20,20,20,250,0
ACK,5,20210218,140000,19.9,19.9,19.9,19.9,410,0
ACK,5,20210218,141000,19.7,19.7,19.7,19.7,740,0
ACK,5,20210218,141500,19.7,20,19.7,20,1097,0
ACK,5,20210218,142000,20,20,20,20,45,0
ACK,5,20210218,142500,19.8,19.8,19.8,19.8,101,0
ACK,5,20210218,144000,19.7,19.7,19,19,2193,0
ACK,5,20210218,144500,19.1,19.1,19,19,97,0
ACK,5,20210218,145000,19.2,19.4,19,19.4,650,0
ACK,5,20210218,145500,19.2,19.2,19,19,828,0
ACK,5,20210218,150000,19.2,19.2,18.9,18.9,1617,0
ACK,5,20210218,150500,19,19,18.6,18.6,834,0
ACK,5,20210218,151000,18.9,19,18.9,19,673,0
ACK,5,20210218,151500,19,19,19,19,397,0
ACK,5,20210218,152000,19,19,18.6,18.6,850,0
ACK,5,20210218,154500,18.7,18.7,18.7,18.7,126,0
ACK,5,20210218,155000,18.7,18.7,18.2,18.2,1500,0
ACK,5,20210218,155500,18.2,18.2,18,18,2510,0
ACK,5,20210218,160000,18.5,18.5,18.5,18.5,60,0
ACK,5,20210218,161000,18.1,18.1,17.7,17.7,500,0
ACK,5,20210218,161500,18,18,17.6,17.6,231,0
ACK,5,20210218,162000,17.6,17.6,17.6,17.6,112,0
ACK,5,20210218,163000,17.7,17.7,17.6,17.6,342,0
ACK,5,20210218,163500,17.6,17.6,17.6,17.6,200,0
ACK,5,20210218,164000,17.9,18,17.9,17.9,476,0
ACK,5,20210218,164500,18,18,17.5,17.5,740,0
ACK,5,20210219,090000,17.7,17.9,17.5,17.9,830,0
ACK,5,20210219,090500,17.9,18.4,17.9,18.4,405,0
ACK,5,20210219,091000,18.4,19.6,18.2,19.6,323,0
ACK,5,20210219,092500,18.8,18.8,18.8,18.8,90,0
ACK,5,20210219,093000,18.9,18.9,18.8,18.8,22,0
ACK,5,20210219,094000,18.2,18.2,18,18,200,0
ACK,5,20210219,100000,18.7,18.7,18.7,18.7,10,0
ACK,5,20210219,101500,18.8,19,18.8,19,123,0
ACK,5,20210219,102000,18.5,18.5,18.5,18.5,100,0
ACK,5,20210219,102500,18.5,18.5,18.5,18.5,200,0
ACK,5,20210219,103000,19,19,19,19,9,0
ACK,5,20210219,103500,19,19,19,19,50,0
ACK,5,20210219,104000,19,19,19,19,100,0
ACK,5,20210219,105000,19.3,19.3,19,19,100,0
ACK,5,20210219,110500,19,19,19,19,10,0
ACK,5,20210219,113500,19.1,19.1,19.1,19.1,100,0
ACK,5,20210219,115000,19.2,19.2,19.2,19.2,10,0
ACK,5,20210219,125000,19.1,19.1,19.1,19.1,52,0
ACK,5,20210219,131500,18.7,18.7,18.7,18.7,500,0
ACK,5,20210219,132000,18.9,18.9,18.9,18.9,10,0
ACK,5,20210219,132500,18.7,18.7,18.7,18.7,80,0
ACK,5,20210219,133000,18.7,18.7,18.7,18.7,371,0
ACK,5,20210219,133500,18.7,18.7,18.6,18.6,129,0
ACK,5,20210219,141000,18.9,19.4,18.9,19.4,2259,0
ACK,5,20210219,142500,19.4,19.4,19.4,19.4,50,0
ACK,5,20210219,143500,19,19,18,18.5,1563,0
ACK,5,20210219,145000,18.5,19.3,18.5,19.3,3367,0
ACK,5,20210219,145500,19.3,19.4,19.3,19.4,1658,0
ACK,5,20210219,150000,19.4,19.4,19.4,19.4,233,0
ACK,5,20210219,150500,19.4,19.4,19,19,162,0
ACK,5,20210219,151000,18.6,19.4,18.6,18.6,685,0
ACK,5,20210219,151500,18.6,18.6,18.3,18.3,323,0
ACK,5,20210219,153000,18.7,18.7,18.7,18.7,55,0
ACK,5,20210219,160000,18.7,18.7,18.6,18.6,640,0
ACK,5,20210219,160500,18.6,18.6,18.2,18.5,1050,0
ACK,5,20210219,161000,18.2,18.2,18.1,18.1,100,0
ACK,5,20210219,161500,18.4,18.5,18.4,18.5,530,0
ACK,5,20210219,162000,18.5,18.5,18.5,18.5,476,0
ACK,5,20210219,162500,18.5,18.5,18.5,18.5,573,0
ACK,5,20210219,163000,18.5,18.5,18.5,18.5,421,0
ACK,5,20210219,163500,18.5,18.7,18.5,18.7,100,0
ACK,5,20210219,164000,18.7,19,18.7,19,534,0
ACK,5,20210219,164500,19,19.3,19,19.3,113,0
ACK,5,20210222,090000,20,20,20,20,576,0
ACK,5,20210222,090500,20,20,20,20,475,0
ACK,5,20210222,091000,20,20,20,20,67,0
ACK,5,20210222,091500,19.3,20,19.3,19.3,1313,0
ACK,5,20210222,093000,20.2,20.2,20.2,20.2,158,0
ACK,5,20210222,095000,19.5,19.5,19,19,575,0
ACK,5,20210222,095500,19,20.2,19,20,1208,0
ACK,5,20210222,100000,19.7,19.7,19.6,19.6,630,0
ACK,5,20210222,100500,19.6,19.8,19.6,19.8,160,0
ACK,5,20210222,101000,19.8,19.8,19.8,19.8,390,0
ACK,5,20210222,101500,19.9,19.9,19.9,19.9,3,0
ACK,5,20210222,104000,19.8,20,19.8,20,765,0
ACK,5,20210222,105000,20,20,20,20,4,0
ACK,5,20210222,110500,20.2,20.2,20.2,20.2,178,0
ACK,5,20210222,111500,20.2,20.2,20.2,20.2,64,0
ACK,5,20210222,114000,19.9,19.9,19.9,19.9,1,0
ACK,5,20210222,122500,20.2,20.4,20.2,20.4,777,0
ACK,5,20210222,123000,20.6,20.6,20.6,20.6,208,0
ACK,5,20210222,125000,20.8,20.8,20.8,20.8,133,0
ACK,5,20210222,130500,20.6,20.6,20,20,216,0
ACK,5,20210222,134500,20.8,20.8,20.8,20.8,5,0
ACK,5,20210222,140500,20.8,20.8,20.8,20.8,85,0
ACK,5,20210222,150500,20.8,20.8,20.8,20.8,266,0
ACK,5,20210222,151000,21,21,20.8,20.8,1031,0
ACK,5,20210222,152000,21,21,21,21,5,0
ACK,5,20210222,153500,20.4,20.4,20.4,20.4,100,0
ACK,5,20210222,154000,19.9,19.9,19.9,19.9,9,0
ACK,5,20210222,154500,19.9,19.9,19.9,19.9,5,0
ACK,5,20210222,161000,20.2,20.2,20.2,20.2,50,0
ACK,5,20210222,163500,20,20,20,20,285,0
ACK,5,20210222,164500,20,20,20,20,80,0
ACK,5,20210223,090000,20.2,20.2,20,20,565,0
ACK,5,20210223,090500,20,20,20,20,100,0
ACK,5,20210223,093500,20,20,18.4,18.4,1500,0
ACK,5,20210223,094000,19.6,19.6,19,19,652,0
ACK,5,20210223,094500,19.8,20,19.8,20,152,0
ACK,5,20210223,111500,19.4,19.4,19.4,19.4,50,0
ACK,5,20210223,112500,19.4,19.4,19.4,19.4,2,0
ACK,5,20210223,120500,19.5,19.5,19.5,19.5,70,0
ACK,5,20210223,131500,19.6,19.6,19.6,19.6,50,0
ACK,5,20210223,132500,19.8,19.8,19.8,19.8,5,0
ACK,5,20210223,135000,19.4,19.4,18.4,18.4,3000,0
ACK,5,20210223,135500,19.3,19.3,19.3,19.3,15,0
ACK,5,20210223,155500,18.5,18.5,18.5,18.5,10,0
ACK,5,20210223,162500,19.1,19.1,19.1,19.1,40,0
ACK,5,20210223,164500,18.5,19.2,18.5,19.2,50,0
ACK,5,20210224,091500,18.5,18.5,17.9,17.9,1320,0
ACK,5,20210224,092000,18.4,18.4,18.4,18.4,55,0
ACK,5,20210224,092500,18.3,18.3,18.3,18.3,55,0
ACK,5,20210224,093500,18.4,18.4,18.4,18.4,55,0
ACK,5,20210224,094000,18.3,18.3,18.3,18.3,55,0
ACK,5,20210224,094500,18.3,18.6,18.3,18.3,67,0
ACK,5,20210224,095500,18.3,18.3,18.2,18.2,155,0
ACK,5,20210224,101000,18.2,18.2,18.2,18.2,173,0
ACK,5,20210224,105000,18.2,18.2,18.2,18.2,325,0
ACK,5,20210224,105500,18.2,18.2,18.2,18.2,225,0
ACK,5,20210224,110000,18.2,18.3,18.2,18.3,378,0
ACK,5,20210224,110500,19.4,19.4,19.4,19.4,10,0
ACK,5,20210224,113000,18.2,18.2,18.1,18.1,540,0
ACK,5,20210224,113500,18.2,18.2,18,18,385,0
ACK,5,20210224,114000,18,18.1,18,18.1,547,0
ACK,5,20210224,114500,18.3,18.4,18.3,18.4,212,0
ACK,5,20210224,120500,18.4,18.4,18.4,18.4,172,0
ACK,5,20210224,121000,18.4,18.8,18.4,18.8,370,0
ACK,5,20210224,122500,18.9,18.9,18.9,18.9,10,0
ACK,5,20210224,124500,18.9,19,18.9,19,150,0
ACK,5,20210224,132500,19.1,19.1,19.1,19.1,162,0
ACK,5,20210224,133000,19.2,19.2,19.2,19.2,38,0
ACK,5,20210224,142500,18.6,18.6,18.4,18.4,1500,0
ACK,5,20210224,143000,18.4,19.1,18.4,19.1,85,0
ACK,5,20210224,153500,18.2,18.3,18,18,1451,0
ACK,5,20210224,163000,18.3,18.3,18.3,18.3,10,0
ACK,5,20210224,163500,18,18,18,18,40,0
ACK,5,20210224,164000,18.3,18.3,18.3,18.3,10,0
ACK,5,20210224,165500,18,18,18,18,100,0
ACK,5,20210225,090000,18.3,18.8,18.3,18.8,65,0
ACK,5,20210225,093000,18.3,18.3,18,18,539,0
ACK,5,20210225,093500,17.8,18,17.8,18,200,0
ACK,5,20210225,101000,17.6,17.6,17.6,17.6,75,0
ACK,5,20210225,101500,17.5,17.5,17.4,17.4,300,0
ACK,5,20210225,102000,18,18,18,18,10,0
ACK,5,20210225,103000,17.5,17.5,17.5,17.5,100,0
ACK,5,20210225,103500,17.9,18,17.9,18,2157,0
ACK,5,20210225,104000,18.1,18.1,18.1,18.1,10,0
ACK,5,20210225,111000,18,18,18,18,100,0
ACK,5,20210225,111500,18.1,18.3,18.1,18.3,540,0
ACK,5,20210225,112000,18.3,18.4,18.3,18.4,60,0
ACK,5,20210225,112500,18.3,18.3,18.3,18.3,60,0
ACK,5,20210225,113000,18.4,18.4,18.4,18.4,10,0
ACK,5,20210225,120500,18.4,18.4,18.4,18.4,50,0
ACK,5,20210225,122000,18.4,18.6,18.4,18.6,1855,0
ACK,5,20210225,124000,18.6,18.6,18.6,18.6,28,0
ACK,5,20210225,131500,18.6,18.7,18.6,18.7,140,0
ACK,5,20210225,132000,18.7,18.7,18.7,18.7,75,0
ACK,5,20210225,141000,18.7,18.7,18.7,18.7,97,0
ACK,5,20210225,142000,18.8,18.8,18.8,18.8,10,0
ACK,5,20210225,150500,18.8,18.8,18.8,18.8,3,0
ACK,5,20210225,151500,18.5,18.5,18.4,18.4,448,0
ACK,5,20210225,152000,18.4,18.4,18.4,18.4,40,0
ACK,5,20210225,152500,18.5,18.5,18.5,18.5,260,0
ACK,5,20210225,155500,18.8,18.8,18.8,18.8,10,0
ACK,5,20210225,164500,18.2,18.2,18.2,18.2,91,0
ACK,5,20210226,090000,18.4,18.4,18.4,18.4,10,0
ACK,5,20210226,090500,18.4,18.4,18.4,18.4,359,0
ACK,5,20210226,091500,19.1,19.1,19.1,19.1,10,0
ACK,5,20210226,094000,19.1,19.2,19.1,19.2,651,0
ACK,5,20210226,095500,19.4,19.4,19.4,19.4,5,0
ACK,5,20210226,100000,19,19,19,19,84,0
ACK,5,20210226,102000,19,19,19,19,6,0
ACK,5,20210226,111500,18.8,18.8,18.8,18.8,10,0
ACK,5,20210226,114000,19.4,19.4,19.4,19.4,10,0
ACK,5,20210226,131000,19.4,19.4,19.4,19.4,149,0
ACK,5,20210226,141000,18.8,18.8,18.8,18.8,80,0
ACK,5,20210226,145500,19.3,19.3,19.3,19.3,10,0
ACK,5,20210301,090000,19.4,19.4,19.4,19.4,15,0
ACK,5,20210301,101500,18.6,18.6,18.4,18.4,330,0
ACK,5,20210301,102000,19.2,19.2,19.2,19.2,10,0
ACK,5,20210301,103500,18.3,18.4,18.3,18.4,70,0
ACK,5,20210301,104500,18.4,19.1,18.4,19.1,56,0
ACK,5,20210301,105000,18.3,18.3,18.3,18.3,37,0
ACK,5,20210301,105500,18.4,18.4,18.4,18.4,19,0
ACK,5,20210301,111000,18.4,18.4,18.4,18.4,18,0
ACK,5,20210301,111500,18.8,18.8,18.8,18.8,10,0
ACK,5,20210301,122500,18.4,18.4,18.4,18.4,100,0
ACK,5,20210301,123000,18.8,18.8,18.8,18.8,10,0
ACK,5,20210301,154500,18.3,18.3,18.3,18.3,180,0
ACK,5,20210301,161000,18.4,18.4,18.4,18.4,10,0
ACK,5,20210302,093500,18.4,18.4,18.4,18.4,20,0
ACK,5,20210302,094500,19,19,19,19,15,0
ACK,5,20210302,103000,19.1,19.1,19.1,19.1,15,0
ACK,5,20210302,114000,18.2,18.2,18.1,18.1,200,0
ACK,5,20210302,114500,18.7,18.7,18.7,18.7,20,0
ACK,5,20210302,124000,18.3,18.3,18.3,18.3,99,0
ACK,5,20210302,134000,18.3,18.3,17.6,17.6,861,0
ACK,5,20210302,134500,17.1,17.1,15.1,16.1,648,0
ACK,5,20210302,135000,17.1,17.1,17.1,17.1,1,0
ACK,5,20210302,135500,17.1,17.1,17.1,17.1,89,0
ACK,5,20210302,140500,17.2,17.5,17.2,17.5,120,0
ACK,5,20210302,143000,17,17,16.2,16.2,304,0
ACK,5,20210302,151000,17.3,17.3,17.3,17.3,5,0
ACK,5,20210302,154000,17.3,17.3,17.3,17.3,60,0
ACK,5,20210302,154500,17.5,17.5,17.5,17.5,10,0
ACK,5,20210302,155500,17,17,16.7,16.7,69,0
ACK,5,20210303,090000,17.2,17.2,17.2,17.2,10,0
ACK,5,20210303,090500,17.2,17.2,17.2,17.2,134,0
ACK,5,20210303,091000,17.6,18.1,17.6,18.1,60,0
ACK,5,20210303,091500,17.9,17.9,17.9,17.9,10,0
ACK,5,20210303,092000,18.1,18.1,18.1,18.1,15,0
ACK,5,20210303,120000,17.9,17.9,17.9,17.9,56,0
ACK,5,20210303,121500,17.5,17.5,17.5,17.5,42,0
ACK,5,20210303,124000,17.8,17.8,17.8,17.8,15,0
ACK,5,20210303,135500,17.5,17.8,17,17.8,135,0
ACK,5,20210303,143000,17,17,17,17,64,0
ACK,5,20210303,144000,17,17,17,17,59,0
ACK,5,20210303,154000,17.2,17.2,17.2,17.2,60,0
ACK,5,20210303,160000,17.2,17.2,17.2,17.2,150,0
ACK,5,20210303,161000,17.4,17.8,17.4,17.8,300,0
ACK,5,20210303,161500,17.7,19.4,17.7,19.4,417,0
ACK,5,20210303,162000,19.3,19.3,19,19,73,0
ACK,5,20210303,162500,19,19,19,19,100,0
ACK,5,20210303,163000,19.2,19.2,19.2,19.2,150,0
ACK,5,20210303,163500,19.3,19.3,19.3,19.3,400,0
ACK,5,20210303,164500,19.3,19.3,19.2,19.2,200,0
ACK,5,20210304,101000,18.1,18.1,18.1,18.1,27,0
ACK,5,20210304,101500,19.2,19.2,19.2,19.2,10,0
ACK,5,20210304,103000,18.5,18.5,18.5,18.5,27,0
ACK,5,20210304,113500,19.1,19.1,19.1,19.1,9,0
ACK,5,20210304,114000,19.1,19.1,19.1,19.1,100,0
ACK,5,20210304,120000,19.1,19.1,19.1,19.1,53,0
ACK,5,20210304,121500,19.1,19.1,19.1,19.1,47,0
ACK,5,20210304,161000,18.3,19.1,18.1,19.1,78,0
ACK,5,20210304,163500,18.3,19.1,18.3,19.1,25,0
ACK,5,20210305,090000,19.2,19.2,19.2,19.2,15,0
ACK,5,20210305,120000,18.1,18.1,18.1,18.1,17,0
ACK,5,20210305,120500,18.4,19,18.4,19,27,0
ACK,5,20210305,161500,18.6,19.1,18.6,19.1,150,0
ACK,5,20210305,162000,19,19,19,19,25,0
ACK,5,20210305,163500,19,19,19,19,25,0
ACK,5,20210308,090000,18.5,18.5,18.1,18.1,336,0
ACK,5,20210308,091000,18.3,18.3,18.3,18.3,25,0
ACK,5,20210308,094000,18.1,18.1,18.1,18.1,200,0
ACK,5,20210308,094500,18.1,18.1,18.1,18.1,55,0
ACK,5,20210308,101000,17.8,18,17.8,18,118,0
ACK,5,20210308,103500,18.3,18.3,18.3,18.3,55,0
ACK,5,20210308,135500,18.1,18.1,18.1,18.1,28,0
ACK,5,20210308,141000,18.1,18.1,18,18,206,0
ACK,5,20210308,145000,18.3,18.3,18.3,18.3,84,0
ACK,5,20210308,154500,18.4,18.4,18.4,18.4,250,0
ACK,5,20210308,164500,18.3,18.3,18.3,18.3,16,0
ACK,5,20210309,091500,18.1,18.1,18.1,18.1,53,0
ACK,5,20210309,093000,18.3,18.3,18.3,18.3,55,0
ACK,5,20210309,095000,18.1,18.1,18.1,18.1,56,0
ACK,5,20210309,100000,18.3,18.8,18.3,18.8,60,0
ACK,5,20210309,100500,18.5,18.5,18.5,18.5,40,0
ACK,5,20210309,110500,18.7,18.7,18.7,18.7,150,0
ACK,5,20210309,122500,18.5,18.5,18.5,18.5,410,0
ACK,5,20210309,131500,18.1,18.1,18.1,18.1,26,0
ACK,5,20210309,132500,18.3,18.3,18.3,18.3,26,0
ACK,5,20210309,135500,18.2,18.2,18.2,18.2,45,0
ACK,5,20210309,145500,18.2,18.2,18.2,18.2,4,0
ACK,5,20210309,150000,18.2,18.2,18.1,18.1,46,0
ACK,5,20210309,152000,18.2,18.2,18.1,18.1,170,0
ACK,5,20210309,153000,18.3,18.7,18.3,18.7,40,0
ACK,5,20210309,153500,18.5,18.5,18.5,18.5,20,0
ACK,5,20210309,155000,18.7,18.7,18.7,18.7,50,0
ACK,5,20210310,090000,18.1,18.1,18.1,18.1,56,0
ACK,5,20210310,091500,18.3,18.3,18.3,18.3,75,0
ACK,5,20210310,094500,18.1,18.1,18.1,18.1,25,0
ACK,5,20210310,095000,18.3,18.7,18.3,18.7,50,0
ACK,5,20210310,102500,18.7,18.7,18.7,18.7,55,0
ACK,5,20210310,103500,18.7,18.7,18.7,18.7,45,0
ACK,5,20210310,113500,18.7,18.7,18.7,18.7,55,0
ACK,5,20210310,115000,18.7,18.7,18.7,18.7,14,0
ACK,5,20210310,133500,18.1,18.1,18.1,18.1,56,0
ACK,5,20210310,162000,17.7,17.7,17.7,17.7,10,0
ACK,5,20210310,164000,18.2,18.7,18.2,18.7,200,0
ACK,5,20210310,164500,18.7,18.7,18.7,18.7,50,0
ACK,5,20210311,104000,18.1,18.1,16,16,1884,0
ACK,5,20210311,105000,17.6,17.6,17.5,17.5,87,0
ACK,5,20210311,105500,17.3,17.9,17.3,17.9,583,0
ACK,5,20210311,110000,18,18.8,18,18.8,570,0
ACK,5,20210311,110500,18.8,18.8,18.7,18.7,226,0
ACK,5,20210311,111000,18.7,19,18.7,19,258,0
ACK,5,20210311,115500,18.1,18.1,18.1,18.1,15,0
ACK,5,20210311,125000,18.1,18.1,18.1,18.1,61,0
ACK,5,20210311,145000,18.1,18.6,18.1,18.6,116,0
ACK,5,20210311,154500,18.9,18.9,18.9,18.9,10,0
ACK,5,20210311,164500,18.2,18.2,18.2,18.2,3,0
ACK,5,20210312,090000,18.1,18.1,18.1,18.1,59,0
ACK,5,20210312,092000,18.1,18.1,18.1,18.1,50,0
ACK,5,20210312,092500,18.1,18.1,18.1,18.1,210,0
ACK,5,20210312,093000,18,18,18,18,200,0
ACK,5,20210312,113000,18,18,18,18,151,0
ACK,5,20210312,114500,19,19,19,19,10,0
ACK,5,20210312,122000,18,18,18,18,500,0
ACK,5,20210312,125000,18,18,18,18,450,0
ACK,5,20210312,135000,17.9,17.9,17.9,17.9,126,0
ACK,5,20210312,142500,18,18.2,18,18.2,1750,0
ACK,5,20210312,150500,18.2,18.2,18.2,18.2,8,0
ACK,5,20210312,161000,17.9,17.9,17.9,17.9,1000,0
ACK,5,20210312,164500,17.9,18.9,17.9,18.9,210,0
ACK,5,20210315,102500,17.8,17.8,17.8,17.8,50,0
ACK,5,20210315,103000,18,18.9,18,18.9,966,0
ACK,5,20210315,103500,18,18,18,18,50,0
ACK,5,20210315,112000,18,18,18,18,6,0
ACK,5,20210315,120500,18,18,18,18,123,0
ACK,5,20210315,130500,17.8,17.8,17.8,17.8,28,0
ACK,5,20210315,131000,18,18,18,18,28,0
ACK,5,20210315,141500,18,18,18,18,72,0
ACK,5,20210315,142000,18,18,18,18,30,0
ACK,5,20210315,154500,18,18,18,18,84,0
ACK,5,20210315,161500,18,18,18,18,110,0
ACK,5,20210315,163000,17.9,17.9,17.9,17.9,111,0
ACK,5,20210315,163500,17.9,18,17.9,18,100,0
ACK,5,20210315,164500,17.8,17.8,17.8,17.8,7,0
ACK,5,20210316,090000,19,19,19,19,10,0
ACK,5,20210316,095000,17.9,17.9,17.8,17.8,262,0
ACK,5,20210316,100500,17.8,17.8,17.8,17.8,213,0
ACK,5,20210316,101000,17.8,17.8,17.8,17.8,90,0
ACK,5,20210316,103500,17.8,17.8,17.8,17.8,125,0
ACK,5,20210316,153500,17.8,17.8,17.8,17.8,90,0
ACK,5,20210317,090500,16.9,16.9,16.9,16.9,26,0
ACK,5,20210317,091000,17.5,17.5,17.5,17.5,10,0
ACK,5,20210317,091500,17.5,17.5,17.5,17.5,100,0
ACK,5,20210317,092000,16.9,16.9,16.9,16.9,59,0
ACK,5,20210317,092500,16.9,16.9,16.9,16.9,622,0
ACK,5,20210317,094000,17.5,17.5,17.5,17.5,10,0
ACK,5,20210317,105500,17,17,17,17,200,0
ACK,5,20210317,115500,17,17,16.6,16.6,1079,0
ACK,5,20210317,120000,16.5,16.8,16.1,16.8,1114,0
ACK,5,20210317,120500,16.9,17,16.9,17,160,0
ACK,5,20210317,121000,16.3,16.3,16,16,1399,0
ACK,5,20210317,122500,16.7,16.7,16.7,16.7,10,0
ACK,5,20210317,142500,16.5,16.5,16.5,16.5,100,0
ACK,5,20210317,143000,16.5,16.5,16.5,16.5,40,0
ACK,5,20210317,152500,16.5,16.5,16.5,16.5,150,0
ACK,5,20210317,163000,16.5,16.5,16.5,16.5,100,0
ACK,5,20210317,164000,16.5,16.6,16.5,16.6,289,0
ACK,5,20210317,164500,16.8,17.8,16.8,17.8,1000,0
ACK,5,20210317,165500,17.8,17.8,17.8,17.8,211,0
ACK,5,20210318,090000,17.9,17.9,17.9,17.9,10,0
ACK,5,20210318,163500,17.9,17.9,17.9,17.9,60,0
ACK,5,20210318,164500,18,18.6,18,18.5,120,0
ACK,5,20210319,105500,17.8,17.8,16.1,16.2,1957,0
ACK,5,20210319,110000,16.8,17.1,16.8,17.1,150,0
ACK,5,20210319,111000,16.8,17.2,16.5,17.1,1988,0
ACK,5,20210319,111500,16.7,16.7,16.7,16.7,1063,0
ACK,5,20210319,112000,17.1,17.1,17.1,17.1,165,0
ACK,5,20210319,113500,17,17,17,17,30,0
ACK,5,20210319,124500,17,17,17,17,59,0
ACK,5,20210319,133500,17.3,17.3,17.3,17.3,50,0
ACK,5,20210319,162500,17.2,17.2,17.2,17.2,80,0
ACK,5,20210319,164500,16.7,16.7,16.7,16.7,421,0
ACK,5,20210322,090000,17,17,17,17,40,0
ACK,5,20210322,105500,17,17,17,17,50,0
ACK,5,20210322,114000,16.8,16.8,16.8,16.8,1184,0
ACK,5,20210322,140500,17,17,17,17,10,0
ACK,5,20210322,141500,17,17,17,17,209,0
ACK,5,20210322,144500,17.6,17.6,17.6,17.6,10,0
ACK,5,20210322,151000,17.6,18,17.6,17.9,192,0
ACK,5,20210322,151500,17.8,17.8,17.8,17.8,99,0
ACK,5,20210322,154000,17.7,18.2,17.7,18.2,320,0
ACK,5,20210322,160000,18.2,18.2,18.2,18.2,110,0
ACK,5,20210322,161000,18.3,18.3,18.3,18.3,10,0
ACK,5,20210322,162000,18.2,18.2,18.2,18.2,90,0
ACK,5,20210322,164500,17.8,18.4,17.8,18.4,124,0
ACK,5,20210323,090000,15.4,16.1,15.3,15.6,5320,0
ACK,5,20210323,090500,15.6,15.9,15.6,15.9,1950,0
ACK,5,20210323,091000,15.9,16.2,15.9,16.2,125,0
ACK,5,20210323,091500,16.2,16.3,16,16.3,1210,0
ACK,5,20210323,092000,16.6,16.6,16.6,16.6,10,0
ACK,5,20210323,092500,16.2,16.2,16.2,16.2,115,0
ACK,5,20210323,093500,16.2,16.2,16.1,16.1,225,0
ACK,5,20210323,094000,16.1,16.1,15.9,15.9,490,0
ACK,5,20210323,094500,16.2,16.2,16.2,16.2,50,0
ACK,5,20210323,095000,16.2,16.2,16,16,191,0
ACK,5,20210323,095500,16,16,15.9,16,208,0
ACK,5,20210323,100500,15.9,15.9,15.9,15.9,116,0
ACK,5,20210323,103500,16,16,16,16,80,0
ACK,5,20210323,104000,16,16,16,16,150,0
ACK,5,20210323,105500,16,16,16,16,85,0
ACK,5,20210323,112000,16.2,16.3,16.2,16.3,350,0
ACK,5,20210323,112500,16,16,16,16,165,0
ACK,5,20210323,113500,16.3,16.3,15.8,15.8,835,0
ACK,5,20210323,120500,16,16.2,16,16.2,600,0
ACK,5,20210323,121000,16.2,16.2,16.2,16.2,22,0
ACK,5,20210323,132500,16.2,16.2,16.2,16.2,123,0
ACK,5,20210323,133000,16.2,16.2,16.2,16.2,35,0
ACK,5,20210323,133500,16.3,16.3,16.3,16.3,65,0
ACK,5,20210323,142000,16.3,16.4,16.3,16.4,52,0
ACK,5,20210323,142500,16.4,16.4,16.4,16.4,21,0
ACK,5,20210323,152000,16.4,16.9,16.4,16.9,65,0
ACK,5,20210323,165500,16.3,16.3,16.3,16.3,150,0
ACK,5,20210324,090000,16.3,16.3,16.3,16.3,50,0
ACK,5,20210324,091500,16.8,16.8,16.8,16.8,459,0
ACK,5,20210324,094000,16.7,16.8,16.7,16.8,254,0
ACK,5,20210324,102000,16.3,16.3,16.3,16.3,100,0
ACK,5,20210324,102500,16.2,16.2,16.2,16.2,63,0
ACK,5,20210324,104000,16,16,16,16,200,0
ACK,5,20210324,105000,16,16.1,16,16.1,100,0
ACK,5,20210324,110000,16.1,16.1,16.1,16.1,6,0
ACK,5,20210324,114000,15.8,15.8,15.3,15.4,2342,0
ACK,5,20210324,114500,15.4,15.4,15.4,15.4,91,0
ACK,5,20210324,125500,15.8,15.8,15.8,15.8,32,0
ACK,5,20210324,133000,15.8,15.8,15.8,15.8,100,0
ACK,5,20210324,142500,15.8,15.8,15.8,15.8,36,0
ACK,5,20210324,143000,15.9,15.9,15.9,15.9,64,0
ACK,5,20210324,161000,15.9,15.9,15.9,15.9,50,0
ACK,5,20210324,165500,15.5,15.5,15.5,15.5,7,0
ACK,5,20210325,090000,16,16,16,16,10,0
ACK,5,20210325,105000,15.7,15.8,15.7,15.8,81,0
ACK,5,20210325,111500,15.8,15.8,15.8,15.8,74,0
ACK,5,20210325,114500,15.7,15.7,15.7,15.7,100,0
ACK,5,20210325,135500,15.7,15.8,15.7,15.8,54,0
ACK,5,20210325,145000,15.2,15.2,15.1,15.1,236,0
ACK,5,20210325,145500,15.1,15.1,15,15,217,0
ACK,5,20210325,150000,15.3,15.3,15.3,15.3,100,0
ACK,5,20210325,151000,15.1,15.1,14.9,14.9,150,0
ACK,5,20210325,153000,15,15.3,15,15.2,175,0
ACK,5,20210325,165500,15.2,15.2,15.2,15.2,10,0
ACK,5,20210326,090000,14.5,14.5,14.5,14.5,190,0
ACK,5,20210326,090500,14.4,14.4,14.4,14.4,100,0
ACK,5,20210326,092500,14.4,14.4,14.4,14.4,100,0
ACK,5,20210326,093000,14.7,14.7,14.7,14.7,70,0
ACK,5,20210326,093500,15.4,15.4,15.4,15.4,5,0
ACK,5,20210326,111000,14.7,14.7,14.7,14.7,81,0
ACK,5,20210326,113500,14.7,14.7,14.7,14.7,299,0
ACK,5,20210326,121500,14.5,14.5,14.3,14.3,350,0
ACK,5,20210326,124500,14.3,14.3,13.1,13.1,1060,0
ACK,5,20210326,125000,12.9,13,12.9,13,5017,0
ACK,5,20210326,125500,12.6,12.9,12.5,12.5,1504,0
ACK,5,20210326,130000,12.7,12.9,12.7,12.7,4748,0
ACK,5,20210326,130500,13.8,13.8,13.1,13.8,214,0
ACK,5,20210326,131000,13.8,13.9,13.8,13.9,710,0
ACK,5,20210326,131500,14,14,14,14,737,0
ACK,5,20210326,132000,13.9,13.9,13.9,13.9,72,0
ACK,5,20210326,135000,13.5,13.5,13.5,13.5,189,0
ACK,5,20210326,141500,13.6,13.6,13.6,13.6,150,0
ACK,5,20210326,143000,13.6,13.6,13.6,13.6,100,0
ACK,5,20210326,143500,13.6,14,13.6,14,29,0
ACK,5,20210326,144500,14,14,14,14,40,0
ACK,5,20210326,145000,13.9,13.9,13.9,13.9,72,0
ACK,5,20210326,145500,13.6,13.6,13.6,13.6,278,0
ACK,5,20210326,162000,13.9,14,13.9,14,70,0
ACK,5,20210326,164500,14,14,14,14,46,0
