<TICKER>,<PER>,<DATE>,<TIME>,<OPEN>,<HIGH>,<LOW>,<CLOSE>,<VOL>,<OPENINT>
AIN,5,20210204,090500,2.24,2.24,2.24,2.24,250,0
AIN,5,20210204,102500,2.22,2.22,2.22,2.22,200,0
AIN,5,20210204,103000,2.2,2.22,2.2,2.22,1010,0
AIN,5,20210204,122000,2.22,2.22,2.22,2.22,450,0
AIN,5,20210204,131000,2.2,2.2,2.2,2.2,150,0
AIN,5,20210204,132000,2.18,2.18,2.18,2.18,200,0
AIN,5,20210204,134000,2.14,2.14,2.08,2.08,6103,0
AIN,5,20210204,140000,2.18,2.18,2.18,2.18,130,0
AIN,5,20210204,143000,2.1,2.1,2.1,2.1,1111,0
AIN,5,20210204,150500,2.1,2.1,2.08,2.08,737,0
AIN,5,20210204,153000,2.1,2.1,2.08,2.08,3071,0
AIN,5,20210204,153500,2.08,2.08,2.08,2.08,29,0
AIN,5,20210204,161000,2.1,2.14,2.1,2.14,700,0
AIN,5,20210204,164000,2.08,2.08,2.08,2.08,471,0
AIN,5,20210204,164500,2.12,2.12,2.12,2.12,2309,0
AIN,5,20210205,090000,2.04,2.14,2,2.14,13050,0
AIN,5,20210205,091500,2.14,2.18,2.14,2.18,1400,0
AIN,5,20210205,093000,2.02,2.02,2,2,11400,0
AIN,5,20210205,094000,2,2,2,2,10000,0
AIN,5,20210205,095000,1.99,1.99,1.99,1.99,150,0
AIN,5,20210205,100500,1.99,2,1.99,2,1750,0
AIN,5,20210205,101000,2,2.08,2,2.08,2550,0
AIN,5,20210205,104000,2.04,2.04,2.04,2.04,50,0
AIN,5,20210205,105500,2.02,2.02,1.99,1.99,1342,0
AIN,5,20210205,110000,1.99,2.08,1.99,2.08,1078,0
AIN,5,20210205,120000,2.08,2.1,2.08,2.1,425,0
AIN,5,20210205,150000,2.02,2.02,2,2,16000,0
AIN,5,20210205,150500,2,2.1,2,2.1,325,0
AIN,5,20210205,162500,1.99,1.99,1.99,1.99,2048,0
AIN,5,20210205,163500,2,2,2,2,1571,0
AIN,5,20210205,164000,2,2,2,2,957,0
AIN,5,20210205,164500,2,2.08,2,2.08,4994,0
AIN,5,20210208,090000,2.1,2.1,2.08,2.08,8301,0
AIN,5,20210208,092000,2.02,2.02,2.02,2.02,961,0
AIN,5,20210208,095000,2.04,2.08,2,2.08,2100,0
AIN,5,20210208,110000,2.06,2.08,2.04,2.08,2200,0
AIN,5,20210208,122000,2.04,2.04,2.04,2.04,957,0
AIN,5,20210208,122500,2.04,2.06,2,2.06,1300,0
AIN,5,20210208,125000,2,2,2,2,6600,0
AIN,5,20210208,130500,2,2,2,2,500,0
AIN,5,20210208,131000,2,2,2,2,81,0
AIN,5,20210208,133500,2,2,2,2,3419,0
AIN,5,20210208,134000,2,2,2,2,107,0
AIN,5,20210208,134500,2,2,2,2,9900,0
AIN,5,20210208,135000,2,2,2,2,5980,0
AIN,5,20210208,150000,2,2,2,2,2900,0
AIN,5,20210208,151000,2,2,2,2,500,0
AIN,5,20210208,151500,2.04,2.04,1.9,1.9,34570,0
AIN,5,20210208,153500,1.9,1.9,1.9,1.9,34,0
AIN,5,20210208,154500,1.9,1.9,1.9,1.9,3566,0
AIN,5,20210208,155000,1.9,1.9,1.9,1.9,1500,0
AIN,5,20210208,155500,1.9,1.9,1.85,1.85,97520,0
AIN,5,20210208,161500,1.89,1.89,1.89,1.89,200,0
AIN,5,20210208,162000,1.9,1.94,1.9,1.94,1000,0
AIN,5,20210208,162500,1.95,1.97,1.95,1.97,538,0
AIN,5,20210208,163000,1.97,2,1.97,2,1150,0
AIN,5,20210208,163500,2,2.02,2,2.02,915,0
AIN,5,20210208,164000,2.04,2.04,2.02,2.02,500,0
AIN,5,20210209,090000,2.06,2.06,2.06,2.06,2200,0
AIN,5,20210209,093500,1.96,1.96,1.96,1.96,1275,0
AIN,5,20210209,094500,1.98,1.98,1.98,1.98,2870,0
AIN,5,20210209,095000,1.98,1.98,1.96,1.96,5215,0
AIN,5,20210209,101000,1.96,1.96,1.96,1.96,578,0
AIN,5,20210209,102000,1.94,1.96,1.94,1.96,1000,0
AIN,5,20210209,103500,1.93,1.93,1.93,1.93,500,0
AIN,5,20210209,105000,1.92,1.92,1.82,1.82,10660,0
AIN,5,20210209,105500,1.84,1.84,1.84,1.84,500,0
AIN,5,20210209,110000,1.82,1.93,1.8,1.85,11495,0
AIN,5,20210209,110500,1.85,2,1.85,2,1050,0
AIN,5,20210209,111000,1.84,1.99,1.8,1.99,13820,0
AIN,5,20210209,111500,1.8,1.8,1.8,1.8,1259,0
AIN,5,20210209,112000,1.8,1.8,1.8,1.8,1200,0
AIN,5,20210209,112500,1.8,1.8,1.8,1.8,27541,0
AIN,5,20210209,113000,1.81,1.9,1.8,1.8,64550,0
AIN,5,20210209,114000,1.85,1.85,1.85,1.85,500,0
AIN,5,20210209,121500,1.88,1.88,1.88,1.88,200,0
AIN,5,20210209,124000,1.89,1.9,1.89,1.9,3459,0
AIN,5,20210209,124500,1.9,1.9,1.9,1.9,1150,0
AIN,5,20210209,140000,1.88,1.88,1.88,1.88,2000,0
AIN,5,20210209,140500,1.88,1.9,1.85,1.9,1860,0
AIN,5,20210209,141000,1.85,1.85,1.8,1.8,25628,0
AIN,5,20210209,143500,1.84,1.84,1.84,1.84,600,0
AIN,5,20210209,144500,1.8,1.8,1.79,1.79,5267,0
AIN,5,20210209,150000,1.77,1.79,1.77,1.79,233,0
AIN,5,20210209,150500,1.76,1.76,1.76,1.76,599,0
AIN,5,20210209,152000,1.8,1.8,1.8,1.8,560,0
AIN,5,20210209,153000,1.8,1.8,1.8,1.8,660,0
AIN,5,20210209,153500,1.8,1.8,1.8,1.8,1500,0
AIN,5,20210209,154500,1.8,1.8,1.8,1.8,3500,0
AIN,5,20210209,155500,1.8,1.8,1.8,1.8,2279,0
AIN,5,20210209,160000,1.8,1.8,1.8,1.8,1648,0
AIN,5,20210209,161000,1.8,1.8,1.8,1.8,474,0
AIN,5,20210209,162000,1.8,1.8,1.8,1.8,1006,0
AIN,5,20210209,162500,1.79,1.79,1.79,1.79,1800,0
AIN,5,20210209,163500,1.79,1.85,1.79,1.85,1557,0
AIN,5,20210209,164000,1.85,1.85,1.85,1.85,170,0
AIN,5,20210209,164500,1.8,1.8,1.8,1.8,2088,0
AIN,5,20210210,090000,1.76,1.85,1.76,1.85,2410,0
AIN,5,20210210,091000,1.85,1.85,1.85,1.85,172,0
AIN,5,20210210,091500,1.85,1.85,1.85,1.85,500,0
AIN,5,20210210,092000,1.84,1.86,1.84,1.86,3000,0
AIN,5,20210210,092500,1.86,1.88,1.86,1.86,3710,0
AIN,5,20210210,093000,1.88,1.9,1.88,1.9,2315,0
AIN,5,20210210,094500,1.89,1.89,1.89,1.89,600,0
AIN,5,20210210,095000,1.89,1.89,1.89,1.89,2000,0
AIN,5,20210210,102500,1.87,1.87,1.87,1.87,200,0
AIN,5,20210210,103500,1.89,1.89,1.89,1.89,1100,0
AIN,5,20210210,104000,1.9,1.9,1.89,1.9,670,0
AIN,5,20210210,104500,1.9,1.9,1.9,1.9,500,0
AIN,5,20210210,111000,1.9,1.9,1.9,1.9,1200,0
AIN,5,20210210,112500,1.9,1.9,1.9,1.9,150,0
AIN,5,20210210,113500,1.9,1.9,1.9,1.9,1387,0
AIN,5,20210210,114000,1.9,1.93,1.9,1.93,2100,0
AIN,5,20210210,123500,1.9,1.9,1.9,1.9,1575,0
AIN,5,20210210,124000,1.93,1.93,1.93,1.93,10,0
AIN,5,20210210,125500,1.9,1.9,1.89,1.89,897,0
AIN,5,20210210,130000,1.92,1.92,1.91,1.91,695,0
AIN,5,20210210,130500,1.89,1.89,1.86,1.86,4337,0
AIN,5,20210210,135000,1.85,1.87,1.8,1.87,8579,0
AIN,5,20210210,150000,1.85,1.85,1.85,1.85,500,0
AIN,5,20210210,150500,1.85,1.85,1.85,1.85,2730,0
AIN,5,20210210,153500,1.85,1.87,1.85,1.87,738,0
AIN,5,20210210,154500,1.87,1.9,1.87,1.9,725,0
AIN,5,20210210,163000,1.81,1.81,1.8,1.8,3000,0
AIN,5,20210210,164500,1.79,1.84,1.78,1.84,2025,0
AIN,5,20210211,090000,1.84,1.84,1.84,1.84,1150,0
AIN,5,20210211,090500,1.84,1.89,1.84,1.89,1230,0
AIN,5,20210211,093000,1.89,1.89,1.89,1.89,158,0
AIN,5,20210211,093500,1.89,1.9,1.89,1.9,525,0
AIN,5,20210211,094500,1.88,1.88,1.88,1.88,800,0
AIN,5,20210211,095500,1.88,1.9,1.88,1.9,180,0
AIN,5,20210211,104000,1.9,1.9,1.9,1.9,350,0
AIN,5,20210211,111500,1.85,1.88,1.83,1.88,1580,0
AIN,5,20210211,115500,1.83,1.83,1.82,1.82,219,0
AIN,5,20210211,120000,1.82,1.9,1.82,1.9,1575,0
AIN,5,20210211,120500,1.88,1.91,1.88,1.91,3885,0
AIN,5,20210211,121000,1.82,1.91,1.82,1.91,525,0
AIN,5,20210211,131000,1.82,1.82,1.8,1.8,5000,0
AIN,5,20210211,132500,1.89,1.89,1.89,1.89,25,0
AIN,5,20210211,152000,1.88,1.96,1.88,1.96,6705,0
AIN,5,20210211,152500,1.95,1.97,1.95,1.97,5100,0
AIN,5,20210211,153500,1.87,1.87,1.87,1.87,1602,0
AIN,5,20210211,154000,1.9,1.9,1.9,1.9,75,0
AIN,5,20210211,155000,1.89,1.89,1.89,1.89,584,0
AIN,5,20210212,090000,1.9,1.92,1.9,1.92,1105,0
AIN,5,20210212,090500,1.9,1.9,1.9,1.9,500,0
AIN,5,20210212,091000,1.92,1.93,1.92,1.93,1175,0
AIN,5,20210212,091500,1.93,1.93,1.93,1.93,3495,0
AIN,5,20210212,092500,1.94,1.95,1.94,1.95,1985,0
AIN,5,20210212,093000,1.96,1.97,1.96,1.97,950,0
AIN,5,20210212,095000,1.97,1.98,1.97,1.98,3533,0
AIN,5,20210212,095500,1.98,1.98,1.98,1.98,1500,0
AIN,5,20210212,100000,1.98,1.98,1.98,1.98,1050,0
AIN,5,20210212,101000,1.98,1.98,1.98,1.98,380,0
AIN,5,20210212,102000,1.99,1.99,1.98,1.98,940,0
AIN,5,20210212,102500,1.98,1.98,1.98,1.98,880,0
AIN,5,20210212,103000,2,2,2,2,600,0
AIN,5,20210212,103500,2,2.02,2,2.02,1000,0
AIN,5,20210212,104500,2.02,2.02,2.02,2.02,350,0
AIN,5,20210212,105500,2.02,2.02,2.02,2.02,1972,0
AIN,5,20210212,110000,2.02,2.12,2.02,2.12,10392,0
AIN,5,20210212,110500,2.12,2.12,2.12,2.12,150,0
AIN,5,20210212,111500,2.1,2.1,2.1,2.1,500,0
AIN,5,20210212,115000,2.1,2.14,2.1,2.14,10766,0
AIN,5,20210212,115500,2.16,2.16,2.16,2.16,20,0
AIN,5,20210212,120000,2.14,2.14,2.14,2.14,280,0
AIN,5,20210212,120500,2.14,2.16,2.02,2.02,2331,0
AIN,5,20210212,121000,2.12,2.16,2.12,2.16,110,0
AIN,5,20210212,121500,2.14,2.28,2.14,2.28,45354,0
AIN,5,20210212,122000,2.2,2.26,2.2,2.24,4060,0
AIN,5,20210212,122500,2.26,2.26,2.26,2.26,20,0
AIN,5,20210212,123000,2.26,2.26,2.26,2.26,800,0
AIN,5,20210212,123500,2.22,2.22,2.22,2.22,1000,0
AIN,5,20210212,130500,2.18,2.18,2.18,2.18,3043,0
AIN,5,20210212,131000,2.18,2.18,2.18,2.18,500,0
AIN,5,20210212,133000,2.16,2.18,2.1,2.1,3250,0
AIN,5,20210212,134000,2.1,2.18,2.1,2.18,1900,0
AIN,5,20210212,135000,2.1,2.18,2.1,2.18,1100,0
AIN,5,20210212,140000,2.1,2.18,2.1,2.18,800,0
AIN,5,20210212,141000,2.08,2.14,2.08,2.14,1050,0
AIN,5,20210212,142000,2.14,2.16,2.14,2.16,2000,0
AIN,5,20210212,142500,2.08,2.08,2.08,2.08,315,0
AIN,5,20210212,143500,2.08,2.16,2.06,2.16,4911,0
AIN,5,20210212,150000,2.16,2.18,2.16,2.18,5000,0
AIN,5,20210212,150500,2.18,2.22,2.18,2.22,150,0
AIN,5,20210212,151500,2.2,2.2,2.2,2.2,247,0
AIN,5,20210212,152000,2.2,2.2,2.2,2.2,700,0
AIN,5,20210212,152500,2.2,2.2,2.2,2.2,300,0
AIN,5,20210212,155500,2.2,2.2,2.2,2.2,5969,0
AIN,5,20210212,160000,2.2,2.24,2.2,2.24,6050,0
AIN,5,20210212,162000,2.2,2.2,2.12,2.12,1020,0
AIN,5,20210212,162500,2.22,2.22,2.22,2.22,50,0
AIN,5,20210212,163500,2.2,2.2,2.2,2.2,200,0
AIN,5,20210212,164500,2.2,2.2,2.2,2.2,1100,0
AIN,5,20210215,090000,2.2,2.2,2.2,2.2,300,0
AIN,5,20210215,090500,2.14,2.14,2.1,2.12,2618,0
AIN,5,20210215,091000,2.12,2.12,2.12,2.12,252,0
AIN,5,20210215,091500,2.2,2.2,2.2,2.2,50,0
AIN,5,20210215,092500,2.2,2.22,2.2,2.22,1200,0
AIN,5,20210215,093000,2.22,2.24,2.22,2.24,720,0
AIN,5,20210215,100500,2.12,2.12,2.12,2.12,1200,0
AIN,5,20210215,101000,2.1,2.16,2.1,2.16,750,0
AIN,5,20210215,113500,2.08,2.08,2.08,2.08,800,0
AIN,5,20210215,114500,2.08,2.08,2.06,2.06,2500,0
AIN,5,20210215,122500,2.1,2.1,2.1,2.1,50,0
AIN,5,20210215,124000,2.08,2.08,2.08,2.08,250,0
AIN,5,20210215,142000,2.08,2.08,2.08,2.08,750,0
AIN,5,20210215,152500,2.04,2.04,1.96,1.96,4000,0
AIN,5,20210215,154000,2,2.08,2,2.08,500,0
AIN,5,20210215,162500,2.08,2.1,2.08,2.1,1400,0
AIN,5,20210215,164500,2.1,2.1,2.1,2.1,6000,0
AIN,5,20210216,090000,2.12,2.12,2.12,2.12,1000,0
AIN,5,20210216,090500,2.12,2.12,2.12,2.12,800,0
AIN,5,20210216,091000,2.1,2.1,2.1,2.1,158,0
AIN,5,20210216,093500,2.06,2.1,2.02,2.02,2891,0
AIN,5,20210216,094000,2.08,2.08,2.08,2.08,19,0
AIN,5,20210216,100000,2.02,2.02,2.02,2.02,10000,0
AIN,5,20210216,101500,2,2,2,2,1000,0
AIN,5,20210216,104000,1.99,1.99,1.99,1.99,612,0
AIN,5,20210216,105500,2,2,2,2,1462,0
AIN,5,20210216,110500,2.02,2.02,2.02,2.02,500,0
AIN,5,20210216,113000,2.02,2.06,2.02,2.06,500,0
AIN,5,20210216,114500,2.06,2.06,2.06,2.06,1440,0
AIN,5,20210216,115000,2.08,2.08,2.08,2.08,50,0
AIN,5,20210216,121000,2.06,2.08,2,2.08,6050,0
AIN,5,20210216,123500,2.08,2.08,2.08,2.08,4052,0
AIN,5,20210216,125500,2.1,2.1,2.1,2.1,50,0
AIN,5,20210216,133000,2.02,2.02,2.02,2.02,371,0
AIN,5,20210216,135000,2.02,2.02,2.02,2.02,1000,0
AIN,5,20210216,141000,2.02,2.06,2,2.06,2050,0
AIN,5,20210217,091500,2,2,2,2,500,0
AIN,5,20210217,093000,2,2,2,2,1000,0
AIN,5,20210217,100500,2,2,2,2,1000,0
AIN,5,20210217,101000,2.06,2.06,2.06,2.06,20,0
AIN,5,20210217,102000,2.06,2.08,2.06,2.08,1000,0
AIN,5,20210217,102500,2.04,2.04,2.04,2.04,150,0
AIN,5,20210217,121500,2.04,2.04,2.04,2.04,1000,0
AIN,5,20210217,130000,2.04,2.3,2.04,2.3,41125,0
AIN,5,20210217,130500,2.28,2.4,2.28,2.4,53545,0
AIN,5,20210217,131000,2.4,2.4,2.38,2.4,7888,0
AIN,5,20210217,131500,2.5,2.6,2.4,2.46,82499,0
AIN,5,20210217,132000,2.4,2.4,2.34,2.4,15023,0
AIN,5,20210217,132500,2.36,2.4,2.3,2.38,21431,0
AIN,5,20210217,133000,2.38,2.4,2.38,2.4,1101,0
AIN,5,20210217,133500,2.4,2.42,2.4,2.42,3796,0
AIN,5,20210217,134000,2.4,2.42,2.38,2.4,13187,0
AIN,5,20210217,134500,2.4,2.4,2.4,2.4,1679,0
AIN,5,20210217,135000,2.42,2.44,2.4,2.44,1742,0
AIN,5,20210217,135500,2.44,2.48,2.44,2.48,26883,0
AIN,5,20210217,140000,2.44,2.46,2.36,2.36,15903,0
AIN,5,20210217,140500,2.34,2.34,2.34,2.34,5745,0
AIN,5,20210217,141500,2.36,2.38,2.36,2.38,3641,0
AIN,5,20210217,142000,2.38,2.38,2.38,2.38,542,0
AIN,5,20210217,142500,2.38,2.38,2.34,2.34,3300,0
AIN,5,20210217,143000,2.36,2.36,2.34,2.36,1141,0
AIN,5,20210217,143500,2.36,2.36,2.36,2.36,59,0
AIN,5,20210217,144000,2.36,2.38,2.36,2.38,3631,0
AIN,5,20210217,144500,2.38,2.46,2.32,2.46,13717,0
AIN,5,20210217,145000,2.46,2.48,2.46,2.48,18322,0
AIN,5,20210217,145500,2.48,2.6,2.44,2.56,56443,0
AIN,5,20210217,150000,2.56,2.58,2.42,2.48,22150,0
AIN,5,20210217,150500,2.48,2.5,2.48,2.5,26273,0
AIN,5,20210217,151000,2.5,2.54,2.46,2.54,10223,0
AIN,5,20210217,151500,2.54,2.54,2.5,2.54,710,0
AIN,5,20210217,152000,2.5,2.66,2.5,2.66,24266,0
AIN,5,20210217,152500,2.6,2.6,2.54,2.54,11800,0
AIN,5,20210217,153000,2.56,2.6,2.54,2.54,3590,0
AIN,5,20210217,153500,2.56,2.58,2.56,2.58,4503,0
AIN,5,20210217,154500,2.6,2.6,2.6,2.6,200,0
AIN,5,20210217,155500,2.56,2.56,2.48,2.54,16780,0
AIN,5,20210217,160000,2.54,2.54,2.54,2.54,400,0
AIN,5,20210217,160500,2.52,2.52,2.48,2.48,4563,0
AIN,5,20210217,161000,2.54,2.54,2.54,2.54,1,0
AIN,5,20210217,161500,2.48,2.54,2.46,2.46,5107,0
AIN,5,20210217,162000,2.5,2.5,2.4,2.44,22660,0
AIN,5,20210217,162500,2.44,2.44,2.4,2.4,8230,0
AIN,5,20210217,163000,2.4,2.44,2.4,2.44,5480,0
AIN,5,20210217,163500,2.44,2.48,2.44,2.48,5654,0
AIN,5,20210217,164000,2.48,2.48,2.48,2.48,1000,0
AIN,5,20210217,164500,2.46,2.46,2.44,2.44,12467,0
AIN,5,20210218,090000,2.54,2.56,2.44,2.56,9631,0
AIN,5,20210218,090500,2.5,2.5,2.5,2.5,700,0
AIN,5,20210218,091000,2.44,2.44,2.4,2.4,9905,0
AIN,5,20210218,091500,2.42,2.42,2.4,2.4,1400,0
AIN,5,20210218,092000,2.42,2.46,2.42,2.46,5472,0
AIN,5,20210218,092500,2.46,2.46,2.46,2.46,1000,0
AIN,5,20210218,093000,2.42,2.56,2.42,2.56,26161,0
AIN,5,20210218,093500,2.5,2.54,2.4,2.54,2210,0
AIN,5,20210218,094000,2.54,2.56,2.46,2.56,13324,0
AIN,5,20210218,094500,2.54,2.56,2.54,2.54,3760,0
AIN,5,20210218,095000,2.5,2.5,2.48,2.48,1260,0
AIN,5,20210218,100000,2.5,2.5,2.5,2.5,4100,0
AIN,5,20210218,100500,2.5,2.54,2.5,2.52,2359,0
AIN,5,20210218,101000,2.52,2.52,2.52,2.52,2000,0
AIN,5,20210218,101500,2.5,2.52,2.5,2.52,5230,0
AIN,5,20210218,102000,2.54,2.54,2.54,2.54,210,0
AIN,5,20210218,104000,2.5,2.5,2.5,2.5,5170,0
AIN,5,20210218,105500,2.48,2.52,2.48,2.52,3001,0
AIN,5,20210218,110000,2.5,2.5,2.5,2.5,300,0
AIN,5,20210218,110500,2.5,2.52,2.5,2.52,2000,0
AIN,5,20210218,111500,2.52,2.52,2.5,2.5,5265,0
AIN,5,20210218,112000,2.5,2.52,2.5,2.52,629,0
AIN,5,20210218,112500,2.48,2.52,2.46,2.52,438,0
AIN,5,20210218,114000,2.48,2.48,2.48,2.48,1000,0
AIN,5,20210218,115000,2.46,2.46,2.42,2.46,8722,0
AIN,5,20210218,121000,2.46,2.46,2.46,2.46,800,0
AIN,5,20210218,121500,2.46,2.46,2.42,2.42,1300,0
AIN,5,20210218,122000,2.42,2.42,2.42,2.42,700,0
AIN,5,20210218,122500,2.48,2.48,2.48,2.48,63,0
AIN,5,20210218,125000,2.46,2.46,2.46,2.46,1795,0
AIN,5,20210218,125500,2.46,2.46,2.46,2.46,300,0
AIN,5,20210218,130500,2.46,2.46,2.46,2.46,1000,0
AIN,5,20210218,132500,2.46,2.46,2.46,2.46,6820,0
AIN,5,20210218,133500,2.44,2.44,2.44,2.44,888,0
AIN,5,20210218,134500,2.44,2.44,2.44,2.44,812,0
AIN,5,20210218,135500,2.42,2.42,2.42,2.42,1000,0
AIN,5,20210218,141500,2.42,2.42,2.4,2.4,2000,0
AIN,5,20210218,142500,2.42,2.46,2.42,2.46,1060,0
AIN,5,20210218,143500,2.44,2.46,2.44,2.46,800,0
AIN,5,20210218,150000,2.46,2.46,2.46,2.46,1114,0
AIN,5,20210218,150500,2.42,2.42,2.42,2.42,70,0
AIN,5,20210218,151000,2.42,2.46,2.4,2.46,3177,0
AIN,5,20210218,152000,2.42,2.46,2.4,2.44,2100,0
AIN,5,20210218,153000,2.42,2.42,2.42,2.42,991,0
AIN,5,20210218,153500,2.44,2.46,2.44,2.46,510,0
AIN,5,20210218,155500,2.42,2.42,2.4,2.4,2900,0
AIN,5,20210218,160000,2.4,2.44,2.4,2.44,2010,0
AIN,5,20210218,161000,2.4,2.44,2.38,2.44,2510,0
AIN,5,20210218,161500,2.36,2.36,2.36,2.36,1300,0
AIN,5,20210218,163000,2.36,2.42,2.36,2.42,2246,0
AIN,5,20210218,164000,2.42,2.42,2.38,2.4,810,0
AIN,5,20210218,164500,2.4,2.5,2.4,2.5,11250,0
AIN,5,20210219,090000,2.5,2.5,2.5,2.5,1073,0
AIN,5,20210219,090500,2.5,2.5,2.5,2.5,816,0
AIN,5,20210219,094000,2.44,2.44,2.4,2.4,7859,0
AIN,5,20210219,095000,2.46,2.46,2.46,2.46,42,0
AIN,5,20210219,095500,2.4,2.4,2.4,2.4,823,0
AIN,5,20210219,100500,2.4,2.4,2.38,2.38,900,0
AIN,5,20210219,104000,2.44,2.46,2.44,2.46,4780,0
AIN,5,20210219,112500,2.48,2.48,2.46,2.46,480,0
AIN,5,20210219,114000,2.46,2.46,2.46,2.46,202,0
AIN,5,20210219,120500,2.46,2.5,2.46,2.5,6160,0
AIN,5,20210219,121000,2.5,2.5,2.5,2.5,200,0
AIN,5,20210219,121500,2.5,2.52,2.5,2.52,2600,0
AIN,5,20210219,123000,2.52,2.54,2.52,2.54,13183,0
AIN,5,20210219,123500,2.5,2.54,2.5,2.54,410,0
AIN,5,20210219,124500,2.54,2.54,2.54,2.54,400,0
AIN,5,20210219,133500,2.5,2.5,2.5,2.5,1670,0
AIN,5,20210219,135000,2.54,2.54,2.5,2.5,340,0
AIN,5,20210219,135500,2.54,2.54,2.54,2.54,500,0
AIN,5,20210219,140000,2.48,2.54,2.46,2.54,2510,0
AIN,5,20210219,161000,2.46,2.46,2.46,2.46,1850,0
AIN,5,20210219,162000,2.5,2.5,2.5,2.5,15,0
AIN,5,20210219,163500,2.46,2.52,2.44,2.52,2535,0
AIN,5,20210219,164500,2.52,2.56,2.52,2.56,13349,0
AIN,5,20210222,090000,2.54,2.54,2.54,2.54,17,0
AIN,5,20210222,090500,2.48,2.48,2.42,2.42,5670,0
AIN,5,20210222,091500,2.42,2.42,2.42,2.42,952,0
AIN,5,20210222,092500,2.48,2.48,2.42,2.42,1331,0
AIN,5,20210222,093000,2.48,2.5,2.48,2.5,4712,0
AIN,5,20210222,093500,2.5,2.5,2.5,2.5,1180,0
AIN,5,20210222,094000,2.48,2.48,2.44,2.44,242,0
AIN,5,20210222,102000,2.46,2.5,2.46,2.5,6335,0
AIN,5,20210222,103500,2.5,2.5,2.5,2.5,1,0
AIN,5,20210222,125000,2.46,2.52,2.46,2.52,5216,0
AIN,5,20210222,134500,2.52,2.52,2.52,2.52,244,0
AIN,5,20210222,140500,2.46,2.46,2.46,2.46,500,0
AIN,5,20210222,143000,2.46,2.46,2.46,2.46,10,0
AIN,5,20210222,150500,2.5,2.5,2.5,2.5,1700,0
AIN,5,20210222,152500,2.46,2.46,2.36,2.36,26002,0
AIN,5,20210222,162000,2.38,2.38,2.38,2.38,690,0
AIN,5,20210222,164000,2.38,2.4,2.36,2.4,10723,0
AIN,5,20210222,164500,2.4,2.4,2.4,2.4,2970,0
AIN,5,20210223,090000,2.36,2.4,2.24,2.4,6451,0
AIN,5,20210223,091000,2.4,2.4,2.3,2.3,11055,0
AIN,5,20210223,093500,2.32,2.32,2.32,2.32,2500,0
AIN,5,20210223,094000,2.32,2.32,2.3,2.3,2000,0
AIN,5,20210223,095500,2.38,2.38,2.38,2.38,500,0
AIN,5,20210223,100000,2.34,2.34,2.32,2.32,3000,0
AIN,5,20210223,101500,2.36,2.36,2.36,2.36,20,0
AIN,5,20210223,103000,2.3,2.3,2.3,2.3,631,0
AIN,5,20210223,111000,2.3,2.3,2.3,2.3,220,0
AIN,5,20210223,112500,2.28,2.28,2.28,2.28,2260,0
AIN,5,20210223,121500,2.36,2.36,2.36,2.36,111,0
AIN,5,20210223,124000,2.3,2.3,2.24,2.24,5000,0
AIN,5,20210223,125500,2.26,2.26,2.24,2.24,4236,0
AIN,5,20210223,133000,2.28,2.36,2.28,2.36,1009,0
AIN,5,20210223,155000,2.28,2.28,2.28,2.28,1500,0
AIN,5,20210223,161500,2.28,2.28,2.28,2.28,2980,0
AIN,5,20210223,164500,2.34,2.34,2.34,2.34,111,0
AIN,5,20210224,090500,2.4,2.4,2.4,2.4,100,0
AIN,5,20210224,091500,2.4,2.4,2.4,2.4,1000,0
AIN,5,20210224,093500,2.32,2.38,2.32,2.38,4110,0
AIN,5,20210224,100500,2.26,2.26,2.2,2.2,14000,0
AIN,5,20210224,101000,2.34,2.34,2.34,2.34,10,0
AIN,5,20210224,102000,2.34,2.34,2.3,2.3,301,0
AIN,5,20210224,103500,2.24,2.24,2.24,2.24,400,0
AIN,5,20210224,111500,2.26,2.3,2.24,2.3,3965,0
AIN,5,20210224,112500,2.22,2.22,2.2,2.2,5520,0
AIN,5,20210224,114500,2.22,2.22,2.22,2.22,445,0
AIN,5,20210224,122500,2.24,2.24,2.22,2.22,5000,0
AIN,5,20210224,125500,2.26,2.26,2.26,2.26,500,0
AIN,5,20210224,134500,2.26,2.26,2.26,2.26,1000,0
AIN,5,20210224,135500,2.22,2.22,2.22,2.22,202,0
AIN,5,20210224,140500,2.26,2.26,2.26,2.26,1316,0
AIN,5,20210224,144000,2.24,2.24,2.22,2.22,5510,0
AIN,5,20210224,155000,2.22,2.22,2.22,2.22,635,0
AIN,5,20210224,160500,2.28,2.28,2.28,2.28,10,0
AIN,5,20210224,162500,2.28,2.28,2.28,2.28,448,0
AIN,5,20210225,090000,2.24,2.32,2.24,2.32,410,0
AIN,5,20210225,103500,2.26,2.26,2.26,2.26,170,0
AIN,5,20210225,104000,2.26,2.32,2.24,2.32,4440,0
AIN,5,20210225,121500,2.3,2.3,2.3,2.3,332,0
AIN,5,20210225,122000,2.3,2.3,2.3,2.3,568,0
AIN,5,20210225,122500,2.32,2.32,2.32,2.32,50,0
AIN,5,20210225,142500,2.26,2.26,2.26,2.26,1073,0
AIN,5,20210225,143000,2.26,2.26,2.26,2.26,250,0
AIN,5,20210225,150000,2.26,2.26,2.26,2.26,450,0
AIN,5,20210225,151500,2.24,2.24,2.2,2.2,6820,0
AIN,5,20210225,155500,2.26,2.26,2.26,2.26,1500,0
AIN,5,20210225,160500,2.2,2.2,2.2,2.2,1200,0
AIN,5,20210226,090000,2.18,2.18,2.18,2.18,990,0
AIN,5,20210226,090500,2.26,2.26,2.26,2.26,10,0
AIN,5,20210226,093000,2.18,2.26,2.18,2.26,3401,0
AIN,5,20210226,105000,2.18,2.18,2.18,2.18,160,0
AIN,5,20210226,110500,2.26,2.28,2.26,2.28,2399,0
AIN,5,20210226,111500,2.28,2.3,2.28,2.3,200,0
AIN,5,20210226,124000,2.22,2.22,2.2,2.2,2820,0
AIN,5,20210226,124500,2.22,2.22,2.22,2.22,8156,0
AIN,5,20210226,130000,2.22,2.22,2.22,2.22,900,0
AIN,5,20210226,132000,2.26,2.26,2.26,2.26,10,0
AIN,5,20210226,134000,2.26,2.26,2.26,2.26,392,0
AIN,5,20210226,134500,2.26,2.28,2.26,2.28,180,0
AIN,5,20210226,151000,2.26,2.26,2.26,2.26,8,0
AIN,5,20210226,153000,2.26,2.26,2.26,2.26,92,0
AIN,5,20210226,153500,2.26,2.28,2.26,2.28,190,0
AIN,5,20210226,155000,2.3,2.32,2.3,2.32,1340,0
AIN,5,20210226,160500,2.28,2.28,2.28,2.28,717,0
AIN,5,20210226,161500,2.3,2.36,2.3,2.36,2168,0
AIN,5,20210226,162500,2.38,2.38,2.38,2.38,10,0
AIN,5,20210226,164500,2.32,2.34,2.32,2.32,1490,0
AIN,5,20210301,090000,2.36,2.4,2.36,2.4,5700,0
AIN,5,20210301,090500,2.42,2.42,2.42,2.42,1730,0
AIN,5,20210301,091000,2.38,2.44,2.34,2.44,2010,0
AIN,5,20210301,091500,2.34,2.44,2.34,2.44,15,0
AIN,5,20210301,092500,2.36,2.36,2.36,2.36,1849,0
AIN,5,20210301,093000,2.44,2.44,2.36,2.44,3075,0
AIN,5,20210301,093500,2.44,2.44,2.44,2.44,523,0
AIN,5,20210301,094000,2.44,2.44,2.44,2.44,612,0
AIN,5,20210301,095000,2.44,2.44,2.44,2.44,50,0
AIN,5,20210301,101000,2.4,2.4,2.4,2.4,1000,0
AIN,5,20210301,101500,2.4,2.44,2.4,2.44,90,0
AIN,5,20210301,104000,2.42,2.42,2.42,2.42,740,0
AIN,5,20210301,104500,2.44,2.44,2.42,2.42,1008,0
AIN,5,20210301,105000,2.42,2.42,2.42,2.42,5000,0
AIN,5,20210301,105500,2.42,2.44,2.38,2.44,795,0
AIN,5,20210301,111000,2.44,2.44,2.44,2.44,2700,0
AIN,5,20210301,111500,2.38,2.44,2.38,2.44,2551,0
AIN,5,20210301,112500,2.38,2.44,2.38,2.38,113,0
AIN,5,20210301,113000,2.36,2.36,2.36,2.36,416,0
AIN,5,20210301,113500,2.38,2.38,2.38,2.38,5831,0
AIN,5,20210301,114000,2.36,2.36,2.34,2.34,3500,0
AIN,5,20210301,114500,2.44,2.44,2.44,2.44,10,0
AIN,5,20210301,115000,2.34,2.34,2.32,2.32,3500,0
AIN,5,20210301,115500,2.32,2.32,2.3,2.3,5032,0
AIN,5,20210301,121000,2.32,2.38,2.32,2.38,60,0
AIN,5,20210301,121500,2.38,2.4,2.38,2.4,492,0
AIN,5,20210301,145000,2.4,2.4,2.4,2.4,458,0
AIN,5,20210301,150000,2.4,2.4,2.4,2.4,400,0
AIN,5,20210301,150500,2.4,2.4,2.32,2.4,3730,0
AIN,5,20210301,151500,2.38,2.38,2.38,2.38,339,0
AIN,5,20210301,154500,2.38,2.38,2.38,2.38,805,0
AIN,5,20210301,155500,2.36,2.36,2.36,2.36,500,0
AIN,5,20210301,160000,2.38,2.38,2.38,2.38,100,0
AIN,5,20210301,160500,2.38,2.4,2.38,2.4,4430,0
AIN,5,20210301,162000,2.38,2.38,2.38,2.38,500,0
AIN,5,20210301,163000,2.36,2.36,2.3,2.3,11000,0
AIN,5,20210301,163500,2.36,2.36,2.36,2.36,1000,0
AIN,5,20210301,164000,2.38,2.38,2.38,2.38,2000,0
AIN,5,20210302,090000,2.44,2.78,2.44,2.74,59989,0
AIN,5,20210302,090500,2.72,2.88,2.72,2.78,48302,0
AIN,5,20210302,091000,2.78,2.78,2.7,2.74,12684,0
AIN,5,20210302,091500,2.76,2.76,2.68,2.74,12542,0
AIN,5,20210302,092000,2.7,2.74,2.7,2.74,9300,0
AIN,5,20210302,092500,2.74,2.76,2.7,2.76,2007,0
AIN,5,20210302,093000,2.76,2.76,2.76,2.76,4027,0
AIN,5,20210302,093500,2.78,2.78,2.76,2.76,2436,0
AIN,5,20210302,094000,2.76,2.76,2.76,2.76,900,0
AIN,5,20210302,094500,2.76,2.76,2.76,2.76,1000,0
AIN,5,20210302,095000,2.78,2.86,2.78,2.86,12293,0
AIN,5,20210302,095500,2.86,2.92,2.8,2.92,35131,0
AIN,5,20210302,102000,3.06,3.24,3.06,3.2,29023,0
AIN,5,20210302,102500,3.2,3.28,3.16,3.18,15502,0
AIN,5,20210302,103000,3.18,3.18,3.04,3.16,3858,0
AIN,5,20210302,103500,3.06,3.14,3.06,3.12,877,0
AIN,5,20210302,104000,3.06,3.06,2.96,2.96,10333,0
AIN,5,20210302,104500,2.94,3,2.88,3,5598,0
AIN,5,20210302,105000,2.9,2.9,2.9,2.9,188,0
AIN,5,20210302,105500,2.92,2.92,2.9,2.9,2300,0
AIN,5,20210302,110500,2.94,2.98,2.94,2.98,1505,0
AIN,5,20210302,111000,2.96,3.06,2.96,3.06,10064,0
AIN,5,20210302,111500,3.06,3.12,3.06,3.12,6003,0
AIN,5,20210302,112000,3.14,3.14,3.14,3.14,100,0
AIN,5,20210302,113500,3.04,3.04,3.02,3.02,640,0
AIN,5,20210302,114000,3.02,3.02,3,3,1309,0
AIN,5,20210302,115000,3.02,3.04,3.02,3.04,6040,0
AIN,5,20210302,115500,3.02,3.04,3.02,3.04,532,0
AIN,5,20210302,120000,3.1,3.12,3.1,3.12,825,0
AIN,5,20210302,120500,3.12,3.12,3.12,3.12,3000,0
AIN,5,20210302,121000,3.1,3.1,3.1,3.1,1500,0
AIN,5,20210302,121500,3.12,3.12,3,3,8618,0
AIN,5,20210302,123000,3.12,3.12,3,3,5020,0
AIN,5,20210302,124000,3.02,3.02,3.02,3.02,200,0
AIN,5,20210302,124500,3.02,3.02,3,3.02,704,0
AIN,5,20210302,125500,3.12,3.12,3.12,3.12,2665,0
AIN,5,20210302,130000,3.12,3.12,3.12,3.12,1000,0
AIN,5,20210302,130500,3.12,3.14,3.06,3.06,9778,0
AIN,5,20210302,131000,3.12,3.22,3.12,3.22,17410,0
AIN,5,20210302,131500,3.22,3.28,3.16,3.22,9694,0
AIN,5,20210302,132500,3.2,3.24,3.2,3.24,3300,0
AIN,5,20210302,133000,3.24,3.4,3.24,3.38,24795,0
AIN,5,20210302,133500,3.38,3.44,3.34,3.38,16107,0
AIN,5,20210302,134000,3.36,3.38,3.36,3.38,4000,0
AIN,5,20210302,134500,3.3,3.32,3.26,3.32,2367,0
AIN,5,20210302,135000,3.34,3.34,3.3,3.3,2275,0
AIN,5,20210302,135500,3.3,3.36,3.3,3.36,2972,0
AIN,5,20210302,140000,3.32,3.32,3.28,3.28,2068,0
AIN,5,20210302,140500,3.28,3.28,3.28,3.28,1585,0
AIN,5,20210302,141000,3.28,3.28,3.26,3.26,1750,0
AIN,5,20210302,141500,3.3,3.3,3.3,3.3,1679,0
AIN,5,20210302,142000,3.26,3.26,3.2,3.2,2913,0
AIN,5,20210302,142500,3.3,3.3,3.3,3.3,1084,0
AIN,5,20210302,143000,3.32,3.5,3.32,3.5,68127,0
AIN,5,20210302,144000,3.46,3.46,3.3,3.3,12596,0
AIN,5,20210302,144500,3.3,3.4,3.3,3.4,600,0
AIN,5,20210302,145000,3.34,3.34,3.28,3.28,3496,0
AIN,5,20210302,145500,3.28,3.28,3.2,3.2,1350,0
AIN,5,20210302,150500,3.18,3.18,3.16,3.16,2761,0
AIN,5,20210302,151000,3.24,3.26,3.24,3.26,1500,0
AIN,5,20210302,152500,3.26,3.26,3.1,3.1,17815,0
AIN,5,20210302,153000,3.1,3.14,3.1,3.1,10500,0
AIN,5,20210302,153500,3.16,3.16,3.16,3.16,9,0
AIN,5,20210302,154000,3.16,3.16,3.16,3.16,500,0
AIN,5,20210302,154500,3.16,3.16,2.92,2.92,15639,0
AIN,5,20210302,155000,2.94,3.06,2.94,3.06,702,0
AIN,5,20210302,155500,3.06,3.06,3.06,3.06,134,0
AIN,5,20210302,160000,3.06,3.1,3.06,3.1,5590,0
AIN,5,20210302,160500,3.1,3.1,3.1,3.1,1284,0
AIN,5,20210302,161500,3.1,3.1,2.98,2.98,1960,0
AIN,5,20210302,162000,3.1,3.1,3.1,3.1,650,0
AIN,5,20210302,163500,3.1,3.1,3.02,3.02,1594,0
AIN,5,20210302,164000,3,3,3,3,500,0
AIN,5,20210302,164500,3.1,3.16,3.1,3.14,11668,0
AIN,5,20210303,090000,3.2,3.28,3.04,3.16,9057,0
AIN,5,20210303,090500,3.16,3.22,2.84,2.84,20597,0
AIN,5,20210303,091000,3.1,3.16,3,3.02,12666,0
AIN,5,20210303,091500,3.1,3.1,3,3,8106,0
AIN,5,20210303,092000,2.94,3,2.94,3,1459,0
AIN,5,20210303,092500,3,3.04,3,3.04,217,0
AIN,5,20210303,093000,3.04,3.04,3.04,3.04,99,0
AIN,5,20210303,094000,3.06,3.12,3.06,3.1,3806,0
AIN,5,20210303,095000,3.1,3.1,3.1,3.1,137,0
AIN,5,20210303,100000,3,3,2.64,2.64,36190,0
AIN,5,20210303,100500,2.68,2.86,2.68,2.84,3326,0
AIN,5,20210303,101000,2.84,3,2.84,2.84,19000,0
AIN,5,20210303,102000,2.94,2.94,2.94,2.94,3,0
AIN,5,20210303,102500,2.94,3.02,2.94,2.98,16000,0
AIN,5,20210303,103500,2.88,2.88,2.86,2.86,2000,0
AIN,5,20210303,104500,2.94,2.94,2.9,2.9,1800,0
AIN,5,20210303,105000,2.86,2.86,2.86,2.86,100,0
AIN,5,20210303,105500,2.86,2.86,2.86,2.86,755,0
AIN,5,20210303,110500,2.86,2.86,2.84,2.84,3122,0
AIN,5,20210303,111000,2.82,2.82,2.82,2.82,1000,0
AIN,5,20210303,111500,2.8,2.8,2.8,2.8,1805,0
AIN,5,20210303,112000,2.8,2.8,2.7,2.7,22188,0
AIN,5,20210303,112500,2.74,2.74,2.68,2.68,41648,0
AIN,5,20210303,113000,2.76,2.76,2.76,2.76,1000,0
AIN,5,20210303,113500,2.72,2.72,2.7,2.7,1174,0
AIN,5,20210303,114000,2.76,2.78,2.76,2.78,2936,0
AIN,5,20210303,114500,2.78,2.8,2.76,2.76,1358,0
AIN,5,20210303,115500,2.78,2.78,2.78,2.78,591,0
AIN,5,20210303,120000,2.78,2.78,2.76,2.76,1958,0
AIN,5,20210303,120500,2.78,2.78,2.76,2.76,3199,0
AIN,5,20210303,121000,2.76,2.76,2.7,2.7,6763,0
AIN,5,20210303,121500,2.7,2.7,2.7,2.7,264,0
AIN,5,20210303,122000,2.78,2.78,2.78,2.78,300,0
AIN,5,20210303,122500,2.78,2.8,2.78,2.8,6441,0
AIN,5,20210303,124500,2.72,2.72,2.7,2.7,6359,0
AIN,5,20210303,125000,2.76,2.76,2.72,2.72,2050,0
AIN,5,20210303,125500,2.76,2.76,2.76,2.76,350,0
AIN,5,20210303,130500,2.76,2.76,2.7,2.7,3659,0
AIN,5,20210303,131000,2.7,2.7,2.7,2.7,2597,0
AIN,5,20210303,132500,2.76,2.76,2.76,2.76,1000,0
AIN,5,20210303,133000,2.76,2.78,2.76,2.78,6549,0
AIN,5,20210303,133500,2.78,2.78,2.78,2.78,8204,0
AIN,5,20210303,134000,2.8,2.8,2.8,2.8,777,0
AIN,5,20210303,134500,2.76,2.76,2.72,2.72,3000,0
AIN,5,20210303,135000,2.72,2.74,2.72,2.74,1136,0
AIN,5,20210303,140500,2.74,2.74,2.74,2.74,2000,0
AIN,5,20210303,141000,2.74,2.74,2.74,2.74,1579,0
AIN,5,20210303,141500,2.74,2.74,2.74,2.74,770,0
AIN,5,20210303,142000,2.74,2.76,2.72,2.76,4595,0
AIN,5,20210303,143000,2.76,2.76,2.76,2.76,1000,0
AIN,5,20210303,144000,2.78,2.78,2.78,2.78,500,0
AIN,5,20210303,144500,2.76,2.76,2.76,2.76,1744,0
AIN,5,20210303,145000,2.76,2.76,2.76,2.76,115,0
AIN,5,20210303,150500,2.76,2.78,2.76,2.78,5597,0
AIN,5,20210303,151500,2.78,2.78,2.78,2.78,110,0
AIN,5,20210303,152500,2.72,2.78,2.72,2.78,3590,0
AIN,5,20210303,153000,2.72,2.72,2.72,2.72,6223,0
AIN,5,20210303,160000,2.72,2.72,2.72,2.72,1849,0
AIN,5,20210303,160500,2.72,2.72,2.7,2.7,3685,0
AIN,5,20210303,162500,2.78,2.78,2.78,2.78,357,0
AIN,5,20210303,163500,2.78,2.78,2.78,2.78,300,0
AIN,5,20210303,164000,2.74,2.74,2.74,2.74,100,0
AIN,5,20210303,164500,2.82,2.88,2.82,2.86,9121,0
AIN,5,20210304,090000,2.72,2.8,2.7,2.7,5901,0
AIN,5,20210304,090500,2.7,2.76,2.66,2.76,4731,0
AIN,5,20210304,091000,2.76,2.8,2.76,2.8,676,0
AIN,5,20210304,092000,2.72,2.72,2.72,2.72,1000,0
AIN,5,20210304,092500,2.7,2.7,2.7,2.7,500,0
AIN,5,20210304,093000,2.7,2.7,2.68,2.68,4605,0
AIN,5,20210304,093500,2.7,2.78,2.68,2.78,4508,0
AIN,5,20210304,094000,2.68,2.8,2.68,2.8,3917,0
AIN,5,20210304,094500,2.72,2.72,2.7,2.7,825,0
AIN,5,20210304,095000,2.8,2.8,2.8,2.8,2205,0
AIN,5,20210304,100500,2.72,2.84,2.72,2.84,2235,0
AIN,5,20210304,101000,2.84,2.84,2.84,2.84,349,0
AIN,5,20210304,102500,2.84,2.9,2.84,2.9,7900,0
AIN,5,20210304,103500,2.84,2.96,2.84,2.96,195,0
AIN,5,20210304,104000,2.96,2.96,2.96,2.96,350,0
AIN,5,20210304,105500,2.86,2.86,2.84,2.84,1720,0
AIN,5,20210304,111000,2.9,2.9,2.9,2.9,772,0
AIN,5,20210304,112000,2.9,3,2.9,3,4374,0
AIN,5,20210304,112500,3,3.06,3,3.06,1200,0
AIN,5,20210304,113000,3,3.12,3,3.1,7214,0
AIN,5,20210304,113500,3.1,3.1,3.1,3.1,3167,0
AIN,5,20210304,114000,3.06,3.06,2.92,2.92,4800,0
AIN,5,20210304,114500,3.06,3.06,2.92,2.92,1750,0
AIN,5,20210304,115000,3.04,3.04,3.04,3.04,10,0
AIN,5,20210304,122500,3,3,3,3,822,0
AIN,5,20210304,125000,2.94,2.94,2.92,2.92,599,0
AIN,5,20210304,131500,3,3,3,3,1600,0
AIN,5,20210304,132500,2.92,2.92,2.92,2.92,900,0
AIN,5,20210304,133000,2.92,2.92,2.92,2.92,322,0
AIN,5,20210304,133500,2.92,2.92,2.92,2.92,550,0
AIN,5,20210304,134500,2.92,2.92,2.9,2.9,2051,0
AIN,5,20210304,140500,2.88,2.96,2.88,2.9,1681,0
AIN,5,20210304,141000,2.88,2.88,2.88,2.88,1000,0
AIN,5,20210304,142000,2.96,2.96,2.96,2.96,10,0
AIN,5,20210304,145000,2.94,2.94,2.94,2.94,465,0
AIN,5,20210304,145500,2.96,2.96,2.94,2.94,663,0
AIN,5,20210304,151000,2.92,2.92,2.92,2.92,1000,0
AIN,5,20210304,151500,2.92,2.92,2.92,2.92,50,0
AIN,5,20210304,153000,2.92,2.92,2.92,2.92,100,0
AIN,5,20210304,153500,2.9,2.9,2.9,2.9,900,0
AIN,5,20210304,154500,2.9,2.9,2.9,2.9,1000,0
AIN,5,20210304,155000,2.94,2.98,2.94,2.98,6011,0
AIN,5,20210304,155500,2.98,3,2.98,2.98,120,0
AIN,5,20210304,163000,2.92,2.92,2.92,2.92,1127,0
AIN,5,20210304,164000,2.92,2.92,2.9,2.9,1448,0
AIN,5,20210304,164500,2.96,2.98,2.96,2.98,3176,0
AIN,5,20210305,090000,2.98,3,2.98,3,1210,0
AIN,5,20210305,090500,2.92,3,2.92,3,310,0
AIN,5,20210305,091000,3,3.08,3,3.08,4452,0
AIN,5,20210305,091500,3,3,3,3,500,0
AIN,5,20210305,092500,3.06,3.06,3.06,3.06,10,0
AIN,5,20210305,093500,3.06,3.06,3.06,3.06,200,0
AIN,5,20210305,100000,3.04,3.1,3.04,3.1,11900,0
AIN,5,20210305,100500,3.1,3.1,3.1,3.1,900,0
AIN,5,20210305,102000,3.04,3.08,3.02,3.02,1909,0
AIN,5,20210305,102500,3.02,3.02,3,3,967,0
AIN,5,20210305,103000,3,3,3,3,1000,0
AIN,5,20210305,103500,3,3.08,3,3,3830,0
AIN,5,20210305,104000,3,3,3,3,450,0
AIN,5,20210305,104500,3,3.08,3,3,2560,0
AIN,5,20210305,105500,3.06,3.06,3.06,3.06,10,0
AIN,5,20210305,110000,3.06,3.06,3.06,3.06,543,0
AIN,5,20210305,113000,3.06,3.08,3.06,3.08,1315,0
AIN,5,20210305,114000,3.04,3.04,3.04,3.04,205,0
AIN,5,20210305,115000,3.04,3.08,3.04,3.08,530,0
AIN,5,20210305,122500,3.04,3.04,3.04,3.04,200,0
AIN,5,20210305,123000,3.08,3.08,3.08,3.08,20,0
AIN,5,20210305,123500,3.06,3.06,3.06,3.06,1000,0
AIN,5,20210305,124500,3.04,3.04,3.04,3.04,80,0
AIN,5,20210305,125500,3.04,3.04,3.04,3.04,1620,0
AIN,5,20210305,132000,3.04,3.2,3.04,3.2,35470,0
AIN,5,20210305,132500,3.2,3.2,3.2,3.2,700,0
AIN,5,20210305,133500,3.18,3.18,3.18,3.18,3653,0
AIN,5,20210305,134000,3.18,3.18,3.18,3.18,1169,0
AIN,5,20210305,141000,3.08,3.08,3.08,3.08,327,0
AIN,5,20210305,141500,3.08,3.16,3.08,3.16,1010,0
AIN,5,20210305,143500,3.16,3.16,3.16,3.16,99,0
AIN,5,20210305,144500,3.08,3.08,3.08,3.08,2000,0
AIN,5,20210305,145000,3.16,3.16,3.16,3.16,1,0
AIN,5,20210305,150000,3.16,3.2,3.16,3.2,6030,0
AIN,5,20210305,151500,3.2,3.2,3.2,3.2,2451,0
AIN,5,20210305,152000,3.2,3.2,3.2,3.2,5396,0
AIN,5,20210305,152500,3.22,3.22,3.22,3.22,619,0
AIN,5,20210305,153000,3.22,3.22,3.22,3.22,481,0
AIN,5,20210305,153500,3.26,3.26,3.22,3.22,2139,0
AIN,5,20210305,154500,3.24,3.26,3.24,3.26,509,0
AIN,5,20210305,155000,3.2,3.2,3.2,3.2,600,0
AIN,5,20210305,155500,3.2,3.26,3.2,3.26,315,0
AIN,5,20210305,161000,3.2,3.2,3.2,3.2,500,0
AIN,5,20210305,162500,3.24,3.24,3.24,3.24,45,0
AIN,5,20210305,163000,3.2,3.2,3.2,3.2,465,0
AIN,5,20210305,164500,3,3.1,3,3.1,9123,0
AIN,5,20210308,090000,3.1,3.16,3.1,3.16,1958,0
AIN,5,20210308,090500,3.16,3.18,3.16,3.18,2283,0
AIN,5,20210308,091000,3.12,3.12,3.12,3.12,760,0
AIN,5,20210308,091500,3.12,3.12,3.1,3.1,4063,0
AIN,5,20210308,092000,3.1,3.18,3.1,3.18,3437,0
AIN,5,20210308,092500,3.18,3.18,3.18,3.18,1054,0
AIN,5,20210308,094000,3.18,3.18,3.18,3.18,1400,0
AIN,5,20210308,094500,3.2,3.2,3.2,3.2,530,0
AIN,5,20210308,095000,3.12,3.2,3.12,3.2,2381,0
AIN,5,20210308,095500,3.2,3.24,3.2,3.24,7500,0
AIN,5,20210308,100500,3.24,3.24,3.24,3.24,37,0
AIN,5,20210308,101000,3.24,3.24,3.24,3.24,95,0
AIN,5,20210308,104000,3.2,3.2,3.16,3.16,1210,0
AIN,5,20210308,104500,3.24,3.24,3.2,3.2,196,0
AIN,5,20210308,105000,3.2,3.2,3.2,3.2,50,0
AIN,5,20210308,105500,3.24,3.24,3.24,3.24,10,0
AIN,5,20210308,112500,3.2,3.2,3.14,3.14,2855,0
AIN,5,20210308,113000,3.14,3.14,3.14,3.14,321,0
AIN,5,20210308,114000,3.22,3.22,3.22,3.22,436,0
AIN,5,20210308,123000,3.2,3.2,3.2,3.2,250,0
AIN,5,20210308,131000,3.2,3.22,3.2,3.22,2035,0
AIN,5,20210308,131500,3.22,3.24,3.22,3.24,740,0
AIN,5,20210308,132000,3.24,3.24,3.24,3.24,3400,0
AIN,5,20210308,132500,3.24,3.24,3.24,3.24,200,0
AIN,5,20210308,133000,3.26,3.28,3.24,3.28,11253,0
AIN,5,20210308,133500,3.28,3.3,3.28,3.28,917,0
AIN,5,20210308,134000,3.3,3.3,3.28,3.28,1650,0
AIN,5,20210308,134500,3.2,3.2,3.2,3.2,100,0
AIN,5,20210308,140500,3.2,3.2,3.2,3.2,1600,0
AIN,5,20210308,141000,3.28,3.28,3.28,3.28,10,0
AIN,5,20210308,142500,3.2,3.2,3.2,3.2,2717,0
AIN,5,20210308,144000,3.2,3.28,3.2,3.28,3289,0
AIN,5,20210308,145000,3.26,3.28,3.26,3.28,2429,0
AIN,5,20210308,151500,3.16,3.16,3.16,3.16,444,0
AIN,5,20210308,162000,3.18,3.18,3.14,3.14,1950,0
AIN,5,20210308,163500,3.14,3.2,3.14,3.14,2297,0
AIN,5,20210308,164500,3.2,3.2,3.2,3.2,100,0
AIN,5,20210309,090000,3.22,3.22,3.22,3.22,10,0
AIN,5,20210309,090500,3.2,3.2,3.18,3.18,9178,0
AIN,5,20210309,092500,3.18,3.22,3.18,3.22,9250,0
AIN,5,20210309,104000,3.22,3.22,3.22,3.22,100,0
AIN,5,20210309,105500,3.2,3.2,3.2,3.2,275,0
AIN,5,20210309,110500,3.2,3.2,3.2,3.2,650,0
AIN,5,20210309,111000,3.2,3.2,3.2,3.2,189,0
AIN,5,20210309,111500,3.2,3.2,3.2,3.2,96,0
AIN,5,20210309,113500,3.14,3.14,3.14,3.14,300,0
AIN,5,20210309,120000,3.16,3.16,3.16,3.16,500,0
AIN,5,20210309,120500,3.14,3.14,3.12,3.12,961,0
AIN,5,20210309,121000,3.2,3.2,3.2,3.2,10,0
AIN,5,20210309,131000,3.14,3.14,3.1,3.1,5000,0
AIN,5,20210309,140000,3.1,3.1,3.1,3.1,300,0
AIN,5,20210309,140500,3.1,3.1,3.04,3.04,1518,0
AIN,5,20210309,141000,3.02,3.02,3,3,3057,0
AIN,5,20210309,141500,3.12,3.12,3.12,3.12,307,0
AIN,5,20210309,143000,3.12,3.12,3.12,3.12,99,0
AIN,5,20210309,143500,3.12,3.12,3.12,3.12,94,0
AIN,5,20210309,144500,3.12,3.12,3.12,3.12,31,0
AIN,5,20210309,153000,3.12,3.12,3.1,3.1,1450,0
AIN,5,20210309,153500,3.14,3.14,3.14,3.14,10,0
AIN,5,20210309,162500,3.1,3.1,3.1,3.1,1000,0
AIN,5,20210309,163500,3.14,3.24,3.14,3.24,10000,0
AIN,5,20210309,165500,3.24,3.24,3.24,3.24,100,0
AIN,5,20210310,091500,3.24,3.24,3.24,3.24,310,0
AIN,5,20210310,093500,3.14,3.14,3.14,3.14,1450,0
AIN,5,20210310,094500,3.14,3.14,3.14,3.14,827,0
AIN,5,20210310,095000,3.12,3.12,3.08,3.08,6597,0
AIN,5,20210310,102000,3.1,3.16,3.08,3.16,5010,0
AIN,5,20210310,103500,3.1,3.1,3.1,3.1,978,0
AIN,5,20210310,104000,3.1,3.1,3.1,3.1,100,0
AIN,5,20210310,110500,3.16,3.16,3.16,3.16,550,0
AIN,5,20210310,112000,3.1,3.1,3.1,3.1,1500,0
AIN,5,20210310,113500,3.1,3.1,3.1,3.1,2000,0
AIN,5,20210310,114500,3.16,3.16,3.16,3.16,10,0
AIN,5,20210310,115000,3.08,3.08,3.08,3.08,3040,0
AIN,5,20210310,120500,3.08,3.08,3.06,3.06,1000,0
AIN,5,20210310,133000,3.06,3.06,3.06,3.06,1415,0
AIN,5,20210310,134000,3.08,3.08,3.08,3.08,10,0
AIN,5,20210310,135000,3.12,3.14,3.12,3.14,1000,0
AIN,5,20210310,140000,3.08,3.16,3.08,3.16,500,0
AIN,5,20210310,140500,3.08,3.16,3.08,3.16,720,0
AIN,5,20210310,141000,3.16,3.16,3.16,3.16,12,0
AIN,5,20210310,150000,3.08,3.08,3.08,3.08,605,0
AIN,5,20210310,150500,3.08,3.08,3.08,3.08,652,0
AIN,5,20210310,151000,3.08,3.08,3.04,3.04,5800,0
AIN,5,20210310,154000,3.08,3.08,3.08,3.08,1500,0
AIN,5,20210310,154500,3.12,3.12,3.1,3.1,600,0
AIN,5,20210310,155500,3.12,3.12,3.12,3.12,1125,0
AIN,5,20210310,161000,3.1,3.1,3.1,3.1,782,0
AIN,5,20210310,162500,3.08,3.12,3.04,3.12,3224,0
AIN,5,20210311,090000,3.08,3.08,3.08,3.08,200,0
AIN,5,20210311,091000,3.02,3.08,3,3.08,3234,0
AIN,5,20210311,091500,3.08,3.08,3.08,3.08,1645,0
AIN,5,20210311,092500,3,3,3,3,2961,0
AIN,5,20210311,094000,3.02,3.02,3,3,500,0
AIN,5,20210311,095000,3.06,3.06,3.06,3.06,380,0
AIN,5,20210311,100500,3.06,3.06,3.06,3.06,2995,0
AIN,5,20210311,101000,3.02,3.14,3.02,3.14,6930,0
AIN,5,20210311,101500,3.16,3.2,3.16,3.2,3648,0
AIN,5,20210311,102000,3.22,3.22,3.2,3.2,5682,0
AIN,5,20210311,102500,3.18,3.2,3.18,3.2,421,0
AIN,5,20210311,103500,3.2,3.2,3.2,3.2,630,0
AIN,5,20210311,113000,3.18,3.18,3.18,3.18,500,0
AIN,5,20210311,122000,3.16,3.16,3.16,3.16,992,0
AIN,5,20210311,123500,3.16,3.18,3.16,3.18,9474,0
AIN,5,20210311,124000,3.2,3.2,3.2,3.2,1040,0
AIN,5,20210311,130000,3.1,3.1,3.1,3.1,700,0
AIN,5,20210311,131500,3.18,3.18,3.18,3.18,10,0
AIN,5,20210311,132000,3.1,3.1,3.1,3.1,600,0
AIN,5,20210311,135500,3.08,3.08,3.06,3.06,2000,0
AIN,5,20210311,144500,3.08,3.08,3.08,3.08,1200,0
AIN,5,20210311,145000,3.06,3.06,3.06,3.06,1000,0
AIN,5,20210311,145500,3.06,3.06,3.04,3.04,1414,0
AIN,5,20210311,152500,3.04,3.04,3.04,3.04,2086,0
AIN,5,20210311,155000,3.04,3.04,3.04,3.04,1000,0
AIN,5,20210311,161000,3.06,3.06,3.04,3.04,1189,0
AIN,5,20210311,161500,3.14,3.14,3.14,3.14,10,0
AIN,5,20210312,100500,3.12,3.12,3.12,3.12,34,0
AIN,5,20210312,101000,3.1,3.12,3.1,3.12,700,0
AIN,5,20210312,102500,3.04,3.04,3.04,3.04,500,0
AIN,5,20210312,105000,3.04,3.04,3.04,3.04,500,0
AIN,5,20210312,110500,3.04,3.04,3.02,3.02,10000,0
AIN,5,20210312,122000,3.04,3.04,3.04,3.04,3000,0
AIN,5,20210312,133500,3.04,3.04,3.02,3.02,1799,0
AIN,5,20210312,134000,3.02,3.02,3.02,3.02,500,0
AIN,5,20210312,143500,3.02,3.06,3.02,3.06,797,0
AIN,5,20210312,144000,3.06,3.06,3.06,3.06,20,0
AIN,5,20210312,145500,3.06,3.06,3.06,3.06,857,0
AIN,5,20210312,152000,3.06,3.06,3.06,3.06,143,0
AIN,5,20210312,163000,3.04,3.04,3.04,3.04,500,0
AIN,5,20210312,164500,3.08,3.08,3.08,3.08,1,0
AIN,5,20210315,090000,3.04,3.06,3.04,3.04,3140,0
AIN,5,20210315,090500,3.04,3.04,3,3,5432,0
AIN,5,20210315,091000,3,3,3,3,927,0
AIN,5,20210315,092500,2.98,2.98,2.98,2.98,710,0
AIN,5,20210315,093000,3,3,3,3,2500,0
AIN,5,20210315,094000,3.02,3.02,3.02,3.02,543,0
AIN,5,20210315,100000,3.06,3.06,3.06,3.06,770,0
AIN,5,20210315,100500,3.06,3.08,3.06,3.08,2000,0
AIN,5,20210315,102000,3.06,3.06,3.06,3.06,100,0
AIN,5,20210315,102500,3.02,3.02,3.02,3.02,500,0
AIN,5,20210315,105500,3.08,3.08,3.08,3.08,189,0
AIN,5,20210315,111500,3.08,3.08,3.08,3.08,375,0
AIN,5,20210315,113500,3.08,3.08,3.08,3.08,696,0
AIN,5,20210315,114500,3.08,3.08,3.02,3.02,1685,0
AIN,5,20210315,115000,3.1,3.1,3.1,3.1,457,0
AIN,5,20210315,115500,3.1,3.1,3.1,3.1,800,0
AIN,5,20210315,123000,3.1,3.1,3.1,3.1,1000,0
AIN,5,20210315,130000,3.1,3.1,3.1,3.1,34,0
AIN,5,20210315,135000,3.1,3.12,3.1,3.12,5000,0
AIN,5,20210315,141000,3.12,3.12,3.12,3.12,80,0
AIN,5,20210315,141500,3.14,3.14,3.14,3.14,1190,0
AIN,5,20210315,142000,3.16,3.2,3.16,3.2,3629,0
AIN,5,20210315,142500,3.2,3.2,3.2,3.2,300,0
AIN,5,20210315,152000,3.18,3.18,3.18,3.18,1000,0
AIN,5,20210315,152500,3.2,3.2,3.2,3.2,10,0
AIN,5,20210315,153500,3.14,3.14,3.14,3.14,1000,0
AIN,5,20210315,154500,3.1,3.1,3.1,3.1,1000,0
AIN,5,20210315,155000,3.16,3.16,3.16,3.16,10,0
AIN,5,20210315,160000,3.1,3.14,3.08,3.14,3393,0
AIN,5,20210315,162000,3.08,3.16,3.04,3.16,8154,0
AIN,5,20210315,164500,3.08,3.16,3,3.16,10021,0
AIN,5,20210316,090000,3.1,3.1,3.1,3.1,330,0
AIN,5,20210316,090500,3.14,3.18,3.14,3.16,8406,0
AIN,5,20210316,093500,3.12,3.12,3.12,3.12,650,0
AIN,5,20210316,094000,3.1,3.1,3,3,13044,0
AIN,5,20210316,095500,3.04,3.04,3,3,3000,0
AIN,5,20210316,100000,3,3,3,3,7847,0
AIN,5,20210316,101500,3,3.1,3,3.1,2200,0
AIN,5,20210316,102000,3,3,3,3,2600,0
AIN,5,20210316,103000,3.08,3.08,3.08,3.08,10,0
AIN,5,20210316,103500,3,3,2.94,2.94,5700,0
AIN,5,20210316,105000,3.04,3.04,3.04,3.04,750,0
AIN,5,20210316,112500,3,3,2.94,2.94,2866,0
AIN,5,20210316,114500,3.04,3.04,3.04,3.04,10,0
AIN,5,20210316,131500,3.04,3.04,3.04,3.04,3543,0
AIN,5,20210316,140000,3.04,3.04,3.04,3.04,300,0
AIN,5,20210316,140500,3.04,3.04,3.04,3.04,3428,0
AIN,5,20210316,141000,3.02,3.02,3,3,3670,0
AIN,5,20210316,141500,2.96,3,2.96,3,3600,0
AIN,5,20210316,144500,3,3,3,3,549,0
AIN,5,20210316,145500,3,3,3,3,3723,0
AIN,5,20210316,150000,3,3,3,3,2500,0
AIN,5,20210316,151000,3.02,3.02,3.02,3.02,1000,0
AIN,5,20210316,152000,3,3,3,3,2500,0
AIN,5,20210316,152500,3.08,3.08,3.08,3.08,1,0
AIN,5,20210316,153000,3.08,3.08,3.08,3.08,8,0
AIN,5,20210316,155500,3,3,3,3,192,0
AIN,5,20210316,160500,3.06,3.06,3.06,3.06,433,0
AIN,5,20210316,162500,2.98,2.98,2.98,2.98,500,0
AIN,5,20210316,163000,3.06,3.06,3.06,3.06,10,0
AIN,5,20210317,090000,2.98,2.98,2.96,2.96,1200,0
AIN,5,20210317,090500,2.96,2.96,2.9,2.9,2000,0
AIN,5,20210317,091000,3,3,3,3,69,0
AIN,5,20210317,091500,2.92,2.92,2.92,2.92,1850,0
AIN,5,20210317,092000,2.9,2.9,2.9,2.9,296,0
AIN,5,20210317,092500,2.98,2.98,2.98,2.98,1000,0
AIN,5,20210317,093000,3,3,2.98,2.98,1014,0
AIN,5,20210317,093500,2.98,2.98,2.98,2.98,780,0
AIN,5,20210317,095500,2.92,2.92,2.84,2.84,20706,0
AIN,5,20210317,100500,2.94,2.94,2.94,2.94,10,0
AIN,5,20210317,101000,2.9,2.9,2.9,2.9,500,0
AIN,5,20210317,105000,2.9,2.9,2.9,2.9,600,0
AIN,5,20210317,105500,2.88,2.88,2.88,2.88,5000,0
AIN,5,20210317,110000,2.86,2.86,2.86,2.86,650,0
AIN,5,20210317,110500,2.9,2.9,2.9,2.9,2500,0
AIN,5,20210317,112500,2.94,2.94,2.94,2.94,340,0
AIN,5,20210317,114500,2.94,2.96,2.94,2.96,4341,0
AIN,5,20210317,121000,2.98,2.98,2.98,2.98,420,0
AIN,5,20210317,124000,2.98,3,2.98,3,1250,0
AIN,5,20210317,125500,3,3,3,3,200,0
AIN,5,20210317,134000,2.96,2.96,2.94,2.94,500,0
AIN,5,20210317,135000,2.92,2.92,2.9,2.9,5000,0
AIN,5,20210317,135500,2.88,2.88,2.86,2.86,3000,0
AIN,5,20210317,141000,2.84,2.84,2.8,2.8,14397,0
AIN,5,20210317,142000,2.8,2.8,2.8,2.8,500,0
AIN,5,20210317,143000,2.86,2.86,2.86,2.86,300,0
AIN,5,20210317,144500,2.86,2.86,2.86,2.86,150,0
AIN,5,20210317,150500,2.8,2.8,2.8,2.8,2197,0
AIN,5,20210317,151000,2.8,2.8,2.8,2.8,1422,0
AIN,5,20210317,151500,2.8,2.8,2.8,2.8,978,0
AIN,5,20210317,155000,2.84,2.84,2.84,2.84,1300,0
AIN,5,20210317,160500,2.86,2.86,2.86,2.86,49,0
AIN,5,20210317,161000,2.9,2.9,2.9,2.9,500,0
AIN,5,20210317,162000,2.92,2.92,2.92,2.92,500,0
AIN,5,20210317,162500,2.9,2.9,2.9,2.9,641,0
AIN,5,20210317,164000,2.92,2.92,2.92,2.92,500,0
AIN,5,20210317,165500,2.9,2.9,2.9,2.9,500,0
AIN,5,20210318,090000,2.9,2.9,2.9,2.9,100,0
AIN,5,20210318,090500,2.9,2.92,2.9,2.92,1000,0
AIN,5,20210318,091500,2.94,3,2.94,3,3500,0
AIN,5,20210318,100000,2.98,3,2.98,3,1500,0
AIN,5,20210318,104500,3,3.1,3,3.1,10000,0
AIN,5,20210318,110000,3.1,3.1,3.1,3.1,10,0
AIN,5,20210318,111500,3.1,3.1,3.1,3.1,1324,0
AIN,5,20210318,113000,3.08,3.08,3.08,3.08,600,0
AIN,5,20210318,114000,3.08,3.08,3.08,3.08,50,0
AIN,5,20210318,115000,3.08,3.08,3.08,3.08,350,0
AIN,5,20210318,121500,3.08,3.08,3.08,3.08,828,0
AIN,5,20210318,123000,3.08,3.08,3.08,3.08,172,0
AIN,5,20210318,123500,3.1,3.1,3.1,3.1,1828,0
AIN,5,20210318,124500,3.08,3.08,3.08,3.08,1000,0
AIN,5,20210318,132500,3.08,3.08,3.08,3.08,150,0
AIN,5,20210318,140500,3.06,3.06,3,3,2430,0
AIN,5,20210318,154500,3.02,3.02,3.02,3.02,270,0
AIN,5,20210318,155500,3.02,3.02,3.02,3.02,30,0
AIN,5,20210318,162500,3.02,3.04,3.02,3.04,2500,0
AIN,5,20210318,163000,3,3,3,3,500,0
AIN,5,20210318,164000,2.98,2.98,2.98,2.98,500,0
AIN,5,20210319,091000,2.98,2.98,2.98,2.98,2,0
AIN,5,20210319,094500,2.96,2.96,2.96,2.96,994,0
AIN,5,20210319,095500,2.94,2.94,2.94,2.94,370,0
AIN,5,20210319,100500,2.94,2.94,2.94,2.94,430,0
AIN,5,20210319,102000,2.98,3,2.98,3,1689,0
AIN,5,20210319,102500,3,3,3,3,500,0
AIN,5,20210319,110000,2.94,2.94,2.94,2.94,916,0
AIN,5,20210319,113000,2.96,2.96,2.96,2.96,100,0
AIN,5,20210319,115000,2.96,3.04,2.96,3.04,5567,0
AIN,5,20210319,115500,3.06,3.06,3.06,3.06,5006,0
AIN,5,20210319,120000,3.06,3.06,3.06,3.06,4994,0
AIN,5,20210319,121000,3.08,3.12,3.08,3.12,3197,0
AIN,5,20210319,124500,3.02,3.02,3.02,3.02,1497,0
AIN,5,20210319,125500,3.1,3.1,3.1,3.1,9,0
AIN,5,20210319,130500,3.1,3.1,3.1,3.1,1450,0
AIN,5,20210319,131000,3.1,3.12,3.1,3.12,1418,0
AIN,5,20210319,131500,3.12,3.16,3.12,3.16,15768,0
AIN,5,20210319,132000,3.16,3.16,3.14,3.14,1994,0
AIN,5,20210319,132500,3.14,3.14,3.14,3.14,1645,0
AIN,5,20210319,133000,3.16,3.16,3.16,3.16,162,0
AIN,5,20210319,134000,3.14,3.14,3.12,3.12,2500,0
AIN,5,20210319,134500,3.14,3.14,3.12,3.12,3000,0
AIN,5,20210319,141000,3.14,3.14,3.14,3.14,3000,0
AIN,5,20210319,141500,3.14,3.14,3.14,3.14,1185,0
AIN,5,20210319,142000,3.14,3.14,3.12,3.14,1550,0
AIN,5,20210319,143000,3.1,3.1,3.06,3.06,3450,0
AIN,5,20210319,144000,3.04,3.04,3.04,3.04,1165,0
AIN,5,20210319,145000,3.04,3.04,3.02,3.02,1000,0
AIN,5,20210319,145500,3.02,3.06,3.02,3.06,3510,0
AIN,5,20210319,150000,3.02,3.02,3,3,1000,0
AIN,5,20210319,151000,3,3,3,3,2605,0
AIN,5,20210319,152000,3.06,3.06,3.06,3.06,1759,0
AIN,5,20210319,154000,3.06,3.06,3.06,3.06,553,0
AIN,5,20210319,160000,3,3,2.92,2.92,5870,0
AIN,5,20210319,160500,2.92,3,2.92,3,3708,0
AIN,5,20210319,161000,2.94,2.98,2.9,2.98,3578,0
AIN,5,20210319,161500,3,3,3,3,432,0
AIN,5,20210319,162000,3.04,3.06,3.04,3.06,9366,0
AIN,5,20210319,163500,2.98,3,2.98,3,460,0
AIN,5,20210319,164000,3,3.06,3,3.06,5743,0
AIN,5,20210319,164500,3.06,3.08,3.06,3.08,2269,0
AIN,5,20210322,090000,3.1,3.1,3.1,3.1,619,0
AIN,5,20210322,090500,3.1,3.1,3.1,3.1,1000,0
AIN,5,20210322,091000,3.14,3.14,3.14,3.14,300,0
AIN,5,20210322,091500,3.12,3.12,3.12,3.12,350,0
AIN,5,20210322,092000,3.12,3.14,3.1,3.14,1602,0
AIN,5,20210322,092500,3.1,3.14,3.1,3.14,2130,0
AIN,5,20210322,093000,3.14,3.14,3.1,3.1,2887,0
AIN,5,20210322,094500,3.12,3.12,3.08,3.08,1268,0
AIN,5,20210322,095000,3.02,3.12,3,3.12,1417,0
AIN,5,20210322,100000,3.12,3.14,3.02,3.02,3490,0
AIN,5,20210322,102500,3.14,3.14,3.14,3.14,340,0
AIN,5,20210322,103500,3.14,3.14,3.14,3.14,504,0
AIN,5,20210322,104000,3.14,3.14,3.14,3.14,957,0
AIN,5,20210322,105000,3.14,3.14,3.14,3.14,2276,0
AIN,5,20210322,105500,3.14,3.14,3.14,3.14,227,0
AIN,5,20210322,110500,3.14,3.14,3.14,3.14,4686,0
AIN,5,20210322,112500,3.16,3.16,3.16,3.16,5000,0
AIN,5,20210322,113000,3.16,3.16,3.16,3.16,738,0
AIN,5,20210322,115000,3.16,3.16,3.16,3.16,1000,0
AIN,5,20210322,121000,3.16,3.16,3.16,3.16,467,0
AIN,5,20210322,122000,3.16,3.16,3.16,3.16,252,0
AIN,5,20210322,122500,3.16,3.16,3.16,3.16,250,0
AIN,5,20210322,125000,3.12,3.12,3.12,3.12,800,0
AIN,5,20210322,125500,3.06,3.06,3.06,3.06,800,0
AIN,5,20210322,132000,3.08,3.14,3.08,3.14,728,0
AIN,5,20210322,144000,3.12,3.12,3.12,3.12,593,0
AIN,5,20210322,144500,3.12,3.12,3.12,3.12,907,0
AIN,5,20210322,145000,3.12,3.12,3.1,3.1,1543,0
AIN,5,20210322,145500,3.1,3.1,3.1,3.1,150,0
AIN,5,20210322,150000,3.08,3.08,3.08,3.08,450,0
AIN,5,20210322,154000,3.06,3.08,3.06,3.08,2396,0
AIN,5,20210322,154500,3.04,3.04,3.02,3.02,2000,0
AIN,5,20210322,160000,3.06,3.06,3.06,3.06,1000,0
AIN,5,20210322,161500,3.1,3.1,3.1,3.1,500,0
AIN,5,20210322,164500,3.1,3.1,3.1,3.1,575,0
AIN,5,20210323,090000,2.82,2.86,2.64,2.8,23603,0
AIN,5,20210323,090500,2.8,2.84,2.7,2.8,8579,0
AIN,5,20210323,091000,2.82,2.86,2.82,2.86,3600,0
AIN,5,20210323,091500,2.86,2.86,2.86,2.86,1222,0
AIN,5,20210323,092500,2.9,2.9,2.9,2.9,1456,0
AIN,5,20210323,093000,2.9,2.92,2.9,2.92,1294,0
AIN,5,20210323,093500,2.92,2.94,2.92,2.94,650,0
AIN,5,20210323,094000,2.96,3,2.96,2.96,1886,0
AIN,5,20210323,094500,2.96,3,2.92,2.98,6214,0
AIN,5,20210323,095000,2.92,2.94,2.92,2.94,854,0
AIN,5,20210323,100500,2.9,2.9,2.9,2.9,850,0
AIN,5,20210323,101000,2.88,2.88,2.88,2.88,5838,0
AIN,5,20210323,101500,2.92,2.92,2.86,2.88,1449,0
AIN,5,20210323,102000,2.9,2.9,2.9,2.9,34,0
AIN,5,20210323,102500,2.86,2.88,2.86,2.88,2350,0
AIN,5,20210323,103000,2.9,2.9,2.88,2.88,752,0
AIN,5,20210323,103500,2.88,2.88,2.88,2.88,600,0
AIN,5,20210323,104000,2.86,2.86,2.8,2.8,6800,0
AIN,5,20210323,104500,2.78,2.86,2.78,2.8,2526,0
AIN,5,20210323,110000,2.8,2.8,2.8,2.8,514,0
AIN,5,20210323,110500,2.86,2.86,2.86,2.86,400,0
AIN,5,20210323,111000,2.86,2.86,2.8,2.8,1150,0
AIN,5,20210323,111500,2.8,2.8,2.78,2.78,3395,0
AIN,5,20210323,112000,2.84,2.84,2.78,2.78,596,0
AIN,5,20210323,112500,2.76,2.76,2.76,2.76,559,0
AIN,5,20210323,113000,2.82,2.82,2.82,2.82,70,0
AIN,5,20210323,114000,2.82,2.82,2.82,2.82,430,0
AIN,5,20210323,115000,2.84,2.84,2.84,2.84,350,0
AIN,5,20210323,120000,2.84,2.84,2.84,2.84,779,0
AIN,5,20210323,121500,2.82,2.82,2.82,2.82,1000,0
AIN,5,20210323,122000,2.84,2.84,2.84,2.84,500,0
AIN,5,20210323,122500,2.82,2.82,2.82,2.82,50,0
AIN,5,20210323,123000,2.82,2.82,2.82,2.82,2876,0
AIN,5,20210323,130000,2.8,2.8,2.8,2.8,1714,0
AIN,5,20210323,131000,2.82,2.82,2.82,2.82,2282,0
AIN,5,20210323,131500,2.82,2.82,2.78,2.78,3218,0
AIN,5,20210323,132500,2.8,2.8,2.8,2.8,430,0
AIN,5,20210323,133500,2.8,2.8,2.76,2.76,11000,0
AIN,5,20210323,134000,2.76,2.82,2.72,2.82,5050,0
AIN,5,20210323,134500,2.82,2.82,2.82,2.82,120,0
AIN,5,20210323,135000,2.78,2.82,2.78,2.82,4019,0
AIN,5,20210323,135500,2.84,2.88,2.84,2.88,583,0
AIN,5,20210323,141000,2.82,2.82,2.8,2.8,1350,0
AIN,5,20210323,141500,2.8,2.8,2.8,2.8,1000,0
AIN,5,20210323,143500,2.82,2.82,2.82,2.82,10,0
AIN,5,20210323,144000,2.82,2.82,2.82,2.82,444,0
AIN,5,20210323,152000,2.84,2.88,2.84,2.88,1849,0
AIN,5,20210323,152500,2.88,2.88,2.88,2.88,497,0
AIN,5,20210323,154500,2.88,2.9,2.88,2.9,703,0
AIN,5,20210323,155500,2.92,2.94,2.9,2.94,5234,0
AIN,5,20210323,163000,2.9,2.9,2.9,2.9,500,0
AIN,5,20210323,163500,2.9,2.92,2.9,2.92,550,0
AIN,5,20210323,164000,2.9,2.9,2.9,2.9,300,0
AIN,5,20210323,165500,2.92,2.92,2.92,2.92,623,0
