<TICKER>,<PER>,<DATE>,<TIME>,<OPEN>,<HIGH>,<LOW>,<CLOSE>,<VOL>,<OPENINT>
APC,5,20210204,103000,1.43,1.43,1.43,1.43,179,0
APC,5,20210204,112500,1.5,1.5,1.5,1.5,50,0
APC,5,20210204,114000,1.43,1.43,1.43,1.43,311,0
APC,5,20210204,124000,1.43,1.43,1.43,1.43,589,0
APC,5,20210204,130000,1.5,1.5,1.5,1.5,75,0
APC,5,20210205,092500,1.49,1.5,1.49,1.5,350,0
APC,5,20210205,133000,1.42,1.42,1.4,1.4,914,0
APC,5,20210205,134000,1.36,1.36,1.36,1.36,2,0
APC,5,20210205,150500,1.37,1.37,1.36,1.36,1000,0
APC,5,20210205,153500,1.36,1.36,1.36,1.36,500,0
APC,5,20210205,155000,1.44,1.44,1.44,1.44,70,0
APC,5,20210205,162000,1.36,1.36,1.35,1.35,1314,0
APC,5,20210205,164500,1.35,1.35,1.35,1.35,1000,0
APC,5,20210208,090000,1.35,1.35,1.35,1.35,170,0
APC,5,20210208,102500,1.35,1.35,1.35,1.35,30,0
APC,5,20210208,103000,1.41,1.45,1.41,1.45,2310,0
APC,5,20210208,162000,1.5,1.51,1.5,1.51,1000,0
APC,5,20210208,164500,1.41,1.41,1.41,1.41,148,0
APC,5,20210209,095000,1.42,1.42,1.42,1.42,625,0
APC,5,20210209,105500,1.42,1.42,1.42,1.42,1000,0
APC,5,20210209,120000,1.42,1.42,1.42,1.42,1225,0
APC,5,20210209,151500,1.41,1.41,1.41,1.41,1150,0
APC,5,20210209,162500,1.41,1.41,1.41,1.41,1000,0
APC,5,20210209,163000,1.44,1.44,1.44,1.44,291,0
APC,5,20210209,164500,1.42,1.42,1.42,1.42,500,0
APC,5,20210210,154500,1.51,1.51,1.51,1.51,1000,0
APC,5,20210210,160500,1.51,1.52,1.51,1.52,871,0
APC,5,20210210,161500,1.52,1.52,1.52,1.52,129,0
APC,5,20210210,164500,1.5,1.5,1.5,1.5,871,0
APC,5,20210211,092000,1.55,1.55,1.55,1.55,256,0
APC,5,20210211,125500,1.55,1.55,1.55,1.55,392,0
APC,5,20210211,131000,1.6,1.6,1.6,1.6,1000,0
APC,5,20210211,155000,1.51,1.51,1.51,1.51,50,0
APC,5,20210211,164500,1.52,1.52,1.51,1.51,1143,0
APC,5,20210212,090000,1.51,1.51,1.51,1.51,100,0
APC,5,20210212,101500,1.41,1.41,1.41,1.41,500,0
APC,5,20210212,102000,1.41,1.41,1.41,1.41,104,0
APC,5,20210212,104500,1.41,1.41,1.4,1.4,871,0
APC,5,20210212,105000,1.4,1.42,1.4,1.42,1689,0
APC,5,20210212,123500,1.49,1.49,1.49,1.49,610,0
APC,5,20210212,134000,1.44,1.44,1.44,1.44,490,0
APC,5,20210212,153500,1.42,1.42,1.4,1.4,1500,0
APC,5,20210212,154500,1.42,1.42,1.42,1.42,708,0
APC,5,20210212,164000,1.42,1.42,1.4,1.4,1131,0
APC,5,20210212,164500,1.37,1.37,1.37,1.37,500,0
APC,5,20210215,090000,1.49,1.49,1.49,1.49,118,0
APC,5,20210215,103000,1.49,1.49,1.49,1.49,1372,0
APC,5,20210215,103500,1.5,1.5,1.5,1.5,667,0
APC,5,20210215,104500,1.63,1.63,1.63,1.63,530,0
APC,5,20210215,105000,1.65,1.69,1.65,1.69,578,0
APC,5,20210215,105500,1.75,1.76,1.75,1.75,5176,0
APC,5,20210215,110500,1.51,1.51,1.51,1.51,1,0
APC,5,20210215,112500,1.74,1.74,1.74,1.74,43,0
APC,5,20210215,120000,1.58,1.58,1.58,1.58,399,0
APC,5,20210215,123000,1.58,1.58,1.58,1.58,1,0
APC,5,20210215,123500,1.53,1.53,1.53,1.53,1,0
APC,5,20210215,150500,1.69,1.69,1.69,1.69,135,0
APC,5,20210215,151500,1.54,1.54,1.54,1.54,1,0
APC,5,20210215,161000,1.65,1.65,1.65,1.65,10,0
APC,5,20210215,163000,1.6,1.6,1.6,1.6,1000,0
APC,5,20210215,164500,1.54,1.54,1.54,1.54,251,0
APC,5,20210216,130500,1.56,1.56,1.5,1.5,3079,0
APC,5,20210216,131000,1.72,1.75,1.72,1.75,305,0
APC,5,20210216,133000,1.7,1.7,1.7,1.7,500,0
APC,5,20210216,141500,1.55,1.55,1.55,1.55,125,0
APC,5,20210216,144500,1.55,1.55,1.55,1.55,913,0
APC,5,20210217,091500,1.55,1.55,1.55,1.55,5000,0
APC,5,20210217,114000,1.6,1.73,1.6,1.73,818,0
APC,5,20210217,115500,1.74,1.75,1.71,1.71,2163,0
APC,5,20210217,121500,1.7,1.7,1.7,1.7,1019,0
APC,5,20210217,134000,1.7,1.7,1.7,1.7,240,0
APC,5,20210217,154500,1.7,1.7,1.7,1.7,619,0
APC,5,20210217,160000,1.77,1.77,1.77,1.77,300,0
APC,5,20210217,164000,1.7,1.7,1.7,1.7,1100,0
APC,5,20210217,164500,1.77,1.77,1.77,1.77,590,0
APC,5,20210218,150000,1.8,1.8,1.8,1.8,250,0
APC,5,20210218,160500,1.8,1.82,1.8,1.82,8906,0
APC,5,20210218,161000,1.9,1.9,1.9,1.9,1946,0
APC,5,20210218,161500,1.9,1.9,1.9,1.9,1054,0
APC,5,20210218,162000,1.9,1.9,1.9,1.9,200,0
APC,5,20210218,163500,1.95,1.95,1.95,1.95,100,0
APC,5,20210219,090000,1.68,1.68,1.65,1.65,1403,0
APC,5,20210219,090500,1.64,1.7,1.64,1.68,3360,0
APC,5,20210219,091000,1.75,1.8,1.75,1.8,647,0
APC,5,20210219,091500,1.75,1.75,1.75,1.75,1,0
APC,5,20210219,092500,1.75,1.8,1.75,1.8,865,0
APC,5,20210219,093500,1.85,1.86,1.85,1.86,2400,0
APC,5,20210219,094000,1.86,1.86,1.86,1.86,600,0
APC,5,20210219,104500,1.82,1.82,1.82,1.82,1999,0
APC,5,20210219,110000,1.9,1.91,1.9,1.91,4300,0
APC,5,20210219,110500,1.96,1.96,1.96,1.96,167,0
APC,5,20210219,112000,1.96,2,1.96,2,3801,0
APC,5,20210219,114500,2,2,2,2,8287,0
APC,5,20210219,120000,2,2,2,2,1000,0
APC,5,20210219,121500,2.04,2.04,2.04,2.04,866,0
APC,5,20210219,125000,1.98,1.98,1.98,1.98,190,0
APC,5,20210219,135500,2.04,2.04,2.04,2.04,2034,0
APC,5,20210219,140000,1.82,1.82,1.82,1.82,200,0
APC,5,20210219,144000,2.06,2.08,2.06,2.08,1200,0
APC,5,20210219,145000,2.1,2.1,2.1,2.1,4100,0
APC,5,20210219,145500,2.1,2.16,2.1,2.16,4950,0
APC,5,20210219,150000,2.16,2.3,2.16,2.3,18455,0
APC,5,20210219,150500,2.38,2.38,2.38,2.38,3000,0
APC,5,20210219,151000,2.38,2.38,2.38,2.38,2100,0
APC,5,20210219,151500,2.4,2.4,2.4,2.4,7530,0
APC,5,20210219,153500,2.46,2.46,2.46,2.46,2047,0
APC,5,20210219,154500,2.46,2.46,2.46,2.46,177,0
APC,5,20210219,155000,2.46,2.46,2.4,2.4,523,0
APC,5,20210219,161500,2.2,2.2,2.1,2.1,2000,0
APC,5,20210219,162000,2.12,2.12,2.1,2.1,4000,0
APC,5,20210219,162500,2.1,2.24,2.02,2.24,2051,0
APC,5,20210219,163000,2.02,2.02,1.96,1.96,4000,0
APC,5,20210219,163500,2.14,2.14,2.14,2.14,148,0
APC,5,20210219,164500,2,2.12,2,2.12,3099,0
APC,5,20210222,090000,1.9,2,1.82,1.82,12596,0
APC,5,20210222,090500,1.9,1.9,1.75,1.9,2416,0
APC,5,20210222,091000,1.86,1.86,1.86,1.86,500,0
APC,5,20210222,091500,1.8,1.8,1.8,1.8,480,0
APC,5,20210222,092000,1.8,1.85,1.8,1.85,872,0
APC,5,20210222,092500,1.85,1.9,1.85,1.9,111,0
APC,5,20210222,093500,1.8,1.9,1.75,1.9,10012,0
APC,5,20210222,094000,1.8,2.12,1.8,2.12,25197,0
APC,5,20210222,094500,2.12,2.12,2.12,2.12,470,0
APC,5,20210222,095000,2.26,2.26,2.26,2.26,1300,0
APC,5,20210222,095500,2.32,2.32,2.32,2.32,1199,0
APC,5,20210222,100000,2.44,2.46,2.44,2.46,1216,0
APC,5,20210222,101000,2.3,2.3,2.3,2.3,910,0
APC,5,20210222,101500,2.3,2.3,2.3,2.3,547,0
APC,5,20210222,102000,2.46,2.46,2.46,2.46,810,0
APC,5,20210222,102500,2.28,2.28,2.28,2.28,3747,0
APC,5,20210222,103500,2.26,2.26,2.26,2.26,253,0
APC,5,20210222,105000,2.38,2.4,2.38,2.4,4654,0
APC,5,20210222,105500,2.4,2.4,2.4,2.4,500,0
APC,5,20210222,110500,2.46,2.5,2.46,2.5,1784,0
APC,5,20210222,111000,2.46,2.46,2.46,2.46,91,0
APC,5,20210222,112500,2.46,2.46,2.46,2.46,230,0
APC,5,20210222,120500,2.44,2.44,2.44,2.44,5100,0
APC,5,20210222,121000,2.46,2.7,2.46,2.7,1047,0
APC,5,20210222,134500,2.68,2.7,2.68,2.7,3402,0
APC,5,20210222,140000,2.7,2.7,2.7,2.7,200,0
APC,5,20210222,140500,2.7,2.7,2.7,2.7,706,0
APC,5,20210222,143000,2.46,2.46,2.46,2.46,405,0
APC,5,20210222,144500,2.7,2.7,2.7,2.7,100,0
APC,5,20210222,150500,2.46,2.46,2.46,2.46,35,0
APC,5,20210222,163500,2.44,2.44,2.44,2.44,1000,0
APC,5,20210223,090000,2.68,2.72,2.32,2.36,4119,0
APC,5,20210223,093000,2.42,2.42,2.4,2.4,350,0
APC,5,20210223,104000,2.4,2.4,2.36,2.36,2000,0
APC,5,20210223,105000,2.36,2.36,2.36,2.36,1000,0
APC,5,20210223,111500,2.5,2.5,2.5,2.5,3,0
APC,5,20210223,112500,2.36,2.36,2.36,2.36,150,0
APC,5,20210223,114500,2.36,2.36,2.36,2.36,997,0
APC,5,20210223,121500,2.36,2.36,2.36,2.36,38,0
APC,5,20210223,122500,2.32,2.32,2.32,2.32,609,0
APC,5,20210223,124000,2.22,2.22,2.2,2.2,1391,0
APC,5,20210223,130000,2.26,2.26,2.26,2.26,50,0
APC,5,20210223,130500,2.24,2.24,2.24,2.24,519,0
APC,5,20210223,131000,2.28,2.28,2.28,2.28,39,0
APC,5,20210223,145000,2.28,2.28,2.28,2.28,474,0
APC,5,20210223,153500,2.38,2.46,2.38,2.46,188,0
APC,5,20210223,154000,2.4,2.5,2.4,2.5,438,0
APC,5,20210223,161000,2.28,2.28,2.2,2.2,1000,0
APC,5,20210223,164500,2.24,2.24,2.24,2.24,2,0
APC,5,20210224,090000,2.4,2.4,2.4,2.4,894,0
APC,5,20210224,093500,2.54,2.56,2.54,2.56,1468,0
APC,5,20210224,103000,2.56,2.56,2.56,2.56,4051,0
APC,5,20210224,104000,2.46,2.46,2.46,2.46,400,0
APC,5,20210224,110000,2.46,2.46,2.4,2.4,1191,0
APC,5,20210224,113000,2.4,2.4,2.4,2.4,1000,0
APC,5,20210224,145000,2.5,2.5,2.5,2.5,36,0
APC,5,20210224,155500,2.4,2.4,2.4,2.4,66,0
APC,5,20210224,161500,2.4,2.4,2.4,2.4,417,0
APC,5,20210225,090000,2.54,3,2.06,3,12077,0
APC,5,20210225,090500,2.88,2.88,2.88,2.88,300,0
APC,5,20210225,091500,2.3,2.3,2.3,2.3,1,0
APC,5,20210225,095000,2.62,2.62,2.6,2.6,666,0
APC,5,20210225,125500,2.62,2.62,2.62,2.62,31,0
APC,5,20210225,130500,2.62,2.62,2.62,2.62,1024,0
APC,5,20210225,134500,2.62,2.62,2.6,2.6,250,0
APC,5,20210225,150500,2.88,2.98,2.88,2.98,795,0
APC,5,20210225,151000,2.62,2.98,2.62,2.98,751,0
APC,5,20210225,155500,2.8,2.8,2.8,2.8,357,0
APC,5,20210225,161500,2.98,2.98,2.98,2.98,200,0
APC,5,20210225,164500,2.74,2.74,2.74,2.74,1,0
APC,5,20210226,090000,2.74,3.22,2.74,3.22,7949,0
APC,5,20210226,090500,3.22,3.22,3.22,3.22,28,0
APC,5,20210226,091500,3,3,3,3,127,0
APC,5,20210226,092500,3,3,3,3,2073,0
APC,5,20210226,093000,3,3,3,3,300,0
APC,5,20210226,100500,3.2,3.2,3.2,3.2,150,0
APC,5,20210226,103500,3.2,3.28,3.2,3.28,5566,0
APC,5,20210226,105000,3.04,3.1,3.04,3.1,10,0
APC,5,20210226,113000,3.14,3.14,3.1,3.1,2411,0
APC,5,20210226,114000,3.1,3.28,3.1,3.28,350,0
APC,5,20210226,114500,3.28,3.28,3.28,3.28,77,0
APC,5,20210226,120000,3.28,3.28,3.28,3.28,73,0
APC,5,20210226,121500,3.28,3.28,3.28,3.28,35,0
APC,5,20210226,130500,3.12,3.12,3,3.02,5000,0
APC,5,20210226,132500,3.24,3.24,3.24,3.24,160,0
APC,5,20210226,141500,3.04,3.04,3.02,3.02,500,0
APC,5,20210226,145500,3.2,3.26,3.2,3.26,1276,0
APC,5,20210226,150000,3.24,3.28,3.24,3.26,1521,0
APC,5,20210226,150500,3.26,3.26,3.26,3.26,800,0
APC,5,20210226,151000,3.24,3.24,3.24,3.24,1080,0
APC,5,20210226,151500,3.26,3.26,3.26,3.26,1000,0
APC,5,20210226,153000,3.26,3.28,3.26,3.28,2800,0
APC,5,20210226,153500,3.28,3.28,3.28,3.28,200,0
APC,5,20210226,161000,3.1,3.1,3.06,3.06,1000,0
APC,5,20210226,164500,3.06,3.06,3.06,3.06,7257,0
APC,5,20210301,090000,3.48,3.48,3.4,3.4,7600,0
APC,5,20210301,091000,3.38,3.38,3.38,3.38,400,0
APC,5,20210301,092500,3.12,3.12,3.12,3.12,1,0
APC,5,20210301,093500,3.32,3.34,3.32,3.34,500,0
APC,5,20210301,094000,3.14,3.14,3.1,3.1,2900,0
APC,5,20210301,094500,3.28,3.28,3.28,3.28,10,0
APC,5,20210301,100000,3.12,3.12,3.12,3.12,500,0
APC,5,20210301,100500,3.24,3.24,3.24,3.24,40,0
APC,5,20210301,102000,3.12,3.12,3.12,3.12,1000,0
APC,5,20210301,102500,3.12,3.12,3.12,3.12,960,0
APC,5,20210301,110500,3.24,3.24,3.24,3.24,11,0
APC,5,20210301,111500,3.1,3.1,3.1,3.1,671,0
APC,5,20210301,113000,3.1,3.1,3.1,3.1,1800,0
APC,5,20210301,113500,3.06,3.06,3.06,3.06,277,0
APC,5,20210301,114000,3.06,3.06,3.06,3.06,123,0
APC,5,20210301,114500,2.88,2.88,2.88,2.88,1,0
APC,5,20210301,120000,2.98,3.06,2.98,3.06,2827,0
APC,5,20210301,120500,3.16,3.16,3.16,3.16,1000,0
APC,5,20210301,122000,2.96,2.96,2.94,2.94,1400,0
APC,5,20210301,123000,2.94,2.94,2.94,2.94,600,0
APC,5,20210301,124500,3,3,3,3,100,0
APC,5,20210301,125000,3,3.06,3,3.06,1312,0
APC,5,20210301,132500,2.94,2.94,2.94,2.94,1,0
APC,5,20210301,133000,3,3,3,3,696,0
APC,5,20210301,134500,3,3,3,3,772,0
APC,5,20210301,140000,3,3,3,3,228,0
APC,5,20210301,141500,2.98,2.98,2.98,2.98,97,0
APC,5,20210301,143500,3,3,3,3,772,0
APC,5,20210301,150000,3,3,3,3,1000,0
APC,5,20210301,155000,3,3,3,3,1000,0
APC,5,20210301,160500,3,3,3,3,1230,0
APC,5,20210301,164000,2.98,2.98,2.98,2.98,50,0
APC,5,20210302,090000,2.96,2.96,2.96,2.96,1213,0
APC,5,20210302,092500,2.96,3,2.96,3,292,0
APC,5,20210302,093000,3,3.06,3,3.06,4002,0
APC,5,20210302,113500,3.04,3.04,3.04,3.04,31,0
APC,5,20210302,120000,2.96,2.96,2.96,2.96,1,0
APC,5,20210302,140500,2.98,3,2.98,3,669,0
APC,5,20210302,150000,2.96,2.96,2.96,2.96,123,0
APC,5,20210302,152000,3,3.06,3,3.06,3000,0
APC,5,20210302,152500,2.96,2.96,2.96,2.96,40,0
APC,5,20210303,092500,2.84,2.84,2.84,2.84,900,0
APC,5,20210303,100500,2.84,2.84,2.84,2.84,600,0
APC,5,20210303,103500,2.84,2.84,2.56,2.56,3455,0
APC,5,20210303,105500,2.84,2.84,2.84,2.84,2,0
APC,5,20210303,110500,2.84,2.84,2.84,2.84,300,0
APC,5,20210303,111000,2.84,2.84,2.84,2.84,900,0
APC,5,20210303,134000,2.84,2.84,2.84,2.84,1366,0
APC,5,20210303,155000,2.72,2.72,2.72,2.72,97,0
APC,5,20210303,155500,2.72,2.72,2.72,2.72,818,0
APC,5,20210303,164000,2.72,2.72,2.72,2.72,1000,0
APC,5,20210304,090000,2.38,2.38,2.38,2.38,1,0
APC,5,20210304,091000,2.8,2.82,2.8,2.82,149,0
APC,5,20210304,091500,2.82,2.82,2.82,2.82,600,0
APC,5,20210304,092500,2.82,2.82,2.82,2.82,443,0
APC,5,20210304,145500,2.56,2.56,2.56,2.56,1,0
APC,5,20210304,163500,2.82,2.82,2.82,2.82,114,0
APC,5,20210304,164500,2.9,2.9,2.9,2.9,1000,0
APC,5,20210305,090000,3.04,3.04,2.58,3,63,0
APC,5,20210305,095500,2.9,2.9,2.9,2.9,2,0
APC,5,20210305,102500,2.9,3,2.9,3,909,0
APC,5,20210305,120000,2.9,2.9,2.9,2.9,2,0
APC,5,20210305,120500,3,3,3,3,11,0
APC,5,20210305,122500,2.9,3,2.9,3,109,0
APC,5,20210305,125500,2.64,3,2.64,3,34,0
APC,5,20210305,134500,2.9,2.9,2.9,2.9,2,0
APC,5,20210305,161000,2.74,2.74,2.74,2.74,150,0
APC,5,20210305,162000,2.9,3,2.9,3,490,0
APC,5,20210305,164500,3,3.12,3,3.12,144,0
APC,5,20210308,090000,3.1,3.1,3.1,3.1,22,0
APC,5,20210308,093000,2.68,3,2.68,3,13,0
APC,5,20210308,112500,2.7,2.72,2.7,2.7,580,0
APC,5,20210308,113000,2.66,2.98,2.66,2.66,316,0
APC,5,20210308,113500,2.66,2.66,2.66,2.66,70,0
APC,5,20210308,114500,2.72,2.72,2.72,2.72,75,0
APC,5,20210308,115000,2.72,2.72,2.72,2.72,85,0
APC,5,20210308,120000,2.74,2.74,2.74,2.74,75,0
APC,5,20210308,120500,2.76,2.76,2.76,2.76,80,0
APC,5,20210308,121000,2.74,2.74,2.74,2.74,5,0
APC,5,20210308,121500,2.76,2.76,2.76,2.76,68,0
APC,5,20210308,122000,2.74,2.74,2.74,2.74,2,0
APC,5,20210308,122500,2.76,2.76,2.76,2.76,76,0
APC,5,20210308,123500,2.78,2.78,2.76,2.76,95,0
APC,5,20210308,124000,2.78,2.78,2.74,2.74,70,0
APC,5,20210308,124500,2.92,2.94,2.92,2.94,1024,0
APC,5,20210308,125000,2.8,2.8,2.8,2.8,94,0
APC,5,20210308,130000,2.8,2.8,2.8,2.8,1,0
APC,5,20210308,130500,2.8,2.8,2.8,2.8,80,0
APC,5,20210308,131000,2.82,2.82,2.8,2.8,1529,0
APC,5,20210308,131500,2.8,2.8,2.8,2.8,1,0
APC,5,20210308,132500,2.8,2.8,2.78,2.78,75,0
APC,5,20210308,133000,2.94,2.96,2.94,2.96,263,0
APC,5,20210308,134000,2.96,2.98,2.96,2.98,754,0
APC,5,20210308,134500,2.78,2.78,2.78,2.78,84,0
APC,5,20210308,135000,2.76,2.78,2.76,2.78,70,0
APC,5,20210308,135500,2.76,2.76,2.76,2.76,1,0
APC,5,20210308,140000,2.78,2.78,2.78,2.78,84,0
APC,5,20210308,140500,2.76,2.78,2.76,2.78,85,0
APC,5,20210308,141000,2.76,2.76,2.76,2.76,1,0
APC,5,20210308,141500,2.78,2.78,2.78,2.78,74,0
APC,5,20210308,142000,2.76,2.78,2.76,2.78,75,0
APC,5,20210308,142500,2.76,2.76,2.76,2.76,1050,0
APC,5,20210308,143000,2.74,2.76,2.74,2.76,191,0
APC,5,20210308,143500,2.76,2.76,2.74,2.74,40,0
APC,5,20210308,144000,2.76,2.76,2.76,2.76,68,0
APC,5,20210308,144500,2.74,2.76,2.74,2.76,80,0
APC,5,20210308,145000,2.74,2.74,2.74,2.74,2,0
APC,5,20210308,145500,2.76,2.76,2.76,2.76,73,0
APC,5,20210308,150000,2.74,2.76,2.74,2.76,88,0
APC,5,20210308,151000,2.78,2.78,2.78,2.78,64,0
APC,5,20210308,151500,2.76,2.76,2.76,2.76,1,0
APC,5,20210308,152000,2.78,2.78,2.78,2.78,56,0
APC,5,20210308,152500,2.76,2.78,2.76,2.78,97,0
APC,5,20210308,154000,2.8,2.8,2.8,2.8,70,0
APC,5,20210308,154500,2.8,2.8,2.8,2.8,81,0
APC,5,20210308,160500,2.8,2.8,2.8,2.8,66,0
APC,5,20210308,161500,2.8,2.8,2.8,2.8,85,0
APC,5,20210308,162500,2.8,2.8,2.8,2.8,80,0
APC,5,20210308,163000,2.8,2.8,2.8,2.8,75,0
APC,5,20210308,164000,2.8,2.8,2.8,2.8,105,0
APC,5,20210308,164500,2.8,2.9,2.74,2.74,1886,0
APC,5,20210309,090000,2.96,2.96,2.82,2.82,108,0
APC,5,20210309,090500,2.94,2.94,2.94,2.94,10,0
APC,5,20210309,091500,2.94,2.98,2.94,2.98,1752,0
APC,5,20210309,092000,2.98,3,2.98,3,1492,0
APC,5,20210309,094500,3,3,3,3,220,0
APC,5,20210309,095500,3,3.1,3,3.1,2290,0
APC,5,20210309,100000,3,3.1,3,3,3796,0
APC,5,20210309,101000,3,3.1,3,3,1771,0
APC,5,20210309,102500,2.96,3,2.96,3,717,0
APC,5,20210309,103000,3,3,3,3,100,0
APC,5,20210309,105000,2.96,3,2.86,3,115,0
APC,5,20210309,105500,2.84,2.98,2.84,2.98,104,0
APC,5,20210309,110000,2.98,3.08,2.98,3.08,3464,0
APC,5,20210309,111000,2.84,2.84,2.84,2.84,89,0
APC,5,20210309,111500,2.98,2.98,2.98,2.98,5,0
APC,5,20210309,113000,2.86,2.98,2.86,2.98,8,0
APC,5,20210309,113500,2.88,2.98,2.88,2.98,120,0
APC,5,20210309,115500,2.86,2.88,2.86,2.88,101,0
APC,5,20210309,120000,2.98,2.98,2.98,2.98,12,0
APC,5,20210309,123000,2.9,2.9,2.9,2.9,98,0
APC,5,20210309,123500,2.88,2.88,2.88,2.88,2,0
APC,5,20210309,124000,2.9,2.9,2.9,2.9,80,0
APC,5,20210309,130000,2.9,2.9,2.88,2.88,30,0
APC,5,20210309,131500,2.88,2.88,2.88,2.88,90,0
APC,5,20210309,133500,2.88,2.98,2.88,2.98,107,0
APC,5,20210309,134000,2.88,2.88,2.88,2.88,1,0
APC,5,20210309,140000,2.88,2.88,2.88,2.88,95,0
APC,5,20210309,142000,2.88,2.88,2.88,2.88,100,0
APC,5,20210309,144000,2.88,2.88,2.88,2.88,100,0
APC,5,20210309,145000,2.9,2.9,2.9,2.9,50,0
APC,5,20210309,150000,2.88,2.88,2.88,2.88,45,0
APC,5,20210309,152000,2.88,2.88,2.88,2.88,320,0
APC,5,20210309,152500,2.88,2.96,2.84,2.84,147,0
APC,5,20210309,153000,2.96,2.96,2.82,2.82,8,0
APC,5,20210309,154000,2.92,2.92,2.92,2.92,93,0
APC,5,20210309,154500,2.82,2.82,2.82,2.82,2,0
APC,5,20210309,155500,2.84,3,2.84,3,4064,0
APC,5,20210309,160000,2.84,2.84,2.84,2.84,50,0
APC,5,20210309,161000,2.86,2.86,2.86,2.86,94,0
APC,5,20210309,162500,2.84,2.84,2.84,2.84,1,0
APC,5,20210309,163500,2.98,3.06,2.98,3.06,530,0
APC,5,20210309,164500,3,3,3,3,110,0
APC,5,20210309,165500,3,3,3,3,300,0
APC,5,20210310,090000,3.04,3.04,2.86,3.04,3012,0
APC,5,20210310,095000,2.86,2.86,2.86,2.86,1,0
APC,5,20210310,095500,3,3.02,3,3.02,863,0
APC,5,20210310,100500,3.04,3.04,3.04,3.04,3438,0
APC,5,20210310,101000,3.04,3.1,3.04,3.1,2173,0
APC,5,20210310,103000,3.1,3.34,3.1,3.34,3830,0
APC,5,20210310,103500,3.34,3.4,3.34,3.4,118,0
APC,5,20210310,104000,3.02,3.38,3,3,536,0
APC,5,20210310,111500,3,3.28,3,3.28,650,0
APC,5,20210310,112500,2.9,3.18,2.9,3.18,11,0
APC,5,20210310,113500,3.1,3.1,3.1,3.1,433,0
APC,5,20210310,114000,2.9,2.9,2.9,2.9,1,0
APC,5,20210310,115500,3.1,3.1,2.96,2.96,2,0
APC,5,20210310,163000,3,3,3,3,1,0
APC,5,20210310,163500,3.1,3.1,3.1,3.1,1,0
APC,5,20210310,164500,3,3.12,3,3.12,81,0
APC,5,20210311,090000,3.38,3.38,3.38,3.38,242,0
APC,5,20210311,090500,2.92,3.26,2.92,3.26,11,0
APC,5,20210311,091000,2.96,2.96,2.96,2.96,1,0
APC,5,20210311,091500,3.26,3.26,2.96,2.96,12,0
APC,5,20210311,092000,3.26,3.26,2.96,2.96,6,0
APC,5,20210311,092500,3.14,3.14,3.14,3.14,5,0
APC,5,20210311,094500,2.86,2.86,2.86,2.86,1,0
APC,5,20210311,104500,2.98,2.98,2.98,2.98,3,0
APC,5,20210311,105000,2.98,2.98,2.98,2.98,47,0
APC,5,20210311,105500,3,3,3,3,5,0
APC,5,20210311,111000,2.98,2.98,2.98,2.98,1988,0
APC,5,20210311,111500,2.98,3.28,2.98,3.28,14,0
APC,5,20210311,112000,2.9,2.9,2.9,2.9,1,0
APC,5,20210311,113000,3,3,3,3,400,0
APC,5,20210311,113500,2.9,2.9,2.9,2.9,150,0
APC,5,20210311,135500,2.98,3.16,2.98,3.16,1810,0
APC,5,20210311,140000,3,3,3,3,1,0
APC,5,20210311,144000,3,3,3,3,1697,0
APC,5,20210311,153000,2.92,2.92,2.92,2.92,50,0
APC,5,20210311,161500,2.92,2.92,2.92,2.92,1500,0
APC,5,20210311,164500,2.98,2.98,2.98,2.98,10,0
APC,5,20210312,092500,2.9,2.9,2.86,2.86,694,0
APC,5,20210312,093000,2.86,2.86,2.8,2.8,2000,0
APC,5,20210312,093500,2.8,2.8,2.8,2.8,2094,0
APC,5,20210312,101000,2.94,3.04,2.94,3.04,691,0
APC,5,20210312,104000,2.86,2.86,2.86,2.86,1,0
APC,5,20210312,110500,2.96,2.96,2.96,2.96,4908,0
APC,5,20210312,112000,3,3.04,3,3.04,4400,0
APC,5,20210312,113000,3,3,3,3,1000,0
APC,5,20210312,114500,3.04,3.04,3.04,3.04,5,0
APC,5,20210312,115000,3.04,3.1,3.04,3.1,104,0
APC,5,20210312,120000,3,3,3,3,1,0
APC,5,20210312,121500,3,3,3,3,999,0
APC,5,20210312,123500,3,3,3,3,2877,0
APC,5,20210312,141000,3.04,3.04,3.04,3.04,340,0
APC,5,20210312,143000,3.04,3.1,3,3,892,0
APC,5,20210312,145500,3.08,3.08,3.08,3.08,10,0
APC,5,20210312,151500,3.08,3.1,3.08,3.1,4740,0
APC,5,20210312,152000,3.1,3.1,3.1,3.1,97,0
APC,5,20210312,160000,3.08,3.08,3.08,3.08,240,0
APC,5,20210312,161500,3.08,3.1,3.08,3.1,112,0
APC,5,20210312,162500,3.1,3.1,3.1,3.1,400,0
APC,5,20210315,090000,3.28,3.28,3.28,3.28,3,0
APC,5,20210315,091000,3.1,3.26,3.1,3.26,652,0
APC,5,20210315,093000,3.24,3.4,3.24,3.4,1267,0
APC,5,20210315,093500,3.4,3.4,3.4,3.4,864,0
APC,5,20210315,094000,3.6,3.82,3.6,3.82,736,0
APC,5,20210315,094500,3.6,3.78,3.6,3.78,420,0
APC,5,20210315,100500,3.64,3.64,3.64,3.64,1,0
APC,5,20210315,101000,3.64,3.78,3.64,3.78,702,0
APC,5,20210315,102500,3.78,3.9,3.78,3.9,4940,0
APC,5,20210315,104000,3.84,3.84,3.84,3.84,993,0
APC,5,20210315,105000,3.84,3.84,3.84,3.84,497,0
APC,5,20210315,110000,3.86,3.86,3.86,3.86,1227,0
APC,5,20210315,111500,3.86,3.9,3.4,3.88,2038,0
APC,5,20210315,112500,3.82,3.82,3.82,3.82,150,0
APC,5,20210315,113500,3.84,3.84,3.84,3.84,2000,0
APC,5,20210315,114500,3.84,3.9,3.84,3.9,22,0
APC,5,20210315,115000,3.9,3.9,3.9,3.9,4620,0
APC,5,20210315,121000,3.9,3.9,3.9,3.9,380,0
APC,5,20210315,124000,3.9,3.9,3.9,3.9,200,0
APC,5,20210315,125000,3.84,3.84,3.84,3.84,581,0
APC,5,20210315,141500,3.54,3.84,3.54,3.84,54,0
APC,5,20210315,142500,3.84,3.84,3.84,3.84,2134,0
APC,5,20210315,151000,3.76,3.76,3.76,3.76,1,0
APC,5,20210315,153500,3.54,3.54,3.5,3.5,8000,0
APC,5,20210315,154000,3.78,3.78,3.78,3.78,3,0
APC,5,20210315,155000,3.5,3.5,3.5,3.5,3,0
APC,5,20210315,160500,3.74,3.74,3.74,3.74,180,0
APC,5,20210315,163500,3.72,3.74,3.72,3.74,843,0
APC,5,20210315,164500,3.74,3.78,3.74,3.78,1815,0
APC,5,20210316,090000,3.78,3.78,3.36,3.36,11,0
APC,5,20210316,090500,3.78,3.78,3.78,3.78,9,0
APC,5,20210316,091000,3.6,3.6,3.6,3.6,3,0
APC,5,20210316,093500,3.6,3.6,3.6,3.6,797,0
APC,5,20210316,094000,3.6,3.6,3.6,3.6,500,0
APC,5,20210316,094500,3.52,3.52,3.52,3.52,1000,0
APC,5,20210316,100500,3.6,3.6,3.6,3.6,1831,0
APC,5,20210316,101000,3.6,3.6,3.6,3.6,443,0
APC,5,20210316,102000,3.6,3.76,3.6,3.76,7,0
APC,5,20210316,103000,3.6,3.6,3.6,3.6,6,0
APC,5,20210316,104000,3.52,3.52,3.52,3.52,1,0
APC,5,20210316,104500,3.6,3.6,3.52,3.52,501,0
APC,5,20210316,110500,3.52,3.6,3.5,3.6,5304,0
APC,5,20210316,111000,3.28,3.58,3.28,3.58,685,0
APC,5,20210316,111500,3.6,3.78,3.6,3.78,992,0
APC,5,20210316,112000,3.5,3.5,3.5,3.5,1,0
APC,5,20210316,114500,3.6,3.6,3.5,3.5,1001,0
APC,5,20210316,115000,3.58,3.6,3.58,3.6,1099,0
APC,5,20210316,125500,3.6,3.68,3.6,3.68,109,0
APC,5,20210316,143000,3.6,3.6,3.6,3.6,800,0
APC,5,20210316,150500,3.5,3.5,3.5,3.5,1,0
APC,5,20210316,152000,3.68,3.7,3.68,3.7,1000,0
APC,5,20210316,164500,3.7,3.7,3.7,3.7,20,0
APC,5,20210317,090000,3.7,3.7,3.7,3.7,5,0
APC,5,20210317,091000,3.46,3.46,3.46,3.46,1,0
APC,5,20210317,093000,3.48,3.48,3.48,3.48,97,0
APC,5,20210317,093500,3.48,3.48,3.48,3.48,1107,0
APC,5,20210317,094000,3.48,3.48,3.48,3.48,529,0
APC,5,20210317,094500,3.48,3.68,3.48,3.68,870,0
APC,5,20210317,095500,3.48,3.48,3.46,3.46,1242,0
APC,5,20210317,100000,3.46,3.46,3.42,3.42,520,0
APC,5,20210317,100500,3.42,3.42,3.42,3.42,99,0
APC,5,20210317,104000,3.42,3.42,3.42,3.42,500,0
APC,5,20210317,110000,3.42,3.42,3.42,3.42,625,0
APC,5,20210317,111500,3.42,3.42,3.42,3.42,450,0
APC,5,20210317,113500,3.42,3.42,3.42,3.42,495,0
APC,5,20210317,115000,3.34,3.34,3.34,3.34,131,0
APC,5,20210317,115500,3.34,3.34,3.34,3.34,407,0
APC,5,20210317,121500,3.4,3.4,3.4,3.4,205,0
APC,5,20210317,122000,3.4,3.4,3.4,3.4,789,0
APC,5,20210317,125000,3.4,3.4,3.4,3.4,1,0
APC,5,20210317,125500,3.46,3.46,3.46,3.46,500,0
APC,5,20210317,132000,3.48,3.48,3.48,3.48,20,0
APC,5,20210317,142500,3.48,3.48,3.48,3.48,121,0
APC,5,20210317,144500,3.48,3.48,3.48,3.48,453,0
APC,5,20210317,154500,3.48,3.48,3.48,3.48,3996,0
APC,5,20210317,160500,3.48,3.48,3.48,3.48,99,0
APC,5,20210317,162500,3.48,3.48,3.48,3.48,980,0
APC,5,20210317,165500,3.48,3.48,3.48,3.48,538,0
APC,5,20210318,090000,3.46,3.46,3.46,3.46,100,0
APC,5,20210318,090500,3.46,3.46,3.46,3.46,150,0
APC,5,20210318,091000,3.44,3.44,3.44,3.44,200,0
APC,5,20210318,091500,3.44,3.46,3.44,3.46,1000,0
APC,5,20210318,093000,3.48,3.48,3.46,3.46,910,0
APC,5,20210318,093500,3.46,3.46,3.46,3.46,331,0
APC,5,20210318,094500,3.46,3.46,3.46,3.46,928,0
APC,5,20210318,095500,3.46,3.46,3.46,3.46,231,0
APC,5,20210318,102000,3.38,3.38,3.38,3.38,1,0
APC,5,20210318,103000,3.44,3.44,3.44,3.44,190,0
APC,5,20210318,103500,3.46,3.46,3.46,3.46,1100,0
APC,5,20210318,105000,3.48,3.48,3.48,3.48,237,0
APC,5,20210318,110500,3.48,3.52,3.48,3.52,839,0
APC,5,20210318,111000,3.52,3.52,3.52,3.52,199,0
APC,5,20210318,111500,3.52,3.52,3.48,3.48,517,0
APC,5,20210318,115000,3.44,3.44,3.44,3.44,99,0
APC,5,20210318,120500,3.46,3.48,3.46,3.48,326,0
APC,5,20210318,132500,3.46,3.46,3.46,3.46,200,0
APC,5,20210318,144000,3.46,3.46,3.46,3.46,300,0
APC,5,20210318,145000,3.44,3.44,3.44,3.44,195,0
APC,5,20210318,153000,3.44,3.44,3.44,3.44,14,0
APC,5,20210318,162000,3.46,3.48,3.46,3.48,1800,0
APC,5,20210318,164000,3.48,3.48,3.48,3.48,200,0
APC,5,20210319,092000,3.5,3.5,3.44,3.44,2174,0
APC,5,20210319,093500,3.5,3.5,3.5,3.5,80,0
APC,5,20210319,094000,3.5,3.5,3.5,3.5,59,0
APC,5,20210319,094500,3.6,3.6,3.6,3.6,1,0
APC,5,20210319,145500,3.5,3.5,3.48,3.48,462,0
APC,5,20210319,154500,3.5,3.5,3.5,3.5,600,0
APC,5,20210322,091500,3.44,3.44,3.4,3.4,500,0
APC,5,20210322,092000,3.5,3.5,3.4,3.4,341,0
APC,5,20210322,114000,3.4,3.4,3.4,3.4,270,0
APC,5,20210322,114500,3.4,3.4,3.38,3.38,502,0
APC,5,20210322,124000,3.38,3.38,3.38,3.38,500,0
APC,5,20210322,135500,3.32,3.32,3.32,3.32,1000,0
APC,5,20210322,152000,3.32,3.32,3.3,3.3,1000,0
APC,5,20210322,160000,3.3,3.3,3.26,3.26,998,0
APC,5,20210322,160500,3.38,3.38,3.38,3.38,25,0
APC,5,20210322,164500,3.38,3.38,3.38,3.38,534,0
APC,5,20210323,090000,3.26,3.26,3.26,3.26,1034,0
APC,5,20210323,092500,3.22,3.22,3.22,3.22,1000,0
APC,5,20210323,095000,3.2,3.2,3.2,3.2,4000,0
APC,5,20210323,103500,3.2,3.2,3.2,3.2,475,0
APC,5,20210323,111000,3.2,3.2,3.2,3.2,2000,0
APC,5,20210323,112000,3.2,3.2,3.2,3.2,1417,0
APC,5,20210323,131500,3.2,3.2,3.2,3.2,500,0
APC,5,20210323,140000,3.2,3.2,3.2,3.2,260,0
APC,5,20210323,153000,3.22,3.22,3.22,3.22,500,0
APC,5,20210323,155000,3.3,3.3,3.3,3.3,200,0
APC,5,20210323,161000,3.22,3.22,3.22,3.22,500,0
APC,5,20210323,163500,3.2,3.2,3.2,3.2,500,0
APC,5,20210323,165500,3.2,3.2,3.2,3.2,1457,0
APC,5,20210324,090000,3.18,3.18,3.18,3.18,140,0
APC,5,20210324,091000,2.94,2.94,2.94,2.94,1,0
APC,5,20210324,143500,3.2,3.2,3.2,3.2,100,0
APC,5,20210324,163000,3.2,3.2,3.2,3.2,240,0
APC,5,20210324,163500,3.4,3.4,3.4,3.4,1,0
APC,5,20210325,090000,2.98,2.98,2.98,2.98,1300,0
APC,5,20210325,090500,3.02,3.1,3.02,3.1,2,0
APC,5,20210325,092000,2.98,2.98,2.98,2.98,1,0
APC,5,20210325,093000,2.98,2.98,2.98,2.98,956,0
APC,5,20210325,094500,2.96,3.12,2.96,3.12,844,0
APC,5,20210325,103500,3.36,3.4,3.36,3.4,1398,0
APC,5,20210325,120500,3.42,3.42,3.42,3.42,387,0
APC,5,20210325,122500,3.6,3.6,3.6,3.6,5,0
APC,5,20210325,135500,3.6,3.6,3.6,3.6,50,0
APC,5,20210325,155000,3.42,3.42,3.42,3.42,500,0
APC,5,20210326,092000,3.5,3.6,3.5,3.6,602,0
APC,5,20210326,094000,3.6,3.9,3.6,3.9,132,0
APC,5,20210326,110000,3.52,3.52,3.52,3.52,592,0
APC,5,20210326,110500,3.5,3.5,3.5,3.5,500,0
APC,5,20210326,111000,3.52,3.52,3.52,3.52,8,0
APC,5,20210326,134000,3.56,3.56,3.56,3.56,406,0
APC,5,20210326,163000,3.58,3.58,3.56,3.56,300,0
APC,5,20210326,164500,3.56,3.56,3.56,3.56,544,0
