<TICKER>,<PER>,<DATE>,<TIME>,<OPEN>,<HIGH>,<LOW>,<CLOSE>,<VOL>,<OPENINT>
AQA,5,20210204,090000,14.9,14.9,14.9,14.9,1,0
AQA,5,20210204,102000,14.1,14.1,14.1,14.1,10,0
AQA,5,20210204,103000,14.1,14.1,14.1,14.1,20,0
AQA,5,20210204,103500,13.8,13.8,13.8,13.8,359,0
AQA,5,20210204,112500,14,14,14,14,10,0
AQA,5,20210204,133500,14.1,14.8,14.1,14.8,132,0
AQA,5,20210204,134000,14.8,15.3,14.8,15.3,410,0
AQA,5,20210205,091000,14.5,14.6,14.5,14.6,4260,0
AQA,5,20210205,091500,14,14,14,14,512,0
AQA,5,20210205,093000,14,14,14,14,27,0
AQA,5,20210205,093500,14,14,13.9,13.9,150,0
AQA,5,20210205,095000,13.9,13.9,13.6,13.6,1541,0
AQA,5,20210205,095500,13.5,13.5,13.5,13.5,15,0
AQA,5,20210205,105000,13.5,13.5,13.5,13.5,439,0
AQA,5,20210205,120000,13.6,13.6,13.6,13.6,100,0
AQA,5,20210205,120500,13.6,13.6,13.6,13.6,100,0
AQA,5,20210205,132000,13.6,13.6,13.6,13.6,50,0
AQA,5,20210205,132500,13.5,13.5,13.5,13.5,41,0
AQA,5,20210208,090500,14.5,15.7,14.5,15.7,110,0
AQA,5,20210208,102000,13.5,13.5,13.5,13.5,1,0
AQA,5,20210208,103000,13.5,13.5,13.5,13.5,16,0
AQA,5,20210208,151500,13.5,13.5,13.4,13.4,84,0
AQA,5,20210208,163500,14.1,14.1,14.1,14.1,10,0
AQA,5,20210209,090000,14.2,14.2,14.2,14.2,1,0
AQA,5,20210209,091000,13,13,13,13,66,0
AQA,5,20210209,091500,14.2,14.2,14.2,14.2,5,0
AQA,5,20210209,111000,13.4,13.4,13.4,13.4,40,0
AQA,5,20210209,113000,13.4,13.4,13.4,13.4,5,0
AQA,5,20210209,124500,13,13,13,13,4,0
AQA,5,20210209,132500,13.4,13.4,13.4,13.4,10,0
AQA,5,20210210,090000,12.9,13.4,12.9,13.4,133,0
AQA,5,20210210,092000,13.4,13.4,13.4,13.4,11,0
AQA,5,20210210,095500,13.2,13.2,13.2,13.2,92,0
AQA,5,20210210,103000,13.1,13.1,13.1,13.1,9,0
AQA,5,20210210,112500,12.9,12.9,12.9,12.9,30,0
AQA,5,20210210,113000,12.9,12.9,12.9,12.9,5,0
AQA,5,20210210,114500,12.9,12.9,12.9,12.9,22,0
AQA,5,20210210,143000,13.1,13.1,13.1,13.1,10,0
AQA,5,20210210,151500,12.9,12.9,12.9,12.9,20,0
AQA,5,20210210,161000,12.5,12.5,12.5,12.5,180,0
AQA,5,20210211,090000,12.4,12.4,12.4,12.4,50,0
AQA,5,20210211,121000,11.5,11.5,11.4,11.4,20,0
AQA,5,20210211,142000,11.5,11.5,11.5,11.5,10,0
AQA,5,20210211,143000,11.5,11.5,11.5,11.5,20,0
AQA,5,20210211,160500,11.5,12,11.5,12,100,0
AQA,5,20210212,090000,12,12,12,12,1,0
AQA,5,20210212,093500,11.9,11.9,11.9,11.9,120,0
AQA,5,20210212,111500,11.8,13.5,11.8,13.5,745,0
AQA,5,20210215,090000,13.8,13.8,13.8,13.8,11,0
AQA,5,20210215,092000,13.8,15,13.8,15,290,0
AQA,5,20210215,094500,14,14,14,14,10,0
AQA,5,20210215,120500,13.9,13.9,13.9,13.9,72,0
AQA,5,20210215,121000,13.4,13.4,13.4,13.4,17,0
AQA,5,20210215,130500,13,13,13,13,10,0
AQA,5,20210215,131000,13.6,13.6,13.6,13.6,10,0
AQA,5,20210215,133000,13.6,13.6,13.6,13.6,20,0
AQA,5,20210215,133500,13.8,13.8,13.8,13.8,10,0
AQA,5,20210215,143000,13.6,13.6,13.6,13.6,4,0
AQA,5,20210215,160500,13.6,13.6,13.6,13.6,100,0
AQA,5,20210216,090000,13.5,13.5,13.5,13.5,1,0
AQA,5,20210216,115000,12.8,12.8,12.8,12.8,30,0
AQA,5,20210216,115500,12.5,12.5,12.5,12.5,10,0
AQA,5,20210216,121500,12.5,12.5,12.5,12.5,102,0
AQA,5,20210216,123500,12.8,12.8,12.8,12.8,10,0
AQA,5,20210216,130000,12.8,13.4,12.8,13.4,55,0
AQA,5,20210216,131000,12.5,12.5,12.5,12.5,230,0
AQA,5,20210216,154000,12.6,12.6,12.6,12.6,100,0
AQA,5,20210216,160000,12.2,12.2,12.2,12.2,260,0
AQA,5,20210216,163500,12.8,13.6,12.8,13.6,315,0
AQA,5,20210216,164500,13.2,14.5,13.2,14.5,290,0
AQA,5,20210217,090000,14.1,14.1,14.1,14.1,1,0
AQA,5,20210217,124000,13.4,13.4,13,13,40,0
AQA,5,20210217,134000,12.6,12.6,12.6,12.6,208,0
AQA,5,20210217,163500,13,13,13,13,15,0
AQA,5,20210218,090000,13.2,14,13.2,14,175,0
AQA,5,20210218,111000,13,13,13,13,17,0
AQA,5,20210218,123000,13,13,13,13,3,0
AQA,5,20210218,125500,13,13,13,13,17,0
AQA,5,20210219,090000,13.5,15.7,13.5,15.7,195,0
AQA,5,20210219,092000,14,14,14,14,35,0
AQA,5,20210219,092500,14,14,14,14,40,0
AQA,5,20210219,102500,13,13,13,13,5,0
AQA,5,20210219,103500,13,13,13,13,13,0
AQA,5,20210219,120000,13.2,13.2,13.2,13.2,20,0
AQA,5,20210219,155000,13.2,14,13.2,14,525,0
AQA,5,20210219,162000,14,15,14,15,665,0
AQA,5,20210219,162500,15,15.7,15,15.7,265,0
AQA,5,20210219,163000,13.1,13.1,13.1,13.1,39,0
AQA,5,20210219,163500,15,15.7,15,15.7,40,0
AQA,5,20210219,164000,14.8,15.7,14.8,15.7,105,0
AQA,5,20210219,164500,15.7,15.7,15.7,15.7,150,0
AQA,5,20210222,090000,15.8,15.9,15.8,15.9,301,0
AQA,5,20210222,090500,15.9,18.9,15.9,18.9,401,0
AQA,5,20210222,091000,18.9,18.9,18.9,18.9,25,0
AQA,5,20210222,092000,14.8,18.9,14.6,14.6,166,0
AQA,5,20210222,092500,18.9,18.9,18.9,18.9,20,0
AQA,5,20210222,100000,17,17,17,17,5,0
AQA,5,20210222,101000,17.9,18,17.9,18,7,0
AQA,5,20210222,104000,18,18,18,18,30,0
AQA,5,20210222,105000,18.2,18.8,18.2,18.8,20,0
AQA,5,20210222,111000,18.8,18.8,18.8,18.8,25,0
AQA,5,20210222,122500,16.1,16.1,16.1,16.1,50,0
AQA,5,20210222,123500,16.1,16.1,16.1,16.1,13,0
AQA,5,20210222,124500,18.5,18.5,18.5,18.5,8,0
AQA,5,20210222,131000,17.5,18.5,17.5,18.5,35,0
AQA,5,20210222,144000,18.4,18.5,18.4,18.5,15,0
AQA,5,20210222,153500,18.5,18.5,18.5,18.5,25,0
AQA,5,20210222,154000,18.5,18.5,18.5,18.5,10,0
AQA,5,20210222,155500,16.5,16.5,15.8,15.8,255,0
AQA,5,20210222,163500,16.2,17,16.2,17,235,0
AQA,5,20210223,090000,16.9,19.3,16.9,19.3,370,0
AQA,5,20210223,090500,20,20,17,17,559,0
AQA,5,20210223,091000,17,20,17,20,90,0
AQA,5,20210223,104500,17.6,17.6,17.6,17.6,53,0
AQA,5,20210223,120500,16.5,16.5,16.5,16.5,20,0
AQA,5,20210223,122000,16.3,16.3,15,15,500,0
AQA,5,20210223,122500,15.5,16.4,15.5,16.4,335,0
AQA,5,20210223,123000,16.4,17.7,16.4,17.7,370,0
AQA,5,20210223,134500,17.5,17.9,17.5,17.9,130,0
AQA,5,20210223,162500,17.9,19,17.9,19,350,0
AQA,5,20210223,163000,19,19.8,19,19.8,100,0
AQA,5,20210223,164500,19.6,20.2,19.6,20.2,145,0
AQA,5,20210224,092000,20,20.2,20,20.2,80,0
AQA,5,20210224,101500,20,20,20,20,37,0
AQA,5,20210224,102500,18.1,18.1,17,17,208,0
AQA,5,20210224,103000,18,18,18,18,5,0
AQA,5,20210224,103500,18,19.4,18,19.4,42,0
AQA,5,20210224,112000,19.3,19.3,19.3,19.3,11,0
AQA,5,20210224,114000,19.3,19.3,18,18,36,0
AQA,5,20210224,115500,18,18,18,18,90,0
AQA,5,20210224,121000,19.7,19.7,19.7,19.7,5,0
AQA,5,20210224,122000,19.3,19.3,19.3,19.3,5,0
AQA,5,20210224,123000,18.1,18.1,18.1,18.1,10,0
AQA,5,20210224,125500,18.1,19.3,18.1,19.3,75,0
AQA,5,20210224,131000,17.7,17.7,17,17,119,0
AQA,5,20210224,131500,17,17,17,17,81,0
AQA,5,20210224,135500,19,19,19,19,5,0
AQA,5,20210224,142000,17.1,17.1,16.5,16.5,215,0
AQA,5,20210224,142500,17,17,17,17,200,0
AQA,5,20210224,153000,16.3,16.3,16.3,16.3,390,0
AQA,5,20210224,153500,16.3,16.9,16.3,16.9,105,0
AQA,5,20210224,161000,16.9,17.9,16.9,17.9,50,0
AQA,5,20210224,165500,16,16,16,16,231,0
AQA,5,20210225,090000,16,16.5,16,16.5,47,0
AQA,5,20210225,090500,15.9,15.9,15.9,15.9,22,0
AQA,5,20210225,091000,15.9,16.5,15.9,16.5,105,0
AQA,5,20210225,094000,15.8,16.5,15.8,16.5,22,0
AQA,5,20210225,102000,15.9,16,15.9,16,30,0
AQA,5,20210225,102500,16,16,16,16,80,0
AQA,5,20210225,105500,16,16,16,16,60,0
AQA,5,20210225,120500,16,16,16,16,10,0
AQA,5,20210225,132000,16,16.5,16,16.5,50,0
AQA,5,20210225,154500,16.9,16.9,16.9,16.9,2601,0
AQA,5,20210225,155500,17,17,17,17,10,0
AQA,5,20210225,160000,17,17.2,17,17.2,344,0
AQA,5,20210225,160500,17.8,17.8,17.7,17.7,17,0
AQA,5,20210225,164500,17.7,19.1,17.7,19.1,335,0
AQA,5,20210226,090000,18.8,18.8,18.8,18.8,10,0
AQA,5,20210226,115000,17.9,18.5,17.9,18.5,20,0
AQA,5,20210301,090500,18.5,18.8,18.5,18.8,15,0
AQA,5,20210301,092000,17.7,17.7,17,17,20,0
AQA,5,20210301,093500,17,18.8,17,17,205,0
AQA,5,20210301,094000,18,18.8,18,18.8,25,0
AQA,5,20210301,145000,17.8,17.8,17.8,17.8,10,0
AQA,5,20210301,150500,17.8,18,17.8,18,10,0
AQA,5,20210302,090000,18.6,18.6,18.6,18.6,10,0
AQA,5,20210302,095500,15.5,16.6,15.5,16.6,37,0
AQA,5,20210302,103500,16.5,16.5,16.5,16.5,100,0
AQA,5,20210302,104500,16.6,16.6,16.6,16.6,20,0
AQA,5,20210302,113000,16.6,16.9,16.6,16.9,70,0
AQA,5,20210302,123000,16.2,16.2,15.2,15.2,250,0
AQA,5,20210302,123500,16.9,17,16.9,17,55,0
AQA,5,20210302,153000,16,16.6,15,16.6,475,0
AQA,5,20210302,161000,16.6,16.7,16.6,16.7,15,0
AQA,5,20210303,090000,17,17,17,17,15,0
AQA,5,20210303,101000,16.9,16.9,16.9,16.9,58,0
AQA,5,20210303,135500,16,16.5,16,16.5,25,0
AQA,5,20210304,090000,16.2,16.2,16.2,16.2,2,0
AQA,5,20210304,102500,15.5,15.5,15.5,15.5,150,0
AQA,5,20210304,104000,15.9,15.9,15.9,15.9,10,0
AQA,5,20210304,113000,15.2,15.2,15.2,15.2,100,0
AQA,5,20210304,122500,15.8,15.8,15.8,15.8,25,0
AQA,5,20210304,142500,15.2,15.2,15.2,15.2,17,0
AQA,5,20210304,143000,15.8,15.8,15.8,15.8,10,0
AQA,5,20210304,150000,16.1,16.1,16.1,16.1,10,0
AQA,5,20210305,090000,15.8,16.1,15.8,16.1,45,0
AQA,5,20210305,101500,15.2,15.2,15.2,15.2,125,0
AQA,5,20210305,103000,15.1,15.1,15.1,15.1,35,0
AQA,5,20210305,105500,15.9,15.9,15.9,15.9,10,0
AQA,5,20210305,111500,14.8,14.8,14.8,14.8,7,0
AQA,5,20210305,112000,14.6,15.2,14.5,14.5,242,0
AQA,5,20210305,113500,14.8,14.8,14.8,14.8,18,0
AQA,5,20210305,120500,15.9,15.9,15.9,15.9,10,0
AQA,5,20210305,155500,15.9,15.9,15.9,15.9,62,0
AQA,5,20210305,162500,16,16,16,16,10,0
AQA,5,20210308,090000,16,16,16,16,30,0
AQA,5,20210308,103500,15.6,15.6,15.6,15.6,20,0
AQA,5,20210308,130500,15.1,15.1,15.1,15.1,20,0
AQA,5,20210308,141000,15,15.5,14.9,15.5,300,0
AQA,5,20210308,141500,15,17,14.7,17,260,0
AQA,5,20210308,143500,17,17.2,17,17.2,215,0
AQA,5,20210308,144500,17.2,18.6,17.2,18.6,70,0
AQA,5,20210309,090000,18.6,18.6,18.6,18.6,2,0
AQA,5,20210309,091000,18.4,18.6,18.4,18.6,25,0
AQA,5,20210309,093500,18.6,18.6,18.6,18.6,50,0
AQA,5,20210309,095000,18.6,18.6,18.6,18.6,20,0
AQA,5,20210309,105000,18.6,21,18.6,21,385,0
AQA,5,20210309,111000,21,21,21,21,8,0
AQA,5,20210309,122000,18,20.8,18,20.8,115,0
AQA,5,20210309,122500,20.6,20.8,20.6,20.8,15,0
AQA,5,20210309,123000,18,18,18,18,100,0
AQA,5,20210309,123500,18.9,18.9,18.9,18.9,7,0
AQA,5,20210309,145500,17.9,17.9,17.9,17.9,10,0
AQA,5,20210310,092000,18.4,18.4,18.4,18.4,7,0
AQA,5,20210310,135000,17.7,17.7,17.7,17.7,50,0
AQA,5,20210310,150500,16.8,16.8,16.8,16.8,125,0
AQA,5,20210310,163000,17,17,17,17,15,0
AQA,5,20210311,101000,17,17,17,17,58,0
AQA,5,20210311,103000,17.3,17.3,17.3,17.3,9,0
AQA,5,20210311,104500,17.4,17.4,17.4,17.4,10,0
AQA,5,20210311,105000,16.5,16.5,16.5,16.5,100,0
AQA,5,20210311,113500,16.1,16.1,16.1,16.1,130,0
AQA,5,20210311,122500,15.7,15.7,15.7,15.7,17,0
AQA,5,20210311,123000,15.9,16,15.9,16,400,0
AQA,5,20210311,123500,16.7,16.7,16.7,16.7,10,0
AQA,5,20210312,090500,16.8,16.8,16.8,16.8,10,0
AQA,5,20210312,092500,16.8,17.5,16.8,17.5,190,0
AQA,5,20210312,093000,20,20,19.9,20,20,0
AQA,5,20210312,094000,17.5,18.4,17,18.4,288,0
AQA,5,20210312,102500,16,17.7,16,17.7,27,0
AQA,5,20210312,112000,16.2,16.2,16.1,16.1,88,0
AQA,5,20210312,122500,16.1,16.1,16.1,16.1,148,0
AQA,5,20210312,145500,16.6,16.6,16.6,16.6,20,0
AQA,5,20210315,092500,16.7,18,16.7,18,200,0
AQA,5,20210315,105000,17,17,17,17,10,0
AQA,5,20210315,110500,17,17,17,17,50,0
AQA,5,20210315,121500,17.1,17.1,17.1,17.1,78,0
AQA,5,20210315,124500,17.6,17.6,17.6,17.6,2,0
AQA,5,20210315,133000,17,17,17,17,17,0
AQA,5,20210315,134000,17,17,16.9,16.9,53,0
AQA,5,20210316,090000,17,17,17,17,2,0
AQA,5,20210316,095000,16.4,16.4,16.4,16.4,17,0
AQA,5,20210316,095500,16.4,16.4,16.4,16.4,123,0
AQA,5,20210316,131000,16.5,16.5,16.5,16.5,160,0
AQA,5,20210316,131500,16.6,17,16.6,17,350,0
AQA,5,20210317,090000,17.8,17.8,17.8,17.8,2,0
AQA,5,20210317,094500,16.5,16.5,16.5,16.5,50,0
AQA,5,20210317,110500,17,17,17,17,220,0
AQA,5,20210317,111000,16.9,17.5,16.9,17.5,150,0
AQA,5,20210317,111500,16.8,16.8,16.7,16.7,178,0
AQA,5,20210317,113500,17.3,17.3,17.3,17.3,10,0
AQA,5,20210317,150000,16.3,16.3,16.3,16.3,89,0
AQA,5,20210317,155500,16.9,16.9,16.9,16.9,10,0
AQA,5,20210317,163000,17,17,17,17,10,0
AQA,5,20210318,090000,17,17,17,17,1,0
AQA,5,20210318,101000,16,16,16,16,10,0
AQA,5,20210318,102000,16,16,16,16,90,0
AQA,5,20210318,135000,15.7,15.7,15.7,15.7,30,0
AQA,5,20210318,155000,15.7,15.7,15.7,15.7,12,0
AQA,5,20210319,090000,15.9,15.9,15.9,15.9,62,0
AQA,5,20210319,092000,15.9,15.9,15.9,15.9,2,0
AQA,5,20210319,092500,15.3,15.3,15.3,15.3,130,0
AQA,5,20210319,101500,14.8,14.8,14.1,14.1,33,0
AQA,5,20210319,115000,14.8,14.8,14.8,14.8,222,0
AQA,5,20210319,134000,15.4,17,15.4,17,190,0
AQA,5,20210319,142000,15,15,15,15,17,0
AQA,5,20210319,145500,15,15,14.8,14.8,376,0
AQA,5,20210319,161500,15.4,15.4,15.4,15.4,50,0
AQA,5,20210322,102000,15,15,15,15,10,0
AQA,5,20210322,151000,15,15,15,15,25,0
AQA,5,20210322,151500,15,15.2,15,15.2,102,0
AQA,5,20210322,164500,15.4,17,15.4,17,300,0
AQA,5,20210323,090000,17,17,17,17,1,0
AQA,5,20210323,101500,15.2,15.2,15.2,15.2,17,0
AQA,5,20210323,102000,15.5,15.5,15.5,15.5,100,0
AQA,5,20210323,112500,15.5,15.5,15.5,15.5,33,0
AQA,5,20210323,151500,15.5,15.7,15.5,15.7,200,0
AQA,5,20210323,152000,15.6,15.7,15.6,15.7,50,0
AQA,5,20210323,153000,15.7,17,15.7,17,100,0
AQA,5,20210324,090000,16.9,16.9,16.9,16.9,1,0
AQA,5,20210324,092000,15.6,15.6,15.6,15.6,17,0
AQA,5,20210324,141500,16.2,16.3,16.2,16.3,20,0
AQA,5,20210325,090000,16.9,16.9,16.9,16.9,2,0
AQA,5,20210325,131000,16.9,18.5,16.9,18.5,165,0
AQA,5,20210325,131500,18.5,18.5,18.5,18.5,77,0
AQA,5,20210325,140000,17.5,17.5,17.5,17.5,10,0
AQA,5,20210325,140500,17.5,17.5,17.5,17.5,8,0
AQA,5,20210325,144500,17,17,17,17,10,0
AQA,5,20210325,165500,17.4,17.4,17.4,17.4,128,0
AQA,5,20210326,092000,17.8,18.7,17.8,18.7,40,0
AQA,5,20210326,100000,18.5,18.5,18.5,18.5,55,0
AQA,5,20210326,112500,17.7,17.7,17.7,17.7,15,0
