<TICKER>,<PER>,<DATE>,<TIME>,<OPEN>,<HIGH>,<LOW>,<CLOSE>,<VOL>,<OPENINT>
ARE,5,20210204,090500,1.42,1.43,1.42,1.43,1000,0
ARE,5,20210204,094500,1.42,1.44,1.42,1.44,1850,0
ARE,5,20210204,110500,1.36,1.36,1.36,1.36,1000,0
ARE,5,20210204,112000,1.35,1.35,1.35,1.35,1000,0
ARE,5,20210204,115500,1.33,1.33,1.33,1.33,2000,0
ARE,5,20210204,125000,1.33,1.39,1.33,1.39,1150,0
ARE,5,20210204,130500,1.35,1.35,1.35,1.35,4000,0
ARE,5,20210205,090000,1.4,1.44,1.4,1.44,1000,0
ARE,5,20210205,095500,1.35,1.35,1.3,1.3,3889,0
ARE,5,20210205,100500,1.3,1.3,1.3,1.3,3671,0
ARE,5,20210205,102000,1.3,1.3,1.3,1.3,329,0
ARE,5,20210205,112000,1.3,1.3,1.3,1.3,671,0
ARE,5,20210205,121000,1.27,1.27,1.2,1.2,6600,0
ARE,5,20210205,122000,1.2,1.21,1.2,1.21,2806,0
ARE,5,20210205,123000,1.2,1.34,1.15,1.34,4760,0
ARE,5,20210205,123500,1.3,1.3,1.2,1.2,4150,0
ARE,5,20210205,124000,1.3,1.33,1.3,1.33,1000,0
ARE,5,20210205,124500,1.33,1.34,1.33,1.34,1000,0
ARE,5,20210205,130500,1.32,1.33,1.32,1.33,2000,0
ARE,5,20210205,133000,1.32,1.34,1.25,1.34,4800,0
ARE,5,20210205,133500,1.34,1.34,1.34,1.34,1000,0
ARE,5,20210205,135000,1.3,1.34,1.3,1.34,1000,0
ARE,5,20210205,135500,1.34,1.34,1.34,1.34,1000,0
ARE,5,20210205,140500,1.25,1.25,1.24,1.24,3100,0
ARE,5,20210205,141000,1.3,1.33,1.3,1.33,1000,0
ARE,5,20210205,142000,1.26,1.33,1.24,1.33,2832,0
ARE,5,20210205,142500,1.33,1.34,1.33,1.34,1000,0
ARE,5,20210205,145500,1.24,1.24,1.23,1.23,2084,0
ARE,5,20210205,150500,1.23,1.23,1.23,1.23,1916,0
ARE,5,20210205,151000,1.3,1.33,1.3,1.33,2000,0
ARE,5,20210205,151500,1.25,1.25,1.25,1.25,800,0
ARE,5,20210205,152500,1.3,1.3,1.29,1.3,5000,0
ARE,5,20210205,153000,1.3,1.34,1.3,1.34,2500,0
ARE,5,20210205,154500,1.25,1.35,1.25,1.35,2980,0
ARE,5,20210205,155000,1.3,1.35,1.3,1.35,1000,0
ARE,5,20210205,160500,1.35,1.36,1.35,1.36,1000,0
ARE,5,20210205,161000,1.36,1.37,1.36,1.37,1000,0
ARE,5,20210205,163000,1.37,1.39,1.37,1.39,2000,0
ARE,5,20210205,164500,1.4,1.4,1.4,1.4,1000,0
ARE,5,20210208,091000,1.4,1.4,1.4,1.4,2800,0
ARE,5,20210208,091500,1.4,1.42,1.4,1.42,2000,0
ARE,5,20210208,093000,1.38,1.38,1.38,1.38,820,0
ARE,5,20210208,111500,1.4,1.4,1.4,1.4,1000,0
ARE,5,20210208,132000,1.4,1.4,1.4,1.4,1000,0
ARE,5,20210208,164000,1.33,1.33,1.33,1.33,2000,0
ARE,5,20210209,092000,1.4,1.4,1.4,1.4,1000,0
ARE,5,20210209,094000,1.38,1.38,1.38,1.38,1000,0
ARE,5,20210209,095000,1.36,1.36,1.36,1.36,1000,0
ARE,5,20210209,104500,1.33,1.33,1.31,1.31,5020,0
ARE,5,20210209,110000,1.31,1.31,1.31,1.31,900,0
ARE,5,20210209,112500,1.35,1.37,1.35,1.37,1000,0
ARE,5,20210210,090000,1.37,1.37,1.37,1.37,1000,0
ARE,5,20210210,091000,1.37,1.39,1.37,1.39,1000,0
ARE,5,20210210,145000,1.33,1.33,1.32,1.32,3000,0
ARE,5,20210210,150500,1.35,1.35,1.35,1.35,1000,0
ARE,5,20210210,153500,1.32,1.32,1.32,1.32,1012,0
ARE,5,20210210,155500,1.37,1.38,1.37,1.38,1000,0
ARE,5,20210211,090000,1.33,1.33,1.33,1.33,20,0
ARE,5,20210211,092500,1.38,1.38,1.38,1.38,1000,0
ARE,5,20210211,093500,1.38,1.38,1.38,1.38,950,0
ARE,5,20210211,101500,1.37,1.37,1.37,1.37,1000,0
ARE,5,20210211,121500,1.38,1.39,1.38,1.39,1000,0
ARE,5,20210211,140500,1.38,1.38,1.38,1.38,50,0
ARE,5,20210211,150000,1.34,1.34,1.34,1.34,2000,0
ARE,5,20210211,153000,1.39,1.39,1.39,1.39,1000,0
ARE,5,20210212,090000,1.37,1.38,1.37,1.38,1370,0
ARE,5,20210212,090500,1.38,1.38,1.38,1.38,1000,0
ARE,5,20210212,091000,1.38,1.39,1.38,1.39,1000,0
ARE,5,20210212,102000,1.37,1.37,1.33,1.33,868,0
ARE,5,20210212,113500,1.37,1.38,1.37,1.38,1000,0
ARE,5,20210212,133000,1.33,1.33,1.33,1.33,2000,0
ARE,5,20210212,133500,1.35,1.35,1.35,1.35,1000,0
ARE,5,20210212,134000,1.35,1.37,1.35,1.37,1000,0
ARE,5,20210212,134500,1.37,1.39,1.37,1.39,1000,0
ARE,5,20210212,152000,1.37,1.38,1.37,1.38,1000,0
ARE,5,20210212,155500,1.37,1.38,1.37,1.38,1000,0
ARE,5,20210215,090000,1.39,1.39,1.39,1.39,1000,0
ARE,5,20210215,091000,1.38,1.38,1.38,1.38,800,0
ARE,5,20210215,111000,1.33,1.33,1.33,1.33,1200,0
ARE,5,20210215,122000,1.35,1.35,1.35,1.35,1000,0
ARE,5,20210215,131500,1.35,1.37,1.35,1.37,1000,0
ARE,5,20210215,153000,1.36,1.36,1.36,1.36,2000,0
ARE,5,20210215,153500,1.37,1.38,1.37,1.38,1467,0
ARE,5,20210216,090000,1.39,1.39,1.39,1.39,1000,0
ARE,5,20210216,092000,1.33,1.33,1.31,1.31,1500,0
ARE,5,20210216,092500,1.31,1.31,1.31,1.31,1059,0
ARE,5,20210216,093000,1.37,1.37,1.37,1.37,1000,0
ARE,5,20210216,110000,1.31,1.31,1.31,1.31,2599,0
ARE,5,20210216,111000,1.31,1.35,1.31,1.35,1000,0
ARE,5,20210216,135500,1.31,1.31,1.3,1.3,1000,0
ARE,5,20210216,144500,1.35,1.36,1.35,1.36,1000,0
ARE,5,20210216,162000,1.36,1.37,1.36,1.37,1000,0
ARE,5,20210217,090000,1.37,1.37,1.37,1.37,1000,0
ARE,5,20210217,091500,1.37,1.38,1.37,1.38,1000,0
ARE,5,20210217,093500,1.31,1.31,1.31,1.31,20,0
ARE,5,20210217,094500,1.31,1.31,1.31,1.31,49,0
ARE,5,20210217,102000,1.38,1.39,1.38,1.39,1000,0
ARE,5,20210217,140000,1.39,1.39,1.39,1.39,1000,0
ARE,5,20210217,142000,1.33,1.33,1.33,1.33,2000,0
ARE,5,20210217,142500,1.31,1.31,1.31,1.31,2021,0
ARE,5,20210217,144000,1.35,1.39,1.35,1.39,1000,0
ARE,5,20210217,161500,1.31,1.31,1.31,1.31,2500,0
ARE,5,20210218,091500,1.31,1.33,1.31,1.33,2371,0
ARE,5,20210218,093500,1.35,1.39,1.35,1.39,1000,0
ARE,5,20210218,150500,1.35,1.35,1.35,1.35,200,0
ARE,5,20210218,151000,1.35,1.35,1.35,1.35,1000,0
ARE,5,20210218,160000,1.35,1.35,1.35,1.35,450,0
ARE,5,20210219,090500,1.33,1.35,1.33,1.35,2900,0
ARE,5,20210219,091000,1.35,1.35,1.35,1.35,900,0
ARE,5,20210219,093000,1.35,1.37,1.35,1.37,1000,0
ARE,5,20210219,094000,1.34,1.34,1.34,1.34,100,0
ARE,5,20210219,111000,1.34,1.34,1.34,1.34,150,0
ARE,5,20210219,125000,1.34,1.34,1.34,1.34,2750,0
ARE,5,20210219,142000,1.37,1.37,1.37,1.37,1000,0
ARE,5,20210222,090000,1.37,1.37,1.35,1.35,3010,0
ARE,5,20210222,091000,1.37,1.38,1.37,1.38,1000,0
ARE,5,20210222,111000,1.39,1.39,1.39,1.39,1000,0
ARE,5,20210222,131000,1.39,1.39,1.39,1.39,1000,0
ARE,5,20210223,091500,1.35,1.35,1.35,1.35,2000,0
ARE,5,20210223,092500,1.36,1.36,1.36,1.36,1000,0
ARE,5,20210223,135000,1.36,1.36,1.36,1.36,500,0
ARE,5,20210224,094000,1.4,1.4,1.4,1.4,1974,0
ARE,5,20210224,100500,1.4,1.4,1.4,1.4,214,0
ARE,5,20210224,103000,1.38,1.38,1.38,1.38,1000,0
ARE,5,20210224,125500,1.35,1.35,1.35,1.35,1000,0
ARE,5,20210224,141500,1.4,1.4,1.4,1.4,1000,0
ARE,5,20210224,163500,1.39,1.39,1.39,1.39,1371,0
ARE,5,20210224,164500,1.39,1.39,1.39,1.39,529,0
ARE,5,20210225,093000,1.37,1.4,1.37,1.4,1000,0
ARE,5,20210225,102500,1.39,1.39,1.39,1.39,500,0
ARE,5,20210225,112000,1.4,1.41,1.4,1.41,2000,0
ARE,5,20210225,113500,1.41,1.41,1.41,1.41,92,0
ARE,5,20210225,160000,1.41,1.41,1.41,1.41,1000,0
ARE,5,20210225,163500,1.38,1.38,1.38,1.38,1000,0
ARE,5,20210226,094500,1.38,1.38,1.38,1.38,1000,0
ARE,5,20210226,112500,1.37,1.37,1.37,1.37,1000,0
ARE,5,20210226,130000,1.38,1.38,1.38,1.38,1000,0
ARE,5,20210226,150500,1.32,1.32,1.32,1.32,1000,0
ARE,5,20210301,093500,1.4,1.4,1.31,1.31,2036,0
ARE,5,20210301,095000,1.35,1.35,1.35,1.35,764,0
ARE,5,20210301,133000,1.35,1.35,1.35,1.35,120,0
ARE,5,20210301,161000,1.36,1.36,1.36,1.36,1000,0
ARE,5,20210302,093500,1.36,1.36,1.36,1.36,236,0
ARE,5,20210302,100500,1.31,1.31,1.31,1.31,1764,0
ARE,5,20210302,140500,1.3,1.3,1.3,1.3,1000,0
ARE,5,20210302,164500,1.35,1.36,1.35,1.36,2000,0
ARE,5,20210303,102500,1.36,1.36,1.36,1.36,2000,0
ARE,5,20210303,133000,1.36,1.4,1.36,1.4,10000,0
ARE,5,20210304,090000,1.38,1.38,1.38,1.38,1000,0
ARE,5,20210304,134500,1.38,1.43,1.38,1.43,11640,0
ARE,5,20210304,141500,1.43,1.43,1.43,1.43,360,0
ARE,5,20210304,163000,1.35,1.35,1.35,1.35,3000,0
ARE,5,20210304,164500,1.4,1.4,1.4,1.4,500,0
ARE,5,20210305,090500,1.35,1.35,1.31,1.32,5500,0
ARE,5,20210305,093000,1.35,1.35,1.35,1.35,760,0
ARE,5,20210305,115500,1.35,1.35,1.35,1.35,4,0
ARE,5,20210305,124000,1.4,1.44,1.4,1.44,12000,0
ARE,5,20210305,125500,1.4,1.4,1.4,1.4,1096,0
ARE,5,20210305,150000,1.4,1.5,1.4,1.48,10320,0
ARE,5,20210305,150500,1.49,1.49,1.49,1.49,320,0
ARE,5,20210305,154500,1.4,1.4,1.4,1.4,1900,0
ARE,5,20210305,155500,1.4,1.55,1.4,1.55,11083,0
ARE,5,20210305,160000,1.48,1.48,1.48,1.48,1000,0
ARE,5,20210308,090000,1.55,1.55,1.55,1.55,1646,0
ARE,5,20210308,100000,1.5,1.5,1.49,1.49,2800,0
ARE,5,20210308,125500,1.55,1.65,1.55,1.65,69987,0
ARE,5,20210308,130000,1.65,1.65,1.65,1.65,13,0
ARE,5,20210308,132000,1.51,1.51,1.51,1.51,600,0
ARE,5,20210308,150000,1.55,1.55,1.5,1.5,4596,0
ARE,5,20210308,164500,1.62,1.62,1.62,1.62,2500,0
ARE,5,20210309,090000,1.62,1.62,1.62,1.62,25,0
ARE,5,20210309,091000,1.62,1.62,1.62,1.62,1000,0
ARE,5,20210309,094000,1.6,1.6,1.6,1.6,1380,0
ARE,5,20210309,101500,1.62,1.63,1.62,1.63,1000,0
ARE,5,20210309,123500,1.6,1.63,1.6,1.63,2550,0
ARE,5,20210309,133000,1.6,1.6,1.5,1.5,15000,0
ARE,5,20210309,135000,1.57,1.57,1.57,1.57,1000,0
ARE,5,20210309,135500,1.59,1.7,1.59,1.7,71005,0
ARE,5,20210309,141500,1.65,1.65,1.65,1.65,221,0
ARE,5,20210309,162000,1.65,1.65,1.65,1.65,779,0
ARE,5,20210309,163000,1.69,1.78,1.69,1.78,2190,0
ARE,5,20210309,163500,1.79,1.79,1.79,1.79,1500,0
ARE,5,20210309,164000,1.79,1.79,1.79,1.79,500,0
ARE,5,20210309,164500,1.8,1.8,1.79,1.79,1711,0
ARE,5,20210310,090000,1.8,1.8,1.8,1.8,556,0
ARE,5,20210310,090500,1.8,1.8,1.8,1.8,12,0
ARE,5,20210310,094000,1.8,1.8,1.8,1.8,82,0
ARE,5,20210310,104000,1.7,1.7,1.7,1.7,1000,0
ARE,5,20210310,104500,1.65,1.65,1.65,1.65,929,0
ARE,5,20210310,105000,1.67,1.72,1.67,1.72,1607,0
ARE,5,20210310,125500,1.7,1.7,1.6,1.6,10000,0
ARE,5,20210310,130500,1.67,1.67,1.67,1.67,607,0
ARE,5,20210311,090000,1.68,1.68,1.68,1.68,1000,0
ARE,5,20210311,101000,1.67,1.67,1.62,1.62,1056,0
ARE,5,20210311,101500,1.68,1.69,1.68,1.69,1000,0
ARE,5,20210311,112500,1.6,1.6,1.6,1.6,44,0
ARE,5,20210311,122500,1.6,1.6,1.6,1.6,1,0
ARE,5,20210311,131000,1.65,1.65,1.63,1.63,1700,0
ARE,5,20210311,134000,1.63,1.63,1.63,1.63,1000,0
ARE,5,20210311,134500,1.67,1.8,1.67,1.8,45554,0
ARE,5,20210311,135000,1.8,1.8,1.8,1.8,4446,0
ARE,5,20210312,090000,1.75,1.85,1.75,1.85,2000,0
ARE,5,20210312,101500,1.8,1.8,1.8,1.8,215,0
ARE,5,20210312,103000,1.8,1.8,1.8,1.8,672,0
ARE,5,20210312,105500,1.82,1.82,1.82,1.82,113,0
ARE,5,20210312,131500,1.8,1.8,1.8,1.8,416,0
ARE,5,20210312,160000,1.76,1.76,1.76,1.76,1000,0
ARE,5,20210312,164000,1.75,1.8,1.75,1.8,10000,0
ARE,5,20210315,090000,1.78,1.78,1.78,1.78,556,0
ARE,5,20210315,092500,1.78,1.9,1.78,1.9,10377,0
ARE,5,20210315,093000,1.85,1.85,1.85,1.85,113,0
ARE,5,20210315,105500,1.85,1.85,1.85,1.85,37,0
ARE,5,20210315,141500,1.8,1.8,1.8,1.8,650,0
ARE,5,20210315,142000,1.84,1.85,1.84,1.85,9983,0
ARE,5,20210315,164000,1.9,1.9,1.9,1.9,10,0
ARE,5,20210316,090500,1.9,1.9,1.9,1.9,500,0
ARE,5,20210316,152000,1.8,1.8,1.8,1.8,1000,0
ARE,5,20210316,162000,1.8,1.8,1.8,1.8,1000,0
ARE,5,20210316,163500,1.8,1.8,1.8,1.8,1000,0
ARE,5,20210317,090000,1.9,1.9,1.9,1.9,500,0
ARE,5,20210317,125500,1.89,1.89,1.89,1.89,55,0
ARE,5,20210317,132500,1.8,1.8,1.8,1.8,1000,0
ARE,5,20210317,143500,1.8,1.8,1.8,1.8,1000,0
ARE,5,20210318,092500,1.85,1.85,1.85,1.85,500,0
ARE,5,20210318,112000,1.75,1.8,1.65,1.8,6745,0
ARE,5,20210318,113500,1.8,1.8,1.8,1.8,20,0
ARE,5,20210318,164500,1.7,1.7,1.7,1.7,900,0
ARE,5,20210319,090000,1.8,1.8,1.8,1.8,25,0
ARE,5,20210319,090500,1.8,1.8,1.8,1.8,560,0
ARE,5,20210319,095000,1.75,1.75,1.75,1.75,500,0
ARE,5,20210319,120500,1.75,1.8,1.75,1.8,500,0
ARE,5,20210319,124500,1.7,1.7,1.7,1.7,2500,0
ARE,5,20210319,125500,1.65,1.65,1.6,1.6,2500,0
ARE,5,20210319,151500,1.7,1.7,1.7,1.7,500,0
ARE,5,20210319,154000,1.7,1.85,1.7,1.85,15000,0
ARE,5,20210322,090000,1.77,1.77,1.77,1.77,556,0
ARE,5,20210322,090500,1.7,1.7,1.7,1.7,3490,0
ARE,5,20210322,091000,1.67,1.67,1.67,1.67,854,0
ARE,5,20210322,092500,1.77,1.8,1.77,1.8,1500,0
ARE,5,20210322,093500,1.8,1.8,1.8,1.8,500,0
ARE,5,20210322,095000,1.74,1.74,1.74,1.74,1000,0
ARE,5,20210322,102500,1.7,1.7,1.7,1.7,1120,0
ARE,5,20210322,103000,1.7,1.71,1.7,1.71,500,0
ARE,5,20210322,132000,1.71,1.71,1.71,1.71,1000,0
ARE,5,20210323,090000,1.72,1.72,1.72,1.72,500,0
ARE,5,20210323,091000,1.68,1.68,1.68,1.68,170,0
ARE,5,20210323,092000,1.72,1.72,1.72,1.72,500,0
ARE,5,20210323,092500,1.72,1.75,1.72,1.75,1000,0
ARE,5,20210323,103500,1.72,1.72,1.72,1.72,1000,0
ARE,5,20210323,122500,1.68,1.74,1.68,1.74,510,0
ARE,5,20210324,090500,1.74,1.74,1.74,1.74,500,0
ARE,5,20210324,092000,1.74,1.74,1.74,1.74,1000,0
ARE,5,20210324,092500,1.8,1.8,1.8,1.8,500,0
ARE,5,20210324,093500,1.82,1.82,1.82,1.82,940,0
ARE,5,20210324,121500,1.81,1.82,1.81,1.82,500,0
ARE,5,20210324,133500,1.82,1.84,1.82,1.84,1000,0
ARE,5,20210324,145500,1.8,1.8,1.8,1.8,1000,0
ARE,5,20210325,090000,1.82,1.82,1.82,1.82,2000,0
ARE,5,20210325,091000,1.87,1.87,1.87,1.87,500,0
ARE,5,20210325,092500,1.86,1.86,1.86,1.86,60,0
ARE,5,20210325,094500,1.86,1.86,1.86,1.86,500,0
ARE,5,20210325,101500,1.85,1.85,1.85,1.85,100,0
ARE,5,20210325,104500,1.8,1.8,1.8,1.8,1000,0
ARE,5,20210325,105000,1.84,1.84,1.84,1.84,1000,0
ARE,5,20210326,090000,1.8,1.85,1.8,1.85,1200,0
ARE,5,20210326,101000,1.8,1.8,1.8,1.8,1000,0
ARE,5,20210326,102000,1.8,1.85,1.8,1.85,1500,0
ARE,5,20210326,113500,1.8,1.8,1.8,1.8,1000,0
ARE,5,20210326,122000,1.82,1.82,1.82,1.82,500,0
ARE,5,20210326,163000,1.8,1.8,1.8,1.8,500,0
