<TICKER>,<PER>,<DATE>,<TIME>,<OPEN>,<HIGH>,<LOW>,<CLOSE>,<VOL>,<OPENINT>
ARG,5,20210204,090000,2.21,2.21,2.21,2.21,3764,0
ARG,5,20210204,091000,2.27,2.27,2.27,2.27,50,0
ARG,5,20210204,101500,2.21,2.21,2.21,2.21,500,0
ARG,5,20210204,114000,2.22,2.22,2.22,2.22,1000,0
ARG,5,20210204,115500,2.21,2.21,2.21,2.21,321,0
ARG,5,20210204,124000,2.21,2.21,2.2,2.2,2265,0
ARG,5,20210204,130500,2.24,2.24,2.24,2.24,110,0
ARG,5,20210204,131000,2.2,2.2,2.2,2.2,889,0
ARG,5,20210204,132000,2.2,2.21,2.2,2.21,1686,0
ARG,5,20210204,133000,2.24,2.24,2.24,2.24,5,0
ARG,5,20210204,141500,2.23,2.23,2.23,2.23,450,0
ARG,5,20210204,142500,2.24,2.24,2.24,2.24,495,0
ARG,5,20210204,150000,2.25,2.25,2.23,2.23,850,0
ARG,5,20210204,155500,2.22,2.22,2.22,2.22,500,0
ARG,5,20210204,161500,2.25,2.25,2.25,2.25,730,0
ARG,5,20210204,162500,2.26,2.26,2.26,2.26,200,0
ARG,5,20210204,163500,2.26,2.26,2.21,2.21,500,0
ARG,5,20210204,164500,2.27,2.27,2.27,2.27,6,0
ARG,5,20210205,090000,2.31,2.31,2.31,2.31,75,0
ARG,5,20210205,090500,2.31,2.31,2.31,2.31,410,0
ARG,5,20210205,092500,2.28,2.28,2.28,2.28,300,0
ARG,5,20210205,093500,2.3,2.3,2.3,2.3,70,0
ARG,5,20210205,100000,2.29,2.29,2.29,2.29,240,0
ARG,5,20210205,102000,2.3,2.3,2.3,2.3,300,0
ARG,5,20210205,104500,2.24,2.24,2.24,2.24,5,0
ARG,5,20210205,112500,2.3,2.3,2.3,2.3,630,0
ARG,5,20210205,113000,2.31,2.31,2.31,2.31,110,0
ARG,5,20210205,121000,2.31,2.34,2.31,2.34,1261,0
ARG,5,20210205,123000,2.33,2.38,2.33,2.38,386,0
ARG,5,20210205,124000,2.34,2.34,2.34,2.34,100,0
ARG,5,20210205,125500,2.34,2.34,2.34,2.34,360,0
ARG,5,20210205,130000,2.38,2.38,2.38,2.38,640,0
ARG,5,20210208,090000,2.4,2.4,2.4,2.4,2050,0
ARG,5,20210208,091000,2.39,2.4,2.39,2.4,1510,0
ARG,5,20210208,091500,2.37,2.37,2.37,2.37,100,0
ARG,5,20210208,092000,2.41,2.41,2.41,2.41,413,0
ARG,5,20210208,093000,2.37,2.39,2.37,2.39,1775,0
ARG,5,20210208,100500,2.37,2.4,2.37,2.4,436,0
ARG,5,20210208,101000,2.37,2.37,2.37,2.37,1627,0
ARG,5,20210208,103000,2.37,2.37,2.37,2.37,50,0
ARG,5,20210208,104500,2.37,2.37,2.37,2.37,19,0
ARG,5,20210208,111500,2.37,2.37,2.37,2.37,120,0
ARG,5,20210208,124000,2.36,2.36,2.36,2.36,5000,0
ARG,5,20210208,125000,2.36,2.36,2.36,2.36,1000,0
ARG,5,20210208,125500,2.36,2.36,2.36,2.36,2484,0
ARG,5,20210208,140000,2.37,2.37,2.34,2.34,3056,0
ARG,5,20210208,140500,2.33,2.33,2.33,2.33,650,0
ARG,5,20210208,141000,2.32,2.32,2.32,2.32,541,0
ARG,5,20210208,155500,2.3,2.3,2.3,2.3,2197,0
ARG,5,20210208,161000,2.37,2.38,2.37,2.38,1050,0
ARG,5,20210208,163000,2.38,2.38,2.38,2.38,235,0
ARG,5,20210209,090000,2.43,2.44,2.4,2.4,1850,0
ARG,5,20210209,090500,2.38,2.38,2.38,2.38,300,0
ARG,5,20210209,091500,2.32,2.32,2.32,2.32,625,0
ARG,5,20210209,100000,2.32,2.32,2.31,2.31,1200,0
ARG,5,20210209,101500,2.32,2.32,2.32,2.32,500,0
ARG,5,20210209,110000,2.32,2.32,2.32,2.32,1390,0
ARG,5,20210209,110500,2.32,2.32,2.32,2.32,610,0
ARG,5,20210209,112500,2.37,2.37,2.31,2.31,815,0
ARG,5,20210209,113500,2.37,2.37,2.37,2.37,185,0
ARG,5,20210209,115000,2.32,2.32,2.32,2.32,860,0
ARG,5,20210209,115500,2.31,2.31,2.31,2.31,300,0
ARG,5,20210209,124000,2.32,2.32,2.31,2.31,1450,0
ARG,5,20210209,125000,2.31,2.31,2.3,2.3,3000,0
ARG,5,20210209,130500,2.31,2.31,2.31,2.31,900,0
ARG,5,20210209,131000,2.36,2.36,2.36,2.36,300,0
ARG,5,20210209,141000,2.36,2.36,2.36,2.36,210,0
ARG,5,20210209,141500,2.31,2.31,2.31,2.31,500,0
ARG,5,20210209,144500,2.31,2.31,2.31,2.31,450,0
ARG,5,20210209,150000,2.31,2.31,2.31,2.31,200,0
ARG,5,20210209,152500,2.31,2.36,2.31,2.36,605,0
ARG,5,20210209,155500,2.32,2.32,2.3,2.3,800,0
ARG,5,20210209,164500,2.3,2.3,2.3,2.3,2985,0
ARG,5,20210210,090000,2.3,2.3,2.3,2.3,811,0
ARG,5,20210210,091000,2.3,2.3,2.3,2.3,70,0
ARG,5,20210210,091500,2.3,2.3,2.3,2.3,950,0
ARG,5,20210210,093000,2.35,2.35,2.31,2.31,715,0
ARG,5,20210210,093500,2.3,2.3,2.3,2.3,180,0
ARG,5,20210210,094000,2.3,2.3,2.3,2.3,1575,0
ARG,5,20210210,121500,2.31,2.31,2.3,2.3,500,0
ARG,5,20210210,122000,2.3,2.3,2.3,2.3,210,0
ARG,5,20210210,124000,2.3,2.3,2.3,2.3,140,0
ARG,5,20210210,130000,2.3,2.3,2.3,2.3,250,0
ARG,5,20210210,140000,2.31,2.31,2.31,2.31,100,0
ARG,5,20210210,141000,2.34,2.34,2.34,2.34,500,0
ARG,5,20210210,141500,2.34,2.34,2.34,2.34,225,0
ARG,5,20210210,152000,2.34,2.35,2.34,2.35,1934,0
ARG,5,20210210,164000,2.31,2.31,2.31,2.31,200,0
ARG,5,20210210,164500,2.3,2.34,2.24,2.34,3266,0
ARG,5,20210211,090000,2.34,2.34,2.34,2.34,380,0
ARG,5,20210211,090500,2.33,2.33,2.33,2.33,170,0
ARG,5,20210211,093500,2.32,2.33,2.32,2.33,216,0
ARG,5,20210211,103500,2.33,2.34,2.33,2.34,1200,0
ARG,5,20210211,112500,2.32,2.32,2.32,2.32,134,0
ARG,5,20210211,124000,2.32,2.32,2.31,2.31,1000,0
ARG,5,20210211,124500,2.31,2.31,2.31,2.31,41,0
ARG,5,20210211,135500,2.28,2.28,2.27,2.27,1000,0
ARG,5,20210211,142000,2.27,2.27,2.27,2.27,1500,0
ARG,5,20210211,151000,2.3,2.3,2.3,2.3,500,0
ARG,5,20210211,151500,2.3,2.3,2.3,2.3,200,0
ARG,5,20210211,152000,2.31,2.31,2.31,2.31,95,0
ARG,5,20210211,155000,2.31,2.31,2.31,2.31,330,0
ARG,5,20210211,160000,2.3,2.3,2.3,2.3,133,0
ARG,5,20210211,160500,2.28,2.28,2.28,2.28,100,0
ARG,5,20210211,161000,2.28,2.28,2.26,2.26,1000,0
ARG,5,20210211,161500,2.3,2.3,2.3,2.3,61,0
ARG,5,20210211,164000,2.3,2.3,2.3,2.3,556,0
ARG,5,20210211,164500,2.31,2.31,2.31,2.31,5,0
ARG,5,20210212,090000,2.26,2.26,2.25,2.26,1990,0
ARG,5,20210212,090500,2.26,2.26,2.26,2.26,110,0
ARG,5,20210212,091000,2.29,2.3,2.29,2.3,950,0
ARG,5,20210212,091500,2.31,2.38,2.31,2.38,1582,0
ARG,5,20210212,092000,2.35,2.37,2.35,2.37,780,0
ARG,5,20210212,093500,2.34,2.34,2.33,2.33,450,0
ARG,5,20210212,105500,2.28,2.28,2.28,2.28,30,0
ARG,5,20210212,113000,2.35,2.35,2.35,2.35,90,0
ARG,5,20210212,130000,2.31,2.31,2.3,2.3,4075,0
ARG,5,20210212,135500,2.3,2.3,2.3,2.3,425,0
ARG,5,20210212,141500,2.3,2.3,2.3,2.3,1000,0
ARG,5,20210212,154000,2.31,2.32,2.31,2.32,1100,0
ARG,5,20210212,154500,2.33,2.35,2.33,2.35,2459,0
ARG,5,20210212,155000,2.37,2.37,2.37,2.37,235,0
ARG,5,20210212,161000,2.37,2.4,2.37,2.4,6690,0
ARG,5,20210212,161500,2.41,2.41,2.41,2.41,550,0
ARG,5,20210212,162000,2.43,2.44,2.43,2.43,1950,0
ARG,5,20210212,162500,2.43,2.43,2.43,2.43,1864,0
ARG,5,20210212,163000,2.43,2.43,2.43,2.43,2215,0
ARG,5,20210212,163500,2.45,2.45,2.45,2.45,304,0
ARG,5,20210212,164000,2.43,2.43,2.43,2.43,2186,0
ARG,5,20210215,090000,2.43,2.5,2.43,2.5,19268,0
ARG,5,20210215,090500,2.52,2.52,2.52,2.52,1792,0
ARG,5,20210215,091000,2.51,2.51,2.51,2.51,6700,0
ARG,5,20210215,091500,2.52,2.52,2.52,2.52,500,0
ARG,5,20210215,092000,2.51,2.51,2.51,2.51,1800,0
ARG,5,20210215,093000,2.52,2.52,2.51,2.51,565,0
ARG,5,20210215,094000,2.5,2.5,2.5,2.5,400,0
ARG,5,20210215,095000,2.47,2.51,2.4,2.51,878,0
ARG,5,20210215,100000,2.44,2.45,2.44,2.45,943,0
ARG,5,20210215,102000,2.44,2.45,2.44,2.45,357,0
ARG,5,20210215,102500,2.48,2.48,2.4,2.4,3692,0
ARG,5,20210215,103000,2.48,2.49,2.38,2.38,1124,0
ARG,5,20210215,103500,2.48,2.49,2.48,2.49,410,0
ARG,5,20210215,105500,2.48,2.49,2.48,2.49,1000,0
ARG,5,20210215,110500,2.47,2.47,2.47,2.47,214,0
ARG,5,20210215,112000,2.47,2.5,2.47,2.5,1124,0
ARG,5,20210215,112500,2.47,2.47,2.41,2.41,2679,0
ARG,5,20210215,121000,2.43,2.43,2.43,2.43,1000,0
ARG,5,20210215,123000,2.43,2.43,2.43,2.43,432,0
ARG,5,20210215,125000,2.43,2.45,2.43,2.45,1568,0
ARG,5,20210215,134000,2.45,2.45,2.45,2.45,500,0
ARG,5,20210215,141000,2.45,2.45,2.44,2.44,680,0
ARG,5,20210215,152000,2.44,2.44,2.44,2.44,205,0
ARG,5,20210215,153500,2.44,2.44,2.42,2.42,1893,0
ARG,5,20210215,155000,2.42,2.5,2.42,2.5,4113,0
ARG,5,20210215,155500,2.49,2.49,2.49,2.49,150,0
ARG,5,20210215,162000,2.42,2.42,2.42,2.42,214,0
ARG,5,20210215,164500,2.49,2.49,2.49,2.49,100,0
ARG,5,20210216,090000,2.5,2.5,2.45,2.45,596,0
ARG,5,20210216,090500,2.43,2.43,2.4,2.4,2540,0
ARG,5,20210216,091000,2.39,2.39,2.38,2.38,920,0
ARG,5,20210216,091500,2.38,2.46,2.38,2.46,508,0
ARG,5,20210216,095500,2.46,2.46,2.46,2.46,250,0
ARG,5,20210216,101500,2.44,2.44,2.44,2.44,210,0
ARG,5,20210216,114000,2.4,2.4,2.4,2.4,560,0
ARG,5,20210216,120500,2.4,2.4,2.4,2.4,968,0
ARG,5,20210216,121000,2.4,2.4,2.4,2.4,550,0
ARG,5,20210216,122000,2.39,2.39,2.38,2.38,1054,0
ARG,5,20210216,122500,2.39,2.39,2.39,2.39,625,0
ARG,5,20210216,123000,2.4,2.4,2.4,2.4,352,0
ARG,5,20210216,123500,2.36,2.4,2.3,2.36,7802,0
ARG,5,20210216,125500,2.38,2.4,2.38,2.4,4200,0
ARG,5,20210216,140500,2.36,2.36,2.36,2.36,240,0
ARG,5,20210216,155500,2.39,2.39,2.39,2.39,875,0
ARG,5,20210216,164500,2.38,2.38,2.38,2.38,1000,0
ARG,5,20210217,090500,2.4,2.4,2.4,2.4,1000,0
ARG,5,20210217,091500,2.39,2.39,2.39,2.39,500,0
ARG,5,20210217,092500,2.4,2.43,2.4,2.43,7590,0
ARG,5,20210217,094000,2.4,2.44,2.4,2.44,1315,0
ARG,5,20210217,094500,2.44,2.44,2.44,2.44,223,0
ARG,5,20210217,095000,2.44,2.44,2.44,2.44,277,0
ARG,5,20210217,100000,2.44,2.45,2.44,2.45,400,0
ARG,5,20210217,100500,2.45,2.45,2.42,2.42,785,0
ARG,5,20210217,102000,2.42,2.42,2.41,2.41,1000,0
ARG,5,20210217,102500,2.41,2.41,2.41,2.41,180,0
ARG,5,20210217,112500,2.41,2.41,2.41,2.41,2000,0
ARG,5,20210217,114000,2.43,2.44,2.43,2.44,600,0
ARG,5,20210217,125000,2.43,2.43,2.43,2.43,365,0
ARG,5,20210217,135500,2.4,2.4,2.4,2.4,70,0
ARG,5,20210217,142000,2.4,2.4,2.4,2.4,445,0
ARG,5,20210217,153000,2.36,2.36,2.36,2.36,216,0
ARG,5,20210217,155000,2.36,2.36,2.35,2.35,3554,0
ARG,5,20210217,162500,2.35,2.35,2.35,2.35,370,0
ARG,5,20210217,164500,2.4,2.4,2.4,2.4,100,0
ARG,5,20210218,090000,2.4,2.4,2.4,2.4,250,0
ARG,5,20210218,091500,2.4,2.4,2.4,2.4,2400,0
ARG,5,20210218,092000,2.4,2.4,2.4,2.4,304,0
ARG,5,20210218,093000,2.43,2.43,2.43,2.43,120,0
ARG,5,20210218,100000,2.42,2.42,2.42,2.42,3,0
ARG,5,20210218,103000,2.4,2.4,2.4,2.4,46,0
ARG,5,20210218,110000,2.37,2.37,2.37,2.37,19,0
ARG,5,20210218,115000,2.41,2.41,2.41,2.41,57,0
ARG,5,20210218,123500,2.41,2.41,2.41,2.41,22,0
ARG,5,20210218,125500,2.41,2.41,2.41,2.41,200,0
ARG,5,20210218,130000,2.41,2.41,2.41,2.41,220,0
ARG,5,20210218,131500,2.4,2.4,2.4,2.4,1000,0
ARG,5,20210218,132500,2.4,2.4,2.39,2.39,1964,0
ARG,5,20210218,134000,2.38,2.38,2.37,2.37,545,0
ARG,5,20210218,140000,2.37,2.37,2.35,2.35,2485,0
ARG,5,20210218,140500,2.33,2.33,2.3,2.3,8700,0
ARG,5,20210218,141500,2.32,2.32,2.32,2.32,1000,0
ARG,5,20210218,142000,2.32,2.32,2.3,2.3,879,0
ARG,5,20210218,142500,2.3,2.3,2.29,2.29,3732,0
ARG,5,20210218,143000,2.29,2.29,2.26,2.26,2120,0
ARG,5,20210218,143500,2.29,2.29,2.29,2.29,3820,0
ARG,5,20210218,144000,2.29,2.29,2.29,2.29,133,0
ARG,5,20210218,144500,2.29,2.29,2.29,2.29,550,0
ARG,5,20210218,145500,2.28,2.28,2.26,2.26,1530,0
ARG,5,20210218,150500,2.29,2.29,2.29,2.29,1550,0
ARG,5,20210218,151000,2.29,2.29,2.29,2.29,1300,0
ARG,5,20210218,152000,2.27,2.27,2.25,2.25,1040,0
ARG,5,20210218,153000,2.29,2.38,2.29,2.38,1547,0
ARG,5,20210219,090000,2.3,2.37,2.3,2.37,216,0
ARG,5,20210219,090500,2.37,2.37,2.37,2.37,246,0
ARG,5,20210219,091500,2.37,2.37,2.37,2.37,1000,0
ARG,5,20210219,101000,2.3,2.3,2.3,2.3,220,0
ARG,5,20210219,102500,2.36,2.37,2.36,2.37,530,0
ARG,5,20210219,104500,2.31,2.31,2.31,2.31,500,0
ARG,5,20210219,110000,2.36,2.36,2.36,2.36,37,0
ARG,5,20210219,114000,2.36,2.36,2.36,2.36,785,0
ARG,5,20210219,124500,2.36,2.36,2.36,2.36,77,0
ARG,5,20210219,141500,2.31,2.36,2.31,2.36,108,0
ARG,5,20210219,143000,2.31,2.31,2.31,2.31,997,0
ARG,5,20210219,152500,2.31,2.31,2.31,2.31,780,0
ARG,5,20210219,160500,2.36,2.36,2.36,2.36,224,0
ARG,5,20210219,164500,2.35,2.35,2.35,2.35,100,0
ARG,5,20210222,090000,2.35,2.35,2.35,2.35,300,0
ARG,5,20210222,090500,2.36,2.36,2.36,2.36,807,0
ARG,5,20210222,091500,2.37,2.38,2.37,2.38,700,0
ARG,5,20210222,093000,2.35,2.35,2.35,2.35,1700,0
ARG,5,20210222,095500,2.37,2.4,2.37,2.4,6470,0
ARG,5,20210222,100000,2.4,2.4,2.4,2.4,415,0
ARG,5,20210222,100500,2.4,2.4,2.4,2.4,585,0
ARG,5,20210222,101000,2.4,2.4,2.4,2.4,165,0
ARG,5,20210222,101500,2.4,2.41,2.4,2.41,261,0
ARG,5,20210222,104500,2.42,2.42,2.42,2.42,110,0
ARG,5,20210222,105000,2.43,2.43,2.34,2.34,3234,0
ARG,5,20210222,110500,2.4,2.4,2.4,2.4,900,0
ARG,5,20210222,111000,2.4,2.4,2.4,2.4,610,0
ARG,5,20210222,112000,2.4,2.4,2.34,2.34,1122,0
ARG,5,20210222,115500,2.35,2.35,2.35,2.35,1000,0
ARG,5,20210222,120000,2.4,2.41,2.4,2.41,1100,0
ARG,5,20210222,121500,2.4,2.4,2.4,2.4,298,0
ARG,5,20210222,123500,2.37,2.37,2.34,2.34,2990,0
ARG,5,20210222,135000,2.39,2.39,2.39,2.39,240,0
ARG,5,20210222,135500,2.4,2.4,2.4,2.4,58,0
ARG,5,20210222,141500,2.38,2.38,2.35,2.35,1805,0
ARG,5,20210222,144000,2.35,2.35,2.35,2.35,1001,0
ARG,5,20210222,150000,2.39,2.4,2.39,2.4,1000,0
ARG,5,20210222,150500,2.4,2.4,2.4,2.4,1000,0
ARG,5,20210222,151500,2.38,2.38,2.36,2.36,1000,0
ARG,5,20210222,153500,2.36,2.36,2.36,2.36,250,0
ARG,5,20210222,154500,2.36,2.39,2.34,2.39,3480,0
ARG,5,20210222,162000,2.39,2.39,2.39,2.39,959,0
ARG,5,20210222,162500,2.35,2.35,2.35,2.35,40,0
ARG,5,20210222,163000,2.35,2.35,2.35,2.35,1500,0
ARG,5,20210223,090000,2.38,2.38,2.33,2.33,979,0
ARG,5,20210223,091000,2.38,2.38,2.38,2.38,100,0
ARG,5,20210223,091500,2.38,2.38,2.38,2.38,3,0
ARG,5,20210223,104000,2.36,2.36,2.34,2.34,500,0
ARG,5,20210223,111000,2.34,2.34,2.33,2.33,1884,0
ARG,5,20210223,112500,2.33,2.33,2.33,2.33,206,0
ARG,5,20210223,113000,2.32,2.32,2.31,2.31,1000,0
ARG,5,20210223,123500,2.36,2.36,2.36,2.36,60,0
ARG,5,20210223,143500,2.36,2.36,2.36,2.36,300,0
ARG,5,20210223,144000,2.33,2.33,2.33,2.33,700,0
ARG,5,20210223,155000,2.32,2.32,2.31,2.31,1000,0
ARG,5,20210223,162500,2.3,2.3,2.3,2.3,124,0
ARG,5,20210223,164500,2.33,2.33,2.33,2.33,200,0
ARG,5,20210224,090000,2.34,2.34,2.34,2.34,1499,0
ARG,5,20210224,091000,2.35,2.35,2.34,2.34,1850,0
ARG,5,20210224,094000,2.34,2.34,2.34,2.34,500,0
ARG,5,20210224,102000,2.34,2.34,2.34,2.34,846,0
ARG,5,20210224,112500,2.33,2.33,2.33,2.33,860,0
ARG,5,20210224,114500,2.33,2.33,2.33,2.33,500,0
ARG,5,20210224,120500,2.33,2.33,2.33,2.33,190,0
ARG,5,20210224,121500,2.33,2.34,2.33,2.34,500,0
ARG,5,20210224,122500,2.34,2.34,2.34,2.34,500,0
ARG,5,20210224,125000,2.33,2.33,2.33,2.33,1000,0
ARG,5,20210224,134500,2.31,2.31,2.31,2.31,1067,0
ARG,5,20210224,144000,2.33,2.33,2.33,2.33,150,0
ARG,5,20210224,145000,2.34,2.34,2.34,2.34,2662,0
ARG,5,20210224,154000,2.34,2.34,2.31,2.31,1003,0
ARG,5,20210224,161500,2.33,2.33,2.31,2.31,441,0
ARG,5,20210224,164500,2.31,2.31,2.31,2.31,200,0
ARG,5,20210225,090000,2.32,2.38,2.32,2.38,1466,0
ARG,5,20210225,092000,2.36,2.36,2.36,2.36,220,0
ARG,5,20210225,095000,2.36,2.38,2.36,2.38,1500,0
ARG,5,20210225,104000,2.38,2.38,2.38,2.38,760,0
ARG,5,20210225,105000,2.35,2.35,2.35,2.35,46,0
ARG,5,20210225,120500,2.39,2.39,2.39,2.39,901,0
ARG,5,20210225,130000,2.39,2.39,2.39,2.39,147,0
ARG,5,20210225,131000,2.39,2.39,2.39,2.39,330,0
ARG,5,20210225,141000,2.38,2.38,2.38,2.38,36,0
ARG,5,20210225,142000,2.38,2.4,2.38,2.4,4599,0
ARG,5,20210225,143000,2.4,2.4,2.4,2.4,3668,0
ARG,5,20210225,150500,2.36,2.36,2.36,2.36,1000,0
ARG,5,20210225,151000,2.36,2.36,2.36,2.36,1000,0
ARG,5,20210225,163500,2.36,2.36,2.36,2.36,625,0
ARG,5,20210225,164500,2.39,2.39,2.39,2.39,150,0
ARG,5,20210226,091000,2.31,2.31,2.3,2.31,800,0
ARG,5,20210226,091500,2.31,2.31,2.3,2.3,3127,0
ARG,5,20210226,094500,2.34,2.34,2.34,2.34,100,0
ARG,5,20210226,100500,2.32,2.32,2.32,2.32,500,0
ARG,5,20210226,101500,2.32,2.32,2.31,2.31,1118,0
ARG,5,20210226,131000,2.31,2.31,2.31,2.31,566,0
ARG,5,20210226,132500,2.31,2.31,2.31,2.31,150,0
ARG,5,20210226,140500,2.32,2.32,2.32,2.32,127,0
ARG,5,20210226,144000,2.33,2.33,2.32,2.32,79,0
ARG,5,20210226,154000,2.32,2.32,2.32,2.32,100,0
ARG,5,20210226,163000,2.31,2.31,2.31,2.31,200,0
ARG,5,20210226,164500,2.33,2.33,2.33,2.33,294,0
ARG,5,20210301,090000,2.36,2.36,2.36,2.36,41,0
ARG,5,20210301,094500,2.34,2.34,2.34,2.34,200,0
ARG,5,20210301,100500,2.34,2.34,2.34,2.34,500,0
ARG,5,20210301,103500,2.36,2.36,2.36,2.36,130,0
ARG,5,20210301,112500,2.34,2.34,2.34,2.34,6,0
ARG,5,20210301,121000,2.32,2.32,2.32,2.32,150,0
ARG,5,20210301,123500,2.32,2.32,2.32,2.32,850,0
ARG,5,20210301,132000,2.31,2.31,2.31,2.31,103,0
ARG,5,20210301,134000,2.31,2.31,2.31,2.31,313,0
ARG,5,20210301,143500,2.35,2.35,2.35,2.35,506,0
ARG,5,20210301,154500,2.35,2.35,2.35,2.35,250,0
ARG,5,20210301,161000,2.36,2.36,2.36,2.36,129,0
ARG,5,20210301,161500,2.36,2.36,2.35,2.35,201,0
ARG,5,20210301,162000,2.35,2.35,2.35,2.35,799,0
ARG,5,20210301,162500,2.35,2.35,2.34,2.34,464,0
ARG,5,20210301,163000,2.34,2.34,2.34,2.34,137,0
ARG,5,20210301,163500,2.33,2.33,2.33,2.33,1567,0
ARG,5,20210302,091000,2.31,2.31,2.31,2.31,209,0
ARG,5,20210302,093500,2.32,2.32,2.23,2.23,2749,0
ARG,5,20210302,094500,2.29,2.3,2.29,2.3,133,0
ARG,5,20210302,095500,2.3,2.3,2.3,2.3,1750,0
ARG,5,20210302,104000,2.32,2.32,2.32,2.32,198,0
ARG,5,20210302,112000,2.27,2.27,2.27,2.27,1568,0
ARG,5,20210302,115000,2.28,2.28,2.28,2.28,405,0
ARG,5,20210302,120000,2.28,2.28,2.28,2.28,400,0
ARG,5,20210302,121000,2.28,2.28,2.28,2.28,1000,0
ARG,5,20210302,121500,2.28,2.32,2.28,2.32,633,0
ARG,5,20210302,152000,2.26,2.26,2.26,2.26,2000,0
ARG,5,20210302,155500,2.31,2.38,2.31,2.38,5000,0
ARG,5,20210302,160500,2.37,2.37,2.37,2.37,216,0
ARG,5,20210303,090000,2.38,2.38,2.38,2.38,2260,0
ARG,5,20210303,093500,2.36,2.36,2.36,2.36,160,0
ARG,5,20210303,100500,2.36,2.36,2.36,2.36,8,0
ARG,5,20210303,102500,2.33,2.33,2.33,2.33,1000,0
ARG,5,20210303,103500,2.3,2.3,2.28,2.28,992,0
ARG,5,20210303,115500,2.29,2.29,2.28,2.28,2653,0
ARG,5,20210303,124500,2.26,2.26,2.26,2.26,250,0
ARG,5,20210303,132500,2.28,2.28,2.28,2.28,500,0
ARG,5,20210303,133000,2.27,2.27,2.27,2.27,2098,0
ARG,5,20210303,134500,2.29,2.29,2.29,2.29,200,0
ARG,5,20210303,140000,2.29,2.29,2.29,2.29,800,0
ARG,5,20210303,142500,2.29,2.29,2.29,2.29,100,0
ARG,5,20210303,155000,2.26,2.26,2.26,2.26,30,0
ARG,5,20210303,162500,2.29,2.29,2.29,2.29,225,0
ARG,5,20210303,163500,2.26,2.26,2.26,2.26,465,0
ARG,5,20210303,164500,2.26,2.26,2.26,2.26,5,0
ARG,5,20210304,090000,2.26,2.26,2.22,2.22,2270,0
ARG,5,20210304,091000,2.22,2.22,2.22,2.22,1535,0
ARG,5,20210304,095000,2.26,2.26,2.26,2.26,55,0
ARG,5,20210304,100500,2.26,2.26,2.26,2.26,950,0
ARG,5,20210304,103500,2.24,2.24,2.24,2.24,500,0
ARG,5,20210304,104000,2.24,2.24,2.24,2.24,500,0
ARG,5,20210304,104500,2.24,2.24,2.24,2.24,1000,0
ARG,5,20210304,114000,2.24,2.24,2.24,2.24,230,0
ARG,5,20210304,121000,2.24,2.24,2.24,2.24,26,0
ARG,5,20210304,125000,2.22,2.22,2.22,2.22,295,0
ARG,5,20210304,132500,2.24,2.24,2.24,2.24,173,0
ARG,5,20210304,133500,2.29,2.32,2.28,2.28,1600,0
ARG,5,20210304,164500,2.3,2.3,2.3,2.3,150,0
ARG,5,20210305,100000,2.25,2.25,2.22,2.22,1000,0
ARG,5,20210305,111000,2.24,2.24,2.22,2.22,800,0
ARG,5,20210305,111500,2.22,2.22,2.21,2.21,4310,0
ARG,5,20210305,112000,2.29,2.29,2.29,2.29,375,0
ARG,5,20210305,112500,2.3,2.32,2.3,2.32,9500,0
ARG,5,20210305,131500,2.25,2.25,2.25,2.25,150,0
ARG,5,20210305,135000,2.3,2.32,2.3,2.32,5000,0
ARG,5,20210305,142000,2.25,2.25,2.21,2.21,1000,0
ARG,5,20210305,142500,2.21,2.21,2.19,2.19,3000,0
ARG,5,20210305,143500,2.2,2.2,2.2,2.2,500,0
ARG,5,20210305,145500,2.3,2.3,2.3,2.3,30,0
ARG,5,20210305,160000,2.27,2.27,2.27,2.27,400,0
ARG,5,20210305,162000,2.27,2.3,2.27,2.3,540,0
ARG,5,20210308,090000,2.26,2.26,2.26,2.26,400,0
ARG,5,20210308,091000,2.26,2.26,2.26,2.26,22,0
ARG,5,20210308,095000,2.29,2.29,2.29,2.29,86,0
ARG,5,20210308,095500,2.26,2.26,2.26,2.26,734,0
ARG,5,20210308,100000,2.26,2.26,2.26,2.26,2000,0
ARG,5,20210308,100500,2.25,2.25,2.25,2.25,100,0
ARG,5,20210308,101500,2.22,2.24,2.22,2.24,537,0
ARG,5,20210308,102000,2.24,2.24,2.24,2.24,713,0
ARG,5,20210308,105000,2.28,2.28,2.28,2.28,1239,0
ARG,5,20210308,112000,2.24,2.24,2.2,2.2,5000,0
ARG,5,20210308,114000,2.25,2.25,2.25,2.25,1000,0
ARG,5,20210308,123500,2.25,2.3,2.25,2.3,4150,0
ARG,5,20210308,124500,2.3,2.3,2.3,2.3,250,0
ARG,5,20210308,130500,2.3,2.3,2.28,2.28,2000,0
ARG,5,20210308,154000,2.28,2.28,2.28,2.28,37,0
ARG,5,20210308,160500,2.28,2.28,2.24,2.24,1000,0
ARG,5,20210308,164500,2.24,2.29,2.2,2.29,3100,0
ARG,5,20210309,090000,2.29,2.29,2.2,2.2,2010,0
ARG,5,20210309,113000,2.26,2.26,2.26,2.26,250,0
ARG,5,20210309,114000,2.28,2.28,2.28,2.28,200,0
ARG,5,20210309,122000,2.23,2.23,2.23,2.23,1000,0
ARG,5,20210309,132500,2.23,2.23,2.23,2.23,600,0
ARG,5,20210309,143500,2.23,2.23,2.22,2.22,650,0
ARG,5,20210309,144000,2.27,2.27,2.27,2.27,800,0
ARG,5,20210309,145000,2.27,2.27,2.27,2.27,80,0
ARG,5,20210309,152500,2.22,2.22,2.22,2.22,237,0
ARG,5,20210309,163500,2.27,2.3,2.27,2.3,7755,0
ARG,5,20210309,164500,2.29,2.3,2.29,2.3,763,0
ARG,5,20210309,165500,2.23,2.23,2.23,2.23,2992,0
ARG,5,20210310,090500,2.32,2.34,2.32,2.34,97,0
ARG,5,20210310,094000,2.32,2.32,2.32,2.32,430,0
ARG,5,20210310,095500,2.32,2.32,2.32,2.32,25,0
ARG,5,20210310,100000,2.3,2.3,2.3,2.3,50,0
ARG,5,20210310,100500,2.29,2.29,2.29,2.29,260,0
ARG,5,20210310,101000,2.28,2.28,2.28,2.28,240,0
ARG,5,20210310,104500,2.29,2.29,2.29,2.29,327,0
ARG,5,20210310,105000,2.29,2.3,2.29,2.3,221,0
ARG,5,20210310,110000,2.3,2.3,2.3,2.3,172,0
ARG,5,20210310,110500,2.25,2.25,2.25,2.25,250,0
ARG,5,20210310,111000,2.25,2.25,2.25,2.25,108,0
ARG,5,20210310,124500,2.3,2.3,2.3,2.3,990,0
ARG,5,20210310,132000,2.31,2.31,2.31,2.31,100,0
ARG,5,20210310,134000,2.31,2.31,2.31,2.31,100,0
ARG,5,20210310,152500,2.25,2.25,2.24,2.24,3000,0
ARG,5,20210310,161000,2.3,2.31,2.3,2.3,2700,0
ARG,5,20210310,162000,2.3,2.3,2.21,2.21,5000,0
ARG,5,20210311,090000,2.32,2.32,2.32,2.32,1000,0
ARG,5,20210311,094500,2.28,2.28,2.28,2.28,200,0
ARG,5,20210311,102000,2.28,2.28,2.28,2.28,230,0
ARG,5,20210311,102500,2.24,2.24,2.24,2.24,571,0
ARG,5,20210311,104000,2.29,2.29,2.29,2.29,1528,0
ARG,5,20210311,111500,2.24,2.24,2.24,2.24,1499,0
ARG,5,20210311,140000,2.25,2.25,2.25,2.25,500,0
ARG,5,20210311,144500,2.29,2.3,2.29,2.3,241,0
ARG,5,20210311,155500,2.26,2.26,2.26,2.26,400,0
ARG,5,20210311,163500,2.25,2.25,2.24,2.24,1840,0
ARG,5,20210311,164500,2.22,2.24,2.21,2.24,1683,0
ARG,5,20210312,090000,2.24,2.24,2.24,2.24,50,0
ARG,5,20210312,092000,2.24,2.24,2.24,2.24,100,0
ARG,5,20210312,101000,2.25,2.25,2.25,2.25,200,0
ARG,5,20210312,102500,2.27,2.28,2.27,2.28,1000,0
ARG,5,20210312,110500,2.22,2.22,2.21,2.21,590,0
ARG,5,20210312,113000,2.28,2.28,2.28,2.28,225,0
ARG,5,20210312,115000,2.28,2.28,2.28,2.28,500,0
ARG,5,20210312,130000,2.22,2.22,2.2,2.2,4000,0
ARG,5,20210312,131000,2.2,2.2,2.2,2.2,1900,0
ARG,5,20210312,162000,2.27,2.27,2.27,2.27,50,0
ARG,5,20210315,090000,2.27,2.27,2.27,2.27,100,0
ARG,5,20210315,092500,2.21,2.21,2.2,2.2,380,0
ARG,5,20210315,103500,2.27,2.27,2.27,2.27,453,0
ARG,5,20210315,130500,2.21,2.21,2.21,2.21,525,0
ARG,5,20210315,131500,2.21,2.21,2.21,2.21,300,0
ARG,5,20210315,145500,2.24,2.24,2.24,2.24,150,0
ARG,5,20210315,151500,2.22,2.22,2.21,2.21,2025,0
ARG,5,20210315,152500,2.21,2.21,2.21,2.21,615,0
ARG,5,20210315,154500,2.2,2.2,2.18,2.18,5016,0
ARG,5,20210315,155000,2.18,2.18,2.18,2.18,1319,0
ARG,5,20210315,155500,2.16,2.16,2.16,2.16,3665,0
ARG,5,20210315,161000,2.18,2.18,2.18,2.18,458,0
ARG,5,20210315,162500,2.26,2.26,2.26,2.26,17,0
ARG,5,20210316,090500,2.24,2.24,2.24,2.24,78,0
ARG,5,20210316,092500,2.2,2.2,2.17,2.17,730,0
ARG,5,20210316,093000,2.23,2.23,2.23,2.23,200,0
ARG,5,20210316,101000,2.22,2.22,2.22,2.22,300,0
ARG,5,20210316,104500,2.22,2.22,2.22,2.22,916,0
ARG,5,20210316,111000,2.22,2.22,2.16,2.16,2505,0
ARG,5,20210316,112000,2.16,2.16,2.15,2.15,1920,0
ARG,5,20210316,115500,2.2,2.23,2.18,2.18,1336,0
ARG,5,20210316,120000,2.23,2.23,2.23,2.23,2100,0
ARG,5,20210316,120500,2.23,2.24,2.23,2.24,3416,0
ARG,5,20210316,122500,2.25,2.25,2.25,2.25,45,0
ARG,5,20210316,123000,2.24,2.24,2.24,2.24,343,0
ARG,5,20210316,131000,2.19,2.19,2.17,2.18,1150,0
ARG,5,20210316,132000,2.23,2.23,2.23,2.23,1,0
ARG,5,20210316,133500,2.19,2.19,2.18,2.18,1299,0
ARG,5,20210316,162500,2.18,2.18,2.18,2.18,150,0
ARG,5,20210316,164500,2.21,2.21,2.21,2.21,100,0
ARG,5,20210317,090000,2.17,2.17,2.15,2.15,4078,0
ARG,5,20210317,092000,2.16,2.16,2.14,2.14,3338,0
ARG,5,20210317,093000,2.14,2.14,2.14,2.14,1500,0
ARG,5,20210317,095000,2.19,2.19,2.19,2.19,350,0
ARG,5,20210317,104500,2.16,2.16,2.15,2.15,570,0
ARG,5,20210317,120000,2.16,2.16,2.16,2.16,900,0
ARG,5,20210317,123000,2.16,2.16,2.16,2.16,550,0
ARG,5,20210317,124000,2.16,2.16,2.16,2.16,400,0
ARG,5,20210317,125500,2.15,2.15,2.15,2.15,1000,0
ARG,5,20210317,132000,2.15,2.15,2.15,2.15,350,0
ARG,5,20210317,132500,2.15,2.15,2.15,2.15,12,0
ARG,5,20210317,142000,2.15,2.15,2.15,2.15,78,0
ARG,5,20210317,143500,2.14,2.14,2.13,2.13,350,0
ARG,5,20210317,144000,2.15,2.15,2.15,2.15,122,0
ARG,5,20210317,150000,2.15,2.15,2.15,2.15,338,0
ARG,5,20210317,153000,2.14,2.14,2.14,2.14,500,0
ARG,5,20210317,153500,2.15,2.15,2.15,2.15,162,0
ARG,5,20210317,160500,2.15,2.15,2.15,2.15,398,0
ARG,5,20210317,161500,2.13,2.13,2.13,2.13,300,0
ARG,5,20210317,162000,2.15,2.17,2.15,2.17,2052,0
ARG,5,20210317,165500,2.2,2.2,2.2,2.2,400,0
ARG,5,20210318,090000,2.2,2.2,2.2,2.2,229,0
ARG,5,20210318,090500,2.2,2.2,2.2,2.2,1000,0
ARG,5,20210318,091000,2.2,2.2,2.2,2.2,70,0
ARG,5,20210318,093500,2.2,2.2,2.2,2.2,200,0
ARG,5,20210318,095500,2.2,2.2,2.2,2.2,500,0
ARG,5,20210318,101000,2.2,2.2,2.2,2.2,101,0
ARG,5,20210318,103000,2.18,2.2,2.18,2.2,749,0
ARG,5,20210318,104000,2.2,2.2,2.2,2.2,500,0
ARG,5,20210318,130000,2.2,2.2,2.2,2.2,1128,0
ARG,5,20210318,135000,2.16,2.16,2.15,2.15,416,0
ARG,5,20210318,151000,2.15,2.15,2.15,2.15,390,0
ARG,5,20210318,162000,2.18,2.18,2.18,2.18,215,0
ARG,5,20210318,163500,2.2,2.2,2.2,2.2,250,0
ARG,5,20210318,164000,2.2,2.2,2.2,2.2,691,0
ARG,5,20210319,090000,2.21,2.22,2.21,2.22,1030,0
ARG,5,20210319,093000,2.2,2.25,2.2,2.25,2024,0
ARG,5,20210319,100500,2.24,2.24,2.24,2.24,735,0
ARG,5,20210319,101000,2.25,2.26,2.25,2.26,1646,0
ARG,5,20210319,101500,2.26,2.32,2.26,2.32,7096,0
ARG,5,20210319,102000,2.32,2.35,2.32,2.35,4554,0
ARG,5,20210319,102500,2.36,2.5,2.36,2.5,14704,0
ARG,5,20210319,103000,2.41,2.45,2.4,2.4,4430,0
ARG,5,20210319,103500,2.4,2.4,2.34,2.4,1000,0
ARG,5,20210319,104000,2.4,2.4,2.36,2.4,3209,0
ARG,5,20210319,104500,2.35,2.35,2.31,2.31,1783,0
ARG,5,20210319,105000,2.32,2.35,2.26,2.27,5976,0
ARG,5,20210319,105500,2.32,2.32,2.32,2.32,300,0
ARG,5,20210319,110500,2.35,2.4,2.35,2.4,4745,0
ARG,5,20210319,111000,2.37,2.37,2.37,2.37,1000,0
ARG,5,20210319,112500,2.38,2.38,2.38,2.38,340,0
ARG,5,20210319,114500,2.38,2.39,2.38,2.39,618,0
ARG,5,20210319,115000,2.39,2.48,2.39,2.46,31948,0
ARG,5,20210319,115500,2.38,2.38,2.38,2.38,1000,0
ARG,5,20210319,120000,2.37,2.37,2.37,2.37,220,0
ARG,5,20210319,132500,2.37,2.37,2.35,2.35,1000,0
ARG,5,20210319,133000,2.35,2.35,2.35,2.35,850,0
ARG,5,20210319,140000,2.33,2.33,2.3,2.3,13026,0
ARG,5,20210319,141500,2.28,2.28,2.26,2.26,1455,0
ARG,5,20210319,144000,2.3,2.3,2.3,2.3,650,0
ARG,5,20210319,145500,2.32,2.32,2.32,2.32,1245,0
ARG,5,20210319,151500,2.32,2.32,2.32,2.32,1010,0
ARG,5,20210319,153000,2.32,2.35,2.32,2.35,166,0
ARG,5,20210319,155000,2.34,2.34,2.34,2.34,298,0
ARG,5,20210319,160000,2.31,2.31,2.27,2.27,1500,0
ARG,5,20210319,160500,2.27,2.27,2.26,2.26,1745,0
ARG,5,20210319,162500,2.34,2.35,2.27,2.27,692,0
ARG,5,20210319,164500,2.35,2.35,2.35,2.35,300,0
ARG,5,20210322,090000,2.36,2.37,2.36,2.37,3430,0
ARG,5,20210322,090500,2.37,2.37,2.37,2.37,418,0
ARG,5,20210322,091000,2.35,2.35,2.35,2.35,15,0
ARG,5,20210322,092500,2.37,2.37,2.37,2.37,210,0
ARG,5,20210322,094000,2.37,2.37,2.37,2.37,160,0
ARG,5,20210322,095500,2.35,2.35,2.35,2.35,185,0
ARG,5,20210322,100000,2.33,2.33,2.33,2.33,660,0
ARG,5,20210322,100500,2.31,2.31,2.26,2.26,2460,0
ARG,5,20210322,101000,2.33,2.33,2.33,2.33,25,0
ARG,5,20210322,111500,2.33,2.33,2.33,2.33,733,0
ARG,5,20210322,114000,2.33,2.33,2.33,2.33,1097,0
ARG,5,20210322,115000,2.33,2.33,2.33,2.33,903,0
ARG,5,20210322,133500,2.32,2.32,2.32,2.32,1000,0
ARG,5,20210322,140500,2.33,2.33,2.32,2.32,225,0
ARG,5,20210322,143500,2.32,2.32,2.32,2.32,430,0
ARG,5,20210322,145500,2.32,2.32,2.32,2.32,251,0
ARG,5,20210322,152500,2.28,2.28,2.27,2.27,1640,0
ARG,5,20210322,154000,2.31,2.31,2.31,2.31,150,0
ARG,5,20210322,155000,2.28,2.28,2.28,2.28,330,0
ARG,5,20210322,164000,2.31,2.31,2.31,2.31,480,0
ARG,5,20210322,164500,2.33,2.34,2.33,2.34,831,0
ARG,5,20210323,090000,2.24,2.24,2.24,2.24,8352,0
ARG,5,20210323,090500,2.23,2.31,2.23,2.31,5860,0
ARG,5,20210323,092000,2.27,2.27,2.27,2.27,200,0
ARG,5,20210323,092500,2.27,2.27,2.27,2.27,1000,0
ARG,5,20210323,093000,2.25,2.25,2.25,2.25,1000,0
ARG,5,20210323,094000,2.25,2.25,2.25,2.25,1367,0
ARG,5,20210323,095500,2.25,2.25,2.24,2.24,401,0
ARG,5,20210323,102500,2.24,2.24,2.24,2.24,1000,0
ARG,5,20210323,110500,2.25,2.25,2.25,2.25,130,0
ARG,5,20210323,111500,2.25,2.25,2.25,2.25,426,0
ARG,5,20210323,114000,2.25,2.25,2.25,2.25,276,0
ARG,5,20210323,120500,2.27,2.28,2.27,2.28,2350,0
ARG,5,20210323,123000,2.29,2.29,2.29,2.29,300,0
ARG,5,20210323,124000,2.29,2.29,2.29,2.29,2000,0
ARG,5,20210323,134000,2.28,2.28,2.28,2.28,800,0
ARG,5,20210323,135000,2.28,2.28,2.28,2.28,10,0
ARG,5,20210323,144000,2.31,2.31,2.31,2.31,190,0
ARG,5,20210323,151000,2.31,2.32,2.31,2.32,2032,0
ARG,5,20210323,155500,2.31,2.31,2.31,2.31,432,0
ARG,5,20210323,162000,2.28,2.28,2.25,2.25,640,0
ARG,5,20210323,163500,2.25,2.25,2.25,2.25,20,0
ARG,5,20210323,164500,2.25,2.25,2.25,2.25,550,0
ARG,5,20210323,165500,2.3,2.3,2.3,2.3,1,0
ARG,5,20210324,090500,2.25,2.25,2.25,2.25,1,0
ARG,5,20210324,093000,2.25,2.25,2.25,2.25,160,0
ARG,5,20210324,110000,2.29,2.29,2.29,2.29,300,0
ARG,5,20210324,112000,2.25,2.25,2.25,2.25,30,0
ARG,5,20210324,115500,2.25,2.25,2.25,2.25,1087,0
ARG,5,20210324,120000,2.24,2.24,2.24,2.24,200,0
ARG,5,20210324,120500,2.23,2.23,2.23,2.23,1070,0
ARG,5,20210324,121000,2.23,2.23,2.23,2.23,50,0
ARG,5,20210324,122000,2.23,2.23,2.23,2.23,420,0
ARG,5,20210324,125500,2.23,2.23,2.2,2.22,1717,0
ARG,5,20210324,140000,2.2,2.2,2.2,2.2,3133,0
ARG,5,20210324,143500,2.2,2.2,2.2,2.2,500,0
ARG,5,20210324,150000,2.2,2.2,2.19,2.19,220,0
ARG,5,20210324,151500,2.2,2.2,2.2,2.2,45,0
ARG,5,20210324,153500,2.2,2.2,2.2,2.2,210,0
ARG,5,20210324,154500,2.21,2.21,2.21,2.21,150,0
ARG,5,20210324,155500,2.21,2.21,2.21,2.21,1690,0
ARG,5,20210324,160500,2.22,2.22,2.22,2.22,552,0
ARG,5,20210324,165500,2.21,2.21,2.21,2.21,1019,0
ARG,5,20210325,090500,2.2,2.2,2.1,2.1,5952,0
ARG,5,20210325,092500,2.2,2.2,2.2,2.2,4,0
ARG,5,20210325,093000,2.12,2.2,2.11,2.11,1400,0
ARG,5,20210325,101500,2.13,2.13,2.13,2.13,500,0
ARG,5,20210325,105500,2.15,2.15,2.15,2.15,1500,0
ARG,5,20210325,112500,2.15,2.15,2.15,2.15,146,0
ARG,5,20210325,113500,2.18,2.2,2.18,2.2,2866,0
ARG,5,20210325,131000,2.16,2.16,2.11,2.11,5000,0
ARG,5,20210325,131500,2.19,2.19,2.19,2.19,515,0
ARG,5,20210325,133000,2.12,2.12,2.11,2.12,1100,0
ARG,5,20210325,161500,2.12,2.12,2.12,2.12,144,0
ARG,5,20210325,163000,2.14,2.14,2.12,2.12,1330,0
ARG,5,20210325,165500,2.17,2.17,2.17,2.17,100,0
ARG,5,20210326,091500,2.13,2.13,2.13,2.13,100,0
ARG,5,20210326,094500,2.17,2.17,2.17,2.17,100,0
ARG,5,20210326,111500,2.17,2.17,2.17,2.17,100,0
ARG,5,20210326,120000,2.19,2.19,2.19,2.19,600,0
ARG,5,20210326,130000,2.19,2.19,2.19,2.19,25,0
ARG,5,20210326,145000,2.19,2.19,2.19,2.19,170,0
