<TICKER>,<PER>,<DATE>,<TIME>,<OPEN>,<HIGH>,<LOW>,<CLOSE>,<VOL>,<OPENINT>
ASA,5,20210204,090000,0.142,0.142,0.137,0.137,143320,0
ASA,5,20210204,090500,0.138,0.15,0.138,0.15,259234,0
ASA,5,20210204,091000,0.15,0.151,0.144,0.144,273165,0
ASA,5,20210204,091500,0.148,0.148,0.148,0.148,30152,0
ASA,5,20210204,092000,0.145,0.145,0.142,0.145,194104,0
ASA,5,20210204,092500,0.148,0.148,0.148,0.148,1800,0
ASA,5,20210204,093000,0.147,0.147,0.142,0.146,62378,0
ASA,5,20210204,093500,0.144,0.144,0.139,0.14,682823,0
ASA,5,20210204,094000,0.142,0.142,0.142,0.142,17440,0
ASA,5,20210204,094500,0.14,0.142,0.139,0.139,416899,0
ASA,5,20210204,095000,0.14,0.14,0.14,0.14,7000,0
ASA,5,20210204,095500,0.14,0.14,0.136,0.136,91318,0
ASA,5,20210204,100000,0.136,0.138,0.135,0.138,421108,0
ASA,5,20210204,100500,0.138,0.141,0.138,0.14,90626,0
ASA,5,20210204,101000,0.14,0.14,0.138,0.138,64875,0
ASA,5,20210204,101500,0.141,0.141,0.141,0.141,58000,0
ASA,5,20210204,102000,0.141,0.141,0.139,0.139,43355,0
ASA,5,20210204,102500,0.139,0.14,0.139,0.14,69915,0
ASA,5,20210204,103000,0.14,0.14,0.14,0.14,5000,0
ASA,5,20210204,103500,0.141,0.141,0.141,0.141,402,0
ASA,5,20210204,104500,0.14,0.141,0.138,0.141,32000,0
ASA,5,20210204,110000,0.14,0.14,0.14,0.14,6000,0
ASA,5,20210204,110500,0.14,0.14,0.138,0.138,147000,0
ASA,5,20210204,111000,0.139,0.139,0.138,0.138,6000,0
ASA,5,20210204,111500,0.139,0.139,0.139,0.139,8000,0
ASA,5,20210204,112500,0.14,0.14,0.14,0.14,111,0
ASA,5,20210204,113000,0.139,0.139,0.137,0.137,42761,0
ASA,5,20210204,113500,0.14,0.14,0.14,0.14,17487,0
ASA,5,20210204,114000,0.14,0.14,0.14,0.14,9282,0
ASA,5,20210204,114500,0.14,0.141,0.14,0.141,13546,0
ASA,5,20210204,115000,0.137,0.14,0.137,0.14,361,0
ASA,5,20210204,120000,0.14,0.14,0.14,0.14,140000,0
ASA,5,20210204,121000,0.141,0.141,0.141,0.141,5000,0
ASA,5,20210204,121500,0.141,0.142,0.141,0.142,39800,0
ASA,5,20210204,122000,0.142,0.142,0.142,0.142,55844,0
ASA,5,20210204,122500,0.141,0.142,0.139,0.142,26111,0
ASA,5,20210204,123000,0.142,0.142,0.142,0.142,10000,0
ASA,5,20210204,123500,0.142,0.143,0.142,0.143,84895,0
ASA,5,20210204,124000,0.143,0.143,0.142,0.142,101188,0
ASA,5,20210204,124500,0.142,0.142,0.142,0.142,3000,0
ASA,5,20210204,125000,0.141,0.142,0.141,0.141,18089,0
ASA,5,20210204,130500,0.141,0.141,0.139,0.139,284125,0
ASA,5,20210204,131500,0.139,0.139,0.134,0.134,586263,0
ASA,5,20210204,132000,0.14,0.14,0.138,0.138,6125,0
ASA,5,20210204,132500,0.138,0.138,0.138,0.138,2100,0
ASA,5,20210204,133000,0.138,0.138,0.138,0.138,2020,0
ASA,5,20210204,133500,0.135,0.135,0.135,0.135,5000,0
ASA,5,20210204,134000,0.138,0.138,0.138,0.138,10272,0
ASA,5,20210204,140000,0.139,0.139,0.139,0.139,1500,0
ASA,5,20210204,140500,0.139,0.139,0.139,0.139,4000,0
ASA,5,20210204,141000,0.139,0.139,0.139,0.139,4500,0
ASA,5,20210204,142500,0.139,0.139,0.137,0.137,59000,0
ASA,5,20210204,143000,0.137,0.137,0.136,0.136,15000,0
ASA,5,20210204,144000,0.14,0.14,0.14,0.14,78,0
ASA,5,20210204,145000,0.14,0.14,0.14,0.14,50,0
ASA,5,20210204,145500,0.14,0.14,0.14,0.14,7747,0
ASA,5,20210204,150000,0.14,0.14,0.14,0.14,3553,0
ASA,5,20210204,150500,0.137,0.137,0.137,0.137,50,0
ASA,5,20210204,151000,0.137,0.137,0.136,0.136,371395,0
ASA,5,20210204,151500,0.137,0.141,0.137,0.141,21897,0
ASA,5,20210204,152000,0.141,0.141,0.141,0.141,4989,0
ASA,5,20210204,155000,0.141,0.141,0.141,0.141,11070,0
ASA,5,20210204,160000,0.141,0.141,0.141,0.141,10000,0
ASA,5,20210204,161500,0.142,0.142,0.142,0.142,1111,0
ASA,5,20210204,162000,0.142,0.143,0.141,0.143,25726,0
ASA,5,20210204,162500,0.143,0.143,0.142,0.142,338,0
ASA,5,20210204,163000,0.142,0.143,0.142,0.143,34500,0
ASA,5,20210204,163500,0.143,0.143,0.141,0.141,21905,0
ASA,5,20210204,164000,0.14,0.14,0.139,0.139,9900,0
ASA,5,20210204,164500,0.142,0.143,0.142,0.143,30222,0
ASA,5,20210205,090000,0.14,0.14,0.14,0.14,7459,0
ASA,5,20210205,090500,0.14,0.14,0.135,0.135,79986,0
ASA,5,20210205,091000,0.135,0.135,0.135,0.135,9915,0
ASA,5,20210205,092000,0.135,0.137,0.135,0.137,44850,0
ASA,5,20210205,092500,0.133,0.138,0.13,0.134,290149,0
ASA,5,20210205,093000,0.134,0.136,0.133,0.136,582338,0
ASA,5,20210205,093500,0.137,0.137,0.137,0.137,10000,0
ASA,5,20210205,095000,0.136,0.136,0.136,0.136,2234,0
ASA,5,20210205,095500,0.134,0.134,0.133,0.133,515191,0
ASA,5,20210205,100000,0.135,0.135,0.135,0.135,3000,0
ASA,5,20210205,100500,0.135,0.135,0.135,0.135,10000,0
ASA,5,20210205,101500,0.135,0.136,0.135,0.136,4000,0
ASA,5,20210205,102500,0.136,0.136,0.136,0.136,5000,0
ASA,5,20210205,103500,0.136,0.136,0.136,0.136,5000,0
ASA,5,20210205,104000,0.136,0.136,0.136,0.136,15000,0
ASA,5,20210205,105000,0.135,0.135,0.132,0.132,55844,0
ASA,5,20210205,105500,0.132,0.137,0.13,0.13,355001,0
ASA,5,20210205,110000,0.133,0.133,0.133,0.133,12900,0
ASA,5,20210205,110500,0.133,0.133,0.133,0.133,5100,0
ASA,5,20210205,111000,0.135,0.135,0.135,0.135,14499,0
ASA,5,20210205,112500,0.133,0.133,0.13,0.13,100000,0
ASA,5,20210205,113000,0.134,0.135,0.134,0.135,11500,0
ASA,5,20210205,114000,0.134,0.134,0.134,0.134,12205,0
ASA,5,20210205,114500,0.134,0.134,0.134,0.134,904,0
ASA,5,20210205,115000,0.132,0.132,0.132,0.132,8100,0
ASA,5,20210205,115500,0.132,0.132,0.132,0.132,5000,0
ASA,5,20210205,121000,0.134,0.134,0.134,0.134,111,0
ASA,5,20210205,121500,0.132,0.132,0.132,0.132,2149,0
ASA,5,20210205,122500,0.134,0.134,0.134,0.134,16780,0
ASA,5,20210205,123000,0.134,0.134,0.134,0.134,10450,0
ASA,5,20210205,123500,0.135,0.135,0.135,0.135,2000,0
ASA,5,20210205,124500,0.135,0.135,0.135,0.135,100000,0
ASA,5,20210205,125500,0.135,0.135,0.135,0.135,51678,0
ASA,5,20210205,130000,0.135,0.135,0.135,0.135,10572,0
ASA,5,20210205,130500,0.135,0.135,0.135,0.135,1129,0
ASA,5,20210205,134500,0.135,0.135,0.135,0.135,9013,0
ASA,5,20210205,135000,0.135,0.135,0.134,0.134,14696,0
ASA,5,20210205,143500,0.133,0.133,0.132,0.132,27534,0
ASA,5,20210205,144500,0.135,0.135,0.135,0.135,1,0
ASA,5,20210205,150000,0.133,0.133,0.132,0.132,12000,0
ASA,5,20210205,150500,0.134,0.134,0.132,0.132,36506,0
ASA,5,20210205,151000,0.131,0.131,0.13,0.13,89777,0
ASA,5,20210205,152000,0.131,0.131,0.131,0.131,7541,0
ASA,5,20210205,152500,0.131,0.131,0.131,0.131,5000,0
ASA,5,20210205,153000,0.134,0.134,0.134,0.134,100,0
ASA,5,20210205,153500,0.132,0.132,0.13,0.13,101243,0
ASA,5,20210205,154000,0.133,0.133,0.13,0.13,59493,0
ASA,5,20210205,154500,0.133,0.133,0.13,0.13,12000,0
ASA,5,20210205,155000,0.129,0.132,0.129,0.132,135261,0
ASA,5,20210205,155500,0.132,0.133,0.132,0.133,11990,0
ASA,5,20210205,160000,0.134,0.134,0.134,0.134,2000,0
ASA,5,20210205,160500,0.135,0.135,0.133,0.133,11,0
ASA,5,20210205,162500,0.13,0.13,0.13,0.13,31215,0
ASA,5,20210205,163500,0.13,0.132,0.13,0.132,40000,0
ASA,5,20210205,164500,0.132,0.132,0.132,0.132,1111,0
ASA,5,20210208,090000,0.134,0.134,0.132,0.134,141798,0
ASA,5,20210208,090500,0.132,0.132,0.132,0.132,43786,0
ASA,5,20210208,091000,0.132,0.133,0.127,0.13,342200,0
ASA,5,20210208,091500,0.13,0.134,0.13,0.134,101531,0
ASA,5,20210208,092000,0.132,0.133,0.13,0.133,139000,0
ASA,5,20210208,092500,0.133,0.133,0.129,0.129,52000,0
ASA,5,20210208,093000,0.129,0.133,0.129,0.133,67450,0
ASA,5,20210208,093500,0.13,0.13,0.13,0.13,3500,0
ASA,5,20210208,094500,0.13,0.13,0.13,0.13,15400,0
ASA,5,20210208,095000,0.13,0.13,0.13,0.13,10000,0
ASA,5,20210208,100500,0.129,0.133,0.128,0.128,104266,0
ASA,5,20210208,101000,0.127,0.127,0.125,0.125,428367,0
ASA,5,20210208,101500,0.125,0.125,0.125,0.125,52335,0
ASA,5,20210208,102000,0.126,0.126,0.126,0.126,55000,0
ASA,5,20210208,102500,0.127,0.13,0.127,0.13,40399,0
ASA,5,20210208,103000,0.128,0.128,0.128,0.128,12000,0
ASA,5,20210208,104000,0.13,0.13,0.128,0.128,373000,0
ASA,5,20210208,104500,0.13,0.13,0.129,0.129,13538,0
ASA,5,20210208,110500,0.129,0.129,0.129,0.129,5000,0
ASA,5,20210208,112000,0.127,0.127,0.127,0.127,11500,0
ASA,5,20210208,112500,0.127,0.129,0.127,0.129,80000,0
ASA,5,20210208,120000,0.127,0.127,0.124,0.124,101372,0
ASA,5,20210208,120500,0.123,0.124,0.122,0.124,172452,0
ASA,5,20210208,121000,0.124,0.126,0.124,0.126,154630,0
ASA,5,20210208,121500,0.128,0.128,0.128,0.128,10000,0
ASA,5,20210208,122000,0.126,0.126,0.126,0.126,5000,0
ASA,5,20210208,122500,0.128,0.128,0.128,0.128,12000,0
ASA,5,20210208,123000,0.128,0.129,0.126,0.126,18972,0
ASA,5,20210208,123500,0.124,0.128,0.124,0.128,57602,0
ASA,5,20210208,124500,0.126,0.126,0.126,0.126,1500,0
ASA,5,20210208,125000,0.126,0.126,0.126,0.126,3899,0
ASA,5,20210208,130000,0.126,0.126,0.126,0.126,27000,0
ASA,5,20210208,130500,0.126,0.126,0.126,0.126,5100,0
ASA,5,20210208,131000,0.127,0.127,0.127,0.127,12000,0
ASA,5,20210208,131500,0.127,0.127,0.127,0.127,68862,0
ASA,5,20210208,134000,0.128,0.128,0.128,0.128,3725,0
ASA,5,20210208,134500,0.128,0.129,0.128,0.129,27000,0
ASA,5,20210208,140000,0.129,0.13,0.129,0.13,3000,0
ASA,5,20210208,140500,0.13,0.13,0.128,0.128,56606,0
ASA,5,20210208,142500,0.127,0.127,0.126,0.126,46914,0
ASA,5,20210208,143000,0.125,0.13,0.124,0.13,103692,0
ASA,5,20210208,144000,0.13,0.132,0.128,0.132,188638,0
ASA,5,20210208,150000,0.131,0.131,0.131,0.131,15450,0
ASA,5,20210208,152500,0.127,0.127,0.127,0.127,25627,0
ASA,5,20210208,153500,0.13,0.13,0.13,0.13,50000,0
ASA,5,20210208,160000,0.128,0.132,0.128,0.132,65682,0
ASA,5,20210208,161000,0.132,0.133,0.132,0.133,54408,0
ASA,5,20210208,161500,0.134,0.134,0.133,0.133,23637,0
ASA,5,20210208,162000,0.133,0.134,0.133,0.134,5364,0
ASA,5,20210208,162500,0.132,0.133,0.132,0.133,15000,0
ASA,5,20210208,163000,0.132,0.133,0.13,0.133,310791,0
ASA,5,20210208,164500,0.13,0.132,0.13,0.132,10131,0
ASA,5,20210209,090000,0.132,0.135,0.132,0.134,145057,0
ASA,5,20210209,090500,0.134,0.137,0.134,0.137,21394,0
ASA,5,20210209,091000,0.139,0.139,0.139,0.139,65314,0
ASA,5,20210209,091500,0.138,0.138,0.134,0.134,80279,0
ASA,5,20210209,092000,0.138,0.138,0.137,0.138,110000,0
ASA,5,20210209,092500,0.139,0.139,0.139,0.139,613,0
ASA,5,20210209,093000,0.138,0.138,0.138,0.138,30000,0
ASA,5,20210209,093500,0.138,0.138,0.138,0.138,35175,0
ASA,5,20210209,094000,0.138,0.139,0.138,0.138,14843,0
ASA,5,20210209,094500,0.138,0.138,0.138,0.138,11336,0
ASA,5,20210209,095000,0.138,0.138,0.138,0.138,10842,0
ASA,5,20210209,095500,0.138,0.138,0.138,0.138,1500,0
ASA,5,20210209,100000,0.138,0.138,0.137,0.138,6380,0
ASA,5,20210209,100500,0.138,0.138,0.137,0.138,18001,0
ASA,5,20210209,101000,0.138,0.138,0.138,0.138,1500,0
ASA,5,20210209,102000,0.138,0.138,0.138,0.138,8000,0
ASA,5,20210209,102500,0.135,0.138,0.135,0.138,23250,0
ASA,5,20210209,105000,0.138,0.138,0.136,0.136,28269,0
ASA,5,20210209,105500,0.136,0.136,0.135,0.135,30250,0
ASA,5,20210209,110500,0.138,0.138,0.138,0.138,725,0
ASA,5,20210209,111000,0.138,0.138,0.135,0.135,69087,0
ASA,5,20210209,112500,0.135,0.135,0.135,0.135,71000,0
ASA,5,20210209,114500,0.135,0.135,0.135,0.135,55,0
ASA,5,20210209,115500,0.135,0.139,0.135,0.139,245000,0
ASA,5,20210209,120000,0.139,0.139,0.139,0.139,20426,0
ASA,5,20210209,120500,0.139,0.139,0.139,0.139,21000,0
ASA,5,20210209,121000,0.139,0.141,0.139,0.141,120977,0
ASA,5,20210209,121500,0.141,0.143,0.141,0.141,210426,0
ASA,5,20210209,122000,0.142,0.146,0.142,0.146,251349,0
ASA,5,20210209,122500,0.147,0.147,0.143,0.146,49956,0
ASA,5,20210209,123000,0.146,0.146,0.145,0.146,56000,0
ASA,5,20210209,123500,0.142,0.142,0.142,0.142,41301,0
ASA,5,20210209,124000,0.142,0.145,0.14,0.14,138623,0
ASA,5,20210209,124500,0.143,0.143,0.143,0.143,399,0
ASA,5,20210209,125000,0.142,0.142,0.14,0.14,14500,0
ASA,5,20210209,125500,0.14,0.141,0.14,0.141,10111,0
ASA,5,20210209,130000,0.141,0.141,0.141,0.141,18500,0
ASA,5,20210209,130500,0.141,0.142,0.141,0.142,17900,0
ASA,5,20210209,131000,0.142,0.143,0.142,0.143,6590,0
ASA,5,20210209,131500,0.144,0.144,0.144,0.144,38344,0
ASA,5,20210209,132000,0.144,0.145,0.142,0.142,38110,0
ASA,5,20210209,132500,0.143,0.143,0.14,0.143,64814,0
ASA,5,20210209,133500,0.143,0.143,0.143,0.143,19000,0
ASA,5,20210209,134000,0.143,0.143,0.143,0.143,100,0
ASA,5,20210209,135000,0.141,0.142,0.141,0.142,1001,0
ASA,5,20210209,135500,0.142,0.142,0.142,0.142,6000,0
ASA,5,20210209,140000,0.143,0.143,0.142,0.143,25899,0
ASA,5,20210209,140500,0.143,0.143,0.143,0.143,87300,0
ASA,5,20210209,141000,0.142,0.142,0.142,0.142,5466,0
ASA,5,20210209,141500,0.142,0.143,0.141,0.143,54074,0
ASA,5,20210209,143000,0.142,0.142,0.141,0.141,105582,0
ASA,5,20210209,143500,0.143,0.143,0.143,0.143,934,0
ASA,5,20210209,145000,0.142,0.142,0.141,0.141,25000,0
ASA,5,20210209,145500,0.141,0.142,0.141,0.142,8700,0
ASA,5,20210209,150000,0.141,0.141,0.14,0.14,106543,0
ASA,5,20210209,151500,0.142,0.142,0.14,0.14,5642,0
ASA,5,20210209,152000,0.139,0.14,0.139,0.14,15291,0
ASA,5,20210209,152500,0.142,0.142,0.14,0.14,15342,0
ASA,5,20210209,153000,0.14,0.14,0.14,0.14,3955,0
ASA,5,20210209,153500,0.142,0.142,0.142,0.142,914,0
ASA,5,20210209,154000,0.142,0.142,0.138,0.138,33000,0
ASA,5,20210209,154500,0.138,0.138,0.138,0.138,7000,0
ASA,5,20210209,155500,0.142,0.142,0.142,0.142,245,0
ASA,5,20210209,160500,0.142,0.142,0.142,0.142,2255,0
ASA,5,20210209,161000,0.143,0.145,0.143,0.145,100762,0
ASA,5,20210209,161500,0.144,0.144,0.144,0.144,48970,0
ASA,5,20210209,163000,0.144,0.144,0.144,0.144,1000,0
ASA,5,20210209,163500,0.144,0.145,0.144,0.145,3445,0
ASA,5,20210209,164500,0.145,0.146,0.145,0.145,80832,0
ASA,5,20210210,090000,0.147,0.148,0.145,0.145,137425,0
ASA,5,20210210,090500,0.144,0.144,0.142,0.142,30000,0
ASA,5,20210210,091000,0.145,0.147,0.145,0.147,16223,0
ASA,5,20210210,091500,0.147,0.147,0.147,0.147,5565,0
ASA,5,20210210,092000,0.147,0.147,0.147,0.147,4206,0
ASA,5,20210210,092500,0.146,0.146,0.146,0.146,7000,0
ASA,5,20210210,093000,0.146,0.147,0.146,0.147,1619,0
ASA,5,20210210,093500,0.147,0.147,0.147,0.147,4500,0
ASA,5,20210210,094000,0.147,0.149,0.147,0.148,80512,0
ASA,5,20210210,095000,0.146,0.146,0.146,0.146,5500,0
ASA,5,20210210,095500,0.145,0.145,0.145,0.145,2750,0
ASA,5,20210210,101000,0.144,0.144,0.144,0.144,13000,0
ASA,5,20210210,101500,0.143,0.143,0.143,0.143,75450,0
ASA,5,20210210,102000,0.143,0.143,0.143,0.143,2550,0
ASA,5,20210210,103500,0.144,0.144,0.142,0.142,21800,0
ASA,5,20210210,104000,0.142,0.142,0.142,0.142,4763,0
ASA,5,20210210,104500,0.142,0.142,0.142,0.142,30000,0
ASA,5,20210210,105500,0.144,0.144,0.144,0.144,9394,0
ASA,5,20210210,110000,0.142,0.142,0.142,0.142,100000,0
ASA,5,20210210,110500,0.144,0.144,0.142,0.144,20946,0
ASA,5,20210210,111500,0.143,0.143,0.143,0.143,2000,0
ASA,5,20210210,112000,0.143,0.143,0.142,0.143,22900,0
ASA,5,20210210,112500,0.143,0.147,0.143,0.146,3436,0
ASA,5,20210210,113000,0.145,0.147,0.142,0.147,70100,0
ASA,5,20210210,113500,0.142,0.142,0.142,0.142,79751,0
ASA,5,20210210,114000,0.147,0.147,0.142,0.145,26501,0
ASA,5,20210210,114500,0.147,0.147,0.146,0.146,15132,0
ASA,5,20210210,115000,0.146,0.146,0.146,0.146,10500,0
ASA,5,20210210,115500,0.146,0.147,0.146,0.147,25638,0
ASA,5,20210210,120000,0.147,0.147,0.147,0.147,5000,0
ASA,5,20210210,120500,0.146,0.146,0.146,0.146,5000,0
ASA,5,20210210,121000,0.146,0.146,0.146,0.146,6000,0
ASA,5,20210210,122000,0.144,0.144,0.144,0.144,10000,0
ASA,5,20210210,122500,0.143,0.146,0.143,0.146,70106,0
ASA,5,20210210,124000,0.145,0.145,0.145,0.145,12000,0
ASA,5,20210210,130500,0.143,0.145,0.142,0.142,110434,0
ASA,5,20210210,131000,0.141,0.145,0.141,0.144,225112,0
ASA,5,20210210,132000,0.143,0.143,0.143,0.143,15000,0
ASA,5,20210210,132500,0.141,0.141,0.141,0.141,6250,0
ASA,5,20210210,134000,0.142,0.142,0.142,0.142,15130,0
ASA,5,20210210,144000,0.142,0.142,0.142,0.142,10000,0
ASA,5,20210210,150000,0.141,0.141,0.14,0.14,99496,0
ASA,5,20210210,151500,0.142,0.142,0.142,0.142,4910,0
ASA,5,20210210,152000,0.14,0.14,0.137,0.137,59860,0
ASA,5,20210210,152500,0.136,0.139,0.134,0.139,700370,0
ASA,5,20210210,153500,0.138,0.138,0.138,0.138,3500,0
ASA,5,20210210,155500,0.138,0.138,0.138,0.138,10000,0
ASA,5,20210210,160000,0.138,0.14,0.138,0.14,14500,0
ASA,5,20210210,161000,0.138,0.138,0.138,0.138,2500,0
ASA,5,20210210,161500,0.14,0.14,0.14,0.14,1,0
ASA,5,20210210,162000,0.136,0.136,0.136,0.136,20000,0
ASA,5,20210210,162500,0.135,0.138,0.135,0.138,100030,0
ASA,5,20210210,163000,0.141,0.141,0.141,0.141,81677,0
ASA,5,20210210,164000,0.14,0.14,0.136,0.136,23600,0
ASA,5,20210210,164500,0.14,0.14,0.139,0.139,20419,0
ASA,5,20210211,090000,0.136,0.136,0.134,0.134,23627,0
ASA,5,20210211,090500,0.136,0.136,0.136,0.136,2000,0
ASA,5,20210211,091000,0.136,0.139,0.135,0.139,16097,0
ASA,5,20210211,091500,0.141,0.141,0.141,0.141,1,0
ASA,5,20210211,092000,0.14,0.141,0.14,0.141,20000,0
ASA,5,20210211,094500,0.141,0.141,0.137,0.137,6870,0
ASA,5,20210211,095500,0.14,0.14,0.14,0.14,1,0
ASA,5,20210211,100000,0.136,0.136,0.135,0.135,72885,0
ASA,5,20210211,100500,0.135,0.136,0.135,0.136,23000,0
ASA,5,20210211,103000,0.136,0.136,0.136,0.136,1723,0
ASA,5,20210211,103500,0.138,0.138,0.138,0.138,10000,0
ASA,5,20210211,104000,0.138,0.138,0.138,0.138,3500,0
ASA,5,20210211,105000,0.135,0.135,0.135,0.135,13000,0
ASA,5,20210211,105500,0.135,0.135,0.135,0.135,3000,0
ASA,5,20210211,110000,0.138,0.138,0.135,0.135,25151,0
ASA,5,20210211,110500,0.135,0.135,0.135,0.135,29675,0
ASA,5,20210211,111000,0.134,0.134,0.134,0.134,42965,0
ASA,5,20210211,111500,0.133,0.134,0.131,0.134,135969,0
ASA,5,20210211,112000,0.138,0.138,0.138,0.138,7073,0
ASA,5,20210211,113000,0.138,0.138,0.138,0.138,21500,0
ASA,5,20210211,114500,0.138,0.139,0.138,0.139,36993,0
ASA,5,20210211,121500,0.138,0.138,0.138,0.138,17686,0
ASA,5,20210211,122000,0.135,0.135,0.134,0.134,23440,0
ASA,5,20210211,122500,0.133,0.134,0.133,0.134,62543,0
ASA,5,20210211,123000,0.134,0.137,0.134,0.137,900,0
ASA,5,20210211,124000,0.137,0.138,0.137,0.138,22699,0
ASA,5,20210211,130000,0.138,0.138,0.138,0.138,70000,0
ASA,5,20210211,130500,0.137,0.137,0.137,0.137,5000,0
ASA,5,20210211,131000,0.137,0.137,0.137,0.137,5000,0
ASA,5,20210211,131500,0.135,0.135,0.135,0.135,47661,0
ASA,5,20210211,132000,0.138,0.138,0.138,0.138,314951,0
ASA,5,20210211,132500,0.138,0.138,0.138,0.138,209000,0
ASA,5,20210211,134000,0.137,0.137,0.137,0.137,5000,0
ASA,5,20210211,134500,0.137,0.138,0.137,0.138,100000,0
ASA,5,20210211,135000,0.138,0.138,0.138,0.138,131000,0
ASA,5,20210211,135500,0.138,0.138,0.138,0.138,4500,0
ASA,5,20210211,140500,0.135,0.135,0.135,0.135,13315,0
ASA,5,20210211,141000,0.135,0.135,0.135,0.135,9000,0
ASA,5,20210211,141500,0.135,0.135,0.135,0.135,8500,0
ASA,5,20210211,142000,0.135,0.135,0.135,0.135,27000,0
ASA,5,20210211,142500,0.138,0.138,0.138,0.138,1,0
ASA,5,20210211,143000,0.135,0.135,0.134,0.134,11934,0
ASA,5,20210211,150500,0.135,0.135,0.135,0.135,2500,0
ASA,5,20210211,151500,0.136,0.136,0.136,0.136,1000,0
ASA,5,20210211,152000,0.136,0.136,0.136,0.136,25500,0
ASA,5,20210211,153500,0.136,0.136,0.136,0.136,12308,0
ASA,5,20210211,154000,0.135,0.135,0.135,0.135,17500,0
ASA,5,20210211,154500,0.134,0.134,0.13,0.13,375508,0
ASA,5,20210211,155000,0.133,0.133,0.133,0.133,15000,0
ASA,5,20210211,155500,0.133,0.137,0.133,0.137,2634,0
ASA,5,20210211,160500,0.137,0.137,0.137,0.137,7000,0
ASA,5,20210211,161500,0.137,0.137,0.137,0.137,3168,0
ASA,5,20210211,164500,0.135,0.136,0.135,0.136,12870,0
ASA,5,20210212,090000,0.137,0.137,0.135,0.135,19301,0
ASA,5,20210212,090500,0.131,0.131,0.13,0.13,86085,0
ASA,5,20210212,091000,0.13,0.133,0.13,0.13,30500,0
ASA,5,20210212,091500,0.133,0.133,0.133,0.133,5000,0
ASA,5,20210212,092000,0.131,0.131,0.13,0.13,14500,0
ASA,5,20210212,092500,0.13,0.131,0.13,0.131,46588,0
ASA,5,20210212,094000,0.131,0.134,0.13,0.134,41000,0
ASA,5,20210212,100500,0.133,0.133,0.133,0.133,8086,0
ASA,5,20210212,101500,0.132,0.132,0.132,0.132,38500,0
ASA,5,20210212,103500,0.131,0.131,0.131,0.131,3000,0
ASA,5,20210212,104500,0.133,0.133,0.13,0.13,52000,0
ASA,5,20210212,105500,0.13,0.13,0.128,0.128,200000,0
ASA,5,20210212,110000,0.129,0.132,0.129,0.132,230530,0
ASA,5,20210212,110500,0.132,0.133,0.129,0.129,138519,0
ASA,5,20210212,111000,0.129,0.129,0.129,0.129,102481,0
ASA,5,20210212,112000,0.131,0.131,0.131,0.131,16000,0
ASA,5,20210212,113500,0.132,0.132,0.131,0.131,89000,0
ASA,5,20210212,114000,0.132,0.132,0.132,0.132,340,0
ASA,5,20210212,115000,0.133,0.133,0.133,0.133,30000,0
ASA,5,20210212,121000,0.13,0.13,0.13,0.13,20000,0
ASA,5,20210212,122000,0.133,0.133,0.133,0.133,1,0
ASA,5,20210212,123000,0.13,0.13,0.13,0.13,50000,0
ASA,5,20210212,131000,0.13,0.13,0.13,0.13,55000,0
ASA,5,20210212,132500,0.13,0.13,0.13,0.13,151500,0
ASA,5,20210212,133000,0.133,0.133,0.133,0.133,20000,0
ASA,5,20210212,135000,0.13,0.13,0.13,0.13,19000,0
ASA,5,20210212,140500,0.13,0.13,0.13,0.13,21000,0
ASA,5,20210212,142000,0.13,0.132,0.13,0.132,4600,0
ASA,5,20210212,142500,0.132,0.132,0.132,0.132,10000,0
ASA,5,20210212,143500,0.132,0.132,0.132,0.132,6025,0
ASA,5,20210212,144000,0.133,0.133,0.129,0.129,116641,0
ASA,5,20210212,144500,0.128,0.128,0.128,0.128,50411,0
ASA,5,20210212,150000,0.132,0.132,0.132,0.132,10538,0
ASA,5,20210212,150500,0.132,0.132,0.132,0.132,50000,0
ASA,5,20210212,151500,0.128,0.128,0.128,0.128,55866,0
ASA,5,20210212,152500,0.128,0.128,0.127,0.127,13400,0
ASA,5,20210212,153000,0.13,0.132,0.13,0.131,114000,0
ASA,5,20210212,153500,0.128,0.131,0.128,0.131,23000,0
ASA,5,20210212,160000,0.131,0.131,0.131,0.131,1,0
ASA,5,20210212,160500,0.128,0.128,0.127,0.128,50000,0
ASA,5,20210212,161000,0.128,0.13,0.127,0.13,61000,0
ASA,5,20210212,161500,0.129,0.129,0.129,0.129,10000,0
ASA,5,20210212,163500,0.129,0.129,0.129,0.129,10000,0
ASA,5,20210212,164500,0.13,0.131,0.13,0.131,2555,0
ASA,5,20210215,090000,0.131,0.134,0.131,0.134,18194,0
ASA,5,20210215,090500,0.131,0.131,0.128,0.128,14336,0
ASA,5,20210215,091000,0.128,0.13,0.128,0.13,15734,0
ASA,5,20210215,092000,0.131,0.133,0.131,0.133,40010,0
ASA,5,20210215,092500,0.131,0.131,0.131,0.131,7700,0
ASA,5,20210215,094500,0.133,0.133,0.133,0.133,30000,0
ASA,5,20210215,100000,0.131,0.131,0.131,0.131,42300,0
ASA,5,20210215,100500,0.13,0.13,0.13,0.13,7714,0
ASA,5,20210215,101500,0.131,0.131,0.13,0.13,16186,0
ASA,5,20210215,103000,0.131,0.131,0.131,0.131,40000,0
ASA,5,20210215,104000,0.131,0.131,0.131,0.131,1000,0
ASA,5,20210215,104500,0.13,0.13,0.13,0.13,30100,0
ASA,5,20210215,105500,0.13,0.13,0.13,0.13,11990,0
ASA,5,20210215,110000,0.131,0.131,0.131,0.131,21000,0
ASA,5,20210215,110500,0.131,0.131,0.131,0.131,100,0
ASA,5,20210215,111000,0.131,0.131,0.131,0.131,2900,0
ASA,5,20210215,111500,0.132,0.132,0.132,0.132,360,0
ASA,5,20210215,112000,0.133,0.133,0.133,0.133,9000,0
ASA,5,20210215,112500,0.133,0.133,0.133,0.133,2000,0
ASA,5,20210215,113000,0.131,0.131,0.131,0.131,11490,0
ASA,5,20210215,113500,0.133,0.133,0.133,0.133,1,0
ASA,5,20210215,122500,0.132,0.132,0.132,0.132,1,0
ASA,5,20210215,124500,0.131,0.131,0.13,0.13,47290,0
ASA,5,20210215,125500,0.13,0.13,0.13,0.13,2000,0
ASA,5,20210215,130000,0.133,0.133,0.133,0.133,19000,0
ASA,5,20210215,130500,0.13,0.13,0.13,0.13,19798,0
ASA,5,20210215,135000,0.132,0.132,0.132,0.132,57466,0
ASA,5,20210215,135500,0.132,0.132,0.132,0.132,22174,0
ASA,5,20210215,141000,0.133,0.133,0.133,0.133,6000,0
ASA,5,20210215,142000,0.13,0.13,0.13,0.13,51000,0
ASA,5,20210215,142500,0.13,0.13,0.13,0.13,6000,0
ASA,5,20210215,143000,0.13,0.13,0.129,0.129,26075,0
ASA,5,20210215,144000,0.13,0.13,0.13,0.13,12284,0
ASA,5,20210215,151000,0.13,0.13,0.13,0.13,30530,0
ASA,5,20210215,152000,0.13,0.13,0.13,0.13,6190,0
ASA,5,20210215,152500,0.13,0.131,0.13,0.13,14310,0
ASA,5,20210215,153500,0.129,0.129,0.129,0.129,3000,0
ASA,5,20210215,154000,0.129,0.129,0.128,0.128,81680,0
ASA,5,20210215,154500,0.129,0.129,0.129,0.129,10000,0
ASA,5,20210215,155000,0.129,0.129,0.129,0.129,10000,0
ASA,5,20210215,160000,0.129,0.129,0.129,0.129,7920,0
ASA,5,20210215,161000,0.129,0.129,0.129,0.129,2580,0
ASA,5,20210215,162500,0.131,0.131,0.131,0.131,4000,0
ASA,5,20210215,164500,0.13,0.131,0.13,0.13,30760,0
ASA,5,20210216,090000,0.126,0.129,0.11,0.115,912520,0
ASA,5,20210216,090500,0.12,0.122,0.12,0.12,53251,0
ASA,5,20210216,091000,0.121,0.121,0.12,0.12,136580,0
ASA,5,20210216,091500,0.118,0.119,0.116,0.118,335745,0
ASA,5,20210216,092000,0.119,0.119,0.119,0.119,11000,0
ASA,5,20210216,092500,0.119,0.124,0.119,0.124,149193,0
ASA,5,20210216,093000,0.122,0.124,0.122,0.124,21660,0
ASA,5,20210216,094500,0.124,0.124,0.124,0.124,7196,0
ASA,5,20210216,095000,0.122,0.122,0.122,0.122,36759,0
ASA,5,20210216,095500,0.122,0.122,0.12,0.12,13144,0
ASA,5,20210216,100000,0.12,0.12,0.118,0.118,147613,0
ASA,5,20210216,100500,0.117,0.118,0.117,0.118,85968,0
ASA,5,20210216,101000,0.118,0.118,0.118,0.118,38924,0
ASA,5,20210216,101500,0.118,0.118,0.118,0.118,1076,0
ASA,5,20210216,102000,0.118,0.118,0.117,0.117,132979,0
ASA,5,20210216,102500,0.117,0.117,0.117,0.117,2000,0
ASA,5,20210216,103000,0.119,0.119,0.119,0.119,2600,0
ASA,5,20210216,103500,0.119,0.119,0.119,0.119,10665,0
ASA,5,20210216,105000,0.119,0.119,0.119,0.119,2989,0
ASA,5,20210216,105500,0.119,0.119,0.119,0.119,5811,0
ASA,5,20210216,110500,0.119,0.119,0.119,0.119,2500,0
ASA,5,20210216,111000,0.119,0.119,0.119,0.119,13500,0
ASA,5,20210216,112000,0.119,0.119,0.119,0.119,1000,0
ASA,5,20210216,112500,0.119,0.12,0.119,0.12,17128,0
ASA,5,20210216,113000,0.119,0.12,0.119,0.12,32814,0
ASA,5,20210216,113500,0.119,0.119,0.119,0.119,64005,0
ASA,5,20210216,114000,0.12,0.12,0.12,0.12,10000,0
ASA,5,20210216,114500,0.12,0.121,0.12,0.121,39570,0
ASA,5,20210216,115000,0.121,0.124,0.121,0.124,71792,0
ASA,5,20210216,115500,0.124,0.124,0.124,0.124,13264,0
ASA,5,20210216,120000,0.123,0.123,0.12,0.12,21000,0
ASA,5,20210216,120500,0.12,0.12,0.12,0.12,30103,0
ASA,5,20210216,121000,0.12,0.12,0.12,0.12,649,0
ASA,5,20210216,122500,0.12,0.12,0.12,0.12,30000,0
ASA,5,20210216,123000,0.123,0.123,0.123,0.123,14000,0
ASA,5,20210216,124000,0.124,0.124,0.124,0.124,9000,0
ASA,5,20210216,132000,0.124,0.124,0.124,0.124,200,0
ASA,5,20210216,132500,0.124,0.124,0.124,0.124,10000,0
ASA,5,20210216,133000,0.124,0.132,0.124,0.132,362669,0
ASA,5,20210216,133500,0.132,0.132,0.132,0.132,47000,0
ASA,5,20210216,134500,0.131,0.132,0.131,0.132,16500,0
ASA,5,20210216,135000,0.131,0.131,0.13,0.13,68000,0
ASA,5,20210216,135500,0.13,0.13,0.13,0.13,35098,0
ASA,5,20210216,140500,0.128,0.128,0.128,0.128,20000,0
ASA,5,20210216,141000,0.129,0.129,0.129,0.129,10000,0
ASA,5,20210216,142000,0.13,0.13,0.13,0.13,12351,0
ASA,5,20210216,142500,0.131,0.132,0.131,0.132,8871,0
ASA,5,20210216,143500,0.131,0.131,0.13,0.13,34506,0
ASA,5,20210216,144500,0.132,0.132,0.132,0.132,1,0
ASA,5,20210216,145000,0.132,0.132,0.132,0.132,51663,0
ASA,5,20210216,145500,0.132,0.133,0.132,0.133,10141,0
ASA,5,20210216,150000,0.133,0.134,0.133,0.134,17969,0
ASA,5,20210216,152000,0.133,0.134,0.131,0.131,114630,0
ASA,5,20210216,152500,0.134,0.134,0.134,0.134,1,0
ASA,5,20210216,154000,0.133,0.134,0.133,0.134,59200,0
ASA,5,20210216,155000,0.134,0.134,0.134,0.134,1619,0
ASA,5,20210216,155500,0.134,0.134,0.134,0.134,25479,0
ASA,5,20210216,160500,0.134,0.135,0.134,0.135,77990,0
ASA,5,20210216,161000,0.136,0.137,0.136,0.137,30001,0
ASA,5,20210216,161500,0.137,0.138,0.137,0.138,55001,0
ASA,5,20210216,162000,0.136,0.137,0.136,0.136,35280,0
ASA,5,20210216,162500,0.136,0.136,0.136,0.136,100,0
ASA,5,20210216,163000,0.137,0.137,0.137,0.137,24500,0
ASA,5,20210216,163500,0.136,0.136,0.132,0.132,107620,0
ASA,5,20210216,164000,0.136,0.136,0.136,0.136,1,0
ASA,5,20210216,164500,0.134,0.136,0.133,0.136,10001,0
ASA,5,20210217,090000,0.135,0.135,0.135,0.135,17986,0
ASA,5,20210217,090500,0.135,0.135,0.134,0.134,8980,0
ASA,5,20210217,092000,0.134,0.134,0.129,0.129,131821,0
ASA,5,20210217,092500,0.13,0.135,0.13,0.135,37238,0
ASA,5,20210217,093500,0.135,0.135,0.135,0.135,10000,0
ASA,5,20210217,094000,0.135,0.138,0.135,0.136,20821,0
ASA,5,20210217,094500,0.137,0.138,0.137,0.138,5001,0
ASA,5,20210217,095000,0.136,0.136,0.136,0.136,27916,0
ASA,5,20210217,095500,0.138,0.138,0.138,0.138,1,0
ASA,5,20210217,100000,0.133,0.133,0.133,0.133,20000,0
ASA,5,20210217,100500,0.137,0.137,0.137,0.137,1,0
ASA,5,20210217,104000,0.136,0.136,0.136,0.136,1,0
ASA,5,20210217,105000,0.137,0.137,0.137,0.137,50000,0
ASA,5,20210217,110000,0.137,0.137,0.137,0.137,13555,0
ASA,5,20210217,111000,0.135,0.135,0.135,0.135,20000,0
ASA,5,20210217,113000,0.137,0.138,0.137,0.138,32555,0
ASA,5,20210217,113500,0.138,0.138,0.138,0.138,2942,0
ASA,5,20210217,114500,0.138,0.138,0.138,0.138,172772,0
ASA,5,20210217,115000,0.138,0.139,0.138,0.139,17114,0
ASA,5,20210217,115500,0.138,0.139,0.138,0.138,23111,0
ASA,5,20210217,120000,0.138,0.139,0.138,0.139,32740,0
ASA,5,20210217,121000,0.138,0.138,0.138,0.138,14430,0
ASA,5,20210217,123000,0.138,0.139,0.138,0.139,65681,0
ASA,5,20210217,124000,0.138,0.139,0.138,0.139,16811,0
ASA,5,20210217,124500,0.139,0.139,0.139,0.139,20000,0
ASA,5,20210217,125000,0.139,0.14,0.139,0.14,99012,0
ASA,5,20210217,130000,0.14,0.14,0.14,0.14,10000,0
ASA,5,20210217,130500,0.14,0.14,0.14,0.14,1000,0
ASA,5,20210217,131500,0.14,0.14,0.139,0.14,179136,0
ASA,5,20210217,132000,0.139,0.139,0.139,0.139,6000,0
ASA,5,20210217,132500,0.14,0.143,0.14,0.143,74129,0
ASA,5,20210217,133000,0.143,0.143,0.143,0.143,1000,0
ASA,5,20210217,133500,0.143,0.143,0.142,0.142,27300,0
ASA,5,20210217,134500,0.142,0.142,0.141,0.141,12022,0
ASA,5,20210217,135000,0.142,0.144,0.142,0.144,26438,0
ASA,5,20210217,135500,0.144,0.146,0.144,0.146,122591,0
ASA,5,20210217,140000,0.145,0.145,0.145,0.145,12521,0
ASA,5,20210217,140500,0.145,0.145,0.143,0.143,12250,0
ASA,5,20210217,141000,0.145,0.146,0.14,0.144,304050,0
ASA,5,20210217,141500,0.14,0.143,0.14,0.14,72200,0
ASA,5,20210217,142000,0.141,0.143,0.14,0.143,58000,0
ASA,5,20210217,142500,0.143,0.143,0.143,0.143,18500,0
ASA,5,20210217,143500,0.141,0.143,0.14,0.143,58867,0
ASA,5,20210217,144000,0.143,0.143,0.143,0.143,17482,0
ASA,5,20210217,144500,0.143,0.143,0.143,0.143,250,0
ASA,5,20210217,145000,0.143,0.143,0.143,0.143,2250,0
ASA,5,20210217,145500,0.143,0.143,0.143,0.143,12212,0
ASA,5,20210217,150500,0.143,0.143,0.143,0.143,312,0
ASA,5,20210217,151000,0.144,0.144,0.144,0.144,8941,0
ASA,5,20210217,151500,0.143,0.143,0.143,0.143,1124,0
ASA,5,20210217,152500,0.141,0.141,0.14,0.14,72517,0
ASA,5,20210217,154000,0.14,0.14,0.14,0.14,34076,0
ASA,5,20210217,155000,0.14,0.14,0.14,0.14,52145,0
ASA,5,20210217,155500,0.14,0.14,0.139,0.139,18216,0
ASA,5,20210217,160500,0.139,0.139,0.139,0.139,10000,0
ASA,5,20210217,161000,0.138,0.138,0.138,0.138,1,0
ASA,5,20210217,162500,0.138,0.142,0.137,0.137,392400,0
ASA,5,20210217,163000,0.14,0.14,0.137,0.137,108296,0
ASA,5,20210217,163500,0.137,0.137,0.137,0.137,1704,0
ASA,5,20210217,164500,0.137,0.142,0.137,0.14,155665,0
ASA,5,20210218,090000,0.138,0.142,0.138,0.142,14402,0
ASA,5,20210218,090500,0.142,0.142,0.142,0.142,1800,0
ASA,5,20210218,092000,0.138,0.138,0.138,0.138,2000,0
ASA,5,20210218,093500,0.138,0.138,0.138,0.138,3000,0
ASA,5,20210218,094500,0.138,0.138,0.138,0.138,20000,0
ASA,5,20210218,095000,0.138,0.138,0.137,0.137,5500,0
ASA,5,20210218,095500,0.137,0.137,0.135,0.135,106000,0
ASA,5,20210218,100000,0.139,0.139,0.135,0.135,20001,0
ASA,5,20210218,102000,0.136,0.136,0.136,0.136,20000,0
ASA,5,20210218,103000,0.136,0.136,0.136,0.136,5000,0
ASA,5,20210218,103500,0.136,0.136,0.136,0.136,5000,0
ASA,5,20210218,104000,0.136,0.136,0.136,0.136,30000,0
ASA,5,20210218,104500,0.135,0.135,0.135,0.135,3000,0
ASA,5,20210218,105000,0.135,0.135,0.134,0.134,227640,0
ASA,5,20210218,105500,0.136,0.136,0.136,0.136,10000,0
ASA,5,20210218,111500,0.134,0.134,0.134,0.134,5000,0
ASA,5,20210218,112500,0.135,0.135,0.135,0.135,7030,0
ASA,5,20210218,113500,0.135,0.135,0.135,0.135,10000,0
ASA,5,20210218,114500,0.134,0.134,0.134,0.134,8000,0
ASA,5,20210218,115000,0.134,0.134,0.134,0.134,5000,0
ASA,5,20210218,115500,0.134,0.134,0.134,0.134,5000,0
ASA,5,20210218,120500,0.134,0.134,0.134,0.134,10000,0
ASA,5,20210218,121500,0.134,0.134,0.134,0.134,1500,0
ASA,5,20210218,122500,0.134,0.134,0.134,0.134,1621,0
ASA,5,20210218,123000,0.133,0.133,0.133,0.133,20000,0
ASA,5,20210218,123500,0.134,0.134,0.134,0.134,2500,0
ASA,5,20210218,124000,0.133,0.133,0.133,0.133,1879,0
ASA,5,20210218,125000,0.134,0.135,0.134,0.135,75798,0
ASA,5,20210218,125500,0.135,0.135,0.135,0.135,67171,0
ASA,5,20210218,131000,0.136,0.136,0.136,0.136,20100,0
ASA,5,20210218,134000,0.136,0.137,0.136,0.137,452,0
ASA,5,20210218,134500,0.137,0.138,0.135,0.138,19845,0
ASA,5,20210218,135000,0.138,0.138,0.138,0.138,1406,0
ASA,5,20210218,141000,0.136,0.138,0.136,0.138,41000,0
ASA,5,20210218,142000,0.138,0.138,0.134,0.137,12822,0
ASA,5,20210218,144000,0.133,0.133,0.133,0.133,4000,0
ASA,5,20210218,150500,0.135,0.135,0.135,0.135,416,0
ASA,5,20210218,153000,0.133,0.133,0.133,0.133,7950,0
ASA,5,20210218,154500,0.133,0.133,0.13,0.13,93716,0
ASA,5,20210218,155000,0.131,0.131,0.128,0.128,712397,0
ASA,5,20210218,160000,0.133,0.133,0.133,0.133,1,0
ASA,5,20210218,160500,0.133,0.133,0.133,0.133,11800,0
ASA,5,20210218,161500,0.132,0.133,0.132,0.133,10001,0
ASA,5,20210218,162500,0.133,0.133,0.133,0.133,24098,0
ASA,5,20210218,163000,0.131,0.131,0.13,0.13,16896,0
ASA,5,20210218,163500,0.13,0.132,0.13,0.132,16873,0
ASA,5,20210218,164000,0.13,0.13,0.13,0.13,5020,0
ASA,5,20210218,164500,0.13,0.13,0.13,0.13,34980,0
ASA,5,20210219,090000,0.134,0.134,0.13,0.13,37655,0
ASA,5,20210219,090500,0.13,0.13,0.13,0.13,11503,0
ASA,5,20210219,091000,0.128,0.128,0.128,0.128,50000,0
ASA,5,20210219,091500,0.129,0.129,0.128,0.128,35000,0
ASA,5,20210219,092000,0.129,0.134,0.129,0.134,12000,0
ASA,5,20210219,092500,0.127,0.127,0.127,0.127,200000,0
ASA,5,20210219,093000,0.128,0.128,0.127,0.127,47800,0
ASA,5,20210219,093500,0.126,0.126,0.124,0.124,216059,0
ASA,5,20210219,094500,0.127,0.127,0.127,0.127,21000,0
ASA,5,20210219,095000,0.125,0.127,0.124,0.124,357400,0
ASA,5,20210219,095500,0.124,0.128,0.123,0.123,76086,0
ASA,5,20210219,100000,0.124,0.124,0.124,0.124,138838,0
ASA,5,20210219,100500,0.124,0.124,0.124,0.124,71444,0
ASA,5,20210219,101000,0.124,0.128,0.124,0.128,28000,0
ASA,5,20210219,102000,0.125,0.126,0.123,0.126,33900,0
ASA,5,20210219,102500,0.129,0.129,0.129,0.129,1,0
ASA,5,20210219,105000,0.126,0.126,0.126,0.126,6000,0
ASA,5,20210219,110000,0.126,0.128,0.124,0.128,50001,0
ASA,5,20210219,110500,0.124,0.124,0.123,0.123,150593,0
ASA,5,20210219,111500,0.124,0.124,0.124,0.124,48699,0
ASA,5,20210219,113000,0.124,0.124,0.124,0.124,10000,0
ASA,5,20210219,113500,0.124,0.124,0.123,0.124,54458,0
ASA,5,20210219,114500,0.124,0.128,0.123,0.123,91161,0
ASA,5,20210219,115500,0.127,0.128,0.127,0.128,4450,0
ASA,5,20210219,121000,0.124,0.124,0.124,0.124,13000,0
ASA,5,20210219,121500,0.124,0.124,0.122,0.122,74269,0
ASA,5,20210219,122000,0.124,0.124,0.124,0.124,4008,0
ASA,5,20210219,122500,0.124,0.124,0.124,0.124,70,0
ASA,5,20210219,123500,0.124,0.124,0.124,0.124,8653,0
ASA,5,20210219,124500,0.122,0.122,0.122,0.122,2500,0
ASA,5,20210219,130000,0.124,0.124,0.124,0.124,14000,0
ASA,5,20210219,130500,0.128,0.128,0.126,0.126,6010,0
ASA,5,20210219,131500,0.124,0.127,0.12,0.127,500010,0
ASA,5,20210219,133000,0.122,0.126,0.118,0.118,633413,0
ASA,5,20210219,133500,0.121,0.121,0.118,0.118,75000,0
ASA,5,20210219,134000,0.12,0.12,0.119,0.119,169500,0
ASA,5,20210219,134500,0.12,0.12,0.119,0.12,25500,0
ASA,5,20210219,135000,0.12,0.121,0.118,0.118,156000,0
ASA,5,20210219,135500,0.119,0.119,0.117,0.119,122900,0
ASA,5,20210219,140000,0.119,0.119,0.119,0.119,2300,0
ASA,5,20210219,140500,0.119,0.12,0.119,0.12,31100,0
ASA,5,20210219,141000,0.12,0.12,0.12,0.12,24859,0
ASA,5,20210219,141500,0.12,0.122,0.12,0.122,88500,0
ASA,5,20210219,142000,0.122,0.122,0.121,0.121,79200,0
ASA,5,20210219,142500,0.12,0.121,0.12,0.121,60110,0
ASA,5,20210219,143000,0.121,0.121,0.12,0.12,12300,0
ASA,5,20210219,143500,0.121,0.121,0.121,0.121,10000,0
ASA,5,20210219,144000,0.121,0.122,0.121,0.122,1862,0
ASA,5,20210219,144500,0.121,0.121,0.121,0.121,8140,0
ASA,5,20210219,145000,0.121,0.121,0.121,0.121,6860,0
ASA,5,20210219,145500,0.122,0.122,0.121,0.121,25225,0
ASA,5,20210219,150000,0.121,0.123,0.121,0.121,90844,0
ASA,5,20210219,150500,0.123,0.123,0.123,0.123,11000,0
ASA,5,20210219,152000,0.122,0.122,0.122,0.122,10000,0
ASA,5,20210219,152500,0.122,0.122,0.122,0.122,11640,0
ASA,5,20210219,153500,0.121,0.123,0.121,0.123,29500,0
ASA,5,20210219,154000,0.123,0.123,0.12,0.12,57545,0
ASA,5,20210219,154500,0.12,0.12,0.12,0.12,8378,0
ASA,5,20210219,155000,0.12,0.12,0.12,0.12,28450,0
ASA,5,20210219,155500,0.12,0.122,0.12,0.122,18827,0
ASA,5,20210219,160000,0.122,0.122,0.122,0.122,3000,0
ASA,5,20210219,160500,0.122,0.122,0.122,0.122,3300,0
ASA,5,20210219,162000,0.122,0.122,0.122,0.122,3500,0
ASA,5,20210219,163500,0.122,0.122,0.122,0.122,2000,0
ASA,5,20210219,164500,0.122,0.122,0.122,0.122,95536,0
ASA,5,20210222,090000,0.124,0.124,0.124,0.124,6000,0
ASA,5,20210222,090500,0.126,0.126,0.126,0.126,3357,0
ASA,5,20210222,091500,0.124,0.124,0.122,0.122,31300,0
ASA,5,20210222,092000,0.121,0.122,0.121,0.122,4097,0
ASA,5,20210222,092500,0.122,0.122,0.122,0.122,3700,0
ASA,5,20210222,093000,0.122,0.122,0.121,0.121,64303,0
ASA,5,20210222,093500,0.121,0.123,0.121,0.123,18057,0
ASA,5,20210222,095000,0.122,0.122,0.122,0.122,7000,0
ASA,5,20210222,103000,0.122,0.122,0.122,0.122,23000,0
ASA,5,20210222,104500,0.122,0.123,0.122,0.123,10850,0
ASA,5,20210222,105000,0.123,0.123,0.123,0.123,29470,0
ASA,5,20210222,110000,0.123,0.123,0.123,0.123,9000,0
ASA,5,20210222,111000,0.121,0.121,0.121,0.121,20000,0
ASA,5,20210222,113500,0.123,0.123,0.123,0.123,2000,0
ASA,5,20210222,115000,0.121,0.121,0.12,0.12,40000,0
ASA,5,20210222,120500,0.12,0.12,0.12,0.12,38000,0
ASA,5,20210222,122000,0.122,0.122,0.122,0.122,57836,0
ASA,5,20210222,124000,0.124,0.124,0.124,0.124,3000,0
ASA,5,20210222,133000,0.122,0.122,0.122,0.122,20000,0
ASA,5,20210222,134000,0.121,0.121,0.121,0.121,24561,0
ASA,5,20210222,141000,0.122,0.122,0.122,0.122,930,0
ASA,5,20210222,141500,0.122,0.122,0.122,0.122,10000,0
ASA,5,20210222,145000,0.122,0.122,0.122,0.122,5250,0
ASA,5,20210222,150500,0.124,0.124,0.124,0.124,1,0
ASA,5,20210222,152500,0.122,0.122,0.122,0.122,3820,0
ASA,5,20210222,154000,0.12,0.12,0.119,0.119,94997,0
ASA,5,20210222,155000,0.122,0.122,0.122,0.122,1,0
ASA,5,20210222,160000,0.122,0.123,0.122,0.123,13079,0
ASA,5,20210222,160500,0.123,0.123,0.123,0.123,13000,0
ASA,5,20210222,162500,0.122,0.122,0.122,0.122,3921,0
ASA,5,20210222,163000,0.12,0.12,0.12,0.12,6079,0
ASA,5,20210222,164000,0.123,0.123,0.123,0.123,1,0
ASA,5,20210222,164500,0.123,0.123,0.123,0.123,987,0
ASA,5,20210223,090000,0.121,0.121,0.119,0.119,86500,0
ASA,5,20210223,090500,0.12,0.12,0.119,0.119,102560,0
ASA,5,20210223,091000,0.118,0.123,0.118,0.123,52501,0
ASA,5,20210223,092000,0.119,0.119,0.119,0.119,13700,0
ASA,5,20210223,094000,0.119,0.123,0.119,0.119,91200,0
ASA,5,20210223,094500,0.119,0.119,0.119,0.119,16177,0
ASA,5,20210223,095000,0.122,0.122,0.119,0.119,10977,0
ASA,5,20210223,095500,0.119,0.119,0.119,0.119,20000,0
ASA,5,20210223,100000,0.119,0.122,0.119,0.122,14022,0
ASA,5,20210223,101500,0.119,0.119,0.119,0.119,400,0
ASA,5,20210223,102500,0.121,0.121,0.121,0.121,1500,0
ASA,5,20210223,103500,0.121,0.121,0.121,0.121,1290,0
ASA,5,20210223,104000,0.12,0.12,0.12,0.12,4700,0
ASA,5,20210223,104500,0.12,0.12,0.12,0.12,26108,0
ASA,5,20210223,110000,0.121,0.121,0.121,0.121,10000,0
ASA,5,20210223,111500,0.121,0.121,0.121,0.121,1500,0
ASA,5,20210223,112000,0.121,0.121,0.121,0.121,1701,0
ASA,5,20210223,113500,0.121,0.121,0.121,0.121,100,0
ASA,5,20210223,114000,0.12,0.12,0.118,0.118,90000,0
ASA,5,20210223,114500,0.119,0.119,0.119,0.119,1800,0
ASA,5,20210223,120500,0.119,0.119,0.119,0.119,58683,0
ASA,5,20210223,122000,0.119,0.119,0.119,0.119,2500,0
ASA,5,20210223,123000,0.12,0.12,0.12,0.12,21255,0
ASA,5,20210223,124500,0.12,0.12,0.119,0.119,11000,0
ASA,5,20210223,130000,0.121,0.121,0.121,0.121,624,0
ASA,5,20210223,131500,0.119,0.119,0.118,0.118,17541,0
ASA,5,20210223,134500,0.119,0.119,0.119,0.119,8000,0
ASA,5,20210223,135000,0.121,0.121,0.118,0.118,2001,0
ASA,5,20210223,141000,0.119,0.119,0.118,0.118,2500,0
ASA,5,20210223,141500,0.12,0.12,0.12,0.12,8370,0
ASA,5,20210223,142000,0.12,0.12,0.12,0.12,8296,0
ASA,5,20210223,142500,0.12,0.12,0.12,0.12,1704,0
ASA,5,20210223,144500,0.12,0.12,0.118,0.118,27104,0
ASA,5,20210223,145000,0.118,0.12,0.118,0.12,118521,0
ASA,5,20210223,150500,0.117,0.117,0.117,0.117,90000,0
ASA,5,20210223,151500,0.117,0.117,0.117,0.117,2500,0
ASA,5,20210223,154000,0.117,0.117,0.117,0.117,41111,0
ASA,5,20210223,154500,0.116,0.116,0.116,0.116,20000,0
ASA,5,20210223,155000,0.116,0.116,0.116,0.116,5131,0
ASA,5,20210223,160000,0.116,0.117,0.115,0.115,105494,0
ASA,5,20210223,161000,0.118,0.118,0.118,0.118,1,0
ASA,5,20210223,161500,0.116,0.117,0.116,0.117,47855,0
ASA,5,20210223,162500,0.117,0.117,0.117,0.117,14000,0
ASA,5,20210223,163500,0.116,0.116,0.116,0.116,22354,0
ASA,5,20210223,164000,0.116,0.117,0.116,0.117,46001,0
ASA,5,20210223,164500,0.116,0.116,0.116,0.116,12955,0
ASA,5,20210224,090000,0.116,0.116,0.115,0.115,53421,0
ASA,5,20210224,091000,0.115,0.115,0.114,0.114,27269,0
ASA,5,20210224,091500,0.117,0.117,0.117,0.117,20000,0
ASA,5,20210224,092500,0.116,0.116,0.115,0.115,26698,0
ASA,5,20210224,093000,0.114,0.114,0.114,0.114,60637,0
ASA,5,20210224,093500,0.115,0.115,0.115,0.115,3302,0
ASA,5,20210224,094000,0.116,0.116,0.116,0.116,22876,0
ASA,5,20210224,095500,0.115,0.117,0.115,0.117,16094,0
ASA,5,20210224,100000,0.116,0.116,0.115,0.115,75650,0
ASA,5,20210224,101500,0.115,0.116,0.115,0.116,45500,0
ASA,5,20210224,102500,0.115,0.115,0.115,0.115,6000,0
ASA,5,20210224,105000,0.116,0.116,0.116,0.116,15000,0
ASA,5,20210224,105500,0.116,0.116,0.116,0.116,10000,0
ASA,5,20210224,110500,0.116,0.116,0.116,0.116,8078,0
ASA,5,20210224,111500,0.116,0.116,0.116,0.116,25000,0
ASA,5,20210224,112500,0.116,0.117,0.116,0.117,37450,0
ASA,5,20210224,114500,0.117,0.117,0.117,0.117,2500,0
ASA,5,20210224,123500,0.115,0.115,0.115,0.115,4674,0
ASA,5,20210224,124000,0.117,0.117,0.115,0.115,29270,0
ASA,5,20210224,132500,0.117,0.117,0.117,0.117,1,0
ASA,5,20210224,133000,0.117,0.117,0.117,0.117,1000,0
ASA,5,20210224,134000,0.117,0.118,0.117,0.118,1904,0
ASA,5,20210224,135000,0.117,0.117,0.117,0.117,97,0
ASA,5,20210224,141500,0.116,0.116,0.115,0.115,13603,0
ASA,5,20210224,142500,0.115,0.115,0.115,0.115,5800,0
ASA,5,20210224,143000,0.115,0.115,0.115,0.115,3839,0
ASA,5,20210224,143500,0.115,0.115,0.115,0.115,1700,0
ASA,5,20210224,145000,0.116,0.117,0.116,0.117,13000,0
ASA,5,20210224,145500,0.115,0.115,0.115,0.115,2600,0
ASA,5,20210224,152000,0.115,0.115,0.115,0.115,105286,0
ASA,5,20210224,152500,0.116,0.116,0.116,0.116,24999,0
ASA,5,20210224,153000,0.115,0.117,0.114,0.117,27001,0
ASA,5,20210224,154500,0.114,0.116,0.114,0.116,91402,0
ASA,5,20210224,160000,0.116,0.116,0.116,0.116,53931,0
ASA,5,20210224,161500,0.117,0.117,0.117,0.117,1,0
ASA,5,20210224,165500,0.117,0.117,0.117,0.117,2000,0
ASA,5,20210225,090000,0.119,0.119,0.119,0.119,1,0
ASA,5,20210225,091500,0.116,0.116,0.116,0.116,20000,0
ASA,5,20210225,092000,0.119,0.119,0.116,0.116,75496,0
ASA,5,20210225,093000,0.118,0.118,0.118,0.118,1000,0
ASA,5,20210225,095000,0.118,0.118,0.118,0.118,19876,0
ASA,5,20210225,095500,0.119,0.121,0.119,0.121,80303,0
ASA,5,20210225,100000,0.121,0.123,0.121,0.123,27900,0
ASA,5,20210225,102000,0.12,0.12,0.12,0.12,15000,0
ASA,5,20210225,105500,0.12,0.12,0.117,0.117,61940,0
ASA,5,20210225,110000,0.117,0.117,0.117,0.117,20000,0
ASA,5,20210225,110500,0.117,0.117,0.117,0.117,6160,0
ASA,5,20210225,111000,0.121,0.121,0.121,0.121,1,0
ASA,5,20210225,111500,0.121,0.121,0.121,0.121,4000,0
ASA,5,20210225,113000,0.12,0.12,0.12,0.12,3000,0
ASA,5,20210225,124500,0.118,0.119,0.118,0.119,13501,0
ASA,5,20210225,125500,0.117,0.117,0.115,0.115,43133,0
ASA,5,20210225,131500,0.119,0.119,0.119,0.119,1,0
ASA,5,20210225,133000,0.115,0.115,0.115,0.115,3900,0
ASA,5,20210225,134000,0.115,0.115,0.115,0.115,50000,0
ASA,5,20210225,134500,0.115,0.115,0.114,0.114,50000,0
ASA,5,20210225,140000,0.117,0.117,0.117,0.117,30000,0
ASA,5,20210225,143000,0.117,0.117,0.116,0.116,10000,0
ASA,5,20210225,144500,0.118,0.118,0.118,0.118,2500,0
ASA,5,20210225,150000,0.116,0.116,0.115,0.115,53618,0
ASA,5,20210225,151000,0.118,0.118,0.118,0.118,7000,0
ASA,5,20210225,155000,0.118,0.118,0.118,0.118,2500,0
ASA,5,20210225,155500,0.115,0.115,0.115,0.115,50000,0
ASA,5,20210225,160000,0.118,0.118,0.118,0.118,1,0
ASA,5,20210225,164500,0.115,0.115,0.115,0.115,50000,0
ASA,5,20210226,090000,0.117,0.117,0.117,0.117,8000,0
ASA,5,20210226,090500,0.115,0.115,0.115,0.115,12500,0
ASA,5,20210226,091500,0.115,0.115,0.114,0.114,10300,0
ASA,5,20210226,092000,0.113,0.116,0.113,0.116,3201,0
ASA,5,20210226,093500,0.115,0.115,0.115,0.115,2200,0
ASA,5,20210226,095500,0.114,0.114,0.114,0.114,24999,0
ASA,5,20210226,100000,0.113,0.113,0.113,0.113,1000,0
ASA,5,20210226,100500,0.113,0.113,0.113,0.113,2000,0
ASA,5,20210226,103500,0.113,0.113,0.113,0.113,10000,0
ASA,5,20210226,105000,0.115,0.115,0.115,0.115,47182,0
ASA,5,20210226,105500,0.115,0.115,0.115,0.115,22000,0
ASA,5,20210226,114000,0.115,0.115,0.115,0.115,9580,0
ASA,5,20210226,123000,0.115,0.115,0.115,0.115,420,0
ASA,5,20210226,123500,0.116,0.116,0.116,0.116,10000,0
ASA,5,20210226,124000,0.115,0.116,0.114,0.116,24346,0
ASA,5,20210226,130500,0.114,0.114,0.114,0.114,101845,0
ASA,5,20210226,131500,0.115,0.115,0.115,0.115,4211,0
ASA,5,20210226,132000,0.115,0.115,0.115,0.115,15789,0
ASA,5,20210226,140500,0.114,0.114,0.114,0.114,18010,0
ASA,5,20210226,142000,0.116,0.116,0.116,0.116,1,0
ASA,5,20210226,144500,0.113,0.113,0.113,0.113,4954,0
ASA,5,20210226,145000,0.116,0.116,0.116,0.116,1,0
ASA,5,20210226,154500,0.113,0.113,0.113,0.113,10000,0
ASA,5,20210226,155500,0.115,0.115,0.115,0.115,599,0
ASA,5,20210226,160500,0.115,0.115,0.115,0.115,1700,0
ASA,5,20210226,163500,0.115,0.115,0.115,0.115,111,0
ASA,5,20210226,164000,0.115,0.116,0.114,0.114,3071,0
ASA,5,20210226,164500,0.114,0.116,0.114,0.116,21680,0
ASA,5,20210301,090000,0.114,0.114,0.112,0.112,51188,0
ASA,5,20210301,092500,0.117,0.117,0.117,0.117,1,0
ASA,5,20210301,093500,0.113,0.113,0.113,0.113,30284,0
ASA,5,20210301,094500,0.113,0.113,0.113,0.113,10000,0
ASA,5,20210301,095500,0.113,0.113,0.113,0.113,4000,0
ASA,5,20210301,101000,0.116,0.116,0.116,0.116,4,0
ASA,5,20210301,102500,0.114,0.114,0.114,0.114,23000,0
ASA,5,20210301,103500,0.115,0.115,0.115,0.115,961,0
ASA,5,20210301,105500,0.114,0.114,0.114,0.114,32030,0
ASA,5,20210301,110000,0.115,0.115,0.115,0.115,9039,0
ASA,5,20210301,111000,0.115,0.115,0.115,0.115,5961,0
ASA,5,20210301,112000,0.114,0.114,0.113,0.113,28539,0
ASA,5,20210301,112500,0.113,0.113,0.111,0.111,100000,0
ASA,5,20210301,113000,0.116,0.116,0.116,0.116,1,0
ASA,5,20210301,114500,0.111,0.111,0.111,0.111,14880,0
ASA,5,20210301,115000,0.115,0.115,0.115,0.115,120000,0
ASA,5,20210301,122000,0.114,0.114,0.114,0.114,22000,0
ASA,5,20210301,122500,0.114,0.114,0.114,0.114,3087,0
ASA,5,20210301,123000,0.116,0.116,0.116,0.116,60913,0
ASA,5,20210301,124500,0.116,0.116,0.116,0.116,13800,0
ASA,5,20210301,125500,0.116,0.116,0.116,0.116,47282,0
ASA,5,20210301,130500,0.116,0.117,0.116,0.116,37829,0
ASA,5,20210301,131000,0.116,0.117,0.116,0.117,3500,0
ASA,5,20210301,133000,0.117,0.117,0.117,0.117,20000,0
ASA,5,20210301,134000,0.117,0.117,0.117,0.117,15000,0
ASA,5,20210301,140000,0.117,0.117,0.117,0.117,34000,0
ASA,5,20210301,140500,0.117,0.117,0.117,0.117,2000,0
ASA,5,20210301,153000,0.116,0.116,0.116,0.116,9926,0
ASA,5,20210301,153500,0.116,0.116,0.116,0.116,20000,0
ASA,5,20210301,154000,0.116,0.116,0.116,0.116,18421,0
ASA,5,20210301,154500,0.117,0.117,0.117,0.117,10000,0
ASA,5,20210301,155000,0.117,0.117,0.115,0.115,34200,0
ASA,5,20210301,155500,0.117,0.117,0.117,0.117,10542,0
ASA,5,20210301,160000,0.119,0.119,0.119,0.119,1,0
ASA,5,20210301,162000,0.119,0.119,0.119,0.119,21000,0
ASA,5,20210301,164500,0.118,0.118,0.118,0.118,450,0
ASA,5,20210302,090000,0.119,0.119,0.119,0.119,15802,0
ASA,5,20210302,092500,0.119,0.119,0.119,0.119,2000,0
ASA,5,20210302,093000,0.117,0.117,0.117,0.117,13177,0
ASA,5,20210302,093500,0.119,0.119,0.119,0.119,1000,0
ASA,5,20210302,094000,0.119,0.119,0.119,0.119,36598,0
ASA,5,20210302,094500,0.119,0.119,0.119,0.119,21000,0
ASA,5,20210302,095000,0.12,0.12,0.12,0.12,25000,0
ASA,5,20210302,095500,0.121,0.125,0.121,0.125,180124,0
ASA,5,20210302,100000,0.124,0.125,0.123,0.123,167014,0
ASA,5,20210302,100500,0.121,0.121,0.119,0.119,85532,0
ASA,5,20210302,101000,0.123,0.124,0.123,0.124,20001,0
ASA,5,20210302,101500,0.124,0.124,0.124,0.124,2419,0
ASA,5,20210302,102500,0.12,0.12,0.12,0.12,50000,0
ASA,5,20210302,103000,0.122,0.122,0.122,0.122,1,0
ASA,5,20210302,104000,0.122,0.122,0.122,0.122,10000,0
ASA,5,20210302,105000,0.122,0.122,0.122,0.122,14911,0
ASA,5,20210302,105500,0.122,0.122,0.122,0.122,40088,0
ASA,5,20210302,111000,0.12,0.12,0.12,0.12,40138,0
ASA,5,20210302,113000,0.12,0.12,0.12,0.12,1812,0
ASA,5,20210302,114000,0.119,0.119,0.119,0.119,9000,0
ASA,5,20210302,114500,0.119,0.119,0.119,0.119,30000,0
ASA,5,20210302,115000,0.119,0.12,0.119,0.12,38125,0
ASA,5,20210302,115500,0.123,0.123,0.123,0.123,123,0
ASA,5,20210302,120000,0.122,0.122,0.122,0.122,10196,0
ASA,5,20210302,124000,0.12,0.12,0.12,0.12,10000,0
ASA,5,20210302,124500,0.122,0.122,0.122,0.122,19000,0
ASA,5,20210302,125000,0.122,0.122,0.122,0.122,5200,0
ASA,5,20210302,125500,0.122,0.122,0.122,0.122,4434,0
ASA,5,20210302,130500,0.123,0.123,0.123,0.123,22320,0
ASA,5,20210302,131500,0.123,0.123,0.123,0.123,7557,0
ASA,5,20210302,132000,0.124,0.124,0.124,0.124,66500,0
ASA,5,20210302,133000,0.124,0.124,0.124,0.124,15782,0
ASA,5,20210302,133500,0.124,0.124,0.124,0.124,20000,0
ASA,5,20210302,134000,0.125,0.125,0.125,0.125,111,0
ASA,5,20210302,134500,0.125,0.125,0.125,0.125,30000,0
ASA,5,20210302,140500,0.124,0.125,0.124,0.125,20000,0
ASA,5,20210302,142000,0.123,0.123,0.123,0.123,745,0
ASA,5,20210302,143000,0.123,0.123,0.123,0.123,10255,0
ASA,5,20210302,144000,0.124,0.124,0.124,0.124,15289,0
ASA,5,20210302,150000,0.124,0.124,0.124,0.124,15000,0
ASA,5,20210302,152000,0.123,0.124,0.12,0.124,66110,0
ASA,5,20210302,152500,0.124,0.124,0.124,0.124,1000,0
ASA,5,20210302,153000,0.121,0.121,0.121,0.121,6000,0
ASA,5,20210302,155500,0.12,0.12,0.12,0.12,25590,0
ASA,5,20210302,160000,0.119,0.119,0.119,0.119,1,0
ASA,5,20210302,160500,0.123,0.123,0.123,0.123,1,0
ASA,5,20210302,161500,0.123,0.123,0.123,0.123,1000,0
ASA,5,20210302,163500,0.123,0.123,0.123,0.123,10000,0
ASA,5,20210302,164500,0.123,0.124,0.123,0.124,24096,0
ASA,5,20210303,090000,0.124,0.124,0.124,0.124,2500,0
ASA,5,20210303,091500,0.124,0.124,0.124,0.124,18698,0
ASA,5,20210303,092500,0.124,0.124,0.124,0.124,1050,0
ASA,5,20210303,093500,0.124,0.126,0.124,0.126,5251,0
ASA,5,20210303,094000,0.124,0.124,0.124,0.124,450,0
ASA,5,20210303,095000,0.124,0.124,0.123,0.123,9216,0
ASA,5,20210303,095500,0.123,0.127,0.123,0.127,24000,0
ASA,5,20210303,101000,0.122,0.126,0.122,0.126,4290,0
ASA,5,20210303,101500,0.125,0.125,0.125,0.125,12000,0
ASA,5,20210303,103000,0.125,0.125,0.125,0.125,1000,0
ASA,5,20210303,103500,0.125,0.125,0.125,0.125,9000,0
ASA,5,20210303,110500,0.123,0.123,0.12,0.12,52920,0
ASA,5,20210303,111000,0.125,0.126,0.12,0.126,35001,0
ASA,5,20210303,111500,0.124,0.124,0.124,0.124,10000,0
ASA,5,20210303,114000,0.12,0.12,0.12,0.12,342,0
ASA,5,20210303,115000,0.12,0.12,0.12,0.12,49658,0
ASA,5,20210303,115500,0.12,0.12,0.118,0.118,26662,0
ASA,5,20210303,121000,0.118,0.118,0.118,0.118,22583,0
ASA,5,20210303,121500,0.118,0.118,0.118,0.118,5000,0
ASA,5,20210303,122000,0.118,0.118,0.118,0.118,9417,0
ASA,5,20210303,131500,0.12,0.12,0.12,0.12,2000,0
ASA,5,20210303,133000,0.12,0.12,0.12,0.12,8100,0
ASA,5,20210303,142500,0.12,0.12,0.118,0.118,29274,0
ASA,5,20210303,143000,0.122,0.122,0.118,0.118,3530,0
ASA,5,20210303,143500,0.122,0.124,0.122,0.124,38102,0
ASA,5,20210303,150000,0.118,0.122,0.118,0.122,13001,0
ASA,5,20210303,151000,0.118,0.118,0.118,0.118,752,0
ASA,5,20210303,151500,0.118,0.118,0.118,0.118,248,0
ASA,5,20210303,152000,0.12,0.12,0.12,0.12,2000,0
ASA,5,20210303,154500,0.118,0.123,0.118,0.123,36123,0
ASA,5,20210303,162500,0.118,0.118,0.117,0.117,30000,0
ASA,5,20210303,163000,0.121,0.121,0.121,0.121,100,0
ASA,5,20210303,164000,0.12,0.12,0.12,0.12,1,0
ASA,5,20210303,164500,0.117,0.12,0.117,0.12,30001,0
ASA,5,20210304,090000,0.12,0.123,0.118,0.123,57119,0
ASA,5,20210304,090500,0.12,0.122,0.12,0.122,50904,0
ASA,5,20210304,091000,0.12,0.12,0.12,0.12,4000,0
ASA,5,20210304,091500,0.12,0.12,0.12,0.12,50000,0
ASA,5,20210304,092000,0.121,0.121,0.121,0.121,8500,0
ASA,5,20210304,092500,0.121,0.121,0.12,0.12,2181,0
ASA,5,20210304,093500,0.117,0.12,0.115,0.116,132001,0
ASA,5,20210304,094000,0.116,0.116,0.116,0.116,4044,0
ASA,5,20210304,094500,0.116,0.116,0.116,0.116,175956,0
ASA,5,20210304,095500,0.117,0.12,0.117,0.12,8589,0
ASA,5,20210304,100000,0.121,0.121,0.121,0.121,4300,0
ASA,5,20210304,100500,0.12,0.12,0.12,0.12,2000,0
ASA,5,20210304,101000,0.12,0.12,0.12,0.12,155182,0
ASA,5,20210304,102000,0.12,0.12,0.12,0.12,5000,0
ASA,5,20210304,103000,0.12,0.12,0.12,0.12,2000,0
ASA,5,20210304,103500,0.119,0.119,0.119,0.119,11229,0
ASA,5,20210304,104000,0.118,0.12,0.118,0.12,191879,0
ASA,5,20210304,110000,0.12,0.12,0.12,0.12,10000,0
ASA,5,20210304,111500,0.12,0.12,0.12,0.12,5500,0
ASA,5,20210304,112500,0.12,0.12,0.12,0.12,2000,0
ASA,5,20210304,114000,0.12,0.12,0.12,0.12,3958,0
ASA,5,20210304,115500,0.12,0.12,0.12,0.12,10000,0
ASA,5,20210304,121500,0.12,0.12,0.12,0.12,10000,0
ASA,5,20210304,123000,0.12,0.12,0.12,0.12,17000,0
ASA,5,20210304,125500,0.118,0.118,0.118,0.118,12000,0
ASA,5,20210304,130000,0.118,0.118,0.118,0.118,8500,0
ASA,5,20210304,133500,0.119,0.12,0.119,0.12,10483,0
ASA,5,20210304,135500,0.12,0.12,0.12,0.12,10000,0
ASA,5,20210304,142000,0.12,0.12,0.12,0.12,50000,0
ASA,5,20210304,145000,0.121,0.121,0.121,0.121,700,0
ASA,5,20210304,152500,0.121,0.122,0.121,0.122,53034,0
ASA,5,20210304,154500,0.122,0.122,0.122,0.122,500,0
ASA,5,20210304,155000,0.122,0.122,0.122,0.122,1000,0
ASA,5,20210304,155500,0.122,0.122,0.122,0.122,19385,0
ASA,5,20210304,161500,0.124,0.124,0.124,0.124,12000,0
ASA,5,20210304,164000,0.123,0.125,0.123,0.125,97000,0
ASA,5,20210304,164500,0.125,0.127,0.125,0.127,82899,0
ASA,5,20210305,090000,0.122,0.126,0.122,0.126,13200,0
ASA,5,20210305,092500,0.124,0.124,0.124,0.124,3120,0
ASA,5,20210305,094000,0.124,0.124,0.121,0.124,116880,0
ASA,5,20210305,094500,0.126,0.126,0.126,0.126,2888,0
ASA,5,20210305,095000,0.126,0.127,0.124,0.124,33040,0
ASA,5,20210305,100000,0.127,0.127,0.127,0.127,111,0
ASA,5,20210305,101000,0.126,0.127,0.126,0.127,110500,0
ASA,5,20210305,101500,0.127,0.127,0.127,0.127,555,0
ASA,5,20210305,102000,0.127,0.127,0.127,0.127,907,0
ASA,5,20210305,102500,0.126,0.126,0.126,0.126,10558,0
ASA,5,20210305,105000,0.125,0.125,0.125,0.125,5161,0
ASA,5,20210305,105500,0.125,0.125,0.125,0.125,47425,0
ASA,5,20210305,110000,0.126,0.126,0.125,0.125,47755,0
ASA,5,20210305,111500,0.125,0.126,0.125,0.126,13687,0
ASA,5,20210305,113000,0.126,0.126,0.126,0.126,8000,0
ASA,5,20210305,113500,0.126,0.126,0.126,0.126,4657,0
ASA,5,20210305,114000,0.126,0.127,0.126,0.127,9013,0
ASA,5,20210305,125000,0.126,0.127,0.126,0.127,18000,0
ASA,5,20210305,125500,0.125,0.125,0.125,0.125,14800,0
ASA,5,20210305,133000,0.123,0.123,0.122,0.122,73000,0
ASA,5,20210305,133500,0.126,0.126,0.126,0.126,123,0
ASA,5,20210305,143500,0.126,0.127,0.126,0.127,40000,0
ASA,5,20210305,144500,0.127,0.127,0.127,0.127,36618,0
ASA,5,20210305,145500,0.127,0.127,0.127,0.127,2500,0
ASA,5,20210305,151500,0.127,0.127,0.127,0.127,2496,0
ASA,5,20210305,164500,0.126,0.126,0.126,0.126,12000,0
ASA,5,20210308,090000,0.126,0.126,0.126,0.126,8400,0
ASA,5,20210308,090500,0.126,0.126,0.126,0.126,3100,0
ASA,5,20210308,091000,0.126,0.126,0.124,0.124,54616,0
ASA,5,20210308,091500,0.127,0.127,0.124,0.127,75123,0
ASA,5,20210308,092000,0.126,0.126,0.126,0.126,15000,0
ASA,5,20210308,093000,0.126,0.127,0.126,0.127,8500,0
ASA,5,20210308,093500,0.127,0.127,0.127,0.127,100,0
ASA,5,20210308,094000,0.126,0.127,0.124,0.124,25000,0
ASA,5,20210308,095500,0.124,0.127,0.124,0.124,11163,0
ASA,5,20210308,100500,0.127,0.127,0.127,0.127,222,0
ASA,5,20210308,102000,0.127,0.127,0.127,0.127,12074,0
ASA,5,20210308,103500,0.125,0.125,0.124,0.124,40000,0
ASA,5,20210308,104000,0.126,0.126,0.126,0.126,20000,0
ASA,5,20210308,104500,0.126,0.126,0.126,0.126,3818,0
ASA,5,20210308,105000,0.126,0.126,0.126,0.126,2000,0
ASA,5,20210308,105500,0.126,0.126,0.126,0.126,600,0
ASA,5,20210308,111500,0.126,0.126,0.126,0.126,10000,0
ASA,5,20210308,113000,0.126,0.126,0.126,0.126,30548,0
ASA,5,20210308,113500,0.127,0.127,0.127,0.127,222,0
ASA,5,20210308,114500,0.126,0.126,0.126,0.126,4447,0
ASA,5,20210308,121000,0.126,0.126,0.126,0.126,5553,0
ASA,5,20210308,123500,0.127,0.127,0.126,0.126,7448,0
ASA,5,20210308,130000,0.126,0.126,0.126,0.126,12000,0
ASA,5,20210308,134000,0.126,0.126,0.125,0.125,7853,0
ASA,5,20210308,135500,0.125,0.125,0.125,0.125,4040,0
ASA,5,20210308,140500,0.127,0.127,0.127,0.127,123,0
ASA,5,20210308,150000,0.126,0.126,0.126,0.126,10000,0
ASA,5,20210308,150500,0.127,0.127,0.127,0.127,345,0
ASA,5,20210308,151000,0.126,0.126,0.126,0.126,18000,0
ASA,5,20210308,153500,0.127,0.127,0.127,0.127,1000,0
ASA,5,20210308,154500,0.127,0.127,0.127,0.127,183091,0
ASA,5,20210308,155000,0.128,0.129,0.128,0.129,8269,0
ASA,5,20210308,155500,0.129,0.13,0.129,0.13,103205,0
ASA,5,20210308,160000,0.131,0.134,0.131,0.134,247624,0
ASA,5,20210308,160500,0.131,0.131,0.13,0.13,47236,0
ASA,5,20210308,161000,0.132,0.133,0.132,0.133,5288,0
ASA,5,20210308,162000,0.132,0.134,0.132,0.134,48868,0
ASA,5,20210308,162500,0.13,0.13,0.13,0.13,1256,0
ASA,5,20210308,163000,0.132,0.132,0.132,0.132,18612,0
ASA,5,20210308,163500,0.131,0.134,0.131,0.134,28803,0
ASA,5,20210308,164000,0.134,0.134,0.133,0.134,87170,0
ASA,5,20210308,164500,0.134,0.137,0.134,0.137,210174,0
ASA,5,20210309,090000,0.132,0.134,0.131,0.131,220000,0
ASA,5,20210309,090500,0.131,0.131,0.131,0.131,29224,0
ASA,5,20210309,091000,0.133,0.133,0.131,0.132,95800,0
ASA,5,20210309,092000,0.133,0.133,0.131,0.133,43202,0
ASA,5,20210309,092500,0.132,0.132,0.132,0.132,840,0
ASA,5,20210309,094000,0.133,0.133,0.133,0.133,4500,0
ASA,5,20210309,094500,0.133,0.134,0.133,0.134,23000,0
ASA,5,20210309,095000,0.134,0.137,0.134,0.135,74386,0
ASA,5,20210309,100000,0.135,0.135,0.135,0.135,27000,0
ASA,5,20210309,100500,0.135,0.135,0.132,0.132,39693,0
ASA,5,20210309,101000,0.133,0.133,0.133,0.133,16807,0
ASA,5,20210309,101500,0.135,0.135,0.134,0.134,32869,0
ASA,5,20210309,103000,0.134,0.135,0.133,0.133,20000,0
ASA,5,20210309,103500,0.133,0.133,0.133,0.133,13193,0
ASA,5,20210309,104500,0.133,0.133,0.133,0.133,10000,0
ASA,5,20210309,110000,0.132,0.132,0.132,0.132,40000,0
ASA,5,20210309,110500,0.131,0.131,0.131,0.131,97293,0
ASA,5,20210309,112000,0.13,0.13,0.13,0.13,10000,0
ASA,5,20210309,112500,0.131,0.131,0.131,0.131,7000,0
ASA,5,20210309,113000,0.131,0.131,0.131,0.131,18952,0
ASA,5,20210309,113500,0.13,0.13,0.13,0.13,37321,0
ASA,5,20210309,115000,0.13,0.13,0.13,0.13,1700,0
ASA,5,20210309,120000,0.133,0.133,0.133,0.133,123,0
ASA,5,20210309,121000,0.133,0.133,0.133,0.133,2001,0
ASA,5,20210309,122500,0.131,0.131,0.13,0.13,50000,0
ASA,5,20210309,123500,0.133,0.133,0.133,0.133,123,0
ASA,5,20210309,124000,0.133,0.133,0.133,0.133,15000,0
ASA,5,20210309,130000,0.133,0.133,0.133,0.133,20000,0
ASA,5,20210309,131000,0.131,0.131,0.131,0.131,8486,0
ASA,5,20210309,131500,0.133,0.133,0.133,0.133,400,0
ASA,5,20210309,134000,0.131,0.133,0.131,0.133,37000,0
ASA,5,20210309,135000,0.131,0.131,0.131,0.131,15000,0
ASA,5,20210309,140000,0.133,0.133,0.133,0.133,7600,0
ASA,5,20210309,140500,0.133,0.133,0.133,0.133,9181,0
ASA,5,20210309,142000,0.132,0.133,0.132,0.133,7000,0
ASA,5,20210309,143500,0.133,0.133,0.133,0.133,29297,0
ASA,5,20210309,150500,0.134,0.134,0.134,0.134,1370,0
ASA,5,20210309,153500,0.134,0.134,0.134,0.134,10000,0
ASA,5,20210309,160000,0.133,0.134,0.132,0.134,21700,0
ASA,5,20210309,161000,0.134,0.134,0.134,0.134,2333,0
ASA,5,20210309,161500,0.134,0.134,0.13,0.13,222383,0
ASA,5,20210309,162000,0.132,0.132,0.132,0.132,123,0
ASA,5,20210309,163500,0.13,0.131,0.13,0.131,16203,0
ASA,5,20210309,164500,0.13,0.13,0.128,0.129,229365,0
ASA,5,20210309,165500,0.13,0.13,0.13,0.13,1331,0
ASA,5,20210310,090000,0.13,0.13,0.13,0.13,13000,0
ASA,5,20210310,090500,0.13,0.13,0.13,0.13,300,0
ASA,5,20210310,091500,0.129,0.129,0.129,0.129,3541,0
ASA,5,20210310,092500,0.13,0.132,0.13,0.132,15699,0
ASA,5,20210310,093000,0.132,0.132,0.129,0.129,14015,0
ASA,5,20210310,093500,0.129,0.129,0.129,0.129,899,0
ASA,5,20210310,095500,0.132,0.132,0.131,0.131,771,0
ASA,5,20210310,101000,0.13,0.13,0.13,0.13,1102,0
ASA,5,20210310,101500,0.129,0.129,0.128,0.128,46868,0
ASA,5,20210310,102000,0.128,0.128,0.128,0.128,770,0
ASA,5,20210310,103500,0.13,0.13,0.13,0.13,23898,0
ASA,5,20210310,110500,0.131,0.131,0.131,0.131,18346,0
ASA,5,20210310,112000,0.13,0.13,0.13,0.13,884,0
ASA,5,20210310,114500,0.131,0.131,0.131,0.131,2765,0
ASA,5,20210310,120000,0.129,0.129,0.128,0.128,14860,0
ASA,5,20210310,120500,0.128,0.128,0.128,0.128,10000,0
ASA,5,20210310,121500,0.128,0.128,0.126,0.126,155187,0
ASA,5,20210310,122000,0.127,0.13,0.124,0.13,116381,0
ASA,5,20210310,122500,0.13,0.13,0.13,0.13,1184,0
ASA,5,20210310,123000,0.125,0.125,0.125,0.125,30997,0
ASA,5,20210310,123500,0.125,0.125,0.124,0.124,70001,0
ASA,5,20210310,124000,0.126,0.126,0.124,0.124,8008,0
ASA,5,20210310,130000,0.127,0.127,0.127,0.127,1,0
ASA,5,20210310,131500,0.126,0.126,0.125,0.125,61087,0
ASA,5,20210310,132000,0.125,0.125,0.125,0.125,38000,0
ASA,5,20210310,132500,0.125,0.125,0.125,0.125,913,0
ASA,5,20210310,133000,0.127,0.127,0.127,0.127,999,0
ASA,5,20210310,133500,0.127,0.128,0.127,0.128,80000,0
ASA,5,20210310,135000,0.128,0.13,0.128,0.13,11000,0
ASA,5,20210310,141000,0.129,0.129,0.129,0.129,13407,0
ASA,5,20210310,144500,0.129,0.129,0.129,0.129,18000,0
ASA,5,20210310,155000,0.128,0.128,0.128,0.128,12400,0
ASA,5,20210310,155500,0.128,0.129,0.128,0.129,3472,0
ASA,5,20210310,160000,0.129,0.129,0.129,0.129,5000,0
ASA,5,20210310,160500,0.129,0.13,0.129,0.13,10000,0
ASA,5,20210310,162500,0.129,0.129,0.129,0.129,265,0
ASA,5,20210310,163000,0.127,0.127,0.127,0.127,18399,0
ASA,5,20210310,164000,0.129,0.129,0.129,0.129,111,0
ASA,5,20210311,090000,0.128,0.128,0.128,0.128,10500,0
ASA,5,20210311,091000,0.127,0.127,0.127,0.127,100000,0
ASA,5,20210311,091500,0.126,0.126,0.126,0.126,4331,0
ASA,5,20210311,092000,0.125,0.125,0.124,0.124,14750,0
ASA,5,20210311,092500,0.125,0.128,0.125,0.128,104000,0
ASA,5,20210311,093500,0.126,0.126,0.126,0.126,10000,0
ASA,5,20210311,094000,0.125,0.127,0.125,0.127,24624,0
ASA,5,20210311,100000,0.128,0.129,0.128,0.129,19339,0
ASA,5,20210311,101000,0.129,0.13,0.129,0.13,11828,0
ASA,5,20210311,102000,0.13,0.13,0.13,0.13,10000,0
ASA,5,20210311,102500,0.131,0.131,0.131,0.131,7000,0
ASA,5,20210311,104500,0.129,0.129,0.128,0.128,5151,0
ASA,5,20210311,105000,0.128,0.128,0.128,0.128,20000,0
ASA,5,20210311,105500,0.129,0.129,0.128,0.128,31000,0
ASA,5,20210311,110000,0.13,0.131,0.13,0.131,1100,0
ASA,5,20210311,111000,0.129,0.129,0.129,0.129,6000,0
ASA,5,20210311,113000,0.129,0.129,0.129,0.129,9000,0
ASA,5,20210311,114500,0.128,0.128,0.128,0.128,3000,0
ASA,5,20210311,115000,0.128,0.128,0.128,0.128,8047,0
ASA,5,20210311,120500,0.128,0.128,0.128,0.128,5000,0
ASA,5,20210311,123000,0.129,0.129,0.129,0.129,300,0
ASA,5,20210311,124500,0.128,0.128,0.128,0.128,1,0
ASA,5,20210311,131000,0.129,0.129,0.128,0.128,31465,0
ASA,5,20210311,132000,0.128,0.128,0.128,0.128,20000,0
ASA,5,20210311,133000,0.129,0.129,0.129,0.129,222,0
ASA,5,20210311,134500,0.127,0.127,0.127,0.127,10000,0
ASA,5,20210311,135000,0.128,0.128,0.128,0.128,10000,0
ASA,5,20210311,140000,0.128,0.128,0.128,0.128,10000,0
ASA,5,20210311,143000,0.128,0.128,0.128,0.128,3620,0
ASA,5,20210311,155500,0.127,0.127,0.127,0.127,10000,0
ASA,5,20210311,161000,0.127,0.127,0.127,0.127,3985,0
ASA,5,20210311,161500,0.128,0.128,0.128,0.128,222,0
ASA,5,20210311,162500,0.127,0.127,0.127,0.127,5064,0
ASA,5,20210311,164500,0.127,0.127,0.127,0.127,5000,0
ASA,5,20210312,090000,0.127,0.127,0.127,0.127,17850,0
ASA,5,20210312,091500,0.127,0.127,0.127,0.127,2086,0
ASA,5,20210312,092500,0.127,0.128,0.126,0.126,19166,0
ASA,5,20210312,100000,0.126,0.126,0.124,0.124,2276,0
ASA,5,20210312,101000,0.125,0.125,0.125,0.125,17724,0
ASA,5,20210312,101500,0.124,0.127,0.122,0.122,31319,0
ASA,5,20210312,103000,0.126,0.126,0.126,0.126,7000,0
ASA,5,20210312,111000,0.123,0.123,0.121,0.121,145321,0
ASA,5,20210312,112500,0.125,0.125,0.125,0.125,3176,0
ASA,5,20210312,113500,0.125,0.125,0.125,0.125,23824,0
ASA,5,20210312,115000,0.125,0.125,0.125,0.125,6000,0
ASA,5,20210312,122000,0.125,0.125,0.125,0.125,20000,0
ASA,5,20210312,122500,0.126,0.128,0.123,0.128,43863,0
ASA,5,20210312,130500,0.125,0.125,0.125,0.125,1000,0
ASA,5,20210312,140500,0.126,0.126,0.125,0.125,28000,0
ASA,5,20210312,142000,0.127,0.127,0.127,0.127,4000,0
ASA,5,20210312,143500,0.125,0.125,0.125,0.125,20452,0
ASA,5,20210312,145500,0.127,0.127,0.127,0.127,123,0
ASA,5,20210312,150500,0.126,0.126,0.126,0.126,2705,0
ASA,5,20210312,152000,0.127,0.127,0.127,0.127,123,0
ASA,5,20210312,152500,0.127,0.128,0.127,0.128,5800,0
ASA,5,20210312,153500,0.125,0.128,0.123,0.128,8656,0
ASA,5,20210312,161500,0.127,0.127,0.127,0.127,13000,0
ASA,5,20210315,090000,0.127,0.127,0.127,0.127,800,0
ASA,5,20210315,090500,0.127,0.128,0.127,0.128,11361,0
ASA,5,20210315,091000,0.129,0.13,0.129,0.13,30001,0
ASA,5,20210315,092000,0.128,0.128,0.127,0.127,20650,0
ASA,5,20210315,092500,0.128,0.128,0.128,0.128,4800,0
ASA,5,20210315,093000,0.127,0.127,0.127,0.127,5000,0
ASA,5,20210315,093500,0.127,0.127,0.127,0.127,10000,0
ASA,5,20210315,094000,0.128,0.128,0.128,0.128,1,0
ASA,5,20210315,094500,0.127,0.127,0.127,0.127,342,0
ASA,5,20210315,100000,0.127,0.127,0.127,0.127,11919,0
ASA,5,20210315,100500,0.127,0.127,0.127,0.127,28000,0
ASA,5,20210315,102000,0.127,0.128,0.127,0.128,15280,0
ASA,5,20210315,102500,0.13,0.13,0.13,0.13,15001,0
ASA,5,20210315,103500,0.128,0.128,0.128,0.128,31500,0
ASA,5,20210315,104000,0.128,0.128,0.128,0.128,15000,0
ASA,5,20210315,104500,0.128,0.13,0.128,0.13,4000,0
ASA,5,20210315,105500,0.13,0.13,0.13,0.13,33333,0
ASA,5,20210315,110000,0.13,0.13,0.13,0.13,15000,0
ASA,5,20210315,110500,0.128,0.128,0.128,0.128,50045,0
ASA,5,20210315,112000,0.129,0.13,0.128,0.128,32000,0
ASA,5,20210315,112500,0.128,0.13,0.128,0.13,2935,0
ASA,5,20210315,121000,0.128,0.13,0.127,0.13,130999,0
ASA,5,20210315,121500,0.129,0.129,0.129,0.129,40000,0
ASA,5,20210315,122000,0.127,0.127,0.127,0.127,570,0
ASA,5,20210315,122500,0.126,0.126,0.126,0.126,30000,0
ASA,5,20210315,123000,0.126,0.126,0.126,0.126,10000,0
ASA,5,20210315,124000,0.128,0.13,0.128,0.13,6553,0
ASA,5,20210315,124500,0.13,0.13,0.13,0.13,5000,0
ASA,5,20210315,125000,0.126,0.13,0.126,0.13,57200,0
ASA,5,20210315,132000,0.127,0.127,0.127,0.127,37000,0
ASA,5,20210315,132500,0.128,0.13,0.128,0.13,2234,0
ASA,5,20210315,135000,0.126,0.126,0.126,0.126,215000,0
ASA,5,20210315,135500,0.13,0.13,0.13,0.13,222,0
ASA,5,20210315,140000,0.127,0.127,0.127,0.127,24000,0
ASA,5,20210315,141500,0.13,0.13,0.13,0.13,500,0
ASA,5,20210315,142000,0.126,0.126,0.126,0.126,6083,0
ASA,5,20210315,142500,0.13,0.13,0.13,0.13,222,0
ASA,5,20210315,150500,0.126,0.126,0.126,0.126,13500,0
ASA,5,20210315,151500,0.126,0.126,0.126,0.126,3000,0
ASA,5,20210315,152000,0.128,0.128,0.128,0.128,1,0
ASA,5,20210315,152500,0.128,0.128,0.128,0.128,21999,0
ASA,5,20210315,154500,0.127,0.127,0.127,0.127,10000,0
ASA,5,20210315,155000,0.127,0.127,0.127,0.127,127,0
ASA,5,20210315,160000,0.126,0.126,0.126,0.126,15000,0
ASA,5,20210315,161000,0.127,0.127,0.127,0.127,31873,0
ASA,5,20210315,161500,0.127,0.127,0.126,0.126,18303,0
ASA,5,20210315,162000,0.125,0.125,0.125,0.125,40000,0
ASA,5,20210315,162500,0.126,0.128,0.126,0.128,26697,0
ASA,5,20210315,163000,0.129,0.129,0.129,0.129,222,0
ASA,5,20210315,163500,0.127,0.127,0.127,0.127,10018,0
ASA,5,20210315,164000,0.126,0.127,0.125,0.127,55590,0
ASA,5,20210316,090000,0.127,0.127,0.125,0.125,14848,0
ASA,5,20210316,090500,0.124,0.124,0.124,0.124,10001,0
ASA,5,20210316,091000,0.125,0.125,0.124,0.124,43969,0
ASA,5,20210316,091500,0.128,0.128,0.125,0.125,206978,0
ASA,5,20210316,092000,0.125,0.125,0.125,0.125,1001,0
ASA,5,20210316,092500,0.124,0.128,0.123,0.128,225123,0
ASA,5,20210316,094500,0.127,0.127,0.127,0.127,3690,0
ASA,5,20210316,095000,0.124,0.124,0.124,0.124,26076,0
ASA,5,20210316,095500,0.124,0.124,0.122,0.122,10000,0
ASA,5,20210316,100500,0.127,0.127,0.127,0.127,12163,0
ASA,5,20210316,101500,0.127,0.127,0.127,0.127,53690,0
ASA,5,20210316,102000,0.127,0.127,0.127,0.127,243,0
ASA,5,20210316,110000,0.125,0.125,0.125,0.125,10300,0
ASA,5,20210316,110500,0.125,0.125,0.125,0.125,1500,0
ASA,5,20210316,111000,0.125,0.125,0.125,0.125,98200,0
ASA,5,20210316,111500,0.125,0.125,0.125,0.125,6228,0
ASA,5,20210316,113500,0.126,0.126,0.126,0.126,123,0
ASA,5,20210316,114000,0.126,0.126,0.126,0.126,167,0
ASA,5,20210316,114500,0.126,0.126,0.126,0.126,10000,0
ASA,5,20210316,115500,0.125,0.125,0.125,0.125,26772,0
ASA,5,20210316,120500,0.125,0.125,0.125,0.125,23000,0
ASA,5,20210316,121500,0.125,0.125,0.125,0.125,10000,0
ASA,5,20210316,123000,0.125,0.125,0.122,0.125,375287,0
ASA,5,20210316,125500,0.125,0.126,0.125,0.126,23449,0
ASA,5,20210316,133000,0.123,0.125,0.123,0.125,33106,0
ASA,5,20210316,134000,0.126,0.126,0.126,0.126,123,0
ASA,5,20210316,135000,0.126,0.126,0.126,0.126,10000,0
ASA,5,20210316,135500,0.126,0.126,0.126,0.126,249,0
ASA,5,20210316,140000,0.125,0.125,0.125,0.125,2017,0
ASA,5,20210316,141000,0.125,0.125,0.123,0.123,158124,0
ASA,5,20210316,143000,0.125,0.125,0.125,0.125,10000,0
ASA,5,20210316,143500,0.124,0.124,0.124,0.124,201,0
ASA,5,20210316,145000,0.125,0.125,0.125,0.125,200,0
ASA,5,20210316,145500,0.125,0.125,0.125,0.125,2598,0
ASA,5,20210316,150000,0.125,0.125,0.125,0.125,6000,0
ASA,5,20210316,150500,0.123,0.123,0.123,0.123,50000,0
ASA,5,20210316,151500,0.125,0.125,0.125,0.125,5000,0
ASA,5,20210316,153000,0.125,0.126,0.125,0.126,4701,0
ASA,5,20210316,153500,0.126,0.126,0.126,0.126,500,0
ASA,5,20210316,154000,0.126,0.126,0.126,0.126,100,0
ASA,5,20210316,160500,0.124,0.124,0.124,0.124,44000,0
ASA,5,20210316,161000,0.124,0.124,0.124,0.124,24000,0
ASA,5,20210316,162500,0.124,0.125,0.122,0.125,120111,0
ASA,5,20210317,090500,0.126,0.126,0.126,0.126,120000,0
ASA,5,20210317,091000,0.122,0.122,0.122,0.122,20000,0
ASA,5,20210317,092500,0.125,0.125,0.125,0.125,1,0
ASA,5,20210317,094500,0.123,0.123,0.123,0.123,17600,0
ASA,5,20210317,095000,0.123,0.123,0.123,0.123,10,0
ASA,5,20210317,095500,0.123,0.123,0.12,0.12,156390,0
ASA,5,20210317,100500,0.124,0.124,0.124,0.124,10000,0
ASA,5,20210317,101000,0.124,0.124,0.124,0.124,10000,0
ASA,5,20210317,102000,0.122,0.122,0.122,0.122,12800,0
ASA,5,20210317,102500,0.124,0.125,0.124,0.125,4000,0
ASA,5,20210317,103500,0.125,0.126,0.125,0.126,20000,0
ASA,5,20210317,104000,0.123,0.123,0.123,0.123,3000,0
ASA,5,20210317,104500,0.123,0.123,0.123,0.123,47000,0
ASA,5,20210317,105000,0.123,0.123,0.123,0.123,10000,0
ASA,5,20210317,110000,0.122,0.122,0.122,0.122,1000,0
ASA,5,20210317,110500,0.125,0.125,0.125,0.125,100,0
ASA,5,20210317,111500,0.122,0.122,0.122,0.122,23256,0
ASA,5,20210317,112000,0.124,0.124,0.124,0.124,5844,0
ASA,5,20210317,113000,0.122,0.122,0.122,0.122,9500,0
ASA,5,20210317,113500,0.122,0.122,0.122,0.122,500,0
ASA,5,20210317,114500,0.122,0.122,0.122,0.122,21370,0
ASA,5,20210317,115500,0.122,0.122,0.122,0.122,13130,0
ASA,5,20210317,122500,0.121,0.121,0.12,0.12,228287,0
ASA,5,20210317,125500,0.12,0.12,0.118,0.118,140598,0
ASA,5,20210317,130000,0.119,0.119,0.119,0.119,51000,0
ASA,5,20210317,130500,0.119,0.119,0.119,0.119,8000,0
ASA,5,20210317,131000,0.119,0.119,0.119,0.119,21402,0
ASA,5,20210317,131500,0.118,0.118,0.118,0.118,48154,0
ASA,5,20210317,132000,0.119,0.119,0.119,0.119,50000,0
ASA,5,20210317,132500,0.12,0.12,0.12,0.12,2475,0
ASA,5,20210317,133000,0.119,0.119,0.118,0.118,300,0
ASA,5,20210317,133500,0.12,0.12,0.12,0.12,6500,0
ASA,5,20210317,134000,0.12,0.12,0.12,0.12,7500,0
ASA,5,20210317,135000,0.12,0.12,0.119,0.119,301613,0
ASA,5,20210317,140000,0.119,0.119,0.118,0.118,155904,0
ASA,5,20210317,140500,0.118,0.118,0.118,0.118,100000,0
ASA,5,20210317,141500,0.118,0.118,0.117,0.118,26340,0
ASA,5,20210317,142000,0.117,0.118,0.116,0.117,33254,0
ASA,5,20210317,142500,0.116,0.116,0.114,0.114,58501,0
ASA,5,20210317,143500,0.118,0.118,0.118,0.118,123,0
ASA,5,20210317,144000,0.115,0.118,0.115,0.118,49467,0
ASA,5,20210317,145000,0.118,0.118,0.118,0.118,2550,0
ASA,5,20210317,150000,0.118,0.119,0.118,0.119,38000,0
ASA,5,20210317,150500,0.119,0.119,0.119,0.119,15000,0
ASA,5,20210317,151000,0.119,0.12,0.116,0.12,46125,0
ASA,5,20210317,153000,0.119,0.119,0.119,0.119,2000,0
ASA,5,20210317,154000,0.117,0.117,0.116,0.116,34000,0
ASA,5,20210317,154500,0.119,0.119,0.119,0.119,18000,0
ASA,5,20210317,161000,0.119,0.12,0.119,0.12,24555,0
ASA,5,20210317,162000,0.12,0.12,0.12,0.12,2500,0
ASA,5,20210317,163000,0.12,0.12,0.12,0.12,20000,0
ASA,5,20210317,164000,0.12,0.12,0.12,0.12,41504,0
ASA,5,20210317,165500,0.119,0.119,0.119,0.119,25000,0
ASA,5,20210318,090000,0.12,0.12,0.115,0.115,97212,0
ASA,5,20210318,090500,0.123,0.123,0.123,0.123,300,0
ASA,5,20210318,092000,0.12,0.12,0.12,0.12,5000,0
ASA,5,20210318,092500,0.121,0.121,0.121,0.121,5700,0
ASA,5,20210318,094000,0.122,0.122,0.122,0.122,514,0
ASA,5,20210318,094500,0.12,0.12,0.12,0.12,4975,0
ASA,5,20210318,095500,0.119,0.119,0.119,0.119,7320,0
ASA,5,20210318,100000,0.12,0.12,0.12,0.12,6000,0
ASA,5,20210318,102000,0.12,0.12,0.12,0.12,25808,0
ASA,5,20210318,104500,0.122,0.122,0.122,0.122,10000,0
ASA,5,20210318,113500,0.12,0.12,0.12,0.12,1000,0
ASA,5,20210318,114500,0.122,0.122,0.122,0.122,5000,0
ASA,5,20210318,121500,0.12,0.12,0.12,0.12,23514,0
ASA,5,20210318,122500,0.122,0.122,0.122,0.122,1000,0
ASA,5,20210318,123500,0.119,0.119,0.119,0.119,12000,0
ASA,5,20210318,125000,0.12,0.12,0.12,0.12,10000,0
ASA,5,20210318,130000,0.12,0.122,0.12,0.122,29296,0
ASA,5,20210318,131500,0.122,0.122,0.122,0.122,22386,0
ASA,5,20210318,132000,0.123,0.123,0.12,0.12,8340,0
ASA,5,20210318,132500,0.122,0.122,0.122,0.122,1,0
ASA,5,20210318,134000,0.121,0.121,0.121,0.121,8000,0
ASA,5,20210318,135000,0.121,0.121,0.121,0.121,6000,0
ASA,5,20210318,140500,0.12,0.12,0.12,0.12,52486,0
ASA,5,20210318,143500,0.12,0.12,0.12,0.12,6200,0
ASA,5,20210318,145000,0.119,0.119,0.118,0.118,20800,0
ASA,5,20210318,150000,0.12,0.12,0.12,0.12,1,0
ASA,5,20210318,151500,0.121,0.121,0.121,0.121,1,0
ASA,5,20210318,154500,0.121,0.123,0.121,0.123,23658,0
ASA,5,20210318,161500,0.119,0.123,0.119,0.123,31001,0
ASA,5,20210318,164500,0.123,0.123,0.123,0.123,1,0
ASA,5,20210319,090000,0.122,0.122,0.122,0.122,33768,0
ASA,5,20210319,090500,0.122,0.122,0.122,0.122,394,0
ASA,5,20210319,091500,0.123,0.123,0.123,0.123,500,0
ASA,5,20210319,092500,0.121,0.121,0.121,0.121,2000,0
ASA,5,20210319,093000,0.12,0.12,0.12,0.12,4000,0
ASA,5,20210319,094000,0.119,0.119,0.115,0.118,605000,0
ASA,5,20210319,094500,0.118,0.118,0.115,0.115,119596,0
ASA,5,20210319,095500,0.117,0.117,0.117,0.117,12000,0
ASA,5,20210319,100500,0.118,0.118,0.118,0.118,20000,0
ASA,5,20210319,102500,0.118,0.118,0.118,0.118,20000,0
ASA,5,20210319,103000,0.119,0.12,0.119,0.12,20000,0
ASA,5,20210319,103500,0.12,0.12,0.12,0.12,5000,0
ASA,5,20210319,105000,0.12,0.12,0.12,0.12,4000,0
ASA,5,20210319,111000,0.12,0.12,0.12,0.12,2484,0
ASA,5,20210319,120500,0.118,0.118,0.118,0.118,2000,0
ASA,5,20210319,121000,0.12,0.12,0.12,0.12,8344,0
ASA,5,20210319,123000,0.12,0.12,0.12,0.12,20000,0
ASA,5,20210319,124000,0.12,0.121,0.118,0.118,20111,0
ASA,5,20210319,125000,0.117,0.121,0.116,0.121,39000,0
ASA,5,20210319,133000,0.118,0.118,0.118,0.118,17000,0
ASA,5,20210319,133500,0.118,0.118,0.118,0.118,10297,0
ASA,5,20210319,134000,0.118,0.12,0.118,0.12,12903,0
ASA,5,20210319,135500,0.119,0.119,0.119,0.119,2379,0
ASA,5,20210319,142000,0.119,0.119,0.119,0.119,4000,0
ASA,5,20210319,143000,0.119,0.119,0.117,0.117,14111,0
ASA,5,20210319,144000,0.117,0.117,0.117,0.117,13889,0
ASA,5,20210319,144500,0.119,0.119,0.119,0.119,5000,0
ASA,5,20210319,154500,0.117,0.117,0.117,0.117,4000,0
ASA,5,20210319,155000,0.117,0.117,0.117,0.117,13800,0
ASA,5,20210319,160500,0.118,0.118,0.118,0.118,1670,0
ASA,5,20210319,163000,0.118,0.118,0.118,0.118,18500,0
ASA,5,20210319,163500,0.118,0.118,0.118,0.118,9830,0
ASA,5,20210319,164500,0.118,0.119,0.118,0.119,6701,0
ASA,5,20210322,090000,0.12,0.12,0.12,0.12,18095,0
ASA,5,20210322,091000,0.121,0.121,0.121,0.121,500,0
ASA,5,20210322,091500,0.118,0.118,0.118,0.118,20000,0
ASA,5,20210322,092000,0.121,0.123,0.121,0.123,30000,0
ASA,5,20210322,092500,0.123,0.123,0.123,0.123,50000,0
ASA,5,20210322,093000,0.122,0.122,0.122,0.122,5500,0
ASA,5,20210322,093500,0.122,0.123,0.122,0.123,6000,0
ASA,5,20210322,094500,0.122,0.122,0.122,0.122,16000,0
ASA,5,20210322,095000,0.123,0.124,0.123,0.124,57500,0
ASA,5,20210322,101500,0.122,0.124,0.122,0.124,23700,0
ASA,5,20210322,103000,0.122,0.122,0.122,0.122,64,0
ASA,5,20210322,103500,0.123,0.124,0.122,0.124,22254,0
ASA,5,20210322,104000,0.122,0.125,0.122,0.125,16294,0
ASA,5,20210322,104500,0.125,0.126,0.125,0.126,41246,0
ASA,5,20210322,105500,0.125,0.125,0.125,0.125,3197,0
ASA,5,20210322,110000,0.122,0.122,0.122,0.122,8595,0
ASA,5,20210322,112000,0.125,0.125,0.122,0.122,9079,0
ASA,5,20210322,112500,0.122,0.122,0.122,0.122,11000,0
ASA,5,20210322,114500,0.122,0.125,0.122,0.125,200,0
ASA,5,20210322,115000,0.125,0.125,0.125,0.125,6000,0
ASA,5,20210322,141500,0.123,0.123,0.123,0.123,1936,0
ASA,5,20210322,142000,0.123,0.123,0.123,0.123,12000,0
ASA,5,20210322,143500,0.122,0.123,0.121,0.123,37667,0
ASA,5,20210322,145000,0.123,0.123,0.123,0.123,8000,0
ASA,5,20210322,150000,0.123,0.123,0.123,0.123,10000,0
ASA,5,20210322,152500,0.123,0.124,0.123,0.124,5065,0
ASA,5,20210322,164500,0.124,0.124,0.122,0.122,44385,0
ASA,5,20210323,090000,0.12,0.12,0.118,0.118,21700,0
ASA,5,20210323,090500,0.119,0.124,0.119,0.124,1550,0
ASA,5,20210323,091000,0.12,0.12,0.12,0.12,1000,0
ASA,5,20210323,091500,0.122,0.122,0.122,0.122,444,0
ASA,5,20210323,093500,0.122,0.122,0.122,0.122,19556,0
ASA,5,20210323,094000,0.123,0.123,0.123,0.123,624,0
ASA,5,20210323,095000,0.122,0.122,0.122,0.122,10900,0
ASA,5,20210323,100500,0.122,0.122,0.122,0.122,20000,0
ASA,5,20210323,102500,0.122,0.124,0.122,0.124,162836,0
ASA,5,20210323,110000,0.124,0.124,0.124,0.124,1000,0
ASA,5,20210323,110500,0.124,0.124,0.124,0.124,7880,0
ASA,5,20210323,120000,0.123,0.124,0.123,0.124,10000,0
ASA,5,20210323,130000,0.124,0.124,0.124,0.124,800,0
ASA,5,20210323,131000,0.123,0.124,0.123,0.124,25000,0
ASA,5,20210323,145500,0.123,0.123,0.123,0.123,22400,0
ASA,5,20210323,151000,0.122,0.123,0.122,0.123,11650,0
ASA,5,20210323,152000,0.121,0.121,0.121,0.121,43385,0
ASA,5,20210323,152500,0.123,0.123,0.123,0.123,1850,0
ASA,5,20210323,155500,0.124,0.124,0.124,0.124,896,0
ASA,5,20210323,163000,0.122,0.122,0.122,0.122,10001,0
ASA,5,20210323,164000,0.124,0.124,0.122,0.122,7500,0
ASA,5,20210323,164500,0.122,0.124,0.122,0.124,2600,0
ASA,5,20210323,165500,0.124,0.124,0.124,0.124,5330,0
ASA,5,20210324,090000,0.124,0.124,0.124,0.124,155,0
ASA,5,20210324,091500,0.12,0.12,0.12,0.12,42000,0
ASA,5,20210324,092000,0.123,0.123,0.123,0.123,1,0
ASA,5,20210324,110500,0.122,0.122,0.122,0.122,15480,0
ASA,5,20210324,111000,0.122,0.122,0.122,0.122,849,0
ASA,5,20210324,111500,0.122,0.123,0.122,0.123,12170,0
ASA,5,20210324,114500,0.12,0.12,0.12,0.12,5000,0
ASA,5,20210324,115000,0.12,0.123,0.12,0.123,30001,0
ASA,5,20210324,131000,0.12,0.122,0.119,0.122,10123,0
ASA,5,20210324,141500,0.119,0.119,0.119,0.119,45325,0
ASA,5,20210324,142500,0.118,0.118,0.118,0.118,44900,0
ASA,5,20210324,143000,0.118,0.118,0.118,0.118,4652,0
ASA,5,20210324,145000,0.119,0.119,0.119,0.119,29000,0
ASA,5,20210324,150000,0.119,0.12,0.119,0.12,10000,0
ASA,5,20210324,150500,0.118,0.118,0.118,0.118,17000,0
ASA,5,20210324,151000,0.118,0.118,0.118,0.118,16000,0
ASA,5,20210324,151500,0.119,0.119,0.118,0.118,47000,0
ASA,5,20210324,152500,0.119,0.119,0.119,0.119,222,0
ASA,5,20210324,153000,0.119,0.12,0.119,0.12,10222,0
ASA,5,20210324,163500,0.119,0.119,0.119,0.119,8290,0
ASA,5,20210324,164500,0.119,0.12,0.119,0.12,12000,0
ASA,5,20210325,090500,0.122,0.122,0.122,0.122,1,0
ASA,5,20210325,094500,0.12,0.12,0.116,0.116,2114,0
ASA,5,20210325,095500,0.121,0.121,0.121,0.121,222,0
ASA,5,20210325,102000,0.117,0.117,0.117,0.117,1000,0
ASA,5,20210325,102500,0.121,0.121,0.121,0.121,123,0
ASA,5,20210325,104500,0.117,0.117,0.117,0.117,1500,0
ASA,5,20210325,105500,0.116,0.12,0.116,0.12,18623,0
ASA,5,20210325,113000,0.117,0.12,0.117,0.12,5221,0
ASA,5,20210325,123500,0.117,0.117,0.117,0.117,20000,0
ASA,5,20210325,130000,0.12,0.12,0.12,0.12,123,0
ASA,5,20210325,142500,0.117,0.12,0.117,0.12,10123,0
ASA,5,20210325,151000,0.119,0.12,0.118,0.118,13300,0
ASA,5,20210325,152000,0.12,0.12,0.12,0.12,11682,0
ASA,5,20210325,162000,0.12,0.12,0.12,0.12,1333,0
ASA,5,20210325,163000,0.12,0.12,0.12,0.12,5000,0
ASA,5,20210325,164500,0.118,0.118,0.117,0.117,15000,0
ASA,5,20210325,165500,0.12,0.12,0.12,0.12,123,0
ASA,5,20210326,090000,0.12,0.12,0.12,0.12,20000,0
ASA,5,20210326,090500,0.118,0.118,0.117,0.117,18610,0
ASA,5,20210326,091000,0.117,0.117,0.117,0.117,1390,0
ASA,5,20210326,091500,0.119,0.119,0.119,0.119,222,0
ASA,5,20210326,094500,0.119,0.119,0.119,0.119,1000,0
ASA,5,20210326,095000,0.119,0.119,0.119,0.119,1000,0
ASA,5,20210326,095500,0.119,0.119,0.117,0.117,53942,0
ASA,5,20210326,100000,0.119,0.12,0.119,0.12,15001,0
ASA,5,20210326,100500,0.119,0.12,0.119,0.12,14000,0
ASA,5,20210326,101500,0.117,0.117,0.117,0.117,1333,0
ASA,5,20210326,103500,0.119,0.119,0.119,0.119,10000,0
ASA,5,20210326,104000,0.12,0.12,0.12,0.12,234,0
ASA,5,20210326,110000,0.12,0.12,0.12,0.12,3000,0
ASA,5,20210326,111500,0.12,0.12,0.12,0.12,2000,0
ASA,5,20210326,120000,0.118,0.118,0.118,0.118,10000,0
ASA,5,20210326,121500,0.12,0.12,0.12,0.12,345,0
ASA,5,20210326,123000,0.12,0.12,0.12,0.12,44900,0
ASA,5,20210326,123500,0.12,0.12,0.12,0.12,25000,0
ASA,5,20210326,131500,0.118,0.12,0.118,0.12,6668,0
ASA,5,20210326,133500,0.118,0.118,0.118,0.118,3000,0
ASA,5,20210326,135000,0.12,0.12,0.12,0.12,234,0
ASA,5,20210326,135500,0.118,0.118,0.118,0.118,9270,0
ASA,5,20210326,140000,0.118,0.118,0.118,0.118,3203,0
ASA,5,20210326,140500,0.118,0.12,0.118,0.12,8573,0
ASA,5,20210326,155000,0.118,0.118,0.118,0.118,12500,0
ASA,5,20210326,160000,0.12,0.12,0.12,0.12,234,0
ASA,5,20210326,163500,0.12,0.12,0.12,0.12,1,0
ASA,5,20210326,164000,0.118,0.118,0.118,0.118,4405,0
ASA,5,20210326,164500,0.12,0.12,0.12,0.12,234,0
