<TICKER>,<PER>,<DATE>,<TIME>,<OPEN>,<HIGH>,<LOW>,<CLOSE>,<VOL>,<OPENINT>
ASR,5,20210204,090500,0.392,0.392,0.392,0.392,4000,0
ASR,5,20210204,105000,0.394,0.394,0.394,0.394,4000,0
ASR,5,20210204,105500,0.392,0.392,0.392,0.392,8150,0
ASR,5,20210204,164500,0.41,0.41,0.41,0.41,80,0
ASR,5,20210208,115500,0.394,0.394,0.394,0.394,500,0
ASR,5,20210208,120500,0.394,0.394,0.394,0.394,746,0
ASR,5,20210208,152000,0.41,0.41,0.41,0.41,800,0
ASR,5,20210208,164500,0.41,0.41,0.41,0.41,6500,0
ASR,5,20210209,090000,0.41,0.41,0.41,0.41,5106,0
ASR,5,20210209,112000,0.41,0.41,0.41,0.41,3994,0
ASR,5,20210209,141000,0.42,0.432,0.42,0.432,10020,0
ASR,5,20210209,153500,0.432,0.432,0.432,0.432,2100,0
ASR,5,20210210,100500,0.41,0.41,0.41,0.41,5000,0
ASR,5,20210210,102000,0.432,0.432,0.432,0.432,150,0
ASR,5,20210210,151000,0.432,0.436,0.432,0.436,5000,0
ASR,5,20210210,153500,0.436,0.44,0.436,0.44,1050,0
ASR,5,20210211,102000,0.432,0.432,0.432,0.432,450,0
ASR,5,20210211,111500,0.432,0.432,0.432,0.432,50,0
ASR,5,20210211,112500,0.43,0.43,0.43,0.43,1500,0
ASR,5,20210211,123500,0.43,0.432,0.43,0.432,6300,0
ASR,5,20210216,090000,0.438,0.442,0.438,0.442,12500,0
ASR,5,20210216,093000,0.434,0.434,0.432,0.432,25000,0
ASR,5,20210216,094000,0.432,0.432,0.432,0.432,1300,0
ASR,5,20210216,105000,0.432,0.432,0.432,0.432,20,0
ASR,5,20210216,113500,0.42,0.42,0.42,0.42,329,0
ASR,5,20210216,121500,0.42,0.42,0.42,0.42,1000,0
ASR,5,20210216,142500,0.412,0.412,0.408,0.408,5282,0
ASR,5,20210216,143000,0.408,0.436,0.406,0.436,1010,0
ASR,5,20210216,150000,0.434,0.436,0.434,0.436,2100,0
ASR,5,20210216,160500,0.402,0.402,0.402,0.402,14388,0
ASR,5,20210216,161000,0.4,0.436,0.398,0.436,1215,0
ASR,5,20210217,101000,0.408,0.408,0.402,0.402,5300,0
ASR,5,20210217,110000,0.428,0.428,0.428,0.428,100,0
ASR,5,20210217,115500,0.404,0.404,0.404,0.404,1100,0
ASR,5,20210217,132500,0.42,0.428,0.42,0.428,9602,0
ASR,5,20210217,160500,0.42,0.42,0.42,0.42,1000,0
ASR,5,20210217,162000,0.428,0.428,0.428,0.428,5000,0
ASR,5,20210217,162500,0.428,0.428,0.428,0.428,828,0
ASR,5,20210217,164500,0.432,0.432,0.432,0.432,172,0
ASR,5,20210218,090000,0.408,0.408,0.408,0.408,3206,0
ASR,5,20210218,110500,0.418,0.418,0.418,0.418,750,0
ASR,5,20210218,160500,0.408,0.408,0.404,0.404,2000,0
ASR,5,20210218,164500,0.418,0.418,0.418,0.418,10,0
ASR,5,20210219,113000,0.42,0.43,0.42,0.43,2000,0
ASR,5,20210219,113500,0.43,0.432,0.43,0.432,1201,0
ASR,5,20210219,125000,0.43,0.43,0.43,0.43,299,0
ASR,5,20210219,132500,0.43,0.43,0.43,0.43,800,0
ASR,5,20210219,142000,0.43,0.43,0.43,0.43,400,0
ASR,5,20210219,153000,0.43,0.432,0.43,0.432,10368,0
ASR,5,20210219,153500,0.434,0.464,0.434,0.464,59596,0
ASR,5,20210219,154000,0.466,0.5,0.466,0.5,116765,0
ASR,5,20210219,155000,0.5,0.5,0.5,0.5,27556,0
ASR,5,20210219,160500,0.54,0.54,0.54,0.54,30906,0
ASR,5,20210219,161000,0.54,0.6,0.54,0.6,51703,0
ASR,5,20210219,161500,0.55,0.58,0.525,0.575,13128,0
ASR,5,20210219,162000,0.575,0.585,0.575,0.585,11000,0
ASR,5,20210219,162500,0.585,0.585,0.525,0.58,17212,0
ASR,5,20210219,163000,0.585,0.6,0.575,0.6,116274,0
ASR,5,20210219,164000,0.57,0.6,0.56,0.59,100701,0
ASR,5,20210219,164500,0.595,0.6,0.56,0.6,36992,0
ASR,5,20210222,090000,0.64,0.64,0.55,0.55,75941,0
ASR,5,20210222,090500,0.6,0.645,0.6,0.645,17355,0
ASR,5,20210222,091500,0.575,0.575,0.575,0.575,1,0
ASR,5,20210222,092000,0.6,0.62,0.6,0.62,2222,0
ASR,5,20210222,093500,0.585,0.585,0.575,0.575,10000,0
ASR,5,20210222,094500,0.59,0.59,0.59,0.59,2000,0
ASR,5,20210222,095000,0.59,0.59,0.59,0.59,200,0
ASR,5,20210222,101000,0.565,0.565,0.565,0.565,1850,0
ASR,5,20210222,101500,0.565,0.565,0.555,0.555,6150,0
ASR,5,20210222,102000,0.58,0.59,0.58,0.59,700,0
ASR,5,20210222,111000,0.565,0.565,0.55,0.55,27607,0
ASR,5,20210222,111500,0.55,0.57,0.55,0.57,990,0
ASR,5,20210222,121000,0.56,0.585,0.56,0.585,2810,0
ASR,5,20210222,121500,0.585,0.585,0.55,0.585,3001,0
ASR,5,20210222,122000,0.55,0.55,0.55,0.55,1,0
ASR,5,20210222,123500,0.555,0.555,0.555,0.555,500,0
ASR,5,20210222,132000,0.56,0.56,0.555,0.555,2000,0
ASR,5,20210222,133000,0.58,0.58,0.58,0.58,500,0
ASR,5,20210222,134500,0.55,0.55,0.535,0.535,5029,0
ASR,5,20210222,135000,0.55,0.55,0.55,0.55,2500,0
ASR,5,20210222,140500,0.535,0.56,0.53,0.56,11893,0
ASR,5,20210222,141000,0.53,0.53,0.53,0.53,5000,0
ASR,5,20210222,141500,0.55,0.55,0.55,0.55,200,0
ASR,5,20210222,143000,0.55,0.575,0.55,0.57,7988,0
ASR,5,20210222,143500,0.575,0.59,0.575,0.59,6023,0
ASR,5,20210222,153000,0.585,0.59,0.585,0.59,2900,0
ASR,5,20210222,153500,0.59,0.59,0.59,0.59,55,0
ASR,5,20210222,162000,0.585,0.59,0.585,0.59,1300,0
ASR,5,20210223,090000,0.58,0.58,0.56,0.56,12,0
ASR,5,20210223,090500,0.56,0.56,0.505,0.505,7754,0
ASR,5,20210223,091500,0.54,0.54,0.54,0.54,500,0
ASR,5,20210223,092500,0.54,0.54,0.54,0.54,1900,0
ASR,5,20210223,093000,0.54,0.54,0.54,0.54,100,0
ASR,5,20210223,095000,0.52,0.52,0.5,0.5,32000,0
ASR,5,20210223,100000,0.535,0.535,0.535,0.535,270,0
ASR,5,20210223,100500,0.5,0.535,0.474,0.484,293,0
ASR,5,20210223,102000,0.535,0.535,0.482,0.482,11019,0
ASR,5,20210223,102500,0.486,0.486,0.474,0.474,10000,0
ASR,5,20210223,103000,0.505,0.505,0.505,0.505,200,0
ASR,5,20210223,103500,0.476,0.476,0.474,0.474,10000,0
ASR,5,20210223,104500,0.476,0.476,0.474,0.474,10000,0
ASR,5,20210223,110000,0.496,0.496,0.496,0.496,3800,0
ASR,5,20210223,110500,0.505,0.515,0.505,0.515,1100,0
ASR,5,20210223,111000,0.515,0.515,0.515,0.515,4100,0
ASR,5,20210223,112000,0.51,0.51,0.51,0.51,2700,0
ASR,5,20210223,113000,0.515,0.515,0.515,0.515,1474,0
ASR,5,20210223,113500,0.492,0.492,0.492,0.492,1,0
ASR,5,20210223,114000,0.515,0.525,0.515,0.525,10200,0
ASR,5,20210223,114500,0.52,0.535,0.492,0.492,10201,0
ASR,5,20210223,121500,0.525,0.53,0.496,0.496,10001,0
ASR,5,20210223,122000,0.54,0.54,0.496,0.496,201,0
ASR,5,20210223,124500,0.535,0.535,0.535,0.535,1000,0
ASR,5,20210223,125000,0.53,0.53,0.52,0.52,2600,0
ASR,5,20210223,130500,0.515,0.515,0.515,0.515,1201,0
ASR,5,20210223,131500,0.52,0.52,0.515,0.515,12191,0
ASR,5,20210223,134000,0.54,0.56,0.54,0.56,1852,0
ASR,5,20210223,140000,0.52,0.56,0.52,0.56,2,0
ASR,5,20210223,150000,0.52,0.52,0.52,0.52,2,0
ASR,5,20210223,150500,0.56,0.56,0.56,0.56,2,0
ASR,5,20210223,160000,0.52,0.555,0.52,0.555,1352,0
ASR,5,20210223,161000,0.52,0.52,0.5,0.5,22430,0
ASR,5,20210223,162000,0.5,0.5,0.5,0.5,2000,0
ASR,5,20210223,163500,0.51,0.525,0.51,0.525,3700,0
ASR,5,20210223,164000,0.5,0.525,0.496,0.496,1315,0
ASR,5,20210223,164500,0.51,0.51,0.51,0.51,1211,0
ASR,5,20210224,090000,0.51,0.51,0.494,0.494,324,0
ASR,5,20210224,103000,0.52,0.55,0.52,0.55,333,0
ASR,5,20210224,104500,0.55,0.55,0.55,0.55,496,0
ASR,5,20210224,113000,0.54,0.54,0.54,0.54,200,0
ASR,5,20210224,121500,0.5,0.54,0.5,0.54,2107,0
ASR,5,20210224,123500,0.5,0.5,0.5,0.5,40000,0
ASR,5,20210224,165500,0.535,0.535,0.535,0.535,1111,0
ASR,5,20210225,090000,0.525,0.525,0.525,0.525,171,0
ASR,5,20210225,092500,0.5,0.5,0.5,0.5,1,0
ASR,5,20210225,093500,0.525,0.525,0.525,0.525,100,0
ASR,5,20210225,112500,0.5,0.5,0.5,0.5,15000,0
ASR,5,20210225,113000,0.525,0.525,0.525,0.525,1,0
ASR,5,20210225,121500,0.5,0.5,0.5,0.5,100,0
ASR,5,20210225,133000,0.5,0.5,0.5,0.5,1400,0
ASR,5,20210225,164500,0.496,0.496,0.496,0.496,30,0
ASR,5,20210226,090000,0.49,0.49,0.454,0.454,16539,0
ASR,5,20210226,092000,0.47,0.47,0.47,0.47,3962,0
ASR,5,20210226,094500,0.48,0.5,0.48,0.5,2601,0
ASR,5,20210226,102500,0.5,0.5,0.5,0.5,3963,0
ASR,5,20210226,103000,0.5,0.5,0.5,0.5,37,0
ASR,5,20210226,120500,0.5,0.5,0.5,0.5,1569,0
ASR,5,20210301,090000,0.456,0.456,0.456,0.456,5,0
ASR,5,20210301,091500,0.456,0.498,0.456,0.498,311,0
ASR,5,20210301,115000,0.46,0.46,0.456,0.456,1000,0
ASR,5,20210301,120000,0.488,0.488,0.488,0.488,111,0
ASR,5,20210301,132000,0.488,0.488,0.488,0.488,1007,0
ASR,5,20210301,135000,0.488,0.488,0.488,0.488,1049,0
ASR,5,20210301,141500,0.49,0.49,0.49,0.49,2300,0
ASR,5,20210301,142500,0.49,0.5,0.49,0.5,2000,0
ASR,5,20210301,143000,0.5,0.5,0.5,0.5,6811,0
ASR,5,20210301,144000,0.5,0.525,0.5,0.525,4000,0
ASR,5,20210301,144500,0.525,0.54,0.525,0.54,3000,0
ASR,5,20210301,145000,0.54,0.54,0.54,0.54,2000,0
ASR,5,20210301,145500,0.54,0.54,0.54,0.54,4300,0
ASR,5,20210301,154500,0.56,0.56,0.56,0.56,3200,0
ASR,5,20210301,155000,0.56,0.56,0.555,0.56,6700,0
ASR,5,20210301,155500,0.56,0.565,0.56,0.565,2000,0
ASR,5,20210301,160000,0.565,0.57,0.565,0.57,8000,0
ASR,5,20210301,160500,0.57,0.57,0.55,0.57,10500,0
ASR,5,20210301,161000,0.55,0.57,0.55,0.57,5500,0
ASR,5,20210301,161500,0.57,0.57,0.57,0.57,1000,0
ASR,5,20210301,162000,0.57,0.58,0.57,0.58,2000,0
ASR,5,20210301,162500,0.575,0.575,0.575,0.575,7000,0
ASR,5,20210301,164500,0.57,0.57,0.57,0.57,1111,0
ASR,5,20210302,090000,0.54,0.54,0.54,0.54,500,0
ASR,5,20210302,090500,0.52,0.52,0.52,0.52,1,0
ASR,5,20210302,094000,0.55,0.55,0.55,0.55,111,0
ASR,5,20210302,102500,0.53,0.53,0.53,0.53,99,0
ASR,5,20210302,104000,0.525,0.525,0.525,0.525,7954,0
ASR,5,20210302,112000,0.545,0.545,0.525,0.525,3050,0
ASR,5,20210302,122000,0.545,0.545,0.545,0.545,54,0
ASR,5,20210302,163000,0.54,0.54,0.54,0.54,49,0
ASR,5,20210302,164500,0.52,0.52,0.52,0.52,4,0
ASR,5,20210303,125500,0.51,0.51,0.505,0.505,4500,0
ASR,5,20210303,130000,0.505,0.505,0.48,0.48,5500,0
ASR,5,20210303,131000,0.53,0.53,0.462,0.462,5001,0
ASR,5,20210303,132000,0.47,0.53,0.45,0.452,11276,0
ASR,5,20210303,132500,0.452,0.51,0.45,0.51,10001,0
ASR,5,20210303,133500,0.452,0.452,0.43,0.43,11960,0
ASR,5,20210303,134000,0.515,0.515,0.43,0.44,5055,0
ASR,5,20210303,135000,0.5,0.5,0.5,0.5,11,0
ASR,5,20210303,135500,0.45,0.45,0.45,0.45,1,0
ASR,5,20210303,140500,0.45,0.45,0.438,0.438,5000,0
ASR,5,20210303,143000,0.47,0.47,0.47,0.47,121,0
ASR,5,20210303,143500,0.47,0.47,0.47,0.47,1000,0
ASR,5,20210303,144000,0.44,0.44,0.436,0.436,10000,0
ASR,5,20210303,151000,0.44,0.44,0.428,0.428,20334,0
ASR,5,20210303,151500,0.426,0.426,0.408,0.408,453,0
ASR,5,20210303,152500,0.428,0.43,0.41,0.41,10087,0
ASR,5,20210303,153000,0.43,0.43,0.43,0.43,11,0
ASR,5,20210303,153500,0.426,0.458,0.426,0.456,58366,0
ASR,5,20210303,154000,0.42,0.42,0.42,0.42,2,0
ASR,5,20210303,154500,0.42,0.42,0.42,0.42,1,0
ASR,5,20210303,155500,0.42,0.45,0.42,0.45,8000,0
ASR,5,20210303,160000,0.432,0.432,0.43,0.43,5000,0
ASR,5,20210303,161000,0.45,0.45,0.45,0.45,111,0
ASR,5,20210303,164500,0.454,0.454,0.454,0.454,8880,0
ASR,5,20210304,090000,0.452,0.452,0.42,0.42,3001,0
ASR,5,20210304,092500,0.422,0.454,0.422,0.454,20333,0
ASR,5,20210304,093500,0.454,0.458,0.454,0.458,2500,0
ASR,5,20210304,094000,0.456,0.456,0.456,0.456,300,0
ASR,5,20210304,094500,0.458,0.466,0.458,0.466,3000,0
ASR,5,20210304,095000,0.466,0.466,0.466,0.466,700,0
ASR,5,20210304,102000,0.466,0.466,0.466,0.466,100,0
ASR,5,20210304,104000,0.45,0.45,0.45,0.45,2800,0
ASR,5,20210304,105500,0.43,0.43,0.43,0.43,9042,0
ASR,5,20210304,110000,0.466,0.466,0.434,0.434,101,0
ASR,5,20210304,110500,0.464,0.464,0.464,0.464,100,0
ASR,5,20210304,160000,0.46,0.462,0.46,0.462,3650,0
ASR,5,20210304,164500,0.434,0.434,0.434,0.434,2,0
ASR,5,20210305,090000,0.434,0.48,0.434,0.48,202,0
ASR,5,20210305,092000,0.476,0.476,0.476,0.476,1401,0
ASR,5,20210305,100000,0.468,0.468,0.468,0.468,230,0
ASR,5,20210305,104500,0.468,0.468,0.468,0.468,3763,0
ASR,5,20210305,105000,0.47,0.47,0.47,0.47,6000,0
ASR,5,20210305,110000,0.438,0.438,0.438,0.438,1,0
ASR,5,20210305,110500,0.47,0.47,0.47,0.47,2592,0
ASR,5,20210305,111500,0.438,0.438,0.436,0.436,2592,0
ASR,5,20210305,113000,0.47,0.47,0.47,0.47,1,0
ASR,5,20210305,132000,0.468,0.468,0.468,0.468,250,0
ASR,5,20210305,132500,0.468,0.47,0.468,0.47,652,0
ASR,5,20210305,133000,0.47,0.47,0.47,0.47,47,0
ASR,5,20210305,141000,0.442,0.442,0.442,0.442,1,0
ASR,5,20210305,152000,0.47,0.47,0.47,0.47,250,0
ASR,5,20210305,160000,0.468,0.468,0.468,0.468,200,0
ASR,5,20210305,160500,0.468,0.47,0.468,0.47,650,0
ASR,5,20210305,161000,0.47,0.47,0.47,0.47,430,0
ASR,5,20210305,162500,0.47,0.47,0.47,0.47,1500,0
ASR,5,20210305,164500,0.442,0.442,0.442,0.442,2,0
ASR,5,20210308,100500,0.442,0.442,0.442,0.442,2801,0
ASR,5,20210308,114500,0.478,0.478,0.478,0.478,100,0
ASR,5,20210308,125000,0.446,0.446,0.446,0.446,1400,0
ASR,5,20210308,125500,0.476,0.478,0.476,0.478,1000,0
ASR,5,20210308,135500,0.45,0.45,0.45,0.45,1,0
ASR,5,20210308,164000,0.474,0.474,0.474,0.474,11,0
ASR,5,20210308,164500,0.452,0.474,0.452,0.474,100,0
ASR,5,20210309,091500,0.47,0.47,0.47,0.47,50,0
ASR,5,20210309,094500,0.45,0.45,0.45,0.45,1,0
ASR,5,20210309,095500,0.45,0.45,0.44,0.44,699,0
ASR,5,20210309,110000,0.44,0.44,0.44,0.44,3100,0
ASR,5,20210309,111000,0.47,0.47,0.47,0.47,111,0
ASR,5,20210309,130000,0.46,0.47,0.46,0.47,101,0
ASR,5,20210309,144500,0.44,0.44,0.44,0.44,1,0
ASR,5,20210309,162500,0.47,0.47,0.47,0.47,111,0
ASR,5,20210309,165500,0.444,0.444,0.444,0.444,2,0
ASR,5,20210310,092000,0.468,0.468,0.468,0.468,100,0
ASR,5,20210310,122500,0.45,0.45,0.45,0.45,2000,0
ASR,5,20210310,134000,0.444,0.444,0.44,0.44,9100,0
ASR,5,20210310,144500,0.468,0.468,0.468,0.468,11,0
ASR,5,20210310,164500,0.442,0.466,0.442,0.442,8870,0
ASR,5,20210311,090000,0.438,0.438,0.438,0.438,1000,0
ASR,5,20210311,093000,0.44,0.44,0.44,0.44,9727,0
ASR,5,20210311,093500,0.448,0.45,0.448,0.45,3200,0
ASR,5,20210311,095000,0.474,0.474,0.474,0.474,11,0
ASR,5,20210311,110500,0.458,0.458,0.458,0.458,2800,0
ASR,5,20210311,133000,0.464,0.464,0.464,0.464,2350,0
ASR,5,20210311,134000,0.446,0.446,0.446,0.446,5000,0
ASR,5,20210311,135000,0.446,0.446,0.446,0.446,5000,0
ASR,5,20210311,152000,0.462,0.462,0.462,0.462,11,0
ASR,5,20210311,164500,0.444,0.444,0.444,0.444,700,0
ASR,5,20210312,090500,0.458,0.458,0.458,0.458,100,0
ASR,5,20210312,100500,0.456,0.458,0.456,0.458,6162,0
ASR,5,20210312,122500,0.446,0.462,0.446,0.462,53333,0
ASR,5,20210312,123000,0.462,0.48,0.462,0.48,6800,0
ASR,5,20210312,125500,0.478,0.478,0.478,0.478,3,0
ASR,5,20210312,132500,0.478,0.48,0.478,0.48,20800,0
ASR,5,20210312,133000,0.48,0.48,0.48,0.48,920,0
ASR,5,20210312,133500,0.452,0.452,0.452,0.452,1,0
ASR,5,20210312,151500,0.476,0.48,0.462,0.48,10912,0
ASR,5,20210312,152000,0.478,0.478,0.462,0.462,631,0
ASR,5,20210312,153000,0.478,0.48,0.478,0.48,10000,0
ASR,5,20210312,154000,0.462,0.48,0.462,0.48,4001,0
ASR,5,20210312,155000,0.48,0.48,0.48,0.48,7009,0
ASR,5,20210312,155500,0.49,0.53,0.49,0.53,11500,0
ASR,5,20210312,160000,0.53,0.53,0.48,0.48,8479,0
ASR,5,20210312,164000,0.5,0.515,0.5,0.515,1500,0
ASR,5,20210312,164500,0.515,0.515,0.482,0.505,3103,0
ASR,5,20210315,090000,0.482,0.482,0.482,0.482,1,0
ASR,5,20210315,091000,0.505,0.505,0.482,0.482,12,0
ASR,5,20210315,093000,0.51,0.51,0.51,0.51,500,0
ASR,5,20210315,094000,0.482,0.482,0.482,0.482,1,0
ASR,5,20210315,095500,0.482,0.482,0.482,0.482,230,0
ASR,5,20210315,101500,0.51,0.51,0.51,0.51,111,0
ASR,5,20210315,103500,0.482,0.482,0.482,0.482,1,0
ASR,5,20210315,120500,0.505,0.505,0.505,0.505,100,0
ASR,5,20210315,124000,0.505,0.515,0.505,0.515,1150,0
ASR,5,20210315,132000,0.482,0.515,0.482,0.515,101,0
ASR,5,20210315,132500,0.482,0.482,0.482,0.482,287,0
ASR,5,20210315,133000,0.515,0.515,0.515,0.515,62,0
ASR,5,20210315,161500,0.482,0.482,0.482,0.482,4100,0
ASR,5,20210315,164500,0.515,0.515,0.515,0.515,1111,0
ASR,5,20210316,090000,0.48,0.48,0.456,0.456,5330,0
ASR,5,20210316,095000,0.47,0.49,0.47,0.49,700,0
ASR,5,20210316,124500,0.47,0.47,0.47,0.47,1,0
ASR,5,20210316,133000,0.49,0.49,0.49,0.49,50,0
ASR,5,20210316,151000,0.47,0.47,0.47,0.47,1,0
ASR,5,20210316,154500,0.47,0.47,0.47,0.47,3,0
ASR,5,20210317,090000,0.46,0.46,0.46,0.46,5001,0
ASR,5,20210317,092000,0.488,0.488,0.488,0.488,40,0
ASR,5,20210317,094500,0.462,0.462,0.462,0.462,1,0
ASR,5,20210317,114500,0.488,0.488,0.488,0.488,350,0
ASR,5,20210317,135500,0.464,0.464,0.464,0.464,3000,0
ASR,5,20210317,143000,0.464,0.464,0.464,0.464,1140,0
ASR,5,20210317,162000,0.464,0.464,0.464,0.464,3254,0
ASR,5,20210317,164500,0.478,0.478,0.478,0.478,800,0
ASR,5,20210317,165500,0.464,0.464,0.464,0.464,2,0
ASR,5,20210318,093500,0.48,0.48,0.48,0.48,5101,0
ASR,5,20210318,094500,0.48,0.515,0.47,0.515,9354,0
ASR,5,20210318,095000,0.51,0.51,0.476,0.476,11925,0
ASR,5,20210318,105000,0.515,0.515,0.515,0.515,10,0
ASR,5,20210318,115000,0.48,0.48,0.48,0.48,1,0
ASR,5,20210318,145000,0.505,0.505,0.505,0.505,300,0
ASR,5,20210318,151000,0.505,0.505,0.505,0.505,1880,0
ASR,5,20210318,153500,0.49,0.49,0.49,0.49,4400,0
ASR,5,20210318,155000,0.484,0.484,0.484,0.484,1,0
ASR,5,20210318,155500,0.484,0.484,0.484,0.484,11999,0
ASR,5,20210318,160000,0.482,0.482,0.482,0.482,1,0
ASR,5,20210318,161500,0.482,0.482,0.482,0.482,1,0
ASR,5,20210318,163500,0.484,0.484,0.484,0.484,1,0
ASR,5,20210318,164500,0.505,0.505,0.505,0.505,555,0
ASR,5,20210319,090000,0.484,0.484,0.484,0.484,1,0
ASR,5,20210319,091500,0.484,0.484,0.484,0.484,1600,0
ASR,5,20210319,093500,0.505,0.505,0.505,0.505,100,0
ASR,5,20210319,095000,0.5,0.5,0.5,0.5,5000,0
ASR,5,20210319,095500,0.5,0.5,0.5,0.5,5000,0
ASR,5,20210319,112000,0.5,0.5,0.5,0.5,10000,0
ASR,5,20210319,120000,0.5,0.5,0.49,0.49,1420,0
ASR,5,20210319,125500,0.49,0.49,0.49,0.49,500,0
ASR,5,20210319,130500,0.49,0.49,0.49,0.49,4500,0
ASR,5,20210319,132000,0.488,0.49,0.488,0.49,24000,0
ASR,5,20210319,132500,0.492,0.492,0.492,0.492,48000,0
ASR,5,20210319,133000,0.492,0.515,0.492,0.515,14060,0
ASR,5,20210319,133500,0.49,0.492,0.49,0.492,5001,0
ASR,5,20210319,134000,0.5,0.5,0.5,0.5,5000,0
ASR,5,20210319,134500,0.5,0.5,0.486,0.498,89266,0
ASR,5,20210319,135000,0.49,0.51,0.49,0.51,6800,0
ASR,5,20210319,142000,0.476,0.484,0.446,0.484,11823,0
ASR,5,20210319,142500,0.484,0.5,0.484,0.5,11000,0
ASR,5,20210319,143000,0.46,0.46,0.46,0.46,1,0
ASR,5,20210319,143500,0.46,0.46,0.454,0.454,500,0
ASR,5,20210319,145000,0.498,0.498,0.498,0.498,1,0
ASR,5,20210319,150000,0.462,0.462,0.462,0.462,1,0
ASR,5,20210319,162000,0.454,0.454,0.454,0.454,1,0
ASR,5,20210319,163000,0.468,0.468,0.468,0.468,580,0
ASR,5,20210319,164500,0.498,0.5,0.462,0.462,5002,0
ASR,5,20210322,090000,0.498,0.498,0.47,0.47,61,0
ASR,5,20210322,092000,0.498,0.498,0.498,0.498,1,0
ASR,5,20210322,102500,0.498,0.5,0.498,0.5,3000,0
ASR,5,20210322,103000,0.5,0.5,0.5,0.5,8163,0
ASR,5,20210322,104000,0.5,0.505,0.5,0.505,3500,0
ASR,5,20210322,104500,0.505,0.505,0.505,0.505,8000,0
ASR,5,20210322,105500,0.505,0.535,0.505,0.535,1600,0
ASR,5,20210322,110000,0.535,0.535,0.535,0.535,2000,0
ASR,5,20210322,110500,0.53,0.535,0.53,0.535,700,0
ASR,5,20210322,111000,0.53,0.54,0.53,0.54,3480,0
ASR,5,20210322,122000,0.51,0.51,0.51,0.51,1960,0
ASR,5,20210322,124500,0.52,0.52,0.52,0.52,1,0
ASR,5,20210322,125500,0.494,0.494,0.494,0.494,1,0
ASR,5,20210322,142000,0.52,0.52,0.52,0.52,56,0
ASR,5,20210322,150000,0.52,0.52,0.52,0.52,1860,0
ASR,5,20210322,164500,0.5,0.5,0.5,0.5,11,0
ASR,5,20210323,090500,0.5,0.5,0.5,0.5,6500,0
ASR,5,20210323,093000,0.496,0.496,0.496,0.496,2000,0
ASR,5,20210323,094000,0.51,0.51,0.51,0.51,360,0
ASR,5,20210323,125500,0.5,0.51,0.5,0.51,5000,0
ASR,5,20210323,140500,0.5,0.5,0.5,0.5,8000,0
ASR,5,20210323,142000,0.5,0.5,0.5,0.5,4000,0
ASR,5,20210323,143500,0.5,0.5,0.5,0.5,8000,0
ASR,5,20210323,144000,0.5,0.5,0.5,0.5,7500,0
ASR,5,20210323,151500,0.5,0.5,0.5,0.5,3000,0
ASR,5,20210323,164500,0.51,0.53,0.51,0.53,10000,0
ASR,5,20210323,165500,0.54,0.54,0.54,0.54,8500,0
ASR,5,20210324,090000,0.54,0.54,0.535,0.535,4333,0
ASR,5,20210324,091500,0.505,0.505,0.505,0.505,100,0
ASR,5,20210324,092000,0.535,0.575,0.535,0.575,21863,0
ASR,5,20210324,104500,0.545,0.545,0.545,0.545,1740,0
ASR,5,20210324,120500,0.555,0.575,0.555,0.575,5000,0
ASR,5,20210324,121000,0.575,0.575,0.575,0.575,38,0
ASR,5,20210324,122500,0.575,0.575,0.575,0.575,2300,0
ASR,5,20210324,124500,0.575,0.58,0.575,0.58,880,0
ASR,5,20210324,125000,0.58,0.58,0.58,0.58,5554,0
ASR,5,20210324,125500,0.58,0.595,0.58,0.595,1600,0
ASR,5,20210324,130500,0.58,0.58,0.54,0.54,14,0
ASR,5,20210324,131500,0.58,0.58,0.58,0.58,200,0
ASR,5,20210324,144500,0.57,0.64,0.57,0.64,115034,0
ASR,5,20210324,145000,0.66,0.73,0.66,0.73,50265,0
ASR,5,20210324,145500,0.73,0.76,0.67,0.74,42590,0
ASR,5,20210324,150000,0.73,0.76,0.73,0.74,33999,0
ASR,5,20210324,150500,0.75,0.76,0.75,0.76,1035,0
ASR,5,20210324,151000,0.77,0.77,0.7,0.7,9445,0
ASR,5,20210324,151500,0.77,0.77,0.665,0.74,32740,0
ASR,5,20210324,152000,0.71,0.73,0.7,0.73,5731,0
ASR,5,20210324,152500,0.73,0.74,0.665,0.74,14472,0
ASR,5,20210324,153000,0.73,0.77,0.71,0.77,31702,0
ASR,5,20210324,162000,0.77,0.77,0.77,0.77,41679,0
ASR,5,20210324,163000,0.77,0.77,0.77,0.77,6000,0
ASR,5,20210324,163500,0.77,0.77,0.77,0.77,500,0
ASR,5,20210324,165500,0.77,0.77,0.77,0.77,122961,0
ASR,5,20210325,090000,0.89,0.97,0.81,0.97,333066,0
ASR,5,20210325,090500,0.95,1.05,0.95,1,267325,0
ASR,5,20210325,091000,1,1.06,1,1.06,82457,0
ASR,5,20210325,104500,1.1,1.1,1.1,1.1,126478,0
ASR,5,20210325,112000,1.1,1.1,1,1,61605,0
ASR,5,20210325,112500,1.02,1.02,0.92,1,46484,0
ASR,5,20210325,113000,1.01,1.09,0.97,1,38443,0
ASR,5,20210325,113500,1,1.05,0.93,0.93,70750,0
ASR,5,20210325,114000,0.93,0.98,0.925,0.955,59357,0
ASR,5,20210325,114500,0.98,1.05,0.95,0.98,75381,0
ASR,5,20210325,115000,0.95,0.99,0.93,0.94,27651,0
ASR,5,20210325,115500,0.94,0.97,0.94,0.97,3945,0
ASR,5,20210325,120000,0.94,0.945,0.925,0.93,10310,0
ASR,5,20210325,120500,0.945,0.97,0.925,0.925,5012,0
ASR,5,20210325,121000,0.94,0.94,0.93,0.93,3133,0
ASR,5,20210325,121500,0.925,0.98,0.92,0.92,28151,0
ASR,5,20210325,122500,0.94,0.97,0.94,0.97,26545,0
ASR,5,20210325,123000,0.96,0.96,0.935,0.935,4877,0
ASR,5,20210325,123500,0.96,0.96,0.96,0.96,697,0
ASR,5,20210325,124000,0.96,0.96,0.96,0.96,3000,0
ASR,5,20210325,124500,0.96,0.98,0.95,0.98,21560,0
ASR,5,20210325,125000,0.95,0.95,0.95,0.95,1439,0
ASR,5,20210325,130000,0.955,0.955,0.955,0.955,1,0
ASR,5,20210325,131500,0.955,0.955,0.95,0.955,2399,0
ASR,5,20210325,132000,0.96,0.985,0.935,0.985,14539,0
ASR,5,20210325,132500,0.985,1,0.95,1,6344,0
ASR,5,20210325,133000,1,1.02,1,1.02,58518,0
ASR,5,20210325,133500,1.01,1.02,1,1.02,13368,0
ASR,5,20210325,134000,1,1,0.89,0.975,55806,0
ASR,5,20210325,134500,0.975,0.98,0.93,0.95,44814,0
ASR,5,20210325,140000,0.93,0.97,0.93,0.97,8423,0
ASR,5,20210325,140500,0.97,0.97,0.97,0.97,342,0
ASR,5,20210325,141000,0.97,0.97,0.9,0.9,28055,0
ASR,5,20210325,141500,0.94,0.94,0.895,0.92,10010,0
ASR,5,20210325,142000,0.895,0.91,0.895,0.91,1696,0
ASR,5,20210325,142500,0.895,0.94,0.895,0.94,16330,0
ASR,5,20210325,143000,0.92,0.92,0.92,0.92,3464,0
ASR,5,20210325,144000,0.92,0.92,0.92,0.92,3806,0
ASR,5,20210325,145500,0.92,0.92,0.92,0.92,1499,0
ASR,5,20210325,150000,0.9,0.93,0.9,0.93,246,0
ASR,5,20210325,150500,0.9,0.9,0.89,0.9,4804,0
ASR,5,20210325,151000,0.89,0.89,0.89,0.89,420,0
ASR,5,20210325,151500,0.89,0.89,0.88,0.88,6414,0
ASR,5,20210325,152000,0.86,0.87,0.8,0.84,37910,0
ASR,5,20210325,152500,0.86,0.86,0.78,0.8,33000,0
ASR,5,20210325,153000,0.8,0.8,0.8,0.8,1500,0
ASR,5,20210325,153500,0.78,0.795,0.77,0.795,27145,0
ASR,5,20210325,154000,0.775,0.775,0.775,0.775,1500,0
ASR,5,20210325,154500,0.78,0.78,0.77,0.77,1500,0
ASR,5,20210325,155000,0.77,0.77,0.72,0.76,47595,0
ASR,5,20210325,155500,0.77,0.78,0.77,0.78,22784,0
ASR,5,20210325,160000,0.77,0.77,0.76,0.76,1640,0
ASR,5,20210325,160500,0.76,0.76,0.76,0.76,600,0
ASR,5,20210325,161000,0.76,0.78,0.76,0.78,2576,0
ASR,5,20210325,161500,0.76,0.77,0.75,0.75,4591,0
ASR,5,20210325,162000,0.75,0.75,0.745,0.75,4380,0
ASR,5,20210325,162500,0.745,0.77,0.73,0.735,32161,0
ASR,5,20210325,163500,0.76,0.76,0.76,0.76,33,0
ASR,5,20210325,164000,0.75,0.75,0.75,0.75,2851,0
ASR,5,20210325,164500,0.75,0.77,0.74,0.745,11448,0
ASR,5,20210325,165500,0.745,0.745,0.745,0.745,823,0
ASR,5,20210326,090000,0.76,0.86,0.76,0.86,18777,0
ASR,5,20210326,090500,0.82,0.85,0.78,0.78,22152,0
ASR,5,20210326,091000,0.78,0.78,0.78,0.78,613,0
ASR,5,20210326,091500,0.77,0.78,0.77,0.78,1452,0
ASR,5,20210326,092000,0.78,0.78,0.78,0.78,467,0
ASR,5,20210326,092500,0.795,0.795,0.77,0.77,4064,0
ASR,5,20210326,093000,0.77,0.795,0.77,0.795,6530,0
ASR,5,20210326,094000,0.81,0.815,0.81,0.815,3500,0
ASR,5,20210326,094500,0.82,0.85,0.82,0.85,14569,0
ASR,5,20210326,095000,0.82,0.88,0.82,0.88,41435,0
ASR,5,20210326,095500,0.85,0.85,0.815,0.82,16809,0
ASR,5,20210326,100000,0.86,0.86,0.815,0.845,23333,0
ASR,5,20210326,100500,0.85,0.86,0.81,0.85,22859,0
ASR,5,20210326,101000,0.845,0.845,0.79,0.79,11065,0
ASR,5,20210326,101500,0.83,0.83,0.79,0.79,2012,0
ASR,5,20210326,102000,0.78,0.825,0.78,0.825,462,0
ASR,5,20210326,103500,0.82,0.825,0.82,0.825,1200,0
ASR,5,20210326,104000,0.81,0.835,0.81,0.835,1035,0
ASR,5,20210326,104500,0.81,0.81,0.78,0.78,25164,0
ASR,5,20210326,110500,0.8,0.8,0.8,0.8,500,0
ASR,5,20210326,111000,0.78,0.78,0.77,0.77,3897,0
ASR,5,20210326,111500,0.77,0.77,0.76,0.76,8000,0
ASR,5,20210326,112000,0.79,0.79,0.79,0.79,1561,0
ASR,5,20210326,112500,0.765,0.765,0.765,0.765,11,0
ASR,5,20210326,114000,0.765,0.765,0.765,0.765,167,0
ASR,5,20210326,120500,0.785,0.8,0.785,0.8,3446,0
ASR,5,20210326,122000,0.78,0.78,0.77,0.77,5150,0
ASR,5,20210326,122500,0.79,0.79,0.79,0.79,500,0
ASR,5,20210326,123500,0.79,0.79,0.79,0.79,864,0
ASR,5,20210326,125000,0.775,0.775,0.775,0.775,700,0
ASR,5,20210326,130500,0.775,0.775,0.77,0.77,3768,0
ASR,5,20210326,131000,0.77,0.77,0.765,0.765,1275,0
ASR,5,20210326,131500,0.765,0.765,0.76,0.76,5448,0
ASR,5,20210326,132000,0.8,0.81,0.79,0.81,10000,0
ASR,5,20210326,132500,0.805,0.805,0.77,0.77,112,0
ASR,5,20210326,133500,0.77,0.77,0.765,0.765,2499,0
ASR,5,20210326,134500,0.765,0.765,0.745,0.745,7380,0
ASR,5,20210326,140000,0.745,0.745,0.745,0.745,2500,0
ASR,5,20210326,140500,0.75,0.75,0.75,0.75,453,0
ASR,5,20210326,142000,0.755,0.755,0.75,0.75,2500,0
ASR,5,20210326,143000,0.77,0.77,0.77,0.77,400,0
ASR,5,20210326,144000,0.775,0.79,0.775,0.79,5000,0
ASR,5,20210326,144500,0.785,0.8,0.785,0.8,5000,0
ASR,5,20210326,150000,0.77,0.77,0.75,0.75,6759,0
ASR,5,20210326,150500,0.745,0.745,0.73,0.73,25788,0
ASR,5,20210326,151000,0.73,0.73,0.73,0.73,15753,0
ASR,5,20210326,152500,0.745,0.745,0.745,0.745,3620,0
ASR,5,20210326,153000,0.74,0.74,0.74,0.74,5555,0
ASR,5,20210326,154000,0.73,0.73,0.73,0.73,5800,0
ASR,5,20210326,163000,0.72,0.72,0.72,0.72,11,0
ASR,5,20210326,163500,0.72,0.72,0.72,0.72,19489,0
ASR,5,20210326,164000,0.705,0.71,0.705,0.71,2587,0
ASR,5,20210326,164500,0.71,0.74,0.7,0.74,11402,0
