<TICKER>,<PER>,<DATE>,<TIME>,<OPEN>,<HIGH>,<LOW>,<CLOSE>,<VOL>,<OPENINT>
ATO,5,20210204,110000,0.212,0.212,0.212,0.212,47000,0
ATO,5,20210204,110500,0.212,0.212,0.212,0.212,1340,0
ATO,5,20210204,150000,0.23,0.23,0.23,0.23,15000,0
ATO,5,20210208,110000,0.22,0.22,0.22,0.22,10200,0
ATO,5,20210208,110500,0.22,0.22,0.22,0.22,1000,0
ATO,5,20210208,150000,0.22,0.22,0.22,0.22,5500,0
ATO,5,20210209,110000,0.214,0.214,0.214,0.214,26470,0
ATO,5,20210209,150000,0.212,0.212,0.212,0.212,102976,0
ATO,5,20210209,150500,0.212,0.212,0.212,0.212,3020,0
ATO,5,20210210,110000,0.216,0.216,0.216,0.216,5416,0
ATO,5,20210210,150000,0.23,0.23,0.23,0.23,78000,0
ATO,5,20210210,152500,0.23,0.23,0.23,0.23,13,0
ATO,5,20210211,110000,0.25,0.25,0.25,0.25,173429,0
ATO,5,20210211,110500,0.25,0.25,0.25,0.25,3000,0
ATO,5,20210211,111000,0.25,0.25,0.25,0.25,27000,0
ATO,5,20210211,112500,0.25,0.25,0.25,0.25,56000,0
ATO,5,20210211,150000,0.276,0.276,0.276,0.276,13500,0
ATO,5,20210211,151000,0.276,0.276,0.276,0.276,1000,0
ATO,5,20210211,152000,0.276,0.276,0.276,0.276,4000,0
ATO,5,20210212,110000,0.35,0.35,0.35,0.35,123630,0
ATO,5,20210212,111500,0.35,0.35,0.35,0.35,2848,0
ATO,5,20210212,112000,0.35,0.35,0.35,0.35,1420,0
ATO,5,20210212,150000,0.348,0.348,0.348,0.348,69637,0
ATO,5,20210215,110000,0.378,0.378,0.378,0.378,60370,0
ATO,5,20210215,150000,0.36,0.36,0.36,0.36,643001,0
ATO,5,20210215,150500,0.36,0.36,0.36,0.36,6500,0
ATO,5,20210215,151000,0.36,0.36,0.36,0.36,93000,0
ATO,5,20210215,152000,0.36,0.36,0.36,0.36,48459,0
ATO,5,20210216,110000,0.38,0.38,0.38,0.38,10860,0
ATO,5,20210216,150000,0.348,0.348,0.348,0.348,16625,0
ATO,5,20210217,110000,0.31,0.31,0.31,0.31,14280,0
ATO,5,20210217,150000,0.3,0.3,0.3,0.3,13595,0
ATO,5,20210217,150500,0.3,0.3,0.3,0.3,3281,0
ATO,5,20210217,152500,0.3,0.3,0.3,0.3,5000,0
ATO,5,20210218,110000,0.26,0.26,0.26,0.26,24125,0
ATO,5,20210218,150000,0.286,0.286,0.286,0.286,5438,0
ATO,5,20210218,152500,0.286,0.286,0.286,0.286,562,0
ATO,5,20210219,110000,0.284,0.284,0.284,0.284,10000,0
ATO,5,20210219,150000,0.25,0.25,0.25,0.25,25000,0
ATO,5,20210222,110000,0.29,0.29,0.29,0.29,10200,0
ATO,5,20210222,150000,0.27,0.27,0.27,0.27,10000,0
ATO,5,20210223,110000,0.308,0.308,0.308,0.308,8281,0
ATO,5,20210223,110500,0.308,0.308,0.308,0.308,246,0
ATO,5,20210223,112500,0.308,0.308,0.308,0.308,300,0
ATO,5,20210223,150000,0.26,0.26,0.26,0.26,20000,0
ATO,5,20210223,150500,0.26,0.26,0.26,0.26,5000,0
ATO,5,20210223,151500,0.26,0.26,0.26,0.26,2700,0
ATO,5,20210224,110000,0.25,0.25,0.25,0.25,23300,0
ATO,5,20210224,110500,0.25,0.25,0.25,0.25,8000,0
ATO,5,20210224,112500,0.25,0.25,0.25,0.25,500,0
ATO,5,20210224,150000,0.242,0.242,0.242,0.242,12000,0
ATO,5,20210224,152500,0.242,0.242,0.242,0.242,8000,0
ATO,5,20210225,110000,0.242,0.242,0.242,0.242,26500,0
ATO,5,20210225,150000,0.27,0.27,0.27,0.27,500,0
ATO,5,20210226,110000,0.278,0.278,0.278,0.278,48583,0
ATO,5,20210226,150000,0.278,0.278,0.278,0.278,48400,0
ATO,5,20210301,110000,0.284,0.284,0.284,0.284,13303,0
ATO,5,20210301,111000,0.284,0.284,0.284,0.284,1000,0
ATO,5,20210301,150000,0.31,0.31,0.31,0.31,1900,0
ATO,5,20210302,110000,0.33,0.33,0.33,0.33,24695,0
ATO,5,20210302,110500,0.33,0.33,0.33,0.33,4316,0
ATO,5,20210302,150000,0.38,0.38,0.38,0.38,67613,0
ATO,5,20210302,150500,0.38,0.38,0.38,0.38,300,0
ATO,5,20210302,151500,0.38,0.38,0.38,0.38,5247,0
ATO,5,20210302,152000,0.38,0.38,0.38,0.38,1600,0
ATO,5,20210303,110000,0.28,0.28,0.28,0.28,105200,0
ATO,5,20210303,110500,0.28,0.28,0.28,0.28,459,0
ATO,5,20210303,150000,0.28,0.28,0.28,0.28,188700,0
ATO,5,20210304,110000,0.284,0.284,0.284,0.284,15300,0
ATO,5,20210304,112500,0.284,0.284,0.284,0.284,1000,0
ATO,5,20210304,150000,0.314,0.314,0.314,0.314,333,0
ATO,5,20210305,110000,0.276,0.276,0.276,0.276,22100,0
ATO,5,20210305,150000,0.264,0.264,0.264,0.264,160879,0
ATO,5,20210305,150500,0.264,0.264,0.264,0.264,4200,0
ATO,5,20210305,151500,0.264,0.264,0.264,0.264,1000,0
ATO,5,20210305,152500,0.264,0.264,0.264,0.264,188476,0
ATO,5,20210308,110000,0.264,0.264,0.264,0.264,23145,0
ATO,5,20210308,150000,0.264,0.264,0.264,0.264,70000,0
ATO,5,20210309,110000,0.28,0.28,0.28,0.28,17500,0
ATO,5,20210309,111000,0.28,0.28,0.28,0.28,2667,0
ATO,5,20210309,150000,0.28,0.28,0.28,0.28,16111,0
ATO,5,20210309,151000,0.28,0.28,0.28,0.28,5000,0
ATO,5,20210310,110000,0.262,0.262,0.262,0.262,1411,0
ATO,5,20210310,111500,0.262,0.262,0.262,0.262,200,0
ATO,5,20210310,150000,0.266,0.266,0.266,0.266,10399,0
ATO,5,20210311,110000,0.25,0.25,0.25,0.25,66000,0
ATO,5,20210311,110500,0.25,0.25,0.25,0.25,69043,0
ATO,5,20210311,111000,0.25,0.25,0.25,0.25,5412,0
ATO,5,20210311,112000,0.25,0.25,0.25,0.25,800,0
ATO,5,20210311,150000,0.27,0.27,0.27,0.27,17990,0
ATO,5,20210312,110000,0.28,0.28,0.28,0.28,59500,0
ATO,5,20210312,111500,0.28,0.28,0.28,0.28,1000,0
ATO,5,20210312,150000,0.29,0.29,0.29,0.29,221,0
ATO,5,20210312,150500,0.29,0.29,0.29,0.29,18370,0
ATO,5,20210312,151500,0.29,0.29,0.29,0.29,8437,0
ATO,5,20210312,152000,0.29,0.29,0.29,0.29,18535,0
ATO,5,20210315,110000,0.29,0.29,0.29,0.29,35025,0
ATO,5,20210315,111500,0.29,0.29,0.29,0.29,21,0
ATO,5,20210315,150000,0.27,0.27,0.27,0.27,20000,0
ATO,5,20210315,151000,0.27,0.27,0.27,0.27,20000,0
ATO,5,20210315,151500,0.27,0.27,0.27,0.27,20000,0
ATO,5,20210316,110000,0.3,0.3,0.3,0.3,14452,0
ATO,5,20210316,110500,0.3,0.3,0.3,0.3,58188,0
ATO,5,20210316,111500,0.3,0.3,0.3,0.3,10500,0
ATO,5,20210316,112000,0.3,0.3,0.3,0.3,16418,0
ATO,5,20210316,112500,0.3,0.3,0.3,0.3,13582,0
ATO,5,20210316,150000,0.3,0.3,0.3,0.3,141650,0
ATO,5,20210316,150500,0.3,0.3,0.3,0.3,106800,0
ATO,5,20210316,151000,0.3,0.3,0.3,0.3,1000,0
ATO,5,20210316,152000,0.3,0.3,0.3,0.3,980,0
ATO,5,20210316,152500,0.3,0.3,0.3,0.3,36320,0
ATO,5,20210317,110000,0.28,0.28,0.28,0.28,51172,0
ATO,5,20210317,150000,0.298,0.298,0.298,0.298,7396,0
ATO,5,20210318,110000,0.3,0.3,0.3,0.3,14199,0
ATO,5,20210318,112000,0.3,0.3,0.3,0.3,500,0
ATO,5,20210318,150000,0.298,0.298,0.298,0.298,8326,0
ATO,5,20210318,150500,0.298,0.298,0.298,0.298,3475,0
ATO,5,20210319,110000,0.284,0.284,0.284,0.284,5000,0
ATO,5,20210319,150000,0.284,0.284,0.284,0.284,2000,0
ATO,5,20210322,110000,0.3,0.3,0.3,0.3,3110,0
ATO,5,20210322,150000,0.298,0.298,0.298,0.298,30070,0
ATO,5,20210323,110000,0.3,0.3,0.3,0.3,14000,0
ATO,5,20210323,150000,0.298,0.298,0.298,0.298,19262,0
ATO,5,20210324,110000,0.286,0.286,0.286,0.286,4511,0
ATO,5,20210324,110500,0.286,0.286,0.286,0.286,5000,0
ATO,5,20210324,111000,0.286,0.286,0.286,0.286,489,0
ATO,5,20210324,112500,0.286,0.286,0.286,0.286,511,0
ATO,5,20210324,150000,0.274,0.274,0.274,0.274,40000,0
ATO,5,20210325,110000,0.262,0.262,0.262,0.262,40970,0
ATO,5,20210325,150000,0.27,0.27,0.27,0.27,6000,0
ATO,5,20210325,150500,0.27,0.27,0.27,0.27,500,0
ATO,5,20210326,110000,0.27,0.27,0.27,0.27,8138,0
ATO,5,20210326,110500,0.27,0.27,0.27,0.27,689,0
ATO,5,20210326,150000,0.27,0.27,0.27,0.27,2611,0
