<TICKER>,<PER>,<DATE>,<TIME>,<OPEN>,<HIGH>,<LOW>,<CLOSE>,<VOL>,<OPENINT>
AVE,5,20210204,090000,1.44,1.44,1.44,1.44,2500,0
AVE,5,20210204,094000,1.44,1.46,1.44,1.46,10265,0
AVE,5,20210204,100000,1.45,1.45,1.44,1.44,5000,0
AVE,5,20210204,100500,1.44,1.46,1.44,1.46,870,0
AVE,5,20210204,102000,1.44,1.44,1.36,1.36,13753,0
AVE,5,20210204,102500,1.36,1.36,1.36,1.36,2146,0
AVE,5,20210204,103000,1.36,1.45,1.36,1.45,229,0
AVE,5,20210204,111500,1.43,1.44,1.43,1.44,3900,0
AVE,5,20210204,120500,1.4,1.4,1.39,1.39,150,0
AVE,5,20210204,122000,1.43,1.43,1.43,1.43,500,0
AVE,5,20210204,132000,1.43,1.43,1.43,1.43,500,0
AVE,5,20210204,134000,1.43,1.44,1.43,1.44,12330,0
AVE,5,20210204,143500,1.43,1.43,1.43,1.43,1000,0
AVE,5,20210204,150500,1.43,1.43,1.43,1.43,200,0
AVE,5,20210204,151500,1.4,1.4,1.4,1.4,360,0
AVE,5,20210204,160000,1.43,1.43,1.43,1.43,3,0
AVE,5,20210204,161000,1.41,1.41,1.41,1.41,200,0
AVE,5,20210204,163000,1.41,1.41,1.41,1.41,260,0
AVE,5,20210204,164500,1.41,1.41,1.41,1.41,9344,0
AVE,5,20210205,090000,1.48,1.5,1.48,1.5,1078,0
AVE,5,20210205,090500,1.48,1.6,1.48,1.6,12000,0
AVE,5,20210205,091000,1.55,1.6,1.55,1.55,8007,0
AVE,5,20210205,091500,1.55,1.7,1.55,1.7,10704,0
AVE,5,20210205,092000,1.65,1.77,1.65,1.7,47751,0
AVE,5,20210205,092500,1.71,1.71,1.71,1.71,9996,0
AVE,5,20210205,093000,1.72,1.73,1.72,1.72,1850,0
AVE,5,20210205,093500,1.72,1.72,1.72,1.72,5200,0
AVE,5,20210205,094000,1.72,1.72,1.65,1.65,1690,0
AVE,5,20210205,094500,1.65,1.65,1.65,1.65,1700,0
AVE,5,20210205,095000,1.6,1.69,1.6,1.69,2110,0
AVE,5,20210205,095500,1.55,1.55,1.55,1.55,2296,0
AVE,5,20210205,100000,1.56,1.68,1.56,1.68,16,0
AVE,5,20210205,100500,1.58,1.58,1.56,1.56,2999,0
AVE,5,20210205,101500,1.68,1.68,1.57,1.57,5001,0
AVE,5,20210205,102500,1.65,1.65,1.56,1.56,610,0
AVE,5,20210205,103000,1.65,1.65,1.54,1.54,6473,0
AVE,5,20210205,104000,1.54,1.54,1.54,1.54,201,0
AVE,5,20210205,104500,1.57,1.6,1.57,1.6,1100,0
AVE,5,20210205,105000,1.6,1.6,1.6,1.6,228,0
AVE,5,20210205,110000,1.6,1.64,1.6,1.6,10640,0
AVE,5,20210205,110500,1.64,1.64,1.64,1.64,1036,0
AVE,5,20210205,111500,1.56,1.63,1.55,1.63,4714,0
AVE,5,20210205,113000,1.55,1.55,1.55,1.55,1400,0
AVE,5,20210205,113500,1.6,1.6,1.6,1.6,153,0
AVE,5,20210205,115500,1.6,1.6,1.6,1.6,400,0
AVE,5,20210205,121000,1.55,1.55,1.55,1.55,660,0
AVE,5,20210205,122500,1.55,1.6,1.55,1.6,553,0
AVE,5,20210205,123000,1.6,1.6,1.6,1.6,830,0
AVE,5,20210205,131000,1.59,1.59,1.59,1.59,470,0
AVE,5,20210205,131500,1.55,1.55,1.55,1.55,10000,0
AVE,5,20210205,132000,1.55,1.55,1.54,1.54,2397,0
AVE,5,20210205,132500,1.53,1.53,1.5,1.5,3687,0
AVE,5,20210205,133000,1.5,1.5,1.5,1.5,1466,0
AVE,5,20210205,133500,1.5,1.54,1.5,1.5,16950,0
AVE,5,20210205,141000,1.5,1.5,1.5,1.5,3293,0
AVE,5,20210205,143000,1.5,1.5,1.43,1.43,4000,0
AVE,5,20210205,143500,1.43,1.43,1.43,1.43,555,0
AVE,5,20210205,144000,1.45,1.45,1.45,1.45,800,0
AVE,5,20210205,145000,1.44,1.44,1.44,1.44,545,0
AVE,5,20210205,145500,1.44,1.44,1.44,1.44,300,0
AVE,5,20210205,150500,1.45,1.45,1.45,1.45,155,0
AVE,5,20210205,152000,1.45,1.45,1.45,1.45,123,0
AVE,5,20210205,153500,1.43,1.44,1.4,1.4,1053,0
AVE,5,20210205,161500,1.4,1.45,1.4,1.45,1008,0
AVE,5,20210205,163500,1.45,1.45,1.45,1.45,100,0
AVE,5,20210205,164500,1.45,1.45,1.45,1.45,1000,0
AVE,5,20210208,090000,1.41,1.45,1.41,1.45,3927,0
AVE,5,20210208,090500,1.45,1.45,1.35,1.44,11563,0
AVE,5,20210208,091000,1.45,1.45,1.45,1.45,170,0
AVE,5,20210208,092000,1.45,1.45,1.45,1.45,1087,0
AVE,5,20210208,092500,1.39,1.39,1.38,1.38,1400,0
AVE,5,20210208,094000,1.39,1.39,1.39,1.39,729,0
AVE,5,20210208,094500,1.45,1.47,1.45,1.47,6600,0
AVE,5,20210208,095500,1.43,1.43,1.42,1.42,641,0
AVE,5,20210208,100500,1.5,1.5,1.43,1.5,677,0
AVE,5,20210208,103000,1.44,1.5,1.44,1.5,784,0
AVE,5,20210208,103500,1.5,1.51,1.42,1.51,10598,0
AVE,5,20210208,104000,1.41,1.41,1.41,1.41,300,0
AVE,5,20210208,104500,1.5,1.5,1.5,1.5,6,0
AVE,5,20210208,105500,1.5,1.5,1.5,1.5,100,0
AVE,5,20210208,114500,1.45,1.45,1.45,1.45,2500,0
AVE,5,20210208,122000,1.42,1.42,1.42,1.42,300,0
AVE,5,20210208,124000,1.43,1.43,1.43,1.43,400,0
AVE,5,20210208,124500,1.43,1.43,1.41,1.41,3040,0
AVE,5,20210208,125000,1.41,1.41,1.41,1.41,3077,0
AVE,5,20210208,125500,1.46,1.46,1.46,1.46,3,0
AVE,5,20210208,130500,1.41,1.41,1.4,1.4,3000,0
AVE,5,20210208,133500,1.4,1.4,1.38,1.38,1371,0
AVE,5,20210208,134000,1.38,1.38,1.38,1.38,429,0
AVE,5,20210208,135000,1.4,1.4,1.39,1.39,850,0
AVE,5,20210208,135500,1.36,1.36,1.31,1.31,4550,0
AVE,5,20210208,140000,1.31,1.31,1.3,1.3,7071,0
AVE,5,20210208,140500,1.28,1.35,1.28,1.35,797,0
AVE,5,20210208,141000,1.35,1.35,1.35,1.35,100,0
AVE,5,20210208,155000,1.3,1.3,1.3,1.3,3000,0
AVE,5,20210208,155500,1.3,1.3,1.3,1.3,899,0
AVE,5,20210208,161500,1.35,1.35,1.35,1.35,70,0
AVE,5,20210208,164500,1.31,1.35,1.31,1.35,1319,0
AVE,5,20210209,090500,1.28,1.28,1.22,1.22,7085,0
AVE,5,20210209,091000,1.21,1.21,1.2,1.2,6339,0
AVE,5,20210209,091500,1.21,1.21,1.2,1.2,6021,0
AVE,5,20210209,092500,1.2,1.27,1.15,1.27,3431,0
AVE,5,20210209,093000,1.16,1.16,1.16,1.16,3000,0
AVE,5,20210209,093500,1.24,1.24,1.24,1.24,850,0
AVE,5,20210209,094000,1.24,1.24,1.24,1.24,78,0
AVE,5,20210209,094500,1.21,1.21,1.18,1.18,25055,0
AVE,5,20210209,095000,1.25,1.3,1.25,1.3,2839,0
AVE,5,20210209,100500,1.25,1.25,1.25,1.25,1747,0
AVE,5,20210209,102000,1.25,1.25,1.25,1.25,481,0
AVE,5,20210209,103500,1.3,1.3,1.3,1.3,475,0
AVE,5,20210209,112000,1.3,1.3,1.3,1.3,1533,0
AVE,5,20210209,113500,1.3,1.3,1.25,1.25,36500,0
AVE,5,20210209,121500,1.3,1.3,1.3,1.3,405,0
AVE,5,20210209,122000,1.25,1.25,1.25,1.25,2500,0
AVE,5,20210209,142000,1.3,1.3,1.3,1.3,6,0
AVE,5,20210209,161000,1.26,1.26,1.26,1.26,300,0
AVE,5,20210209,161500,1.26,1.29,1.26,1.29,4000,0
AVE,5,20210209,163000,1.26,1.26,1.25,1.25,4375,0
AVE,5,20210209,164500,1.25,1.25,1.25,1.25,41,0
AVE,5,20210210,090000,1.2,1.2,1.2,1.2,480,0
AVE,5,20210210,090500,1.21,1.21,1.21,1.21,830,0
AVE,5,20210210,091000,1.27,1.27,1.27,1.27,203,0
AVE,5,20210210,092500,1.27,1.27,1.23,1.23,1500,0
AVE,5,20210210,093000,1.27,1.27,1.27,1.27,1128,0
AVE,5,20210210,094000,1.27,1.3,1.27,1.3,2865,0
AVE,5,20210210,095000,1.3,1.3,1.3,1.3,2000,0
AVE,5,20210210,095500,1.3,1.3,1.3,1.3,327,0
AVE,5,20210210,111500,1.3,1.3,1.3,1.3,2623,0
AVE,5,20210210,112000,1.32,1.32,1.3,1.3,6207,0
AVE,5,20210210,113000,1.23,1.23,1.23,1.23,3000,0
AVE,5,20210210,125000,1.23,1.23,1.23,1.23,340,0
AVE,5,20210210,132500,1.25,1.3,1.25,1.3,7,0
AVE,5,20210210,141000,1.3,1.3,1.3,1.3,924,0
AVE,5,20210210,150000,1.3,1.3,1.3,1.3,4600,0
AVE,5,20210210,163000,1.25,1.25,1.23,1.23,2000,0
AVE,5,20210210,164500,1.23,1.23,1.23,1.23,4200,0
AVE,5,20210211,090000,1.32,1.32,1.32,1.32,2,0
AVE,5,20210211,091000,1.24,1.24,1.24,1.24,198,0
AVE,5,20210211,112500,1.25,1.32,1.25,1.32,13,0
AVE,5,20210211,125000,1.32,1.32,1.32,1.32,18,0
AVE,5,20210211,133500,1.32,1.32,1.26,1.26,2,0
AVE,5,20210211,143000,1.32,1.32,1.32,1.32,32,0
AVE,5,20210211,150500,1.26,1.26,1.26,1.26,153,0
AVE,5,20210211,151000,1.26,1.26,1.26,1.26,53,0
AVE,5,20210211,154500,1.32,1.32,1.32,1.32,1,0
AVE,5,20210211,155500,1.26,1.26,1.26,1.26,2184,0
AVE,5,20210211,161500,1.24,1.24,1.24,1.24,802,0
AVE,5,20210211,162000,1.24,1.24,1.24,1.24,1500,0
AVE,5,20210211,164000,1.24,1.24,1.24,1.24,12,0
AVE,5,20210211,164500,1.32,1.33,1.32,1.33,1450,0
AVE,5,20210212,090000,1.32,1.32,1.32,1.32,476,0
AVE,5,20210212,094500,1.26,1.26,1.26,1.26,500,0
AVE,5,20210212,105500,1.27,1.27,1.27,1.27,50,0
AVE,5,20210212,110000,1.27,1.27,1.27,1.27,416,0
AVE,5,20210212,111000,1.3,1.3,1.3,1.3,232,0
AVE,5,20210212,130500,1.26,1.26,1.26,1.26,1000,0
AVE,5,20210212,131000,1.24,1.24,1.24,1.24,549,0
AVE,5,20210212,141000,1.24,1.24,1.24,1.24,451,0
AVE,5,20210212,141500,1.22,1.22,1.22,1.22,49,0
AVE,5,20210212,144000,1.26,1.26,1.26,1.26,1000,0
AVE,5,20210212,155000,1.22,1.22,1.22,1.22,466,0
AVE,5,20210212,163000,1.22,1.22,1.21,1.21,10600,0
AVE,5,20210212,163500,1.21,1.21,1.21,1.21,1500,0
AVE,5,20210212,164500,1.21,1.27,1.2,1.2,11658,0
AVE,5,20210215,092500,1.22,1.28,1.22,1.28,500,0
AVE,5,20210215,093500,1.27,1.28,1.27,1.27,2137,0
AVE,5,20210215,094500,1.27,1.27,1.27,1.27,897,0
AVE,5,20210215,102000,1.26,1.26,1.22,1.22,2000,0
AVE,5,20210215,102500,1.27,1.27,1.27,1.27,703,0
AVE,5,20210215,103000,1.27,1.27,1.27,1.27,450,0
AVE,5,20210215,104000,1.29,1.29,1.29,1.29,47,0
AVE,5,20210215,105000,1.23,1.26,1.23,1.26,4200,0
AVE,5,20210215,110000,1.26,1.26,1.26,1.26,250,0
AVE,5,20210215,120000,1.26,1.26,1.26,1.26,50,0
AVE,5,20210215,120500,1.28,1.28,1.28,1.28,1786,0
AVE,5,20210215,132000,1.24,1.24,1.24,1.24,50,0
AVE,5,20210215,133500,1.25,1.25,1.25,1.25,316,0
AVE,5,20210215,144500,1.27,1.27,1.27,1.27,300,0
AVE,5,20210215,150500,1.27,1.27,1.27,1.27,2200,0
AVE,5,20210215,151000,1.27,1.27,1.27,1.27,1750,0
AVE,5,20210215,151500,1.25,1.25,1.25,1.25,50,0
AVE,5,20210215,155500,1.26,1.26,1.26,1.26,2000,0
AVE,5,20210215,162000,1.26,1.26,1.26,1.26,4745,0
AVE,5,20210215,163500,1.26,1.26,1.26,1.26,7668,0
AVE,5,20210215,164000,1.27,1.27,1.27,1.27,2332,0
AVE,5,20210215,164500,1.26,1.26,1.25,1.25,5500,0
AVE,5,20210216,090500,1.25,1.25,1.25,1.25,1000,0
AVE,5,20210216,091000,1.25,1.25,1.25,1.25,150,0
AVE,5,20210216,094000,1.25,1.25,1.25,1.25,100,0
AVE,5,20210216,095000,1.25,1.25,1.25,1.25,200,0
AVE,5,20210216,104000,1.25,1.25,1.23,1.23,817,0
AVE,5,20210216,105500,1.22,1.22,1.19,1.19,7000,0
AVE,5,20210216,121500,1.19,1.19,1.19,1.19,50,0
AVE,5,20210216,122500,1.19,1.19,1.19,1.19,450,0
AVE,5,20210216,124000,1.23,1.23,1.23,1.23,80,0
AVE,5,20210216,135500,1.23,1.23,1.23,1.23,1000,0
AVE,5,20210216,140000,1.22,1.22,1.22,1.22,50,0
AVE,5,20210216,144500,1.22,1.22,1.22,1.22,2234,0
AVE,5,20210216,145000,1.22,1.22,1.22,1.22,266,0
AVE,5,20210216,152000,1.22,1.22,1.22,1.22,2500,0
AVE,5,20210216,161000,1.22,1.22,1.22,1.22,1500,0
AVE,5,20210216,162000,1.22,1.22,1.22,1.22,1502,0
AVE,5,20210216,164000,1.23,1.23,1.23,1.23,600,0
AVE,5,20210217,090500,1.25,1.25,1.25,1.25,800,0
AVE,5,20210217,091000,1.22,1.22,1.22,1.22,400,0
AVE,5,20210217,101000,1.22,1.22,1.22,1.22,150,0
AVE,5,20210217,103000,1.25,1.32,1.25,1.32,1500,0
AVE,5,20210217,105500,1.24,1.24,1.24,1.24,2000,0
AVE,5,20210217,132500,1.24,1.24,1.24,1.24,1000,0
AVE,5,20210217,135000,1.24,1.24,1.24,1.24,700,0
AVE,5,20210217,135500,1.26,1.28,1.26,1.28,3995,0
AVE,5,20210217,140000,1.28,1.28,1.28,1.28,3000,0
AVE,5,20210217,140500,1.29,1.29,1.29,1.29,221,0
AVE,5,20210217,150500,1.25,1.25,1.25,1.25,246,0
AVE,5,20210217,151500,1.24,1.24,1.23,1.23,5800,0
AVE,5,20210217,162000,1.26,1.26,1.26,1.26,1605,0
AVE,5,20210217,164500,1.24,1.26,1.23,1.26,1750,0
AVE,5,20210218,090000,1.24,1.33,1.2,1.33,2758,0
AVE,5,20210218,090500,1.32,1.32,1.21,1.21,507,0
AVE,5,20210218,093500,1.3,1.3,1.3,1.3,180,0
AVE,5,20210218,095500,1.3,1.31,1.3,1.31,1274,0
AVE,5,20210218,104000,1.21,1.21,1.21,1.21,1,0
AVE,5,20210218,122000,1.28,1.28,1.28,1.28,700,0
AVE,5,20210218,123000,1.29,1.29,1.29,1.29,1098,0
AVE,5,20210218,123500,1.29,1.3,1.29,1.3,500,0
AVE,5,20210218,133500,1.3,1.3,1.3,1.3,7919,0
AVE,5,20210218,144000,1.3,1.3,1.3,1.3,1742,0
AVE,5,20210218,145500,1.28,1.28,1.28,1.28,636,0
AVE,5,20210218,151500,1.28,1.31,1.28,1.31,2922,0
AVE,5,20210218,152000,1.32,1.4,1.32,1.4,41528,0
AVE,5,20210218,152500,1.39,1.4,1.39,1.4,12674,0
AVE,5,20210218,153000,1.4,1.4,1.4,1.4,2831,0
AVE,5,20210218,153500,1.4,1.42,1.4,1.42,5069,0
AVE,5,20210218,154000,1.44,1.44,1.44,1.44,31,0
AVE,5,20210218,154500,1.44,1.45,1.44,1.45,19687,0
AVE,5,20210218,155000,1.43,1.43,1.43,1.43,60,0
AVE,5,20210218,155500,1.42,1.42,1.42,1.42,2480,0
AVE,5,20210218,160000,1.4,1.44,1.4,1.43,9137,0
AVE,5,20210218,160500,1.4,1.4,1.4,1.4,1973,0
AVE,5,20210218,161000,1.4,1.4,1.33,1.33,10430,0
AVE,5,20210218,161500,1.38,1.38,1.38,1.38,1,0
AVE,5,20210218,162500,1.33,1.33,1.32,1.32,1000,0
AVE,5,20210218,163000,1.38,1.38,1.38,1.38,5,0
AVE,5,20210218,163500,1.38,1.38,1.38,1.38,5000,0
AVE,5,20210218,164500,1.34,1.38,1.34,1.38,5102,0
AVE,5,20210219,090000,1.46,1.46,1.46,1.46,1000,0
AVE,5,20210219,093000,1.44,1.44,1.44,1.44,2,0
AVE,5,20210219,102000,1.36,1.36,1.36,1.36,100,0
AVE,5,20210219,103500,1.37,1.37,1.35,1.35,6500,0
AVE,5,20210219,110000,1.35,1.35,1.35,1.35,400,0
AVE,5,20210219,110500,1.42,1.42,1.42,1.42,1,0
AVE,5,20210219,122000,1.34,1.34,1.33,1.33,7971,0
AVE,5,20210219,122500,1.33,1.33,1.33,1.33,102,0
AVE,5,20210219,132000,1.33,1.33,1.32,1.32,4831,0
AVE,5,20210219,132500,1.32,1.32,1.32,1.32,1500,0
AVE,5,20210219,144500,1.38,1.38,1.38,1.38,150,0
AVE,5,20210219,150000,1.33,1.33,1.32,1.32,1500,0
AVE,5,20210219,153500,1.38,1.38,1.38,1.38,2450,0
AVE,5,20210219,163000,1.42,1.42,1.33,1.33,2,0
AVE,5,20210219,163500,1.42,1.42,1.42,1.42,8,0
AVE,5,20210222,090000,1.33,1.33,1.33,1.33,376,0
AVE,5,20210222,091500,1.34,1.34,1.3,1.3,12915,0
AVE,5,20210222,100500,1.3,1.3,1.3,1.3,5000,0
AVE,5,20210222,102000,1.3,1.3,1.3,1.3,500,0
AVE,5,20210222,111500,1.31,1.31,1.31,1.31,620,0
AVE,5,20210222,113000,1.35,1.35,1.35,1.35,28,0
AVE,5,20210222,125500,1.35,1.35,1.35,1.35,2067,0
AVE,5,20210222,130500,1.35,1.35,1.35,1.35,1293,0
AVE,5,20210222,135000,1.36,1.36,1.36,1.36,500,0
AVE,5,20210222,142500,1.35,1.35,1.35,1.35,4107,0
AVE,5,20210222,143000,1.35,1.35,1.35,1.35,680,0
AVE,5,20210222,152000,1.31,1.31,1.31,1.31,1246,0
AVE,5,20210222,152500,1.31,1.31,1.31,1.31,1254,0
AVE,5,20210222,163000,1.35,1.35,1.35,1.35,200,0
AVE,5,20210223,091000,1.3,1.3,1.3,1.3,2300,0
AVE,5,20210223,110000,1.3,1.3,1.3,1.3,497,0
AVE,5,20210223,110500,1.3,1.3,1.3,1.3,8503,0
AVE,5,20210223,111500,1.34,1.35,1.31,1.34,6567,0
AVE,5,20210223,112000,1.34,1.34,1.34,1.34,185,0
AVE,5,20210223,121500,1.38,1.39,1.38,1.38,3196,0
AVE,5,20210223,130000,1.38,1.38,1.38,1.38,4804,0
AVE,5,20210223,142000,1.38,1.39,1.38,1.38,3000,0
AVE,5,20210223,143500,1.36,1.36,1.35,1.35,4000,0
AVE,5,20210223,150500,1.35,1.35,1.35,1.35,1000,0
AVE,5,20210223,155500,1.29,1.29,1.29,1.29,2000,0
AVE,5,20210223,164500,1.3,1.3,1.3,1.3,1000,0
AVE,5,20210224,090500,1.31,1.31,1.31,1.31,310,0
AVE,5,20210224,092000,1.29,1.29,1.28,1.28,440,0
AVE,5,20210224,104500,1.31,1.31,1.31,1.31,1000,0
AVE,5,20210224,111500,1.3,1.3,1.3,1.3,10,0
AVE,5,20210224,121000,1.31,1.31,1.31,1.31,3443,0
AVE,5,20210224,121500,1.31,1.31,1.31,1.31,3700,0
AVE,5,20210224,124000,1.33,1.33,1.33,1.33,600,0
AVE,5,20210224,124500,1.34,1.34,1.34,1.34,1000,0
AVE,5,20210224,132000,1.34,1.35,1.34,1.35,5752,0
AVE,5,20210224,142500,1.32,1.32,1.32,1.32,300,0
AVE,5,20210224,150000,1.33,1.33,1.33,1.33,300,0
AVE,5,20210224,150500,1.34,1.34,1.34,1.34,500,0
AVE,5,20210225,090000,1.34,1.34,1.34,1.34,75,0
AVE,5,20210225,092000,1.38,1.38,1.38,1.38,500,0
AVE,5,20210225,104500,1.28,1.28,1.28,1.28,300,0
AVE,5,20210225,105000,1.28,1.28,1.28,1.28,5700,0
AVE,5,20210225,115500,1.34,1.34,1.34,1.34,249,0
AVE,5,20210225,134000,1.29,1.29,1.28,1.28,1811,0
AVE,5,20210225,143000,1.28,1.28,1.28,1.28,5000,0
AVE,5,20210225,153000,1.34,1.34,1.34,1.34,1,0
AVE,5,20210225,153500,1.34,1.34,1.34,1.34,100,0
AVE,5,20210225,164500,1.3,1.3,1.3,1.3,450,0
AVE,5,20210226,090000,1.34,1.34,1.27,1.27,2259,0
AVE,5,20210226,092000,1.34,1.34,1.34,1.34,1,0
AVE,5,20210226,093500,1.32,1.32,1.32,1.32,600,0
AVE,5,20210226,100500,1.32,1.32,1.32,1.32,20,0
AVE,5,20210226,104500,1.32,1.32,1.32,1.32,50,0
AVE,5,20210226,111500,1.32,1.32,1.32,1.32,250,0
AVE,5,20210226,114500,1.31,1.31,1.31,1.31,500,0
AVE,5,20210226,121500,1.31,1.31,1.31,1.31,250,0
AVE,5,20210226,142000,1.31,1.31,1.31,1.31,2000,0
AVE,5,20210226,150000,1.27,1.27,1.27,1.27,980,0
AVE,5,20210226,163500,1.31,1.31,1.31,1.31,42,0
AVE,5,20210301,090000,1.34,1.34,1.34,1.34,3415,0
AVE,5,20210301,090500,1.33,1.33,1.33,1.33,400,0
AVE,5,20210301,092000,1.32,1.32,1.32,1.32,200,0
AVE,5,20210301,092500,1.32,1.33,1.32,1.33,3400,0
AVE,5,20210301,093000,1.33,1.33,1.33,1.33,3300,0
AVE,5,20210301,100000,1.32,1.32,1.32,1.32,140,0
AVE,5,20210301,100500,1.3,1.3,1.3,1.3,1800,0
AVE,5,20210301,102500,1.32,1.32,1.32,1.32,100,0
AVE,5,20210301,104500,1.3,1.3,1.28,1.28,840,0
AVE,5,20210301,105000,1.32,1.32,1.32,1.32,5,0
AVE,5,20210301,121000,1.28,1.28,1.26,1.26,4000,0
AVE,5,20210301,123500,1.32,1.32,1.32,1.32,50,0
AVE,5,20210301,124500,1.27,1.27,1.22,1.22,3514,0
AVE,5,20210301,125000,1.3,1.3,1.3,1.3,777,0
AVE,5,20210301,125500,1.32,1.32,1.32,1.32,100,0
AVE,5,20210301,141000,1.24,1.24,1.24,1.24,600,0
AVE,5,20210301,143000,1.31,1.31,1.31,1.31,250,0
AVE,5,20210301,150000,1.24,1.24,1.24,1.24,1647,0
AVE,5,20210301,152500,1.31,1.31,1.31,1.31,100,0
AVE,5,20210301,155500,1.31,1.31,1.31,1.31,8,0
AVE,5,20210302,090000,1.25,1.31,1.25,1.31,1100,0
AVE,5,20210302,093000,1.3,1.31,1.3,1.31,4450,0
AVE,5,20210302,093500,1.24,1.24,1.24,1.24,116,0
AVE,5,20210302,094000,1.31,1.31,1.31,1.31,100,0
AVE,5,20210302,102000,1.31,1.31,1.31,1.31,3570,0
AVE,5,20210302,103000,1.31,1.31,1.31,1.31,100,0
AVE,5,20210302,114500,1.31,1.31,1.31,1.31,223,0
AVE,5,20210302,120500,1.31,1.31,1.31,1.31,1140,0
AVE,5,20210302,121000,1.31,1.32,1.31,1.32,4880,0
AVE,5,20210302,121500,1.32,1.33,1.32,1.33,1849,0
AVE,5,20210302,122500,1.33,1.33,1.33,1.33,1150,0
AVE,5,20210302,124000,1.33,1.34,1.33,1.34,757,0
AVE,5,20210302,125000,1.38,1.38,1.38,1.38,1000,0
AVE,5,20210302,125500,1.38,1.42,1.38,1.42,1470,0
AVE,5,20210302,130500,1.42,1.42,1.42,1.42,130,0
AVE,5,20210302,131000,1.4,1.4,1.35,1.35,3850,0
AVE,5,20210302,131500,1.35,1.35,1.35,1.35,1540,0
AVE,5,20210302,132500,1.4,1.4,1.4,1.4,100,0
AVE,5,20210302,135000,1.4,1.41,1.4,1.41,2150,0
AVE,5,20210302,135500,1.41,1.41,1.41,1.41,842,0
AVE,5,20210302,140500,1.34,1.34,1.34,1.34,600,0
AVE,5,20210302,141000,1.41,1.41,1.41,1.41,4,0
AVE,5,20210302,141500,1.34,1.34,1.34,1.34,93,0
AVE,5,20210302,142000,1.41,1.41,1.41,1.41,200,0
AVE,5,20210302,143000,1.41,1.41,1.41,1.41,1240,0
AVE,5,20210302,150500,1.41,1.41,1.41,1.41,806,0
AVE,5,20210302,151000,1.41,1.41,1.41,1.41,200,0
AVE,5,20210302,152500,1.41,1.41,1.41,1.41,800,0
AVE,5,20210302,153000,1.41,1.42,1.41,1.42,10000,0
AVE,5,20210302,154000,1.4,1.4,1.4,1.4,300,0
AVE,5,20210302,155000,1.4,1.4,1.4,1.4,100,0
AVE,5,20210302,160500,1.39,1.39,1.33,1.39,102,0
AVE,5,20210302,162500,1.39,1.4,1.39,1.4,806,0
AVE,5,20210302,163500,1.4,1.4,1.4,1.4,720,0
AVE,5,20210302,164000,1.4,1.4,1.4,1.4,2203,0
AVE,5,20210303,090000,1.4,1.45,1.4,1.45,7100,0
AVE,5,20210303,090500,1.45,1.45,1.45,1.45,1827,0
AVE,5,20210303,091000,1.45,1.55,1.45,1.55,3177,0
AVE,5,20210303,092000,1.45,1.54,1.45,1.54,1000,0
AVE,5,20210303,092500,1.53,1.53,1.53,1.53,60,0
AVE,5,20210303,093000,1.53,1.54,1.53,1.54,5191,0
AVE,5,20210303,094500,1.54,1.54,1.54,1.54,207,0
AVE,5,20210303,095000,1.45,1.45,1.45,1.45,1000,0
AVE,5,20210303,095500,1.42,1.54,1.4,1.4,15610,0
AVE,5,20210303,100000,1.5,1.5,1.5,1.5,100,0
AVE,5,20210303,100500,1.48,1.48,1.36,1.36,54,0
AVE,5,20210303,101000,1.46,1.46,1.46,1.46,50,0
AVE,5,20210303,101500,1.38,1.38,1.38,1.38,2100,0
AVE,5,20210303,102000,1.45,1.45,1.45,1.45,50,0
AVE,5,20210303,102500,1.39,1.39,1.39,1.39,230,0
AVE,5,20210303,103000,1.44,1.44,1.44,1.44,50,0
AVE,5,20210303,110500,1.44,1.44,1.44,1.44,205,0
AVE,5,20210303,111000,1.44,1.44,1.44,1.44,240,0
AVE,5,20210303,112500,1.44,1.44,1.44,1.44,195,0
AVE,5,20210303,115000,1.4,1.4,1.38,1.38,3062,0
AVE,5,20210303,115500,1.44,1.44,1.44,1.44,50,0
AVE,5,20210303,130500,1.44,1.44,1.44,1.44,554,0
AVE,5,20210303,131000,1.46,1.48,1.46,1.48,1299,0
AVE,5,20210303,132500,1.48,1.48,1.48,1.48,443,0
AVE,5,20210303,141000,1.46,1.46,1.46,1.46,417,0
AVE,5,20210303,141500,1.41,1.41,1.41,1.41,179,0
AVE,5,20210303,142500,1.48,1.48,1.48,1.48,100,0
AVE,5,20210303,145500,1.41,1.41,1.41,1.41,524,0
AVE,5,20210303,150000,1.47,1.47,1.47,1.47,400,0
AVE,5,20210303,161000,1.41,1.41,1.41,1.41,100,0
AVE,5,20210303,164500,1.46,1.46,1.46,1.46,3250,0
AVE,5,20210304,090000,1.46,1.46,1.36,1.36,6121,0
AVE,5,20210304,090500,1.46,1.46,1.46,1.46,2000,0
AVE,5,20210304,105500,1.37,1.37,1.37,1.37,2000,0
AVE,5,20210304,110000,1.45,1.45,1.45,1.45,100,0
AVE,5,20210304,114000,1.36,1.36,1.36,1.36,681,0
AVE,5,20210304,114500,1.33,1.42,1.33,1.42,2554,0
AVE,5,20210304,115500,1.33,1.33,1.32,1.32,2000,0
AVE,5,20210304,120500,1.41,1.41,1.41,1.41,50,0
AVE,5,20210304,122000,1.42,1.42,1.42,1.42,50,0
AVE,5,20210304,125000,1.4,1.4,1.4,1.4,300,0
AVE,5,20210304,125500,1.32,1.42,1.3,1.42,3740,0
AVE,5,20210304,132000,1.3,1.39,1.3,1.39,1150,0
AVE,5,20210304,132500,1.3,1.3,1.3,1.3,1000,0
AVE,5,20210304,133000,1.35,1.39,1.35,1.39,1050,0
AVE,5,20210304,135000,1.39,1.39,1.39,1.39,100,0
AVE,5,20210304,141000,1.39,1.39,1.39,1.39,100,0
AVE,5,20210304,143000,1.39,1.39,1.39,1.39,500,0
AVE,5,20210304,143500,1.38,1.38,1.38,1.38,184,0
AVE,5,20210304,144000,1.3,1.38,1.3,1.38,670,0
AVE,5,20210304,145500,1.38,1.38,1.38,1.38,1000,0
AVE,5,20210304,150000,1.38,1.38,1.38,1.38,1500,0
AVE,5,20210304,150500,1.38,1.39,1.38,1.39,5796,0
AVE,5,20210304,151000,1.4,1.4,1.4,1.4,1200,0
AVE,5,20210304,151500,1.41,1.41,1.41,1.41,50,0
AVE,5,20210304,160000,1.39,1.41,1.39,1.41,645,0
AVE,5,20210304,164500,1.41,1.44,1.41,1.43,6659,0
AVE,5,20210305,090000,1.43,1.43,1.43,1.43,4,0
AVE,5,20210305,091000,1.33,1.41,1.32,1.41,4994,0
AVE,5,20210305,094000,1.4,1.4,1.4,1.4,710,0
AVE,5,20210305,102000,1.32,1.32,1.3,1.3,795,0
AVE,5,20210305,102500,1.4,1.4,1.4,1.4,50,0
AVE,5,20210305,103000,1.3,1.39,1.3,1.39,3550,0
AVE,5,20210305,110500,1.32,1.39,1.3,1.39,3300,0
AVE,5,20210305,121500,1.32,1.38,1.31,1.38,2900,0
AVE,5,20210305,140000,1.31,1.35,1.28,1.35,5003,0
AVE,5,20210305,153500,1.31,1.35,1.31,1.35,511,0
AVE,5,20210305,155500,1.35,1.35,1.35,1.35,789,0
AVE,5,20210305,163000,1.37,1.37,1.37,1.37,3,0
AVE,5,20210308,090000,1.37,1.42,1.35,1.35,13597,0
AVE,5,20210308,091000,1.4,1.4,1.4,1.4,5,0
AVE,5,20210308,091500,1.35,1.4,1.32,1.4,4545,0
AVE,5,20210308,092000,1.35,1.35,1.35,1.35,2000,0
AVE,5,20210308,092500,1.35,1.35,1.35,1.35,843,0
AVE,5,20210308,093000,1.4,1.4,1.4,1.4,500,0
AVE,5,20210308,093500,1.4,1.4,1.4,1.4,1000,0
AVE,5,20210308,095500,1.4,1.4,1.4,1.4,112,0
AVE,5,20210308,103500,1.35,1.35,1.34,1.34,2257,0
AVE,5,20210308,104000,1.34,1.4,1.34,1.4,245,0
AVE,5,20210308,104500,1.32,1.32,1.3,1.3,5000,0
AVE,5,20210308,105500,1.39,1.39,1.39,1.39,50,0
AVE,5,20210308,115000,1.38,1.38,1.38,1.38,1700,0
AVE,5,20210308,120000,1.3,1.39,1.3,1.39,2195,0
AVE,5,20210308,154500,1.37,1.37,1.37,1.37,1000,0
AVE,5,20210308,164000,1.37,1.38,1.37,1.38,500,0
AVE,5,20210308,164500,1.39,1.39,1.39,1.39,2696,0
AVE,5,20210309,091000,1.39,1.4,1.39,1.4,8841,0
AVE,5,20210309,103000,1.31,1.31,1.3,1.3,1580,0
AVE,5,20210309,103500,1.3,1.38,1.3,1.38,1957,0
AVE,5,20210309,111500,1.3,1.3,1.3,1.3,2000,0
AVE,5,20210309,112500,1.38,1.38,1.38,1.38,10,0
AVE,5,20210309,120000,1.35,1.35,1.35,1.35,5000,0
AVE,5,20210309,143000,1.35,1.38,1.35,1.38,3000,0
AVE,5,20210309,145500,1.38,1.38,1.38,1.38,1000,0
AVE,5,20210309,150000,1.38,1.38,1.38,1.38,50,0
AVE,5,20210309,164500,1.31,1.35,1.3,1.32,3596,0
AVE,5,20210309,165500,1.35,1.35,1.35,1.35,20,0
AVE,5,20210310,090500,1.3,1.38,1.3,1.38,324,0
AVE,5,20210310,091000,1.3,1.35,1.29,1.35,4180,0
AVE,5,20210310,092000,1.35,1.35,1.35,1.35,40,0
AVE,5,20210310,092500,1.29,1.35,1.29,1.35,512,0
AVE,5,20210310,094000,1.29,1.29,1.29,1.29,2805,0
AVE,5,20210310,094500,1.29,1.35,1.29,1.35,1000,0
AVE,5,20210310,102500,1.29,1.29,1.29,1.29,2500,0
AVE,5,20210310,114500,1.31,1.31,1.31,1.31,765,0
AVE,5,20210310,115500,1.31,1.31,1.29,1.29,2628,0
AVE,5,20210310,120500,1.29,1.29,1.29,1.29,66,0
AVE,5,20210310,125000,1.33,1.33,1.33,1.33,50,0
AVE,5,20210310,132000,1.33,1.33,1.33,1.33,750,0
AVE,5,20210310,135000,1.33,1.33,1.33,1.33,395,0
AVE,5,20210310,155500,1.33,1.33,1.33,1.33,816,0
AVE,5,20210310,160500,1.33,1.33,1.33,1.33,689,0
AVE,5,20210310,161500,1.33,1.33,1.33,1.33,11,0
AVE,5,20210310,163000,1.3,1.35,1.29,1.35,6005,0
AVE,5,20210310,163500,1.34,1.34,1.34,1.34,600,0
AVE,5,20210311,090500,1.37,1.37,1.37,1.37,3180,0
AVE,5,20210311,092500,1.35,1.35,1.35,1.35,290,0
AVE,5,20210311,121000,1.32,1.32,1.27,1.27,4149,0
AVE,5,20210311,121500,1.34,1.34,1.34,1.34,1950,0
AVE,5,20210311,133500,1.3,1.3,1.27,1.27,2315,0
AVE,5,20210311,144000,1.34,1.34,1.34,1.34,1234,0
AVE,5,20210311,145000,1.34,1.34,1.34,1.34,766,0
AVE,5,20210311,150000,1.28,1.28,1.27,1.28,15000,0
AVE,5,20210311,150500,1.34,1.34,1.34,1.34,1486,0
AVE,5,20210312,090000,1.33,1.35,1.33,1.35,1735,0
AVE,5,20210312,090500,1.35,1.39,1.35,1.39,20686,0
AVE,5,20210312,092000,1.38,1.38,1.38,1.38,5626,0
AVE,5,20210312,092500,1.38,1.38,1.27,1.27,4,0
AVE,5,20210312,093000,1.38,1.38,1.38,1.38,1,0
AVE,5,20210312,094000,1.38,1.38,1.38,1.38,750,0
AVE,5,20210312,104000,1.36,1.36,1.36,1.36,500,0
AVE,5,20210312,105000,1.36,1.36,1.36,1.36,2000,0
AVE,5,20210312,141000,1.32,1.36,1.28,1.36,16000,0
AVE,5,20210312,143000,1.34,1.34,1.34,1.34,500,0
AVE,5,20210312,143500,1.34,1.34,1.34,1.34,8,0
AVE,5,20210312,150500,1.34,1.34,1.34,1.34,909,0
AVE,5,20210312,151500,1.35,1.35,1.35,1.35,250,0
AVE,5,20210312,153500,1.35,1.35,1.35,1.35,1250,0
AVE,5,20210312,154000,1.35,1.36,1.35,1.36,5000,0
AVE,5,20210312,155500,1.36,1.36,1.36,1.36,900,0
AVE,5,20210312,162000,1.36,1.37,1.36,1.37,1575,0
AVE,5,20210312,162500,1.36,1.36,1.36,1.36,150,0
AVE,5,20210312,164500,1.36,1.36,1.31,1.31,802,0
AVE,5,20210315,090000,1.34,1.34,1.34,1.34,1303,0
AVE,5,20210315,091000,1.34,1.34,1.34,1.34,2697,0
AVE,5,20210315,092000,1.34,1.34,1.34,1.34,7700,0
AVE,5,20210315,092500,1.34,1.34,1.34,1.34,53,0
AVE,5,20210315,093000,1.34,1.34,1.34,1.34,1500,0
AVE,5,20210315,095000,1.32,1.32,1.31,1.31,6118,0
AVE,5,20210315,095500,1.31,1.31,1.31,1.31,3882,0
AVE,5,20210315,103500,1.31,1.31,1.31,1.31,518,0
AVE,5,20210315,104000,1.3,1.31,1.29,1.3,6616,0
AVE,5,20210315,105500,1.3,1.33,1.26,1.33,15852,0
AVE,5,20210315,111000,1.33,1.34,1.33,1.34,2000,0
AVE,5,20210315,121000,1.34,1.34,1.34,1.34,2232,0
AVE,5,20210315,123000,1.31,1.31,1.31,1.31,2000,0
AVE,5,20210315,124500,1.3,1.3,1.3,1.3,3000,0
AVE,5,20210315,125500,1.33,1.33,1.33,1.33,2000,0
AVE,5,20210315,130000,1.33,1.33,1.3,1.3,3534,0
AVE,5,20210315,131000,1.3,1.3,1.3,1.3,512,0
AVE,5,20210315,131500,1.34,1.34,1.34,1.34,2868,0
AVE,5,20210315,133500,1.3,1.3,1.28,1.28,1500,0
AVE,5,20210315,140500,1.33,1.33,1.33,1.33,150,0
AVE,5,20210315,154500,1.29,1.29,1.28,1.28,7542,0
AVE,5,20210315,160000,1.32,1.32,1.32,1.32,100,0
AVE,5,20210315,161500,1.28,1.28,1.28,1.28,1605,0
AVE,5,20210315,162000,1.32,1.32,1.32,1.32,100,0
AVE,5,20210315,162500,1.27,1.27,1.27,1.27,635,0
AVE,5,20210315,163500,1.27,1.27,1.27,1.27,2500,0
AVE,5,20210315,164000,1.31,1.31,1.31,1.31,100,0
AVE,5,20210315,164500,1.31,1.32,1.31,1.32,1920,0
AVE,5,20210316,090000,1.32,1.32,1.32,1.32,262,0
AVE,5,20210316,091000,1.32,1.32,1.32,1.32,200,0
AVE,5,20210316,092000,1.29,1.29,1.28,1.28,2500,0
AVE,5,20210316,093000,1.32,1.32,1.32,1.32,120,0
AVE,5,20210316,104000,1.29,1.32,1.29,1.32,694,0
AVE,5,20210316,105500,1.32,1.32,1.32,1.32,1000,0
AVE,5,20210316,122500,1.32,1.32,1.32,1.32,500,0
AVE,5,20210316,143500,1.32,1.32,1.32,1.32,400,0
AVE,5,20210316,144000,1.33,1.33,1.33,1.33,400,0
AVE,5,20210316,161500,1.33,1.33,1.33,1.33,2000,0
AVE,5,20210316,163000,1.31,1.33,1.28,1.33,4014,0
AVE,5,20210316,164500,1.32,1.32,1.32,1.32,2600,0
AVE,5,20210317,090000,1.33,1.33,1.33,1.33,6750,0
AVE,5,20210317,090500,1.32,1.32,1.32,1.32,2000,0
AVE,5,20210317,092000,1.28,1.32,1.27,1.32,8800,0
AVE,5,20210317,093000,1.26,1.26,1.26,1.26,350,0
AVE,5,20210317,093500,1.31,1.31,1.31,1.31,100,0
AVE,5,20210317,095000,1.26,1.26,1.26,1.26,3301,0
AVE,5,20210317,095500,1.25,1.25,1.24,1.24,5350,0
AVE,5,20210317,100000,1.24,1.24,1.24,1.24,3650,0
AVE,5,20210317,101000,1.3,1.3,1.3,1.3,100,0
AVE,5,20210317,103500,1.24,1.24,1.24,1.24,500,0
AVE,5,20210317,104000,1.3,1.3,1.3,1.3,100,0
AVE,5,20210317,105000,1.24,1.24,1.24,1.24,500,0
AVE,5,20210317,110000,1.3,1.3,1.3,1.3,100,0
AVE,5,20210317,111000,1.29,1.29,1.29,1.29,200,0
AVE,5,20210317,111500,1.25,1.25,1.2,1.22,15110,0
AVE,5,20210317,112000,1.22,1.22,1.22,1.22,1500,0
AVE,5,20210317,112500,1.22,1.22,1.22,1.22,1000,0
AVE,5,20210317,113000,1.22,1.24,1.22,1.24,660,0
AVE,5,20210317,120500,1.24,1.24,1.21,1.21,3700,0
AVE,5,20210317,121500,1.24,1.24,1.24,1.24,150,0
AVE,5,20210317,123000,1.24,1.24,1.24,1.24,10,0
AVE,5,20210317,123500,1.24,1.24,1.24,1.24,1539,0
AVE,5,20210317,124500,1.25,1.25,1.25,1.25,100,0
AVE,5,20210317,132000,1.23,1.23,1.23,1.23,100,0
AVE,5,20210317,133000,1.25,1.25,1.25,1.25,200,0
AVE,5,20210317,133500,1.29,1.29,1.29,1.29,2090,0
AVE,5,20210317,141500,1.28,1.28,1.28,1.28,1500,0
AVE,5,20210317,143500,1.26,1.28,1.26,1.28,600,0
AVE,5,20210317,154500,1.26,1.26,1.26,1.26,500,0
AVE,5,20210317,162000,1.25,1.25,1.25,1.25,700,0
AVE,5,20210317,164500,1.24,1.28,1.24,1.28,810,0
AVE,5,20210317,165500,1.28,1.28,1.28,1.28,40,0
AVE,5,20210318,090000,1.21,1.28,1.21,1.28,3800,0
AVE,5,20210318,091500,1.22,1.22,1.22,1.22,1001,0
AVE,5,20210318,092000,1.28,1.28,1.28,1.28,28,0
AVE,5,20210318,104000,1.27,1.27,1.27,1.27,250,0
AVE,5,20210318,104500,1.27,1.29,1.27,1.29,10100,0
AVE,5,20210318,105000,1.28,1.3,1.28,1.3,8000,0
AVE,5,20210318,105500,1.29,1.29,1.29,1.29,1200,0
AVE,5,20210318,111000,1.29,1.29,1.29,1.29,3599,0
AVE,5,20210318,115000,1.24,1.24,1.22,1.22,8544,0
AVE,5,20210318,120000,1.22,1.22,1.22,1.22,622,0
AVE,5,20210318,120500,1.28,1.28,1.28,1.28,100,0
AVE,5,20210318,121000,1.27,1.27,1.27,1.27,15,0
AVE,5,20210318,124000,1.22,1.22,1.22,1.22,4000,0
AVE,5,20210318,125500,1.22,1.27,1.22,1.27,4100,0
AVE,5,20210318,143000,1.23,1.27,1.21,1.27,19550,0
AVE,5,20210318,153000,1.22,1.22,1.22,1.22,350,0
AVE,5,20210318,153500,1.27,1.27,1.27,1.27,100,0
AVE,5,20210318,154500,1.22,1.22,1.2,1.2,6002,0
AVE,5,20210318,160000,1.27,1.27,1.27,1.27,100,0
AVE,5,20210318,162500,1.21,1.21,1.21,1.21,450,0
AVE,5,20210318,163000,1.27,1.27,1.27,1.27,100,0
AVE,5,20210319,090500,1.2,1.2,1.2,1.2,2209,0
AVE,5,20210319,091000,1.27,1.27,1.27,1.27,100,0
AVE,5,20210319,091500,1.16,1.26,1.15,1.26,2360,0
AVE,5,20210319,100000,1.23,1.23,1.23,1.23,1474,0
AVE,5,20210319,100500,1.26,1.26,1.26,1.26,100,0
AVE,5,20210319,102500,1.23,1.23,1.18,1.18,1700,0
AVE,5,20210319,103000,1.24,1.24,1.24,1.24,100,0
AVE,5,20210319,113500,1.24,1.24,1.18,1.18,2,0
AVE,5,20210319,114000,1.24,1.24,1.24,1.24,100,0
AVE,5,20210319,115500,1.18,1.18,1.18,1.18,600,0
AVE,5,20210319,120500,1.24,1.24,1.24,1.24,100,0
AVE,5,20210319,123500,1.2,1.24,1.2,1.24,1005,0
AVE,5,20210319,135000,1.24,1.26,1.24,1.26,300,0
AVE,5,20210319,143000,1.19,1.19,1.18,1.18,1000,0
AVE,5,20210319,143500,1.26,1.26,1.26,1.26,230,0
AVE,5,20210319,154000,1.26,1.26,1.19,1.19,2,0
AVE,5,20210319,154500,1.25,1.25,1.25,1.25,100,0
AVE,5,20210322,093000,1.25,1.27,1.25,1.27,737,0
AVE,5,20210322,094000,1.27,1.27,1.27,1.27,900,0
AVE,5,20210322,094500,1.27,1.27,1.27,1.27,950,0
AVE,5,20210322,095500,1.27,1.27,1.27,1.27,356,0
AVE,5,20210322,102500,1.27,1.27,1.27,1.27,1150,0
AVE,5,20210322,103500,1.27,1.27,1.27,1.27,156,0
AVE,5,20210322,105000,1.27,1.27,1.27,1.27,200,0
AVE,5,20210322,110500,1.28,1.28,1.28,1.28,99,0
AVE,5,20210322,141500,1.24,1.24,1.24,1.24,702,0
AVE,5,20210322,143000,1.24,1.24,1.24,1.24,1062,0
AVE,5,20210322,144500,1.27,1.27,1.27,1.27,150,0
AVE,5,20210322,150000,1.24,1.27,1.24,1.27,1220,0
AVE,5,20210323,090500,1.27,1.27,1.27,1.27,657,0
AVE,5,20210323,091000,1.28,1.28,1.28,1.28,150,0
AVE,5,20210323,091500,1.28,1.28,1.21,1.21,2250,0
AVE,5,20210323,093500,1.25,1.28,1.25,1.28,215,0
AVE,5,20210323,115500,1.27,1.27,1.27,1.27,1,0
AVE,5,20210323,125000,1.22,1.27,1.22,1.27,1100,0
AVE,5,20210323,131500,1.21,1.21,1.21,1.21,500,0
AVE,5,20210323,132000,1.27,1.27,1.27,1.27,100,0
AVE,5,20210324,090000,1.21,1.21,1.17,1.17,1500,0
AVE,5,20210324,090500,1.25,1.26,1.25,1.26,250,0
AVE,5,20210324,091000,1.19,1.26,1.19,1.26,101,0
AVE,5,20210324,101000,1.25,1.25,1.25,1.25,1900,0
AVE,5,20210324,101500,1.25,1.26,1.25,1.26,150,0
AVE,5,20210324,104000,1.25,1.25,1.25,1.25,1000,0
AVE,5,20210324,104500,1.23,1.25,1.23,1.25,1020,0
AVE,5,20210324,105500,1.25,1.28,1.25,1.28,10000,0
AVE,5,20210324,111000,1.23,1.27,1.23,1.27,1200,0
AVE,5,20210324,112000,1.27,1.27,1.27,1.27,2000,0
AVE,5,20210324,112500,1.25,1.27,1.24,1.27,1500,0
AVE,5,20210324,121500,1.25,1.26,1.25,1.26,575,0
AVE,5,20210324,122000,1.26,1.26,1.26,1.26,250,0
AVE,5,20210324,145500,1.26,1.26,1.26,1.26,900,0
AVE,5,20210324,150000,1.26,1.27,1.26,1.27,100,0
AVE,5,20210324,151500,1.24,1.27,1.23,1.27,2000,0
AVE,5,20210324,152000,1.23,1.23,1.2,1.2,9300,0
AVE,5,20210324,152500,1.2,1.26,1.2,1.26,2020,0
AVE,5,20210324,153000,1.26,1.26,1.26,1.26,980,0
AVE,5,20210324,163000,1.26,1.26,1.26,1.26,175,0
AVE,5,20210324,164000,1.26,1.26,1.21,1.26,3067,0
AVE,5,20210325,103000,1.23,1.23,1.23,1.23,8,0
AVE,5,20210325,103500,1.26,1.26,1.26,1.26,100,0
AVE,5,20210325,110500,1.26,1.26,1.26,1.26,1180,0
AVE,5,20210325,113500,1.23,1.23,1.23,1.23,992,0
AVE,5,20210325,114000,1.22,1.22,1.2,1.2,1320,0
AVE,5,20210325,114500,1.26,1.26,1.26,1.26,100,0
AVE,5,20210325,115500,1.26,1.26,1.26,1.26,1318,0
AVE,5,20210325,120000,1.26,1.26,1.2,1.2,5072,0
AVE,5,20210325,120500,1.27,1.27,1.27,1.27,100,0
AVE,5,20210325,121500,1.26,1.26,1.26,1.26,236,0
AVE,5,20210325,161000,1.25,1.25,1.25,1.25,825,0
AVE,5,20210325,161500,1.25,1.25,1.25,1.25,175,0
AVE,5,20210325,163000,1.22,1.25,1.18,1.25,8937,0
AVE,5,20210325,164000,1.19,1.25,1.15,1.25,18248,0
AVE,5,20210325,165500,1.25,1.25,1.25,1.25,60,0
AVE,5,20210326,121500,1.25,1.25,1.25,1.25,500,0
AVE,5,20210326,122500,1.22,1.22,1.22,1.22,4000,0
AVE,5,20210326,123000,1.25,1.25,1.22,1.22,550,0
AVE,5,20210326,123500,1.22,1.25,1.22,1.25,525,0
AVE,5,20210326,140500,1.22,1.22,1.22,1.22,4000,0
AVE,5,20210326,141500,1.25,1.25,1.25,1.25,50,0
AVE,5,20210326,142000,1.25,1.25,1.25,1.25,898,0
AVE,5,20210326,143000,1.25,1.26,1.25,1.26,190,0
AVE,5,20210326,161000,1.21,1.21,1.21,1.21,1000,0
AVE,5,20210326,161500,1.18,1.26,1.17,1.26,9550,0
AVE,5,20210326,164000,1.26,1.26,1.26,1.26,601,0
