<TICKER>,<PER>,<DATE>,<TIME>,<OPEN>,<HIGH>,<LOW>,<CLOSE>,<VOL>,<OPENINT>
AVT,5,20210204,091000,1.35,1.39,1.35,1.39,329,0
AVT,5,20210204,091500,1.35,1.35,1.35,1.35,2200,0
AVT,5,20210204,092500,1.34,1.34,1.31,1.32,8680,0
AVT,5,20210204,093000,1.3,1.31,1.3,1.3,5598,0
AVT,5,20210204,093500,1.3,1.3,1.3,1.3,1250,0
AVT,5,20210204,094000,1.35,1.35,1.35,1.35,1098,0
AVT,5,20210204,095500,1.35,1.35,1.35,1.35,1902,0
AVT,5,20210204,100000,1.33,1.33,1.33,1.33,452,0
AVT,5,20210204,102000,1.35,1.36,1.35,1.36,13,0
AVT,5,20210204,102500,1.36,1.39,1.35,1.39,2458,0
AVT,5,20210204,110000,1.34,1.34,1.34,1.34,1010,0
AVT,5,20210204,110500,1.34,1.34,1.34,1.34,2390,0
AVT,5,20210204,112000,1.33,1.33,1.33,1.33,610,0
AVT,5,20210204,112500,1.37,1.37,1.37,1.37,1,0
AVT,5,20210204,115000,1.34,1.34,1.34,1.34,4000,0
AVT,5,20210204,121500,1.34,1.34,1.34,1.34,15,0
AVT,5,20210204,122000,1.33,1.33,1.3,1.32,13000,0
AVT,5,20210204,123000,1.32,1.32,1.3,1.3,1101,0
AVT,5,20210204,123500,1.3,1.3,1.3,1.3,4000,0
AVT,5,20210204,124500,1.3,1.36,1.3,1.3,10399,0
AVT,5,20210204,125000,1.3,1.3,1.3,1.3,6500,0
AVT,5,20210204,131000,1.3,1.3,1.3,1.3,7545,0
AVT,5,20210204,132000,1.29,1.29,1.29,1.29,10045,0
AVT,5,20210204,134500,1.36,1.36,1.28,1.33,4550,0
AVT,5,20210204,135000,1.3,1.3,1.3,1.3,1000,0
AVT,5,20210204,140000,1.27,1.27,1.27,1.27,1000,0
AVT,5,20210204,140500,1.27,1.27,1.25,1.25,29000,0
AVT,5,20210204,142500,1.26,1.26,1.25,1.25,3256,0
AVT,5,20210204,143500,1.3,1.3,1.3,1.3,866,0
AVT,5,20210204,144000,1.3,1.3,1.3,1.3,1334,0
AVT,5,20210204,145000,1.28,1.28,1.25,1.25,5000,0
AVT,5,20210204,145500,1.25,1.25,1.25,1.25,2928,0
AVT,5,20210204,150500,1.28,1.3,1.25,1.3,610,0
AVT,5,20210204,160500,1.29,1.29,1.29,1.29,1100,0
AVT,5,20210204,161000,1.29,1.29,1.29,1.29,900,0
AVT,5,20210204,164000,1.3,1.3,1.3,1.3,1,0
AVT,5,20210205,090500,1.27,1.29,1.27,1.29,810,0
AVT,5,20210205,092500,1.29,1.29,1.29,1.29,103,0
AVT,5,20210205,093500,1.3,1.3,1.3,1.3,5301,0
AVT,5,20210205,100500,1.3,1.3,1.3,1.3,1000,0
AVT,5,20210205,102000,1.29,1.29,1.29,1.29,205,0
AVT,5,20210205,103500,1.27,1.27,1.27,1.27,1,0
AVT,5,20210205,104000,1.29,1.29,1.29,1.29,996,0
AVT,5,20210205,120000,1.27,1.27,1.27,1.27,200,0
AVT,5,20210205,121000,1.27,1.27,1.23,1.23,7888,0
AVT,5,20210205,121500,1.25,1.25,1.25,1.25,233,0
AVT,5,20210205,122000,1.25,1.25,1.25,1.25,3004,0
AVT,5,20210205,123000,1.25,1.25,1.25,1.25,340,0
AVT,5,20210205,123500,1.23,1.23,1.23,1.23,1010,0
AVT,5,20210205,124000,1.25,1.25,1.25,1.25,335,0
AVT,5,20210205,130000,1.25,1.25,1.25,1.25,965,0
AVT,5,20210205,130500,1.23,1.23,1.22,1.23,2035,0
AVT,5,20210205,131500,1.28,1.28,1.28,1.28,1,0
AVT,5,20210205,133000,1.24,1.24,1.19,1.19,36926,0
AVT,5,20210205,133500,1.2,1.2,1.2,1.2,4574,0
AVT,5,20210205,134000,1.22,1.22,1.22,1.22,333,0
AVT,5,20210205,134500,1.23,1.25,1.22,1.22,3477,0
AVT,5,20210205,135500,1.23,1.23,1.2,1.22,4200,0
AVT,5,20210205,140500,1.25,1.25,1.25,1.25,477,0
AVT,5,20210205,143000,1.25,1.25,1.25,1.25,3700,0
AVT,5,20210205,143500,1.25,1.25,1.25,1.25,2000,0
AVT,5,20210205,145500,1.29,1.29,1.29,1.29,1,0
AVT,5,20210205,153500,1.25,1.25,1.25,1.25,400,0
AVT,5,20210205,154500,1.25,1.25,1.23,1.23,2600,0
AVT,5,20210205,155500,1.28,1.28,1.28,1.28,300,0
AVT,5,20210205,160500,1.29,1.29,1.29,1.29,5099,0
AVT,5,20210205,162500,1.3,1.32,1.3,1.32,1000,0
AVT,5,20210208,090000,1.32,1.32,1.32,1.32,1000,0
AVT,5,20210208,100500,1.24,1.24,1.24,1.24,1000,0
AVT,5,20210208,101000,1.24,1.24,1.24,1.24,850,0
AVT,5,20210208,102000,1.24,1.24,1.2,1.2,9000,0
AVT,5,20210208,102500,1.22,1.22,1.22,1.22,1500,0
AVT,5,20210208,103000,1.22,1.24,1.2,1.24,10001,0
AVT,5,20210208,103500,1.2,1.2,1.2,1.2,1,0
AVT,5,20210208,104000,1.24,1.24,1.24,1.24,1699,0
AVT,5,20210208,104500,1.25,1.25,1.25,1.25,1000,0
AVT,5,20210208,105000,1.25,1.25,1.21,1.21,155,0
AVT,5,20210208,111000,1.22,1.22,1.22,1.22,1946,0
AVT,5,20210208,113000,1.22,1.22,1.22,1.22,407,0
AVT,5,20210208,113500,1.23,1.23,1.23,1.23,100,0
AVT,5,20210208,114000,1.22,1.22,1.2,1.2,14523,0
AVT,5,20210208,114500,1.2,1.2,1.2,1.2,6277,0
AVT,5,20210208,115500,1.2,1.2,1.18,1.18,6400,0
AVT,5,20210208,120000,1.19,1.2,1.19,1.2,3271,0
AVT,5,20210208,120500,1.2,1.2,1.2,1.2,6,0
AVT,5,20210208,121000,1.22,1.23,1.22,1.23,2000,0
AVT,5,20210208,121500,1.23,1.23,1.2,1.2,2,0
AVT,5,20210208,122000,1.21,1.21,1.21,1.21,4000,0
AVT,5,20210208,123000,1.23,1.23,1.23,1.23,1700,0
AVT,5,20210208,123500,1.23,1.23,1.23,1.23,260,0
AVT,5,20210208,124000,1.23,1.23,1.23,1.23,1939,0
AVT,5,20210208,125000,1.2,1.2,1.2,1.2,10145,0
AVT,5,20210208,130000,1.19,1.2,1.18,1.18,1900,0
AVT,5,20210208,130500,1.2,1.2,1.2,1.2,10565,0
AVT,5,20210208,131000,1.2,1.2,1.2,1.2,581,0
AVT,5,20210208,131500,1.2,1.2,1.2,1.2,3661,0
AVT,5,20210208,132000,1.2,1.2,1.2,1.2,2663,0
AVT,5,20210208,132500,1.2,1.2,1.2,1.2,1095,0
AVT,5,20210208,134500,1.2,1.2,1.2,1.2,10000,0
AVT,5,20210208,140000,1.19,1.19,1.19,1.19,150,0
AVT,5,20210208,141500,1.2,1.2,1.2,1.2,1200,0
AVT,5,20210208,142000,1.19,1.19,1.19,1.19,300,0
AVT,5,20210208,142500,1.2,1.2,1.2,1.2,2000,0
AVT,5,20210208,143000,1.2,1.2,1.19,1.19,654,0
AVT,5,20210208,150500,1.19,1.19,1.19,1.19,4451,0
AVT,5,20210208,151000,1.19,1.19,1.19,1.19,200,0
AVT,5,20210208,151500,1.19,1.19,1.19,1.19,249,0
AVT,5,20210208,154500,1.2,1.2,1.2,1.2,6245,0
AVT,5,20210208,155000,1.23,1.23,1.23,1.23,1300,0
AVT,5,20210208,155500,1.23,1.23,1.23,1.23,200,0
AVT,5,20210208,163500,1.23,1.23,1.23,1.23,1000,0
AVT,5,20210209,090000,1.2,1.2,1.17,1.17,2531,0
AVT,5,20210209,090500,1.18,1.18,1.17,1.17,1497,0
AVT,5,20210209,091000,1.18,1.18,1.17,1.17,3181,0
AVT,5,20210209,091500,1.17,1.18,1.17,1.18,1116,0
AVT,5,20210209,092000,1.17,1.17,1.17,1.17,1198,0
AVT,5,20210209,093500,1.17,1.17,1.15,1.15,20000,0
AVT,5,20210209,094000,1.2,1.2,1.2,1.2,2800,0
AVT,5,20210209,094500,1.2,1.2,1.16,1.16,2,0
AVT,5,20210209,095000,1.2,1.2,1.2,1.2,359,0
AVT,5,20210209,100000,1.2,1.2,1.2,1.2,500,0
AVT,5,20210209,103500,1.2,1.2,1.16,1.16,23500,0
AVT,5,20210209,105000,1.16,1.16,1.15,1.15,10000,0
AVT,5,20210209,105500,1.15,1.16,1.1,1.16,33300,0
AVT,5,20210209,110000,1.16,1.16,1.1,1.15,7830,0
AVT,5,20210209,110500,1.15,1.15,1.1,1.13,31981,0
AVT,5,20210209,111500,1.14,1.19,1.14,1.19,12000,0
AVT,5,20210209,112000,1.19,1.19,1.12,1.12,201,0
AVT,5,20210209,112500,1.18,1.18,1.18,1.18,10,0
AVT,5,20210209,115000,1.12,1.12,1.1,1.1,50000,0
AVT,5,20210209,115500,1.15,1.18,1.15,1.15,2001,0
AVT,5,20210209,120500,1.13,1.15,1.13,1.15,1010,0
AVT,5,20210209,121000,1.15,1.15,1.15,1.15,650,0
AVT,5,20210209,121500,1.15,1.15,1.15,1.15,619,0
AVT,5,20210209,122000,1.15,1.15,1.15,1.15,421,0
AVT,5,20210209,123500,1.16,1.16,1.16,1.16,500,0
AVT,5,20210209,124000,1.16,1.16,1.16,1.16,500,0
AVT,5,20210209,125500,1.17,1.17,1.17,1.17,2250,0
AVT,5,20210209,130000,1.13,1.13,1.13,1.13,4256,0
AVT,5,20210209,131000,1.11,1.19,1.11,1.19,4001,0
AVT,5,20210209,132000,1.17,1.17,1.12,1.17,1201,0
AVT,5,20210209,132500,1.18,1.18,1.18,1.18,5000,0
AVT,5,20210209,133000,1.19,1.19,1.19,1.19,4340,0
AVT,5,20210209,133500,1.19,1.19,1.19,1.19,1000,0
AVT,5,20210209,145000,1.19,1.2,1.19,1.2,6666,0
AVT,5,20210209,153000,1.2,1.2,1.18,1.18,4000,0
AVT,5,20210209,163500,1.2,1.2,1.14,1.19,222,0
AVT,5,20210209,164500,1.2,1.2,1.2,1.2,1000,0
AVT,5,20210210,090000,1.19,1.19,1.19,1.19,850,0
AVT,5,20210210,091500,1.19,1.23,1.19,1.23,4000,0
AVT,5,20210210,092000,1.22,1.22,1.22,1.22,10,0
AVT,5,20210210,102000,1.21,1.21,1.21,1.21,797,0
AVT,5,20210210,120000,1.21,1.22,1.21,1.22,500,0
AVT,5,20210210,123000,1.2,1.2,1.15,1.15,2072,0
AVT,5,20210210,130000,1.21,1.21,1.21,1.21,1,0
AVT,5,20210210,130500,1.21,1.23,1.21,1.23,2334,0
AVT,5,20210210,131000,1.22,1.22,1.22,1.22,200,0
AVT,5,20210210,132000,1.23,1.23,1.23,1.23,300,0
AVT,5,20210210,160500,1.18,1.18,1.17,1.17,938,0
AVT,5,20210210,163000,1.23,1.23,1.23,1.23,109,0
AVT,5,20210211,090000,1.22,1.22,1.22,1.22,400,0
AVT,5,20210211,090500,1.22,1.22,1.22,1.22,600,0
AVT,5,20210211,091000,1.22,1.22,1.22,1.22,400,0
AVT,5,20210211,091500,1.22,1.22,1.22,1.22,600,0
AVT,5,20210211,092000,1.22,1.22,1.19,1.19,11400,0
AVT,5,20210211,094500,1.22,1.22,1.17,1.17,15,0
AVT,5,20210211,095000,1.22,1.22,1.22,1.22,1,0
AVT,5,20210211,095500,1.17,1.17,1.17,1.17,594,0
AVT,5,20210211,101500,1.17,1.17,1.13,1.13,10000,0
AVT,5,20210211,102000,1.2,1.2,1.2,1.2,1,0
AVT,5,20210211,104500,1.2,1.2,1.13,1.13,2,0
AVT,5,20210211,105000,1.2,1.2,1.2,1.2,1,0
AVT,5,20210211,110000,1.13,1.13,1.13,1.13,1568,0
AVT,5,20210211,110500,1.13,1.13,1.13,1.13,875,0
AVT,5,20210211,112000,1.2,1.2,1.2,1.2,456,0
AVT,5,20210211,112500,1.2,1.2,1.2,1.2,500,0
AVT,5,20210211,114000,1.14,1.14,1.14,1.14,3000,0
AVT,5,20210211,120000,1.2,1.2,1.2,1.2,1,0
AVT,5,20210211,121500,1.17,1.17,1.17,1.17,25,0
AVT,5,20210211,131500,1.2,1.2,1.2,1.2,830,0
AVT,5,20210211,140500,1.17,1.17,1.17,1.17,2744,0
AVT,5,20210211,142000,1.19,1.19,1.19,1.19,9900,0
AVT,5,20210211,150500,1.19,1.19,1.19,1.19,1680,0
AVT,5,20210211,155000,1.19,1.19,1.19,1.19,940,0
AVT,5,20210211,160000,1.17,1.17,1.16,1.16,1000,0
AVT,5,20210211,164500,1.19,1.19,1.19,1.19,1,0
AVT,5,20210212,090000,1.2,1.2,1.2,1.2,1000,0
AVT,5,20210212,090500,1.19,1.19,1.19,1.19,200,0
AVT,5,20210212,092000,1.19,1.19,1.19,1.19,131,0
AVT,5,20210212,092500,1.18,1.18,1.18,1.18,1000,0
AVT,5,20210212,101000,1.16,1.16,1.16,1.16,1011,0
AVT,5,20210212,102000,1.16,1.16,1.16,1.16,1589,0
AVT,5,20210212,102500,1.16,1.16,1.11,1.11,19500,0
AVT,5,20210212,103500,1.12,1.15,1.1,1.15,22974,0
AVT,5,20210212,104000,1.11,1.11,1.1,1.1,10000,0
AVT,5,20210212,105500,1.14,1.16,1.14,1.16,6500,0
AVT,5,20210212,110500,1.15,1.15,1.11,1.11,15000,0
AVT,5,20210212,111000,1.16,1.16,1.16,1.16,10,0
AVT,5,20210212,113000,1.14,1.14,1.14,1.14,780,0
AVT,5,20210212,115000,1.12,1.12,1.12,1.12,1,0
AVT,5,20210212,120000,1.16,1.16,1.16,1.16,100,0
AVT,5,20210212,120500,1.16,1.16,1.16,1.16,2737,0
AVT,5,20210212,121000,1.14,1.14,1.1,1.14,58001,0
AVT,5,20210212,123000,1.12,1.12,1.12,1.12,1247,0
AVT,5,20210212,125000,1.14,1.14,1.14,1.14,1399,0
AVT,5,20210212,133500,1.15,1.15,1.15,1.15,1000,0
AVT,5,20210212,141500,1.14,1.15,1.14,1.15,3633,0
AVT,5,20210212,144000,1.15,1.15,1.1,1.1,35748,0
AVT,5,20210212,144500,1.1,1.1,1.1,1.1,2752,0
AVT,5,20210212,145000,1.17,1.17,1.17,1.17,1,0
AVT,5,20210212,150000,1.16,1.16,1.16,1.16,455,0
AVT,5,20210212,150500,1.16,1.16,1.16,1.16,858,0
AVT,5,20210212,154500,1.11,1.11,1.1,1.1,10000,0
AVT,5,20210212,155500,1.11,1.11,1.1,1.1,20000,0
AVT,5,20210212,160000,1.15,1.15,1.15,1.15,1700,0
AVT,5,20210212,160500,1.15,1.15,1.11,1.11,2300,0
AVT,5,20210212,161000,1.16,1.16,1.16,1.16,3652,0
AVT,5,20210212,161500,1.17,1.17,1.17,1.17,100,0
AVT,5,20210212,162500,1.15,1.18,1.15,1.18,8914,0
AVT,5,20210212,163000,1.19,1.3,1.19,1.25,42143,0
AVT,5,20210212,164500,1.25,1.25,1.25,1.25,1006,0
AVT,5,20210215,090000,1.24,1.29,1.24,1.29,7200,0
AVT,5,20210215,090500,1.24,1.3,1.24,1.3,701,0
AVT,5,20210215,091000,1.25,1.25,1.25,1.25,1000,0
AVT,5,20210215,092000,1.26,1.26,1.26,1.26,380,0
AVT,5,20210215,092500,1.26,1.26,1.26,1.26,240,0
AVT,5,20210215,093000,1.2,1.25,1.2,1.25,890,0
AVT,5,20210215,093500,1.19,1.19,1.19,1.19,221,0
AVT,5,20210215,095000,1.2,1.2,1.2,1.2,272,0
AVT,5,20210215,095500,1.2,1.2,1.2,1.2,1220,0
AVT,5,20210215,101500,1.25,1.25,1.25,1.25,590,0
AVT,5,20210215,111000,1.2,1.2,1.19,1.19,6787,0
AVT,5,20210215,112000,1.23,1.23,1.23,1.23,1,0
AVT,5,20210215,121000,1.23,1.23,1.23,1.23,250,0
AVT,5,20210215,124000,1.18,1.18,1.18,1.18,4557,0
AVT,5,20210215,131000,1.16,1.16,1.16,1.16,1,0
AVT,5,20210215,131500,1.23,1.23,1.23,1.23,1,0
AVT,5,20210215,144000,1.18,1.19,1.15,1.15,11169,0
AVT,5,20210215,144500,1.19,1.19,1.19,1.19,1666,0
AVT,5,20210215,145500,1.13,1.13,1.13,1.13,1,0
AVT,5,20210215,150000,1.19,1.19,1.19,1.19,1,0
AVT,5,20210215,150500,1.18,1.18,1.18,1.18,704,0
AVT,5,20210215,151500,1.13,1.13,1.13,1.13,243,0
AVT,5,20210215,152500,1.17,1.19,1.17,1.19,171,0
AVT,5,20210215,153000,1.2,1.2,1.17,1.2,15274,0
AVT,5,20210215,153500,1.23,1.25,1.23,1.25,2848,0
AVT,5,20210215,154000,1.25,1.25,1.25,1.25,94,0
AVT,5,20210215,154500,1.2,1.2,1.2,1.2,14000,0
AVT,5,20210215,163000,1.23,1.23,1.2,1.2,5120,0
AVT,5,20210215,164500,1.17,1.2,1.17,1.2,20100,0
AVT,5,20210216,090000,1.2,1.25,1.2,1.25,2611,0
AVT,5,20210216,090500,1.24,1.25,1.24,1.25,7389,0
AVT,5,20210216,091500,1.25,1.25,1.25,1.25,500,0
AVT,5,20210216,101500,1.21,1.21,1.21,1.21,704,0
AVT,5,20210216,102000,1.21,1.21,1.21,1.21,2628,0
AVT,5,20210216,103000,1.21,1.22,1.21,1.22,800,0
AVT,5,20210216,104000,1.22,1.22,1.22,1.22,72,0
AVT,5,20210216,110000,1.22,1.22,1.22,1.22,28,0
AVT,5,20210216,112000,1.18,1.18,1.17,1.17,2972,0
AVT,5,20210216,113500,1.23,1.23,1.23,1.23,100,0
AVT,5,20210216,120500,1.2,1.23,1.2,1.23,9,0
AVT,5,20210216,123000,1.22,1.22,1.22,1.22,771,0
AVT,5,20210216,140000,1.2,1.22,1.2,1.22,3438,0
AVT,5,20210216,150500,1.18,1.18,1.18,1.18,8000,0
AVT,5,20210216,151000,1.17,1.17,1.17,1.17,3000,0
AVT,5,20210216,151500,1.22,1.22,1.22,1.22,233,0
AVT,5,20210216,164500,1.23,1.23,1.23,1.23,300,0
AVT,5,20210217,090000,1.18,1.18,1.18,1.18,500,0
AVT,5,20210217,093000,1.23,1.23,1.23,1.23,1,0
AVT,5,20210217,093500,1.18,1.18,1.18,1.18,1200,0
AVT,5,20210217,104000,1.18,1.18,1.18,1.18,300,0
AVT,5,20210217,105500,1.22,1.22,1.22,1.22,1,0
AVT,5,20210217,112000,1.2,1.2,1.18,1.18,1415,0
AVT,5,20210217,120500,1.2,1.2,1.2,1.2,300,0
AVT,5,20210217,121000,1.2,1.2,1.2,1.2,731,0
AVT,5,20210217,122500,1.2,1.2,1.15,1.15,17075,0
AVT,5,20210217,123000,1.15,1.15,1.15,1.15,3286,0
AVT,5,20210217,123500,1.2,1.2,1.2,1.2,1,0
AVT,5,20210217,131000,1.14,1.14,1.14,1.14,4281,0
AVT,5,20210217,131500,1.2,1.2,1.15,1.15,1736,0
AVT,5,20210217,133500,1.17,1.19,1.17,1.19,4500,0
AVT,5,20210217,140000,1.19,1.19,1.19,1.19,135,0
AVT,5,20210217,141000,1.2,1.22,1.2,1.22,1000,0
AVT,5,20210217,144000,1.21,1.22,1.21,1.22,1000,0
AVT,5,20210217,161500,1.16,1.16,1.16,1.16,1750,0
AVT,5,20210217,162500,1.19,1.19,1.19,1.19,190,0
AVT,5,20210217,164000,1.19,1.19,1.19,1.19,14000,0
AVT,5,20210217,164500,1.19,1.19,1.19,1.19,756,0
AVT,5,20210218,090000,1.19,1.19,1.19,1.19,2000,0
AVT,5,20210218,090500,1.16,1.16,1.16,1.16,2000,0
AVT,5,20210218,093500,1.15,1.15,1.15,1.15,2000,0
AVT,5,20210218,094000,1.21,1.21,1.21,1.21,1,0
AVT,5,20210218,094500,1.21,1.21,1.21,1.21,20,0
AVT,5,20210218,104000,1.16,1.16,1.16,1.16,1000,0
AVT,5,20210218,104500,1.15,1.15,1.13,1.13,16959,0
AVT,5,20210218,105000,1.18,1.18,1.13,1.13,4500,0
AVT,5,20210218,105500,1.12,1.17,1.12,1.17,3620,0
AVT,5,20210218,110000,1.13,1.13,1.11,1.11,6731,0
AVT,5,20210218,110500,1.12,1.12,1.12,1.12,3000,0
AVT,5,20210218,111000,1.12,1.12,1.12,1.12,500,0
AVT,5,20210218,111500,1.12,1.12,1.11,1.12,3303,0
AVT,5,20210218,112000,1.14,1.15,1.14,1.15,1600,0
AVT,5,20210218,112500,1.15,1.15,1.15,1.15,1350,0
AVT,5,20210218,115000,1.15,1.15,1.15,1.15,300,0
AVT,5,20210218,120500,1.17,1.18,1.17,1.18,2000,0
AVT,5,20210218,121000,1.18,1.18,1.18,1.18,400,0
AVT,5,20210218,134000,1.15,1.18,1.15,1.18,1004,0
AVT,5,20210218,135000,1.15,1.15,1.15,1.15,1000,0
AVT,5,20210218,141000,1.17,1.17,1.17,1.17,449,0
AVT,5,20210218,143000,1.15,1.15,1.15,1.15,551,0
AVT,5,20210218,143500,1.17,1.18,1.15,1.18,9000,0
AVT,5,20210218,145000,1.18,1.2,1.18,1.2,6823,0
AVT,5,20210218,150000,1.21,1.21,1.2,1.2,1818,0
AVT,5,20210218,153500,1.2,1.2,1.16,1.16,12796,0
AVT,5,20210218,154000,1.2,1.23,1.2,1.23,214,0
AVT,5,20210218,155000,1.22,1.23,1.22,1.23,4614,0
AVT,5,20210218,163000,1.22,1.22,1.22,1.22,70,0
AVT,5,20210218,164500,1.22,1.22,1.22,1.22,1600,0
AVT,5,20210219,093500,1.16,1.16,1.16,1.16,2000,0
AVT,5,20210219,102000,1.2,1.2,1.2,1.2,1,0
AVT,5,20210219,102500,1.2,1.2,1.2,1.2,100,0
AVT,5,20210219,104500,1.16,1.16,1.16,1.16,449,0
AVT,5,20210219,105000,1.18,1.18,1.18,1.18,1000,0
AVT,5,20210219,105500,1.16,1.16,1.16,1.16,2000,0
AVT,5,20210219,113500,1.16,1.16,1.16,1.16,1000,0
AVT,5,20210219,125000,1.2,1.2,1.2,1.2,1,0
AVT,5,20210219,130000,1.16,1.16,1.16,1.16,517,0
AVT,5,20210219,131000,1.19,1.19,1.19,1.19,3898,0
AVT,5,20210219,133500,1.2,1.24,1.2,1.24,8500,0
AVT,5,20210219,160000,1.24,1.25,1.24,1.25,3000,0
AVT,5,20210219,162500,1.25,1.25,1.2,1.25,3,0
AVT,5,20210219,164000,1.25,1.25,1.25,1.25,1,0
AVT,5,20210222,094000,1.21,1.21,1.21,1.21,360,0
AVT,5,20210222,094500,1.21,1.21,1.21,1.21,1600,0
AVT,5,20210222,095000,1.21,1.21,1.2,1.2,4200,0
AVT,5,20210222,095500,1.2,1.22,1.2,1.22,3150,0
AVT,5,20210222,100000,1.22,1.22,1.22,1.22,2571,0
AVT,5,20210222,110500,1.18,1.18,1.18,1.18,757,0
AVT,5,20210222,112500,1.21,1.21,1.21,1.21,1,0
AVT,5,20210222,115000,1.21,1.21,1.21,1.21,1647,0
AVT,5,20210222,123000,1.21,1.21,1.21,1.21,281,0
AVT,5,20210222,123500,1.24,1.24,1.24,1.24,1,0
AVT,5,20210222,161500,1.21,1.21,1.2,1.2,1071,0
AVT,5,20210222,163000,1.19,1.23,1.19,1.23,1001,0
AVT,5,20210222,164000,1.22,1.22,1.22,1.22,820,0
AVT,5,20210223,091500,1.18,1.21,1.18,1.21,5001,0
AVT,5,20210223,092000,1.18,1.18,1.18,1.18,467,0
AVT,5,20210223,093500,1.16,1.2,1.16,1.2,402,0
AVT,5,20210223,110000,1.19,1.21,1.19,1.21,301,0
AVT,5,20210223,112500,1.16,1.16,1.11,1.11,25000,0
AVT,5,20210223,113000,1.15,1.15,1.12,1.15,5494,0
AVT,5,20210223,115000,1.17,1.17,1.17,1.17,500,0
AVT,5,20210223,120000,1.17,1.17,1.17,1.17,2904,0
AVT,5,20210223,120500,1.18,1.18,1.17,1.17,4890,0
AVT,5,20210223,121500,1.21,1.21,1.21,1.21,500,0
AVT,5,20210223,122000,1.17,1.17,1.17,1.17,4000,0
AVT,5,20210223,123500,1.17,1.17,1.17,1.17,5000,0
AVT,5,20210223,125000,1.17,1.17,1.17,1.17,206,0
AVT,5,20210223,131500,1.17,1.17,1.17,1.17,200,0
AVT,5,20210223,134500,1.15,1.15,1.15,1.15,1,0
AVT,5,20210223,135500,1.15,1.15,1.15,1.15,1000,0
AVT,5,20210223,140000,1.15,1.15,1.15,1.15,799,0
AVT,5,20210223,141000,1.15,1.17,1.15,1.17,795,0
AVT,5,20210223,143000,1.17,1.17,1.12,1.12,2615,0
AVT,5,20210223,145000,1.13,1.13,1.13,1.13,1000,0
AVT,5,20210223,150500,1.12,1.12,1.12,1.12,2000,0
AVT,5,20210223,151500,1.12,1.12,1.11,1.11,13885,0
AVT,5,20210223,152000,1.13,1.13,1.13,1.13,2000,0
AVT,5,20210223,152500,1.13,1.13,1.13,1.13,300,0
AVT,5,20210223,153000,1.13,1.13,1.13,1.13,1200,0
AVT,5,20210223,153500,1.16,1.17,1.16,1.17,2500,0
AVT,5,20210223,155500,1.18,1.18,1.18,1.18,100,0
AVT,5,20210223,163000,1.17,1.17,1.17,1.17,150,0
AVT,5,20210223,164500,1.18,1.18,1.18,1.18,1,0
AVT,5,20210224,090000,1.14,1.14,1.14,1.14,220,0
AVT,5,20210224,091000,1.17,1.18,1.17,1.18,1000,0
AVT,5,20210224,103000,1.17,1.17,1.17,1.17,150,0
AVT,5,20210224,133500,1.17,1.17,1.17,1.17,31000,0
AVT,5,20210224,141500,1.17,1.18,1.17,1.18,1247,0
AVT,5,20210224,142000,1.19,1.19,1.19,1.19,153,0
AVT,5,20210224,143000,1.14,1.19,1.14,1.19,51,0
AVT,5,20210224,154500,1.17,1.17,1.17,1.17,248,0
AVT,5,20210224,162000,1.17,1.19,1.17,1.19,2000,0
AVT,5,20210224,164500,1.19,1.19,1.19,1.19,500,0
AVT,5,20210225,093000,1.19,1.19,1.19,1.19,2359,0
AVT,5,20210225,094500,1.2,1.2,1.2,1.2,100,0
AVT,5,20210225,095000,1.2,1.2,1.2,1.2,1900,0
AVT,5,20210225,100500,1.21,1.21,1.21,1.21,381,0
AVT,5,20210225,101000,1.2,1.21,1.2,1.21,3001,0
AVT,5,20210225,101500,1.2,1.2,1.2,1.2,398,0
AVT,5,20210225,111000,1.2,1.2,1.2,1.2,966,0
AVT,5,20210225,112000,1.21,1.21,1.21,1.21,100,0
AVT,5,20210225,124500,1.2,1.2,1.2,1.2,2034,0
AVT,5,20210225,133500,1.19,1.19,1.19,1.19,141,0
AVT,5,20210225,135000,1.2,1.2,1.2,1.2,2,0
AVT,5,20210225,144000,1.2,1.2,1.2,1.2,330,0
AVT,5,20210226,090000,1.19,1.19,1.19,1.19,1000,0
AVT,5,20210226,090500,1.15,1.15,1.13,1.13,2500,0
AVT,5,20210226,091500,1.17,1.17,1.17,1.17,1,0
AVT,5,20210226,092000,1.17,1.19,1.17,1.19,1318,0
AVT,5,20210226,093000,1.19,1.21,1.19,1.21,10000,0
AVT,5,20210226,095500,1.17,1.17,1.17,1.17,300,0
AVT,5,20210226,101500,1.2,1.2,1.2,1.2,1,0
AVT,5,20210226,104000,1.18,1.18,1.18,1.18,4224,0
AVT,5,20210226,113500,1.17,1.17,1.17,1.17,909,0
AVT,5,20210226,114500,1.21,1.21,1.21,1.21,7,0
AVT,5,20210226,124000,1.17,1.17,1.14,1.14,15930,0
AVT,5,20210226,124500,1.13,1.13,1.12,1.12,5316,0
AVT,5,20210226,125500,1.14,1.14,1.11,1.11,8754,0
AVT,5,20210226,133500,1.16,1.16,1.16,1.16,2900,0
AVT,5,20210226,142500,1.14,1.14,1.14,1.14,1000,0
AVT,5,20210226,151500,1.14,1.14,1.14,1.14,1300,0
AVT,5,20210226,152000,1.14,1.14,1.14,1.14,366,0
AVT,5,20210226,152500,1.17,1.17,1.17,1.17,634,0
AVT,5,20210301,092000,1.13,1.13,1.11,1.11,3438,0
AVT,5,20210301,093000,1.15,1.15,1.15,1.15,1000,0
AVT,5,20210301,093500,1.17,1.2,1.17,1.2,890,0
AVT,5,20210301,094000,1.2,1.2,1.17,1.17,1512,0
AVT,5,20210301,103500,1.11,1.11,1.11,1.11,6659,0
AVT,5,20210301,104000,1.11,1.11,1.11,1.11,3000,0
AVT,5,20210301,105000,1.11,1.11,1.11,1.11,341,0
AVT,5,20210301,110000,1.15,1.15,1.15,1.15,1,0
AVT,5,20210301,110500,1.11,1.11,1.11,1.11,170,0
AVT,5,20210301,111500,1.11,1.15,1.11,1.15,584,0
AVT,5,20210301,112000,1.15,1.15,1.15,1.15,1200,0
AVT,5,20210301,114500,1.15,1.15,1.15,1.15,2398,0
AVT,5,20210301,115000,1.16,1.16,1.16,1.16,1,0
AVT,5,20210301,115500,1.16,1.16,1.16,1.16,1199,0
AVT,5,20210301,120000,1.18,1.18,1.18,1.18,9,0
AVT,5,20210301,120500,1.18,1.18,1.18,1.18,210,0
AVT,5,20210301,131000,1.17,1.17,1.17,1.17,1000,0
AVT,5,20210301,161500,1.15,1.15,1.15,1.15,934,0
AVT,5,20210301,162500,1.17,1.17,1.17,1.17,1,0
AVT,5,20210301,163500,1.17,1.17,1.17,1.17,10,0
AVT,5,20210301,164500,1.17,1.17,1.17,1.17,66,0
AVT,5,20210302,090000,1.18,1.18,1.17,1.17,601,0
AVT,5,20210302,090500,1.18,1.18,1.18,1.18,1000,0
AVT,5,20210302,092500,1.18,1.18,1.18,1.18,505,0
AVT,5,20210302,094000,1.18,1.18,1.18,1.18,1400,0
AVT,5,20210302,095000,1.2,1.2,1.2,1.2,500,0
AVT,5,20210302,103500,1.19,1.19,1.19,1.19,850,0
AVT,5,20210302,114500,1.19,1.19,1.19,1.19,350,0
AVT,5,20210302,125000,1.2,1.2,1.2,1.2,1,0
AVT,5,20210302,143000,1.2,1.2,1.2,1.2,79,0
AVT,5,20210302,151000,1.2,1.2,1.2,1.2,2000,0
AVT,5,20210302,151500,1.19,1.19,1.19,1.19,1,0
AVT,5,20210302,152000,1.19,1.19,1.18,1.18,1054,0
AVT,5,20210302,153000,1.18,1.18,1.18,1.18,1000,0
AVT,5,20210302,161000,1.17,1.17,1.17,1.17,500,0
AVT,5,20210302,163000,1.16,1.16,1.12,1.12,18757,0
AVT,5,20210302,163500,1.12,1.12,1.12,1.12,1470,0
AVT,5,20210302,164500,1.12,1.16,1.12,1.16,19811,0
AVT,5,20210303,093000,1.14,1.14,1.14,1.14,50,0
AVT,5,20210303,100000,1.14,1.14,1.14,1.14,100,0
AVT,5,20210303,101500,1.14,1.15,1.14,1.15,4563,0
AVT,5,20210303,104000,1.16,1.16,1.16,1.16,1,0
AVT,5,20210303,105500,1.16,1.16,1.16,1.16,2200,0
AVT,5,20210303,112000,1.16,1.16,1.16,1.16,1210,0
AVT,5,20210303,113500,1.12,1.12,1.12,1.12,1500,0
AVT,5,20210303,114500,1.16,1.16,1.16,1.16,200,0
AVT,5,20210303,124000,1.18,1.18,1.18,1.18,500,0
AVT,5,20210303,133000,1.13,1.13,1.11,1.11,28420,0
AVT,5,20210303,133500,1.17,1.17,1.1,1.1,6050,0
AVT,5,20210303,134000,1.1,1.1,1.1,1.1,950,0
AVT,5,20210303,135000,1.1,1.1,1.1,1.1,1000,0
AVT,5,20210303,140000,1.11,1.11,1.11,1.11,500,0
AVT,5,20210303,140500,1.13,1.13,1.08,1.08,7921,0
AVT,5,20210303,141000,1.13,1.13,1.13,1.13,20,0
AVT,5,20210303,144000,1.1,1.1,1.1,1.1,2500,0
AVT,5,20210303,145000,1.1,1.1,1.1,1.1,2100,0
AVT,5,20210303,145500,1.1,1.1,1.1,1.1,1300,0
AVT,5,20210303,151000,1.1,1.1,1.1,1.1,500,0
AVT,5,20210303,152000,1.12,1.12,1.12,1.12,1,0
AVT,5,20210304,090000,1.12,1.12,1.12,1.12,2480,0
AVT,5,20210304,094000,1.07,1.07,1.07,1.07,1000,0
AVT,5,20210304,095000,1.12,1.12,1.12,1.12,1,0
AVT,5,20210304,101000,1.1,1.1,1.1,1.1,623,0
AVT,5,20210304,102500,1.12,1.18,1.12,1.18,2756,0
AVT,5,20210304,103000,1.19,1.2,1.19,1.2,17232,0
AVT,5,20210304,104000,1.18,1.19,1.18,1.19,163,0
AVT,5,20210304,105500,1.19,1.19,1.19,1.19,1000,0
AVT,5,20210304,121000,1.15,1.15,1.15,1.15,500,0
AVT,5,20210304,123500,1.15,1.15,1.15,1.15,99,0
AVT,5,20210304,124000,1.15,1.15,1.15,1.15,401,0
AVT,5,20210304,125500,1.14,1.14,1.1,1.1,9324,0
AVT,5,20210304,131000,1.15,1.15,1.15,1.15,1,0
AVT,5,20210304,132500,1.15,1.15,1.15,1.15,500,0
AVT,5,20210304,141500,1.15,1.15,1.15,1.15,98,0
AVT,5,20210304,142000,1.16,1.16,1.16,1.16,303,0
AVT,5,20210304,142500,1.16,1.16,1.16,1.16,50,0
AVT,5,20210305,091000,1.16,1.16,1.16,1.16,47,0
AVT,5,20210305,094500,1.16,1.16,1.16,1.16,500,0
AVT,5,20210305,102500,1.11,1.11,1.11,1.11,5000,0
AVT,5,20210305,103000,1.16,1.16,1.16,1.16,1,0
AVT,5,20210305,103500,1.16,1.16,1.16,1.16,50,0
AVT,5,20210305,104000,1.16,1.16,1.16,1.16,200,0
AVT,5,20210305,104500,1.15,1.16,1.15,1.16,4379,0
AVT,5,20210305,123000,1.16,1.16,1.16,1.16,546,0
AVT,5,20210305,124500,1.16,1.16,1.16,1.16,2155,0
AVT,5,20210305,135500,1.16,1.16,1.16,1.16,3075,0
AVT,5,20210305,140000,1.16,1.16,1.16,1.16,1000,0
AVT,5,20210305,143500,1.18,1.19,1.18,1.19,3985,0
AVT,5,20210305,145500,1.2,1.2,1.2,1.2,1,0
AVT,5,20210305,150000,1.2,1.2,1.19,1.19,1610,0
AVT,5,20210305,151500,1.19,1.19,1.11,1.11,6787,0
AVT,5,20210305,152000,1.19,1.19,1.19,1.19,100,0
AVT,5,20210308,090000,1.19,1.19,1.19,1.19,2723,0
AVT,5,20210308,093000,1.16,1.16,1.16,1.16,1000,0
AVT,5,20210308,101500,1.16,1.16,1.16,1.16,2000,0
AVT,5,20210308,103500,1.15,1.15,1.12,1.12,900,0
AVT,5,20210308,105000,1.16,1.16,1.16,1.16,1,0
AVT,5,20210308,120500,1.16,1.16,1.16,1.16,119,0
AVT,5,20210308,130000,1.17,1.17,1.17,1.17,150,0
AVT,5,20210308,133000,1.18,1.18,1.18,1.18,460,0
AVT,5,20210308,135000,1.18,1.18,1.18,1.18,700,0
AVT,5,20210308,141000,1.16,1.16,1.12,1.12,3868,0
AVT,5,20210308,142500,1.17,1.17,1.17,1.17,511,0
AVT,5,20210308,144500,1.18,1.18,1.18,1.18,1,0
AVT,5,20210308,160500,1.18,1.19,1.18,1.19,1500,0
AVT,5,20210309,115500,1.12,1.12,1.12,1.12,2000,0
AVT,5,20210309,121000,1.15,1.15,1.15,1.15,10,0
AVT,5,20210309,125500,1.15,1.15,1.15,1.15,250,0
AVT,5,20210309,140500,1.17,1.17,1.17,1.17,1,0
AVT,5,20210309,141500,1.17,1.17,1.17,1.17,209,0
AVT,5,20210309,161500,1.13,1.13,1.13,1.13,800,0
AVT,5,20210309,162000,1.13,1.13,1.13,1.13,1430,0
AVT,5,20210309,163500,1.18,1.18,1.18,1.18,10,0
AVT,5,20210310,090000,1.12,1.12,1.12,1.12,2000,0
AVT,5,20210310,090500,1.11,1.11,1.11,1.11,2000,0
AVT,5,20210310,091000,1.11,1.15,1.11,1.15,4210,0
AVT,5,20210310,091500,1.11,1.15,1.11,1.15,1350,0
AVT,5,20210310,092000,1.11,1.16,1.11,1.16,6204,0
AVT,5,20210310,094500,1.17,1.17,1.17,1.17,1,0
AVT,5,20210310,101000,1.17,1.17,1.17,1.17,90,0
AVT,5,20210310,105000,1.16,1.16,1.16,1.16,146,0
AVT,5,20210310,121000,1.12,1.12,1.12,1.12,387,0
AVT,5,20210310,121500,1.14,1.14,1.14,1.14,5,0
AVT,5,20210310,131000,1.14,1.14,1.14,1.14,10000,0
AVT,5,20210310,133500,1.12,1.12,1.11,1.11,10000,0
AVT,5,20210310,134500,1.14,1.17,1.14,1.17,2739,0
AVT,5,20210310,135000,1.17,1.17,1.1,1.1,8600,0
AVT,5,20210310,140000,1.15,1.15,1.15,1.15,1,0
AVT,5,20210310,150500,1.14,1.15,1.14,1.15,1200,0
AVT,5,20210310,161000,1.12,1.12,1.1,1.1,6322,0
AVT,5,20210310,161500,1.15,1.15,1.15,1.15,10,0
AVT,5,20210310,162500,1.1,1.1,1.1,1.1,1000,0
AVT,5,20210310,163500,1.15,1.15,1.15,1.15,3,0
AVT,5,20210311,100500,1.15,1.15,1.15,1.15,2186,0
AVT,5,20210311,103500,1.16,1.16,1.16,1.16,1,0
AVT,5,20210311,114500,1.16,1.16,1.16,1.16,5,0
AVT,5,20210311,135500,1.12,1.12,1.11,1.11,10000,0
AVT,5,20210311,140000,1.15,1.15,1.15,1.15,1,0
AVT,5,20210311,141500,1.15,1.16,1.15,1.16,2969,0
AVT,5,20210311,145000,1.16,1.16,1.16,1.16,200,0
AVT,5,20210311,153500,1.11,1.11,1.11,1.11,220,0
AVT,5,20210311,162000,1.15,1.15,1.15,1.15,1,0
AVT,5,20210312,090500,1.15,1.15,1.15,1.15,350,0
AVT,5,20210312,095500,1.15,1.16,1.15,1.16,1765,0
AVT,5,20210312,101000,1.12,1.16,1.12,1.16,101,0
AVT,5,20210312,123000,1.12,1.12,1.12,1.12,3417,0
AVT,5,20210312,123500,1.16,1.16,1.16,1.16,20,0
AVT,5,20210312,130000,1.16,1.16,1.16,1.16,2,0
AVT,5,20210312,134000,1.16,1.16,1.16,1.16,350,0
AVT,5,20210312,164000,1.12,1.16,1.12,1.16,106,0
AVT,5,20210315,090000,1.16,1.16,1.16,1.16,250,0
AVT,5,20210315,093000,1.16,1.16,1.16,1.16,3855,0
AVT,5,20210315,093500,1.17,1.17,1.17,1.17,1,0
AVT,5,20210315,104000,1.13,1.13,1.13,1.13,500,0
AVT,5,20210315,105000,1.14,1.14,1.14,1.14,80,0
AVT,5,20210315,110000,1.14,1.14,1.14,1.14,2420,0
AVT,5,20210315,110500,1.15,1.15,1.15,1.15,1,0
AVT,5,20210315,112000,1.13,1.13,1.13,1.13,2000,0
AVT,5,20210315,112500,1.15,1.15,1.15,1.15,500,0
AVT,5,20210315,121500,1.14,1.14,1.13,1.13,1000,0
AVT,5,20210315,122000,1.15,1.15,1.15,1.15,10,0
AVT,5,20210315,122500,1.15,1.15,1.15,1.15,15,0
AVT,5,20210315,132500,1.13,1.13,1.13,1.13,1000,0
AVT,5,20210315,135000,1.15,1.15,1.15,1.15,10,0
AVT,5,20210315,140500,1.13,1.14,1.1,1.14,30001,0
AVT,5,20210315,142500,1.13,1.13,1.13,1.13,3000,0
AVT,5,20210315,144000,1.1,1.1,1.1,1.1,3670,0
AVT,5,20210315,145500,1.13,1.13,1.13,1.13,1,0
AVT,5,20210315,155000,1.12,1.12,1.12,1.12,2999,0
AVT,5,20210315,155500,1.13,1.13,1.13,1.13,132,0
AVT,5,20210315,160500,1.1,1.1,1.1,1.1,1000,0
AVT,5,20210315,161500,1.1,1.1,1.1,1.1,5583,0
AVT,5,20210315,162000,1.13,1.13,1.13,1.13,38,0
AVT,5,20210316,091500,1.12,1.14,1.12,1.14,1329,0
AVT,5,20210316,093000,1.13,1.13,1.13,1.13,1480,0
AVT,5,20210316,094000,1.15,1.15,1.12,1.15,4157,0
AVT,5,20210316,101000,1.15,1.15,1.15,1.15,1000,0
AVT,5,20210316,102500,1.12,1.12,1.12,1.12,1500,0
AVT,5,20210316,104000,1.12,1.12,1.12,1.12,3838,0
AVT,5,20210316,105500,1.15,1.15,1.15,1.15,1300,0
AVT,5,20210316,123000,1.14,1.14,1.14,1.14,1500,0
AVT,5,20210316,124000,1.13,1.13,1.13,1.13,2000,0
AVT,5,20210316,150000,1.13,1.13,1.13,1.13,300,0
AVT,5,20210316,151000,1.13,1.13,1.13,1.13,120,0
AVT,5,20210316,152500,1.15,1.15,1.15,1.15,1,0
AVT,5,20210316,153000,1.12,1.12,1.1,1.1,15467,0
AVT,5,20210316,154000,1.1,1.1,1.1,1.1,2345,0
AVT,5,20210316,155000,1.1,1.1,1.1,1.1,200,0
AVT,5,20210316,155500,1.1,1.1,1.1,1.1,7084,0
AVT,5,20210316,162500,1.14,1.14,1.14,1.14,54,0
AVT,5,20210317,093000,1.1,1.1,1.1,1.1,5,0
AVT,5,20210317,105000,1.11,1.11,1.1,1.1,2900,0
AVT,5,20210317,105500,1.1,1.1,1.1,1.1,3500,0
AVT,5,20210317,110000,1.12,1.12,1.12,1.12,385,0
AVT,5,20210317,124000,1.12,1.12,1.12,1.12,1000,0
AVT,5,20210317,134500,1.1,1.12,1.1,1.12,679,0
AVT,5,20210317,144500,1.1,1.1,1.1,1.1,10084,0
AVT,5,20210317,151000,1.11,1.11,1.11,1.11,100,0
AVT,5,20210317,152500,1.12,1.12,1.12,1.12,3468,0
AVT,5,20210317,162000,1.12,1.12,1.12,1.12,650,0
AVT,5,20210318,095500,1.12,1.12,1.12,1.12,728,0
AVT,5,20210318,111500,1.13,1.13,1.13,1.13,200,0
AVT,5,20210318,115500,1.14,1.15,1.14,1.15,1738,0
AVT,5,20210318,121500,1.17,1.17,1.17,1.17,5258,0
AVT,5,20210318,122500,1.18,1.18,1.18,1.18,10,0
AVT,5,20210318,131500,1.17,1.17,1.17,1.17,3004,0
AVT,5,20210318,150500,1.14,1.14,1.14,1.14,2,0
AVT,5,20210318,162500,1.17,1.17,1.17,1.17,1,0
AVT,5,20210319,090000,1.17,1.17,1.17,1.17,5,0
AVT,5,20210319,094000,1.14,1.14,1.11,1.11,450,0
AVT,5,20210319,100500,1.16,1.16,1.16,1.16,10,0
AVT,5,20210319,102500,1.12,1.12,1.12,1.12,10000,0
AVT,5,20210319,103000,1.16,1.16,1.16,1.16,990,0
AVT,5,20210319,111000,1.16,1.16,1.16,1.16,4010,0
AVT,5,20210319,115500,1.15,1.15,1.15,1.15,300,0
AVT,5,20210319,150000,1.15,1.15,1.15,1.15,700,0
AVT,5,20210319,162000,1.13,1.13,1.13,1.13,400,0
AVT,5,20210322,090000,1.13,1.13,1.13,1.13,2000,0
AVT,5,20210322,091500,1.17,1.17,1.12,1.12,1001,0
AVT,5,20210322,092000,1.11,1.11,1.11,1.11,1600,0
AVT,5,20210322,095500,1.17,1.17,1.17,1.17,1600,0
AVT,5,20210322,130000,1.12,1.12,1.12,1.12,20,0
AVT,5,20210322,130500,1.16,1.16,1.16,1.16,6,0
AVT,5,20210322,140000,1.16,1.16,1.16,1.16,9,0
AVT,5,20210322,141500,1.16,1.16,1.16,1.16,1000,0
AVT,5,20210322,150000,1.12,1.15,1.12,1.15,123,0
AVT,5,20210322,153000,1.12,1.12,1.12,1.12,3000,0
AVT,5,20210322,154500,1.15,1.15,1.15,1.15,500,0
AVT,5,20210322,163500,1.15,1.15,1.15,1.15,5,0
AVT,5,20210322,164500,1.12,1.12,1.11,1.11,2326,0
AVT,5,20210323,090500,1.17,1.17,1.17,1.17,1,0
AVT,5,20210323,094500,1.12,1.12,1.11,1.11,1300,0
AVT,5,20210323,095000,1.16,1.16,1.16,1.16,514,0
AVT,5,20210323,110000,1.13,1.13,1.13,1.13,880,0
AVT,5,20210323,120500,1.13,1.13,1.13,1.13,200,0
AVT,5,20210323,121500,1.11,1.13,1.11,1.13,4688,0
AVT,5,20210323,145500,1.13,1.13,1.13,1.13,1500,0
AVT,5,20210323,152500,1.12,1.12,1.12,1.12,89,0
AVT,5,20210323,154000,1.11,1.11,1.11,1.11,1500,0
AVT,5,20210323,154500,1.11,1.11,1.11,1.11,1300,0
AVT,5,20210323,161500,1.11,1.11,1.11,1.11,200,0
AVT,5,20210323,163000,1.12,1.12,1.12,1.12,1000,0
AVT,5,20210324,090000,1.1,1.1,1.1,1.1,830,0
AVT,5,20210324,091500,1.12,1.12,1.12,1.12,19,0
AVT,5,20210324,102000,1.12,1.12,1.12,1.12,2000,0
AVT,5,20210324,104000,1.12,1.12,1.12,1.12,282,0
AVT,5,20210324,123500,1.12,1.12,1.12,1.12,50,0
AVT,5,20210324,142500,1.12,1.12,1.12,1.12,100,0
AVT,5,20210324,145500,1.16,1.16,1.16,1.16,1,0
AVT,5,20210325,091000,1.12,1.12,1.12,1.12,1000,0
AVT,5,20210325,112500,1.16,1.16,1.16,1.16,9,0
AVT,5,20210325,151000,1.12,1.12,1.12,1.12,2000,0
AVT,5,20210325,160500,1.15,1.15,1.15,1.15,24,0
AVT,5,20210325,164000,1.12,1.12,1.12,1.12,232,0
AVT,5,20210326,111500,1.15,1.15,1.15,1.15,98,0
AVT,5,20210326,113500,1.15,1.16,1.15,1.16,9670,0
AVT,5,20210326,115000,1.17,1.18,1.17,1.18,10000,0
AVT,5,20210326,120000,1.16,1.16,1.16,1.16,210,0
AVT,5,20210326,120500,1.18,1.2,1.18,1.2,10460,0
AVT,5,20210326,122000,1.18,1.18,1.18,1.18,2000,0
AVT,5,20210326,130500,1.19,1.19,1.19,1.19,7595,0
AVT,5,20210326,132500,1.18,1.18,1.18,1.18,140,0
AVT,5,20210326,133500,1.17,1.17,1.17,1.17,100,0
AVT,5,20210326,134000,1.16,1.16,1.16,1.16,120,0
AVT,5,20210326,134500,1.15,1.19,1.15,1.19,945,0
AVT,5,20210326,144500,1.15,1.15,1.15,1.15,1468,0
AVT,5,20210326,150000,1.19,1.19,1.19,1.19,900,0
AVT,5,20210326,151000,1.15,1.15,1.15,1.15,2000,0
AVT,5,20210326,155500,1.18,1.19,1.18,1.19,1000,0
AVT,5,20210326,161500,1.19,1.2,1.19,1.2,2000,0
