<TICKER>,<PER>,<DATE>,<TIME>,<OPEN>,<HIGH>,<LOW>,<CLOSE>,<VOL>,<OPENINT>
B24,5,20210204,090000,28.3,28.3,28.3,28.3,8,0
B24,5,20210204,093500,28,28,27.7,27.7,75,0
B24,5,20210204,104000,27.7,27.7,27.6,27.6,40,0
B24,5,20210204,105000,27.6,27.6,27.6,27.6,50,0
B24,5,20210204,105500,27.6,28.9,27.6,28.9,500,0
B24,5,20210204,112000,28,29,28,29,370,0
B24,5,20210204,112500,29,29,29,29,434,0
B24,5,20210204,113000,29,29,29,29,250,0
B24,5,20210204,113500,29.1,29.1,29.1,29.1,50,0
B24,5,20210204,114000,29,29,29,29,36,0
B24,5,20210204,115000,29.1,29.4,29.1,29.4,100,0
B24,5,20210204,115500,29,29.4,29,29.4,170,0
B24,5,20210204,123500,29.3,29.3,29.3,29.3,28,0
B24,5,20210204,135000,28.5,28.5,28.5,28.5,450,0
B24,5,20210204,143000,29,29,29,29,39,0
B24,5,20210204,145000,29,29,29,29,50,0
B24,5,20210204,153500,28.5,28.5,28.4,28.4,51,0
B24,5,20210204,160000,29.2,29.2,29.2,29.2,2,0
B24,5,20210204,163000,29.2,29.2,29.2,29.2,50,0
B24,5,20210205,090000,29.3,29.3,29.2,29.2,55,0
B24,5,20210205,093000,29,29,29,29,102,0
B24,5,20210205,094500,29,29,29,29,40,0
B24,5,20210205,100500,28.8,28.8,28.8,28.8,20,0
B24,5,20210205,101000,28.4,28.4,28.4,28.4,50,0
B24,5,20210205,103000,28,28,28,28,44,0
B24,5,20210205,104000,28.6,28.6,28.6,28.6,175,0
B24,5,20210205,110000,28.6,28.6,28.6,28.6,20,0
B24,5,20210205,112500,28.6,28.6,28.6,28.6,125,0
B24,5,20210205,133000,28.6,28.6,28.6,28.6,160,0
B24,5,20210205,140000,29,29.2,29,29.2,300,0
B24,5,20210205,152500,29,29,29,29,100,0
B24,5,20210205,155500,29,29,29,29,30,0
B24,5,20210205,162000,28.5,28.5,28.5,28.5,45,0
B24,5,20210205,164500,29.2,29.2,29.2,29.2,5,0
B24,5,20210208,090000,28.1,28.6,27.5,28.6,420,0
B24,5,20210208,090500,28.6,28.6,28.6,28.6,74,0
B24,5,20210208,092000,29,29,28.6,28.6,492,0
B24,5,20210208,092500,28.6,28.6,28.6,28.6,114,0
B24,5,20210208,094000,28.6,28.6,28.6,28.6,45,0
B24,5,20210208,095500,28.6,28.6,28.6,28.6,12,0
B24,5,20210208,112000,28.4,28.4,28.4,28.4,2,0
B24,5,20210208,120000,28.4,28.4,28.4,28.4,5,0
B24,5,20210208,125500,28.2,28.2,28,28,200,0
B24,5,20210208,130000,28.2,28.2,28.2,28.2,100,0
B24,5,20210208,143500,28.2,28.2,28.2,28.2,50,0
B24,5,20210208,152000,28.2,28.2,28.2,28.2,50,0
B24,5,20210208,155000,28,28,28,28,178,0
B24,5,20210208,155500,28,28,28,28,92,0
B24,5,20210208,160500,28.2,28.2,28.2,28.2,5,0
B24,5,20210208,162000,28,28,28,28,83,0
B24,5,20210208,162500,28,28,28,28,45,0
B24,5,20210208,163000,28,28,28,28,30,0
B24,5,20210208,163500,28,28,27.6,27.6,395,0
B24,5,20210208,164500,28,28.6,27.6,27.6,110,0
B24,5,20210209,100000,27.6,27.6,27.6,27.6,24,0
B24,5,20210209,105000,27.8,27.8,27.8,27.8,12,0
B24,5,20210209,110500,27.8,27.8,27.8,27.8,28,0
B24,5,20210209,111500,27.8,27.8,27.8,27.8,572,0
B24,5,20210209,115000,28,28.4,28,28.4,200,0
B24,5,20210209,144000,28.2,28.2,28.2,28.2,70,0
B24,5,20210209,145500,28,28,28,28,5,0
B24,5,20210209,150500,27.7,27.7,27.7,27.7,8,0
B24,5,20210209,151500,28,28,28,28,50,0
B24,5,20210209,160500,28.2,28.2,28.2,28.2,180,0
B24,5,20210209,162000,28.2,28.2,28.2,28.2,20,0
B24,5,20210209,164500,28.4,28.4,28.4,28.4,50,0
B24,5,20210210,090500,28.2,28.2,28.2,28.2,180,0
B24,5,20210210,091500,28,28,28,28,55,0
B24,5,20210210,093000,28.2,29,28.2,29,1227,0
B24,5,20210210,093500,29,29,29,29,79,0
B24,5,20210210,094000,29,29,29,29,50,0
B24,5,20210210,095500,28.9,28.9,28.9,28.9,59,0
B24,5,20210210,100500,29,29,29,29,77,0
B24,5,20210210,101000,29.1,29.1,29.1,29.1,23,0
B24,5,20210210,102500,28.5,28.5,28.5,28.5,40,0
B24,5,20210210,103000,28.5,28.5,28.5,28.5,33,0
B24,5,20210210,104000,29,29.4,29,29.4,325,0
B24,5,20210210,104500,29.4,29.4,29.4,29.4,200,0
B24,5,20210210,105000,29,29,29,29,5,0
B24,5,20210210,110000,29.4,29.4,29.4,29.4,132,0
B24,5,20210210,110500,29.5,29.5,29.5,29.5,50,0
B24,5,20210210,111000,29.5,29.7,29.5,29.7,203,0
B24,5,20210210,111500,29.7,29.7,29.7,29.7,56,0
B24,5,20210210,112000,29.8,29.8,29.8,29.8,500,0
B24,5,20210210,112500,29.7,29.7,29.7,29.7,40,0
B24,5,20210210,113000,29.6,30.1,29.6,30.1,754,0
B24,5,20210210,113500,30.1,30.6,30.1,30.6,593,0
B24,5,20210210,114000,30.8,30.8,30.5,30.8,268,0
B24,5,20210210,114500,30.5,30.5,30.5,30.5,480,0
B24,5,20210210,115000,30.5,30.5,30.5,30.5,49,0
B24,5,20210210,120000,30.1,30.1,30,30,220,0
B24,5,20210210,121000,30,30,30,30,51,0
B24,5,20210210,121500,30,30.5,30,30.5,507,0
B24,5,20210210,122000,30.1,30.2,30.1,30.2,35,0
B24,5,20210210,122500,30.1,30.1,30,30,131,0
B24,5,20210210,124500,29.6,29.6,29.5,29.5,173,0
B24,5,20210210,125000,29.5,29.5,29.5,29.5,419,0
B24,5,20210210,125500,29.4,29.4,29.4,29.4,106,0
B24,5,20210210,131000,30,30,30,30,29,0
B24,5,20210210,132500,29.4,29.4,29.4,29.4,22,0
B24,5,20210210,134000,29.3,29.3,29.3,29.3,10,0
B24,5,20210210,134500,29.3,29.3,28.3,28.3,950,0
B24,5,20210210,135500,29,29,29,29,52,0
B24,5,20210210,140000,28.4,28.4,28.2,28.2,504,0
B24,5,20210210,140500,29,29,29,29,10,0
B24,5,20210210,141000,29,29,29,29,38,0
B24,5,20210210,144000,29.2,29.2,29.2,29.2,50,0
B24,5,20210210,144500,29.2,29.2,29.2,29.2,28,0
B24,5,20210210,150500,29.2,29.2,29.2,29.2,39,0
B24,5,20210210,163500,29.4,29.4,29.4,29.4,3,0
B24,5,20210210,164500,29.4,29.8,29.2,29.8,400,0
B24,5,20210211,090000,30.1,30.1,30.1,30.1,65,0
B24,5,20210211,092000,30.4,30.4,30.4,30.4,50,0
B24,5,20210211,093000,30.2,30.2,30.2,30.2,50,0
B24,5,20210211,093500,30.1,30.1,30.1,30.1,30,0
B24,5,20210211,094000,29.4,29.4,29.4,29.4,18,0
B24,5,20210211,094500,29.9,29.9,29.9,29.9,15,0
B24,5,20210211,112500,29.5,29.5,29.5,29.5,22,0
B24,5,20210211,120500,29.5,29.5,29.5,29.5,68,0
B24,5,20210211,123000,29.5,29.5,29.5,29.5,66,0
B24,5,20210211,124000,29.4,29.9,29.4,29.9,55,0
B24,5,20210211,135500,29.6,29.6,29.6,29.6,70,0
B24,5,20210211,142000,29.8,29.8,29.4,29.4,180,0
B24,5,20210211,144000,29.4,29.4,29.4,29.4,82,0
B24,5,20210211,151000,29.4,29.4,29.4,29.4,20,0
B24,5,20210211,161500,30.1,30.1,30.1,30.1,100,0
B24,5,20210211,162000,30.1,30.1,30.1,30.1,17,0
B24,5,20210211,162500,30,30,28.5,28.5,690,0
B24,5,20210211,164000,30,30,30,30,2,0
B24,5,20210211,164500,28.7,28.7,28.7,28.7,44,0
B24,5,20210212,090000,29,29,29,29,318,0
B24,5,20210212,100000,29,29,29,29,154,0
B24,5,20210212,104000,28.9,28.9,28.8,28.8,100,0
B24,5,20210212,105000,28.8,28.8,28.8,28.8,17,0
B24,5,20210212,111000,28.8,28.8,28.8,28.8,25,0
B24,5,20210212,120000,29,29,29,29,10,0
B24,5,20210212,134500,28.8,28.8,28.6,28.6,20,0
B24,5,20210212,140000,28.6,28.6,28.6,28.6,61,0
B24,5,20210212,141000,28.6,29,28.6,29,39,0
B24,5,20210212,163000,29,29,29,29,100,0
B24,5,20210215,090000,29,29,29,29,37,0
B24,5,20210215,092500,28.6,28.6,28.6,28.6,59,0
B24,5,20210215,094000,29,29,29,29,5,0
B24,5,20210215,095000,29,29,29,29,60,0
B24,5,20210215,103500,29,29.8,29,29.8,12,0
B24,5,20210215,132000,29.3,29.3,29.3,29.3,20,0
B24,5,20210215,141000,29.3,29.5,29.3,29.5,80,0
B24,5,20210215,143500,29.5,29.5,29.5,29.5,175,0
B24,5,20210215,162000,29.3,29.3,29,29,95,0
B24,5,20210215,163000,29,29,29,29,5,0
B24,5,20210216,090500,28.5,28.5,28.2,28.2,342,0
B24,5,20210216,091500,28.2,28.2,28.1,28.1,100,0
B24,5,20210216,092000,28.1,28.1,28.1,28.1,10,0
B24,5,20210216,092500,28.5,28.5,28.5,28.5,56,0
B24,5,20210216,095500,28.5,28.5,28.5,28.5,85,0
B24,5,20210216,100500,29,29,29,29,48,0
B24,5,20210216,101500,29.6,29.6,29.6,29.6,20,0
B24,5,20210216,102500,29.5,29.6,29.5,29.6,100,0
B24,5,20210216,104500,29.5,29.5,29.5,29.5,16,0
B24,5,20210216,105000,29,29,29,29,104,0
B24,5,20210216,112000,29,29,29,29,158,0
B24,5,20210216,132500,28.6,28.6,28.6,28.6,50,0
B24,5,20210216,133000,28.2,28.2,28.2,28.2,50,0
B24,5,20210216,135500,28.1,28.1,28.1,28.1,100,0
B24,5,20210216,140500,28.1,28.1,28.1,28.1,84,0
B24,5,20210216,143000,28.2,28.2,28.2,28.2,70,0
B24,5,20210216,153000,28.2,28.2,28.2,28.2,53,0
B24,5,20210216,155500,28.2,28.2,28.2,28.2,25,0
B24,5,20210216,160500,28.2,28.2,28.2,28.2,10,0
B24,5,20210216,162000,28.2,28.2,28.2,28.2,17,0
B24,5,20210216,164500,28.1,28.1,28,28,302,0
B24,5,20210217,090000,28.2,28.2,28.2,28.2,42,0
B24,5,20210217,093000,28.9,28.9,28.9,28.9,1,0
B24,5,20210217,093500,28.9,28.9,28.9,28.9,86,0
B24,5,20210217,095000,28.9,28.9,28.2,28.2,64,0
B24,5,20210217,113500,28.3,28.3,28.3,28.3,50,0
B24,5,20210217,125500,28.3,28.3,28.3,28.3,40,0
B24,5,20210217,132500,28.7,29,28.7,29,146,0
B24,5,20210217,135000,29,29,28,28,471,0
B24,5,20210217,140000,28.6,28.6,28.6,28.6,30,0
B24,5,20210217,141500,29.1,29.2,29.1,29.2,100,0
B24,5,20210217,145500,29,29,29,29,35,0
B24,5,20210217,152500,28.6,28.6,28.6,28.6,40,0
B24,5,20210217,164500,29,29,29,29,32,0
B24,5,20210218,090000,28.6,28.6,28.6,28.6,174,0
B24,5,20210218,125000,29,29,29,29,10,0
B24,5,20210218,150000,28.6,28.6,28.4,28.4,90,0
B24,5,20210218,151500,28.3,28.3,28.3,28.3,50,0
B24,5,20210218,152000,28.3,28.3,28.3,28.3,8,0
B24,5,20210218,153500,28.3,28.3,28.3,28.3,20,0
B24,5,20210218,155000,28.2,28.3,28.2,28.3,127,0
B24,5,20210218,161000,28.2,28.2,28.2,28.2,100,0
B24,5,20210218,162500,28.2,28.2,28.2,28.2,383,0
B24,5,20210218,163000,28.4,28.4,28.4,28.4,50,0
B24,5,20210218,164000,28.2,28.2,28.2,28.2,22,0
B24,5,20210218,164500,28.2,28.2,28.2,28.2,450,0
B24,5,20210219,100000,28,28,28,28,100,0
B24,5,20210219,100500,28,28,27.9,27.9,100,0
B24,5,20210219,102500,29,29,29,29,1,0
B24,5,20210219,103000,27.9,27.9,27.9,27.9,30,0
B24,5,20210219,104000,27.9,27.9,27.9,27.9,20,0
B24,5,20210219,110000,27.9,27.9,27.9,27.9,15,0
B24,5,20210219,110500,27.8,27.8,27.8,27.8,25,0
B24,5,20210219,114500,27.6,27.6,26.6,26.6,828,0
B24,5,20210219,115000,27,27,26.6,26.7,1038,0
B24,5,20210219,120500,26.7,26.7,26.5,26.7,45,0
B24,5,20210219,121500,26.7,26.7,26.5,26.5,200,0
B24,5,20210219,122000,27,27,27,27,2638,0
B24,5,20210219,124500,27,27,27,27,60,0
B24,5,20210219,125000,27,27.2,27,27.2,40,0
B24,5,20210219,125500,27.2,27.2,27.2,27.2,28,0
B24,5,20210219,130000,27.5,27.5,27.5,27.5,30,0
B24,5,20210219,130500,27.5,27.8,27.5,27.8,124,0
B24,5,20210219,131500,27.5,27.5,27.5,27.5,1,0
B24,5,20210219,132000,27.5,27.5,27.5,27.5,1,0
B24,5,20210219,132500,28.2,28.2,28.2,28.2,10,0
B24,5,20210219,134500,28,28,28,28,27,0
B24,5,20210219,144000,27.9,28,27.9,28,39,0
B24,5,20210219,145500,28,28.2,28,28.2,253,0
B24,5,20210219,150000,28.8,29,28.8,29,152,0
B24,5,20210219,151500,28.8,28.8,27.5,27.5,515,0
B24,5,20210219,152000,29,29,29,29,50,0
B24,5,20210219,161500,28.6,28.6,28.6,28.6,35,0
B24,5,20210219,162500,28.9,28.9,28.9,28.9,20,0
B24,5,20210219,163500,28.9,28.9,28.6,28.6,164,0
B24,5,20210219,164500,28.6,28.6,28.6,28.6,10,0
B24,5,20210222,090000,28.8,28.8,28.8,28.8,71,0
B24,5,20210222,091500,28.6,28.6,28.6,28.6,11,0
B24,5,20210222,092500,27.5,27.5,27.5,27.5,77,0
B24,5,20210222,093000,27.5,27.5,27.1,27.1,60,0
B24,5,20210222,101000,28,28,28,28,10,0
B24,5,20210222,101500,28,28.3,28,28.3,440,0
B24,5,20210222,163000,28.5,28.5,28.5,28.5,101,0
B24,5,20210223,111000,27.3,27.3,27.3,27.3,60,0
B24,5,20210223,111500,27.3,27.3,27.3,27.3,90,0
B24,5,20210223,130500,27.4,27.4,27.4,27.4,35,0
B24,5,20210223,131000,27.4,27.4,27.4,27.4,270,0
B24,5,20210223,133000,27.4,27.4,27.4,27.4,100,0
B24,5,20210223,135000,27.4,27.4,27.4,27.4,280,0
B24,5,20210223,135500,27.4,27.4,27.4,27.4,98,0
B24,5,20210223,140000,27.3,27.3,27.3,27.3,37,0
B24,5,20210223,140500,27.3,27.3,27.3,27.3,15,0
B24,5,20210223,141500,27.3,27.3,27.1,27.1,150,0
B24,5,20210223,150000,27.5,27.5,27.5,27.5,117,0
B24,5,20210223,150500,27.5,27.5,27.5,27.5,30,0
B24,5,20210223,151500,27.5,27.5,27.5,27.5,120,0
B24,5,20210223,153500,28.2,28.2,28.2,28.2,50,0
B24,5,20210223,155500,27.5,27.5,27.5,27.5,33,0
B24,5,20210223,161000,27.1,27.1,27.1,27.1,100,0
B24,5,20210223,164500,27.4,27.6,27.4,27.6,306,0
B24,5,20210224,101000,27.2,27.2,27.2,27.2,20,0
B24,5,20210224,102000,27.2,27.2,27.2,27.2,37,0
B24,5,20210224,103500,27.2,27.2,27.1,27.1,56,0
B24,5,20210224,104000,27,27,27,27,240,0
B24,5,20210224,105500,27,27,27,27,96,0
B24,5,20210224,111500,27,27,27,27,24,0
B24,5,20210224,112500,27,27,27,27,4,0
B24,5,20210224,114500,27,27,27,27,30,0
B24,5,20210224,131500,26.9,26.9,26.9,26.9,40,0
B24,5,20210224,134000,26.9,26.9,26.9,26.9,30,0
B24,5,20210224,135000,26.8,26.8,26.8,26.8,40,0
B24,5,20210224,142500,26.6,26.6,26.6,26.6,350,0
B24,5,20210224,143500,26.6,26.6,26.6,26.6,30,0
B24,5,20210224,151500,26.6,26.8,26.5,26.5,150,0
B24,5,20210224,152500,26.8,26.8,26.8,26.8,750,0
B24,5,20210224,154500,26.9,27,26.9,27,100,0
B24,5,20210224,155000,26.8,26.8,26.8,26.8,34,0
B24,5,20210224,162000,26.8,26.8,26.8,26.8,66,0
B24,5,20210224,164000,26.6,26.6,26.6,26.6,68,0
B24,5,20210224,165500,26.6,26.6,26.6,26.6,101,0
B24,5,20210225,090000,26.6,26.6,26.5,26.6,562,0
B24,5,20210225,092000,26.6,26.6,26.6,26.6,73,0
B24,5,20210225,095000,26.6,26.6,26.6,26.6,38,0
B24,5,20210225,102500,26.8,26.8,26.8,26.8,74,0
B24,5,20210225,111000,26.6,26.6,26.6,26.6,5,0
B24,5,20210225,112000,26.8,26.8,26.8,26.8,31,0
B24,5,20210225,125500,26.8,26.8,26.8,26.8,35,0
B24,5,20210225,131000,27,27,27,27,85,0
B24,5,20210225,151000,27.4,27.4,27.4,27.4,18,0
B24,5,20210225,152500,28.2,28.2,28.2,28.2,50,0
B24,5,20210225,154500,28.2,28.2,28.2,28.2,45,0
B24,5,20210225,155500,28.2,28.2,28.2,28.2,5,0
B24,5,20210225,161000,28,28,28,28,13,0
B24,5,20210225,161500,28,28,28,28,37,0
B24,5,20210226,090500,27,27.4,26.5,27.4,130,0
B24,5,20210226,092000,26.5,26.5,26.5,26.5,40,0
B24,5,20210226,093000,27.4,27.4,27.4,27.4,20,0
B24,5,20210226,101500,27.4,28,27.4,28,676,0
B24,5,20210226,104000,28.2,28.3,28.2,28.3,222,0
B24,5,20210226,114500,27.5,27.5,27.1,27.1,300,0
B24,5,20210226,115500,27.1,27.1,27.1,27.1,37,0
B24,5,20210226,124000,28,28,28,28,1,0
B24,5,20210226,160500,27.3,27.3,27,27,200,0
B24,5,20210226,161000,27,27,26.6,26.6,375,0
B24,5,20210226,164500,27.4,27.4,27.4,27.4,100,0
B24,5,20210301,105000,27.6,27.6,27.6,27.6,7,0
B24,5,20210301,105500,27.6,27.6,27.6,27.6,43,0
B24,5,20210301,120000,28,28,28,28,50,0
B24,5,20210301,120500,27.9,27.9,27.9,27.9,801,0
B24,5,20210301,152500,28,28,27.9,27.9,200,0
B24,5,20210301,155500,28,28,28,28,114,0
B24,5,20210301,163000,28,28,28,28,46,0
B24,5,20210302,104000,27.4,27.4,27.4,27.4,50,0
B24,5,20210302,104500,27.5,27.5,27.5,27.5,37,0
B24,5,20210302,105500,28,28,28,28,90,0
B24,5,20210302,110000,27.9,27.9,27.9,27.9,50,0
B24,5,20210302,113000,27.5,27.5,27.5,27.5,4,0
B24,5,20210302,113500,27.2,27.2,27.2,27.2,46,0
B24,5,20210302,115500,27.2,27.2,27.2,27.2,27,0
B24,5,20210302,120000,27.1,27.1,27.1,27.1,23,0
B24,5,20210302,122000,27.1,27.1,27.1,27.1,50,0
B24,5,20210302,124500,27.1,27.1,27,27,50,0
B24,5,20210302,131000,27,27,26.8,26.8,50,0
B24,5,20210302,133000,26.8,26.8,26.8,26.8,42,0
B24,5,20210302,133500,26.6,26.6,26.6,26.6,13,0
B24,5,20210302,135500,26.6,26.8,26.6,26.8,90,0
B24,5,20210302,140000,26.6,26.6,26.6,26.6,3,0
B24,5,20210302,152500,27,27,27,27,50,0
B24,5,20210302,163500,27,27,27,27,23,0
B24,5,20210303,094000,27,27.9,27,27.9,120,0
B24,5,20210303,123500,27,27,27,27,100,0
B24,5,20210303,124000,27.1,27.2,27.1,27.2,50,0
B24,5,20210303,130000,27,27,27,27,300,0
B24,5,20210303,131500,27,27,27,27,50,0
B24,5,20210303,133500,27,27,27,27,25,0
B24,5,20210303,142000,27,27,27,27,25,0
B24,5,20210303,142500,26.8,26.8,25.5,26,1472,0
B24,5,20210303,143000,26,26,26,26,192,0
B24,5,20210303,144000,26,26,26,26,510,0
B24,5,20210303,150000,26,26,26,26,200,0
B24,5,20210303,150500,26,26,26,26,39,0
B24,5,20210303,151500,26,26,26,26,50,0
B24,5,20210303,152500,25.7,26.6,25.3,26.6,1051,0
B24,5,20210304,100000,25.6,25.6,25.1,25.1,1190,0
B24,5,20210304,100500,25.1,25.1,25,25.1,830,0
B24,5,20210304,101000,25.1,25.1,25.1,25.1,15,0
B24,5,20210304,101500,25.1,25.2,25.1,25.2,180,0
B24,5,20210304,102500,25.2,25.2,25.2,25.2,50,0
B24,5,20210304,103000,25.5,25.5,25.5,25.5,20,0
B24,5,20210304,104500,25.8,25.8,25.8,25.8,30,0
B24,5,20210304,114500,25.2,25.2,25.2,25.2,120,0
B24,5,20210304,120000,25.5,25.5,25.5,25.5,200,0
B24,5,20210304,120500,25.8,25.8,25.8,25.8,50,0
B24,5,20210304,124500,26,26,25.5,25.5,693,0
B24,5,20210304,160000,26.1,26.1,26.1,26.1,100,0
B24,5,20210305,103500,25.3,25.3,25.3,25.3,1,0
B24,5,20210305,104500,25.3,25.9,25.3,25.9,83,0
B24,5,20210305,110500,25.9,25.9,25.9,25.9,49,0
B24,5,20210305,111000,25.7,25.7,25.7,25.7,49,0
B24,5,20210305,123000,25.3,25.3,25.3,25.3,21,0
B24,5,20210305,130500,26,26,26,26,10,0
B24,5,20210305,132500,26.1,26.1,26,26,107,0
B24,5,20210305,163500,26.8,26.9,26.8,26.9,150,0
B24,5,20210308,090000,27,27,27,27,200,0
B24,5,20210308,090500,27,27,27,27,50,0
B24,5,20210308,091000,26.9,26.9,26.9,26.9,41,0
B24,5,20210308,111500,26.1,26.1,26.1,26.1,48,0
B24,5,20210308,125500,26.9,27,26.9,27,111,0
B24,5,20210308,141000,26.9,26.9,26.9,26.9,50,0
B24,5,20210309,090000,26.9,26.9,26.9,26.9,60,0
B24,5,20210309,093000,26.9,26.9,26.9,26.9,12,0
B24,5,20210309,100500,26.3,26.3,26.3,26.3,43,0
B24,5,20210309,103000,26.9,26.9,26.9,26.9,55,0
B24,5,20210309,115000,27,27.2,27,27.2,440,0
B24,5,20210309,115500,27.3,27.3,27.3,27.3,455,0
B24,5,20210309,124000,26.5,26.5,26.5,26.5,3,0
B24,5,20210309,140500,26.6,26.6,26.6,26.6,100,0
B24,5,20210309,143000,26.6,26.6,26.5,26.5,25,0
B24,5,20210309,145000,26.5,26.5,26.5,26.5,100,0
B24,5,20210310,104500,27,27,27,27,50,0
B24,5,20210310,114000,27,27,27,27,5,0
B24,5,20210310,124500,27.2,27.2,27.2,27.2,55,0
B24,5,20210310,125500,27.3,27.3,27.2,27.2,36,0
B24,5,20210310,142000,27,27,27,27,75,0
B24,5,20210310,155500,27,27,27,27,121,0
B24,5,20210310,160500,27,27,27,27,2,0
B24,5,20210310,161500,26.6,26.6,26.5,26.5,72,0
B24,5,20210311,092000,26.3,26.3,26.3,26.3,57,0
B24,5,20210311,093000,26.2,26.2,26.2,26.2,150,0
B24,5,20210311,104500,26.2,26.2,26,26,260,0
B24,5,20210311,110500,26.2,26.2,26.2,26.2,11,0
B24,5,20210311,133000,26.2,26.2,25.9,25.9,595,0
B24,5,20210311,133500,25.9,25.9,25.9,25.9,30,0
B24,5,20210311,134500,25.5,25.5,25.5,25.5,100,0
B24,5,20210311,150500,26,26,26,26,20,0
B24,5,20210312,090000,26,26,26,26,50,0
B24,5,20210312,094000,26.1,26.1,26,26,300,0
B24,5,20210312,101000,26,26,26,26,40,0
B24,5,20210312,115000,25.6,25.6,25.6,25.6,50,0
B24,5,20210312,124500,25.6,25.6,25.5,25.5,700,0
B24,5,20210312,130000,25.5,25.5,25.1,25.1,157,0
B24,5,20210312,144500,25.7,25.7,25.7,25.7,40,0
B24,5,20210312,150500,25.7,25.7,25.7,25.7,7,0
B24,5,20210312,151000,25.7,25.7,25.7,25.7,30,0
B24,5,20210312,160000,25.7,25.9,25.7,25.9,105,0
B24,5,20210312,161000,25.8,26,25.8,26,340,0
B24,5,20210312,161500,26,26,26,26,70,0
B24,5,20210312,162500,26,26,26,26,140,0
B24,5,20210315,090000,25.2,25.2,25.2,25.2,15,0
B24,5,20210315,091000,25.4,25.4,25.4,25.4,101,0
B24,5,20210315,092000,25.4,25.4,25.4,25.4,37,0
B24,5,20210315,095500,25.4,25.4,25.4,25.4,12,0
B24,5,20210315,105500,25.6,25.6,25.6,25.6,371,0
B24,5,20210315,120000,25.8,25.8,25.8,25.8,200,0
B24,5,20210315,133000,25.8,25.8,25.8,25.8,60,0
B24,5,20210315,144000,25.8,25.8,25.8,25.8,1,0
B24,5,20210315,145000,25.8,25.8,25.8,25.8,70,0
B24,5,20210315,150000,25.8,25.8,25.8,25.8,49,0
B24,5,20210315,153500,25.8,25.8,25.5,25.5,157,0
B24,5,20210315,154500,25.5,25.5,25.5,25.5,10,0
B24,5,20210315,161000,25.7,25.7,25.2,25.2,3102,0
B24,5,20210315,164000,25.6,25.6,25.6,25.6,19,0
B24,5,20210316,090000,25.4,25.4,25.4,25.4,50,0
B24,5,20210316,092500,25.6,25.6,25.6,25.6,75,0
B24,5,20210316,093000,25.6,25.6,25.4,25.4,50,0
B24,5,20210316,094500,25.7,25.7,25.7,25.7,2,0
B24,5,20210316,095000,25.7,25.7,25.7,25.7,8,0
B24,5,20210316,142500,25.7,25.7,25.4,25.4,27,0
B24,5,20210316,145500,25.3,25.3,25.3,25.3,300,0
B24,5,20210316,151500,25.3,25.3,25.3,25.3,67,0
B24,5,20210316,152000,25.3,25.3,25.3,25.3,40,0
B24,5,20210316,153000,25.2,25.2,25.2,25.2,200,0
B24,5,20210316,153500,25.3,25.3,25.3,25.3,200,0
B24,5,20210316,154000,25.3,25.3,25.3,25.3,26,0
B24,5,20210316,161000,25.3,25.3,25.3,25.3,8,0
B24,5,20210317,090000,25.3,25.3,25.3,25.3,156,0
B24,5,20210317,090500,25.2,25.2,25.1,25.1,100,0
B24,5,20210317,092000,25.1,25.1,25.1,25.1,19,0
B24,5,20210317,092500,25.1,25.1,25.1,25.1,100,0
B24,5,20210317,094000,25.1,25.1,25.1,25.1,2,0
B24,5,20210317,094500,25.2,25.2,25.2,25.2,40,0
B24,5,20210317,115000,25.2,25.2,25.2,25.2,417,0
B24,5,20210317,132000,25.3,25.3,25.3,25.3,3,0
B24,5,20210317,135000,25.2,25.2,25.2,25.2,227,0
B24,5,20210317,140000,25.2,25.2,25.2,25.2,375,0
B24,5,20210317,151500,25.8,25.9,25.8,25.9,213,0
B24,5,20210317,152000,25.9,25.9,25.9,25.9,499,0
B24,5,20210317,152500,26,26.9,26,26.9,546,0
B24,5,20210317,153000,26.9,28,26.9,28,1598,0
B24,5,20210317,153500,28,28.5,27.9,27.9,918,0
B24,5,20210317,154000,27.9,27.9,27.9,27.9,36,0
B24,5,20210317,154500,27.9,28,27.7,27.7,600,0
B24,5,20210317,155000,27.5,27.7,27.5,27.7,84,0
B24,5,20210317,160000,27.1,28,27.1,28,509,0
B24,5,20210317,160500,28.2,28.5,28.2,28.4,259,0
B24,5,20210317,161500,28.4,28.5,28.4,28.5,500,0
B24,5,20210317,162000,28.5,28.5,28.2,28.2,320,0
B24,5,20210317,163000,28.2,28.5,28.2,28.4,550,0
B24,5,20210317,163500,28.4,28.4,28.4,28.4,16,0
B24,5,20210317,164000,28,28.2,28,28.2,120,0
B24,5,20210317,165500,28.2,28.2,28.2,28.2,30,0
B24,5,20210318,090000,29.7,29.7,29.5,29.7,2489,0
B24,5,20210318,090500,29.6,29.7,29.6,29.6,350,0
B24,5,20210318,091500,29.3,29.5,29.2,29.2,331,0
B24,5,20210318,092000,29.2,29.3,29,29,332,0
B24,5,20210318,092500,28.6,28.8,28.5,28.5,323,0
B24,5,20210318,093000,29,29,29,29,334,0
B24,5,20210318,093500,28.6,28.6,28.5,28.5,100,0
B24,5,20210318,094500,29,29,29,29,453,0
B24,5,20210318,100000,29,29,29,29,517,0
B24,5,20210318,100500,28.6,29,28.6,29,130,0
B24,5,20210318,102000,29.3,29.4,29.3,29.4,200,0
B24,5,20210318,102500,29.2,29.2,29,29,153,0
B24,5,20210318,103000,29.4,29.4,29.4,29.4,96,0
B24,5,20210318,104500,29.2,29.2,29.2,29.2,36,0
B24,5,20210318,110000,29,29,29,29,24,0
B24,5,20210318,110500,29,29,28.8,28.8,107,0
B24,5,20210318,111500,28.8,29,28.8,29,89,0
B24,5,20210318,113000,28.8,28.8,28.8,28.8,35,0
B24,5,20210318,114000,29,29,28.7,28.7,49,0
B24,5,20210318,115500,28.7,28.7,28.7,28.7,100,0
B24,5,20210318,120500,28.8,28.8,28.8,28.8,10,0
B24,5,20210318,121000,29,29,29,29,39,0
B24,5,20210318,131500,29,29,29,29,80,0
B24,5,20210318,132000,29,29,29,29,20,0
B24,5,20210318,134500,28.8,28.8,28.8,28.8,100,0
B24,5,20210318,135000,28.8,28.8,28.8,28.8,210,0
B24,5,20210318,140500,28.8,28.8,28.8,28.8,255,0
B24,5,20210318,145000,28.8,28.8,28.8,28.8,18,0
B24,5,20210318,152000,28.8,28.8,28.7,28.7,25,0
B24,5,20210318,152500,29,29,29,29,39,0
B24,5,20210318,154000,29,29,29,29,45,0
B24,5,20210318,155500,29,29,29,29,1,0
B24,5,20210318,162000,29,29,29,29,162,0
B24,5,20210318,163000,29.3,29.3,29.3,29.3,200,0
B24,5,20210318,163500,29.3,29.3,29.3,29.3,97,0
B24,5,20210318,164000,29.3,29.4,29.3,29.4,139,0
B24,5,20210318,164500,28.9,28.9,28.9,28.9,358,0
B24,5,20210319,090000,29.3,29.3,29,29,312,0
B24,5,20210319,090500,29,29,29,29,171,0
B24,5,20210319,091000,29,29,29,29,45,0
B24,5,20210319,093500,29,29,29,29,11,0
B24,5,20210319,094500,29,29,29,29,34,0
B24,5,20210319,095000,28.9,28.9,28.9,28.9,207,0
B24,5,20210319,103000,28.6,28.6,28.6,28.6,35,0
B24,5,20210319,104500,28.6,28.6,28.5,28.5,265,0
B24,5,20210319,105000,28.5,28.5,28.5,28.5,14,0
B24,5,20210319,111500,28.5,28.5,28.5,28.5,88,0
B24,5,20210319,113000,28.5,28.5,28.5,28.5,18,0
B24,5,20210319,115000,28.5,28.5,28.5,28.5,80,0
B24,5,20210319,125500,28.5,28.5,28.5,28.5,40,0
B24,5,20210319,130500,28.5,28.5,28.5,28.5,4,0
B24,5,20210319,131500,28.5,28.5,28.5,28.5,28,0
B24,5,20210319,132000,28.5,28.5,28.5,28.5,9,0
B24,5,20210319,140000,28.9,28.9,28.9,28.9,1,0
B24,5,20210319,153500,28.5,28.5,28,28,200,0
B24,5,20210319,154500,28.8,28.8,28.8,28.8,34,0
B24,5,20210319,162000,28.5,28.5,28.5,28.5,50,0
B24,5,20210322,090000,28.8,28.9,28.8,28.9,696,0
B24,5,20210322,090500,29,29,29,29,200,0
B24,5,20210322,092000,29,29,29,29,103,0
B24,5,20210322,093500,29,29,29,29,171,0
B24,5,20210322,094500,29,29,28.9,28.9,750,0
B24,5,20210322,095000,28.9,28.9,28.9,28.9,25,0
B24,5,20210322,100500,28.9,28.9,28.9,28.9,20,0
B24,5,20210322,101500,28.9,28.9,28.9,28.9,592,0
B24,5,20210322,102500,28.9,28.9,28.9,28.9,150,0
B24,5,20210322,103500,28.9,28.9,28.9,28.9,300,0
B24,5,20210322,110500,28.9,28.9,28.9,28.9,200,0
B24,5,20210322,111000,28.9,28.9,28.9,28.9,100,0
B24,5,20210322,113000,28.9,28.9,28.9,28.9,1,0
B24,5,20210322,114000,29,29,29,29,50,0
B24,5,20210322,121000,28.9,28.9,28.9,28.9,9,0
B24,5,20210322,121500,28.8,28.8,28.8,28.8,75,0
B24,5,20210322,122500,28.8,28.8,28.8,28.8,184,0
B24,5,20210322,124000,28.8,28.8,28.8,28.8,2371,0
B24,5,20210322,125500,28.9,29,28.9,29,100,0
B24,5,20210322,131500,28.9,29,28.9,29,1957,0
B24,5,20210322,142000,28.7,28.7,28.7,28.7,120,0
B24,5,20210322,142500,28.6,28.6,28.6,28.6,40,0
B24,5,20210322,150500,29,29,29,29,25,0
B24,5,20210322,154000,29,29,29,29,100,0
B24,5,20210322,160500,28.7,28.7,28.7,28.7,62,0
B24,5,20210322,162500,28.7,28.7,28.7,28.7,61,0
B24,5,20210322,164000,28.7,28.7,28.7,28.7,50,0
B24,5,20210322,164500,28.6,28.6,28.6,28.6,35,0
B24,5,20210323,090000,28.5,28.5,28,28.4,421,0
B24,5,20210323,090500,28.4,28.4,28.4,28.4,90,0
B24,5,20210323,091500,28.5,28.5,28.5,28.5,115,0
B24,5,20210323,092500,28.4,28.4,28.1,28.1,295,0
B24,5,20210323,094000,28.1,28.1,28.1,28.1,15,0
B24,5,20210323,095500,28.1,28.1,28.1,28.1,25,0
B24,5,20210323,100500,28.4,28.5,28.4,28.5,118,0
B24,5,20210323,101500,28.7,28.9,28.7,28.9,350,0
B24,5,20210323,103000,28.8,28.9,28.8,28.9,60,0
B24,5,20210323,104000,28.9,28.9,28.9,28.9,86,0
B24,5,20210323,105500,29,29,29,29,106,0
B24,5,20210323,110000,29,29,29,29,129,0
B24,5,20210323,110500,29,29,29,29,70,0
B24,5,20210323,112000,29.2,29.2,29.2,29.2,36,0
B24,5,20210323,112500,29.3,29.3,29.2,29.2,74,0
B24,5,20210323,113500,29.2,29.3,29.2,29.3,55,0
B24,5,20210323,114000,29,29,29,29,201,0
B24,5,20210323,114500,29,29,29,29,208,0
B24,5,20210323,121000,29.3,29.3,29.3,29.3,31,0
B24,5,20210323,123000,29.3,29.3,29.3,29.3,54,0
B24,5,20210323,124000,29.3,29.5,29.3,29.5,617,0
B24,5,20210323,124500,29.5,29.6,29.5,29.6,112,0
B24,5,20210323,130000,29.5,29.8,29.5,29.8,1075,0
B24,5,20210323,130500,29.8,29.8,29.8,29.8,177,0
B24,5,20210323,131000,30,30.6,30,30.6,1280,0
B24,5,20210323,131500,30.6,30.6,30.6,30.6,40,0
B24,5,20210323,132500,30.4,30.4,30.4,30.4,3,0
B24,5,20210323,133500,30,30,30,30,100,0
B24,5,20210323,140000,29.8,29.8,29.5,29.5,251,0
B24,5,20210323,141500,29.5,29.5,29.5,29.5,105,0
B24,5,20210323,143000,29.8,30,29.8,30,100,0
B24,5,20210323,143500,30,30,30,30,50,0
B24,5,20210323,144500,29.6,29.6,29.5,29.5,53,0
B24,5,20210323,145000,29.6,29.6,29.6,29.6,14,0
B24,5,20210323,150000,29.6,30,29.5,29.5,201,0
B24,5,20210323,151000,29.4,29.8,29.4,29.8,53,0
B24,5,20210323,151500,29.7,29.8,29.7,29.8,49,0
B24,5,20210323,152000,29.5,29.5,29.5,29.5,2,0
B24,5,20210323,153000,29.5,29.5,29.5,29.5,15,0
B24,5,20210323,155000,29.5,29.5,29.5,29.5,90,0
B24,5,20210323,155500,29.6,29.6,29.6,29.6,32,0
B24,5,20210323,161000,29.7,29.7,29.7,29.7,54,0
B24,5,20210323,162000,29.6,30,29.6,30,505,0
B24,5,20210323,162500,30,30.1,30,30,436,0
B24,5,20210323,163500,30,30.1,30,30,130,0
B24,5,20210323,164500,30.1,30.2,30,30.2,500,0
B24,5,20210324,090000,30.3,30.3,30.2,30.2,199,0
B24,5,20210324,091000,30.2,30.2,30,30,405,0
B24,5,20210324,091500,30,30,30,30,70,0
B24,5,20210324,092000,30.3,30.3,30.3,30.3,20,0
B24,5,20210324,092500,30.3,30.4,30.3,30.4,65,0
B24,5,20210324,093500,30.4,30.4,30.4,30.4,26,0
B24,5,20210324,094000,30.4,30.4,30.3,30.3,93,0
B24,5,20210324,095500,30.4,30.4,30.3,30.3,109,0
B24,5,20210324,100000,30.4,30.4,30.4,30.4,44,0
B24,5,20210324,101000,30.4,30.4,30.4,30.4,37,0
B24,5,20210324,103500,30.6,30.6,30.6,30.6,126,0
B24,5,20210324,104000,30.6,30.6,30.6,30.6,111,0
B24,5,20210324,104500,30.6,30.6,30.6,30.6,30,0
B24,5,20210324,105500,30.6,30.6,30.6,30.6,15,0
B24,5,20210324,110000,30.6,30.6,30.6,30.6,60,0
B24,5,20210324,111000,30.6,30.6,30.6,30.6,80,0
B24,5,20210324,111500,30.6,30.6,30.6,30.6,10,0
B24,5,20210324,112000,30.7,30.8,30.7,30.8,401,0
B24,5,20210324,112500,30.8,31,30.8,31,677,0
B24,5,20210324,114000,31,31,31,31,5,0
B24,5,20210324,115000,31,31.2,31,31.2,34,0
B24,5,20210324,115500,31.2,31.2,31.2,31.2,39,0
B24,5,20210324,121000,31.3,31.3,31.3,31.3,53,0
B24,5,20210324,122500,31.3,31.3,31.3,31.3,51,0
B24,5,20210324,123000,31.4,31.4,31.4,31.4,50,0
B24,5,20210324,124000,31.4,31.4,31.4,31.4,100,0
B24,5,20210324,124500,31.3,31.3,31.3,31.3,542,0
B24,5,20210324,125000,31.3,31.3,31.3,31.3,136,0
B24,5,20210324,130000,31.3,31.3,31.3,31.3,194,0
B24,5,20210324,130500,31.3,31.3,31.3,31.3,120,0
B24,5,20210324,141500,31,31,30.9,30.9,181,0
B24,5,20210324,143500,30.9,30.9,30.9,30.9,42,0
B24,5,20210324,144000,31.2,31.2,31.2,31.2,12,0
B24,5,20210324,145000,30.9,30.9,30.9,30.9,32,0
B24,5,20210324,151000,30.9,30.9,30.6,30.6,501,0
B24,5,20210324,155500,30.7,30.7,30.6,30.6,117,0
B24,5,20210324,162000,30.6,30.6,30.6,30.6,50,0
B24,5,20210324,164500,30.9,31,30.9,30.9,365,0
B24,5,20210325,090000,30.9,30.9,30.9,30.9,34,0
B24,5,20210325,091000,30.9,30.9,30.9,30.9,45,0
B24,5,20210325,094000,30.9,30.9,30.9,30.9,55,0
B24,5,20210325,094500,30.9,31,30.9,31,200,0
B24,5,20210325,100000,31,31,31,31,331,0
B24,5,20210325,101000,31.2,31.2,31.2,31.2,20,0
B24,5,20210325,102000,31,31,31,31,250,0
B24,5,20210325,102500,30.9,30.9,30.9,30.9,55,0
B24,5,20210325,103000,30.8,30.8,30.8,30.8,200,0
B24,5,20210325,113000,30.6,30.9,30.6,30.9,67,0
B24,5,20210325,113500,30.9,30.9,30.9,30.9,40,0
B24,5,20210325,114500,31,31,31,31,17,0
B24,5,20210325,115500,31,31,31,31,200,0
B24,5,20210325,120000,31,31,31,31,58,0
B24,5,20210325,121000,31,31,31,31,804,0
B24,5,20210325,122000,31,31,31,31,109,0
B24,5,20210325,123500,31,31,31,31,50,0
B24,5,20210325,133500,30.7,30.7,30.7,30.7,20,0
B24,5,20210325,135500,30.6,30.6,30.6,30.6,100,0
B24,5,20210325,140500,30.7,30.7,30.6,30.6,113,0
B24,5,20210325,141000,30.3,30.3,30.2,30.2,80,0
B24,5,20210325,141500,30.1,30.1,30.1,30.1,127,0
B24,5,20210325,143000,30.1,30.1,30.1,30.1,18,0
B24,5,20210325,143500,30,30,30,30,119,0
B24,5,20210325,145500,30,30,29,29.4,750,0
B24,5,20210325,150000,29.4,29.4,29.4,29.4,58,0
B24,5,20210325,150500,29.6,29.9,29.6,29.9,82,0
B24,5,20210325,153500,29.6,30,29.6,30,148,0
B24,5,20210325,165500,29.5,29.5,29.5,29.5,66,0
B24,5,20210326,090000,31,31,30.9,30.9,541,0
B24,5,20210326,094000,30.8,30.8,30.8,30.8,20,0
B24,5,20210326,101000,30.8,30.8,30.8,30.8,10,0
B24,5,20210326,102500,30.5,30.5,30.5,30.5,18,0
B24,5,20210326,104000,30.8,30.8,30.8,30.8,140,0
B24,5,20210326,104500,30.8,30.9,30.8,30.9,60,0
B24,5,20210326,112000,30.9,30.9,30.9,30.9,16,0
B24,5,20210326,120000,30.9,30.9,30.9,30.9,98,0
B24,5,20210326,120500,30.7,30.7,30.5,30.5,175,0
B24,5,20210326,131500,30.5,30.5,30.5,30.5,5,0
B24,5,20210326,132500,30.5,30.5,30.5,30.5,30,0
B24,5,20210326,141000,30.5,30.7,30.5,30.7,77,0
B24,5,20210326,141500,30.8,30.9,30.8,30.9,321,0
B24,5,20210326,144500,30.5,30.5,30.5,30.5,3,0
B24,5,20210326,145500,30.8,30.9,30.8,30.9,10,0
B24,5,20210326,161000,30.8,30.8,30.8,30.8,7,0
B24,5,20210326,163500,30.8,30.8,30.8,30.8,100,0
B24,5,20210326,164000,30.9,30.9,30.9,30.9,230,0
B24,5,20210326,164500,30.9,31,30.9,31,72,0
