<TICKER>,<PER>,<DATE>,<TIME>,<OPEN>,<HIGH>,<LOW>,<CLOSE>,<VOL>,<OPENINT>
BEP,5,20210204,090000,1.13,1.13,1.11,1.11,967,0
BEP,5,20210204,090500,1.11,1.11,1.11,1.11,1360,0
BEP,5,20210204,091500,1.12,1.14,1.12,1.14,8976,0
BEP,5,20210204,093000,1.14,1.14,1.14,1.14,600,0
BEP,5,20210204,093500,1.14,1.15,1.14,1.15,6962,0
BEP,5,20210204,094000,1.15,1.155,1.15,1.155,1603,0
BEP,5,20210204,094500,1.155,1.155,1.155,1.155,1900,0
BEP,5,20210204,095000,1.155,1.155,1.155,1.155,100,0
BEP,5,20210204,095500,1.155,1.155,1.155,1.155,1800,0
BEP,5,20210204,100500,1.155,1.155,1.155,1.155,900,0
BEP,5,20210204,101000,1.15,1.15,1.12,1.12,7977,0
BEP,5,20210204,102000,1.15,1.15,1.125,1.125,1575,0
BEP,5,20210204,102500,1.15,1.15,1.15,1.15,500,0
BEP,5,20210204,104500,1.15,1.16,1.15,1.16,7620,0
BEP,5,20210204,105000,1.16,1.17,1.16,1.17,5600,0
BEP,5,20210204,105500,1.165,1.17,1.165,1.17,12339,0
BEP,5,20210204,111000,1.16,1.16,1.15,1.15,183,0
BEP,5,20210204,113000,1.16,1.16,1.16,1.16,1467,0
BEP,5,20210204,114000,1.16,1.16,1.16,1.16,100,0
BEP,5,20210204,115000,1.145,1.145,1.145,1.145,75,0
BEP,5,20210204,115500,1.145,1.145,1.145,1.145,300,0
BEP,5,20210204,120500,1.145,1.145,1.145,1.145,2159,0
BEP,5,20210204,121000,1.15,1.15,1.15,1.15,2600,0
BEP,5,20210204,122500,1.14,1.14,1.125,1.125,10000,0
BEP,5,20210204,132500,1.13,1.13,1.13,1.13,241,0
BEP,5,20210204,133000,1.135,1.135,1.135,1.135,2500,0
BEP,5,20210204,133500,1.135,1.135,1.135,1.135,836,0
BEP,5,20210204,135000,1.13,1.13,1.12,1.13,13300,0
BEP,5,20210204,135500,1.135,1.15,1.135,1.15,7699,0
BEP,5,20210204,140000,1.155,1.155,1.155,1.155,4600,0
BEP,5,20210204,140500,1.15,1.15,1.15,1.15,590,0
BEP,5,20210204,141000,1.15,1.15,1.15,1.15,2386,0
BEP,5,20210204,141500,1.15,1.155,1.15,1.155,300,0
BEP,5,20210204,142000,1.155,1.155,1.155,1.155,1,0
BEP,5,20210204,142500,1.16,1.16,1.16,1.16,50,0
BEP,5,20210204,145500,1.14,1.14,1.13,1.13,450,0
BEP,5,20210204,160500,1.13,1.13,1.13,1.13,4765,0
BEP,5,20210204,162000,1.125,1.125,1.125,1.125,95,0
BEP,5,20210204,162500,1.13,1.13,1.13,1.13,100,0
BEP,5,20210204,164500,1.14,1.14,1.14,1.14,1634,0
BEP,5,20210205,091000,1.14,1.14,1.14,1.14,874,0
BEP,5,20210205,092000,1.14,1.14,1.14,1.14,1667,0
BEP,5,20210205,092500,1.13,1.13,1.13,1.13,10000,0
BEP,5,20210205,095000,1.13,1.13,1.13,1.13,7701,0
BEP,5,20210205,095500,1.13,1.13,1.13,1.13,3419,0
BEP,5,20210205,102500,1.13,1.13,1.13,1.13,700,0
BEP,5,20210205,103000,1.13,1.13,1.13,1.13,471,0
BEP,5,20210205,104000,1.15,1.15,1.15,1.15,61,0
BEP,5,20210205,110000,1.15,1.15,1.15,1.15,4000,0
BEP,5,20210205,110500,1.15,1.15,1.15,1.15,397,0
BEP,5,20210205,111500,1.15,1.15,1.15,1.15,103,0
BEP,5,20210205,113000,1.135,1.135,1.135,1.135,500,0
BEP,5,20210205,120500,1.15,1.15,1.15,1.15,1600,0
BEP,5,20210205,121500,1.15,1.15,1.15,1.15,100,0
BEP,5,20210205,122500,1.14,1.14,1.14,1.14,1000,0
BEP,5,20210205,124500,1.15,1.15,1.15,1.15,3000,0
BEP,5,20210205,132000,1.15,1.15,1.15,1.15,1682,0
BEP,5,20210205,134000,1.15,1.15,1.15,1.15,2318,0
BEP,5,20210205,140000,1.145,1.145,1.145,1.145,447,0
BEP,5,20210205,142000,1.145,1.145,1.145,1.145,1000,0
BEP,5,20210205,145000,1.15,1.15,1.15,1.15,6500,0
BEP,5,20210205,150500,1.155,1.155,1.155,1.155,1500,0
BEP,5,20210205,151000,1.155,1.155,1.155,1.155,700,0
BEP,5,20210205,155000,1.15,1.15,1.15,1.15,1,0
BEP,5,20210205,155500,1.145,1.145,1.145,1.145,1493,0
BEP,5,20210205,160000,1.145,1.145,1.145,1.145,7000,0
BEP,5,20210205,160500,1.14,1.14,1.13,1.13,8800,0
BEP,5,20210205,161500,1.13,1.13,1.13,1.13,7000,0
BEP,5,20210205,164000,1.145,1.145,1.145,1.145,1400,0
BEP,5,20210205,164500,1.145,1.15,1.145,1.15,5095,0
BEP,5,20210208,090000,1.155,1.155,1.155,1.155,1100,0
BEP,5,20210208,092500,1.15,1.15,1.15,1.15,2000,0
BEP,5,20210208,093000,1.145,1.145,1.145,1.145,971,0
BEP,5,20210208,093500,1.145,1.15,1.145,1.15,1085,0
BEP,5,20210208,102000,1.145,1.145,1.145,1.145,2463,0
BEP,5,20210208,102500,1.145,1.145,1.145,1.145,1000,0
BEP,5,20210208,103500,1.145,1.15,1.145,1.15,3200,0
BEP,5,20210208,110000,1.15,1.15,1.15,1.15,78,0
BEP,5,20210208,111000,1.15,1.15,1.14,1.14,435,0
BEP,5,20210208,115500,1.15,1.15,1.15,1.15,450,0
BEP,5,20210208,125000,1.155,1.155,1.155,1.155,2500,0
BEP,5,20210208,130500,1.15,1.15,1.14,1.14,450,0
BEP,5,20210208,131000,1.14,1.14,1.14,1.14,4871,0
BEP,5,20210208,132500,1.14,1.14,1.14,1.14,2035,0
BEP,5,20210208,133000,1.13,1.13,1.13,1.13,3978,0
BEP,5,20210208,133500,1.13,1.13,1.13,1.13,1630,0
BEP,5,20210208,140500,1.13,1.14,1.13,1.14,800,0
BEP,5,20210208,145000,1.125,1.125,1.125,1.125,338,0
BEP,5,20210208,150500,1.14,1.14,1.14,1.14,2590,0
BEP,5,20210208,153500,1.13,1.13,1.13,1.13,2000,0
BEP,5,20210208,154000,1.125,1.125,1.125,1.125,500,0
BEP,5,20210208,154500,1.135,1.14,1.135,1.14,1899,0
BEP,5,20210208,155000,1.125,1.125,1.125,1.125,3000,0
BEP,5,20210208,161000,1.13,1.13,1.125,1.125,205,0
BEP,5,20210208,162500,1.13,1.15,1.13,1.15,20000,0
BEP,5,20210208,164500,1.145,1.16,1.145,1.16,36124,0
BEP,5,20210209,090000,1.165,1.165,1.16,1.165,7700,0
BEP,5,20210209,090500,1.165,1.18,1.165,1.17,10303,0
BEP,5,20210209,091000,1.18,1.185,1.18,1.185,13535,0
BEP,5,20210209,091500,1.19,1.19,1.19,1.19,2021,0
BEP,5,20210209,092000,1.185,1.195,1.185,1.195,1422,0
BEP,5,20210209,093000,1.19,1.19,1.175,1.175,7250,0
BEP,5,20210209,094000,1.19,1.19,1.19,1.19,1100,0
BEP,5,20210209,094500,1.19,1.19,1.19,1.19,5500,0
BEP,5,20210209,095500,1.19,1.19,1.17,1.17,10700,0
BEP,5,20210209,100000,1.17,1.17,1.17,1.17,560,0
BEP,5,20210209,100500,1.175,1.22,1.175,1.22,56400,0
BEP,5,20210209,101000,1.215,1.22,1.2,1.2,22820,0
BEP,5,20210209,101500,1.2,1.22,1.2,1.22,7811,0
BEP,5,20210209,102500,1.2,1.2,1.195,1.195,2415,0
BEP,5,20210209,103000,1.195,1.195,1.195,1.195,277,0
BEP,5,20210209,103500,1.19,1.19,1.19,1.19,850,0
BEP,5,20210209,104500,1.19,1.19,1.19,1.19,150,0
BEP,5,20210209,105000,1.19,1.19,1.18,1.18,2774,0
BEP,5,20210209,110500,1.19,1.2,1.19,1.2,1680,0
BEP,5,20210209,111000,1.205,1.205,1.205,1.205,4100,0
BEP,5,20210209,112000,1.2,1.2,1.2,1.2,5000,0
BEP,5,20210209,112500,1.2,1.205,1.2,1.2,2220,0
BEP,5,20210209,113500,1.19,1.19,1.19,1.19,979,0
BEP,5,20210209,114000,1.19,1.19,1.19,1.19,50,0
BEP,5,20210209,115000,1.18,1.18,1.175,1.175,6171,0
BEP,5,20210209,115500,1.195,1.195,1.195,1.195,700,0
BEP,5,20210209,120000,1.195,1.2,1.195,1.2,240,0
BEP,5,20210209,121000,1.2,1.2,1.2,1.2,2162,0
BEP,5,20210209,121500,1.205,1.21,1.2,1.21,6680,0
BEP,5,20210209,122000,1.205,1.205,1.205,1.205,1500,0
BEP,5,20210209,123000,1.2,1.2,1.2,1.2,700,0
BEP,5,20210209,123500,1.2,1.2,1.2,1.2,100,0
BEP,5,20210209,124500,1.2,1.2,1.2,1.2,1059,0
BEP,5,20210209,130500,1.19,1.19,1.19,1.19,2150,0
BEP,5,20210209,131500,1.19,1.19,1.19,1.19,364,0
BEP,5,20210209,132000,1.2,1.2,1.2,1.2,636,0
BEP,5,20210209,132500,1.2,1.205,1.2,1.205,3775,0
BEP,5,20210209,133000,1.19,1.19,1.19,1.19,938,0
BEP,5,20210209,134500,1.19,1.2,1.19,1.2,3600,0
BEP,5,20210209,135000,1.2,1.2,1.2,1.2,2100,0
BEP,5,20210209,141000,1.2,1.205,1.2,1.205,1070,0
BEP,5,20210209,141500,1.2,1.2,1.19,1.19,2692,0
BEP,5,20210209,143000,1.195,1.195,1.195,1.195,4000,0
BEP,5,20210209,144000,1.205,1.21,1.205,1.21,8636,0
BEP,5,20210209,144500,1.205,1.205,1.195,1.195,629,0
BEP,5,20210209,145500,1.195,1.195,1.19,1.19,7895,0
BEP,5,20210209,151500,1.205,1.205,1.205,1.205,500,0
BEP,5,20210209,153000,1.2,1.2,1.2,1.2,125,0
BEP,5,20210209,154500,1.2,1.2,1.2,1.2,44,0
BEP,5,20210209,155000,1.2,1.2,1.2,1.2,1000,0
BEP,5,20210209,160000,1.2,1.2,1.2,1.2,1666,0
BEP,5,20210209,162500,1.2,1.205,1.2,1.2,3965,0
BEP,5,20210209,163000,1.205,1.205,1.205,1.205,2401,0
BEP,5,20210209,163500,1.2,1.21,1.2,1.21,7466,0
BEP,5,20210209,164000,1.2,1.2,1.2,1.2,6935,0
BEP,5,20210209,164500,1.195,1.21,1.195,1.21,7766,0
BEP,5,20210210,090000,1.2,1.2,1.2,1.2,1000,0
BEP,5,20210210,090500,1.2,1.21,1.2,1.205,2901,0
BEP,5,20210210,091500,1.21,1.21,1.21,1.21,1279,0
BEP,5,20210210,092000,1.21,1.22,1.2,1.22,8121,0
BEP,5,20210210,092500,1.21,1.21,1.21,1.21,2783,0
BEP,5,20210210,093500,1.21,1.21,1.21,1.21,1000,0
BEP,5,20210210,094000,1.21,1.22,1.21,1.22,23175,0
BEP,5,20210210,094500,1.23,1.27,1.23,1.27,63232,0
BEP,5,20210210,095000,1.27,1.27,1.245,1.25,16241,0
BEP,5,20210210,095500,1.25,1.25,1.24,1.24,1900,0
BEP,5,20210210,100000,1.24,1.24,1.24,1.24,2000,0
BEP,5,20210210,100500,1.24,1.25,1.24,1.24,10464,0
BEP,5,20210210,101000,1.24,1.24,1.23,1.23,4724,0
BEP,5,20210210,101500,1.245,1.25,1.245,1.25,6000,0
BEP,5,20210210,102000,1.25,1.25,1.25,1.25,2400,0
BEP,5,20210210,102500,1.25,1.25,1.25,1.25,4000,0
BEP,5,20210210,103000,1.24,1.24,1.24,1.24,540,0
BEP,5,20210210,103500,1.25,1.25,1.25,1.25,1000,0
BEP,5,20210210,104000,1.24,1.24,1.24,1.24,3235,0
BEP,5,20210210,104500,1.25,1.25,1.235,1.235,1300,0
BEP,5,20210210,105000,1.25,1.25,1.25,1.25,77,0
BEP,5,20210210,110000,1.245,1.25,1.245,1.25,5800,0
BEP,5,20210210,110500,1.235,1.235,1.235,1.235,100,0
BEP,5,20210210,111000,1.23,1.23,1.23,1.23,6287,0
BEP,5,20210210,111500,1.245,1.245,1.245,1.245,380,0
BEP,5,20210210,112000,1.22,1.22,1.22,1.22,2700,0
BEP,5,20210210,115000,1.225,1.225,1.22,1.22,8562,0
BEP,5,20210210,120000,1.245,1.245,1.245,1.245,1720,0
BEP,5,20210210,121000,1.245,1.245,1.225,1.225,2908,0
BEP,5,20210210,121500,1.25,1.25,1.25,1.25,8450,0
BEP,5,20210210,122000,1.225,1.225,1.225,1.225,1849,0
BEP,5,20210210,124000,1.25,1.25,1.25,1.25,4328,0
BEP,5,20210210,124500,1.245,1.245,1.245,1.245,1550,0
BEP,5,20210210,125000,1.245,1.245,1.245,1.245,280,0
BEP,5,20210210,130000,1.245,1.25,1.245,1.25,1000,0
BEP,5,20210210,131000,1.24,1.24,1.22,1.22,2000,0
BEP,5,20210210,131500,1.25,1.25,1.25,1.25,1700,0
BEP,5,20210210,132000,1.225,1.225,1.225,1.225,500,0
BEP,5,20210210,140000,1.24,1.25,1.24,1.25,3177,0
BEP,5,20210210,140500,1.25,1.25,1.24,1.24,6019,0
BEP,5,20210210,141000,1.24,1.24,1.24,1.24,442,0
BEP,5,20210210,143500,1.24,1.24,1.24,1.24,4700,0
BEP,5,20210210,144000,1.24,1.24,1.24,1.24,3000,0
BEP,5,20210210,145500,1.24,1.24,1.24,1.24,1000,0
BEP,5,20210210,152500,1.23,1.23,1.23,1.23,250,0
BEP,5,20210210,153000,1.24,1.24,1.24,1.24,1837,0
BEP,5,20210210,154000,1.24,1.245,1.24,1.245,3500,0
BEP,5,20210210,155000,1.23,1.23,1.23,1.23,380,0
BEP,5,20210210,155500,1.23,1.23,1.23,1.23,6130,0
BEP,5,20210210,160500,1.225,1.225,1.225,1.225,1063,0
BEP,5,20210210,161000,1.225,1.225,1.225,1.225,2000,0
BEP,5,20210210,161500,1.225,1.225,1.225,1.225,2900,0
BEP,5,20210210,162000,1.22,1.22,1.22,1.22,1784,0
BEP,5,20210210,163500,1.21,1.21,1.205,1.205,1500,0
BEP,5,20210210,164500,1.21,1.21,1.2,1.2,54130,0
BEP,5,20210211,090000,1.185,1.185,1.15,1.15,76486,0
BEP,5,20210211,090500,1.16,1.17,1.15,1.16,11988,0
BEP,5,20210211,091000,1.155,1.18,1.155,1.18,1830,0
BEP,5,20210211,092000,1.16,1.16,1.155,1.155,800,0
BEP,5,20210211,092500,1.17,1.17,1.17,1.17,700,0
BEP,5,20210211,093500,1.17,1.17,1.155,1.155,10254,0
BEP,5,20210211,095000,1.16,1.16,1.155,1.155,1500,0
BEP,5,20210211,095500,1.16,1.16,1.16,1.16,2000,0
BEP,5,20210211,100000,1.16,1.16,1.16,1.16,1552,0
BEP,5,20210211,100500,1.165,1.17,1.165,1.17,3400,0
BEP,5,20210211,101000,1.175,1.175,1.17,1.17,4000,0
BEP,5,20210211,102000,1.17,1.17,1.17,1.17,550,0
BEP,5,20210211,102500,1.17,1.17,1.17,1.17,2600,0
BEP,5,20210211,103500,1.16,1.16,1.16,1.16,900,0
BEP,5,20210211,105000,1.165,1.165,1.165,1.165,800,0
BEP,5,20210211,105500,1.165,1.165,1.165,1.165,300,0
BEP,5,20210211,110000,1.165,1.17,1.165,1.17,890,0
BEP,5,20210211,111000,1.165,1.165,1.165,1.165,2410,0
BEP,5,20210211,111500,1.17,1.17,1.17,1.17,100,0
BEP,5,20210211,112000,1.16,1.16,1.16,1.16,1318,0
BEP,5,20210211,112500,1.16,1.16,1.16,1.16,2000,0
BEP,5,20210211,113000,1.165,1.165,1.16,1.16,6707,0
BEP,5,20210211,113500,1.16,1.16,1.16,1.16,6200,0
BEP,5,20210211,114000,1.16,1.16,1.155,1.155,1716,0
BEP,5,20210211,115000,1.16,1.16,1.16,1.16,1718,0
BEP,5,20210211,115500,1.16,1.16,1.16,1.16,2136,0
BEP,5,20210211,121000,1.16,1.16,1.16,1.16,180,0
BEP,5,20210211,121500,1.16,1.16,1.16,1.16,560,0
BEP,5,20210211,122000,1.16,1.16,1.16,1.16,875,0
BEP,5,20210211,122500,1.165,1.165,1.165,1.165,758,0
BEP,5,20210211,123000,1.165,1.165,1.16,1.16,3300,0
BEP,5,20210211,124500,1.16,1.16,1.16,1.16,3240,0
BEP,5,20210211,125000,1.16,1.16,1.16,1.16,4500,0
BEP,5,20210211,130000,1.16,1.16,1.16,1.16,660,0
BEP,5,20210211,130500,1.16,1.16,1.155,1.155,2400,0
BEP,5,20210211,131000,1.17,1.17,1.17,1.17,1500,0
BEP,5,20210211,131500,1.17,1.17,1.16,1.16,5000,0
BEP,5,20210211,132500,1.175,1.18,1.175,1.18,1005,0
BEP,5,20210211,134000,1.18,1.18,1.18,1.18,500,0
BEP,5,20210211,135000,1.18,1.18,1.18,1.18,929,0
BEP,5,20210211,140500,1.18,1.18,1.18,1.18,929,0
BEP,5,20210211,141000,1.18,1.185,1.18,1.185,3400,0
BEP,5,20210211,142000,1.185,1.185,1.185,1.185,3068,0
BEP,5,20210211,142500,1.185,1.185,1.185,1.185,1351,0
BEP,5,20210211,143000,1.19,1.19,1.19,1.19,2196,0
BEP,5,20210211,144000,1.18,1.18,1.18,1.18,550,0
BEP,5,20210211,144500,1.19,1.19,1.19,1.19,2452,0
BEP,5,20210211,145000,1.195,1.195,1.195,1.195,2349,0
BEP,5,20210211,145500,1.19,1.19,1.19,1.19,647,0
BEP,5,20210211,150000,1.19,1.19,1.19,1.19,1028,0
BEP,5,20210211,150500,1.19,1.19,1.19,1.19,1300,0
BEP,5,20210211,151000,1.19,1.195,1.18,1.195,3706,0
BEP,5,20210211,152000,1.195,1.195,1.195,1.195,1100,0
BEP,5,20210211,152500,1.195,1.195,1.195,1.195,1698,0
BEP,5,20210211,153000,1.195,1.2,1.195,1.2,1380,0
BEP,5,20210211,153500,1.195,1.195,1.195,1.195,2060,0
BEP,5,20210211,154000,1.195,1.2,1.195,1.2,2041,0
BEP,5,20210211,154500,1.2,1.2,1.2,1.2,8288,0
BEP,5,20210211,155000,1.2,1.2,1.2,1.2,1550,0
BEP,5,20210211,155500,1.2,1.22,1.2,1.22,1100,0
BEP,5,20210211,160000,1.22,1.22,1.22,1.22,2652,0
BEP,5,20210211,161000,1.21,1.22,1.21,1.22,6300,0
BEP,5,20210211,161500,1.2,1.22,1.2,1.22,3200,0
BEP,5,20210211,162500,1.2,1.215,1.195,1.215,3000,0
BEP,5,20210211,163500,1.195,1.195,1.19,1.19,9208,0
BEP,5,20210211,164000,1.19,1.19,1.18,1.19,2164,0
BEP,5,20210211,164500,1.19,1.19,1.19,1.19,350,0
BEP,5,20210212,090000,1.205,1.25,1.205,1.25,32641,0
BEP,5,20210212,090500,1.265,1.265,1.25,1.26,22720,0
BEP,5,20210212,091000,1.26,1.265,1.255,1.255,3201,0
BEP,5,20210212,091500,1.24,1.25,1.24,1.25,850,0
BEP,5,20210212,092000,1.25,1.25,1.25,1.25,2000,0
BEP,5,20210212,092500,1.25,1.25,1.25,1.25,414,0
BEP,5,20210212,093000,1.24,1.27,1.24,1.27,56209,0
BEP,5,20210212,093500,1.27,1.28,1.26,1.28,17499,0
BEP,5,20210212,094000,1.28,1.28,1.28,1.28,867,0
BEP,5,20210212,094500,1.24,1.24,1.225,1.225,18406,0
BEP,5,20210212,095000,1.24,1.26,1.24,1.26,3300,0
BEP,5,20210212,095500,1.26,1.275,1.26,1.26,9915,0
BEP,5,20210212,100000,1.26,1.26,1.26,1.26,1926,0
BEP,5,20210212,100500,1.25,1.25,1.25,1.25,5663,0
BEP,5,20210212,101000,1.26,1.26,1.25,1.25,9337,0
BEP,5,20210212,102000,1.25,1.25,1.25,1.25,1330,0
BEP,5,20210212,102500,1.25,1.25,1.25,1.25,102,0
BEP,5,20210212,103000,1.25,1.255,1.25,1.255,1800,0
BEP,5,20210212,103500,1.255,1.255,1.25,1.25,7598,0
BEP,5,20210212,104000,1.24,1.24,1.22,1.22,4352,0
BEP,5,20210212,104500,1.25,1.25,1.25,1.25,200,0
BEP,5,20210212,105000,1.24,1.25,1.24,1.25,4532,0
BEP,5,20210212,110000,1.23,1.23,1.22,1.22,10000,0
BEP,5,20210212,110500,1.22,1.22,1.22,1.22,2600,0
BEP,5,20210212,111500,1.22,1.22,1.215,1.215,3000,0
BEP,5,20210212,112500,1.215,1.215,1.2,1.2,1721,0
BEP,5,20210212,113500,1.22,1.22,1.22,1.22,1082,0
BEP,5,20210212,114500,1.21,1.235,1.21,1.235,1765,0
BEP,5,20210212,120000,1.235,1.235,1.235,1.235,409,0
BEP,5,20210212,120500,1.22,1.22,1.22,1.22,100,0
BEP,5,20210212,121500,1.22,1.22,1.22,1.22,50,0
BEP,5,20210212,122000,1.235,1.235,1.235,1.235,2363,0
BEP,5,20210212,122500,1.235,1.235,1.235,1.235,7637,0
BEP,5,20210212,123000,1.24,1.24,1.24,1.24,4000,0
BEP,5,20210212,123500,1.24,1.24,1.24,1.24,1319,0
BEP,5,20210212,124500,1.24,1.24,1.24,1.24,1050,0
BEP,5,20210212,130500,1.24,1.24,1.24,1.24,1200,0
BEP,5,20210212,132500,1.23,1.23,1.22,1.22,6410,0
BEP,5,20210212,134000,1.23,1.23,1.21,1.21,3200,0
BEP,5,20210212,141500,1.23,1.23,1.23,1.23,255,0
BEP,5,20210212,142000,1.23,1.23,1.23,1.23,1000,0
BEP,5,20210212,145000,1.21,1.21,1.2,1.2,7220,0
BEP,5,20210212,151500,1.22,1.225,1.22,1.225,2126,0
BEP,5,20210212,152000,1.225,1.23,1.225,1.23,533,0
BEP,5,20210212,152500,1.225,1.225,1.225,1.225,625,0
BEP,5,20210212,153000,1.21,1.21,1.21,1.21,2000,0
BEP,5,20210212,153500,1.21,1.21,1.21,1.21,4150,0
BEP,5,20210212,155500,1.21,1.21,1.21,1.21,1000,0
BEP,5,20210212,160000,1.21,1.21,1.2,1.2,5650,0
BEP,5,20210212,160500,1.2,1.225,1.2,1.225,4598,0
BEP,5,20210212,161000,1.225,1.23,1.225,1.23,12000,0
BEP,5,20210212,161500,1.21,1.21,1.21,1.21,613,0
BEP,5,20210212,162500,1.23,1.23,1.23,1.23,100,0
BEP,5,20210212,163500,1.23,1.235,1.23,1.235,1000,0
BEP,5,20210212,164000,1.215,1.215,1.215,1.215,1000,0
BEP,5,20210212,164500,1.225,1.23,1.225,1.23,8406,0
BEP,5,20210215,090000,1.225,1.225,1.225,1.225,5700,0
BEP,5,20210215,090500,1.23,1.23,1.23,1.23,200,0
BEP,5,20210215,092000,1.225,1.225,1.225,1.225,1383,0
BEP,5,20210215,092500,1.23,1.24,1.23,1.24,1407,0
BEP,5,20210215,093500,1.24,1.24,1.24,1.24,475,0
BEP,5,20210215,094000,1.24,1.24,1.23,1.23,1680,0
BEP,5,20210215,094500,1.23,1.23,1.22,1.22,2245,0
BEP,5,20210215,095000,1.24,1.24,1.24,1.24,2500,0
BEP,5,20210215,095500,1.22,1.22,1.22,1.22,1576,0
BEP,5,20210215,100000,1.23,1.23,1.215,1.215,1900,0
BEP,5,20210215,101500,1.215,1.23,1.215,1.23,16562,0
BEP,5,20210215,102000,1.24,1.24,1.24,1.24,23,0
BEP,5,20210215,102500,1.24,1.26,1.24,1.26,1878,0
BEP,5,20210215,103000,1.26,1.26,1.26,1.26,4400,0
BEP,5,20210215,103500,1.26,1.27,1.26,1.27,3655,0
BEP,5,20210215,104000,1.26,1.26,1.24,1.24,1834,0
BEP,5,20210215,104500,1.25,1.265,1.25,1.265,3131,0
BEP,5,20210215,105500,1.265,1.265,1.265,1.265,3200,0
BEP,5,20210215,110000,1.25,1.25,1.25,1.25,7869,0
BEP,5,20210215,112000,1.25,1.25,1.25,1.25,500,0
BEP,5,20210215,112500,1.25,1.25,1.25,1.25,640,0
BEP,5,20210215,113500,1.25,1.25,1.25,1.25,156,0
BEP,5,20210215,114000,1.24,1.24,1.23,1.23,4000,0
BEP,5,20210215,115000,1.23,1.23,1.225,1.225,4250,0
BEP,5,20210215,115500,1.23,1.23,1.23,1.23,1,0
BEP,5,20210215,123000,1.25,1.25,1.25,1.25,105,0
BEP,5,20210215,123500,1.25,1.265,1.25,1.265,11709,0
BEP,5,20210215,130500,1.25,1.25,1.24,1.24,2200,0
BEP,5,20210215,131500,1.25,1.255,1.25,1.255,3000,0
BEP,5,20210215,132000,1.26,1.26,1.24,1.24,2800,0
BEP,5,20210215,134500,1.25,1.25,1.25,1.25,886,0
BEP,5,20210215,142000,1.25,1.25,1.25,1.25,500,0
BEP,5,20210215,142500,1.25,1.25,1.25,1.25,1999,0
BEP,5,20210215,143500,1.25,1.25,1.25,1.25,285,0
BEP,5,20210215,145500,1.24,1.26,1.24,1.26,1025,0
BEP,5,20210215,151000,1.26,1.26,1.26,1.26,715,0
BEP,5,20210215,151500,1.24,1.24,1.24,1.24,3952,0
BEP,5,20210215,154000,1.25,1.28,1.25,1.28,26196,0
BEP,5,20210215,154500,1.28,1.28,1.265,1.265,2395,0
BEP,5,20210215,155000,1.265,1.27,1.24,1.265,9554,0
BEP,5,20210215,155500,1.26,1.26,1.23,1.24,15879,0
BEP,5,20210215,160000,1.24,1.24,1.24,1.24,9334,0
BEP,5,20210215,160500,1.245,1.25,1.245,1.25,2576,0
BEP,5,20210215,161000,1.25,1.26,1.25,1.255,5793,0
BEP,5,20210215,161500,1.26,1.26,1.23,1.26,5456,0
BEP,5,20210215,162000,1.26,1.26,1.26,1.26,1500,0
BEP,5,20210215,162500,1.23,1.275,1.23,1.275,19277,0
BEP,5,20210215,163000,1.255,1.27,1.25,1.27,6801,0
BEP,5,20210215,163500,1.265,1.265,1.265,1.265,1500,0
BEP,5,20210215,164000,1.26,1.265,1.24,1.265,9780,0
BEP,5,20210215,164500,1.23,1.23,1.23,1.23,14247,0
BEP,5,20210216,090000,1.25,1.25,1.22,1.22,28648,0
BEP,5,20210216,090500,1.22,1.22,1.22,1.22,1000,0
BEP,5,20210216,091500,1.22,1.23,1.215,1.23,9974,0
BEP,5,20210216,092000,1.22,1.22,1.21,1.21,13109,0
BEP,5,20210216,092500,1.215,1.215,1.215,1.215,4974,0
BEP,5,20210216,093000,1.21,1.21,1.21,1.21,3000,0
BEP,5,20210216,093500,1.22,1.22,1.22,1.22,1000,0
BEP,5,20210216,094000,1.22,1.22,1.22,1.22,410,0
BEP,5,20210216,094500,1.22,1.22,1.22,1.22,970,0
BEP,5,20210216,095000,1.23,1.23,1.23,1.23,4200,0
BEP,5,20210216,100000,1.22,1.22,1.22,1.22,130,0
BEP,5,20210216,100500,1.22,1.22,1.21,1.21,1510,0
BEP,5,20210216,101000,1.22,1.22,1.2,1.2,14966,0
BEP,5,20210216,101500,1.18,1.2,1.18,1.2,7239,0
BEP,5,20210216,102500,1.19,1.2,1.19,1.2,2000,0
BEP,5,20210216,103500,1.2,1.275,1.2,1.255,68358,0
BEP,5,20210216,104000,1.24,1.27,1.24,1.27,51430,0
BEP,5,20210216,104500,1.27,1.33,1.27,1.31,166945,0
BEP,5,20210216,105000,1.3,1.32,1.295,1.31,32190,0
BEP,5,20210216,105500,1.3,1.31,1.27,1.285,39475,0
BEP,5,20210216,110000,1.29,1.31,1.29,1.3,25883,0
BEP,5,20210216,110500,1.3,1.305,1.3,1.3,10555,0
BEP,5,20210216,111000,1.295,1.295,1.295,1.295,2972,0
BEP,5,20210216,111500,1.285,1.3,1.285,1.3,21558,0
BEP,5,20210216,112500,1.285,1.295,1.28,1.295,9327,0
BEP,5,20210216,113000,1.295,1.3,1.28,1.3,13862,0
BEP,5,20210216,113500,1.3,1.3,1.27,1.27,26447,0
BEP,5,20210216,114000,1.27,1.27,1.27,1.27,1947,0
BEP,5,20210216,114500,1.29,1.295,1.29,1.295,4115,0
BEP,5,20210216,115500,1.29,1.295,1.27,1.27,18600,0
BEP,5,20210216,120000,1.27,1.27,1.26,1.26,5500,0
BEP,5,20210216,120500,1.26,1.285,1.25,1.285,7055,0
BEP,5,20210216,121500,1.285,1.285,1.285,1.285,394,0
BEP,5,20210216,122000,1.28,1.28,1.28,1.28,2900,0
BEP,5,20210216,122500,1.265,1.265,1.265,1.265,800,0
BEP,5,20210216,123500,1.265,1.265,1.25,1.25,22800,0
BEP,5,20210216,124000,1.25,1.25,1.25,1.25,1201,0
BEP,5,20210216,124500,1.265,1.265,1.265,1.265,2520,0
BEP,5,20210216,125000,1.27,1.27,1.27,1.27,6189,0
BEP,5,20210216,125500,1.265,1.265,1.265,1.265,395,0
BEP,5,20210216,130000,1.255,1.255,1.25,1.25,14200,0
BEP,5,20210216,130500,1.25,1.25,1.25,1.25,2000,0
BEP,5,20210216,131500,1.25,1.25,1.25,1.25,1100,0
BEP,5,20210216,132000,1.255,1.255,1.255,1.255,481,0
BEP,5,20210216,132500,1.26,1.26,1.255,1.255,7500,0
BEP,5,20210216,134500,1.255,1.255,1.24,1.24,9800,0
BEP,5,20210216,135000,1.24,1.24,1.24,1.24,3048,0
BEP,5,20210216,135500,1.24,1.25,1.24,1.25,200,0
BEP,5,20210216,140500,1.25,1.25,1.25,1.25,255,0
BEP,5,20210216,141000,1.24,1.25,1.24,1.25,15000,0
BEP,5,20210216,141500,1.25,1.25,1.25,1.25,403,0
BEP,5,20210216,142000,1.25,1.25,1.235,1.235,530,0
BEP,5,20210216,142500,1.25,1.25,1.25,1.25,180,0
BEP,5,20210216,143000,1.25,1.25,1.25,1.25,764,0
BEP,5,20210216,145000,1.25,1.25,1.25,1.25,466,0
BEP,5,20210216,150000,1.24,1.24,1.24,1.24,626,0
BEP,5,20210216,150500,1.25,1.25,1.24,1.25,7284,0
BEP,5,20210216,151500,1.25,1.27,1.25,1.27,8349,0
BEP,5,20210216,152000,1.27,1.275,1.27,1.275,1590,0
BEP,5,20210216,152500,1.26,1.26,1.26,1.26,1000,0
BEP,5,20210216,153000,1.26,1.26,1.26,1.26,40,0
BEP,5,20210216,154000,1.27,1.27,1.27,1.27,915,0
BEP,5,20210216,154500,1.26,1.265,1.24,1.265,3601,0
BEP,5,20210216,162000,1.26,1.26,1.235,1.235,2800,0
BEP,5,20210216,162500,1.255,1.255,1.255,1.255,1135,0
BEP,5,20210216,163500,1.255,1.255,1.23,1.23,4230,0
BEP,5,20210216,164500,1.25,1.255,1.245,1.255,5047,0
BEP,5,20210217,090000,1.275,1.3,1.26,1.3,28710,0
BEP,5,20210217,090500,1.3,1.3,1.27,1.29,23526,0
BEP,5,20210217,091000,1.29,1.3,1.28,1.295,33032,0
BEP,5,20210217,091500,1.295,1.305,1.295,1.305,15091,0
BEP,5,20210217,092000,1.305,1.33,1.29,1.33,55956,0
BEP,5,20210217,092500,1.33,1.34,1.3,1.33,23335,0
BEP,5,20210217,093000,1.31,1.31,1.275,1.305,16248,0
BEP,5,20210217,093500,1.3,1.305,1.3,1.305,3790,0
BEP,5,20210217,094000,1.3,1.3,1.3,1.3,380,0
BEP,5,20210217,094500,1.3,1.3,1.3,1.3,2443,0
BEP,5,20210217,095000,1.3,1.3,1.3,1.3,2500,0
BEP,5,20210217,095500,1.29,1.29,1.29,1.29,1700,0
BEP,5,20210217,100000,1.29,1.29,1.28,1.29,1506,0
BEP,5,20210217,100500,1.29,1.3,1.29,1.3,11460,0
BEP,5,20210217,101000,1.29,1.3,1.29,1.3,2410,0
BEP,5,20210217,102000,1.29,1.29,1.275,1.275,19321,0
BEP,5,20210217,102500,1.275,1.275,1.275,1.275,900,0
BEP,5,20210217,103000,1.275,1.29,1.275,1.29,30,0
BEP,5,20210217,103500,1.285,1.285,1.28,1.28,400,0
BEP,5,20210217,104000,1.285,1.29,1.285,1.29,3275,0
BEP,5,20210217,104500,1.29,1.29,1.285,1.285,2060,0
BEP,5,20210217,105000,1.285,1.29,1.27,1.29,4914,0
BEP,5,20210217,105500,1.295,1.295,1.27,1.27,1600,0
BEP,5,20210217,110000,1.295,1.295,1.295,1.295,20,0
BEP,5,20210217,111000,1.295,1.295,1.295,1.295,445,0
BEP,5,20210217,111500,1.295,1.295,1.295,1.295,1387,0
BEP,5,20210217,113000,1.295,1.295,1.295,1.295,439,0
BEP,5,20210217,113500,1.3,1.3,1.3,1.3,20,0
BEP,5,20210217,114000,1.295,1.295,1.295,1.295,561,0
BEP,5,20210217,115500,1.295,1.295,1.295,1.295,663,0
BEP,5,20210217,120000,1.3,1.3,1.3,1.3,100,0
BEP,5,20210217,120500,1.295,1.295,1.295,1.295,337,0
BEP,5,20210217,121500,1.29,1.29,1.28,1.28,10001,0
BEP,5,20210217,122000,1.28,1.295,1.28,1.295,1415,0
BEP,5,20210217,122500,1.28,1.28,1.28,1.28,4000,0
BEP,5,20210217,123500,1.295,1.295,1.295,1.295,5,0
BEP,5,20210217,125000,1.28,1.29,1.28,1.28,20782,0
BEP,5,20210217,130000,1.28,1.28,1.28,1.28,3649,0
BEP,5,20210217,130500,1.28,1.28,1.26,1.26,10400,0
BEP,5,20210217,131000,1.28,1.28,1.28,1.28,5,0
BEP,5,20210217,132000,1.26,1.26,1.255,1.255,7609,0
BEP,5,20210217,132500,1.255,1.255,1.255,1.255,1,0
BEP,5,20210217,133000,1.26,1.26,1.26,1.26,5539,0
BEP,5,20210217,134000,1.28,1.28,1.28,1.28,10,0
BEP,5,20210217,134500,1.28,1.28,1.28,1.28,455,0
BEP,5,20210217,140000,1.28,1.28,1.28,1.28,2000,0
BEP,5,20210217,140500,1.28,1.28,1.28,1.28,5095,0
BEP,5,20210217,141500,1.28,1.28,1.28,1.28,100,0
BEP,5,20210217,142500,1.28,1.28,1.28,1.28,940,0
BEP,5,20210217,143500,1.27,1.27,1.27,1.27,401,0
BEP,5,20210217,144500,1.27,1.27,1.265,1.265,2000,0
BEP,5,20210217,145500,1.28,1.28,1.28,1.28,200,0
BEP,5,20210217,150000,1.28,1.28,1.28,1.28,74,0
BEP,5,20210217,151500,1.28,1.28,1.27,1.27,1300,0
BEP,5,20210217,152000,1.265,1.265,1.265,1.265,1,0
BEP,5,20210217,153500,1.27,1.27,1.27,1.27,100,0
BEP,5,20210217,154000,1.27,1.27,1.27,1.27,244,0
BEP,5,20210217,154500,1.28,1.28,1.26,1.26,3908,0
BEP,5,20210217,155000,1.28,1.28,1.28,1.28,1,0
BEP,5,20210217,155500,1.28,1.28,1.28,1.28,100,0
BEP,5,20210217,162000,1.27,1.28,1.26,1.26,25408,0
BEP,5,20210217,162500,1.29,1.29,1.29,1.29,115,0
BEP,5,20210217,164500,1.29,1.29,1.29,1.29,5025,0
BEP,5,20210218,090000,1.31,1.31,1.3,1.3,2562,0
BEP,5,20210218,090500,1.3,1.3,1.27,1.27,2525,0
BEP,5,20210218,091500,1.27,1.295,1.27,1.295,155,0
BEP,5,20210218,092000,1.295,1.295,1.295,1.295,200,0
BEP,5,20210218,092500,1.295,1.295,1.275,1.275,9050,0
BEP,5,20210218,093000,1.275,1.29,1.27,1.29,6462,0
BEP,5,20210218,093500,1.29,1.29,1.29,1.29,2483,0
BEP,5,20210218,094000,1.29,1.29,1.29,1.29,100,0
BEP,5,20210218,100500,1.265,1.265,1.265,1.265,3387,0
BEP,5,20210218,101000,1.26,1.27,1.26,1.27,6835,0
BEP,5,20210218,101500,1.27,1.27,1.27,1.27,3000,0
BEP,5,20210218,102000,1.26,1.26,1.26,1.26,766,0
BEP,5,20210218,102500,1.27,1.29,1.27,1.29,1122,0
BEP,5,20210218,110500,1.285,1.285,1.285,1.285,700,0
BEP,5,20210218,111000,1.265,1.285,1.26,1.285,7384,0
BEP,5,20210218,114500,1.27,1.27,1.27,1.27,1000,0
BEP,5,20210218,115000,1.27,1.28,1.27,1.28,1100,0
BEP,5,20210218,122500,1.27,1.27,1.27,1.27,1000,0
BEP,5,20210218,124000,1.26,1.26,1.255,1.255,4000,0
BEP,5,20210218,124500,1.28,1.28,1.28,1.28,100,0
BEP,5,20210218,125500,1.255,1.255,1.255,1.255,1150,0
BEP,5,20210218,130500,1.255,1.26,1.255,1.255,11972,0
BEP,5,20210218,131000,1.255,1.255,1.25,1.25,12388,0
BEP,5,20210218,131500,1.255,1.28,1.255,1.28,78,0
BEP,5,20210218,133000,1.27,1.27,1.27,1.27,400,0
BEP,5,20210218,134500,1.26,1.26,1.26,1.26,1498,0
BEP,5,20210218,135500,1.26,1.27,1.26,1.27,215,0
BEP,5,20210218,140000,1.26,1.26,1.26,1.26,800,0
BEP,5,20210218,142500,1.265,1.265,1.26,1.26,1124,0
BEP,5,20210218,144000,1.26,1.26,1.26,1.26,30000,0
BEP,5,20210218,144500,1.26,1.26,1.26,1.26,10000,0
BEP,5,20210218,145500,1.26,1.26,1.25,1.25,8010,0
BEP,5,20210218,150000,1.25,1.25,1.24,1.24,1100,0
BEP,5,20210218,150500,1.245,1.265,1.24,1.265,3100,0
BEP,5,20210218,151000,1.24,1.24,1.23,1.23,11729,0
BEP,5,20210218,151500,1.26,1.26,1.26,1.26,179,0
BEP,5,20210218,152500,1.25,1.26,1.23,1.23,3337,0
BEP,5,20210218,153000,1.255,1.255,1.255,1.255,1197,0
BEP,5,20210218,153500,1.26,1.26,1.26,1.26,1865,0
BEP,5,20210218,155500,1.235,1.235,1.235,1.235,715,0
BEP,5,20210218,161000,1.255,1.255,1.255,1.255,87,0
BEP,5,20210218,163000,1.235,1.255,1.235,1.255,1600,0
BEP,5,20210218,163500,1.235,1.255,1.235,1.255,1653,0
BEP,5,20210218,164500,1.245,1.245,1.245,1.245,2000,0
BEP,5,20210219,090000,1.235,1.235,1.235,1.235,200,0
BEP,5,20210219,090500,1.265,1.265,1.235,1.235,2132,0
BEP,5,20210219,091500,1.235,1.235,1.23,1.23,2878,0
BEP,5,20210219,092000,1.235,1.26,1.23,1.23,6284,0
BEP,5,20210219,092500,1.25,1.25,1.25,1.25,50,0
BEP,5,20210219,095000,1.235,1.235,1.23,1.23,1598,0
BEP,5,20210219,095500,1.25,1.25,1.25,1.25,4950,0
BEP,5,20210219,100500,1.235,1.255,1.23,1.255,5053,0
BEP,5,20210219,104000,1.24,1.24,1.24,1.24,1100,0
BEP,5,20210219,104500,1.24,1.24,1.24,1.24,63,0
BEP,5,20210219,105000,1.25,1.25,1.24,1.24,2410,0
BEP,5,20210219,110000,1.25,1.25,1.25,1.25,30,0
BEP,5,20210219,115500,1.24,1.24,1.23,1.23,3000,0
BEP,5,20210219,122000,1.25,1.25,1.25,1.25,1,0
BEP,5,20210219,123500,1.25,1.25,1.25,1.25,150,0
BEP,5,20210219,125000,1.24,1.24,1.24,1.24,1404,0
BEP,5,20210219,125500,1.235,1.235,1.22,1.22,16070,0
BEP,5,20210219,130500,1.22,1.22,1.22,1.22,2555,0
BEP,5,20210219,131500,1.22,1.22,1.22,1.22,1000,0
BEP,5,20210219,132000,1.215,1.215,1.215,1.215,3200,0
BEP,5,20210219,132500,1.215,1.215,1.215,1.215,3770,0
BEP,5,20210219,133000,1.215,1.215,1.215,1.215,5000,0
BEP,5,20210219,133500,1.235,1.235,1.235,1.235,155,0
BEP,5,20210219,135500,1.225,1.225,1.225,1.225,845,0
BEP,5,20210219,140000,1.23,1.23,1.23,1.23,20,0
BEP,5,20210219,141000,1.23,1.24,1.23,1.24,5668,0
BEP,5,20210219,141500,1.24,1.245,1.24,1.245,1100,0
BEP,5,20210219,143000,1.24,1.24,1.22,1.22,12916,0
BEP,5,20210219,143500,1.22,1.22,1.215,1.215,3556,0
BEP,5,20210219,144500,1.23,1.23,1.16,1.16,47695,0
BEP,5,20210219,145000,1.18,1.21,1.16,1.21,19968,0
BEP,5,20210219,150000,1.21,1.21,1.21,1.21,300,0
BEP,5,20210219,150500,1.21,1.23,1.21,1.23,5651,0
BEP,5,20210219,151500,1.23,1.35,1.23,1.34,409041,0
BEP,5,20210219,152000,1.34,1.38,1.29,1.29,209489,0
BEP,5,20210219,152500,1.3,1.32,1.29,1.29,53179,0
BEP,5,20210219,153000,1.28,1.28,1.26,1.28,25132,0
BEP,5,20210219,153500,1.28,1.29,1.275,1.29,10260,0
BEP,5,20210219,154000,1.275,1.285,1.24,1.27,34196,0
BEP,5,20210219,154500,1.25,1.27,1.24,1.27,6105,0
BEP,5,20210219,155000,1.25,1.27,1.25,1.27,401,0
BEP,5,20210219,155500,1.25,1.27,1.25,1.27,4229,0
BEP,5,20210219,160000,1.255,1.255,1.25,1.25,2347,0
BEP,5,20210219,160500,1.25,1.25,1.22,1.24,43667,0
BEP,5,20210219,161000,1.22,1.235,1.215,1.23,22640,0
BEP,5,20210219,161500,1.235,1.235,1.22,1.23,4780,0
BEP,5,20210219,162000,1.235,1.25,1.235,1.25,6225,0
BEP,5,20210219,162500,1.245,1.25,1.245,1.25,5000,0
BEP,5,20210219,163000,1.24,1.24,1.24,1.24,1405,0
BEP,5,20210219,164000,1.24,1.24,1.24,1.24,2836,0
BEP,5,20210219,164500,1.245,1.245,1.22,1.245,24607,0
BEP,5,20210222,090000,1.275,1.29,1.26,1.275,39150,0
BEP,5,20210222,090500,1.27,1.27,1.25,1.25,1239,0
BEP,5,20210222,091000,1.25,1.25,1.245,1.245,8961,0
BEP,5,20210222,091500,1.245,1.26,1.245,1.26,7250,0
BEP,5,20210222,092000,1.26,1.26,1.26,1.26,394,0
BEP,5,20210222,093000,1.265,1.265,1.26,1.26,1420,0
BEP,5,20210222,093500,1.25,1.25,1.245,1.245,3258,0
BEP,5,20210222,094000,1.245,1.245,1.245,1.245,4539,0
BEP,5,20210222,094500,1.25,1.25,1.25,1.25,2000,0
BEP,5,20210222,095000,1.245,1.245,1.245,1.245,2914,0
BEP,5,20210222,095500,1.25,1.255,1.25,1.255,1100,0
BEP,5,20210222,100000,1.25,1.25,1.25,1.25,800,0
BEP,5,20210222,100500,1.255,1.255,1.255,1.255,1077,0
BEP,5,20210222,101000,1.26,1.26,1.26,1.26,400,0
BEP,5,20210222,101500,1.25,1.25,1.25,1.25,800,0
BEP,5,20210222,102000,1.25,1.25,1.24,1.24,6260,0
BEP,5,20210222,102500,1.24,1.245,1.24,1.245,5000,0
BEP,5,20210222,103000,1.26,1.26,1.26,1.26,4968,0
BEP,5,20210222,103500,1.26,1.265,1.26,1.265,8393,0
BEP,5,20210222,104000,1.265,1.265,1.265,1.265,4091,0
BEP,5,20210222,104500,1.265,1.265,1.265,1.265,3903,0
BEP,5,20210222,105500,1.25,1.25,1.245,1.245,5000,0
BEP,5,20210222,114000,1.255,1.255,1.255,1.255,1200,0
BEP,5,20210222,115500,1.25,1.25,1.25,1.25,2798,0
BEP,5,20210222,120000,1.25,1.265,1.25,1.265,12000,0
BEP,5,20210222,120500,1.265,1.27,1.265,1.27,20000,0
BEP,5,20210222,121000,1.27,1.27,1.27,1.27,350,0
BEP,5,20210222,122000,1.27,1.28,1.27,1.28,10000,0
BEP,5,20210222,122500,1.27,1.27,1.27,1.27,820,0
BEP,5,20210222,123000,1.27,1.27,1.26,1.26,3180,0
BEP,5,20210222,124500,1.26,1.26,1.26,1.26,2000,0
BEP,5,20210222,125000,1.255,1.26,1.25,1.26,25400,0
BEP,5,20210222,125500,1.27,1.27,1.27,1.27,1,0
BEP,5,20210222,130500,1.25,1.27,1.25,1.27,2866,0
BEP,5,20210222,131500,1.245,1.27,1.245,1.27,2701,0
BEP,5,20210222,132000,1.27,1.27,1.27,1.27,180,0
BEP,5,20210222,140000,1.25,1.25,1.25,1.25,410,0
BEP,5,20210222,140500,1.25,1.25,1.25,1.25,1000,0
BEP,5,20210222,141000,1.25,1.25,1.25,1.25,950,0
BEP,5,20210222,141500,1.25,1.25,1.25,1.25,1540,0
BEP,5,20210222,150000,1.25,1.25,1.25,1.25,1000,0
BEP,5,20210222,151500,1.25,1.25,1.25,1.25,6600,0
BEP,5,20210222,153000,1.26,1.26,1.25,1.25,1900,0
BEP,5,20210222,153500,1.25,1.25,1.25,1.25,700,0
BEP,5,20210222,154500,1.25,1.25,1.25,1.25,1692,0
BEP,5,20210222,155000,1.245,1.245,1.245,1.245,564,0
BEP,5,20210222,155500,1.245,1.245,1.245,1.245,19741,0
BEP,5,20210222,160500,1.245,1.245,1.245,1.245,500,0
BEP,5,20210222,161000,1.245,1.245,1.245,1.245,600,0
BEP,5,20210222,161500,1.245,1.245,1.245,1.245,1000,0
BEP,5,20210222,162500,1.245,1.25,1.245,1.245,1000,0
BEP,5,20210222,163000,1.245,1.245,1.24,1.24,1000,0
BEP,5,20210222,163500,1.245,1.25,1.24,1.25,3949,0
BEP,5,20210222,164000,1.25,1.25,1.24,1.24,8521,0
BEP,5,20210222,164500,1.255,1.26,1.24,1.24,45413,0
BEP,5,20210223,090000,1.245,1.245,1.24,1.24,4300,0
BEP,5,20210223,091000,1.245,1.245,1.245,1.245,1202,0
BEP,5,20210223,091500,1.24,1.24,1.24,1.24,606,0
BEP,5,20210223,092000,1.24,1.24,1.24,1.24,394,0
BEP,5,20210223,092500,1.24,1.24,1.24,1.24,606,0
BEP,5,20210223,093000,1.235,1.235,1.23,1.23,4020,0
BEP,5,20210223,093500,1.23,1.23,1.22,1.22,9200,0
BEP,5,20210223,094000,1.24,1.24,1.24,1.24,499,0
BEP,5,20210223,094500,1.245,1.25,1.245,1.25,10000,0
BEP,5,20210223,095500,1.24,1.25,1.22,1.22,8466,0
BEP,5,20210223,100000,1.22,1.22,1.22,1.22,5600,0
BEP,5,20210223,100500,1.22,1.22,1.21,1.21,12451,0
BEP,5,20210223,101500,1.22,1.22,1.21,1.21,11800,0
BEP,5,20210223,102000,1.21,1.235,1.2,1.2,12473,0
BEP,5,20210223,103000,1.2,1.2,1.2,1.2,4150,0
BEP,5,20210223,103500,1.2,1.2,1.2,1.2,1150,0
BEP,5,20210223,104500,1.2,1.2,1.2,1.2,456,0
BEP,5,20210223,105500,1.2,1.2,1.2,1.2,4426,0
BEP,5,20210223,110000,1.2,1.2,1.195,1.195,4931,0
BEP,5,20210223,111000,1.195,1.195,1.195,1.195,2500,0
BEP,5,20210223,111500,1.195,1.195,1.18,1.18,5848,0
BEP,5,20210223,112000,1.195,1.22,1.195,1.22,12,0
BEP,5,20210223,113500,1.19,1.19,1.19,1.19,500,0
BEP,5,20210223,115500,1.2,1.2,1.2,1.2,1000,0
BEP,5,20210223,120500,1.21,1.21,1.21,1.21,427,0
BEP,5,20210223,121000,1.21,1.21,1.21,1.21,2000,0
BEP,5,20210223,121500,1.21,1.21,1.21,1.21,92,0
BEP,5,20210223,122000,1.21,1.21,1.21,1.21,100,0
BEP,5,20210223,123500,1.21,1.21,1.21,1.21,2200,0
BEP,5,20210223,130500,1.21,1.21,1.21,1.21,415,0
BEP,5,20210223,131500,1.2,1.2,1.2,1.2,1019,0
BEP,5,20210223,132000,1.2,1.2,1.2,1.2,1000,0
BEP,5,20210223,133000,1.2,1.2,1.195,1.195,1220,0
BEP,5,20210223,134000,1.21,1.215,1.21,1.215,305,0
BEP,5,20210223,144500,1.195,1.195,1.195,1.195,361,0
BEP,5,20210223,145000,1.195,1.195,1.195,1.195,939,0
BEP,5,20210223,145500,1.195,1.195,1.195,1.195,2000,0
BEP,5,20210223,151000,1.195,1.195,1.195,1.195,1000,0
BEP,5,20210223,151500,1.195,1.2,1.19,1.2,8000,0
BEP,5,20210223,160500,1.185,1.185,1.185,1.185,2000,0
BEP,5,20210223,161500,1.185,1.185,1.185,1.185,5624,0
BEP,5,20210223,162000,1.185,1.185,1.185,1.185,3000,0
BEP,5,20210223,162500,1.185,1.185,1.185,1.185,2418,0
BEP,5,20210223,163000,1.185,1.21,1.18,1.18,5382,0
BEP,5,20210223,164000,1.2,1.2,1.2,1.2,225,0
BEP,5,20210223,164500,1.2,1.2,1.19,1.19,2114,0
BEP,5,20210224,090000,1.19,1.2,1.19,1.2,5351,0
BEP,5,20210224,090500,1.2,1.2,1.2,1.2,215,0
BEP,5,20210224,091500,1.195,1.2,1.195,1.2,6674,0
BEP,5,20210224,092000,1.2,1.2,1.2,1.2,197,0
BEP,5,20210224,093000,1.195,1.195,1.195,1.195,1509,0
BEP,5,20210224,094000,1.2,1.2,1.2,1.2,1198,0
BEP,5,20210224,094500,1.2,1.2,1.19,1.19,3699,0
BEP,5,20210224,095500,1.215,1.215,1.215,1.215,308,0
BEP,5,20210224,104000,1.215,1.215,1.215,1.215,780,0
BEP,5,20210224,105000,1.215,1.215,1.215,1.215,780,0
BEP,5,20210224,111000,1.2,1.2,1.2,1.2,1,0
BEP,5,20210224,113000,1.215,1.215,1.215,1.215,10,0
BEP,5,20210224,113500,1.215,1.215,1.215,1.215,780,0
BEP,5,20210224,115500,1.2,1.2,1.2,1.2,3000,0
BEP,5,20210224,120000,1.2,1.2,1.2,1.2,9200,0
BEP,5,20210224,121000,1.21,1.215,1.21,1.215,1655,0
BEP,5,20210224,121500,1.215,1.215,1.215,1.215,286,0
BEP,5,20210224,123500,1.21,1.21,1.2,1.2,999,0
BEP,5,20210224,124500,1.21,1.21,1.2,1.2,3922,0
BEP,5,20210224,125500,1.2,1.2,1.2,1.2,2000,0
BEP,5,20210224,130500,1.2,1.2,1.2,1.2,3900,0
BEP,5,20210224,132000,1.2,1.2,1.2,1.2,1000,0
BEP,5,20210224,132500,1.2,1.2,1.2,1.2,1500,0
BEP,5,20210224,133000,1.2,1.2,1.2,1.2,1000,0
BEP,5,20210224,134000,1.21,1.21,1.21,1.21,1000,0
BEP,5,20210224,135500,1.2,1.2,1.2,1.2,4450,0
BEP,5,20210224,140000,1.2,1.2,1.2,1.2,5362,0
BEP,5,20210224,140500,1.2,1.2,1.2,1.2,930,0
BEP,5,20210224,141000,1.2,1.2,1.2,1.2,20,0
BEP,5,20210224,144500,1.2,1.2,1.2,1.2,800,0
BEP,5,20210224,145000,1.195,1.195,1.195,1.195,1432,0
BEP,5,20210224,145500,1.195,1.195,1.195,1.195,200,0
BEP,5,20210224,150000,1.195,1.22,1.19,1.22,16010,0
BEP,5,20210224,150500,1.215,1.215,1.215,1.215,200,0
BEP,5,20210224,152000,1.215,1.215,1.215,1.215,250,0
BEP,5,20210224,161000,1.2,1.2,1.2,1.2,1500,0
BEP,5,20210224,161500,1.2,1.2,1.2,1.2,3300,0
BEP,5,20210224,163000,1.21,1.21,1.21,1.21,225,0
BEP,5,20210224,163500,1.19,1.19,1.19,1.19,1600,0
BEP,5,20210224,164000,1.19,1.21,1.19,1.21,250,0
BEP,5,20210224,164500,1.19,1.215,1.19,1.215,4726,0
BEP,5,20210225,090000,1.22,1.22,1.22,1.22,1636,0
BEP,5,20210225,092000,1.19,1.19,1.19,1.19,1000,0
BEP,5,20210225,093000,1.21,1.22,1.19,1.22,5322,0
BEP,5,20210225,094000,1.2,1.2,1.2,1.2,1500,0
BEP,5,20210225,094500,1.2,1.2,1.2,1.2,44,0
BEP,5,20210225,095000,1.19,1.215,1.19,1.215,1457,0
BEP,5,20210225,095500,1.215,1.215,1.215,1.215,1,0
BEP,5,20210225,103500,1.2,1.2,1.19,1.19,11900,0
BEP,5,20210225,104500,1.21,1.21,1.19,1.21,2165,0
BEP,5,20210225,112000,1.2,1.2,1.2,1.2,1,0
BEP,5,20210225,112500,1.2,1.2,1.2,1.2,2,0
BEP,5,20210225,113500,1.2,1.21,1.2,1.21,6600,0
BEP,5,20210225,114000,1.19,1.19,1.19,1.19,1600,0
BEP,5,20210225,114500,1.2,1.2,1.2,1.2,200,0
BEP,5,20210225,115500,1.21,1.21,1.21,1.21,1000,0
BEP,5,20210225,120500,1.21,1.21,1.21,1.21,1660,0
BEP,5,20210225,123000,1.21,1.21,1.21,1.21,450,0
BEP,5,20210225,124500,1.185,1.185,1.185,1.185,1799,0
BEP,5,20210225,130000,1.205,1.205,1.205,1.205,125,0
BEP,5,20210225,130500,1.205,1.205,1.205,1.205,420,0
BEP,5,20210225,131500,1.205,1.295,1.205,1.26,130473,0
BEP,5,20210225,132000,1.26,1.27,1.245,1.265,28820,0
BEP,5,20210225,132500,1.27,1.29,1.25,1.27,45350,0
BEP,5,20210225,133000,1.27,1.27,1.25,1.25,11499,0
BEP,5,20210225,133500,1.25,1.265,1.25,1.26,7222,0
BEP,5,20210225,134000,1.26,1.265,1.26,1.265,5573,0
BEP,5,20210225,134500,1.265,1.28,1.265,1.275,20272,0
BEP,5,20210225,135000,1.275,1.285,1.275,1.275,10606,0
BEP,5,20210225,135500,1.26,1.275,1.26,1.275,8171,0
BEP,5,20210225,140000,1.26,1.26,1.26,1.26,6336,0
BEP,5,20210225,140500,1.24,1.24,1.235,1.235,3334,0
BEP,5,20210225,141500,1.26,1.26,1.26,1.26,10,0
BEP,5,20210225,143000,1.235,1.235,1.235,1.235,3500,0
BEP,5,20210225,143500,1.23,1.255,1.23,1.255,4000,0
BEP,5,20210225,144000,1.23,1.23,1.225,1.225,6444,0
BEP,5,20210225,145000,1.225,1.23,1.215,1.215,18300,0
BEP,5,20210225,145500,1.22,1.22,1.22,1.22,1000,0
BEP,5,20210225,150000,1.22,1.22,1.22,1.22,1200,0
BEP,5,20210225,151000,1.22,1.22,1.2,1.2,17212,0
BEP,5,20210225,151500,1.22,1.22,1.205,1.205,1305,0
BEP,5,20210225,152000,1.205,1.205,1.19,1.19,15526,0
BEP,5,20210225,153000,1.215,1.215,1.215,1.215,250,0
BEP,5,20210225,153500,1.21,1.215,1.21,1.215,4622,0
BEP,5,20210225,155000,1.22,1.22,1.22,1.22,667,0
BEP,5,20210225,155500,1.22,1.22,1.22,1.22,2894,0
BEP,5,20210225,160500,1.23,1.26,1.23,1.26,20611,0
BEP,5,20210225,161000,1.25,1.25,1.25,1.25,2835,0
BEP,5,20210225,161500,1.25,1.255,1.25,1.255,725,0
BEP,5,20210225,162000,1.25,1.25,1.25,1.25,200,0
BEP,5,20210225,162500,1.23,1.23,1.23,1.23,841,0
BEP,5,20210225,164000,1.225,1.23,1.2,1.23,14613,0
BEP,5,20210225,164500,1.23,1.23,1.23,1.23,3004,0
BEP,5,20210226,090000,1.25,1.25,1.22,1.24,21784,0
BEP,5,20210226,090500,1.24,1.24,1.19,1.22,22000,0
BEP,5,20210226,091000,1.2,1.23,1.2,1.23,4300,0
BEP,5,20210226,091500,1.23,1.23,1.19,1.19,5250,0
BEP,5,20210226,093000,1.23,1.24,1.23,1.23,6690,0
BEP,5,20210226,093500,1.23,1.24,1.225,1.225,8164,0
BEP,5,20210226,094000,1.245,1.245,1.245,1.245,1100,0
BEP,5,20210226,100000,1.23,1.23,1.23,1.23,1000,0
BEP,5,20210226,101000,1.24,1.24,1.24,1.24,1500,0
BEP,5,20210226,101500,1.24,1.25,1.23,1.23,4708,0
BEP,5,20210226,102000,1.23,1.23,1.23,1.23,1500,0
BEP,5,20210226,102500,1.225,1.225,1.225,1.225,289,0
BEP,5,20210226,105000,1.215,1.215,1.2,1.2,2094,0
BEP,5,20210226,105500,1.2,1.225,1.2,1.225,1356,0
BEP,5,20210226,113000,1.225,1.225,1.225,1.225,90,0
BEP,5,20210226,115000,1.225,1.225,1.225,1.225,2190,0
BEP,5,20210226,121000,1.225,1.225,1.225,1.225,1410,0
BEP,5,20210226,123500,1.225,1.225,1.205,1.205,6979,0
BEP,5,20210226,124500,1.205,1.205,1.2,1.2,3000,0
BEP,5,20210226,131000,1.205,1.205,1.2,1.2,5070,0
BEP,5,20210226,133500,1.205,1.205,1.205,1.205,4836,0
BEP,5,20210226,134500,1.21,1.21,1.2,1.2,1380,0
BEP,5,20210226,140500,1.225,1.225,1.225,1.225,10,0
BEP,5,20210226,141000,1.225,1.225,1.225,1.225,901,0
BEP,5,20210226,143000,1.22,1.22,1.22,1.22,31,0
BEP,5,20210226,152000,1.21,1.21,1.21,1.21,12000,0
BEP,5,20210226,153000,1.2,1.2,1.2,1.2,2500,0
BEP,5,20210226,154000,1.22,1.22,1.22,1.22,3254,0
BEP,5,20210226,154500,1.225,1.225,1.225,1.225,4385,0
BEP,5,20210226,155000,1.23,1.23,1.23,1.23,10,0
BEP,5,20210226,160000,1.2,1.2,1.2,1.2,3400,0
BEP,5,20210226,161000,1.21,1.21,1.21,1.21,2641,0
BEP,5,20210226,161500,1.23,1.23,1.23,1.23,10,0
BEP,5,20210226,162000,1.21,1.21,1.21,1.21,1286,0
BEP,5,20210226,162500,1.21,1.21,1.2,1.2,14263,0
BEP,5,20210226,164000,1.21,1.21,1.2,1.2,2900,0
BEP,5,20210226,164500,1.225,1.225,1.225,1.225,150,0
BEP,5,20210301,090000,1.21,1.23,1.21,1.23,1341,0
BEP,5,20210301,092500,1.23,1.23,1.23,1.23,1658,0
BEP,5,20210301,093000,1.24,1.24,1.23,1.23,3755,0
BEP,5,20210301,094000,1.23,1.23,1.23,1.23,652,0
BEP,5,20210301,094500,1.23,1.23,1.23,1.23,1979,0
BEP,5,20210301,101000,1.23,1.23,1.23,1.23,21,0
BEP,5,20210301,102000,1.21,1.21,1.21,1.21,755,0
BEP,5,20210301,103000,1.22,1.22,1.22,1.22,1500,0
BEP,5,20210301,103500,1.21,1.21,1.2,1.2,11938,0
BEP,5,20210301,104000,1.21,1.21,1.2,1.2,7250,0
BEP,5,20210301,105500,1.225,1.225,1.225,1.225,10,0
BEP,5,20210301,110000,1.215,1.215,1.215,1.215,1490,0
BEP,5,20210301,111000,1.215,1.22,1.215,1.22,1010,0
BEP,5,20210301,112500,1.22,1.22,1.22,1.22,1800,0
BEP,5,20210301,113000,1.21,1.21,1.2,1.2,5000,0
BEP,5,20210301,115000,1.215,1.215,1.21,1.21,1000,0
BEP,5,20210301,120000,1.21,1.21,1.21,1.21,680,0
BEP,5,20210301,121000,1.21,1.21,1.21,1.21,1244,0
BEP,5,20210301,121500,1.2,1.2,1.2,1.2,1,0
BEP,5,20210301,122000,1.205,1.205,1.2,1.2,6000,0
BEP,5,20210301,124000,1.215,1.215,1.215,1.215,2165,0
BEP,5,20210301,124500,1.2,1.2,1.2,1.2,795,0
BEP,5,20210301,130000,1.215,1.215,1.215,1.215,355,0
BEP,5,20210301,132500,1.21,1.21,1.21,1.21,2000,0
BEP,5,20210301,135500,1.215,1.215,1.215,1.215,190,0
BEP,5,20210301,142000,1.21,1.21,1.21,1.21,3500,0
BEP,5,20210301,142500,1.21,1.21,1.21,1.21,1000,0
BEP,5,20210301,143000,1.215,1.22,1.215,1.22,4690,0
BEP,5,20210301,143500,1.22,1.23,1.22,1.23,1242,0
BEP,5,20210301,151000,1.21,1.21,1.21,1.21,200,0
BEP,5,20210301,151500,1.22,1.22,1.22,1.22,700,0
BEP,5,20210301,152500,1.21,1.21,1.21,1.21,100,0
BEP,5,20210301,153000,1.21,1.21,1.21,1.21,420,0
BEP,5,20210301,154500,1.22,1.22,1.22,1.22,1193,0
BEP,5,20210301,161500,1.21,1.21,1.21,1.21,500,0
BEP,5,20210301,162000,1.21,1.21,1.21,1.21,2200,0
BEP,5,20210301,162500,1.23,1.23,1.23,1.23,10,0
BEP,5,20210301,164000,1.225,1.225,1.21,1.225,1897,0
BEP,5,20210301,164500,1.23,1.23,1.23,1.23,10,0
BEP,5,20210302,090000,1.23,1.23,1.21,1.21,1000,0
BEP,5,20210302,091000,1.235,1.235,1.235,1.235,10,0
BEP,5,20210302,091500,1.215,1.235,1.215,1.235,1585,0
BEP,5,20210302,094500,1.215,1.215,1.215,1.215,1000,0
BEP,5,20210302,095000,1.215,1.215,1.21,1.21,3345,0
BEP,5,20210302,095500,1.21,1.23,1.21,1.23,1010,0
BEP,5,20210302,102000,1.23,1.23,1.23,1.23,1619,0
BEP,5,20210302,103500,1.215,1.215,1.215,1.215,1000,0
BEP,5,20210302,104000,1.215,1.215,1.215,1.215,2000,0
BEP,5,20210302,104500,1.215,1.215,1.21,1.21,2082,0
BEP,5,20210302,105000,1.22,1.22,1.22,1.22,4300,0
BEP,5,20210302,110000,1.22,1.22,1.22,1.22,700,0
BEP,5,20210302,111500,1.215,1.215,1.215,1.215,2400,0
BEP,5,20210302,114000,1.215,1.215,1.215,1.215,500,0
BEP,5,20210302,114500,1.215,1.215,1.215,1.215,3461,0
BEP,5,20210302,115500,1.215,1.215,1.21,1.21,2000,0
BEP,5,20210302,120000,1.21,1.21,1.21,1.21,3600,0
BEP,5,20210302,120500,1.21,1.21,1.21,1.21,3776,0
BEP,5,20210302,121000,1.21,1.23,1.21,1.23,3963,0
BEP,5,20210302,123000,1.21,1.21,1.21,1.21,2000,0
BEP,5,20210302,125500,1.205,1.205,1.205,1.205,1801,0
BEP,5,20210302,133000,1.21,1.21,1.205,1.205,2083,0
BEP,5,20210302,133500,1.205,1.205,1.2,1.2,7452,0
BEP,5,20210302,134000,1.2,1.2,1.2,1.2,1000,0
BEP,5,20210302,135500,1.2,1.2,1.2,1.2,5468,0
BEP,5,20210302,140000,1.2,1.2,1.2,1.2,600,0
BEP,5,20210302,141000,1.215,1.22,1.215,1.22,2500,0
BEP,5,20210302,141500,1.2,1.2,1.2,1.2,2100,0
BEP,5,20210302,142000,1.195,1.2,1.195,1.2,900,0
BEP,5,20210302,142500,1.2,1.2,1.2,1.2,300,0
BEP,5,20210302,144000,1.2,1.2,1.2,1.2,2600,0
BEP,5,20210302,144500,1.2,1.2,1.2,1.2,2070,0
BEP,5,20210302,150000,1.2,1.22,1.2,1.22,870,0
BEP,5,20210302,150500,1.2,1.2,1.2,1.2,1570,0
BEP,5,20210302,153000,1.215,1.215,1.215,1.215,680,0
BEP,5,20210302,155500,1.2,1.2,1.2,1.2,1100,0
BEP,5,20210302,162000,1.2,1.2,1.2,1.2,4180,0
BEP,5,20210302,163000,1.2,1.2,1.195,1.195,1111,0
BEP,5,20210302,164000,1.215,1.215,1.215,1.215,155,0
BEP,5,20210302,164500,1.215,1.215,1.215,1.215,4547,0
BEP,5,20210303,090000,1.225,1.24,1.225,1.24,9000,0
BEP,5,20210303,091500,1.215,1.215,1.215,1.215,500,0
BEP,5,20210303,103000,1.215,1.215,1.215,1.215,775,0
BEP,5,20210303,104000,1.225,1.225,1.225,1.225,400,0
BEP,5,20210303,104500,1.225,1.225,1.225,1.225,1000,0
BEP,5,20210303,113500,1.215,1.215,1.215,1.215,155,0
BEP,5,20210303,114500,1.205,1.205,1.205,1.205,2000,0
BEP,5,20210303,115500,1.215,1.22,1.215,1.22,692,0
BEP,5,20210303,120000,1.205,1.205,1.2,1.2,5700,0
BEP,5,20210303,122500,1.2,1.22,1.2,1.22,1000,0
BEP,5,20210303,123000,1.22,1.22,1.22,1.22,1500,0
BEP,5,20210303,123500,1.2,1.2,1.2,1.2,4200,0
BEP,5,20210303,130000,1.2,1.2,1.2,1.2,1000,0
BEP,5,20210303,131000,1.2,1.2,1.19,1.19,29089,0
BEP,5,20210303,131500,1.18,1.18,1.17,1.17,19000,0
BEP,5,20210303,132500,1.18,1.18,1.17,1.17,10000,0
BEP,5,20210303,133500,1.17,1.17,1.155,1.16,15922,0
BEP,5,20210303,134000,1.16,1.175,1.16,1.175,878,0
BEP,5,20210303,135000,1.175,1.18,1.175,1.18,2420,0
BEP,5,20210303,135500,1.18,1.185,1.18,1.185,4730,0
BEP,5,20210303,141000,1.19,1.19,1.19,1.19,2148,0
BEP,5,20210303,141500,1.19,1.21,1.19,1.21,2007,0
BEP,5,20210303,151500,1.175,1.195,1.175,1.195,601,0
BEP,5,20210303,153500,1.175,1.175,1.175,1.175,600,0
BEP,5,20210303,155500,1.175,1.175,1.175,1.175,1800,0
BEP,5,20210303,160000,1.17,1.19,1.17,1.19,1000,0
BEP,5,20210303,163000,1.17,1.17,1.17,1.17,200,0
BEP,5,20210303,163500,1.17,1.17,1.17,1.17,1300,0
BEP,5,20210303,164000,1.17,1.17,1.17,1.17,3500,0
BEP,5,20210303,164500,1.18,1.18,1.18,1.18,1445,0
BEP,5,20210304,090000,1.2,1.2,1.2,1.2,505,0
BEP,5,20210304,090500,1.195,1.195,1.195,1.195,275,0
BEP,5,20210304,091500,1.195,1.195,1.195,1.195,6277,0
BEP,5,20210304,092500,1.18,1.18,1.15,1.15,7221,0
BEP,5,20210304,093000,1.16,1.16,1.16,1.16,500,0
BEP,5,20210304,093500,1.16,1.16,1.16,1.16,615,0
BEP,5,20210304,095000,1.17,1.175,1.17,1.175,2453,0
BEP,5,20210304,100000,1.18,1.18,1.18,1.18,695,0
BEP,5,20210304,100500,1.18,1.19,1.18,1.19,220,0
BEP,5,20210304,101000,1.19,1.19,1.19,1.19,760,0
BEP,5,20210304,105000,1.185,1.185,1.185,1.185,430,0
BEP,5,20210304,110000,1.175,1.175,1.15,1.15,2426,0
BEP,5,20210304,111500,1.175,1.175,1.175,1.175,50,0
BEP,5,20210304,112500,1.17,1.17,1.17,1.17,700,0
BEP,5,20210304,114000,1.16,1.16,1.16,1.16,1372,0
BEP,5,20210304,115000,1.17,1.17,1.17,1.17,900,0
BEP,5,20210304,121500,1.16,1.16,1.16,1.16,1,0
BEP,5,20210304,122500,1.17,1.17,1.17,1.17,450,0
BEP,5,20210304,123000,1.16,1.16,1.15,1.15,6761,0
BEP,5,20210304,123500,1.15,1.15,1.15,1.15,170,0
BEP,5,20210304,124000,1.145,1.145,1.145,1.145,12419,0
BEP,5,20210304,124500,1.17,1.175,1.17,1.175,1000,0
BEP,5,20210304,125000,1.15,1.15,1.15,1.15,830,0
BEP,5,20210304,130000,1.15,1.15,1.15,1.15,3815,0
BEP,5,20210304,131000,1.15,1.15,1.15,1.15,185,0
BEP,5,20210304,134500,1.17,1.17,1.17,1.17,123,0
BEP,5,20210304,141500,1.17,1.17,1.17,1.17,1295,0
BEP,5,20210304,142500,1.17,1.19,1.17,1.19,10000,0
BEP,5,20210304,143500,1.16,1.16,1.16,1.16,46,0
BEP,5,20210304,145000,1.19,1.19,1.19,1.19,1,0
BEP,5,20210304,145500,1.16,1.16,1.16,1.16,1912,0
BEP,5,20210304,150000,1.15,1.185,1.15,1.185,89,0
BEP,5,20210304,152000,1.19,1.19,1.19,1.19,1,0
BEP,5,20210304,153000,1.17,1.19,1.155,1.19,5001,0
BEP,5,20210304,155000,1.19,1.19,1.19,1.19,5,0
BEP,5,20210304,163000,1.18,1.18,1.18,1.18,1,0
BEP,5,20210304,164000,1.155,1.155,1.155,1.155,1,0
BEP,5,20210304,164500,1.17,1.18,1.155,1.18,1616,0
BEP,5,20210305,090000,1.155,1.155,1.155,1.155,349,0
BEP,5,20210305,092000,1.15,1.15,1.15,1.15,2000,0
BEP,5,20210305,093000,1.18,1.18,1.18,1.18,2448,0
BEP,5,20210305,095500,1.16,1.185,1.15,1.185,1352,0
BEP,5,20210305,100000,1.15,1.155,1.15,1.155,3000,0
BEP,5,20210305,100500,1.155,1.18,1.15,1.18,5480,0
BEP,5,20210305,101000,1.155,1.155,1.155,1.155,4000,0
BEP,5,20210305,101500,1.155,1.155,1.155,1.155,475,0
BEP,5,20210305,102500,1.18,1.215,1.18,1.215,14839,0
BEP,5,20210305,103000,1.21,1.27,1.21,1.24,192826,0
BEP,5,20210305,103500,1.225,1.23,1.21,1.21,44550,0
BEP,5,20210305,104000,1.21,1.22,1.2,1.22,13461,0
BEP,5,20210305,104500,1.2,1.26,1.2,1.24,56895,0
BEP,5,20210305,105000,1.22,1.22,1.22,1.22,2600,0
BEP,5,20210305,105500,1.235,1.24,1.22,1.24,21400,0
BEP,5,20210305,110500,1.22,1.25,1.22,1.25,53384,0
BEP,5,20210305,111000,1.25,1.25,1.23,1.25,10300,0
BEP,5,20210305,111500,1.23,1.24,1.23,1.24,4000,0
BEP,5,20210305,112000,1.24,1.24,1.23,1.23,1532,0
BEP,5,20210305,112500,1.23,1.23,1.22,1.22,9583,0
BEP,5,20210305,113000,1.22,1.23,1.22,1.22,8168,0
BEP,5,20210305,114000,1.22,1.22,1.22,1.22,4000,0
BEP,5,20210305,114500,1.23,1.23,1.23,1.23,1362,0
BEP,5,20210305,115000,1.23,1.23,1.23,1.23,1452,0
BEP,5,20210305,115500,1.22,1.22,1.2,1.2,20340,0
BEP,5,20210305,120000,1.2,1.2,1.19,1.2,26721,0
BEP,5,20210305,120500,1.2,1.2,1.2,1.2,10429,0
BEP,5,20210305,121000,1.225,1.225,1.225,1.225,890,0
BEP,5,20210305,121500,1.225,1.225,1.225,1.225,100,0
BEP,5,20210305,122000,1.225,1.225,1.2,1.2,2,0
BEP,5,20210305,122500,1.2,1.2,1.2,1.2,1499,0
BEP,5,20210305,123000,1.215,1.215,1.215,1.215,3063,0
BEP,5,20210305,124500,1.22,1.22,1.22,1.22,500,0
BEP,5,20210305,130000,1.2,1.2,1.2,1.2,20,0
BEP,5,20210305,130500,1.2,1.2,1.2,1.2,6356,0
BEP,5,20210305,131500,1.2,1.2,1.2,1.2,7212,0
BEP,5,20210305,132000,1.2,1.2,1.195,1.195,1003,0
BEP,5,20210305,132500,1.195,1.195,1.19,1.19,3600,0
BEP,5,20210305,133000,1.19,1.19,1.19,1.19,105,0
BEP,5,20210305,133500,1.2,1.2,1.2,1.2,70,0
BEP,5,20210305,134500,1.2,1.2,1.2,1.2,415,0
BEP,5,20210305,135000,1.2,1.2,1.2,1.2,151,0
BEP,5,20210305,135500,1.2,1.2,1.2,1.2,1000,0
BEP,5,20210305,140000,1.19,1.19,1.19,1.19,1000,0
BEP,5,20210305,140500,1.19,1.19,1.19,1.19,1150,0
BEP,5,20210305,142000,1.2,1.2,1.2,1.2,1488,0
BEP,5,20210305,143000,1.195,1.22,1.195,1.22,515,0
BEP,5,20210305,145500,1.2,1.2,1.2,1.2,1000,0
BEP,5,20210305,150000,1.195,1.215,1.18,1.18,25001,0
BEP,5,20210305,150500,1.19,1.19,1.19,1.19,1,0
BEP,5,20210305,151000,1.21,1.21,1.21,1.21,1,0
BEP,5,20210305,153500,1.2,1.2,1.2,1.2,2,0
BEP,5,20210305,154000,1.18,1.18,1.17,1.18,16983,0
BEP,5,20210305,154500,1.18,1.195,1.18,1.195,305,0
BEP,5,20210305,161000,1.195,1.195,1.195,1.195,160,0
BEP,5,20210305,161500,1.19,1.19,1.19,1.19,1000,0
BEP,5,20210305,162000,1.17,1.17,1.17,1.17,700,0
BEP,5,20210305,162500,1.17,1.17,1.17,1.17,3900,0
BEP,5,20210305,163000,1.17,1.17,1.17,1.17,6000,0
BEP,5,20210305,163500,1.18,1.18,1.18,1.18,215,0
BEP,5,20210305,164500,1.17,1.18,1.17,1.18,13375,0
BEP,5,20210308,090000,1.165,1.2,1.165,1.2,9676,0
BEP,5,20210308,090500,1.195,1.195,1.195,1.195,720,0
BEP,5,20210308,092000,1.18,1.18,1.18,1.18,3070,0
BEP,5,20210308,092500,1.195,1.195,1.195,1.195,1000,0
BEP,5,20210308,093000,1.18,1.18,1.175,1.175,4500,0
BEP,5,20210308,094000,1.175,1.175,1.175,1.175,198,0
BEP,5,20210308,095500,1.175,1.19,1.17,1.17,12451,0
BEP,5,20210308,100000,1.17,1.17,1.16,1.16,15000,0
BEP,5,20210308,100500,1.16,1.16,1.16,1.16,10000,0
BEP,5,20210308,101500,1.18,1.18,1.18,1.18,1400,0
BEP,5,20210308,102000,1.18,1.185,1.18,1.185,435,0
BEP,5,20210308,103500,1.185,1.185,1.185,1.185,2575,0
BEP,5,20210308,104000,1.19,1.19,1.19,1.19,2506,0
BEP,5,20210308,104500,1.19,1.2,1.19,1.2,10000,0
BEP,5,20210308,105500,1.185,1.185,1.185,1.185,1806,0
BEP,5,20210308,110000,1.185,1.185,1.185,1.185,1376,0
BEP,5,20210308,112500,1.19,1.19,1.19,1.19,720,0
BEP,5,20210308,114500,1.195,1.195,1.195,1.195,2000,0
BEP,5,20210308,120000,1.19,1.19,1.19,1.19,780,0
BEP,5,20210308,124000,1.185,1.185,1.185,1.185,3000,0
BEP,5,20210308,124500,1.185,1.185,1.18,1.18,1500,0
BEP,5,20210308,125000,1.19,1.195,1.19,1.195,3600,0
BEP,5,20210308,131500,1.185,1.185,1.185,1.185,1000,0
BEP,5,20210308,134500,1.195,1.2,1.195,1.2,7000,0
BEP,5,20210308,135000,1.195,1.195,1.195,1.195,421,0
BEP,5,20210308,142500,1.19,1.19,1.19,1.19,453,0
BEP,5,20210308,143500,1.185,1.185,1.18,1.18,10000,0
BEP,5,20210308,144500,1.18,1.18,1.18,1.18,538,0
BEP,5,20210308,152000,1.175,1.175,1.175,1.175,662,0
BEP,5,20210308,152500,1.18,1.2,1.18,1.2,30000,0
BEP,5,20210308,155500,1.18,1.18,1.175,1.175,2000,0
BEP,5,20210308,161000,1.2,1.2,1.2,1.2,4840,0
BEP,5,20210308,161500,1.2,1.2,1.2,1.2,5833,0
BEP,5,20210308,164000,1.2,1.2,1.2,1.2,10000,0
BEP,5,20210308,164500,1.2,1.205,1.2,1.205,5689,0
BEP,5,20210309,090000,1.2,1.2,1.175,1.175,2440,0
BEP,5,20210309,091000,1.2,1.2,1.2,1.2,1000,0
BEP,5,20210309,094000,1.2,1.2,1.2,1.2,115,0
BEP,5,20210309,095500,1.2,1.2,1.2,1.2,786,0
BEP,5,20210309,100000,1.2,1.2,1.2,1.2,811,0
BEP,5,20210309,101000,1.18,1.18,1.18,1.18,500,0
BEP,5,20210309,101500,1.2,1.2,1.2,1.2,62,0
BEP,5,20210309,102000,1.175,1.175,1.175,1.175,571,0
BEP,5,20210309,104500,1.2,1.2,1.175,1.175,2884,0
BEP,5,20210309,105500,1.175,1.195,1.175,1.195,5301,0
BEP,5,20210309,110500,1.195,1.195,1.195,1.195,414,0
BEP,5,20210309,111000,1.18,1.18,1.18,1.18,4500,0
BEP,5,20210309,114000,1.195,1.195,1.195,1.195,3780,0
BEP,5,20210309,120000,1.195,1.195,1.195,1.195,600,0
BEP,5,20210309,121500,1.19,1.19,1.19,1.19,1,0
BEP,5,20210309,122500,1.19,1.19,1.19,1.19,700,0
BEP,5,20210309,123000,1.195,1.195,1.185,1.185,1999,0
BEP,5,20210309,130500,1.185,1.185,1.18,1.18,1111,0
BEP,5,20210309,131000,1.18,1.18,1.18,1.18,1000,0
BEP,5,20210309,131500,1.19,1.19,1.19,1.19,3000,0
BEP,5,20210309,132000,1.18,1.18,1.18,1.18,7252,0
BEP,5,20210309,132500,1.175,1.175,1.175,1.175,400,0
BEP,5,20210309,134000,1.19,1.19,1.19,1.19,1,0
BEP,5,20210309,140500,1.18,1.19,1.18,1.19,5490,0
BEP,5,20210309,141000,1.195,1.195,1.18,1.18,1601,0
BEP,5,20210309,141500,1.195,1.195,1.195,1.195,1,0
BEP,5,20210309,142500,1.19,1.19,1.19,1.19,420,0
BEP,5,20210309,145500,1.195,1.195,1.195,1.195,1000,0
BEP,5,20210309,151000,1.19,1.19,1.19,1.19,2000,0
BEP,5,20210309,151500,1.195,1.195,1.195,1.195,1,0
BEP,5,20210309,153500,1.18,1.18,1.18,1.18,2249,0
BEP,5,20210309,154000,1.195,1.195,1.195,1.195,1,0
BEP,5,20210309,164000,1.19,1.195,1.16,1.16,35404,0
BEP,5,20210309,164500,1.19,1.19,1.19,1.19,3,0
BEP,5,20210310,090000,1.18,1.19,1.18,1.19,3543,0
BEP,5,20210310,091000,1.185,1.195,1.185,1.195,446,0
BEP,5,20210310,093000,1.185,1.185,1.185,1.185,350,0
BEP,5,20210310,094500,1.17,1.17,1.17,1.17,500,0
BEP,5,20210310,100000,1.18,1.18,1.16,1.16,33900,0
BEP,5,20210310,101000,1.165,1.165,1.16,1.16,10000,0
BEP,5,20210310,102500,1.18,1.18,1.18,1.18,1675,0
BEP,5,20210310,103000,1.185,1.185,1.185,1.185,1000,0
BEP,5,20210310,105500,1.18,1.18,1.18,1.18,155,0
BEP,5,20210310,110500,1.18,1.18,1.18,1.18,1000,0
BEP,5,20210310,112000,1.19,1.19,1.19,1.19,376,0
BEP,5,20210310,114000,1.18,1.18,1.18,1.18,1000,0
BEP,5,20210310,114500,1.19,1.19,1.15,1.15,38150,0
BEP,5,20210310,115500,1.16,1.16,1.16,1.16,2343,0
BEP,5,20210310,120000,1.16,1.16,1.16,1.16,257,0
BEP,5,20210310,120500,1.16,1.175,1.16,1.175,2350,0
BEP,5,20210310,121000,1.175,1.175,1.175,1.175,1400,0
BEP,5,20210310,121500,1.18,1.18,1.18,1.18,500,0
BEP,5,20210310,122500,1.18,1.18,1.18,1.18,120,0
BEP,5,20210310,123000,1.175,1.175,1.175,1.175,99,0
BEP,5,20210310,130000,1.175,1.175,1.17,1.17,2000,0
BEP,5,20210310,130500,1.18,1.18,1.18,1.18,88,0
BEP,5,20210310,131500,1.17,1.17,1.15,1.15,10000,0
BEP,5,20210310,132000,1.17,1.17,1.15,1.15,31000,0
BEP,5,20210310,133500,1.155,1.155,1.155,1.155,1600,0
BEP,5,20210310,134500,1.16,1.16,1.16,1.16,1000,0
BEP,5,20210310,135500,1.16,1.16,1.16,1.16,1000,0
BEP,5,20210310,143000,1.16,1.16,1.155,1.155,1386,0
BEP,5,20210310,144000,1.165,1.165,1.165,1.165,500,0
BEP,5,20210310,144500,1.16,1.165,1.16,1.165,15000,0
BEP,5,20210310,145500,1.16,1.16,1.16,1.16,1250,0
BEP,5,20210310,150000,1.165,1.165,1.165,1.165,500,0
BEP,5,20210310,151000,1.17,1.17,1.17,1.17,1500,0
BEP,5,20210310,152000,1.17,1.17,1.17,1.17,8500,0
BEP,5,20210310,154000,1.175,1.18,1.175,1.18,1165,0
BEP,5,20210310,155000,1.18,1.18,1.18,1.18,1000,0
BEP,5,20210310,160500,1.17,1.17,1.16,1.16,3148,0
BEP,5,20210310,161000,1.17,1.17,1.17,1.17,1,0
BEP,5,20210310,161500,1.17,1.17,1.17,1.17,3468,0
BEP,5,20210310,162000,1.16,1.16,1.16,1.16,250,0
BEP,5,20210310,164000,1.17,1.17,1.16,1.16,1495,0
BEP,5,20210310,164500,1.16,1.16,1.155,1.155,2250,0
BEP,5,20210311,090000,1.175,1.175,1.155,1.155,6635,0
BEP,5,20210311,090500,1.17,1.17,1.17,1.17,4090,0
BEP,5,20210311,092500,1.16,1.16,1.16,1.16,500,0
BEP,5,20210311,093500,1.16,1.16,1.16,1.16,45,0
BEP,5,20210311,095500,1.16,1.16,1.16,1.16,350,0
BEP,5,20210311,101500,1.16,1.16,1.16,1.16,2000,0
BEP,5,20210311,103500,1.175,1.175,1.175,1.175,5000,0
BEP,5,20210311,110500,1.175,1.185,1.175,1.185,3344,0
BEP,5,20210311,112000,1.18,1.18,1.18,1.18,900,0
BEP,5,20210311,114000,1.175,1.175,1.175,1.175,2200,0
BEP,5,20210311,114500,1.18,1.185,1.18,1.185,840,0
BEP,5,20210311,115500,1.16,1.16,1.16,1.16,1000,0
BEP,5,20210311,121000,1.175,1.175,1.175,1.175,280,0
BEP,5,20210311,121500,1.17,1.17,1.17,1.17,45,0
BEP,5,20210311,122000,1.17,1.17,1.17,1.17,4386,0
BEP,5,20210311,123000,1.175,1.175,1.17,1.17,6007,0
BEP,5,20210311,131000,1.175,1.185,1.175,1.185,20000,0
BEP,5,20210311,131500,1.16,1.16,1.16,1.16,8381,0
BEP,5,20210311,132000,1.155,1.155,1.155,1.155,4172,0
BEP,5,20210311,132500,1.18,1.185,1.18,1.185,1500,0
BEP,5,20210311,133000,1.18,1.18,1.18,1.18,1050,0
BEP,5,20210311,134000,1.165,1.165,1.165,1.165,965,0
BEP,5,20210311,134500,1.16,1.16,1.16,1.16,1050,0
BEP,5,20210311,135500,1.16,1.16,1.16,1.16,2000,0
BEP,5,20210311,143000,1.165,1.165,1.165,1.165,200,0
BEP,5,20210311,151500,1.165,1.18,1.165,1.18,2113,0
BEP,5,20210311,152000,1.165,1.165,1.165,1.165,1500,0
BEP,5,20210311,152500,1.165,1.165,1.165,1.165,5570,0
BEP,5,20210311,154000,1.16,1.16,1.16,1.16,1000,0
BEP,5,20210311,155000,1.18,1.18,1.18,1.18,600,0
BEP,5,20210311,162500,1.18,1.18,1.18,1.18,254,0
BEP,5,20210311,164000,1.17,1.17,1.17,1.17,900,0
BEP,5,20210311,164500,1.16,1.17,1.16,1.17,7768,0
BEP,5,20210312,091000,1.16,1.16,1.15,1.15,9000,0
BEP,5,20210312,091500,1.16,1.16,1.155,1.155,5000,0
BEP,5,20210312,094000,1.17,1.175,1.17,1.175,220,0
BEP,5,20210312,100500,1.17,1.17,1.17,1.17,180,0
BEP,5,20210312,101000,1.16,1.16,1.16,1.16,1000,0
BEP,5,20210312,102500,1.16,1.16,1.16,1.16,2303,0
BEP,5,20210312,103000,1.16,1.21,1.16,1.17,54145,0
BEP,5,20210312,103500,1.17,1.2,1.17,1.2,32617,0
BEP,5,20210312,104500,1.18,1.18,1.18,1.18,900,0
BEP,5,20210312,105000,1.195,1.195,1.195,1.195,450,0
BEP,5,20210312,105500,1.195,1.2,1.195,1.2,1000,0
BEP,5,20210312,110000,1.18,1.18,1.16,1.16,10000,0
BEP,5,20210312,110500,1.18,1.18,1.18,1.18,58,0
BEP,5,20210312,112000,1.17,1.17,1.17,1.17,900,0
BEP,5,20210312,112500,1.17,1.17,1.17,1.17,917,0
BEP,5,20210312,114000,1.17,1.17,1.17,1.17,2232,0
BEP,5,20210312,115000,1.18,1.18,1.18,1.18,4850,0
BEP,5,20210312,120000,1.19,1.19,1.19,1.19,155,0
BEP,5,20210312,120500,1.18,1.19,1.18,1.19,6476,0
BEP,5,20210312,121000,1.19,1.19,1.17,1.17,5424,0
BEP,5,20210312,122000,1.19,1.19,1.19,1.19,215,0
BEP,5,20210312,122500,1.19,1.19,1.19,1.19,8611,0
BEP,5,20210312,123500,1.19,1.19,1.19,1.19,1000,0
BEP,5,20210312,125000,1.185,1.19,1.185,1.19,1043,0
BEP,5,20210312,125500,1.18,1.18,1.17,1.18,10955,0
BEP,5,20210312,130000,1.18,1.19,1.18,1.19,215,0
BEP,5,20210312,131500,1.18,1.18,1.16,1.16,10000,0
BEP,5,20210312,134000,1.165,1.165,1.165,1.165,2343,0
BEP,5,20210312,135500,1.175,1.175,1.175,1.175,1299,0
BEP,5,20210312,143000,1.165,1.165,1.165,1.165,2000,0
BEP,5,20210312,143500,1.175,1.175,1.175,1.175,1825,0
BEP,5,20210312,145000,1.17,1.17,1.165,1.165,2090,0
BEP,5,20210312,145500,1.165,1.175,1.165,1.175,14000,0
BEP,5,20210312,151000,1.175,1.175,1.175,1.175,410,0
BEP,5,20210312,152000,1.18,1.18,1.18,1.18,4000,0
BEP,5,20210312,152500,1.18,1.18,1.18,1.18,800,0
BEP,5,20210312,160000,1.18,1.185,1.18,1.185,5000,0
BEP,5,20210312,161500,1.17,1.17,1.17,1.17,1000,0
BEP,5,20210312,162000,1.185,1.185,1.185,1.185,1,0
BEP,5,20210312,162500,1.17,1.17,1.17,1.17,6100,0
BEP,5,20210312,163000,1.18,1.18,1.18,1.18,1,0
BEP,5,20210312,164000,1.18,1.185,1.18,1.185,5055,0
BEP,5,20210312,164500,1.185,1.185,1.18,1.18,2000,0
BEP,5,20210315,090000,1.185,1.185,1.185,1.185,1211,0
BEP,5,20210315,090500,1.18,1.19,1.18,1.19,2172,0
BEP,5,20210315,091000,1.18,1.18,1.17,1.17,3983,0
BEP,5,20210315,092000,1.17,1.17,1.17,1.17,955,0
BEP,5,20210315,093000,1.17,1.17,1.17,1.17,1502,0
BEP,5,20210315,093500,1.17,1.17,1.165,1.165,6000,0
BEP,5,20210315,094000,1.17,1.17,1.17,1.17,216,0
BEP,5,20210315,094500,1.18,1.185,1.18,1.185,3500,0
BEP,5,20210315,095000,1.185,1.185,1.185,1.185,270,0
BEP,5,20210315,095500,1.185,1.185,1.185,1.185,1000,0
BEP,5,20210315,103000,1.185,1.185,1.185,1.185,2800,0
BEP,5,20210315,103500,1.185,1.185,1.185,1.185,3200,0
BEP,5,20210315,104000,1.175,1.175,1.175,1.175,115,0
BEP,5,20210315,104500,1.175,1.175,1.175,1.175,300,0
BEP,5,20210315,110000,1.175,1.175,1.175,1.175,1447,0
BEP,5,20210315,111000,1.185,1.185,1.185,1.185,1,0
BEP,5,20210315,113000,1.185,1.185,1.185,1.185,500,0
BEP,5,20210315,115000,1.18,1.18,1.175,1.175,3000,0
BEP,5,20210315,115500,1.175,1.175,1.175,1.175,856,0
BEP,5,20210315,122000,1.175,1.175,1.165,1.165,5800,0
BEP,5,20210315,124500,1.17,1.17,1.17,1.17,2000,0
BEP,5,20210315,125500,1.17,1.18,1.17,1.18,3800,0
BEP,5,20210315,131500,1.18,1.18,1.17,1.17,1838,0
BEP,5,20210315,132000,1.17,1.17,1.17,1.17,8000,0
BEP,5,20210315,133000,1.18,1.18,1.18,1.18,190,0
BEP,5,20210315,135500,1.17,1.17,1.17,1.17,50,0
BEP,5,20210315,140000,1.185,1.185,1.185,1.185,500,0
BEP,5,20210315,140500,1.185,1.185,1.185,1.185,90,0
BEP,5,20210315,142500,1.185,1.185,1.185,1.185,4000,0
BEP,5,20210315,143000,1.17,1.19,1.17,1.19,1007,0
BEP,5,20210315,144000,1.19,1.19,1.19,1.19,3000,0
BEP,5,20210315,150500,1.19,1.19,1.19,1.19,417,0
BEP,5,20210315,151000,1.18,1.18,1.18,1.18,500,0
BEP,5,20210315,152000,1.18,1.18,1.18,1.18,88,0
BEP,5,20210315,152500,1.18,1.18,1.18,1.18,494,0
BEP,5,20210315,153000,1.18,1.18,1.17,1.17,3000,0
BEP,5,20210315,153500,1.17,1.17,1.17,1.17,50,0
BEP,5,20210315,154000,1.17,1.17,1.17,1.17,4487,0
BEP,5,20210315,155000,1.185,1.19,1.185,1.19,5371,0
BEP,5,20210315,155500,1.19,1.19,1.19,1.19,1000,0
BEP,5,20210315,160500,1.185,1.195,1.185,1.195,5000,0
BEP,5,20210315,161000,1.19,1.19,1.19,1.19,1950,0
BEP,5,20210315,163000,1.19,1.195,1.18,1.18,13577,0
BEP,5,20210315,163500,1.19,1.19,1.19,1.19,2500,0
BEP,5,20210315,164500,1.19,1.2,1.19,1.2,36903,0
BEP,5,20210316,090000,1.2,1.2,1.2,1.2,27950,0
BEP,5,20210316,090500,1.19,1.2,1.19,1.2,5500,0
BEP,5,20210316,091000,1.2,1.2,1.19,1.19,4525,0
BEP,5,20210316,091500,1.185,1.185,1.18,1.18,2825,0
BEP,5,20210316,092000,1.19,1.19,1.185,1.185,3500,0
BEP,5,20210316,092500,1.19,1.19,1.19,1.19,3141,0
BEP,5,20210316,093000,1.19,1.19,1.19,1.19,1370,0
BEP,5,20210316,093500,1.185,1.185,1.18,1.18,850,0
BEP,5,20210316,094500,1.185,1.185,1.175,1.175,12000,0
BEP,5,20210316,095000,1.19,1.19,1.19,1.19,421,0
BEP,5,20210316,095500,1.18,1.18,1.18,1.18,500,0
BEP,5,20210316,100000,1.18,1.18,1.18,1.18,750,0
BEP,5,20210316,100500,1.19,1.19,1.19,1.19,450,0
BEP,5,20210316,101500,1.175,1.19,1.175,1.19,17002,0
BEP,5,20210316,104500,1.19,1.19,1.19,1.19,900,0
BEP,5,20210316,105500,1.185,1.19,1.185,1.19,2000,0
BEP,5,20210316,111000,1.185,1.185,1.185,1.185,1000,0
BEP,5,20210316,111500,1.19,1.19,1.19,1.19,13844,0
BEP,5,20210316,112000,1.195,1.195,1.195,1.195,1630,0
BEP,5,20210316,112500,1.185,1.185,1.185,1.185,2500,0
BEP,5,20210316,113000,1.185,1.185,1.185,1.185,193,0
BEP,5,20210316,113500,1.185,1.185,1.185,1.185,98,0
BEP,5,20210316,115000,1.185,1.185,1.185,1.185,1209,0
BEP,5,20210316,115500,1.18,1.18,1.18,1.18,800,0
BEP,5,20210316,120000,1.185,1.195,1.185,1.195,791,0
BEP,5,20210316,121500,1.185,1.185,1.185,1.185,709,0
BEP,5,20210316,122000,1.185,1.185,1.185,1.185,511,0
BEP,5,20210316,124000,1.19,1.195,1.19,1.195,2505,0
BEP,5,20210316,125000,1.195,1.195,1.195,1.195,4348,0
BEP,5,20210316,125500,1.195,1.195,1.195,1.195,5000,0
BEP,5,20210316,130000,1.195,1.2,1.19,1.2,2032,0
BEP,5,20210316,130500,1.2,1.24,1.2,1.24,80562,0
BEP,5,20210316,131000,1.24,1.27,1.24,1.27,60655,0
BEP,5,20210316,131500,1.27,1.27,1.25,1.265,26500,0
BEP,5,20210316,132000,1.23,1.27,1.23,1.27,8852,0
BEP,5,20210316,132500,1.27,1.28,1.27,1.28,27945,0
BEP,5,20210316,133000,1.28,1.29,1.27,1.27,34138,0
BEP,5,20210316,133500,1.29,1.295,1.26,1.26,31406,0
BEP,5,20210316,134000,1.28,1.31,1.28,1.29,64082,0
BEP,5,20210316,134500,1.29,1.29,1.27,1.27,6721,0
BEP,5,20210316,135000,1.29,1.29,1.26,1.26,17631,0
BEP,5,20210316,135500,1.26,1.26,1.26,1.26,1300,0
BEP,5,20210316,140000,1.26,1.27,1.25,1.27,5355,0
BEP,5,20210316,140500,1.28,1.28,1.28,1.28,7000,0
BEP,5,20210316,141000,1.27,1.29,1.27,1.29,19341,0
BEP,5,20210316,141500,1.27,1.29,1.27,1.27,10191,0
BEP,5,20210316,142000,1.28,1.28,1.27,1.27,7800,0
BEP,5,20210316,142500,1.28,1.28,1.28,1.28,3000,0
BEP,5,20210316,143000,1.29,1.35,1.29,1.32,247497,0
BEP,5,20210316,143500,1.33,1.335,1.295,1.315,50272,0
BEP,5,20210316,144000,1.31,1.4,1.31,1.37,181002,0
BEP,5,20210316,144500,1.365,1.37,1.31,1.34,121468,0
BEP,5,20210316,145000,1.34,1.35,1.31,1.33,111562,0
BEP,5,20210316,145500,1.33,1.34,1.3,1.32,113471,0
BEP,5,20210316,150000,1.32,1.33,1.29,1.32,54159,0
BEP,5,20210316,150500,1.29,1.3,1.275,1.275,15719,0
BEP,5,20210316,151000,1.28,1.285,1.275,1.275,32516,0
BEP,5,20210316,151500,1.28,1.29,1.25,1.28,46351,0
BEP,5,20210316,152000,1.28,1.28,1.27,1.27,7200,0
BEP,5,20210316,152500,1.26,1.26,1.255,1.26,6307,0
BEP,5,20210316,153000,1.27,1.27,1.26,1.26,7500,0
BEP,5,20210316,153500,1.27,1.28,1.27,1.28,6115,0
BEP,5,20210316,154000,1.28,1.28,1.28,1.28,30617,0
BEP,5,20210316,154500,1.285,1.29,1.25,1.25,43459,0
BEP,5,20210316,155000,1.26,1.265,1.25,1.265,5000,0
BEP,5,20210316,155500,1.27,1.27,1.255,1.255,14500,0
BEP,5,20210316,160000,1.255,1.255,1.25,1.25,11302,0
BEP,5,20210316,160500,1.245,1.25,1.22,1.23,59346,0
BEP,5,20210316,161000,1.23,1.245,1.23,1.235,9583,0
BEP,5,20210316,161500,1.24,1.25,1.24,1.25,12904,0
BEP,5,20210316,162000,1.25,1.25,1.245,1.25,8363,0
BEP,5,20210316,162500,1.25,1.25,1.25,1.25,5000,0
BEP,5,20210316,163500,1.245,1.25,1.245,1.245,10850,0
BEP,5,20210316,164000,1.24,1.24,1.22,1.22,38418,0
BEP,5,20210316,164500,1.22,1.25,1.22,1.24,20005,0
BEP,5,20210317,090000,1.21,1.245,1.21,1.22,12490,0
BEP,5,20210317,090500,1.215,1.22,1.21,1.22,4677,0
BEP,5,20210317,091000,1.215,1.215,1.21,1.21,3564,0
BEP,5,20210317,091500,1.23,1.23,1.215,1.215,1199,0
BEP,5,20210317,092000,1.21,1.21,1.2,1.2,31836,0
BEP,5,20210317,092500,1.195,1.195,1.195,1.195,2000,0
BEP,5,20210317,093000,1.21,1.215,1.195,1.195,2775,0
BEP,5,20210317,093500,1.215,1.215,1.215,1.215,215,0
BEP,5,20210317,094000,1.215,1.215,1.215,1.215,325,0
BEP,5,20210317,094500,1.215,1.22,1.215,1.22,3386,0
BEP,5,20210317,095000,1.23,1.24,1.23,1.24,3572,0
BEP,5,20210317,095500,1.23,1.23,1.23,1.23,2500,0
BEP,5,20210317,101000,1.21,1.21,1.19,1.19,22775,0
BEP,5,20210317,101500,1.195,1.2,1.195,1.2,2817,0
BEP,5,20210317,102000,1.2,1.21,1.2,1.21,500,0
BEP,5,20210317,103000,1.2,1.2,1.195,1.195,3390,0
BEP,5,20210317,104000,1.2,1.21,1.2,1.21,3000,0
BEP,5,20210317,105000,1.2,1.2,1.2,1.2,500,0
BEP,5,20210317,105500,1.2,1.2,1.19,1.19,10973,0
BEP,5,20210317,111000,1.2,1.225,1.2,1.225,3951,0
BEP,5,20210317,112500,1.22,1.22,1.22,1.22,999,0
BEP,5,20210317,114500,1.225,1.225,1.225,1.225,69,0
BEP,5,20210317,115000,1.21,1.225,1.21,1.225,115,0
BEP,5,20210317,122000,1.21,1.21,1.21,1.21,500,0
BEP,5,20210317,122500,1.21,1.21,1.2,1.2,2980,0
BEP,5,20210317,123000,1.2,1.2,1.195,1.195,100,0
BEP,5,20210317,124000,1.21,1.21,1.21,1.21,3000,0
BEP,5,20210317,124500,1.2,1.2,1.2,1.2,370,0
BEP,5,20210317,125500,1.2,1.2,1.195,1.195,3880,0
BEP,5,20210317,130000,1.195,1.195,1.195,1.195,100,0
BEP,5,20210317,131000,1.2,1.2,1.2,1.2,500,0
BEP,5,20210317,132000,1.2,1.2,1.195,1.195,2171,0
BEP,5,20210317,132500,1.195,1.21,1.19,1.21,11079,0
BEP,5,20210317,135000,1.19,1.19,1.19,1.19,2272,0
BEP,5,20210317,135500,1.19,1.19,1.19,1.19,4839,0
BEP,5,20210317,140500,1.19,1.19,1.185,1.185,8400,0
BEP,5,20210317,141000,1.185,1.185,1.185,1.185,4334,0
BEP,5,20210317,141500,1.19,1.19,1.185,1.185,21738,0
BEP,5,20210317,142000,1.18,1.18,1.18,1.18,3262,0
BEP,5,20210317,142500,1.18,1.195,1.18,1.195,8454,0
BEP,5,20210317,143000,1.18,1.18,1.18,1.18,1000,0
BEP,5,20210317,143500,1.18,1.18,1.18,1.18,3000,0
BEP,5,20210317,144000,1.195,1.195,1.195,1.195,605,0
BEP,5,20210317,144500,1.195,1.2,1.195,1.2,4605,0
BEP,5,20210317,145000,1.2,1.2,1.2,1.2,325,0
BEP,5,20210317,151000,1.2,1.2,1.2,1.2,830,0
BEP,5,20210317,151500,1.195,1.195,1.195,1.195,2999,0
BEP,5,20210317,153000,1.195,1.195,1.19,1.19,3706,0
BEP,5,20210317,153500,1.19,1.19,1.19,1.19,3637,0
BEP,5,20210317,155000,1.2,1.2,1.2,1.2,125,0
BEP,5,20210317,160000,1.2,1.2,1.2,1.2,1500,0
BEP,5,20210317,160500,1.19,1.19,1.19,1.19,6933,0
BEP,5,20210317,161500,1.2,1.2,1.2,1.2,2185,0
BEP,5,20210317,162000,1.2,1.2,1.2,1.2,3500,0
BEP,5,20210317,162500,1.2,1.2,1.2,1.2,500,0
BEP,5,20210317,163000,1.185,1.185,1.185,1.185,1000,0
BEP,5,20210317,163500,1.2,1.2,1.2,1.2,515,0
BEP,5,20210317,164000,1.2,1.205,1.2,1.205,4158,0
BEP,5,20210317,164500,1.205,1.21,1.2,1.2,1775,0
BEP,5,20210317,165500,1.205,1.205,1.205,1.205,50,0
BEP,5,20210318,090000,1.205,1.205,1.19,1.205,3500,0
BEP,5,20210318,091000,1.21,1.21,1.21,1.21,327,0
BEP,5,20210318,091500,1.19,1.19,1.19,1.19,10200,0
BEP,5,20210318,092000,1.19,1.2,1.19,1.2,589,0
BEP,5,20210318,092500,1.21,1.21,1.21,1.21,924,0
BEP,5,20210318,093000,1.215,1.215,1.215,1.215,225,0
BEP,5,20210318,093500,1.21,1.21,1.21,1.21,66,0
BEP,5,20210318,094000,1.19,1.19,1.185,1.185,4934,0
BEP,5,20210318,095000,1.185,1.185,1.185,1.185,2000,0
BEP,5,20210318,095500,1.2,1.2,1.2,1.2,2000,0
BEP,5,20210318,100000,1.185,1.185,1.185,1.185,1000,0
BEP,5,20210318,102000,1.19,1.19,1.185,1.185,2654,0
BEP,5,20210318,103000,1.2,1.2,1.2,1.2,3830,0
BEP,5,20210318,103500,1.2,1.2,1.2,1.2,1970,0
BEP,5,20210318,110500,1.19,1.205,1.19,1.205,3075,0
BEP,5,20210318,111500,1.2,1.2,1.2,1.2,1000,0
BEP,5,20210318,115000,1.19,1.19,1.19,1.19,3000,0
BEP,5,20210318,121000,1.19,1.19,1.19,1.19,2937,0
BEP,5,20210318,122000,1.19,1.19,1.19,1.19,2000,0
BEP,5,20210318,122500,1.19,1.19,1.185,1.185,1800,0
BEP,5,20210318,124000,1.19,1.19,1.185,1.185,6200,0
BEP,5,20210318,125000,1.2,1.2,1.2,1.2,625,0
BEP,5,20210318,130500,1.2,1.2,1.19,1.19,11400,0
BEP,5,20210318,131500,1.2,1.2,1.2,1.2,512,0
BEP,5,20210318,132000,1.2,1.205,1.2,1.205,13859,0
BEP,5,20210318,141000,1.185,1.185,1.185,1.185,10000,0
BEP,5,20210318,141500,1.205,1.205,1.205,1.205,1,0
BEP,5,20210318,144500,1.185,1.185,1.185,1.185,2500,0
BEP,5,20210318,152500,1.2,1.2,1.2,1.2,225,0
BEP,5,20210318,154000,1.19,1.19,1.19,1.19,4348,0
BEP,5,20210318,154500,1.19,1.19,1.19,1.19,4152,0
BEP,5,20210318,155000,1.2,1.2,1.2,1.2,775,0
BEP,5,20210318,155500,1.2,1.2,1.2,1.2,54,0
BEP,5,20210318,160500,1.205,1.225,1.205,1.225,20000,0
BEP,5,20210318,163000,1.22,1.22,1.19,1.19,7980,0
BEP,5,20210318,163500,1.21,1.21,1.19,1.19,1481,0
BEP,5,20210318,164500,1.2,1.205,1.2,1.205,11856,0
BEP,5,20210319,090000,1.215,1.215,1.215,1.215,126,0
BEP,5,20210319,090500,1.21,1.21,1.21,1.21,5000,0
BEP,5,20210319,091000,1.19,1.21,1.19,1.21,6501,0
BEP,5,20210319,091500,1.19,1.19,1.19,1.19,500,0
BEP,5,20210319,092000,1.2,1.26,1.2,1.25,41601,0
BEP,5,20210319,092500,1.215,1.22,1.2,1.2,20843,0
BEP,5,20210319,093000,1.235,1.235,1.19,1.19,6302,0
BEP,5,20210319,094000,1.2,1.2,1.2,1.2,900,0
BEP,5,20210319,094500,1.2,1.27,1.2,1.23,53200,0
BEP,5,20210319,095000,1.23,1.23,1.23,1.23,2485,0
BEP,5,20210319,095500,1.24,1.24,1.24,1.24,4300,0
BEP,5,20210319,100500,1.23,1.245,1.215,1.245,5000,0
BEP,5,20210319,101500,1.22,1.22,1.21,1.21,2505,0
BEP,5,20210319,102000,1.21,1.21,1.205,1.205,5000,0
BEP,5,20210319,102500,1.22,1.22,1.22,1.22,2007,0
BEP,5,20210319,103000,1.205,1.205,1.205,1.205,30,0
BEP,5,20210319,103500,1.235,1.235,1.235,1.235,1748,0
BEP,5,20210319,104500,1.23,1.23,1.23,1.23,2000,0
BEP,5,20210319,105500,1.22,1.22,1.22,1.22,4500,0
BEP,5,20210319,113500,1.235,1.235,1.235,1.235,2567,0
BEP,5,20210319,114500,1.22,1.235,1.22,1.235,2537,0
BEP,5,20210319,120000,1.23,1.23,1.23,1.23,834,0
BEP,5,20210319,120500,1.23,1.235,1.23,1.235,2840,0
BEP,5,20210319,121500,1.24,1.24,1.24,1.24,503,0
BEP,5,20210319,122000,1.24,1.24,1.24,1.24,2000,0
BEP,5,20210319,123500,1.24,1.24,1.24,1.24,1000,0
BEP,5,20210319,124000,1.24,1.24,1.24,1.24,2500,0
BEP,5,20210319,124500,1.23,1.23,1.225,1.225,845,0
BEP,5,20210319,125500,1.225,1.225,1.225,1.225,3018,0
BEP,5,20210319,130000,1.24,1.24,1.24,1.24,1,0
BEP,5,20210319,131000,1.24,1.24,1.24,1.24,2000,0
BEP,5,20210319,131500,1.23,1.23,1.22,1.23,10953,0
BEP,5,20210319,132500,1.22,1.22,1.22,1.22,9371,0
BEP,5,20210319,133000,1.215,1.215,1.215,1.215,3700,0
BEP,5,20210319,133500,1.215,1.215,1.2,1.2,16935,0
BEP,5,20210319,134000,1.205,1.205,1.205,1.205,185,0
BEP,5,20210319,134500,1.205,1.205,1.205,1.205,1015,0
BEP,5,20210319,135500,1.205,1.205,1.205,1.205,374,0
BEP,5,20210319,140000,1.205,1.21,1.205,1.21,3555,0
BEP,5,20210319,140500,1.21,1.21,1.21,1.21,4420,0
BEP,5,20210319,141000,1.2,1.2,1.2,1.2,1000,0
BEP,5,20210319,142500,1.2,1.21,1.2,1.21,2210,0
BEP,5,20210319,144000,1.2,1.2,1.2,1.2,1000,0
BEP,5,20210319,145000,1.2,1.2,1.2,1.2,14035,0
BEP,5,20210319,145500,1.2,1.2,1.2,1.2,3000,0
BEP,5,20210319,150500,1.2,1.2,1.2,1.2,444,0
BEP,5,20210319,151500,1.205,1.205,1.195,1.195,12000,0
BEP,5,20210319,152000,1.195,1.195,1.195,1.195,5000,0
BEP,5,20210319,153000,1.195,1.195,1.19,1.19,10000,0
BEP,5,20210319,154000,1.2,1.2,1.2,1.2,1,0
BEP,5,20210319,155000,1.19,1.19,1.19,1.19,10000,0
BEP,5,20210319,160000,1.195,1.2,1.185,1.185,8630,0
BEP,5,20210319,160500,1.2,1.2,1.185,1.185,332,0
BEP,5,20210319,161000,1.185,1.2,1.185,1.2,730,0
BEP,5,20210319,161500,1.185,1.185,1.185,1.185,59,0
BEP,5,20210319,162000,1.2,1.2,1.2,1.2,5197,0
BEP,5,20210319,163500,1.205,1.205,1.205,1.205,1080,0
BEP,5,20210319,164000,1.19,1.19,1.19,1.19,200,0
BEP,5,20210319,164500,1.2,1.2,1.195,1.195,4995,0
BEP,5,20210322,090000,1.225,1.225,1.2,1.2,611,0
BEP,5,20210322,091500,1.21,1.21,1.21,1.21,2000,0
BEP,5,20210322,092000,1.22,1.24,1.22,1.24,6500,0
BEP,5,20210322,094000,1.215,1.215,1.215,1.215,2400,0
BEP,5,20210322,095000,1.215,1.215,1.2,1.2,22400,0
BEP,5,20210322,101000,1.21,1.21,1.205,1.205,14500,0
BEP,5,20210322,101500,1.21,1.215,1.21,1.215,16200,0
BEP,5,20210322,103000,1.21,1.21,1.205,1.205,12060,0
BEP,5,20210322,103500,1.2,1.2,1.2,1.2,2740,0
BEP,5,20210322,104000,1.21,1.21,1.21,1.21,328,0
BEP,5,20210322,104500,1.2,1.2,1.2,1.2,3336,0
BEP,5,20210322,105000,1.21,1.21,1.21,1.21,1552,0
BEP,5,20210322,110500,1.205,1.205,1.205,1.205,5800,0
BEP,5,20210322,111500,1.2,1.2,1.2,1.2,6200,0
BEP,5,20210322,112000,1.2,1.2,1.2,1.2,4000,0
BEP,5,20210322,114000,1.205,1.205,1.205,1.205,937,0
BEP,5,20210322,114500,1.21,1.21,1.21,1.21,8000,0
BEP,5,20210322,122000,1.205,1.205,1.205,1.205,853,0
BEP,5,20210322,125000,1.205,1.205,1.205,1.205,9000,0
BEP,5,20210322,125500,1.205,1.205,1.205,1.205,452,0
BEP,5,20210322,134000,1.205,1.205,1.2,1.2,12550,0
BEP,5,20210322,134500,1.2,1.21,1.2,1.21,8364,0
BEP,5,20210322,142500,1.2,1.2,1.195,1.195,2475,0
BEP,5,20210322,144500,1.21,1.21,1.21,1.21,1,0
BEP,5,20210322,153000,1.205,1.205,1.205,1.205,861,0
BEP,5,20210322,154500,1.205,1.205,1.185,1.185,11500,0
BEP,5,20210322,160500,1.19,1.19,1.19,1.19,1064,0
BEP,5,20210322,162500,1.195,1.195,1.195,1.195,1000,0
BEP,5,20210322,164500,1.2,1.2,1.2,1.2,100,0
BEP,5,20210323,090000,1.21,1.21,1.21,1.21,5900,0
BEP,5,20210323,090500,1.21,1.23,1.21,1.23,8244,0
BEP,5,20210323,091000,1.22,1.22,1.22,1.22,300,0
BEP,5,20210323,091500,1.22,1.22,1.22,1.22,89,0
BEP,5,20210323,092000,1.22,1.23,1.22,1.23,10411,0
BEP,5,20210323,092500,1.23,1.23,1.21,1.21,1940,0
BEP,5,20210323,093500,1.23,1.23,1.23,1.23,810,0
BEP,5,20210323,094000,1.22,1.22,1.22,1.22,3000,0
BEP,5,20210323,100000,1.22,1.225,1.22,1.225,4500,0
BEP,5,20210323,100500,1.23,1.23,1.23,1.23,2777,0
BEP,5,20210323,101000,1.21,1.21,1.21,1.21,5417,0
BEP,5,20210323,101500,1.225,1.225,1.21,1.21,1800,0
BEP,5,20210323,102000,1.21,1.21,1.21,1.21,5698,0
BEP,5,20210323,102500,1.21,1.21,1.21,1.21,15557,0
BEP,5,20210323,103500,1.205,1.205,1.205,1.205,900,0
BEP,5,20210323,104000,1.2,1.2,1.19,1.19,13253,0
BEP,5,20210323,105500,1.205,1.205,1.205,1.205,4100,0
BEP,5,20210323,110500,1.205,1.205,1.205,1.205,8400,0
BEP,5,20210323,111000,1.205,1.205,1.205,1.205,1600,0
BEP,5,20210323,114000,1.205,1.205,1.205,1.205,2000,0
BEP,5,20210323,122000,1.205,1.205,1.205,1.205,6000,0
BEP,5,20210323,123500,1.21,1.21,1.21,1.21,800,0
BEP,5,20210323,130000,1.21,1.21,1.21,1.21,5000,0
BEP,5,20210323,130500,1.21,1.21,1.21,1.21,1241,0
BEP,5,20210323,131000,1.21,1.21,1.21,1.21,3000,0
BEP,5,20210323,131500,1.205,1.205,1.205,1.205,5000,0
BEP,5,20210323,132000,1.205,1.205,1.205,1.205,1020,0
BEP,5,20210323,132500,1.21,1.21,1.21,1.21,759,0
BEP,5,20210323,133000,1.215,1.215,1.215,1.215,947,0
BEP,5,20210323,133500,1.21,1.21,1.205,1.205,1634,0
BEP,5,20210323,141500,1.215,1.215,1.215,1.215,550,0
BEP,5,20210323,142000,1.215,1.215,1.215,1.215,1303,0
BEP,5,20210323,144000,1.22,1.22,1.22,1.22,35,0
BEP,5,20210323,144500,1.215,1.215,1.215,1.215,4366,0
BEP,5,20210323,150000,1.215,1.215,1.21,1.21,1631,0
BEP,5,20210323,153000,1.215,1.215,1.215,1.215,1,0
BEP,5,20210323,153500,1.21,1.21,1.21,1.21,800,0
BEP,5,20210323,154000,1.21,1.21,1.21,1.21,3500,0
BEP,5,20210323,154500,1.215,1.215,1.215,1.215,1,0
BEP,5,20210323,155000,1.215,1.215,1.215,1.215,100,0
BEP,5,20210323,160500,1.21,1.21,1.21,1.21,8500,0
BEP,5,20210323,161500,1.215,1.215,1.215,1.215,1,0
BEP,5,20210323,162500,1.215,1.215,1.215,1.215,3566,0
BEP,5,20210323,163000,1.215,1.215,1.215,1.215,1000,0
BEP,5,20210323,164500,1.215,1.215,1.215,1.215,1500,0
BEP,5,20210323,165500,1.22,1.22,1.22,1.22,800,0
BEP,5,20210324,090000,1.235,1.235,1.23,1.23,15409,0
BEP,5,20210324,090500,1.22,1.22,1.22,1.22,500,0
BEP,5,20210324,091000,1.225,1.225,1.225,1.225,105,0
BEP,5,20210324,091500,1.22,1.225,1.22,1.225,10680,0
BEP,5,20210324,094000,1.22,1.225,1.22,1.225,2000,0
BEP,5,20210324,095500,1.22,1.22,1.22,1.22,20,0
BEP,5,20210324,100000,1.22,1.22,1.22,1.22,460,0
BEP,5,20210324,101000,1.21,1.21,1.21,1.21,1000,0
BEP,5,20210324,101500,1.22,1.22,1.22,1.22,500,0
BEP,5,20210324,103500,1.22,1.22,1.22,1.22,422,0
BEP,5,20210324,110000,1.21,1.21,1.21,1.21,1000,0
BEP,5,20210324,110500,1.21,1.21,1.21,1.21,1354,0
BEP,5,20210324,121500,1.21,1.21,1.205,1.205,3765,0
BEP,5,20210324,124000,1.2,1.2,1.2,1.2,300,0
BEP,5,20210324,130500,1.2,1.2,1.2,1.2,750,0
BEP,5,20210324,132000,1.2,1.2,1.2,1.2,1698,0
BEP,5,20210324,142000,1.2,1.2,1.2,1.2,3174,0
BEP,5,20210324,142500,1.2,1.2,1.2,1.2,1000,0
BEP,5,20210324,145500,1.2,1.2,1.195,1.195,12001,0
BEP,5,20210324,152000,1.2,1.2,1.2,1.2,1250,0
BEP,5,20210324,152500,1.195,1.195,1.19,1.19,5154,0
BEP,5,20210324,153000,1.19,1.2,1.19,1.2,1040,0
BEP,5,20210324,161500,1.19,1.19,1.19,1.19,4000,0
BEP,5,20210324,162000,1.19,1.19,1.19,1.19,2000,0
BEP,5,20210324,162500,1.19,1.19,1.19,1.19,4752,0
BEP,5,20210324,164000,1.195,1.2,1.195,1.2,4000,0
BEP,5,20210324,164500,1.2,1.2,1.2,1.2,1478,0
BEP,5,20210324,165500,1.205,1.205,1.205,1.205,2022,0
BEP,5,20210325,090500,1.195,1.195,1.195,1.195,2220,0
BEP,5,20210325,091500,1.195,1.195,1.195,1.195,90,0
BEP,5,20210325,093500,1.2,1.2,1.195,1.195,5619,0
BEP,5,20210325,095000,1.195,1.195,1.195,1.195,962,0
BEP,5,20210325,095500,1.195,1.195,1.195,1.195,9038,0
BEP,5,20210325,101000,1.19,1.19,1.19,1.19,2300,0
BEP,5,20210325,103000,1.19,1.19,1.19,1.19,250,0
BEP,5,20210325,103500,1.19,1.19,1.19,1.19,1300,0
BEP,5,20210325,104000,1.19,1.19,1.19,1.19,7008,0
BEP,5,20210325,104500,1.19,1.19,1.19,1.19,1034,0
BEP,5,20210325,105000,1.185,1.185,1.18,1.18,26113,0
BEP,5,20210325,105500,1.175,1.175,1.175,1.175,6000,0
BEP,5,20210325,110500,1.18,1.18,1.175,1.175,5689,0
BEP,5,20210325,111000,1.18,1.18,1.18,1.18,3000,0
BEP,5,20210325,111500,1.175,1.175,1.175,1.175,957,0
BEP,5,20210325,112000,1.19,1.19,1.19,1.19,1600,0
BEP,5,20210325,113000,1.18,1.18,1.175,1.175,1800,0
BEP,5,20210325,114000,1.18,1.18,1.18,1.18,3700,0
BEP,5,20210325,114500,1.18,1.265,1.18,1.245,127027,0
BEP,5,20210325,115000,1.24,1.38,1.24,1.35,482326,0
BEP,5,20210325,115500,1.34,1.34,1.28,1.28,135360,0
BEP,5,20210325,120000,1.28,1.31,1.28,1.29,52972,0
BEP,5,20210325,120500,1.28,1.3,1.275,1.275,56118,0
BEP,5,20210325,121000,1.28,1.305,1.27,1.3,78268,0
BEP,5,20210325,121500,1.3,1.315,1.3,1.31,48639,0
BEP,5,20210325,122000,1.31,1.315,1.29,1.29,27069,0
BEP,5,20210325,122500,1.29,1.3,1.28,1.3,14707,0
BEP,5,20210325,123000,1.3,1.3,1.27,1.27,35711,0
BEP,5,20210325,123500,1.275,1.275,1.26,1.26,22645,0
BEP,5,20210325,124000,1.265,1.275,1.26,1.275,26954,0
BEP,5,20210325,124500,1.28,1.285,1.28,1.285,9530,0
BEP,5,20210325,125000,1.275,1.275,1.275,1.275,3954,0
BEP,5,20210325,125500,1.27,1.28,1.265,1.27,5280,0
BEP,5,20210325,130000,1.27,1.285,1.27,1.285,7194,0
BEP,5,20210325,130500,1.28,1.28,1.26,1.26,14995,0
BEP,5,20210325,131000,1.28,1.28,1.28,1.28,2534,0
BEP,5,20210325,131500,1.275,1.28,1.275,1.28,2500,0
BEP,5,20210325,132000,1.26,1.26,1.255,1.255,5730,0
BEP,5,20210325,132500,1.255,1.275,1.255,1.275,715,0
BEP,5,20210325,133500,1.27,1.285,1.27,1.27,19978,0
BEP,5,20210325,134000,1.26,1.26,1.25,1.25,6172,0
BEP,5,20210325,134500,1.255,1.26,1.23,1.26,23065,0
BEP,5,20210325,135000,1.25,1.25,1.245,1.245,1145,0
BEP,5,20210325,135500,1.25,1.25,1.22,1.24,21591,0
BEP,5,20210325,140000,1.225,1.23,1.225,1.23,3088,0
BEP,5,20210325,140500,1.24,1.24,1.23,1.23,3404,0
BEP,5,20210325,141000,1.225,1.225,1.21,1.21,27124,0
BEP,5,20210325,141500,1.23,1.23,1.215,1.215,225,0
BEP,5,20210325,142000,1.215,1.215,1.215,1.215,2242,0
BEP,5,20210325,142500,1.215,1.215,1.215,1.215,1000,0
BEP,5,20210325,143500,1.215,1.225,1.215,1.225,12320,0
BEP,5,20210325,144000,1.225,1.23,1.225,1.23,901,0
BEP,5,20210325,144500,1.22,1.23,1.21,1.23,4002,0
BEP,5,20210325,145500,1.23,1.245,1.23,1.245,10215,0
BEP,5,20210325,150000,1.24,1.24,1.24,1.24,1338,0
BEP,5,20210325,150500,1.24,1.24,1.215,1.215,15493,0
BEP,5,20210325,153000,1.235,1.24,1.235,1.24,1600,0
BEP,5,20210325,153500,1.23,1.235,1.23,1.23,6800,0
BEP,5,20210325,154500,1.22,1.22,1.22,1.22,540,0
BEP,5,20210325,155500,1.225,1.225,1.225,1.225,1799,0
BEP,5,20210325,160000,1.225,1.225,1.225,1.225,3250,0
BEP,5,20210325,161500,1.22,1.22,1.21,1.22,16862,0
BEP,5,20210325,162000,1.22,1.22,1.205,1.205,25475,0
BEP,5,20210325,163000,1.22,1.22,1.22,1.22,1605,0
BEP,5,20210325,164000,1.225,1.24,1.22,1.24,20000,0
BEP,5,20210325,165500,1.21,1.21,1.21,1.21,13849,0
BEP,5,20210326,090000,1.23,1.23,1.23,1.23,400,0
BEP,5,20210326,090500,1.22,1.245,1.21,1.245,9055,0
BEP,5,20210326,091000,1.22,1.27,1.22,1.27,34381,0
BEP,5,20210326,091500,1.25,1.25,1.245,1.245,3040,0
BEP,5,20210326,092000,1.245,1.245,1.225,1.225,2850,0
BEP,5,20210326,092500,1.225,1.225,1.22,1.22,6800,0
BEP,5,20210326,093000,1.22,1.235,1.22,1.235,1165,0
BEP,5,20210326,093500,1.22,1.22,1.21,1.22,14850,0
BEP,5,20210326,094000,1.235,1.24,1.235,1.24,1655,0
BEP,5,20210326,101500,1.225,1.225,1.22,1.22,2485,0
BEP,5,20210326,102000,1.24,1.24,1.24,1.24,310,0
BEP,5,20210326,103000,1.24,1.245,1.24,1.245,10000,0
BEP,5,20210326,104000,1.245,1.26,1.245,1.26,14000,0
BEP,5,20210326,105000,1.24,1.24,1.24,1.24,1815,0
BEP,5,20210326,111500,1.24,1.24,1.24,1.24,1050,0
BEP,5,20210326,112000,1.24,1.25,1.24,1.25,9500,0
BEP,5,20210326,112500,1.245,1.245,1.245,1.245,1337,0
BEP,5,20210326,113000,1.25,1.25,1.245,1.245,1809,0
BEP,5,20210326,113500,1.245,1.245,1.245,1.245,14,0
BEP,5,20210326,115500,1.23,1.23,1.23,1.23,5000,0
BEP,5,20210326,120500,1.225,1.245,1.225,1.225,3020,0
BEP,5,20210326,121000,1.225,1.225,1.22,1.22,25000,0
BEP,5,20210326,122000,1.22,1.22,1.215,1.215,2250,0
BEP,5,20210326,122500,1.215,1.215,1.215,1.215,200,0
BEP,5,20210326,124000,1.22,1.22,1.215,1.215,8031,0
BEP,5,20210326,125500,1.235,1.235,1.235,1.235,1,0
BEP,5,20210326,130000,1.22,1.235,1.21,1.235,10133,0
BEP,5,20210326,131000,1.235,1.25,1.235,1.25,17500,0
BEP,5,20210326,132500,1.23,1.23,1.23,1.23,400,0
BEP,5,20210326,134500,1.24,1.24,1.24,1.24,115,0
BEP,5,20210326,141000,1.24,1.24,1.24,1.24,2000,0
BEP,5,20210326,141500,1.24,1.25,1.24,1.25,18000,0
BEP,5,20210326,142000,1.245,1.26,1.245,1.255,49223,0
BEP,5,20210326,143000,1.255,1.255,1.255,1.255,181,0
BEP,5,20210326,152500,1.235,1.235,1.215,1.215,39547,0
BEP,5,20210326,153500,1.22,1.22,1.215,1.215,10000,0
BEP,5,20210326,154000,1.22,1.22,1.22,1.22,2500,0
BEP,5,20210326,155500,1.235,1.235,1.235,1.235,8000,0
BEP,5,20210326,161500,1.23,1.23,1.23,1.23,1000,0
BEP,5,20210326,162000,1.22,1.22,1.22,1.22,1300,0
BEP,5,20210326,162500,1.225,1.225,1.225,1.225,1000,0
BEP,5,20210326,164000,1.225,1.225,1.225,1.225,165,0
BEP,5,20210326,164500,1.25,1.25,1.25,1.25,55000,0
