<TICKER>,<PER>,<DATE>,<TIME>,<OPEN>,<HIGH>,<LOW>,<CLOSE>,<VOL>,<OPENINT>
BLR,5,20210204,092000,19.8,20.2,19.8,20.2,110,0
BLR,5,20210204,093000,20.2,20.6,20.2,20.6,49,0
BLR,5,20210204,100500,20,20,19.8,19.8,241,0
BLR,5,20210204,101500,20,20,20,20,100,0
BLR,5,20210204,103500,19.8,19.8,19.8,19.8,15,0
BLR,5,20210204,105500,19.8,19.8,19.8,19.8,50,0
BLR,5,20210204,111000,19.8,19.8,19.8,19.8,300,0
BLR,5,20210204,112000,19.9,20,19.9,20,639,0
BLR,5,20210204,114500,19.8,19.8,19.8,19.8,50,0
BLR,5,20210204,121000,20.2,20.2,20.2,20.2,25,0
BLR,5,20210204,123000,19.8,19.8,19.8,19.8,30,0
BLR,5,20210204,133000,20,20,20,20,55,0
BLR,5,20210204,135500,20,20,20,20,51,0
BLR,5,20210204,141000,19.8,19.8,19.8,19.8,360,0
BLR,5,20210204,145000,20,20,20,20,55,0
BLR,5,20210204,145500,19.7,19.7,19.7,19.7,25,0
BLR,5,20210204,153000,19.8,19.8,19.8,19.8,110,0
BLR,5,20210204,160000,19.7,19.7,19.7,19.7,55,0
BLR,5,20210204,160500,19.7,19.7,19.7,19.7,281,0
BLR,5,20210204,161000,19.7,19.7,19.6,19.7,483,0
BLR,5,20210204,161500,19.7,19.7,19.7,19.7,12,0
BLR,5,20210204,164500,19.7,19.8,19.6,19.6,258,0
BLR,5,20210205,090000,20,20,20,20,30,0
BLR,5,20210205,090500,20.2,20.2,20.2,20.2,21,0
BLR,5,20210205,091500,20.2,20.2,20.2,20.2,72,0
BLR,5,20210205,104000,20,20.2,20,20.2,420,0
BLR,5,20210205,104500,20.2,20.2,20.2,20.2,230,0
BLR,5,20210205,114000,19.9,19.9,19.8,19.8,104,0
BLR,5,20210205,115000,19.8,19.8,19.8,19.8,67,0
BLR,5,20210205,120500,19.8,19.8,19.8,19.8,33,0
BLR,5,20210205,123500,19.8,19.8,19.7,19.7,207,0
BLR,5,20210205,125500,20.2,20.2,20.2,20.2,1381,0
BLR,5,20210205,130000,20.4,20.4,20.4,20.4,59,0
BLR,5,20210205,130500,20.2,20.2,20.2,20.2,50,0
BLR,5,20210205,131000,20.2,20.2,20.2,20.2,69,0
BLR,5,20210205,152000,19.8,20,19.8,20,230,0
BLR,5,20210205,155000,19.8,19.8,19.8,19.8,100,0
BLR,5,20210205,164500,19.8,19.8,19.8,19.8,1,0
BLR,5,20210208,090000,19.9,19.9,19.9,19.9,100,0
BLR,5,20210208,091000,20,20,20,20,30,0
BLR,5,20210208,092500,20,20,20,20,86,0
BLR,5,20210208,093000,20,20,20,20,36,0
BLR,5,20210208,100000,20.2,20.2,20,20,52,0
BLR,5,20210208,103500,20,20,20,20,417,0
BLR,5,20210208,104500,19.9,19.9,19.9,19.9,15,0
BLR,5,20210208,105000,19.8,19.8,19.8,19.8,124,0
BLR,5,20210208,111000,19.8,19.8,19.8,19.8,36,0
BLR,5,20210208,111500,20.2,20.2,20.2,20.2,208,0
BLR,5,20210208,112000,20.2,20.2,20.2,20.2,89,0
BLR,5,20210208,112500,20.4,20.4,20.2,20.4,870,0
BLR,5,20210208,113500,20.4,20.4,20.4,20.4,8,0
BLR,5,20210208,114000,20.2,20.2,20.2,20.2,30,0
BLR,5,20210208,114500,20,20.2,20,20.2,440,0
BLR,5,20210208,115500,20.2,20.2,20.2,20.2,51,0
BLR,5,20210208,122500,19.8,19.8,19.8,19.8,565,0
BLR,5,20210208,123500,19.8,19.8,19.8,19.8,93,0
BLR,5,20210208,124500,20.2,20.2,20.2,20.2,197,0
BLR,5,20210208,125000,20.2,20.2,20.2,20.2,65,0
BLR,5,20210208,132000,20.2,20.2,20.2,20.2,100,0
BLR,5,20210208,133500,20.2,20.2,20.2,20.2,29,0
BLR,5,20210208,143500,20,20,19.8,19.8,100,0
BLR,5,20210208,155500,20.2,20.2,20.2,20.2,487,0
BLR,5,20210208,160000,19.8,19.8,19.8,19.8,670,0
BLR,5,20210208,161500,20,20,20,20,30,0
BLR,5,20210208,162000,20.2,20.2,20.2,20.2,49,0
BLR,5,20210208,164000,20.2,20.2,20.2,20.2,5,0
BLR,5,20210208,164500,20.2,20.2,20.2,20.2,298,0
BLR,5,20210209,091500,19.8,19.8,19.8,19.8,200,0
BLR,5,20210209,092500,19.8,19.8,19.8,19.8,210,0
BLR,5,20210209,094000,19.7,19.7,19.7,19.7,280,0
BLR,5,20210209,095500,19.7,19.7,19.7,19.7,101,0
BLR,5,20210209,100000,19.6,19.6,19.6,19.6,77,0
BLR,5,20210209,101000,19.7,19.8,19.7,19.8,20,0
BLR,5,20210209,103000,19.8,19.8,19.8,19.8,10,0
BLR,5,20210209,110000,19.8,19.8,19.8,19.8,126,0
BLR,5,20210209,110500,19.8,19.8,19.8,19.8,1,0
BLR,5,20210209,111000,19.8,19.8,19.8,19.8,61,0
BLR,5,20210209,112000,19.8,19.8,19.8,19.8,100,0
BLR,5,20210209,113000,19.8,20.2,19.8,20.2,333,0
BLR,5,20210209,121500,19.9,19.9,19.9,19.9,154,0
BLR,5,20210209,122000,20,20,20,20,15,0
BLR,5,20210209,134500,19.9,19.9,19.9,19.9,29,0
BLR,5,20210209,135000,20,20,20,20,70,0
BLR,5,20210209,141000,19.9,19.9,19.9,19.9,100,0
BLR,5,20210209,142500,20,20,20,20,100,0
BLR,5,20210209,150000,20,20,20,20,5,0
BLR,5,20210209,150500,20,20,20,20,25,0
BLR,5,20210209,151000,20,20,20,20,95,0
BLR,5,20210209,151500,19.8,19.8,19.8,19.8,304,0
BLR,5,20210209,153000,20.2,20.4,20.2,20.4,750,0
BLR,5,20210209,164000,20,20,19.8,19.8,1000,0
BLR,5,20210209,164500,19.8,20.2,19.8,20.2,412,0
BLR,5,20210210,090500,19.8,19.8,19.8,19.8,100,0
BLR,5,20210210,092000,19.8,19.8,19.8,19.8,124,0
BLR,5,20210210,094500,20,20,20,20,200,0
BLR,5,20210210,095500,19.8,19.8,19.8,19.8,2,0
BLR,5,20210210,101000,19.8,19.8,19.8,19.8,10,0
BLR,5,20210210,103500,19.8,19.8,19.8,19.8,77,0
BLR,5,20210210,105500,20,20,19.8,19.8,289,0
BLR,5,20210210,110500,19.8,19.8,19.8,19.8,56,0
BLR,5,20210210,111500,20,20,20,20,380,0
BLR,5,20210210,112000,20,20,20,20,2,0
BLR,5,20210210,112500,19.9,19.9,19.9,19.9,25,0
BLR,5,20210210,114000,20,20.2,20,20.2,50,0
BLR,5,20210210,115000,19.9,20.2,19.8,20.2,450,0
BLR,5,20210210,131000,19.8,19.8,19.8,19.8,554,0
BLR,5,20210210,132000,19.7,19.7,19.7,19.7,283,0
BLR,5,20210210,133000,19.7,19.7,19.7,19.7,100,0
BLR,5,20210210,134000,19.7,20,19.7,20,655,0
BLR,5,20210210,141000,20.2,20.2,20.2,20.2,49,0
BLR,5,20210210,150000,20.2,20.2,20.2,20.2,327,0
BLR,5,20210210,151000,19.8,19.8,19.8,19.8,420,0
BLR,5,20210210,153000,19.8,20,19.8,20,504,0
BLR,5,20210210,161000,19.8,19.8,19.8,19.8,200,0
BLR,5,20210210,162000,20,20,20,20,37,0
BLR,5,20210210,162500,20,20.2,20,20.2,51,0
BLR,5,20210210,164500,20.2,20.4,20.2,20.4,783,0
BLR,5,20210211,093000,19.9,19.9,19.9,19.9,200,0
BLR,5,20210211,094000,20,20,20,20,30,0
BLR,5,20210211,095500,19.9,19.9,19.7,19.7,273,0
BLR,5,20210211,100000,19.7,19.7,18.6,18.6,1887,0
BLR,5,20210211,100500,19.1,19.6,19,19.6,1438,0
BLR,5,20210211,101000,19.7,19.8,19.7,19.8,201,0
BLR,5,20210211,101500,19.8,19.9,19.8,19.9,749,0
BLR,5,20210211,104500,19.9,19.9,19.9,19.9,206,0
BLR,5,20210211,105500,20,20,20,20,5,0
BLR,5,20210211,110500,19.8,20,19.8,20,470,0
BLR,5,20210211,111000,20,20,20,20,10,0
BLR,5,20210211,112000,20,20,20,20,200,0
BLR,5,20210211,113000,20,20,20,20,200,0
BLR,5,20210211,114500,20,20,20,20,150,0
BLR,5,20210211,115000,20,20,20,20,150,0
BLR,5,20210211,115500,20,20.2,20,20.2,226,0
BLR,5,20210211,120500,20.2,20.2,20.2,20.2,200,0
BLR,5,20210211,130500,20,20,19.9,19.9,250,0
BLR,5,20210211,132000,20,20,20,20,50,0
BLR,5,20210211,135500,19.9,19.9,19.9,19.9,10,0
BLR,5,20210211,144000,20,20,20,20,157,0
BLR,5,20210211,145500,19.9,19.9,19.6,19.6,379,0
BLR,5,20210211,150500,19.8,19.8,19.8,19.8,110,0
BLR,5,20210211,152000,19.6,19.6,19.6,19.6,55,0
BLR,5,20210211,153500,19.8,19.8,19.8,19.8,50,0
BLR,5,20210211,154000,20,20,20,20,30,0
BLR,5,20210211,162000,20,20,19.8,19.8,50,0
BLR,5,20210211,164000,19.8,19.8,19.8,19.8,100,0
BLR,5,20210211,164500,20,20,20,20,50,0
BLR,5,20210212,090000,20,20,19.8,19.8,401,0
BLR,5,20210212,090500,20,20,20,20,24,0
BLR,5,20210212,091500,19.8,19.8,19.8,19.8,100,0
BLR,5,20210212,092000,19.8,19.8,19.8,19.8,230,0
BLR,5,20210212,092500,20,20,19.7,19.7,322,0
BLR,5,20210212,093000,19.9,19.9,19.9,19.9,90,0
BLR,5,20210212,093500,19.9,19.9,19.9,19.9,19,0
BLR,5,20210212,094000,20,20,20,20,92,0
BLR,5,20210212,094500,19.9,19.9,19.9,19.9,165,0
BLR,5,20210212,095500,19.9,19.9,19.9,19.9,100,0
BLR,5,20210212,100000,19.9,19.9,19.9,19.9,17,0
BLR,5,20210212,100500,19.9,19.9,19.9,19.9,33,0
BLR,5,20210212,102000,20,20,20,20,49,0
BLR,5,20210212,104000,19.9,19.9,19.9,19.9,400,0
BLR,5,20210212,104500,19.9,19.9,19.7,19.7,51,0
BLR,5,20210212,112000,19.9,19.9,19.9,19.9,80,0
BLR,5,20210212,112500,19.9,19.9,19.9,19.9,60,0
BLR,5,20210212,123000,19.9,19.9,19.9,19.9,130,0
BLR,5,20210212,123500,19.9,20,19.9,20,1080,0
BLR,5,20210212,124500,19.8,19.8,19.7,19.7,866,0
BLR,5,20210212,125000,20,20.2,20,20.2,37,0
BLR,5,20210212,130000,19.7,19.7,19.7,19.7,339,0
BLR,5,20210212,131000,19.7,19.7,19.7,19.7,200,0
BLR,5,20210212,133500,19.7,19.7,19.7,19.7,65,0
BLR,5,20210212,134000,19.6,19.7,19.6,19.7,44,0
BLR,5,20210212,135500,19.7,20.2,19.7,20.2,174,0
BLR,5,20210212,142500,20,20,20,20,100,0
BLR,5,20210212,145000,20.2,20.2,20.2,20.2,30,0
BLR,5,20210212,151000,20,20.2,20,20.2,247,0
BLR,5,20210212,152500,20,20.2,20,20.2,420,0
BLR,5,20210212,153000,20.2,20.2,20.2,20.2,60,0
BLR,5,20210212,154500,20.2,20.2,20.2,20.2,247,0
BLR,5,20210212,155000,20.2,20.2,20.2,20.2,100,0
BLR,5,20210212,161000,20.2,20.2,20.2,20.2,30,0
BLR,5,20210212,162000,20,20,20,20,30,0
BLR,5,20210212,162500,20,20,20,20,100,0
BLR,5,20210212,164500,20.2,20.4,20.2,20.4,693,0
BLR,5,20210215,090000,23.2,24.8,22.6,22.6,29625,0
BLR,5,20210215,090500,23,23,22.6,22.6,2562,0
BLR,5,20210215,091000,22.8,22.8,22.2,22.4,3418,0
BLR,5,20210215,091500,22.4,22.6,22.4,22.4,1794,0
BLR,5,20210215,092000,22.2,22.4,21.6,22,3392,0
BLR,5,20210215,092500,21.6,22,21.6,21.8,1646,0
BLR,5,20210215,093000,21.8,22.4,21.8,22.4,2272,0
BLR,5,20210215,093500,22.4,22.4,22.4,22.4,1270,0
BLR,5,20210215,094000,22.4,22.6,22.4,22.6,2137,0
BLR,5,20210215,094500,22.2,22.6,22,22.6,1005,0
BLR,5,20210215,095000,22.6,22.6,22,22,420,0
BLR,5,20210215,095500,22.6,22.8,22.6,22.8,815,0
BLR,5,20210215,100000,22.6,23,22.6,22.6,1924,0
BLR,5,20210215,100500,22.8,23,22.8,23,475,0
BLR,5,20210215,101000,22.8,23,22.6,23,330,0
BLR,5,20210215,101500,22.8,22.8,22.8,22.8,13,0
BLR,5,20210215,102000,22.8,23,22.6,22.8,1877,0
BLR,5,20210215,102500,22.8,22.8,22.8,22.8,123,0
BLR,5,20210215,103000,22.8,22.8,22,22,2228,0
BLR,5,20210215,103500,22.2,22.2,22.2,22.2,59,0
BLR,5,20210215,104000,22.8,22.8,22.4,22.4,140,0
BLR,5,20210215,105000,22.6,22.8,22.6,22.8,277,0
BLR,5,20210215,105500,22.6,23,22.6,23,1300,0
BLR,5,20210215,110500,22.8,23,22.8,23,120,0
BLR,5,20210215,111000,23,23,23,23,459,0
BLR,5,20210215,111500,23,23,22.8,22.8,200,0
BLR,5,20210215,112000,22.8,22.8,22.8,22.8,193,0
BLR,5,20210215,112500,22.8,23,22.8,23,271,0
BLR,5,20210215,113500,22.6,22.6,22.6,22.6,429,0
BLR,5,20210215,114000,22.6,22.6,22.6,22.6,335,0
BLR,5,20210215,114500,22.8,22.8,22.6,22.8,66,0
BLR,5,20210215,115000,22.8,22.8,22.8,22.8,500,0
BLR,5,20210215,115500,22.8,22.8,22.8,22.8,295,0
BLR,5,20210215,120000,22.8,22.8,22.6,22.6,20,0
BLR,5,20210215,120500,22.6,22.6,22.4,22.4,119,0
BLR,5,20210215,121000,22.4,22.4,21.8,22,3321,0
BLR,5,20210215,121500,22.4,22.6,22,22,160,0
BLR,5,20210215,122000,22.4,22.6,22.4,22.6,122,0
BLR,5,20210215,123500,22,22,22,22,367,0
BLR,5,20210215,124500,22,22.4,22,22.4,703,0
BLR,5,20210215,125000,22.2,22.2,22.2,22.2,100,0
BLR,5,20210215,130000,22.4,22.4,22.4,22.4,15,0
BLR,5,20210215,130500,22.4,22.4,22.4,22.4,25,0
BLR,5,20210215,131000,22.2,22.2,22,22,558,0
BLR,5,20210215,132000,22,22,21.2,21.2,2845,0
BLR,5,20210215,132500,21.6,21.8,21.6,21.6,1404,0
BLR,5,20210215,133000,21.6,22,21.6,22,100,0
BLR,5,20210215,133500,22,22,22,22,126,0
BLR,5,20210215,134000,22,22.4,22,22.4,261,0
BLR,5,20210215,134500,22.4,22.4,21.6,21.6,1580,0
BLR,5,20210215,135000,22.4,22.4,22.4,22.4,646,0
BLR,5,20210215,135500,22.4,22.4,22.2,22.4,209,0
BLR,5,20210215,140000,22.2,22.4,22.2,22.4,299,0
BLR,5,20210215,141000,22.4,22.4,22.4,22.4,40,0
BLR,5,20210215,141500,22,22,22,22,49,0
BLR,5,20210215,142000,22,22,22,22,4,0
BLR,5,20210215,144000,22.2,22.2,22.2,22.2,150,0
BLR,5,20210215,144500,22.2,22.2,22.2,22.2,184,0
BLR,5,20210215,145000,22.2,22.2,22.2,22.2,16,0
BLR,5,20210215,145500,22.2,22.2,22.2,22.2,34,0
BLR,5,20210215,150000,22.2,22.2,22,22,176,0
BLR,5,20210215,150500,22.4,22.4,22.4,22.4,100,0
BLR,5,20210215,154000,22.2,22.2,22.2,22.2,100,0
BLR,5,20210215,161000,22.4,22.4,22.4,22.4,100,0
BLR,5,20210215,161500,22.2,22.4,22.2,22.4,791,0
BLR,5,20210215,162000,22.2,22.2,22.2,22.2,91,0
BLR,5,20210215,163000,22.4,22.4,22.2,22.2,610,0
BLR,5,20210215,163500,22.2,22.4,22,22,1037,0
BLR,5,20210215,164000,22,22.4,22,22.4,1183,0
BLR,5,20210215,164500,22.4,22.4,22,22,1233,0
BLR,5,20210216,090000,22.2,22.4,22.2,22.2,2694,0
BLR,5,20210216,090500,22.2,22.4,22.2,22.4,157,0
BLR,5,20210216,091000,22.4,22.6,22,22,500,0
BLR,5,20210216,091500,22.4,22.4,22,22,1676,0
BLR,5,20210216,092000,22.2,22.4,22.2,22.4,1754,0
BLR,5,20210216,092500,22.4,22.6,22.4,22.4,336,0
BLR,5,20210216,093000,22.6,22.6,22.4,22.4,143,0
BLR,5,20210216,094000,22.4,22.4,22.4,22.4,300,0
BLR,5,20210216,094500,22.2,22.2,22.2,22.2,74,0
BLR,5,20210216,095000,22.2,22.2,22.2,22.2,5,0
BLR,5,20210216,095500,22,22.2,22,22.2,400,0
BLR,5,20210216,100500,22.2,22.4,22.2,22.4,200,0
BLR,5,20210216,101500,22.2,22.4,22.2,22.4,203,0
BLR,5,20210216,103000,22,22,22,22,1861,0
BLR,5,20210216,104000,22.2,22.2,21.6,21.6,412,0
BLR,5,20210216,104500,21.6,21.6,21.6,21.6,572,0
BLR,5,20210216,105000,21.6,21.6,21.4,21.4,225,0
BLR,5,20210216,105500,21.2,21.2,21.2,21.2,98,0
BLR,5,20210216,110000,21.4,21.4,21,21.2,2503,0
BLR,5,20210216,110500,21.2,21.2,21.2,21.2,150,0
BLR,5,20210216,111000,21.2,21.2,21.2,21.2,120,0
BLR,5,20210216,111500,21.2,21.2,21.2,21.2,5,0
BLR,5,20210216,112000,21.2,21.2,21.2,21.2,5,0
BLR,5,20210216,112500,21.2,21.2,21,21.2,589,0
BLR,5,20210216,113000,21.2,21.4,21.2,21.4,1150,0
BLR,5,20210216,113500,21.4,21.4,21.2,21.2,1431,0
BLR,5,20210216,114500,21.2,21.4,21.2,21.4,108,0
BLR,5,20210216,120000,21.4,21.4,21.4,21.4,95,0
BLR,5,20210216,122000,21,21,21,21,61,0
BLR,5,20210216,122500,21,21,21,21,656,0
BLR,5,20210216,123000,21,21.4,21,21.4,107,0
BLR,5,20210216,130000,21.4,21.4,21.4,21.4,20,0
BLR,5,20210216,131500,21.4,21.4,21.4,21.4,35,0
BLR,5,20210216,132000,21.4,21.4,21.4,21.4,242,0
BLR,5,20210216,132500,21.4,21.4,21.4,21.4,14,0
BLR,5,20210216,133000,21.4,21.6,21.4,21.6,150,0
BLR,5,20210216,135500,21.2,21.2,21.2,21.2,10,0
BLR,5,20210216,140500,21.2,21.2,21,21,90,0
BLR,5,20210216,141000,21,21,21,21,450,0
BLR,5,20210216,141500,21.2,21.2,21.2,21.2,110,0
BLR,5,20210216,143000,21.6,21.6,21.6,21.6,200,0
BLR,5,20210216,143500,21.6,21.6,21.6,21.6,77,0
BLR,5,20210216,154500,21.8,21.8,21.8,21.8,1,0
BLR,5,20210216,160500,21.6,21.6,21.6,21.6,130,0
BLR,5,20210216,161000,21.6,21.6,21.6,21.6,114,0
BLR,5,20210216,162500,21.6,21.6,21.6,21.6,68,0
BLR,5,20210216,164500,21.6,21.8,21.6,21.8,35,0
BLR,5,20210217,091000,21.4,21.4,20.6,20.6,933,0
BLR,5,20210217,092000,21.2,21.4,21.2,21.4,31,0
BLR,5,20210217,093000,21.2,21.2,21.2,21.2,30,0
BLR,5,20210217,093500,21.2,21.2,21.2,21.2,33,0
BLR,5,20210217,094000,21.4,21.4,21.4,21.4,20,0
BLR,5,20210217,094500,21.2,21.2,21.2,21.2,101,0
BLR,5,20210217,095500,21.2,21.2,21.2,21.2,86,0
BLR,5,20210217,100500,21,21,21,21,150,0
BLR,5,20210217,101500,20.8,20.8,20.6,20.6,2218,0
BLR,5,20210217,102500,21,21,21,21,120,0
BLR,5,20210217,103500,21,21,21,21,100,0
BLR,5,20210217,104000,21,21,21,21,300,0
BLR,5,20210217,110000,21,21,21,21,50,0
BLR,5,20210217,112500,21,21,21,21,135,0
BLR,5,20210217,114000,20.8,21.2,20.8,21.2,389,0
BLR,5,20210217,115500,20.8,20.8,20.8,20.8,137,0
BLR,5,20210217,120000,21.2,21.2,20.4,20.4,1293,0
BLR,5,20210217,120500,20.4,21.4,20.4,21.4,1430,0
BLR,5,20210217,130000,21.2,21.2,21.2,21.2,5,0
BLR,5,20210217,132500,21,21,20.8,20.8,250,0
BLR,5,20210217,133500,20.8,20.8,20.6,20.6,200,0
BLR,5,20210217,134000,21.2,21.2,21.2,21.2,1,0
BLR,5,20210217,142000,21.2,21.2,21.2,21.2,30,0
BLR,5,20210217,151500,21.2,21.2,21.2,21.2,50,0
BLR,5,20210217,152000,21.2,21.4,21.2,21.4,205,0
BLR,5,20210217,161000,21,21,21,21,78,0
BLR,5,20210217,162500,21,21,21,21,6,0
BLR,5,20210217,163000,21,21,21,21,30,0
BLR,5,20210217,164500,21.2,21.2,21.2,21.2,25,0
BLR,5,20210218,090500,20.8,20.8,20.8,20.8,150,0
BLR,5,20210218,091500,20.6,20.6,20.4,20.4,354,0
BLR,5,20210218,092000,20.4,20.4,20.4,20.4,50,0
BLR,5,20210218,092500,20.4,20.6,20.4,20.6,211,0
BLR,5,20210218,093500,20.6,20.6,20,20,4481,0
BLR,5,20210218,094000,20.4,21,20.4,21,1398,0
BLR,5,20210218,094500,20.8,21,20.8,21,621,0
BLR,5,20210218,095000,21,21,21,21,24,0
BLR,5,20210218,095500,20.8,20.8,20.6,20.6,125,0
BLR,5,20210218,100000,20.6,20.6,20.6,20.6,545,0
BLR,5,20210218,101000,20.4,20.4,20.4,20.4,430,0
BLR,5,20210218,101500,20.6,20.6,19.9,20.4,3152,0
BLR,5,20210218,103500,20,20.4,20,20.4,350,0
BLR,5,20210218,104000,20.4,20.4,19.9,19.9,1040,0
BLR,5,20210218,104500,19.9,19.9,19.9,19.9,67,0
BLR,5,20210218,105000,20.2,20.2,20.2,20.2,135,0
BLR,5,20210218,105500,20.2,20.2,20.2,20.2,150,0
BLR,5,20210218,110000,20.2,20.2,20.2,20.2,40,0
BLR,5,20210218,111000,20.2,20.2,20.2,20.2,49,0
BLR,5,20210218,111500,20.2,20.4,20.2,20.4,185,0
BLR,5,20210218,112000,20.4,20.4,20.4,20.4,119,0
BLR,5,20210218,112500,20.4,20.4,20.4,20.4,292,0
BLR,5,20210218,113000,20.4,20.4,19.9,19.9,501,0
BLR,5,20210218,113500,20.2,20.4,20.2,20.4,1700,0
BLR,5,20210218,114000,20.4,20.4,20.4,20.4,24,0
BLR,5,20210218,121500,20.4,20.4,20.4,20.4,100,0
BLR,5,20210218,122500,20.2,20.2,20.2,20.2,89,0
BLR,5,20210218,125500,20.2,20.4,20,20.4,2090,0
BLR,5,20210218,130000,20.4,20.4,20.4,20.4,120,0
BLR,5,20210218,130500,20.4,20.6,20.4,20.6,272,0
BLR,5,20210218,131000,20.4,20.4,20.4,20.4,200,0
BLR,5,20210218,132500,20.4,20.4,20.4,20.4,35,0
BLR,5,20210218,133000,20.2,20.2,20.2,20.2,529,0
BLR,5,20210218,133500,20.4,20.4,20.4,20.4,14,0
BLR,5,20210218,134000,20.2,20.2,20.2,20.2,297,0
BLR,5,20210218,134500,20,20,20,20,585,0
BLR,5,20210218,142500,20.4,20.4,20.4,20.4,2,0
BLR,5,20210218,150000,20.2,20.2,20.2,20.2,3,0
BLR,5,20210218,152000,20.4,20.4,20.4,20.4,100,0
BLR,5,20210218,155000,20.2,20.2,20.2,20.2,187,0
BLR,5,20210218,155500,20,20,20,20,146,0
BLR,5,20210218,161000,20.2,20.4,20.2,20.4,60,0
BLR,5,20210218,162000,20.2,20.2,20.2,20.2,300,0
BLR,5,20210218,162500,20.4,20.4,20.4,20.4,150,0
BLR,5,20210218,164500,20.2,20.4,20.2,20.4,45,0
BLR,5,20210219,090000,20.6,20.6,20.4,20.4,171,0
BLR,5,20210219,091000,20.2,20.4,20.2,20.4,139,0
BLR,5,20210219,092000,20.4,20.4,20.4,20.4,100,0
BLR,5,20210219,095000,20.2,20.2,20.2,20.2,230,0
BLR,5,20210219,100000,20.2,20.2,20.2,20.2,44,0
BLR,5,20210219,101500,20.2,20.2,20.2,20.2,50,0
BLR,5,20210219,104000,20.2,20.2,19.8,19.8,837,0
BLR,5,20210219,104500,19.8,20,19.8,20,490,0
BLR,5,20210219,105000,20,20,20,20,150,0
BLR,5,20210219,110000,19.8,19.8,19.8,19.8,50,0
BLR,5,20210219,110500,20.2,20.2,20,20,47,0
BLR,5,20210219,111000,20.2,20.2,20,20.2,589,0
BLR,5,20210219,111500,20.4,20.6,20.4,20.6,663,0
BLR,5,20210219,112000,20.2,20.6,20,20.6,2066,0
BLR,5,20210219,112500,20.2,20.2,20.2,20.2,50,0
BLR,5,20210219,113000,20.2,20.2,20.2,20.2,48,0
BLR,5,20210219,114000,20.2,20.2,20.2,20.2,30,0
BLR,5,20210219,115000,20.2,20.2,20.2,20.2,50,0
BLR,5,20210219,121000,20.4,20.4,20.4,20.4,299,0
BLR,5,20210219,121500,20.4,20.6,20.4,20.6,51,0
BLR,5,20210219,125000,20.6,20.6,20.6,20.6,100,0
BLR,5,20210219,131000,20.6,20.6,20.6,20.6,300,0
BLR,5,20210219,131500,20.6,20.6,20.6,20.6,51,0
BLR,5,20210219,134000,20.6,20.6,20.6,20.6,210,0
BLR,5,20210219,134500,20.6,20.6,20.6,20.6,51,0
BLR,5,20210219,140500,20.6,20.6,20.6,20.6,210,0
BLR,5,20210219,141500,20.6,20.6,20.6,20.6,290,0
BLR,5,20210219,154000,20.6,20.8,20.6,20.8,449,0
BLR,5,20210219,154500,20.8,21,20.8,21,3332,0
BLR,5,20210219,155000,21.2,21.2,21.2,21.2,215,0
BLR,5,20210219,155500,21.4,21.4,21.4,21.4,10,0
BLR,5,20210219,161000,21.4,21.4,21.4,21.4,215,0
BLR,5,20210219,161500,21.4,21.4,21.4,21.4,425,0
BLR,5,20210219,162000,21.2,21.2,21.2,21.2,80,0
BLR,5,20210219,162500,21.2,21.4,21.2,21.4,714,0
BLR,5,20210219,163000,21,21.2,21,21.2,312,0
BLR,5,20210219,163500,21.2,21.2,21.2,21.2,200,0
BLR,5,20210219,164000,20.8,20.8,20.6,20.6,76,0
BLR,5,20210219,164500,21.2,21.2,21.2,21.2,250,0
BLR,5,20210222,090000,21.4,21.4,21.4,21.4,150,0
BLR,5,20210222,090500,21.4,21.4,21.4,21.4,100,0
BLR,5,20210222,091000,21.4,21.4,21.2,21.2,65,0
BLR,5,20210222,091500,21,21.2,20.6,21.2,201,0
BLR,5,20210222,093000,21.2,21.2,21.2,21.2,200,0
BLR,5,20210222,093500,21.2,21.6,21.2,21.6,1000,0
BLR,5,20210222,094000,21.8,22,21.8,22,1100,0
BLR,5,20210222,094500,21.4,22,21.4,22,142,0
BLR,5,20210222,101000,21.6,21.6,21,21,134,0
BLR,5,20210222,102000,21.6,21.6,21.6,21.6,47,0
BLR,5,20210222,103500,21.2,21.6,21.2,21.6,5,0
BLR,5,20210222,104000,21,21.4,21,21.4,407,0
BLR,5,20210222,105500,21.4,21.6,21.4,21.6,470,0
BLR,5,20210222,112500,21.4,22,21.4,22,1065,0
BLR,5,20210222,113500,21.6,21.6,21.4,21.4,10,0
BLR,5,20210222,115000,21.4,21.4,21.4,21.4,280,0
BLR,5,20210222,123000,21.4,21.8,21.4,21.8,195,0
BLR,5,20210222,130000,21.2,21.2,21.2,21.2,79,0
BLR,5,20210222,133000,21.6,21.6,21.6,21.6,10,0
BLR,5,20210222,142000,21.2,21.2,21,21,751,0
BLR,5,20210222,142500,21,21,21,21,50,0
BLR,5,20210222,143000,21,21,21,21,37,0
BLR,5,20210222,145000,21.2,21.2,21.2,21.2,92,0
BLR,5,20210222,151500,21.2,21.2,21.2,21.2,70,0
BLR,5,20210222,153000,21,21,21,21,222,0
BLR,5,20210222,155000,20.8,20.8,20.6,20.6,267,0
BLR,5,20210222,155500,21,21,21,21,1,0
BLR,5,20210222,160000,21,21,21,21,52,0
BLR,5,20210222,161500,20.6,20.6,20.6,20.6,390,0
BLR,5,20210222,162000,20.8,20.8,20.8,20.8,150,0
BLR,5,20210222,162500,20.8,20.8,20.8,20.8,50,0
BLR,5,20210222,163500,20.6,20.6,20.4,20.4,606,0
BLR,5,20210223,090000,21,21,20.4,20.6,312,0
BLR,5,20210223,090500,20.6,20.6,20.6,20.6,15,0
BLR,5,20210223,091000,20.8,20.8,20.8,20.8,3,0
BLR,5,20210223,091500,20.8,20.8,20.8,20.8,110,0
BLR,5,20210223,092000,20.6,20.6,20.6,20.6,14,0
BLR,5,20210223,092500,20.6,20.8,20.4,20.8,526,0
BLR,5,20210223,093500,20.2,20.6,20.2,20.6,90,0
BLR,5,20210223,094000,20.6,20.6,20.6,20.6,25,0
BLR,5,20210223,094500,20.6,20.6,20.6,20.6,200,0
BLR,5,20210223,095000,20.6,20.8,20.6,20.8,197,0
BLR,5,20210223,101500,20.6,20.6,20.6,20.6,5,0
BLR,5,20210223,103000,20.6,20.6,20.6,20.6,25,0
BLR,5,20210223,103500,20.8,20.8,20.8,20.8,1,0
BLR,5,20210223,104000,20.4,20.4,20.4,20.4,75,0
BLR,5,20210223,105500,20.8,20.8,20.8,20.8,1,0
BLR,5,20210223,111000,20.4,20.4,20.4,20.4,150,0
BLR,5,20210223,125000,20.4,20.4,20.4,20.4,400,0
BLR,5,20210223,130500,20.6,20.8,20.6,20.8,231,0
BLR,5,20210223,134500,20.8,20.8,20.8,20.8,39,0
BLR,5,20210223,144500,20.4,20.4,20,20,470,0
BLR,5,20210223,145500,20.6,20.6,20.6,20.6,30,0
BLR,5,20210223,150000,20.8,20.8,20.8,20.8,65,0
BLR,5,20210223,151000,20.8,20.8,20.8,20.8,72,0
BLR,5,20210223,153000,20.2,20.2,20.2,20.2,72,0
BLR,5,20210223,153500,20.2,20.2,20.2,20.2,100,0
BLR,5,20210223,155500,20,20,19.8,19.8,3519,0
BLR,5,20210223,160000,19.8,20,19.6,20,287,0
BLR,5,20210223,160500,20.4,20.4,20.4,20.4,15,0
BLR,5,20210223,161500,20.2,20.2,20.2,20.2,100,0
BLR,5,20210223,162000,20.4,20.4,19.8,19.8,169,0
BLR,5,20210224,090500,20.2,20.2,19.6,20.2,1071,0
BLR,5,20210224,092500,20.2,20.4,20.2,20.4,101,0
BLR,5,20210224,093000,20.4,20.4,20.4,20.4,195,0
BLR,5,20210224,100500,20.4,20.4,20.4,20.4,100,0
BLR,5,20210224,103500,20.4,20.4,20.4,20.4,100,0
BLR,5,20210224,113000,20.4,20.4,19.9,19.9,62,0
BLR,5,20210224,114500,19.8,19.8,19.8,19.8,70,0
BLR,5,20210224,115500,20.2,20.2,20.2,20.2,62,0
BLR,5,20210224,120000,20.4,20.4,20.4,20.4,1,0
BLR,5,20210224,134500,20.4,20.4,20.4,20.4,200,0
BLR,5,20210224,145500,20.2,20.2,20.2,20.2,70,0
BLR,5,20210224,150000,20.2,20.2,20.2,20.2,310,0
BLR,5,20210224,151000,20.2,20.2,20.2,20.2,20,0
BLR,5,20210224,160500,20.2,20.2,20.2,20.2,170,0
BLR,5,20210224,161500,20.4,20.4,20.4,20.4,11,0
BLR,5,20210224,163000,20.4,20.4,20.4,20.4,97,0
BLR,5,20210224,164000,20.4,20.8,20.4,20.8,263,0
BLR,5,20210225,090000,20.6,20.6,20.6,20.6,100,0
BLR,5,20210225,090500,20.4,20.4,20.4,20.4,1,0
BLR,5,20210225,091000,20,20.6,19.9,20.6,88,0
BLR,5,20210225,094000,20.2,20.2,20.2,20.2,41,0
BLR,5,20210225,100000,20.4,20.4,20.4,20.4,1,0
BLR,5,20210225,101000,20.4,20.4,20.4,20.4,50,0
BLR,5,20210225,101500,20.4,20.8,20.4,20.8,1838,0
BLR,5,20210225,102000,21,21,21,21,1,0
BLR,5,20210225,104500,20.8,20.8,20.8,20.8,422,0
BLR,5,20210225,110000,20.6,20.6,20.6,20.6,1,0
BLR,5,20210225,111000,20.6,20.8,20.6,20.8,60,0
BLR,5,20210225,111500,20.8,20.8,20.8,20.8,211,0
BLR,5,20210225,112500,20.4,20.4,20.2,20.2,100,0
BLR,5,20210225,113000,20.8,20.8,20.8,20.8,5,0
BLR,5,20210225,115500,20.8,21,20.8,21,2651,0
BLR,5,20210225,120000,21,21,21,21,250,0
BLR,5,20210225,120500,21,21,21,21,1,0
BLR,5,20210225,122000,21,21,21,21,42,0
BLR,5,20210225,122500,21,21,21,21,57,0
BLR,5,20210225,123500,20.8,20.8,20.8,20.8,100,0
BLR,5,20210225,124000,21,21,21,21,1,0
BLR,5,20210225,124500,20.8,21,20.8,21,134,0
BLR,5,20210225,125500,20.8,21,20.8,20.8,436,0
BLR,5,20210225,134000,20.8,20.8,20.8,20.8,15,0
BLR,5,20210225,134500,21,21,21,21,1,0
BLR,5,20210225,135000,20.8,21,20.6,21,101,0
BLR,5,20210225,141000,20.8,20.8,20.6,20.6,462,0
BLR,5,20210225,151000,20.6,20.6,20.6,20.6,27,0
BLR,5,20210225,154500,20.6,20.6,20.6,20.6,73,0
BLR,5,20210225,155000,20.4,20.4,20.4,20.4,29,0
BLR,5,20210225,161000,20.2,20.2,20.2,20.2,60,0
BLR,5,20210225,163000,20.2,20.2,20.2,20.2,265,0
BLR,5,20210225,164000,20.2,20.2,20.2,20.2,50,0
BLR,5,20210225,164500,20.2,20.8,20.2,20.8,66,0
BLR,5,20210226,090000,20,20,19.8,19.8,1202,0
BLR,5,20210226,091500,20.2,20.2,20.2,20.2,1,0
BLR,5,20210226,095500,20,20,20,20,250,0
BLR,5,20210226,101000,20.2,20.2,20.2,20.2,216,0
BLR,5,20210226,105500,20.2,20.2,20.2,20.2,71,0
BLR,5,20210226,112500,20,20,20,20,10,0
BLR,5,20210226,114000,20,20,20,20,50,0
BLR,5,20210226,115500,20,20,20,20,50,0
BLR,5,20210226,123500,20,20,20,20,359,0
BLR,5,20210226,124000,20.2,20.4,20.2,20.4,3,0
BLR,5,20210226,140500,20.6,20.6,20.6,20.6,200,0
BLR,5,20210226,141500,20.2,20.2,20.2,20.2,226,0
BLR,5,20210226,145000,20.6,20.8,20.6,20.8,66,0
BLR,5,20210226,164000,20.4,20.4,20.2,20.2,65,0
BLR,5,20210301,090000,20.2,20.2,20,20,300,0
BLR,5,20210301,092500,20.4,20.4,20.4,20.4,30,0
BLR,5,20210301,102000,20.4,20.4,20.4,20.4,150,0
BLR,5,20210301,111500,20.2,20.2,20.2,20.2,12,0
BLR,5,20210301,132500,20.2,20.2,20.2,20.2,270,0
BLR,5,20210301,141000,20.4,20.4,20.4,20.4,1000,0
BLR,5,20210301,142500,20.2,20.2,20,20,100,0
BLR,5,20210301,150500,20,20,20,20,1,0
BLR,5,20210301,161500,20.2,20.2,20.2,20.2,55,0
BLR,5,20210301,162500,20.2,20.2,20.2,20.2,100,0
BLR,5,20210301,163000,20.2,20.2,20.2,20.2,100,0
BLR,5,20210301,164500,20.4,20.4,20.4,20.4,65,0
BLR,5,20210302,090000,20,20,20,20,100,0
BLR,5,20210302,092000,20.4,20.4,20.4,20.4,10,0
BLR,5,20210302,092500,20,20,20,20,60,0
BLR,5,20210302,093500,20.2,20.2,20.2,20.2,30,0
BLR,5,20210302,094500,20.2,20.2,20.2,20.2,422,0
BLR,5,20210302,100000,20.2,20.2,20.2,20.2,18,0
BLR,5,20210302,110000,20.4,20.4,20,20,105,0
BLR,5,20210302,111000,20,20,20,20,24,0
BLR,5,20210302,113000,20.2,20.2,20.2,20.2,85,0
BLR,5,20210302,115000,20.2,20.2,20.2,20.2,15,0
BLR,5,20210302,115500,20.2,20.2,20,20,1000,0
BLR,5,20210302,121500,20,20,19.9,19.9,300,0
BLR,5,20210302,130000,20.2,20.4,20.2,20.4,32,0
BLR,5,20210302,132000,19.9,19.9,19.9,19.9,483,0
BLR,5,20210302,132500,19.9,19.9,19.8,19.8,150,0
BLR,5,20210302,133500,19.8,19.8,19.8,19.8,1271,0
BLR,5,20210302,134500,19.7,19.7,19.7,19.7,230,0
BLR,5,20210302,140000,19.7,19.7,19.7,19.7,100,0
BLR,5,20210302,140500,20,20.2,19.5,19.5,2150,0
BLR,5,20210302,141000,19.6,20,19.5,20,1001,0
BLR,5,20210302,141500,20,20,20,20,60,0
BLR,5,20210302,151500,20,20,20,20,19,0
BLR,5,20210302,152000,20.2,20.2,20.2,20.2,150,0
BLR,5,20210302,154500,20,20,19.8,19.8,125,0
BLR,5,20210302,164000,19.8,19.8,19.8,19.8,100,0
BLR,5,20210302,164500,19.8,20,19.8,20,238,0
BLR,5,20210303,090000,19.9,19.9,19.9,19.9,100,0
BLR,5,20210303,091000,20.2,20.2,20.2,20.2,1,0
BLR,5,20210303,095000,19.9,19.9,19.8,19.8,300,0
BLR,5,20210303,095500,19.8,19.8,19.8,19.8,87,0
BLR,5,20210303,100000,20,20,19.8,19.8,110,0
BLR,5,20210303,101000,19.8,19.8,19.8,19.8,75,0
BLR,5,20210303,101500,20,20,20,20,100,0
BLR,5,20210303,104000,19.8,19.8,19.5,19.5,1230,0
BLR,5,20210303,110000,20,20,20,20,4,0
BLR,5,20210303,113500,19.6,19.6,19.6,19.6,141,0
BLR,5,20210303,120000,19.6,19.6,19.6,19.6,37,0
BLR,5,20210303,122000,20,20,19.5,19.5,340,0
BLR,5,20210303,130000,19.6,19.6,19.6,19.6,89,0
BLR,5,20210303,131500,19.6,19.6,19.1,19.1,3494,0
BLR,5,20210303,140000,19.5,19.7,19.5,19.7,118,0
BLR,5,20210303,140500,19.7,20,19.7,20,91,0
BLR,5,20210303,142000,19.9,19.9,19.9,19.9,10,0
BLR,5,20210303,144500,19.5,19.5,19.5,19.5,217,0
BLR,5,20210303,145500,19.5,19.5,19.5,19.5,75,0
BLR,5,20210303,160000,19.7,19.7,19.5,19.5,195,0
BLR,5,20210303,161000,19.7,19.7,19.7,19.7,10,0
BLR,5,20210303,163500,19.6,19.6,19.6,19.6,200,0
BLR,5,20210303,164500,19.5,19.7,19.5,19.7,462,0
BLR,5,20210304,090000,19.8,19.8,19.8,19.8,150,0
BLR,5,20210304,090500,19.5,19.5,19.5,19.5,1145,0
BLR,5,20210304,091500,19.5,19.6,19.5,19.6,120,0
BLR,5,20210304,092000,19.5,19.5,19.5,19.5,112,0
BLR,5,20210304,092500,19.5,19.6,19.2,19.2,821,0
BLR,5,20210304,093000,19.4,19.4,19.2,19.2,358,0
BLR,5,20210304,094000,19.3,19.3,19.1,19.1,958,0
BLR,5,20210304,094500,19.1,19.1,19.1,19.1,170,0
BLR,5,20210304,095500,19.3,19.3,19.2,19.2,200,0
BLR,5,20210304,100000,19.4,19.4,19.4,19.4,30,0
BLR,5,20210304,100500,19.4,19.4,19.4,19.4,183,0
BLR,5,20210304,111000,19.2,19.4,19.2,19.4,93,0
BLR,5,20210304,112000,19.2,19.2,19.2,19.2,235,0
BLR,5,20210304,120500,19.2,19.2,19.2,19.2,400,0
BLR,5,20210304,123500,19.2,19.2,19.1,19.1,100,0
BLR,5,20210304,125000,19.1,19.1,19,19,336,0
BLR,5,20210304,132500,19,19,19,19,340,0
BLR,5,20210304,133500,19,19,18.8,18.8,847,0
BLR,5,20210304,134000,18.8,19,18.8,19,53,0
BLR,5,20210304,134500,18.9,19.2,18.9,18.9,201,0
BLR,5,20210304,135000,18.9,19.2,18.9,19.2,274,0
BLR,5,20210304,135500,19,19.3,19,19.3,77,0
BLR,5,20210304,141000,19.3,19.3,19.3,19.3,52,0
BLR,5,20210304,142000,19.3,19.3,19.3,19.3,48,0
BLR,5,20210304,152500,19,19,19,19,100,0
BLR,5,20210304,155000,19.3,19.3,19.3,19.3,350,0
BLR,5,20210304,160000,19.3,19.3,19.3,19.3,256,0
BLR,5,20210304,162000,19.3,19.3,18.5,18.6,2761,0
BLR,5,20210304,162500,18.7,19.4,18.7,19.4,86,0
BLR,5,20210304,164500,19.3,19.3,19.3,19.3,100,0
BLR,5,20210305,090000,19.4,19.4,19.4,19.4,21,0
BLR,5,20210305,093000,19.1,19.1,19.1,19.1,72,0
BLR,5,20210305,093500,19,19,18.6,18.6,407,0
BLR,5,20210305,094000,18.7,19,18.6,19,71,0
BLR,5,20210305,095000,18.9,18.9,18.9,18.9,120,0
BLR,5,20210305,095500,19,19,19,19,408,0
BLR,5,20210305,101500,18.9,18.9,18.9,18.9,80,0
BLR,5,20210305,104500,18.7,18.7,18.6,18.6,250,0
BLR,5,20210305,114500,18.7,18.7,18.7,18.7,120,0
BLR,5,20210305,115500,18.9,18.9,18.9,18.9,27,0
BLR,5,20210305,121500,18.9,18.9,18.9,18.9,173,0
BLR,5,20210305,123000,18.9,18.9,18.9,18.9,718,0
BLR,5,20210305,123500,18.8,18.8,18.7,18.7,200,0
BLR,5,20210305,132500,18.9,18.9,18.9,18.9,38,0
BLR,5,20210305,133500,18.9,18.9,18.9,18.9,54,0
BLR,5,20210305,143000,18.8,18.8,18.7,18.7,201,0
BLR,5,20210305,144500,18.8,18.8,18.8,18.8,42,0
BLR,5,20210305,145500,18.8,18.8,18.8,18.8,28,0
BLR,5,20210305,150500,18.9,18.9,18.9,18.9,8,0
BLR,5,20210305,154000,19,19,19,19,50,0
BLR,5,20210305,154500,19.1,19.1,19.1,19.1,132,0
BLR,5,20210305,155000,19.1,19.1,19.1,19.1,18,0
BLR,5,20210305,164000,19,19.1,19,19.1,37,0
BLR,5,20210305,164500,18.9,18.9,18.9,18.9,509,0
BLR,5,20210308,090000,19.1,19.1,19.1,19.1,48,0
BLR,5,20210308,092500,19.1,19.1,19.1,19.1,200,0
BLR,5,20210308,093000,19.1,19.1,18.7,18.7,300,0
BLR,5,20210308,093500,18.7,18.7,18.7,18.7,21,0
BLR,5,20210308,100000,18.8,18.8,18.8,18.8,6,0
BLR,5,20210308,100500,18.8,18.8,18.7,18.7,400,0
BLR,5,20210308,101500,18.7,18.7,18.7,18.7,95,0
BLR,5,20210308,111000,19,19,19,19,150,0
BLR,5,20210308,111500,19.1,19.1,19.1,19.1,107,0
BLR,5,20210308,112000,18.9,18.9,18.8,18.8,607,0
BLR,5,20210308,112500,18.9,18.9,18.9,18.9,100,0
BLR,5,20210308,130000,19.1,19.1,19.1,19.1,27,0
BLR,5,20210308,133000,19.1,19.1,19.1,19.1,50,0
BLR,5,20210308,144000,18.8,18.8,18.8,18.8,140,0
BLR,5,20210308,144500,18.8,18.8,18.8,18.8,100,0
BLR,5,20210308,152500,18.8,18.8,18.7,18.7,417,0
BLR,5,20210308,164500,19,19,19,19,1,0
BLR,5,20210309,090000,19.1,19.1,18.8,18.8,121,0
BLR,5,20210309,091000,19.1,19.2,19.1,19.2,32,0
BLR,5,20210309,092500,19.1,19.1,19.1,19.1,148,0
BLR,5,20210309,095000,18.9,18.9,18.8,18.8,249,0
BLR,5,20210309,100500,19.2,19.2,19.2,19.2,51,0
BLR,5,20210309,104000,19,19,19,19,100,0
BLR,5,20210309,114000,19,19,19,19,100,0
BLR,5,20210309,114500,19,19,19,19,155,0
BLR,5,20210309,115500,19,19,19,19,40,0
BLR,5,20210309,120000,19,19,19,19,4,0
BLR,5,20210309,122500,19,19,19,19,10,0
BLR,5,20210309,124000,19,19,19,19,27,0
BLR,5,20210309,125500,19,19.2,19,19.2,60,0
BLR,5,20210309,133000,18.9,18.9,18.9,18.9,50,0
BLR,5,20210309,152000,19,19,18.8,18.8,398,0
BLR,5,20210309,165500,19,19,19,19,10,0
BLR,5,20210310,090000,18.9,18.9,18.8,18.8,78,0
BLR,5,20210310,090500,18.8,18.8,18.8,18.8,40,0
BLR,5,20210310,092500,18.8,18.8,18.8,18.8,132,0
BLR,5,20210310,093000,18.8,18.9,18.8,18.9,61,0
BLR,5,20210310,094500,18.8,18.8,18.8,18.8,30,0
BLR,5,20210310,095000,18.9,18.9,18.9,18.9,52,0
BLR,5,20210310,101500,19,19,18.9,18.9,865,0
BLR,5,20210310,102000,19,19,19,19,88,0
BLR,5,20210310,103500,18.8,18.8,18.8,18.8,190,0
BLR,5,20210310,112500,19,19,18.8,18.8,346,0
BLR,5,20210310,115000,18.8,18.8,18.6,18.6,2795,0
BLR,5,20210310,120000,19.2,19.5,19.2,19.5,523,0
BLR,5,20210310,121500,19.4,19.4,19.4,19.4,37,0
BLR,5,20210310,122000,19.1,19.1,19.1,19.1,30,0
BLR,5,20210310,122500,19,19,18.9,18.9,76,0
BLR,5,20210310,123500,18.9,19.7,18.8,19.7,1218,0
BLR,5,20210310,124500,19.5,19.5,19.5,19.5,180,0
BLR,5,20210310,125000,19.5,19.8,19.5,19.7,500,0
BLR,5,20210310,130500,19.8,19.8,19.8,19.8,30,0
BLR,5,20210310,131000,19.5,19.5,19.3,19.3,330,0
BLR,5,20210310,131500,19.7,19.8,19.7,19.8,31,0
BLR,5,20210310,132500,19.5,19.5,19.5,19.5,160,0
BLR,5,20210310,133000,19.8,19.8,19.8,19.8,300,0
BLR,5,20210310,135000,19.8,20,19.8,20,1500,0
BLR,5,20210310,140000,20,20,20,20,380,0
BLR,5,20210310,140500,19.8,19.8,19.8,19.8,287,0
BLR,5,20210310,141000,19.9,19.9,19.9,19.9,30,0
BLR,5,20210310,141500,19.9,20,19.9,20,351,0
BLR,5,20210310,142000,20.2,20.2,20.2,20.2,10,0
BLR,5,20210310,142500,20.2,20.2,20,20,359,0
BLR,5,20210310,143000,20,20,20,20,186,0
BLR,5,20210310,143500,20,20,20,20,914,0
BLR,5,20210310,144000,20,20.2,20,20.2,291,0
BLR,5,20210310,144500,20.2,20.2,20,20,344,0
BLR,5,20210310,145000,20.2,20.2,20.2,20.2,550,0
BLR,5,20210310,150500,20.2,20.2,20.2,20.2,14,0
BLR,5,20210310,151500,20,20,20,20,280,0
BLR,5,20210310,153500,19.5,19.5,19.5,19.5,100,0
BLR,5,20210310,155500,20,20,19.6,19.6,85,0
BLR,5,20210310,161500,20,20,20,20,785,0
BLR,5,20210310,162000,19.6,19.6,19.6,19.6,500,0
BLR,5,20210310,162500,19.6,20,19.6,20,165,0
BLR,5,20210310,163500,20,20,20,20,100,0
BLR,5,20210311,090000,20,20,19.5,19.5,280,0
BLR,5,20210311,090500,19.9,19.9,19.9,19.9,100,0
BLR,5,20210311,091000,19.9,19.9,19.9,19.9,51,0
BLR,5,20210311,091500,19.9,19.9,19.9,19.9,287,0
BLR,5,20210311,092000,19.9,19.9,19.9,19.9,113,0
BLR,5,20210311,092500,19.9,20,19.9,20,169,0
BLR,5,20210311,093000,20,20.2,19.7,20.2,676,0
BLR,5,20210311,093500,20,20.2,20,20.2,263,0
BLR,5,20210311,094000,19.8,19.8,19.8,19.8,80,0
BLR,5,20210311,095500,20,20.2,20,20.2,3150,0
BLR,5,20210311,100000,20.2,20.2,20.2,20.2,100,0
BLR,5,20210311,101000,20.2,20.2,19.8,19.8,232,0
BLR,5,20210311,102000,20.2,20.2,20,20.2,196,0
BLR,5,20210311,102500,20,20,20,20,101,0
BLR,5,20210311,104000,20,20,20,20,161,0
BLR,5,20210311,104500,19.8,19.8,19.8,19.8,216,0
BLR,5,20210311,112000,20,20,20,20,25,0
BLR,5,20210311,113500,20,20,20,20,296,0
BLR,5,20210311,114000,20,20,20,20,170,0
BLR,5,20210311,114500,20,20.2,20,20.2,51,0
BLR,5,20210311,115000,20.2,20.2,20.2,20.2,853,0
BLR,5,20210311,120000,20.2,20.2,20.2,20.2,100,0
BLR,5,20210311,131500,20,20,20,20,329,0
BLR,5,20210311,132000,20,20,19.8,19.8,70,0
BLR,5,20210311,153000,19.9,19.9,19.9,19.9,50,0
BLR,5,20210311,154000,19.9,19.9,19.9,19.9,350,0
BLR,5,20210311,155500,19.8,19.8,19.8,19.8,243,0
BLR,5,20210311,160000,20,20.2,20,20.2,55,0
BLR,5,20210311,160500,20.2,20.2,20.2,20.2,25,0
BLR,5,20210312,093000,19.6,19.6,19.6,19.6,25,0
BLR,5,20210312,094000,19.8,19.8,19.8,19.8,320,0
BLR,5,20210312,094500,19.8,19.8,19.8,19.8,100,0
BLR,5,20210312,095000,19.8,19.8,19.8,19.8,680,0
BLR,5,20210312,101500,19.7,19.7,19.6,19.6,210,0
BLR,5,20210312,103000,19.9,19.9,19.9,19.9,100,0
BLR,5,20210312,105500,19.9,19.9,19.9,19.9,100,0
BLR,5,20210312,110500,19.9,19.9,19.9,19.9,27,0
BLR,5,20210312,111000,20,20,20,20,2,0
BLR,5,20210312,112000,20,20.2,20,20,1100,0
BLR,5,20210312,114500,20.2,20.2,20.2,20.2,100,0
BLR,5,20210312,115000,19.9,19.9,19.9,19.9,65,0
BLR,5,20210312,115500,20.2,20.6,20.2,20.6,3316,0
BLR,5,20210312,120000,20.8,21.2,20.8,20.8,3338,0
BLR,5,20210312,120500,21,21.2,21,21.2,2758,0
BLR,5,20210312,121000,21,21,20.8,20.8,1019,0
BLR,5,20210312,121500,21,21.4,21,21.4,548,0
BLR,5,20210312,122000,21.2,21.2,21,21,96,0
BLR,5,20210312,123000,21,21,21,21,20,0
BLR,5,20210312,123500,21,21,21,21,1094,0
BLR,5,20210312,124000,20.8,20.8,20.8,20.8,10,0
BLR,5,20210312,124500,20.8,20.8,20.8,20.8,200,0
BLR,5,20210312,125000,20.8,20.8,20.4,20.4,25,0
BLR,5,20210312,125500,20.6,20.6,20.6,20.6,60,0
BLR,5,20210312,130000,20.6,20.6,20.2,20.2,696,0
BLR,5,20210312,133000,20.6,20.6,20.6,20.6,299,0
BLR,5,20210312,133500,20.8,20.8,20.8,20.8,160,0
BLR,5,20210312,134000,21,21,21,21,380,0
BLR,5,20210312,135000,20.8,20.8,20.8,20.8,120,0
BLR,5,20210312,140000,20.8,20.8,20.8,20.8,20,0
BLR,5,20210312,141000,20.8,20.8,20.8,20.8,55,0
BLR,5,20210312,142000,20.8,20.8,20.8,20.8,105,0
BLR,5,20210312,144000,20.8,20.8,20.8,20.8,125,0
BLR,5,20210312,144500,20.8,20.8,20.8,20.8,22,0
BLR,5,20210312,145000,20.8,20.8,20.8,20.8,500,0
BLR,5,20210312,150000,20.8,20.8,20.8,20.8,62,0
BLR,5,20210312,151000,20.6,20.6,20.6,20.6,180,0
BLR,5,20210312,152500,20.8,21.2,20.8,21.2,3466,0
BLR,5,20210312,153500,21.4,21.4,21.2,21.4,763,0
BLR,5,20210312,154000,21.6,21.6,21.4,21.6,410,0
BLR,5,20210312,154500,21.4,21.4,21.4,21.4,192,0
BLR,5,20210312,155500,21.4,21.4,21.4,21.4,200,0
BLR,5,20210312,160000,21.4,21.6,21.4,21.6,201,0
BLR,5,20210312,160500,21.6,21.6,21,21,557,0
BLR,5,20210312,161000,21,21.6,21,21.6,602,0
BLR,5,20210312,161500,21.4,21.4,21.4,21.4,400,0
BLR,5,20210312,162000,21.4,21.6,21.4,21.6,27,0
BLR,5,20210312,162500,21.4,21.4,21.4,21.4,150,0
BLR,5,20210312,163500,21,21,21,21,240,0
BLR,5,20210312,164000,21,21,20.6,20.6,346,0
BLR,5,20210312,164500,21,21,20.8,20.8,480,0
BLR,5,20210315,090000,21.6,21.6,21.4,21.4,465,0
BLR,5,20210315,090500,21.4,21.6,21.2,21.2,2187,0
BLR,5,20210315,091000,20.8,20.8,20.8,20.8,85,0
BLR,5,20210315,091500,21.6,21.6,21.6,21.6,400,0
BLR,5,20210315,092000,21.6,21.6,21.6,21.6,277,0
BLR,5,20210315,092500,21.6,21.6,21.6,21.6,100,0
BLR,5,20210315,093500,21.2,21.2,21.2,21.2,585,0
BLR,5,20210315,094000,21.4,21.6,21.4,21.6,309,0
BLR,5,20210315,095500,21.2,21.2,21.2,21.2,180,0
BLR,5,20210315,100000,21.4,21.4,21.4,21.4,100,0
BLR,5,20210315,100500,21,21,20.8,20.8,480,0
BLR,5,20210315,101000,21,21,21,21,500,0
BLR,5,20210315,101500,21,21.4,21,21.4,442,0
BLR,5,20210315,103500,21.4,21.4,21.4,21.4,24,0
BLR,5,20210315,110000,21.4,21.4,21.4,21.4,22,0
BLR,5,20210315,111000,21.4,21.4,21.4,21.4,42,0
BLR,5,20210315,111500,21.4,21.4,21.4,21.4,100,0
BLR,5,20210315,112500,21.4,21.4,21.4,21.4,428,0
BLR,5,20210315,113500,21,21,21,21,23,0
BLR,5,20210315,114000,21.2,21.2,21.2,21.2,23,0
BLR,5,20210315,114500,21.4,21.4,21.4,21.4,10,0
BLR,5,20210315,120000,21.2,21.2,21.2,21.2,80,0
BLR,5,20210315,121000,21.2,21.2,21.2,21.2,230,0
BLR,5,20210315,122000,21.4,21.6,21.4,21.6,750,0
BLR,5,20210315,124500,21.4,21.4,21.4,21.4,75,0
BLR,5,20210315,125500,21.4,21.4,21.4,21.4,25,0
BLR,5,20210315,130000,21.4,21.4,21.4,21.4,75,0
BLR,5,20210315,130500,21.4,21.4,21.4,21.4,95,0
BLR,5,20210315,132000,21.4,21.4,21.4,21.4,330,0
BLR,5,20210315,135000,21.6,21.6,21.2,21.2,421,0
BLR,5,20210315,135500,21.2,21.4,21.2,21.4,530,0
BLR,5,20210315,141000,21.4,21.4,21.4,21.4,30,0
BLR,5,20210315,142500,21.4,21.4,21.4,21.4,200,0
BLR,5,20210315,143000,21.6,21.6,21.6,21.6,133,0
BLR,5,20210315,144500,21.4,21.4,21.2,21.2,50,0
BLR,5,20210315,145000,21.2,21.2,21.2,21.2,95,0
BLR,5,20210315,145500,21.6,21.6,21.2,21.2,26,0
BLR,5,20210315,151000,21.6,21.6,21.6,21.6,5,0
BLR,5,20210315,152500,21.2,21.2,21.2,21.2,56,0
BLR,5,20210315,153500,21.2,21.2,21,21,870,0
BLR,5,20210315,154000,21.4,21.4,21.4,21.4,205,0
BLR,5,20210315,155000,21.6,21.6,21.6,21.6,100,0
BLR,5,20210315,155500,21.6,21.6,21.6,21.6,460,0
BLR,5,20210315,160000,21.6,21.6,21.6,21.6,600,0
BLR,5,20210315,160500,21.6,21.8,21.6,21.8,190,0
BLR,5,20210315,161000,21.8,21.8,21.8,21.8,342,0
BLR,5,20210315,161500,21.8,21.8,21.8,21.8,243,0
BLR,5,20210315,162000,22,22,22,22,1042,0
BLR,5,20210315,162500,21.4,21.4,21.4,21.4,230,0
BLR,5,20210315,163000,21.8,21.8,21.8,21.8,1,0
BLR,5,20210315,163500,21.8,22.2,21.8,22,2615,0
BLR,5,20210315,164000,22,22.2,22,22.2,385,0
BLR,5,20210315,164500,22.2,22.4,22,22.4,2569,0
BLR,5,20210316,090000,22.4,22.4,22.4,22.4,500,0
BLR,5,20210316,090500,22.4,22.4,22.2,22.2,16,0
BLR,5,20210316,091000,22.4,22.8,22.4,22.8,435,0
BLR,5,20210316,091500,22.8,23,22.8,23,461,0
BLR,5,20210316,092000,23.2,23.8,23.2,23.8,1847,0
BLR,5,20210316,092500,23.6,23.6,23.2,23.2,955,0
BLR,5,20210316,093000,23.4,23.4,23.4,23.4,176,0
BLR,5,20210316,093500,23.4,23.4,23.4,23.4,66,0
BLR,5,20210316,094000,23.4,23.4,19,22.6,2995,0
BLR,5,20210316,094500,22.2,22.2,22.2,22.2,300,0
BLR,5,20210316,095000,21.6,21.8,21.6,21.8,180,0
BLR,5,20210316,095500,21.8,22,21.8,22,371,0
BLR,5,20210316,100000,22,22,22,22,164,0
BLR,5,20210316,100500,22,22,22,22,160,0
BLR,5,20210316,101500,22.2,22.4,22.2,22.4,143,0
BLR,5,20210316,102500,22.4,22.4,22.4,22.4,150,0
BLR,5,20210316,103000,22.2,22.8,22.2,22.8,141,0
BLR,5,20210316,104000,22.8,22.8,22.8,22.8,1,0
BLR,5,20210316,105000,22.4,22.4,22.4,22.4,30,0
BLR,5,20210316,105500,22.4,22.8,22.2,22.6,322,0
BLR,5,20210316,110000,22.2,22.2,22.2,22.2,100,0
BLR,5,20210316,110500,22.2,22.2,22.2,22.2,100,0
BLR,5,20210316,112500,22.6,22.8,22.6,22.8,120,0
BLR,5,20210316,113500,22.8,22.8,22.8,22.8,100,0
BLR,5,20210316,114000,22.8,23,22.8,23,440,0
BLR,5,20210316,121000,22.8,22.8,22.8,22.8,200,0
BLR,5,20210316,122000,22.2,22.2,22.2,22.2,100,0
BLR,5,20210316,122500,22.2,22.2,22.2,22.2,96,0
BLR,5,20210316,132500,22.2,22.2,22.2,22.2,56,0
BLR,5,20210316,133000,22,22,22,22,156,0
BLR,5,20210316,134000,22,22.8,22,22.8,497,0
BLR,5,20210316,134500,22.2,22.8,22.2,22.8,33,0
BLR,5,20210316,135500,22.2,22.2,22.2,22.2,20,0
BLR,5,20210316,140000,22.8,22.8,22.8,22.8,20,0
BLR,5,20210316,140500,22.6,22.6,22.6,22.6,30,0
BLR,5,20210316,141000,22.6,22.6,22,22,150,0
BLR,5,20210316,143000,22.6,22.8,22.6,22.8,95,0
BLR,5,20210316,144500,22.8,22.8,22.8,22.8,134,0
BLR,5,20210316,151500,22.2,22.2,22.2,22.2,50,0
BLR,5,20210316,153000,22.6,22.8,22.6,22.8,1051,0
BLR,5,20210316,153500,22.8,22.8,22.8,22.8,28,0
BLR,5,20210316,154000,22.8,22.8,22.8,22.8,86,0
BLR,5,20210316,160000,22.6,22.8,22.6,22.8,100,0
BLR,5,20210316,160500,22.2,22.2,22.2,22.2,100,0
BLR,5,20210316,161000,22.6,22.6,22,22,246,0
BLR,5,20210316,161500,22.6,22.6,22,22,99,0
BLR,5,20210316,163500,22.4,22.6,22.4,22.6,100,0
BLR,5,20210316,164000,22.6,22.6,22.6,22.6,50,0
BLR,5,20210316,164500,22.6,22.6,22.6,22.6,157,0
BLR,5,20210317,090000,23,23,22.8,22.8,550,0
BLR,5,20210317,090500,22.8,22.8,22.8,22.8,100,0
BLR,5,20210317,091000,22.6,22.6,22.6,22.6,60,0
BLR,5,20210317,091500,22.8,22.8,22.8,22.8,180,0
BLR,5,20210317,092000,22.8,22.8,22.8,22.8,70,0
BLR,5,20210317,092500,22.6,22.6,22.6,22.6,300,0
BLR,5,20210317,093000,22.4,22.4,22.4,22.4,32,0
BLR,5,20210317,094000,22.4,22.4,22.4,22.4,135,0
BLR,5,20210317,095500,22.4,22.4,21.6,21.6,1197,0
BLR,5,20210317,100000,21.6,22.2,21.6,22.2,156,0
BLR,5,20210317,100500,21.8,21.8,21.8,21.8,100,0
BLR,5,20210317,101000,21.6,21.6,21.6,21.6,1,0
BLR,5,20210317,101500,22,22,21.8,22,400,0
BLR,5,20210317,102000,21.6,21.6,21.6,21.6,200,0
BLR,5,20210317,102500,22,22,22,22,1,0
BLR,5,20210317,104000,22,22,22,22,140,0
BLR,5,20210317,104500,22,22,21.8,21.8,230,0
BLR,5,20210317,105000,22,22.4,22,22.4,260,0
BLR,5,20210317,105500,22,22,22,22,200,0
BLR,5,20210317,110000,22.4,22.4,22.4,22.4,1,0
BLR,5,20210317,111500,22,22,22,22,30,0
BLR,5,20210317,112000,21.8,21.8,21.8,21.8,100,0
BLR,5,20210317,114500,21.6,21.8,21.6,21.8,270,0
BLR,5,20210317,115000,21.8,21.8,21.8,21.8,199,0
BLR,5,20210317,120000,21.4,21.4,21.4,21.4,291,0
BLR,5,20210317,120500,21.4,21.6,21.2,21.6,1142,0
BLR,5,20210317,121000,21.6,21.8,21.6,21.8,216,0
BLR,5,20210317,121500,21.8,22.4,21.8,22.4,788,0
BLR,5,20210317,122000,22.2,22.4,22.2,22.4,393,0
BLR,5,20210317,123500,22.4,22.4,22.4,22.4,300,0
BLR,5,20210317,124000,22.4,23,22.4,23,2350,0
BLR,5,20210317,125000,22.6,22.6,22.6,22.6,100,0
BLR,5,20210317,130000,22,22,22,22,85,0
BLR,5,20210317,130500,22.6,22.6,22.6,22.6,1,0
BLR,5,20210317,131000,22.6,22.6,22.6,22.6,24,0
BLR,5,20210317,134000,22,22,22,22,75,0
BLR,5,20210317,135000,22,22,22,22,1,0
BLR,5,20210317,135500,22,22,22,22,116,0
BLR,5,20210317,140000,21.8,21.8,21.2,21.2,684,0
BLR,5,20210317,141000,22,22,22,22,200,0
BLR,5,20210317,142500,21.4,21.4,21.4,21.4,49,0
BLR,5,20210317,143000,21.6,21.6,21.6,21.6,150,0
BLR,5,20210317,143500,21.6,21.6,21.6,21.6,34,0
BLR,5,20210317,144500,22,22,22,22,1,0
BLR,5,20210317,150500,21.6,21.6,21.6,21.6,116,0
BLR,5,20210317,151000,21.4,21.4,21.2,21.2,232,0
BLR,5,20210317,152500,22,22,22,22,20,0
BLR,5,20210317,153000,21.8,21.8,21.8,21.8,500,0
BLR,5,20210317,154500,22,22.4,22,22.4,335,0
BLR,5,20210317,155000,21.6,22.2,21.6,22.2,367,0
BLR,5,20210317,155500,22,22.2,22,22.2,59,0
BLR,5,20210317,160000,22.4,22.8,22.4,22.8,298,0
BLR,5,20210317,160500,22.6,22.6,22.6,22.6,40,0
BLR,5,20210317,161000,22.8,22.8,22,22.8,131,0
BLR,5,20210317,161500,22.6,22.6,22.6,22.6,110,0
BLR,5,20210317,162000,22.6,22.6,22.6,22.6,23,0
BLR,5,20210317,165500,22.8,22.8,22.8,22.8,299,0
BLR,5,20210318,090000,22.8,22.8,22.8,22.8,400,0
BLR,5,20210318,093000,22.6,22.6,22.6,22.6,50,0
BLR,5,20210318,093500,22.6,22.6,22.6,22.6,200,0
BLR,5,20210318,094000,22.6,22.6,22.6,22.6,350,0
BLR,5,20210318,095000,22.2,22.2,22,22,610,0
BLR,5,20210318,100500,22,22,22,22,113,0
BLR,5,20210318,101000,22,22,22,22,10,0
BLR,5,20210318,101500,21.8,21.8,21.8,21.8,25,0
BLR,5,20210318,103000,22,22,22,22,99,0
BLR,5,20210318,103500,22.2,22.4,22.2,22.4,50,0
BLR,5,20210318,111000,22.4,22.6,22.2,22.6,279,0
BLR,5,20210318,111500,22.6,22.6,22.6,22.6,450,0
BLR,5,20210318,112500,22.6,22.6,22.6,22.6,80,0
BLR,5,20210318,113500,22.4,22.4,22.4,22.4,30,0
BLR,5,20210318,120000,22.4,22.4,22.4,22.4,21,0
BLR,5,20210318,123500,22.6,22.6,22.6,22.6,266,0
BLR,5,20210318,124500,22.6,22.6,22.6,22.6,105,0
BLR,5,20210318,125500,22.6,22.6,22.6,22.6,124,0
BLR,5,20210318,130000,22.4,22.4,22.4,22.4,409,0
BLR,5,20210318,131000,22.6,22.6,22.6,22.6,10,0
BLR,5,20210318,132500,22.6,22.6,22.6,22.6,10,0
BLR,5,20210318,133500,22.2,22.2,22.2,22.2,151,0
BLR,5,20210318,135000,22.4,22.4,22.4,22.4,22,0
BLR,5,20210318,135500,22.2,22.2,22.2,22.2,38,0
BLR,5,20210318,141000,22.4,22.4,22.4,22.4,108,0
BLR,5,20210318,150000,22.4,22.4,22.4,22.4,780,0
BLR,5,20210318,153000,22.6,22.6,22.2,22.2,3,0
BLR,5,20210318,153500,22,22,22,22,59,0
BLR,5,20210318,160500,22.4,22.6,22.4,22.6,31,0
BLR,5,20210318,163500,22.6,22.6,22,22,431,0
BLR,5,20210318,164500,22.6,22.6,22.6,22.6,2,0
BLR,5,20210319,090000,22.6,22.6,22.6,22.6,44,0
BLR,5,20210319,092500,22,22,22,22,25,0
BLR,5,20210319,093000,22,22,22,22,20,0
BLR,5,20210319,093500,21.8,21.8,21.8,21.8,1,0
BLR,5,20210319,094000,22.4,22.4,22.4,22.4,328,0
BLR,5,20210319,100000,22.4,22.4,22.4,22.4,84,0
BLR,5,20210319,100500,22.2,22.4,22.2,22.4,250,0
BLR,5,20210319,101000,22.4,22.6,22.4,22.6,37,0
BLR,5,20210319,101500,22,22,22,22,75,0
BLR,5,20210319,102000,22,22.6,22,22.6,26,0
BLR,5,20210319,102500,22.6,22.6,22.6,22.6,65,0
BLR,5,20210319,110500,22.4,22.6,22.4,22.6,200,0
BLR,5,20210319,111500,22.6,22.6,22.6,22.6,34,0
BLR,5,20210319,113500,22.6,22.8,22.6,22.8,152,0
BLR,5,20210319,114000,22.6,22.8,22.6,22.8,950,0
BLR,5,20210319,120000,22.8,22.8,22.8,22.8,50,0
BLR,5,20210319,121500,22.6,22.6,22.6,22.6,20,0
BLR,5,20210319,123000,22.6,22.6,22.6,22.6,80,0
BLR,5,20210319,124000,22.4,22.4,22.2,22.2,85,0
BLR,5,20210319,125000,22.6,22.6,22.6,22.6,65,0
BLR,5,20210319,131000,22.6,22.8,22.6,22.8,41,0
BLR,5,20210319,133000,22.4,22.4,22.4,22.4,55,0
BLR,5,20210319,134000,22.2,22.2,22,22,500,0
BLR,5,20210319,134500,22.6,22.6,22.6,22.6,10,0
BLR,5,20210319,142500,22.4,22.4,22.4,22.4,225,0
BLR,5,20210319,143500,22.4,22.4,22.4,22.4,100,0
BLR,5,20210319,145500,22.2,22.2,22.2,22.2,101,0
BLR,5,20210319,153500,22,22,22,22,374,0
BLR,5,20210319,161000,22.4,22.4,22.4,22.4,30,0
BLR,5,20210319,162000,22.4,22.4,22.4,22.4,94,0
BLR,5,20210319,162500,22.8,22.8,22.8,22.8,1,0
BLR,5,20210319,164500,22.8,22.8,22.8,22.8,150,0
BLR,5,20210322,090000,22.8,22.8,22.8,22.8,95,0
BLR,5,20210322,090500,22,22,21.6,21.6,449,0
BLR,5,20210322,091000,22.4,22.8,22.4,22.8,656,0
BLR,5,20210322,092000,22.8,22.8,22.8,22.8,195,0
BLR,5,20210322,094000,23,23,23,23,1127,0
BLR,5,20210322,094500,23.2,23.4,23.2,23.4,1580,0
BLR,5,20210322,095000,23.4,23.4,22.8,22.8,410,0
BLR,5,20210322,095500,22.6,22.6,22.6,22.6,130,0
BLR,5,20210322,100000,22.6,22.8,22.6,22.8,200,0
BLR,5,20210322,101000,22.8,22.8,22.8,22.8,7,0
BLR,5,20210322,101500,22.8,22.8,22.8,22.8,11,0
BLR,5,20210322,102000,22.8,22.8,22.8,22.8,9,0
BLR,5,20210322,104500,23,23,23,23,154,0
BLR,5,20210322,110000,22.8,22.8,22.8,22.8,25,0
BLR,5,20210322,110500,22.6,22.6,22.6,22.6,75,0
BLR,5,20210322,112500,22.4,22.4,22.4,22.4,91,0
BLR,5,20210322,113500,22.8,22.8,22.8,22.8,100,0
BLR,5,20210322,114000,22.8,22.8,22.8,22.8,66,0
BLR,5,20210322,114500,22.8,23,22.8,23,90,0
BLR,5,20210322,115000,23,23.2,23,23.2,108,0
BLR,5,20210322,122000,23,23,23,23,60,0
BLR,5,20210322,122500,23,23,23,23,240,0
BLR,5,20210322,123000,23.2,23.2,23.2,23.2,110,0
BLR,5,20210322,131000,22.8,22.8,22.8,22.8,30,0
BLR,5,20210322,133000,22.6,22.6,22,22,438,0
BLR,5,20210322,135000,22.8,23,22.8,23,31,0
BLR,5,20210322,141500,22.4,22.8,22.4,22.8,103,0
BLR,5,20210322,151500,22.6,23,22.6,23,221,0
BLR,5,20210322,153500,22.8,22.8,22.8,22.8,145,0
BLR,5,20210322,155000,22.8,22.8,22.8,22.8,15,0
BLR,5,20210322,164500,22.4,22.8,22.4,22.8,220,0
BLR,5,20210323,090000,23,23.2,23,23,334,0
BLR,5,20210323,090500,23,23,23,23,286,0
BLR,5,20210323,091000,23,23,23,23,74,0
BLR,5,20210323,092000,23.2,23.2,23.2,23.2,10,0
BLR,5,20210323,092500,23.2,23.2,23,23,100,0
BLR,5,20210323,093500,23,23,23,23,17,0
BLR,5,20210323,094000,23,23.2,23,23,131,0
BLR,5,20210323,094500,23,23,23,23,6,0
BLR,5,20210323,095000,23,23.2,23,23.2,25,0
BLR,5,20210323,095500,22.8,23,22.8,23,1500,0
BLR,5,20210323,100000,23.2,23.2,23.2,23.2,650,0
BLR,5,20210323,100500,23.2,23.2,23,23,315,0
BLR,5,20210323,102000,23.2,23.4,23.2,23.4,270,0
BLR,5,20210323,102500,23.2,23.2,23.2,23.2,15,0
BLR,5,20210323,103000,23.2,23.4,23.2,23.4,77,0
BLR,5,20210323,104000,23.2,23.4,23,23.4,468,0
BLR,5,20210323,104500,23,23.2,23,23.2,500,0
BLR,5,20210323,105000,23.2,23.2,23.2,23.2,20,0
BLR,5,20210323,105500,23.2,23.4,23.2,23.4,1307,0
BLR,5,20210323,110000,23.4,23.4,23.4,23.4,143,0
BLR,5,20210323,111000,23.4,23.4,23.4,23.4,135,0
BLR,5,20210323,111500,23.4,23.4,23.2,23.4,240,0
BLR,5,20210323,112000,23.4,23.4,23.4,23.4,355,0
BLR,5,20210323,112500,23.4,23.4,23.4,23.4,280,0
BLR,5,20210323,113500,23.4,23.4,23.2,23.2,381,0
BLR,5,20210323,114000,23.2,23.2,23.2,23.2,100,0
BLR,5,20210323,114500,23.2,23.2,23,23,1309,0
BLR,5,20210323,115000,23.4,23.4,23.4,23.4,10,0
BLR,5,20210323,115500,23.2,23.2,23,23,742,0
BLR,5,20210323,120000,23,23,23,23,1,0
BLR,5,20210323,120500,23,23,23,23,5,0
BLR,5,20210323,121500,23,23.2,23,23.2,200,0
BLR,5,20210323,122000,23.2,23.2,23.2,23.2,250,0
BLR,5,20210323,123000,23.2,23.2,23.2,23.2,50,0
BLR,5,20210323,123500,23.2,23.2,23.2,23.2,61,0
BLR,5,20210323,124500,23,23,23,23,9,0
BLR,5,20210323,125500,23,23,23,23,200,0
BLR,5,20210323,130500,22.8,22.8,22.8,22.8,50,0
BLR,5,20210323,131000,23,23,23,23,100,0
BLR,5,20210323,132500,23,23,23,23,37,0
BLR,5,20210323,133000,23,23,23,23,200,0
BLR,5,20210323,133500,23.2,23.2,23.2,23.2,200,0
BLR,5,20210323,134500,22.8,22.8,22.8,22.8,30,0
BLR,5,20210323,135500,23,23,23,23,300,0
BLR,5,20210323,140500,23,23,23,23,25,0
BLR,5,20210323,142500,23,23,23,23,30,0
BLR,5,20210323,143000,22.8,22.8,22.6,22.6,77,0
BLR,5,20210323,144500,23,23.2,23,23.2,110,0
BLR,5,20210323,150000,23,23,23,23,200,0
BLR,5,20210323,151500,22.6,22.6,22.6,22.6,86,0
BLR,5,20210323,153000,23,23.2,23,23.2,23,0
BLR,5,20210323,154500,23.2,23.2,23.2,23.2,85,0
BLR,5,20210323,155500,23.2,23.2,23.2,23.2,200,0
BLR,5,20210323,163000,23.2,23.2,23.2,23.2,129,0
BLR,5,20210323,164000,23,23,23,23,25,0
BLR,5,20210323,164500,23,23.2,22.8,23.2,182,0
BLR,5,20210324,090000,23.2,23.2,23.2,23.2,228,0
BLR,5,20210324,091000,23.2,23.2,23,23,200,0
BLR,5,20210324,091500,23.2,23.2,23.2,23.2,60,0
BLR,5,20210324,094500,22.8,22.8,22.8,22.8,9,0
BLR,5,20210324,095500,23.2,23.2,23.2,23.2,20,0
BLR,5,20210324,103500,22.8,22.8,22.8,22.8,33,0
BLR,5,20210324,105000,23.2,23.2,23.2,23.2,231,0
BLR,5,20210324,105500,23,23.2,23,23.2,200,0
BLR,5,20210324,110000,23.2,23.4,23.2,23.4,179,0
BLR,5,20210324,111500,23.2,23.2,23.2,23.2,100,0
BLR,5,20210324,112000,23.4,23.4,23.4,23.4,131,0
BLR,5,20210324,114000,23.2,23.4,23.2,23.2,333,0
BLR,5,20210324,115000,23.2,23.2,23.2,23.2,25,0
BLR,5,20210324,121000,23.2,23.4,23.2,23.4,128,0
BLR,5,20210324,123000,23,23,23,23,1,0
BLR,5,20210324,124500,23,23,23,23,99,0
BLR,5,20210324,125000,23,23,23,23,101,0
BLR,5,20210324,131000,23.2,23.2,23.2,23.2,71,0
BLR,5,20210324,131500,23.2,23.2,23.2,23.2,20,0
BLR,5,20210324,132000,23.2,23.2,22.8,22.8,50,0
BLR,5,20210324,135500,22.8,22.8,22.8,22.8,200,0
BLR,5,20210324,143000,22.8,22.8,22.8,22.8,340,0
BLR,5,20210324,144000,22.8,22.8,22.8,22.8,45,0
BLR,5,20210324,150500,23,23,23,23,10,0
BLR,5,20210324,152000,22.8,22.8,22.8,22.8,44,0
BLR,5,20210324,153000,22.8,22.8,22.8,22.8,308,0
BLR,5,20210324,161000,23,23,23,23,10,0
BLR,5,20210324,162500,22.8,22.8,22.8,22.8,50,0
BLR,5,20210325,090000,22.8,23.2,22.8,23.2,71,0
BLR,5,20210325,093500,23,23,23,23,110,0
BLR,5,20210325,102000,22.8,22.8,22.6,22.6,31,0
BLR,5,20210325,103500,22.6,22.6,22.6,22.6,900,0
BLR,5,20210325,104500,22.8,23,22,22,470,0
BLR,5,20210325,105500,22.6,22.6,22,22,116,0
BLR,5,20210325,110500,22,22,21.6,22,561,0
BLR,5,20210325,111000,22,22,21.8,21.8,126,0
BLR,5,20210325,111500,22.4,22.4,22.4,22.4,30,0
BLR,5,20210325,112000,21.8,22.6,21.8,21.8,127,0
BLR,5,20210325,113000,22.4,22.4,22.4,22.4,67,0
BLR,5,20210325,113500,22.4,22.6,22.4,22.6,35,0
BLR,5,20210325,114000,22.6,22.8,22.6,22.8,145,0
BLR,5,20210325,115000,22.6,22.6,22.6,22.6,100,0
BLR,5,20210325,123500,22.6,22.8,22.6,22.8,25,0
BLR,5,20210325,124500,22.6,22.6,22.6,22.6,74,0
BLR,5,20210325,125000,22.8,22.8,22.8,22.8,5,0
BLR,5,20210325,125500,22.8,22.8,22.8,22.8,100,0
BLR,5,20210325,130500,22.8,23,22.8,23,280,0
BLR,5,20210325,131000,23,23,23,23,150,0
BLR,5,20210325,132000,22.4,22.4,22.4,22.4,102,0
BLR,5,20210325,134500,22.4,22.4,22.4,22.4,158,0
BLR,5,20210325,140000,22.2,23,22.2,23,101,0
BLR,5,20210325,140500,22.2,22.2,22.2,22.2,9,0
BLR,5,20210325,141000,22.2,22.2,22.2,22.2,100,0
BLR,5,20210325,142000,22.6,22.6,22.6,22.6,42,0
BLR,5,20210325,151000,23,23,23,23,50,0
BLR,5,20210325,153000,22.8,22.8,22.8,22.8,20,0
BLR,5,20210325,153500,22.8,22.8,22.8,22.8,55,0
BLR,5,20210325,155000,22.8,22.8,22.8,22.8,46,0
BLR,5,20210325,155500,22.6,22.6,22.6,22.6,9,0
BLR,5,20210325,160000,22.4,22.4,22.4,22.4,100,0
BLR,5,20210325,160500,22.6,22.6,22.6,22.6,66,0
BLR,5,20210325,162500,22.4,22.4,22.4,22.4,34,0
BLR,5,20210325,163500,22.6,22.6,22.6,22.6,425,0
BLR,5,20210325,165500,22.8,22.8,22.8,22.8,38,0
BLR,5,20210326,093000,23,23,23,23,451,0
BLR,5,20210326,093500,23,23,22,22,74,0
BLR,5,20210326,094500,23,23,23,23,80,0
BLR,5,20210326,100500,22.8,22.8,22.8,22.8,140,0
BLR,5,20210326,101000,22.8,23,22.8,23,300,0
BLR,5,20210326,101500,23,23.2,23,23.2,61,0
BLR,5,20210326,102000,23.4,23.4,23.4,23.4,68,0
BLR,5,20210326,103500,23.4,23.4,23.4,23.4,102,0
BLR,5,20210326,104000,23.4,23.4,23.4,23.4,20,0
BLR,5,20210326,104500,23.4,23.6,23.4,23.6,3108,0
BLR,5,20210326,105000,23.6,23.6,23.6,23.6,500,0
BLR,5,20210326,105500,23.6,23.6,23.6,23.6,13,0
BLR,5,20210326,110000,23.2,23.2,23.2,23.2,30,0
BLR,5,20210326,111500,23.2,23.2,23.2,23.2,110,0
BLR,5,20210326,113500,23.2,23.2,23.2,23.2,69,0
BLR,5,20210326,114000,23.2,23.4,23.2,23.4,42,0
BLR,5,20210326,114500,23.4,23.6,23.4,23.6,121,0
BLR,5,20210326,115000,23.6,23.6,23.6,23.6,2,0
BLR,5,20210326,121000,23.2,23.2,23.2,23.2,49,0
BLR,5,20210326,123000,23.6,23.6,23.6,23.6,1,0
BLR,5,20210326,124000,23.6,23.6,23.6,23.6,400,0
BLR,5,20210326,124500,23.6,23.6,23.6,23.6,250,0
BLR,5,20210326,125000,23.6,23.6,23.4,23.4,44,0
BLR,5,20210326,130000,23.6,24,23.6,24,3049,0
BLR,5,20210326,130500,24,24.6,24,24.6,1773,0
BLR,5,20210326,131000,24.6,24.8,24.2,24.4,737,0
BLR,5,20210326,131500,24.2,24.2,24,24.2,58,0
BLR,5,20210326,132000,24.6,24.6,24.6,24.6,1,0
BLR,5,20210326,132500,24.2,24.6,24.2,24.6,510,0
BLR,5,20210326,133000,24.4,24.4,24.4,24.4,400,0
BLR,5,20210326,133500,24.4,24.6,24.4,24.6,640,0
BLR,5,20210326,134500,24.6,24.6,24.4,24.4,324,0
BLR,5,20210326,135000,24.4,24.4,24.4,24.4,50,0
BLR,5,20210326,135500,24.4,24.4,24.4,24.4,225,0
BLR,5,20210326,140000,24.6,24.6,24.4,24.4,41,0
BLR,5,20210326,140500,24.6,24.6,24.4,24.4,287,0
BLR,5,20210326,142000,24.4,24.4,24.4,24.4,150,0
BLR,5,20210326,142500,24.4,24.4,24.4,24.4,140,0
BLR,5,20210326,143000,24.4,24.4,24.4,24.4,104,0
BLR,5,20210326,143500,24.4,24.4,24.4,24.4,109,0
BLR,5,20210326,144000,24.6,24.6,24.4,24.4,390,0
BLR,5,20210326,144500,24.4,24.4,24.4,24.4,50,0
BLR,5,20210326,145000,24.4,24.4,24.4,24.4,48,0
BLR,5,20210326,145500,24.4,24.6,24.4,24.6,6,0
BLR,5,20210326,150000,24.4,24.4,24.4,24.4,83,0
BLR,5,20210326,150500,24.4,24.4,24.4,24.4,250,0
BLR,5,20210326,151000,24.2,24.2,24.2,24.2,322,0
BLR,5,20210326,151500,24.6,24.6,24.6,24.6,198,0
BLR,5,20210326,154000,24.2,24.2,24.2,24.2,1,0
BLR,5,20210326,154500,24.4,24.6,24.4,24.6,31,0
BLR,5,20210326,155000,24.4,24.4,24.4,24.4,207,0
BLR,5,20210326,160000,24.2,24.2,24.2,24.2,250,0
BLR,5,20210326,162000,24.2,24.2,24.2,24.2,50,0
BLR,5,20210326,162500,24.4,24.4,24.4,24.4,200,0
BLR,5,20210326,164500,24.4,24.4,24.2,24.2,294,0
