<TICKER>,<PER>,<DATE>,<TIME>,<OPEN>,<HIGH>,<LOW>,<CLOSE>,<VOL>,<OPENINT>
BLT,5,20210204,091000,12.6,12.6,12.6,12.6,5,0
BLT,5,20210204,122500,11.7,11.7,11.7,11.7,20,0
BLT,5,20210204,151500,11.7,12.5,11.7,12.5,142,0
BLT,5,20210205,093500,11.5,11.5,11.5,11.5,177,0
BLT,5,20210205,094500,12.5,12.5,12.5,12.5,2,0
BLT,5,20210208,090500,12.8,12.8,12.8,12.8,2,0
BLT,5,20210208,094500,12.8,12.8,12.8,12.8,8,0
BLT,5,20210208,125000,11.8,12.8,11.8,12.8,102,0
BLT,5,20210208,150500,12.6,12.8,12.6,12.8,1089,0
BLT,5,20210209,090000,12.8,12.8,12.8,12.8,10,0
BLT,5,20210210,110000,12.8,12.8,12.8,12.8,2,0
BLT,5,20210211,093000,12.8,12.8,12.8,12.8,2,0
BLT,5,20210212,090500,12.8,12.8,12.8,12.8,2,0
BLT,5,20210215,090000,13.5,13.5,13.5,13.5,2,0
BLT,5,20210215,094000,13,13,13,13,1305,0
BLT,5,20210215,094500,13,13.2,13,13.2,8,0
BLT,5,20210215,095000,13.2,13.5,13.2,13.5,100,0
BLT,5,20210215,103000,13.5,13.5,13.5,13.5,105,0
BLT,5,20210215,103500,13.5,14.7,13.5,14.7,824,0
BLT,5,20210215,105000,13.5,14.5,13.5,14.5,321,0
BLT,5,20210215,122000,13.6,13.6,13.6,13.6,1,0
BLT,5,20210215,122500,13.6,13.6,13.5,13.5,140,0
BLT,5,20210215,124000,14.4,14.4,14.4,14.4,1,0
BLT,5,20210215,130000,14.4,14.7,14.4,14.7,430,0
BLT,5,20210215,132000,15.1,15.1,15.1,15.1,1,0
BLT,5,20210215,135000,15.1,15.1,15.1,15.1,49,0
BLT,5,20210215,145000,16,16.1,16,16.1,3,0
BLT,5,20210215,155000,16.1,16.1,16.1,16.1,7,0
BLT,5,20210216,090500,16.1,17.2,16.1,17.2,114,0
BLT,5,20210216,091000,16.5,16.5,16.5,16.5,61,0
BLT,5,20210216,150000,14.2,14.2,14.2,14.2,60,0
BLT,5,20210216,161000,13.3,13.3,13.2,13.2,39,0
BLT,5,20210216,161500,13.2,13.2,13.2,13.2,100,0
BLT,5,20210216,164500,13.4,13.4,13.4,13.4,27,0
BLT,5,20210217,090000,14.2,14.2,14.2,14.2,1,0
BLT,5,20210217,090500,14.2,14.2,14.2,14.2,89,0
BLT,5,20210217,093000,17,17,17,17,101,0
BLT,5,20210217,101000,17,17,17,17,5,0
BLT,5,20210217,141500,16.7,16.7,16.7,16.7,30,0
BLT,5,20210217,145000,15.5,15.5,15.5,15.5,40,0
BLT,5,20210217,145500,15.5,15.5,15.5,15.5,15,0
BLT,5,20210217,160000,15.5,15.5,15.5,15.5,190,0
BLT,5,20210217,163000,16.6,16.6,16.6,16.6,1,0
BLT,5,20210217,164500,16.6,16.6,16.6,16.6,5,0
BLT,5,20210218,103000,15,16.5,15,16.5,101,0
BLT,5,20210218,142000,16.2,16.2,16.2,16.2,42,0
BLT,5,20210218,144000,16.2,16.2,16.2,16.2,50,0
BLT,5,20210218,144500,16.2,16.2,16.2,16.2,110,0
BLT,5,20210218,150000,16.5,16.5,16.5,16.5,1,0
BLT,5,20210219,090000,16,16.4,16,16.4,90,0
BLT,5,20210219,091000,16,16,16,16,173,0
BLT,5,20210219,133000,15.8,15.8,15.8,15.8,95,0
BLT,5,20210219,133500,16,16,16,16,2,0
BLT,5,20210219,152500,16,16,16,16,95,0
BLT,5,20210219,160000,16.1,16.1,16.1,16.1,1,0
BLT,5,20210219,164500,15.9,15.9,15.9,15.9,330,0
BLT,5,20210222,112000,16,16,16,16,1,0
BLT,5,20210223,091000,16,16,16,16,10,0
BLT,5,20210223,104500,14.5,14.5,14.1,14.1,280,0
BLT,5,20210223,111000,15.2,15.2,15.2,15.2,1,0
BLT,5,20210224,095500,14.1,14.1,14.1,14.1,32,0
BLT,5,20210224,101500,13.6,16,13.6,16,251,0
BLT,5,20210225,115000,13.3,13.3,13.2,13.2,91,0
BLT,5,20210225,134500,14.6,14.6,14.6,14.6,1,0
BLT,5,20210225,164000,14.6,14.6,14.6,14.6,35,0
BLT,5,20210226,090000,13.5,13.5,13.5,13.5,44,0
BLT,5,20210226,092000,14.6,14.6,14.6,14.6,11,0
BLT,5,20210226,092500,15.8,15.8,15,15,3,0
BLT,5,20210226,093000,15.8,15.8,15.8,15.8,1,0
BLT,5,20210226,102500,15.8,15.8,15.8,15.8,200,0
BLT,5,20210226,103000,14.2,14.2,14.2,14.2,5,0
BLT,5,20210226,111000,15.9,15.9,15.9,15.9,1,0
BLT,5,20210226,163000,15.5,15.5,15.5,15.5,60,0
BLT,5,20210301,090000,13.4,13.4,13.4,13.4,601,0
BLT,5,20210301,092500,14.4,14.4,14.4,14.4,1,0
BLT,5,20210301,101000,14.8,14.8,14.8,14.8,1,0
BLT,5,20210301,105500,14.8,14.9,14.8,14.9,50,0
BLT,5,20210302,104500,14,14,14,14,50,0
BLT,5,20210302,114000,13.5,13.5,13.5,13.5,112,0
BLT,5,20210302,114500,14.4,14.4,14.4,14.4,1,0
BLT,5,20210302,123000,14.4,14.6,14.4,14.6,163,0
BLT,5,20210302,123500,15.9,15.9,13.5,15.9,65,0
BLT,5,20210302,125500,15.7,15.9,15.7,15.9,200,0
BLT,5,20210302,135500,13.6,13.6,13.6,13.6,200,0
BLT,5,20210302,142500,15.4,15.4,15.4,15.4,1,0
BLT,5,20210304,092000,15.7,15.7,15.7,15.7,1,0
BLT,5,20210304,113500,15.3,16,15.3,16,800,0
BLT,5,20210305,090500,15.9,16,15.9,16,11,0
BLT,5,20210305,113500,16,16,16,16,5,0
BLT,5,20210308,090000,16.4,16.4,16.4,16.4,700,0
BLT,5,20210308,130500,14.3,14.3,14.3,14.3,15,0
BLT,5,20210308,131000,16.2,16.2,16.2,16.2,1,0
BLT,5,20210308,160000,15.9,16,15.9,16,30,0
BLT,5,20210309,090000,16,16,16,16,10,0
BLT,5,20210312,090000,15.9,15.9,15.9,15.9,10,0
BLT,5,20210312,144500,15.9,15.9,15.9,15.9,200,0
BLT,5,20210312,160500,14.1,14.1,14.1,14.1,15,0
BLT,5,20210312,161000,14.1,15,14.1,15,172,0
BLT,5,20210315,090000,15,15.9,15,15.9,245,0
BLT,5,20210315,094000,15.8,15.9,15.8,15.9,147,0
BLT,5,20210315,095500,16,16,16,16,2,0
BLT,5,20210315,115500,15.9,15.9,15.9,15.9,140,0
BLT,5,20210315,130500,15.9,16.4,15.9,16.4,84,0
BLT,5,20210315,154500,16,16,16,16,250,0
BLT,5,20210315,160000,16,16,16,16,100,0
BLT,5,20210315,163000,16,16,16,16,57,0
BLT,5,20210315,163500,16.4,16.4,16.4,16.4,3,0
BLT,5,20210315,164500,16.4,16.4,16.4,16.4,43,0
BLT,5,20210316,090000,16.4,16.4,16.4,16.4,250,0
BLT,5,20210317,092000,15.6,15.6,15,15,800,0
BLT,5,20210317,093000,15,15.8,15,15.8,631,0
BLT,5,20210317,115500,15,15,15,15,250,0
BLT,5,20210317,120000,15.8,15.8,15.8,15.8,2,0
BLT,5,20210317,130500,15,15.8,15,15.8,52,0
BLT,5,20210317,143500,15.7,15.8,15.7,15.8,72,0
BLT,5,20210318,104000,14.8,14.8,14.8,14.8,200,0
BLT,5,20210318,104500,15.2,15.2,15.2,15.2,52,0
BLT,5,20210318,105000,15.2,15.2,15.2,15.2,86,0
BLT,5,20210318,105500,15.9,16.4,15.9,16.4,12,0
BLT,5,20210319,122500,16.3,16.3,16.3,16.3,100,0
BLT,5,20210319,124500,16.4,16.4,16.4,16.4,1,0
BLT,5,20210319,125000,14.8,14.8,14.6,14.6,256,0
BLT,5,20210319,131000,15,15,15,15,137,0
BLT,5,20210319,133000,15,16.3,15,16.3,1165,0
BLT,5,20210322,090000,16.4,16.4,16.4,16.4,448,0
BLT,5,20210322,092500,16.4,16.8,16.4,16.8,193,0
BLT,5,20210322,100500,16.8,16.8,16.8,16.8,249,0
BLT,5,20210322,101000,18,18.2,16.9,18.2,1323,0
BLT,5,20210322,102500,14.9,18.1,14.9,18.1,37,0
BLT,5,20210322,111000,17.6,18.3,17.6,18.3,1889,0
BLT,5,20210322,111500,18.3,18.8,18.3,18.8,1302,0
BLT,5,20210322,112000,18.8,19.4,18.8,19.4,110,0
BLT,5,20210322,114000,18.3,19.4,18.2,19.4,413,0
BLT,5,20210322,114500,19.4,19.4,19.4,19.4,120,0
BLT,5,20210322,115000,19.6,19.6,19.6,19.6,155,0
BLT,5,20210322,122500,19,19,19,19,6,0
BLT,5,20210322,124000,19,19.6,19,19.6,1030,0
BLT,5,20210322,134000,19.6,19.6,19.6,19.6,100,0
BLT,5,20210322,142000,20.2,21.8,20.2,21.8,1015,0
BLT,5,20210322,143000,23.4,23.4,23.4,23.4,2,0
BLT,5,20210322,144000,22.8,23.4,22.8,23.4,170,0
BLT,5,20210322,150500,21.6,21.6,21.6,21.6,100,0
BLT,5,20210322,151000,20.4,20.4,20.2,20.2,320,0
BLT,5,20210322,151500,20.2,20.2,20.2,20.2,1,0
BLT,5,20210322,152000,22.2,22.2,22.2,22.2,2,0
BLT,5,20210322,153000,22.2,22.2,22.2,22.2,55,0
BLT,5,20210322,163500,22.2,22.2,22.2,22.2,110,0
BLT,5,20210322,164000,22.2,22.2,22.2,22.2,100,0
BLT,5,20210322,164500,22.2,22.2,22.2,22.2,10,0
BLT,5,20210323,090000,22,22,22,22,86,0
BLT,5,20210323,093500,21,21,21,21,6,0
BLT,5,20210323,094000,21,21,21,21,134,0
BLT,5,20210323,100000,21,21,21,21,10,0
BLT,5,20210323,101500,21,22,21,22,146,0
BLT,5,20210323,110500,21,21,21,21,2,0
BLT,5,20210323,124000,20,20,20,20,198,0
BLT,5,20210323,130000,21.6,21.6,21.6,21.6,1,0
BLT,5,20210323,130500,20,20,20,20,65,0
BLT,5,20210323,131000,21.6,21.6,21.6,21.6,2,0
BLT,5,20210323,145000,20,20,20,20,1,0
BLT,5,20210323,152500,21.4,21.4,21.4,21.4,2,0
BLT,5,20210323,165500,20,20,20,20,1,0
BLT,5,20210324,090000,20,23,20,23,117,0
BLT,5,20210324,092000,23,23,23,23,4,0
BLT,5,20210324,115500,22.8,22.8,20,20,4,0
BLT,5,20210324,125000,20,20,20,20,23,0
BLT,5,20210324,130500,20.8,20.8,20.8,20.8,2,0
BLT,5,20210324,144000,20.8,20.8,20.8,20.8,1,0
BLT,5,20210324,161500,20.8,22,20.8,22,48,0
BLT,5,20210324,165500,20,20,20,20,1,0
BLT,5,20210325,090000,22.8,22.8,18.4,22.8,5,0
BLT,5,20210325,114500,22.4,22.4,22.4,22.4,4,0
BLT,5,20210325,123000,22,22,22,22,1,0
BLT,5,20210325,160000,18.9,22,18.9,22,2,0
BLT,5,20210325,161000,22,22,22,22,52,0
BLT,5,20210325,165500,22,22,22,22,9,0
BLT,5,20210326,090000,20,21.8,20,21.8,3,0
BLT,5,20210326,100500,20,21.8,18.6,21.8,110,0
BLT,5,20210326,101000,18.5,18.5,18.5,18.5,1,0
BLT,5,20210326,101500,19.8,19.8,19.8,19.8,2,0
BLT,5,20210326,142500,19.3,19.3,19.3,19.3,3,0
BLT,5,20210326,145000,19,19,19,19,100,0
BLT,5,20210326,145500,18.9,21.8,18.9,21.8,333,0
BLT,5,20210326,164500,21.8,21.8,21.8,21.8,15,0
