<TICKER>,<PER>,<DATE>,<TIME>,<OPEN>,<HIGH>,<LOW>,<CLOSE>,<VOL>,<OPENINT>
BLU,5,20210204,104500,6,6,6,6,1000,0
BLU,5,20210204,112000,6,6,6,6,1000,0
BLU,5,20210204,112500,6,6,6,6,199,0
BLU,5,20210204,114000,5.6,6,5.6,6,200,0
BLU,5,20210204,125000,5.8,5.8,5.8,5.8,1,0
BLU,5,20210204,162000,5.8,5.8,5.8,5.8,498,0
BLU,5,20210205,090000,6,6,6,6,900,0
BLU,5,20210205,090500,5.8,5.8,5.8,5.8,1,0
BLU,5,20210205,130000,5.8,5.8,5.8,5.8,1900,0
BLU,5,20210208,090000,6,6.5,5.9,5.9,906,0
BLU,5,20210208,104000,6.2,6.2,6.2,6.2,1,0
BLU,5,20210208,112500,6.2,6.55,6.2,6.55,683,0
BLU,5,20210208,113000,6.5,6.5,6.5,6.5,13,0
BLU,5,20210208,121500,6.5,6.5,6.5,6.5,356,0
BLU,5,20210208,122000,6.5,6.5,6.5,6.5,65,0
BLU,5,20210208,132000,6.2,6.2,6.2,6.2,1100,0
BLU,5,20210208,132500,6.2,6.2,6.2,6.2,17,0
BLU,5,20210208,142000,6.2,6.2,6.2,6.2,48,0
BLU,5,20210209,090000,6.1,6.1,6.1,6.1,1,0
BLU,5,20210209,143000,6.1,6.1,6.1,6.1,1,0
BLU,5,20210209,153500,6.1,6.1,6.1,6.1,250,0
BLU,5,20210210,124000,6.1,6.1,6.1,6.1,356,0
BLU,5,20210210,155000,6.1,6.1,6,6,1200,0
BLU,5,20210210,164500,6.45,6.45,6.45,6.45,1,0
BLU,5,20210211,090000,6.45,6.45,6.45,6.45,199,0
BLU,5,20210211,092000,6.45,6.45,6.45,6.45,300,0
BLU,5,20210211,094500,6.45,6.45,6.1,6.1,2,0
BLU,5,20210211,112500,6.45,6.45,6.45,6.45,10,0
BLU,5,20210211,115500,6.1,6.1,6.1,6.1,199,0
BLU,5,20210211,120500,6.1,6.1,6.1,6.1,67,0
BLU,5,20210212,155000,6.15,6.15,6.1,6.1,2033,0
BLU,5,20210212,162000,6.1,6.1,6.1,6.1,67,0
BLU,5,20210215,090000,6.1,6.1,6.1,6.1,101,0
BLU,5,20210215,120000,6.45,6.45,6.45,6.45,200,0
BLU,5,20210215,120500,6.5,6.5,6.5,6.5,300,0
BLU,5,20210215,123500,6.5,6.5,6.5,6.5,10,0
BLU,5,20210215,140000,6.1,6.1,6.1,6.1,651,0
BLU,5,20210216,103000,6.1,6.1,6.1,6.1,200,0
BLU,5,20210216,104000,6.1,6.1,6.1,6.1,200,0
BLU,5,20210216,110000,6.2,6.2,6.2,6.2,10,0
BLU,5,20210217,092000,6.1,6.1,6,6,600,0
BLU,5,20210217,092500,6.45,6.45,6.45,6.45,10,0
BLU,5,20210217,114500,6,6,6,6,1,0
BLU,5,20210217,163500,6,6.3,6,6.3,410,0
BLU,5,20210217,164500,6,6,6,6,1,0
BLU,5,20210219,095000,6.1,6.1,6.1,6.1,1586,0
BLU,5,20210222,090000,6.4,6.45,6.4,6.45,610,0
BLU,5,20210222,090500,6.4,6.4,6.2,6.2,465,0
BLU,5,20210222,091000,6.4,6.4,6.4,6.4,5,0
BLU,5,20210222,094000,6.2,6.2,6.2,6.2,700,0
BLU,5,20210224,114500,6.1,6.1,6.1,6.1,92,0
BLU,5,20210226,114500,6.3,6.35,6.3,6.35,467,0
BLU,5,20210226,123500,6.35,6.4,6.35,6.4,200,0
BLU,5,20210226,141000,6.2,6.2,6.2,6.2,200,0
BLU,5,20210226,151000,6.2,6.2,6.2,6.2,200,0
BLU,5,20210301,090000,6.2,6.5,6.2,6.5,600,0
BLU,5,20210301,104500,6.2,6.2,6.2,6.2,800,0
BLU,5,20210302,102500,6,6,6,6,650,0
BLU,5,20210303,090000,6,6,6,6,150,0
BLU,5,20210303,102000,6,6,6,6,250,0
BLU,5,20210304,114500,6,6,6,6,200,0
BLU,5,20210304,135000,6,6,6,6,200,0
BLU,5,20210304,135500,6,6,5.8,6,1001,0
BLU,5,20210304,144000,6,6,6,6,5,0
BLU,5,20210304,152000,6,6,6,6,199,0
BLU,5,20210305,090000,5.7,5.7,5.7,5.7,1,0
BLU,5,20210305,090500,6,6,6,6,1,0
BLU,5,20210305,155500,6,6.1,6,6.1,699,0
BLU,5,20210305,164000,6,6,6,6,600,0
BLU,5,20210305,164500,5.75,6.1,5.3,6.1,578,0
BLU,5,20210308,095500,5.95,5.95,5.95,5.95,1,0
BLU,5,20210308,102000,5.95,5.95,5.95,5.95,71,0
BLU,5,20210308,103000,5.95,5.95,5.95,5.95,5,0
BLU,5,20210308,135500,5.95,5.95,5.8,5.8,2000,0
BLU,5,20210308,155000,6,6,6,6,100,0
BLU,5,20210308,155500,6,6,6,6,200,0
BLU,5,20210308,164500,5.8,5.8,5.8,5.8,1,0
BLU,5,20210309,103500,5.9,5.9,5.9,5.9,400,0
BLU,5,20210309,111000,5.85,5.85,5.8,5.8,460,0
BLU,5,20210309,150500,6,6,6,6,142,0
BLU,5,20210309,151500,6,6,6,6,7,0
BLU,5,20210309,152000,6.1,6.1,6.1,6.1,10,0
BLU,5,20210309,165500,6,6,6,6,1,0
BLU,5,20210310,092500,5.9,5.9,5.9,5.9,1,0
BLU,5,20210310,121000,6.1,6.1,6.1,6.1,55,0
BLU,5,20210310,122500,5.9,5.9,5.9,5.9,1,0
BLU,5,20210310,131500,6.1,6.1,6.1,6.1,10,0
BLU,5,20210310,134500,6.1,6.1,6.1,6.1,621,0
BLU,5,20210310,140500,6.2,6.2,6.2,6.2,200,0
BLU,5,20210310,143500,6.2,6.2,6.2,6.2,253,0
BLU,5,20210311,115000,5.9,5.9,5.9,5.9,1,0
BLU,5,20210311,120000,5.9,5.9,5.6,5.6,399,0
BLU,5,20210311,121000,6.1,6.1,6.1,6.1,2,0
BLU,5,20210311,130000,5.9,5.9,5.9,5.9,200,0
BLU,5,20210311,131000,6.1,6.1,6.1,6.1,10,0
BLU,5,20210311,134500,6,6,6,6,2200,0
BLU,5,20210312,093500,6,6,5.9,5.9,316,0
BLU,5,20210312,105500,6,6,6,6,5000,0
BLU,5,20210312,125500,5.9,5.9,5.9,5.9,1,0
BLU,5,20210312,135500,5.9,5.9,5.8,5.8,1000,0
BLU,5,20210312,150500,5.9,5.9,5.9,5.9,2200,0
BLU,5,20210312,151000,6,6,6,6,5,0
BLU,5,20210312,164500,5.8,5.8,5.8,5.8,1,0
BLU,5,20210315,091000,5.8,5.8,5.8,5.8,213,0
BLU,5,20210315,091500,5.8,5.8,5.8,5.8,200,0
BLU,5,20210315,092000,5.6,6,5.6,6,2351,0
BLU,5,20210315,093000,5.8,5.8,5.6,5.6,2400,0
BLU,5,20210315,093500,5.6,5.8,5.5,5.8,2201,0
BLU,5,20210315,094500,5.55,5.7,5.2,5.7,8906,0
BLU,5,20210315,095000,5,5.35,5,5.3,406,0
BLU,5,20210315,101500,5.4,5.4,5.4,5.4,13,0
BLU,5,20210315,102000,5.5,5.5,5,5,11226,0
BLU,5,20210315,102500,5.3,5.3,4.82,4.82,156,0
BLU,5,20210315,103000,5.35,5.35,5.35,5.35,34,0
BLU,5,20210315,103500,5.35,5.5,5.35,5.5,411,0
BLU,5,20210315,104000,5.5,5.5,5.5,5.5,596,0
BLU,5,20210315,110000,5.5,5.5,5.1,5.35,2740,0
BLU,5,20210315,112000,5.4,5.45,5.4,5.45,120,0
BLU,5,20210315,115000,5.45,5.45,5.45,5.45,329,0
BLU,5,20210315,121500,5.45,5.45,5.45,5.45,181,0
BLU,5,20210315,122000,5.45,5.5,5.45,5.5,1692,0
BLU,5,20210315,123000,5.5,5.5,5.2,5.2,1500,0
BLU,5,20210315,133000,5.2,5.2,5,5,8600,0
BLU,5,20210315,135000,5.2,5.2,5.2,5.2,287,0
BLU,5,20210315,140000,5.25,5.25,5.25,5.25,99,0
BLU,5,20210315,140500,5.25,5.25,5.25,5.25,14,0
BLU,5,20210315,143000,5.15,5.15,5.05,5.05,1700,0
BLU,5,20210315,144000,5.25,5.3,5.25,5.3,1000,0
BLU,5,20210315,144500,5.3,5.3,5.3,5.3,93,0
BLU,5,20210315,145000,5.3,5.3,5.3,5.3,300,0
BLU,5,20210315,145500,5.3,5.7,5.3,5.7,558,0
BLU,5,20210315,150000,5.3,5.3,5.3,5.3,1,0
BLU,5,20210315,153500,5.5,5.5,5.5,5.5,5,0
BLU,5,20210315,160000,5.3,5.3,5.2,5.2,1350,0
BLU,5,20210316,090000,5.3,5.3,5,5,4632,0
BLU,5,20210316,091500,5.25,5.3,5.25,5.3,200,0
BLU,5,20210316,092000,5.3,5.3,5.3,5.3,20,0
BLU,5,20210316,093500,5.3,5.8,5.3,5.4,1090,0
BLU,5,20210316,094000,5.5,6,5.2,5.35,1013,0
BLU,5,20210316,102500,5.7,5.7,5.7,5.7,500,0
BLU,5,20210316,103000,5.5,5.5,5.5,5.5,1500,0
BLU,5,20210316,112000,5.7,5.7,5.7,5.7,151,0
BLU,5,20210316,120500,5.95,5.95,5.95,5.95,10,0
BLU,5,20210316,121000,5.9,5.9,5.9,5.9,49,0
BLU,5,20210316,132500,5.9,5.9,5.9,5.9,451,0
BLU,5,20210316,144000,5.95,5.95,5.95,5.95,117,0
BLU,5,20210316,150000,6,6,6,6,100,0
BLU,5,20210316,151000,5.95,5.95,5.95,5.95,3,0
BLU,5,20210316,152500,5.9,5.9,5.9,5.9,509,0
BLU,5,20210316,160500,5.9,5.9,5.9,5.9,536,0
BLU,5,20210317,090000,5.95,5.95,5.95,5.95,526,0
BLU,5,20210317,090500,5.9,5.9,5.9,5.9,200,0
BLU,5,20210317,091000,5.8,5.8,5.6,5.6,1800,0
BLU,5,20210317,114500,5.6,5.6,5.6,5.6,1690,0
BLU,5,20210317,115500,5.7,5.7,5.7,5.7,51,0
BLU,5,20210317,124500,5.7,5.7,5.7,5.7,91,0
BLU,5,20210317,130000,5.6,5.6,5.6,5.6,4500,0
BLU,5,20210317,155000,5.7,5.7,5.7,5.7,1,0
BLU,5,20210318,095000,5.5,5.5,5.2,5.2,5300,0
BLU,5,20210318,100000,5.6,5.6,5.2,5.2,401,0
BLU,5,20210318,101000,5.3,5.3,5.3,5.3,700,0
BLU,5,20210318,103000,5.3,5.3,5.3,5.3,200,0
BLU,5,20210318,104000,5.2,5.2,5.1,5.1,94,0
BLU,5,20210318,110500,5.1,5.1,5,5,800,0
BLU,5,20210318,111000,5,5.35,4.8,5.35,1883,0
BLU,5,20210318,111500,5.35,5.35,5.35,5.35,30,0
BLU,5,20210318,112000,5.15,5.15,5,5,2800,0
BLU,5,20210318,112500,5.35,5.35,5.1,5.1,151,0
BLU,5,20210318,113000,5.3,5.3,5.3,5.3,100,0
BLU,5,20210318,115500,5.1,5.1,5.1,5.1,299,0
BLU,5,20210318,121000,5,5,5,5,1,0
BLU,5,20210318,123500,5.25,5.3,5.25,5.3,644,0
BLU,5,20210318,124000,5.3,5.3,5.3,5.3,165,0
BLU,5,20210318,125500,5.3,5.3,5.3,5.3,1492,0
BLU,5,20210318,130000,5.6,5.6,5.6,5.6,100,0
BLU,5,20210318,130500,5.35,5.35,5.3,5.3,200,0
BLU,5,20210318,132000,5.4,5.4,5.4,5.4,1,0
BLU,5,20210318,133000,5.3,5.3,5,5.1,8331,0
BLU,5,20210318,133500,5.2,5.2,5.2,5.2,398,0
BLU,5,20210318,141500,5.4,5.5,5.4,5.5,300,0
BLU,5,20210318,143500,5.2,5.2,5.2,5.2,1,0
BLU,5,20210318,144000,5.45,5.7,5.45,5.7,300,0
BLU,5,20210318,144500,5.2,5.2,5.2,5.2,201,0
BLU,5,20210318,154500,5.2,5.2,5,5,4200,0
BLU,5,20210318,164500,5.1,5.1,5,5,3387,0
BLU,5,20210319,090000,5.2,5.2,5.2,5.2,199,0
BLU,5,20210319,091000,5.2,5.2,5.2,5.2,200,0
BLU,5,20210319,091500,5,5,5,5,700,0
BLU,5,20210319,100000,5.3,5.3,5.3,5.3,65,0
BLU,5,20210319,101500,5,5.1,5,5,216,0
BLU,5,20210319,104000,5,5,5,5,60,0
BLU,5,20210319,105500,5,5,5,5,925,0
BLU,5,20210319,114500,5,5,5,5,1550,0
BLU,5,20210319,122500,5.1,5.1,5.1,5.1,58,0
BLU,5,20210319,161500,5.1,5.2,5.1,5.2,226,0
BLU,5,20210319,164500,5.2,5.2,5.2,5.2,100,0
BLU,5,20210322,090500,5.3,6,5.3,6,3778,0
BLU,5,20210322,091000,6,6,6,6,5,0
BLU,5,20210322,091500,6,6,6,6,195,0
BLU,5,20210322,093500,6,6.2,6,6.1,4563,0
BLU,5,20210322,094000,6.1,6.1,6.1,6.1,1000,0
BLU,5,20210322,094500,6.25,6.25,6.25,6.25,100,0
BLU,5,20210322,095000,6.25,6.25,6.25,6.25,294,0
BLU,5,20210322,101000,6.25,6.25,6.25,6.25,200,0
BLU,5,20210322,103000,6.25,6.25,6.25,6.25,1,0
BLU,5,20210322,142500,6.2,6.2,6.2,6.2,369,0
BLU,5,20210322,164500,6.15,6.15,6.15,6.15,2050,0
BLU,5,20210323,090000,6.15,6.2,6,6,2109,0
BLU,5,20210323,092500,6,6,6,6,500,0
BLU,5,20210323,105000,6,6,6,6,200,0
BLU,5,20210323,113500,6,6,6,6,2200,0
BLU,5,20210323,152000,5.8,5.8,5.7,5.7,300,0
BLU,5,20210323,152500,6.05,6.05,6.05,6.05,100,0
BLU,5,20210323,155500,6.05,6.05,6.05,6.05,50,0
BLU,5,20210323,162000,6,6,6,6,200,0
BLU,5,20210324,090000,6,6,6,6,1938,0
BLU,5,20210324,090500,6.2,6.2,6,6,360,0
BLU,5,20210324,092500,6,6,6,6,3200,0
BLU,5,20210324,093000,6.2,6.2,6,6,60,0
BLU,5,20210324,103000,6,6,6,6,1160,0
BLU,5,20210324,104500,6.2,6.45,6.2,6.45,4075,0
BLU,5,20210324,105500,6.35,6.5,6.35,6.5,2000,0
BLU,5,20210324,110000,6.45,6.5,6.4,6.4,700,0
BLU,5,20210324,115000,6.35,6.35,6.35,6.35,194,0
BLU,5,20210324,123000,6.35,6.35,6.35,6.35,522,0
BLU,5,20210324,123500,6.35,6.35,6.35,6.35,293,0
BLU,5,20210324,125500,6.35,6.35,6.35,6.35,487,0
BLU,5,20210324,141500,6.35,6.35,6.35,6.35,672,0
BLU,5,20210324,143500,6.35,6.35,6.35,6.35,85,0
BLU,5,20210324,145500,6.3,6.3,6.3,6.3,178,0
BLU,5,20210324,155000,6.4,6.4,6.4,6.4,1032,0
BLU,5,20210324,160500,6.4,6.4,6.4,6.4,548,0
BLU,5,20210324,165500,6.35,6.35,6.35,6.35,400,0
BLU,5,20210325,090500,6.2,6.2,6.2,6.2,1800,0
BLU,5,20210325,092500,6.4,6.4,6.4,6.4,155,0
BLU,5,20210325,095500,6.4,6.7,6.4,6.6,11800,0
BLU,5,20210325,100500,6.7,6.7,6.7,6.7,300,0
BLU,5,20210325,120000,6.55,6.55,6.5,6.5,1273,0
BLU,5,20210325,121000,6.5,6.5,6.2,6.2,8800,0
BLU,5,20210325,150000,6.45,6.45,6.2,6.2,6700,0
BLU,5,20210325,151500,6.6,6.6,6.6,6.6,63,0
BLU,5,20210325,152000,6.6,6.6,6.6,6.6,337,0
BLU,5,20210325,153500,6.6,6.6,6.6,6.6,1,0
BLU,5,20210325,154000,6.65,6.7,6.65,6.7,1150,0
BLU,5,20210325,162000,6.7,6.7,6.7,6.7,199,0
BLU,5,20210325,164000,6.45,6.45,6.45,6.45,830,0
BLU,5,20210326,090000,6.55,6.8,6.55,6.8,5122,0
BLU,5,20210326,090500,6.85,7,6.8,7,7500,0
BLU,5,20210326,091000,6.9,7,6.9,7,13247,0
BLU,5,20210326,091500,7.25,7.45,7.25,7.4,4000,0
BLU,5,20210326,092000,7.4,7.5,7.4,7.5,2424,0
BLU,5,20210326,092500,7.75,7.75,7.75,7.75,200,0
BLU,5,20210326,093500,7.75,7.75,7.75,7.75,490,0
BLU,5,20210326,094000,7.75,7.75,7.75,7.75,1067,0
BLU,5,20210326,095500,7.8,7.8,7.8,7.8,120,0
BLU,5,20210326,101500,7.7,7.7,7.6,7.6,400,0
BLU,5,20210326,102500,7.7,7.7,7.7,7.7,200,0
BLU,5,20210326,113500,7.65,7.65,7.65,7.65,200,0
BLU,5,20210326,114500,7.65,7.65,7.65,7.65,600,0
BLU,5,20210326,115000,7.65,7.7,7.65,7.7,516,0
BLU,5,20210326,121000,7.6,7.6,7.6,7.6,19,0
BLU,5,20210326,122000,7.7,7.7,7.7,7.7,250,0
BLU,5,20210326,122500,7.7,7.7,7.7,7.7,1500,0
BLU,5,20210326,124000,7.6,7.6,7.5,7.5,300,0
BLU,5,20210326,124500,7.5,7.5,7.5,7.5,1132,0
BLU,5,20210326,135500,7.4,7.4,7.4,7.4,200,0
BLU,5,20210326,140500,7.4,7.4,7.4,7.4,400,0
BLU,5,20210326,141500,7.5,7.5,7.5,7.5,143,0
BLU,5,20210326,142000,7.65,7.65,7.65,7.65,50,0
BLU,5,20210326,143000,7.5,7.5,7.5,7.5,1400,0
BLU,5,20210326,145000,7.5,7.5,7.5,7.5,900,0
BLU,5,20210326,163000,7.4,7.4,7.3,7.3,507,0
BLU,5,20210326,164500,7.3,7.3,7,7.2,1000,0
