<TICKER>,<PER>,<DATE>,<TIME>,<OPEN>,<HIGH>,<LOW>,<CLOSE>,<VOL>,<OPENINT>
BPC,5,20210204,090000,80.5,84,79.5,84,810,0
BPC,5,20210204,090500,80.5,84,80.5,84,21,0
BPC,5,20210204,091000,84,84,84,84,5,0
BPC,5,20210204,093000,82,82,82,82,40,0
BPC,5,20210204,101500,81.5,81.5,81,81,110,0
BPC,5,20210204,103000,82,83.5,82,83.5,106,0
BPC,5,20210204,103500,83.5,83.5,83.5,83.5,10,0
BPC,5,20210204,105500,81,81,81,81,140,0
BPC,5,20210204,113000,82.5,83.5,82.5,83.5,25,0
BPC,5,20210204,120500,83.5,83.5,83.5,83.5,10,0
BPC,5,20210204,123500,83.5,84,83.5,84,102,0
BPC,5,20210204,125500,84,84,84,84,9,0
BPC,5,20210204,130000,83,83,83,83,378,0
BPC,5,20210204,130500,82,84,82,84,41,0
BPC,5,20210204,131500,83,83,83,83,100,0
BPC,5,20210204,134500,83.5,84,83.5,84,35,0
BPC,5,20210204,162500,83,83,83,83,5,0
BPC,5,20210204,163000,83,83,83,83,28,0
BPC,5,20210204,164500,84,84,84,84,100,0
BPC,5,20210205,090000,84,87,84,87,345,0
BPC,5,20210205,090500,87,87,87,87,60,0
BPC,5,20210205,091000,87,87.5,87,87.5,120,0
BPC,5,20210205,091500,87,87,87,87,228,0
BPC,5,20210205,092000,87,87.5,87,87.5,191,0
BPC,5,20210205,093500,86.5,87.5,86.5,87.5,151,0
BPC,5,20210205,094000,87.5,88,87.5,88,200,0
BPC,5,20210205,095000,86.5,86.5,86,86,46,0
BPC,5,20210205,095500,87,88,87,88,80,0
BPC,5,20210205,103500,87,87.5,87,87.5,43,0
BPC,5,20210205,104000,87.5,88,87.5,88,31,0
BPC,5,20210205,113500,87.5,87.5,87.5,87.5,15,0
BPC,5,20210205,120000,87.5,88,87.5,88,185,0
BPC,5,20210205,120500,87,88,87,88,166,0
BPC,5,20210205,135500,87.5,87.5,87.5,87.5,155,0
BPC,5,20210205,142000,87.5,88,87.5,88,101,0
BPC,5,20210205,143500,88,89,88,89,393,0
BPC,5,20210205,145000,88.5,89,88.5,89,21,0
BPC,5,20210205,150500,87.5,88,87.5,88,65,0
BPC,5,20210205,152000,86.5,86.5,85.5,85.5,322,0
BPC,5,20210205,153000,85.5,85.5,85,85,147,0
BPC,5,20210205,153500,85,85,80.5,80.5,997,0
BPC,5,20210205,154000,80.5,80.5,80.5,80.5,77,0
BPC,5,20210205,154500,80.5,80.5,80.5,80.5,32,0
BPC,5,20210205,155000,80.5,80.5,80.5,80.5,50,0
BPC,5,20210205,160000,81,81,81,81,213,0
BPC,5,20210205,160500,81,81,81,81,850,0
BPC,5,20210205,161000,82.5,83,82,83,143,0
BPC,5,20210205,161500,82,82,81.5,81.5,117,0
BPC,5,20210205,162000,81.5,82,81.5,81.5,127,0
BPC,5,20210205,163000,81.5,81.5,81.5,81.5,9,0
BPC,5,20210205,164000,80,80,80,80,18,0
BPC,5,20210205,164500,80,80,79,79,571,0
BPC,5,20210208,090000,81,82,81,81,130,0
BPC,5,20210208,090500,80.5,83.5,80,83.5,1130,0
BPC,5,20210208,091000,81,89,80.5,86,3275,0
BPC,5,20210208,091500,83,86,82.5,86,1350,0
BPC,5,20210208,092000,83,83,82.5,82.5,189,0
BPC,5,20210208,093000,84,84.5,84,84.5,40,0
BPC,5,20210208,101000,82.5,82.5,82.5,82.5,291,0
BPC,5,20210208,101500,82,82,82,82,210,0
BPC,5,20210208,111000,84,86,82,84.5,2387,0
BPC,5,20210208,115000,84,85.5,84,85.5,250,0
BPC,5,20210208,121000,85,85,85,85,40,0
BPC,5,20210208,123500,85,85.5,85,85.5,44,0
BPC,5,20210208,124000,85.5,85.5,85.5,85.5,34,0
BPC,5,20210208,141500,83.5,85.5,83,85.5,1200,0
BPC,5,20210208,142500,83,83,83,83,261,0
BPC,5,20210208,143000,82,82,82,82,29,0
BPC,5,20210208,143500,82.5,82.5,82.5,82.5,12,0
BPC,5,20210208,144000,82,82,82,82,21,0
BPC,5,20210208,144500,83.5,84,83.5,84,122,0
BPC,5,20210208,150500,84,85,82,84,1877,0
BPC,5,20210208,151000,83,84.5,83,84.5,99,0
BPC,5,20210208,153000,82,82,82,82,150,0
BPC,5,20210208,154000,82,84,81.5,83,1750,0
BPC,5,20210208,160000,83,85,82,84,3330,0
BPC,5,20210208,160500,84,84,84,84,40,0
BPC,5,20210208,162000,83.5,83.5,83.5,83.5,25,0
BPC,5,20210208,162500,82.5,86,82.5,83,1550,0
BPC,5,20210208,163000,83.5,83.5,83.5,83.5,25,0
BPC,5,20210208,164500,83.5,83.5,82,82,479,0
BPC,5,20210209,090000,81,86.5,81,86.5,882,0
BPC,5,20210209,090500,86,86,86,86,9,0
BPC,5,20210209,094000,84.5,84.5,84.5,84.5,6,0
BPC,5,20210209,094500,83.5,83.5,83.5,83.5,100,0
BPC,5,20210209,102500,84,84,84,84,10,0
BPC,5,20210209,103000,84,84.5,84,84.5,58,0
BPC,5,20210209,103500,83.5,84.5,83,84.5,105,0
BPC,5,20210209,104500,83,83,83,83,48,0
BPC,5,20210209,110000,83,83,83,83,145,0
BPC,5,20210209,114000,84,84,84,84,25,0
BPC,5,20210209,114500,83,86,81,86,2731,0
BPC,5,20210209,131500,83.5,83.5,83.5,83.5,285,0
BPC,5,20210209,133000,83.5,83.5,83.5,83.5,125,0
BPC,5,20210209,145000,83,83,83,83,219,0
BPC,5,20210209,145500,83,83,83,83,97,0
BPC,5,20210209,150000,83,83,83,83,24,0
BPC,5,20210209,150500,82.5,82.5,82.5,82.5,50,0
BPC,5,20210209,152500,83,83,83,83,50,0
BPC,5,20210209,160500,83,83,83,83,25,0
BPC,5,20210209,162500,83,83,83,83,30,0
BPC,5,20210209,163000,83,83,83,83,50,0
BPC,5,20210209,163500,83,83,82.5,82.5,86,0
BPC,5,20210209,164500,84,84,84,84,65,0
BPC,5,20210210,090000,84,86,84,86,615,0
BPC,5,20210210,090500,83.5,85,83.5,85,110,0
BPC,5,20210210,091000,83.5,85,83,84,2355,0
BPC,5,20210210,091500,83.5,84,83.5,84,120,0
BPC,5,20210210,094000,83,83,83,83,20,0
BPC,5,20210210,095500,84,84,84,84,15,0
BPC,5,20210210,104500,84,84,84,84,20,0
BPC,5,20210210,111500,84,84,84,84,20,0
BPC,5,20210210,112000,83,83,83,83,20,0
BPC,5,20210210,113500,83,83,83,83,30,0
BPC,5,20210210,120500,83.5,85,82,84.5,6702,0
BPC,5,20210210,163500,83.5,84.5,83.5,84.5,24,0
BPC,5,20210210,164500,83,83,83,83,75,0
BPC,5,20210211,090000,84.5,84.5,82,82,175,0
BPC,5,20210211,090500,82,84,81,84,135,0
BPC,5,20210211,094500,82,82,81.5,81.5,70,0
BPC,5,20210211,100500,81.5,81.5,80.5,80.5,292,0
BPC,5,20210211,101000,80.5,80.5,80.5,80.5,1,0
BPC,5,20210211,101500,82,82,82,82,1,0
BPC,5,20210211,102000,82,83.5,82,83.5,185,0
BPC,5,20210211,103000,81,81,79.5,80,734,0
BPC,5,20210211,103500,79,80,79,80,509,0
BPC,5,20210211,105000,79,79,79,79,13,0
BPC,5,20210211,110500,81,81,81,81,50,0
BPC,5,20210211,112500,81,81,81,81,100,0
BPC,5,20210211,130000,80.5,81,80.5,81,15,0
BPC,5,20210211,130500,81,83,81,83,510,0
BPC,5,20210211,142500,80.5,80.5,80.5,80.5,149,0
BPC,5,20210211,145500,82,83,80,83,1063,0
BPC,5,20210212,090000,83,84,83,84,125,0
BPC,5,20210212,090500,83.5,84,83.5,84,60,0
BPC,5,20210212,092000,82,84,82,84,206,0
BPC,5,20210212,092500,82,84,82,84,59,0
BPC,5,20210212,100000,84,84,84,84,25,0
BPC,5,20210212,103500,82,82,81,81,987,0
BPC,5,20210212,111000,80.5,80.5,80.5,80.5,60,0
BPC,5,20210212,113000,80.5,80.5,80,80,42,0
BPC,5,20210212,115000,80,83,80,83,560,0
BPC,5,20210212,124000,82,82.5,82,82.5,15,0
BPC,5,20210212,133500,81,82.5,80,82,1800,0
BPC,5,20210212,141000,81.5,81.5,81.5,81.5,20,0
BPC,5,20210212,142000,81,81,81,81,30,0
BPC,5,20210212,143000,81,81,81,81,108,0
BPC,5,20210212,144000,81,81,81,81,100,0
BPC,5,20210212,151000,81,82,81,82,45,0
BPC,5,20210212,152500,82,82.5,82,82.5,30,0
BPC,5,20210212,153500,82.5,82.5,82.5,82.5,4,0
BPC,5,20210212,155500,82.5,82.5,82.5,82.5,180,0
BPC,5,20210212,160500,83,83,83,83,15,0
BPC,5,20210212,161000,83.5,84,83.5,84,115,0
BPC,5,20210215,090000,84,85,84,85,345,0
BPC,5,20210215,091500,85,85.5,85,85.5,200,0
BPC,5,20210215,095000,85,85,85,85,20,0
BPC,5,20210215,103000,85.5,85.5,85.5,85.5,20,0
BPC,5,20210215,105500,84,84,84,84,1,0
BPC,5,20210215,110000,85.5,85.5,85.5,85.5,20,0
BPC,5,20210215,110500,84,85.5,83,85.5,120,0
BPC,5,20210215,111000,85,85.5,85,85.5,14,0
BPC,5,20210215,111500,85.5,85.5,85.5,85.5,104,0
BPC,5,20210215,112000,85.5,86,85.5,86,71,0
BPC,5,20210215,114500,86.5,86.5,83.5,83.5,304,0
BPC,5,20210215,131000,83.5,83.5,83,83,249,0
BPC,5,20210215,134000,86,86,86,86,1,0
BPC,5,20210215,145500,86,86,86,86,25,0
BPC,5,20210215,152500,86,86,86,86,5,0
BPC,5,20210215,160000,84,84,84,84,35,0
BPC,5,20210215,160500,84,84,84,84,25,0
BPC,5,20210215,162500,85.5,86,85.5,86,15,0
BPC,5,20210216,090000,86,88,86,88,527,0
BPC,5,20210216,094500,85,85,85,85,13,0
BPC,5,20210216,110500,86,86.5,86,86.5,20,0
BPC,5,20210216,111500,86.5,86.5,86.5,86.5,1,0
BPC,5,20210216,112000,86.5,87,86.5,87,100,0
BPC,5,20210216,115500,86.5,87,86.5,87,77,0
BPC,5,20210216,122500,86.5,86.5,86.5,86.5,20,0
BPC,5,20210216,123500,85.5,87,84,87,213,0
BPC,5,20210216,125000,85,85,84.5,84.5,300,0
BPC,5,20210216,125500,87,88,85,87.5,5420,0
BPC,5,20210216,130000,87.5,87.5,87.5,87.5,164,0
BPC,5,20210216,130500,87.5,88.5,86,88.5,1933,0
BPC,5,20210216,131000,87,87,87,87,88,0
BPC,5,20210216,133000,87.5,88,87.5,88,60,0
BPC,5,20210216,140500,87,87,87,87,30,0
BPC,5,20210216,143500,86,86,86,86,285,0
BPC,5,20210216,144500,86,86,86,86,150,0
BPC,5,20210216,152500,86.5,87,86.5,87,50,0
BPC,5,20210216,161500,87,87,87,87,19,0
BPC,5,20210216,164500,85,85,85,85,260,0
BPC,5,20210217,090000,87.5,93,87.5,93,1588,0
BPC,5,20210217,091500,91,91,90,90,26,0
BPC,5,20210217,092000,90,92,89,89,225,0
BPC,5,20210217,093000,92,92,89,89,34,0
BPC,5,20210217,093500,89,92,89,92,115,0
BPC,5,20210217,100500,90.5,90.5,90.5,90.5,29,0
BPC,5,20210217,102500,90,90,90,90,10,0
BPC,5,20210217,103000,90.5,91,90.5,91,10,0
BPC,5,20210217,103500,90,90,90,90,50,0
BPC,5,20210217,111500,90.5,91.5,90.5,91.5,110,0
BPC,5,20210217,112500,90,90,90,90,24,0
BPC,5,20210217,115500,91,94,88,94,1822,0
BPC,5,20210217,120500,92,92.5,91.5,92.5,125,0
BPC,5,20210217,122500,92.5,92.5,92.5,92.5,10,0
BPC,5,20210217,123500,91,95,90,95,2620,0
BPC,5,20210217,124500,92.5,96,92.5,96,95,0
BPC,5,20210217,125500,95,99,95,99,1721,0
BPC,5,20210217,130000,99.5,100,99.5,100,477,0
BPC,5,20210217,130500,100,100,100,100,29,0
BPC,5,20210217,131000,100,102,100,102,486,0
BPC,5,20210217,131500,102,102,102,102,349,0
BPC,5,20210217,132000,102,102,102,102,41,0
BPC,5,20210217,133000,102,102,100,101,140,0
BPC,5,20210217,133500,101,102,100,100,101,0
BPC,5,20210217,134000,99,99,99,99,100,0
BPC,5,20210217,134500,100,100,100,100,43,0
BPC,5,20210217,135500,98,98,97,97,211,0
BPC,5,20210217,141000,99,100,99,100,21,0
BPC,5,20210217,141500,100,100,100,100,5,0
BPC,5,20210217,142000,97,97,97,97,10,0
BPC,5,20210217,145000,100,100,100,100,5,0
BPC,5,20210217,145500,100,100,99.5,100,30,0
BPC,5,20210217,150000,100,102,100,102,2098,0
BPC,5,20210217,150500,101,102,101,102,75,0
BPC,5,20210217,155500,101,101,101,101,20,0
BPC,5,20210217,161000,100,101,100,100,63,0
BPC,5,20210217,162000,101,101,101,101,113,0
BPC,5,20210217,162500,102,102,100,100,112,0
BPC,5,20210217,163000,100,100,100,100,88,0
BPC,5,20210217,163500,101,101,101,101,55,0
BPC,5,20210217,164000,101,101,101,101,2,0
BPC,5,20210217,164500,101,101,101,101,208,0
BPC,5,20210218,090000,101,105,101,105,1287,0
BPC,5,20210218,090500,105,107,105,107,652,0
BPC,5,20210218,091000,105,107,105,107,204,0
BPC,5,20210218,091500,106,107,106,107,130,0
BPC,5,20210218,092000,105,107,105,107,17,0
BPC,5,20210218,092500,107,107,107,107,50,0
BPC,5,20210218,093500,107,107,107,107,10,0
BPC,5,20210218,094000,107,107,106,107,400,0
BPC,5,20210218,095500,105,105,105,105,18,0
BPC,5,20210218,102000,103,105,99,102,1435,0
BPC,5,20210218,114000,100,100,100,100,100,0
BPC,5,20210218,115500,100,104,100,104,115,0
BPC,5,20210218,124500,104,105,104,105,70,0
BPC,5,20210218,131500,104,105,104,105,20,0
BPC,5,20210218,134000,104,106,104,106,405,0
BPC,5,20210218,135000,106,107,106,107,5,0
BPC,5,20210218,135500,101,106,100,106,120,0
BPC,5,20210218,140000,106,107,106,107,31,0
BPC,5,20210218,142000,106,106,106,106,10,0
BPC,5,20210218,160000,105,105,105,105,1,0
BPC,5,20210218,162000,105,106,105,106,26,0
BPC,5,20210218,164500,107,107,107,107,1534,0
BPC,5,20210219,090000,108,108,102,102,569,0
BPC,5,20210219,090500,105,107,105,107,450,0
BPC,5,20210219,091000,103,103,103,103,7,0
BPC,5,20210219,091500,107,108,107,108,192,0
BPC,5,20210219,092500,107,107,107,107,31,0
BPC,5,20210219,093500,107,108,107,108,259,0
BPC,5,20210219,094000,105,105,105,105,20,0
BPC,5,20210219,095500,107,107,107,107,2,0
BPC,5,20210219,100500,104,104,104,104,10,0
BPC,5,20210219,104000,104,104,104,104,14,0
BPC,5,20210219,110500,104,104,104,104,55,0
BPC,5,20210219,111000,104,104,104,104,1,0
BPC,5,20210219,112500,106,106,106,106,10,0
BPC,5,20210219,113000,106,106,106,106,11,0
BPC,5,20210219,121500,106,106,106,106,40,0
BPC,5,20210219,131000,105,105,105,105,10,0
BPC,5,20210219,133000,106,107,106,107,30,0
BPC,5,20210219,133500,105,108,102,106,1210,0
BPC,5,20210219,134000,103,107,103,106,1581,0
BPC,5,20210219,134500,106,107,103,106,2069,0
BPC,5,20210219,135000,106,106,106,106,18,0
BPC,5,20210219,135500,103,106,103,106,3201,0
BPC,5,20210219,140000,103,106,103,106,1235,0
BPC,5,20210219,141000,104,104,104,104,99,0
BPC,5,20210219,141500,105,105,103,105,77,0
BPC,5,20210219,143500,105,105,105,105,5,0
BPC,5,20210219,145500,103,103,103,103,75,0
BPC,5,20210219,150000,103,104,103,104,40,0
BPC,5,20210219,150500,104,105,104,105,132,0
BPC,5,20210219,152500,105,105,105,105,15,0
BPC,5,20210219,154000,104,104,104,104,100,0
BPC,5,20210219,155500,104,105,104,105,392,0
BPC,5,20210219,160000,106,106,103,106,1115,0
BPC,5,20210219,160500,107,108,107,108,93,0
BPC,5,20210219,161000,108,108,108,108,15,0
BPC,5,20210219,161500,105,108,105,108,550,0
BPC,5,20210219,162000,105,108,105,108,500,0
BPC,5,20210219,164500,105,108,105,106,870,0
BPC,5,20210222,090000,107,107,107,107,92,0
BPC,5,20210222,091000,106,106,106,106,15,0
BPC,5,20210222,092000,106,106,106,106,2,0
BPC,5,20210222,094500,104,107,103,103,4650,0
BPC,5,20210222,095000,105,106,102,104,12694,0
BPC,5,20210222,100500,102,102,101,102,425,0
BPC,5,20210222,101500,102,102,102,102,100,0
BPC,5,20210222,102500,100,100,100,100,15,0
BPC,5,20210222,104000,101,101,100,100,53,0
BPC,5,20210222,105000,102,102,102,102,20,0
BPC,5,20210222,110500,102,102,102,102,30,0
BPC,5,20210222,112500,102,104,101,101,8141,0
BPC,5,20210222,113000,102,103,98.5,100,3469,0
BPC,5,20210222,113500,99.5,100,99.5,100,76,0
BPC,5,20210222,114000,99,100,99,100,123,0
BPC,5,20210222,134500,100,100,100,100,25,0
BPC,5,20210222,135000,100,100,100,100,37,0
BPC,5,20210222,140000,100,100,100,100,25,0
BPC,5,20210222,141000,100,100,100,100,10,0
BPC,5,20210222,141500,100,100,99,99,90,0
BPC,5,20210222,143500,99.5,99.5,99.5,99.5,1,0
BPC,5,20210222,145500,99.5,99.5,99.5,99.5,49,0
BPC,5,20210222,150000,100,100,100,100,15,0
BPC,5,20210222,150500,99.5,99.5,99,99,85,0
BPC,5,20210222,152000,99,100,99,100,94,0
BPC,5,20210222,152500,100,100,100,100,4,0
BPC,5,20210222,153500,100,100,100,100,15,0
BPC,5,20210222,160000,100,100,100,100,25,0
BPC,5,20210222,163000,100,100,100,100,18,0
BPC,5,20210222,164500,100,100,98.5,98.5,174,0
BPC,5,20210223,090000,99,100,99,100,350,0
BPC,5,20210223,092500,97.5,97.5,97,97,300,0
BPC,5,20210223,093000,99,99,95,95,11,0
BPC,5,20210223,093500,94,98,92,98,256,0
BPC,5,20210223,095000,95.5,95.5,95.5,95.5,13,0
BPC,5,20210223,100000,95.5,96,95.5,96,15,0
BPC,5,20210223,100500,96,97,96,97,113,0
BPC,5,20210223,101000,96.5,97,96.5,97,61,0
BPC,5,20210223,101500,97,97.5,97,97.5,80,0
BPC,5,20210223,103000,94,94,94,94,166,0
BPC,5,20210223,105000,96,96.5,96,96.5,87,0
BPC,5,20210223,105500,96.5,97.5,96.5,97.5,110,0
BPC,5,20210223,110000,97,97.5,97,97.5,22,0
BPC,5,20210223,110500,97.5,99,94.5,95,6651,0
BPC,5,20210223,111000,96,96.5,95,95.5,1274,0
BPC,5,20210223,112000,94,94,93.5,93.5,80,0
BPC,5,20210223,112500,94.5,94.5,94.5,94.5,10,0
BPC,5,20210223,113000,94.5,94.5,94,94,160,0
BPC,5,20210223,113500,94,94,94,94,45,0
BPC,5,20210223,114000,93.5,93.5,93.5,93.5,14,0
BPC,5,20210223,114500,94,95.5,94,95.5,60,0
BPC,5,20210223,125000,95,95,95,95,12,0
BPC,5,20210223,125500,94,94,94,94,30,0
BPC,5,20210223,131000,93.5,93.5,93.5,93.5,10,0
BPC,5,20210223,131500,93.5,93.5,93.5,93.5,110,0
BPC,5,20210223,132000,93.5,95,93.5,95,171,0
BPC,5,20210223,132500,94.5,97,94.5,97,419,0
BPC,5,20210223,133000,97,97,97,97,10,0
BPC,5,20210223,134000,97.5,99,97.5,99,131,0
BPC,5,20210223,144500,99,100,99,100,264,0
BPC,5,20210223,145500,100,100,96.5,96.5,147,0
BPC,5,20210223,150000,99.5,100,99.5,100,45,0
BPC,5,20210223,150500,100,102,100,102,235,0
BPC,5,20210223,151000,102,103,102,103,190,0
BPC,5,20210223,151500,101,101,101,101,15,0
BPC,5,20210223,152000,103,103,103,103,123,0
BPC,5,20210223,152500,101,103,101,101,96,0
BPC,5,20210223,153500,102,102,102,102,125,0
BPC,5,20210223,154000,103,103,103,103,41,0
BPC,5,20210223,160000,99,99,99,99,10,0
BPC,5,20210223,160500,101,102,99,102,53,0
BPC,5,20210223,161000,101,102,101,102,15,0
BPC,5,20210223,164500,100,102,100,102,66,0
BPC,5,20210224,090000,103,103,103,103,45,0
BPC,5,20210224,090500,103,103,100,100,5230,0
BPC,5,20210224,091000,101,103,100,101,9195,0
BPC,5,20210224,092500,98.5,100,98.5,100,130,0
BPC,5,20210224,094500,101,101,98,98,553,0
BPC,5,20210224,101000,99.5,99.5,99.5,99.5,10,0
BPC,5,20210224,101500,100,102,100,102,700,0
BPC,5,20210224,102000,101,101,101,101,27,0
BPC,5,20210224,103000,99,99,99,99,121,0
BPC,5,20210224,103500,100,100,100,100,15,0
BPC,5,20210224,104500,100,100,100,100,7,0
BPC,5,20210224,111000,99,100,99,100,45,0
BPC,5,20210224,115000,100,100,100,100,9,0
BPC,5,20210224,120000,99.5,101,99,101,195,0
BPC,5,20210224,122500,101,102,101,102,50,0
BPC,5,20210224,124000,100,100,100,100,36,0
BPC,5,20210224,124500,100,100,100,100,4,0
BPC,5,20210224,125500,100,100,99,99,41,0
BPC,5,20210224,131000,101,101,99,99,301,0
BPC,5,20210224,131500,101,101,101,101,15,0
BPC,5,20210224,134000,99,101,99,101,98,0
BPC,5,20210224,152500,99.5,99.5,99.5,99.5,17,0
BPC,5,20210224,154500,98.5,100,97,100,730,0
BPC,5,20210224,161000,99,99,99,99,20,0
BPC,5,20210224,162000,99,100,99,100,81,0
BPC,5,20210224,163000,101,101,101,101,20,0
BPC,5,20210224,165500,102,102,102,102,235,0
BPC,5,20210225,090000,101,101,101,101,20,0
BPC,5,20210225,091000,100,102,99,100,5866,0
BPC,5,20210225,091500,99.5,99.5,98.5,98.5,189,0
BPC,5,20210225,092000,99,99,99,99,32,0
BPC,5,20210225,093500,98.5,98.5,98.5,98.5,19,0
BPC,5,20210225,094000,97.5,98,97.5,98,54,0
BPC,5,20210225,100000,98,98,97,97,105,0
BPC,5,20210225,101000,98.5,98.5,98.5,98.5,2,0
BPC,5,20210225,103000,98.5,100,98.5,100,138,0
BPC,5,20210225,143500,98,101,98,101,2515,0
BPC,5,20210225,144000,99,99.5,98.5,98.5,1965,0
BPC,5,20210225,144500,99,101,99,101,340,0
BPC,5,20210225,160000,101,101,101,101,33,0
BPC,5,20210225,162500,99.5,101,99,101,625,0
BPC,5,20210225,163000,101,101,101,101,25,0
BPC,5,20210225,164500,102,102,102,102,200,0
BPC,5,20210226,090000,101,101,95.5,95.5,474,0
BPC,5,20210226,090500,98,99,98,99,100,0
BPC,5,20210226,111000,96,96,96,96,50,0
BPC,5,20210226,112000,98.5,98.5,98.5,98.5,10,0
BPC,5,20210226,113500,96,96,96,96,30,0
BPC,5,20210226,114000,96,98.5,96,98.5,15,0
BPC,5,20210226,130000,96,96,95.5,95.5,10,0
BPC,5,20210226,141000,97,98.5,97,98.5,105,0
BPC,5,20210226,144000,98.5,98.5,95.5,95.5,36,0
BPC,5,20210226,151000,97.5,97.5,97.5,97.5,23,0
BPC,5,20210301,090000,97.5,97.5,97.5,97.5,52,0
BPC,5,20210301,094000,98,98,98,98,14,0
BPC,5,20210301,094500,98,100,98,98,8176,0
BPC,5,20210301,095000,98.5,99.5,97,99.5,1569,0
BPC,5,20210301,101000,99.5,99.5,99.5,99.5,29,0
BPC,5,20210301,104500,98,98,98,98,21,0
BPC,5,20210301,105500,99.5,99.5,99.5,99.5,39,0
BPC,5,20210301,111500,98,98,98,98,50,0
BPC,5,20210301,112500,98,98,98,98,100,0
BPC,5,20210301,114000,98,98,97.5,97.5,543,0
BPC,5,20210301,114500,96,97.5,95.5,97.5,105,0
BPC,5,20210301,115000,95,95,95,95,5,0
BPC,5,20210301,125500,95.5,95.5,95,95,60,0
BPC,5,20210301,131000,97,97.5,97,97.5,100,0
BPC,5,20210301,131500,97,99,97,99,895,0
BPC,5,20210301,142000,99,99,99,99,25,0
BPC,5,20210301,142500,99,99,99,99,20,0
BPC,5,20210301,155000,99.5,99.5,99.5,99.5,100,0
BPC,5,20210301,164500,100,100,100,100,600,0
BPC,5,20210302,090000,100,100,100,100,25,0
BPC,5,20210302,102500,99.5,100,99,99,375,0
BPC,5,20210302,103000,100,100,99,100,1015,0
BPC,5,20210302,110000,99,99,98.5,98.5,208,0
BPC,5,20210302,114500,98,99,98,99,35,0
BPC,5,20210302,123500,98,98,98,98,17,0
BPC,5,20210302,141000,98,98,98,98,65,0
BPC,5,20210302,152500,98,99,98,99,20,0
BPC,5,20210302,153500,98,98,98,98,100,0
BPC,5,20210302,161500,98,99,98,99,101,0
BPC,5,20210302,162500,98,98,98,98,211,0
BPC,5,20210302,163500,99,99,99,99,80,0
BPC,5,20210302,164500,97.5,97.5,97.5,97.5,130,0
BPC,5,20210303,090000,98,98,98,98,15,0
BPC,5,20210303,092500,98,99,98,99,226,0
BPC,5,20210303,102500,96.5,96.5,95.5,95.5,510,0
BPC,5,20210303,105500,95.5,95.5,95.5,95.5,8,0
BPC,5,20210303,111000,95.5,95.5,95.5,95.5,15,0
BPC,5,20210303,111500,95.5,95.5,95.5,95.5,7,0
BPC,5,20210303,113000,96.5,97,96.5,97,20,0
BPC,5,20210303,115500,96.5,97,96.5,97,101,0
BPC,5,20210303,130500,97,97,97,97,15,0
BPC,5,20210303,143500,95,95,95,95,25,0
BPC,5,20210303,150500,96,97,96,97,140,0
BPC,5,20210303,153500,95,95,95,95,16,0
BPC,5,20210303,154000,94,94,92,92,216,0
BPC,5,20210303,154500,94,94.5,94,94.5,80,0
BPC,5,20210303,155000,94.5,95.5,90,90,373,0
BPC,5,20210303,155500,92.5,94,92.5,94,76,0
BPC,5,20210303,162500,90.5,90.5,90.5,90.5,100,0
BPC,5,20210303,163000,90.5,90.5,88.5,90,42,0
BPC,5,20210303,163500,90,93.5,88.5,93.5,182,0
BPC,5,20210303,164000,91,91,91,91,15,0
BPC,5,20210303,164500,92.5,95,92.5,95,281,0
BPC,5,20210304,090000,94.5,95,91.5,91.5,176,0
BPC,5,20210304,090500,93,93,93,93,30,0
BPC,5,20210304,091000,93,93,93,93,64,0
BPC,5,20210304,110000,90,90,90,90,100,0
BPC,5,20210304,122000,90,91,87.5,87.5,605,0
BPC,5,20210304,122500,90.5,90.5,90.5,90.5,1,0
BPC,5,20210304,124500,88,88,88,88,14,0
BPC,5,20210304,125500,88,88,88,88,15,0
BPC,5,20210304,132000,88,88,88,88,5,0
BPC,5,20210304,132500,88,88,87.5,87.5,200,0
BPC,5,20210304,133000,87.5,87.5,87.5,87.5,100,0
BPC,5,20210304,142500,89.5,89.5,89.5,89.5,45,0
BPC,5,20210304,143000,89.5,90,89.5,90,21,0
BPC,5,20210304,153000,89.5,90,89.5,90,90,0
BPC,5,20210304,161000,90,90,90,90,22,0
BPC,5,20210304,164500,91,91,91,91,200,0
BPC,5,20210305,090000,90,92.5,90,92.5,151,0
BPC,5,20210305,090500,91.5,100,91.5,100,676,0
BPC,5,20210305,092000,95,95,94,94,201,0
BPC,5,20210305,092500,92.5,92.5,92,92,150,0
BPC,5,20210305,095000,90.5,90.5,90.5,90.5,50,0
BPC,5,20210305,095500,95,95,95,95,5,0
BPC,5,20210305,103000,95,95,95,95,20,0
BPC,5,20210305,103500,91.5,91.5,91,91,60,0
BPC,5,20210305,105500,93,93.5,93,93.5,9,0
BPC,5,20210305,111000,93.5,94,93.5,94,32,0
BPC,5,20210305,111500,94,94,94,94,10,0
BPC,5,20210305,123000,93.5,93.5,93.5,93.5,30,0
BPC,5,20210305,124000,93.5,94,93.5,94,51,0
BPC,5,20210305,131000,94,94,94,94,29,0
BPC,5,20210305,142000,94,94,94,94,1,0
BPC,5,20210305,160000,94,94,94,94,10,0
BPC,5,20210305,164000,94,94,94,94,15,0
BPC,5,20210305,164500,98,98,98,98,221,0
BPC,5,20210308,090000,98,98.5,98,98.5,20,0
BPC,5,20210308,090500,99,100,99,100,101,0
BPC,5,20210308,123500,98.5,99,98.5,99,230,0
BPC,5,20210308,125500,96,96,96,96,40,0
BPC,5,20210308,151000,98.5,98.5,98.5,98.5,3,0
BPC,5,20210308,155500,98.5,99,98.5,99,98,0
BPC,5,20210308,164500,99,99,99,99,25,0
BPC,5,20210309,092500,94.5,94.5,94.5,94.5,3,0
BPC,5,20210309,121000,98,98.5,98,98.5,97,0
BPC,5,20210309,135000,98,98,98,98,1,0
BPC,5,20210309,145000,95.5,95.5,95.5,95.5,24,0
BPC,5,20210309,150000,98,98,98,98,10,0
BPC,5,20210309,164000,98,98,98,98,6,0
BPC,5,20210309,164500,98,98,98,98,58,0
BPC,5,20210309,165500,98.5,98.5,98.5,98.5,40,0
BPC,5,20210310,090000,95,95,95,95,58,0
BPC,5,20210310,090500,98.5,98.5,98.5,98.5,5,0
BPC,5,20210310,091000,98,98,98,98,10,0
BPC,5,20210310,104000,98,98.5,98,98.5,41,0
BPC,5,20210310,120000,95.5,95.5,94.5,94.5,40,0
BPC,5,20210310,122500,97.5,97.5,97.5,97.5,3,0
BPC,5,20210310,132000,97.5,97.5,97.5,97.5,14,0
BPC,5,20210310,145000,98,98.5,98,98.5,44,0
BPC,5,20210310,161500,98,98,98,98,14,0
BPC,5,20210310,162000,98.5,98.5,98.5,98.5,25,0
BPC,5,20210310,164500,98,98.5,98,98.5,25,0
BPC,5,20210311,090000,98.5,98.5,98.5,98.5,18,0
BPC,5,20210311,091500,97,97,97,97,50,0
BPC,5,20210311,092000,96,96,92,92,110,0
BPC,5,20210311,092500,92.5,96,90.5,90.5,3617,0
BPC,5,20210311,093000,92,92,90,91,396,0
BPC,5,20210311,093500,90,94,87,92.5,2539,0
BPC,5,20210311,094000,90,90,86.5,89,6693,0
BPC,5,20210311,094500,87,87,85.5,85.5,1139,0
BPC,5,20210311,095000,85.5,88,85,88,626,0
BPC,5,20210311,095500,88.5,91.5,88.5,91.5,531,0
BPC,5,20210311,100000,91.5,91.5,91,91,15,0
BPC,5,20210311,100500,90,90,90,90,11,0
BPC,5,20210311,101500,90,90,90,90,6,0
BPC,5,20210311,102500,90,91.5,90,91.5,135,0
BPC,5,20210311,105000,91,91,91,91,12,0
BPC,5,20210311,105500,90,90,90,90,1,0
BPC,5,20210311,110000,91,91,91,91,8,0
BPC,5,20210311,115000,91.5,91.5,91.5,91.5,36,0
BPC,5,20210311,120000,91.5,91.5,91.5,91.5,14,0
BPC,5,20210311,122000,91.5,91.5,91.5,91.5,217,0
BPC,5,20210311,125500,90,90,90,90,100,0
BPC,5,20210311,142500,90,90,90,90,26,0
BPC,5,20210311,153500,90,90,90,90,4,0
BPC,5,20210311,164000,93,93,93,93,10,0
BPC,5,20210312,090000,92,92,92,92,25,0
BPC,5,20210312,091000,91.5,96.5,91.5,96.5,261,0
BPC,5,20210312,091500,93,93,93,93,15,0
BPC,5,20210312,092000,93,93,93,93,10,0
BPC,5,20210312,094500,94,94,94,94,15,0
BPC,5,20210312,095500,92,92,92,92,40,0
BPC,5,20210312,105500,92,93.5,92,93.5,20,0
BPC,5,20210312,124000,91.5,91.5,91.5,91.5,10,0
BPC,5,20210312,134500,93,93.5,93,93.5,342,0
BPC,5,20210312,135000,94.5,98.5,94.5,98.5,853,0
BPC,5,20210312,135500,98.5,100,98.5,100,518,0
BPC,5,20210312,140000,98.5,98.5,98.5,98.5,5,0
BPC,5,20210312,143500,96,100,95,100,1101,0
BPC,5,20210312,144000,97,97,96,96,759,0
BPC,5,20210312,145500,94.5,97,93,97,1460,0
BPC,5,20210312,163000,94.5,94.5,94.5,94.5,50,0
BPC,5,20210312,163500,97,97,97,97,1,0
BPC,5,20210312,164000,94.5,94.5,94.5,94.5,11,0
BPC,5,20210312,164500,98,98,98,98,750,0
BPC,5,20210315,090000,96.5,100,95,98,770,0
BPC,5,20210315,090500,94,97,92,97,665,0
BPC,5,20210315,091500,95,95,95,95,7,0
BPC,5,20210315,092000,95.5,95.5,95.5,95.5,15,0
BPC,5,20210315,092500,95,95,94,94,52,0
BPC,5,20210315,094500,94.5,96.5,94,96.5,255,0
BPC,5,20210315,102000,95.5,95.5,95.5,95.5,25,0
BPC,5,20210315,115000,94,94,93,93,327,0
BPC,5,20210315,125000,94.5,94.5,94.5,94.5,20,0
BPC,5,20210315,141000,94.5,94.5,94.5,94.5,15,0
BPC,5,20210315,142500,93,93,93,93,30,0
BPC,5,20210315,143500,93,93,93,93,70,0
BPC,5,20210315,150000,94.5,94.5,94.5,94.5,50,0
BPC,5,20210315,150500,94.5,94.5,94.5,94.5,15,0
BPC,5,20210315,164500,92.5,92.5,92.5,92.5,420,0
BPC,5,20210316,090000,94.5,94.5,94.5,94.5,30,0
BPC,5,20210316,091000,92,92,91,91,114,0
BPC,5,20210316,092000,92,92,92,92,1,0
BPC,5,20210316,095500,91,91,91,91,2,0
BPC,5,20210316,101000,91.5,91.5,91.5,91.5,25,0
BPC,5,20210316,101500,91.5,92,91.5,92,230,0
BPC,5,20210316,104000,91,91,89,89,16,0
BPC,5,20210316,105000,92,92,92,92,1,0
BPC,5,20210316,123000,92,92,92,92,10,0
BPC,5,20210316,131500,90,90,90,90,45,0
BPC,5,20210316,134500,92,92,92,92,25,0
BPC,5,20210316,135500,92,92,92,92,17,0
BPC,5,20210316,152500,91,92,91,92,15,0
BPC,5,20210316,153000,92,92,92,92,78,0
BPC,5,20210316,154000,89,89,89,89,63,0
BPC,5,20210316,160000,88,88,88,88,20,0
BPC,5,20210316,160500,91.5,91.5,88,91.5,17,0
BPC,5,20210317,090000,89,92,89,92,44,0
BPC,5,20210317,090500,89,89,89,89,50,0
BPC,5,20210317,091000,89,89,89,89,50,0
BPC,5,20210317,091500,91.5,91.5,91.5,91.5,3,0
BPC,5,20210317,104500,90.5,98,90.5,96,1680,0
BPC,5,20210317,113500,92,92,92,92,15,0
BPC,5,20210317,115000,91,91,91,91,41,0
BPC,5,20210317,115500,90,90,90,90,44,0
BPC,5,20210317,130000,92,92,92,92,5,0
BPC,5,20210317,132500,92,92,92,92,28,0
BPC,5,20210317,135500,89.5,89.5,89,89,159,0
BPC,5,20210317,140500,88.5,88.5,88,88,101,0
BPC,5,20210317,151000,90.5,91,90.5,91,30,0
BPC,5,20210317,155500,90,90,90,90,6,0
BPC,5,20210317,164000,91,91,91,91,20,0
BPC,5,20210318,090000,92.5,92.5,92.5,92.5,25,0
BPC,5,20210318,091500,91,91,91,91,10,0
BPC,5,20210318,092000,91,92.5,91,92.5,250,0
BPC,5,20210318,092500,89,91,85,90.5,1163,0
BPC,5,20210318,093000,89,93.5,86,90,6595,0
BPC,5,20210318,093500,89,89.5,86,88,1597,0
BPC,5,20210318,094000,86,87,85.5,86.5,399,0
BPC,5,20210318,094500,85.5,85.5,84.5,84.5,163,0
BPC,5,20210318,100000,87,87,87,87,10,0
BPC,5,20210318,100500,85,85,85,85,7,0
BPC,5,20210318,101500,88,88,88,88,57,0
BPC,5,20210318,114000,86,86,86,86,6,0
BPC,5,20210318,120000,88,88,88,88,35,0
BPC,5,20210318,120500,88,88,88,88,25,0
BPC,5,20210318,122500,86.5,90.5,86,86.5,1885,0
BPC,5,20210318,123000,86.5,86.5,86,86,38,0
BPC,5,20210318,124500,85.5,85.5,85.5,85.5,38,0
BPC,5,20210318,131500,86,86,86,86,99,0
BPC,5,20210318,132500,86,86,85.5,85.5,86,0
BPC,5,20210318,140000,85.5,85.5,85.5,85.5,19,0
BPC,5,20210318,141000,85.5,85.5,85.5,85.5,59,0
BPC,5,20210318,142000,85,87.5,83,84,4372,0
BPC,5,20210318,142500,85,94,81.5,94,3171,0
BPC,5,20210318,143000,91,91,90,90,38,0
BPC,5,20210318,144000,89,89,89,89,4,0
BPC,5,20210318,144500,89,89,89,89,11,0
BPC,5,20210318,145000,89,90,89,90,30,0
BPC,5,20210318,145500,90,92,90,92,41,0
BPC,5,20210318,150000,88,93,87,93,1020,0
BPC,5,20210318,151500,91.5,91.5,91.5,91.5,3,0
BPC,5,20210318,160500,88.5,90,88,88,945,0
BPC,5,20210318,161000,88,91.5,88,91.5,3296,0
BPC,5,20210318,161500,88.5,91.5,87.5,90.5,6014,0
BPC,5,20210318,162000,89.5,89.5,89.5,89.5,402,0
BPC,5,20210318,162500,89.5,90.5,89.5,90,209,0
BPC,5,20210318,163000,90,90,90,90,100,0
BPC,5,20210318,163500,89.5,89.5,89.5,89.5,22,0
BPC,5,20210318,164000,90,90,90,90,16,0
BPC,5,20210318,164500,90,90,88,88,213,0
BPC,5,20210319,090000,90,90,90,90,25,0
BPC,5,20210319,100000,89,89,89,89,2,0
BPC,5,20210319,112500,89.5,90,89.5,90,100,0
BPC,5,20210319,124000,89.5,93,89.5,92,366,0
BPC,5,20210319,140000,92,92,92,92,10,0
BPC,5,20210319,153500,91.5,92,91.5,92,5,0
BPC,5,20210319,154000,92,92.5,92,92.5,25,0
BPC,5,20210322,090000,92.5,92.5,92.5,92.5,38,0
BPC,5,20210322,092000,92.5,93,89,89,265,0
BPC,5,20210322,111000,91.5,92,86.5,92,1070,0
BPC,5,20210322,121000,88.5,92,86.5,90,3200,0
BPC,5,20210322,121500,87.5,87.5,87.5,87.5,121,0
BPC,5,20210322,122000,88.5,88.5,88.5,88.5,8,0
BPC,5,20210322,143500,88.5,89,88.5,89,114,0
BPC,5,20210322,144000,89,90,89,90,402,0
BPC,5,20210322,161500,89,89,88,88,310,0
BPC,5,20210322,163000,87,91.5,85,91.5,1632,0
BPC,5,20210322,163500,88.5,93,88,92.5,1660,0
BPC,5,20210322,164000,88,92,87,92,1302,0
BPC,5,20210322,164500,90,90,90,90,485,0
BPC,5,20210323,090000,90.5,100,90.5,100,895,0
BPC,5,20210323,090500,98,98,96,96,11,0
BPC,5,20210323,093000,93.5,93.5,93.5,93.5,99,0
BPC,5,20210323,094500,92,92,92,92,100,0
BPC,5,20210323,100000,95.5,95.5,95.5,95.5,15,0
BPC,5,20210323,112000,92.5,95,91.5,94.5,1300,0
BPC,5,20210323,115500,92,93,90.5,93,1950,0
BPC,5,20210323,130500,91.5,93,90.5,93,1940,0
BPC,5,20210323,131000,91.5,91.5,91,91,100,0
BPC,5,20210323,131500,92,92,90.5,91.5,1043,0
BPC,5,20210323,132000,91,91.5,91,91.5,260,0
BPC,5,20210323,164000,90,90,89.5,89.5,46,0
BPC,5,20210323,165500,88.5,88.5,88.5,88.5,733,0
BPC,5,20210324,090000,89.5,90.5,88,90.5,222,0
BPC,5,20210324,091500,87,89.5,84.5,89.5,1155,0
BPC,5,20210324,095000,86,87.5,86,87.5,109,0
BPC,5,20210324,095500,87,87.5,87,87.5,20,0
BPC,5,20210324,101000,86,86,86,86,17,0
BPC,5,20210324,103000,85,85,83.5,83.5,200,0
BPC,5,20210324,104000,84.5,84.5,84.5,84.5,14,0
BPC,5,20210324,104500,86,86,86,86,10,0
BPC,5,20210324,105500,86,90,86,90,860,0
BPC,5,20210324,111500,88,88,87.5,87.5,30,0
BPC,5,20210324,112000,86.5,86.5,86.5,86.5,250,0
BPC,5,20210324,115000,87,88,87,88,100,0
BPC,5,20210324,123500,86,86,86,86,20,0
BPC,5,20210324,131000,88,88,83,84,2824,0
BPC,5,20210324,131500,83,84,81,84,320,0
BPC,5,20210324,133000,82.5,82.5,82.5,82.5,20,0
BPC,5,20210324,134000,82.5,82.5,82.5,82.5,5,0
BPC,5,20210324,134500,82.5,84,82.5,84,205,0
BPC,5,20210324,135000,81.5,81.5,77,77,811,0
BPC,5,20210324,135500,81.5,86,81.5,86,6523,0
BPC,5,20210324,141000,84.5,84.5,84.5,84.5,60,0
BPC,5,20210324,142000,84.5,85,84.5,85,41,0
BPC,5,20210324,142500,85,85.5,85,85.5,50,0
BPC,5,20210324,143000,85.5,88,85.5,88,334,0
BPC,5,20210324,145500,87,90,87,90,490,0
BPC,5,20210324,153500,87,87,87,87,500,0
BPC,5,20210324,160000,88,89,88,89,21,0
BPC,5,20210325,091000,86,86,86,86,35,0
BPC,5,20210325,091500,89,91,89,90.5,155,0
BPC,5,20210325,102500,87,87,86.5,86.5,100,0
BPC,5,20210325,103000,86.5,86.5,86.5,86.5,200,0
BPC,5,20210325,110500,86.5,86.5,83,83,542,0
BPC,5,20210325,111000,83,83,83,83,200,0
BPC,5,20210325,111500,83.5,83.5,83.5,83.5,10,0
BPC,5,20210325,112500,83.5,84.5,81,84.5,1100,0
BPC,5,20210325,124000,84,84,84,84,153,0
BPC,5,20210325,131000,84,84,84,84,47,0
BPC,5,20210325,140000,84,84,84,84,3,0
BPC,5,20210325,143000,82.5,82.5,82.5,82.5,40,0
BPC,5,20210325,144000,82.5,82.5,82.5,82.5,4,0
BPC,5,20210325,145500,82.5,82.5,82.5,82.5,74,0
BPC,5,20210325,151500,82.5,82.5,82.5,82.5,26,0
BPC,5,20210325,153500,82.5,82.5,82.5,82.5,14,0
BPC,5,20210325,162500,82,82,82,82,45,0
BPC,5,20210325,165500,82,82,82,82,448,0
BPC,5,20210326,090000,81,97,81,97,3430,0
BPC,5,20210326,090500,93,97,93,96,489,0
BPC,5,20210326,091000,94,94,92,94,95,0
BPC,5,20210326,092000,90.5,94,90,94,2302,0
BPC,5,20210326,092500,90,93.5,89,90,5751,0
BPC,5,20210326,093000,91,92,91,92,51,0
BPC,5,20210326,093500,89.5,89.5,89.5,89.5,30,0
BPC,5,20210326,094000,88,88,87,87,256,0
BPC,5,20210326,094500,86.5,86.5,85.5,85.5,390,0
BPC,5,20210326,102500,88,88,88,88,50,0
BPC,5,20210326,104500,89,95,89,95,1261,0
BPC,5,20210326,105000,91,91,90.5,90.5,169,0
BPC,5,20210326,110500,90,90,90,90,274,0
BPC,5,20210326,112500,90,90,90,90,23,0
BPC,5,20210326,121000,92,92.5,90,90,31,0
BPC,5,20210326,125000,89,89,89,89,50,0
BPC,5,20210326,130500,91.5,92,91.5,92,31,0
BPC,5,20210326,150500,91.5,92,91.5,92,43,0
BPC,5,20210326,164500,88.5,88.5,88.5,88.5,229,0
