<TICKER>,<PER>,<DATE>,<TIME>,<OPEN>,<HIGH>,<LOW>,<CLOSE>,<VOL>,<OPENINT>
BPN,5,20210204,090000,1.14,1.14,1.14,1.14,4601,0
BPN,5,20210204,091000,1.14,1.14,1.14,1.14,799,0
BPN,5,20210204,140000,1.15,1.15,1.15,1.15,2000,0
BPN,5,20210205,090000,1.18,1.18,1.18,1.18,10,0
BPN,5,20210205,110500,1.09,1.09,1.09,1.09,2200,0
BPN,5,20210205,113500,1.09,1.09,1.09,1.09,171,0
BPN,5,20210205,124500,1.15,1.15,1.15,1.15,3990,0
BPN,5,20210205,131000,1.16,1.17,1.16,1.17,2700,0
BPN,5,20210208,090000,1.17,1.17,1.17,1.17,10,0
BPN,5,20210208,090500,1.12,1.12,1.12,1.12,2076,0
BPN,5,20210208,104500,1.13,1.13,1.13,1.13,1500,0
BPN,5,20210208,111000,1.12,1.12,1.12,1.12,2000,0
BPN,5,20210208,115000,1.12,1.12,1.12,1.12,2000,0
BPN,5,20210208,125000,1.13,1.13,1.13,1.13,1250,0
BPN,5,20210208,125500,1.12,1.12,1.12,1.12,1109,0
BPN,5,20210208,131500,1.12,1.12,1.12,1.12,891,0
BPN,5,20210208,132000,1.12,1.12,1.12,1.12,9,0
BPN,5,20210208,140500,1.17,1.17,1.17,1.17,1000,0
BPN,5,20210208,141500,1.17,1.19,1.17,1.19,1479,0
BPN,5,20210208,143000,1.18,1.18,1.18,1.18,1399,0
BPN,5,20210209,090000,1.18,1.18,1.18,1.18,10,0
BPN,5,20210209,131000,1.12,1.12,1.12,1.12,150,0
BPN,5,20210209,155500,1.18,1.18,1.18,1.18,651,0
BPN,5,20210210,090000,1.18,1.18,1.18,1.18,10,0
BPN,5,20210210,103500,1.12,1.12,1.12,1.12,2289,0
BPN,5,20210210,133500,1.1,1.1,1.08,1.08,2700,0
BPN,5,20210210,163000,1.08,1.08,1.08,1.08,562,0
BPN,5,20210211,090000,1.14,1.14,1.14,1.14,5,0
BPN,5,20210211,090500,1.14,1.14,1.14,1.14,1235,0
BPN,5,20210211,091500,1.17,1.17,1.17,1.17,900,0
BPN,5,20210211,092000,1.17,1.17,1.17,1.17,805,0
BPN,5,20210211,151500,1.17,1.17,1.17,1.17,700,0
BPN,5,20210211,154000,1.13,1.13,1.13,1.13,700,0
BPN,5,20210212,090000,1.17,1.17,1.17,1.17,10,0
BPN,5,20210212,135000,1.17,1.17,1.17,1.17,825,0
BPN,5,20210212,144500,1.14,1.14,1.14,1.14,1000,0
BPN,5,20210212,145000,1.12,1.12,1.12,1.12,1234,0
BPN,5,20210212,164500,1.18,1.18,1.18,1.18,10,0
BPN,5,20210215,090000,1.18,1.18,1.18,1.18,10,0
BPN,5,20210215,102500,1.18,1.18,1.18,1.18,1250,0
BPN,5,20210215,103500,1.12,1.12,1.11,1.11,11000,0
BPN,5,20210215,120500,1.18,1.18,1.18,1.18,1372,0
BPN,5,20210215,145000,1.17,1.21,1.17,1.21,10090,0
BPN,5,20210215,145500,1.24,1.3,1.24,1.3,11500,0
BPN,5,20210215,150000,1.3,1.39,1.3,1.38,13088,0
BPN,5,20210215,150500,1.36,1.36,1.36,1.36,1800,0
BPN,5,20210215,151000,1.35,1.36,1.3,1.3,7900,0
BPN,5,20210215,151500,1.33,1.34,1.33,1.34,3974,0
BPN,5,20210215,152000,1.31,1.31,1.31,1.31,2395,0
BPN,5,20210215,154000,1.31,1.31,1.3,1.3,4098,0
BPN,5,20210215,155000,1.3,1.3,1.3,1.3,222,0
BPN,5,20210215,160500,1.3,1.3,1.3,1.3,750,0
BPN,5,20210215,161500,1.3,1.3,1.25,1.25,10244,0
BPN,5,20210215,162000,1.21,1.21,1.18,1.18,3100,0
BPN,5,20210215,163000,1.16,1.16,1.13,1.13,5968,0
BPN,5,20210215,163500,1.22,1.22,1.17,1.17,947,0
BPN,5,20210215,164000,1.18,1.18,1.18,1.18,1800,0
BPN,5,20210215,164500,1.12,1.17,1.11,1.16,7407,0
BPN,5,20210216,090000,1.16,1.16,1.16,1.16,2203,0
BPN,5,20210216,091000,1.16,1.16,1.16,1.16,60,0
BPN,5,20210216,092500,1.16,1.16,1.16,1.16,750,0
BPN,5,20210216,093500,1.11,1.11,1.11,1.11,2500,0
BPN,5,20210216,094000,1.09,1.09,1.09,1.09,2367,0
BPN,5,20210216,100000,1.14,1.14,1.14,1.14,300,0
BPN,5,20210216,100500,1.09,1.09,1.09,1.09,2717,0
BPN,5,20210216,113500,1.14,1.14,1.14,1.14,144,0
BPN,5,20210216,144500,1.1,1.1,1.1,1.1,2967,0
BPN,5,20210217,090000,1.16,1.16,1.16,1.16,20,0
BPN,5,20210218,090000,1.17,1.17,1.17,1.17,20,0
BPN,5,20210218,094000,1.17,1.17,1.17,1.17,180,0
BPN,5,20210218,095000,1.17,1.17,1.17,1.17,110,0
BPN,5,20210218,123500,1.17,1.17,1.17,1.17,2020,0
BPN,5,20210218,162500,1.15,1.15,1.15,1.15,300,0
BPN,5,20210219,090000,1.17,1.17,1.17,1.17,5,0
BPN,5,20210219,092500,1.17,1.17,1.17,1.17,100,0
BPN,5,20210219,115500,1.17,1.17,1.17,1.17,10,0
BPN,5,20210219,132500,1.17,1.17,1.17,1.17,944,0
BPN,5,20210222,090000,1.17,1.17,1.17,1.17,1520,0
BPN,5,20210222,140500,1.1,1.1,1.1,1.1,2000,0
BPN,5,20210222,153500,1.15,1.15,1.15,1.15,5000,0
BPN,5,20210223,090000,1.17,1.17,1.17,1.17,20,0
BPN,5,20210223,144500,1.15,1.15,1.15,1.15,1685,0
BPN,5,20210223,152000,1.15,1.15,1.15,1.15,3315,0
BPN,5,20210223,155000,1.04,1.04,1.04,1.04,4860,0
BPN,5,20210223,155500,1.03,1.03,1.03,1.03,18692,0
BPN,5,20210223,164500,1.03,1.03,1.03,1.03,1,0
BPN,5,20210224,090000,1.08,1.08,1.08,1.08,5,0
BPN,5,20210224,092000,1.08,1.08,1.08,1.08,1195,0
BPN,5,20210224,111500,1.09,1.09,1.09,1.09,1000,0
BPN,5,20210224,125000,1.09,1.09,1.09,1.09,556,0
BPN,5,20210224,130000,1.1,1.1,1.1,1.1,4110,0
BPN,5,20210224,131500,1.1,1.1,1.1,1.1,1480,0
BPN,5,20210224,132500,1.1,1.1,1.1,1.1,4410,0
BPN,5,20210224,133000,1.12,1.12,1.12,1.12,1000,0
BPN,5,20210224,151000,1.12,1.12,1.12,1.12,1100,0
BPN,5,20210224,164500,1.1,1.1,1.1,1.1,1000,0
BPN,5,20210225,090000,1.12,1.12,1.12,1.12,20,0
BPN,5,20210225,114000,1.12,1.12,1.12,1.12,3980,0
BPN,5,20210225,125500,1.13,1.13,1.13,1.13,1000,0
BPN,5,20210225,130500,1.13,1.13,1.13,1.13,1900,0
BPN,5,20210225,134500,1.12,1.12,1.12,1.12,2200,0
BPN,5,20210226,090000,1.15,1.15,1.15,1.15,10,0
BPN,5,20210226,120500,1.15,1.15,1.15,1.15,200,0
BPN,5,20210226,130500,1.14,1.14,1.14,1.14,1315,0
BPN,5,20210226,131000,1.14,1.17,1.14,1.17,12009,0
BPN,5,20210226,131500,1.17,1.17,1.17,1.17,1315,0
BPN,5,20210226,135000,1.18,1.18,1.18,1.18,3000,0
BPN,5,20210226,162000,1.12,1.12,1.12,1.12,2324,0
BPN,5,20210226,164500,1.18,1.18,1.18,1.18,4182,0
BPN,5,20210301,090000,1.22,1.22,1.22,1.22,10,0
BPN,5,20210301,100500,1.14,1.14,1.11,1.11,4000,0
BPN,5,20210301,115500,1.18,1.18,1.18,1.18,1755,0
BPN,5,20210301,120000,1.19,1.19,1.19,1.19,1530,0
BPN,5,20210301,143000,1.16,1.16,1.16,1.16,1500,0
BPN,5,20210301,144000,1.16,1.16,1.16,1.16,1300,0
BPN,5,20210301,150500,1.16,1.2,1.16,1.2,713,0
BPN,5,20210302,090000,1.2,1.2,1.2,1.2,10,0
BPN,5,20210302,123500,1.15,1.15,1.15,1.15,5159,0
BPN,5,20210302,125000,1.15,1.15,1.15,1.15,2215,0
BPN,5,20210303,090000,1.2,1.2,1.2,1.2,5,0
BPN,5,20210303,120000,1.2,1.2,1.2,1.2,2083,0
BPN,5,20210303,133500,1.15,1.15,1.15,1.15,602,0
BPN,5,20210303,143500,1.15,1.15,1.11,1.11,3398,0
BPN,5,20210304,090000,1.21,1.21,1.21,1.21,10,0
BPN,5,20210304,110000,1.21,1.21,1.21,1.21,400,0
BPN,5,20210304,121500,1.15,1.15,1.15,1.15,1000,0
BPN,5,20210304,124000,1.15,1.15,1.15,1.15,3900,0
BPN,5,20210304,132500,1.15,1.15,1.15,1.15,1152,0
BPN,5,20210305,090000,1.2,1.2,1.2,1.2,10,0
BPN,5,20210305,092000,1.13,1.13,1.13,1.13,1008,0
BPN,5,20210305,120000,1.12,1.12,1.12,1.12,2900,0
BPN,5,20210305,122500,1.15,1.16,1.15,1.16,6008,0
BPN,5,20210305,141500,1.16,1.16,1.16,1.16,4980,0
BPN,5,20210308,090000,1.2,1.2,1.2,1.2,10,0
BPN,5,20210308,092500,1.2,1.22,1.2,1.22,4730,0
BPN,5,20210308,093000,1.22,1.22,1.22,1.22,651,0
BPN,5,20210308,100000,1.26,1.26,1.26,1.26,14,0
BPN,5,20210308,102000,1.26,1.26,1.26,1.26,400,0
BPN,5,20210308,102500,1.26,1.26,1.26,1.26,1850,0
BPN,5,20210308,105500,1.26,1.26,1.26,1.26,1914,0
BPN,5,20210308,113500,1.22,1.22,1.22,1.22,1514,0
BPN,5,20210309,090000,1.29,1.29,1.29,1.29,10,0
BPN,5,20210309,094000,1.29,1.29,1.29,1.29,990,0
BPN,5,20210309,095000,1.3,1.3,1.3,1.3,2130,0
BPN,5,20210309,101000,1.29,1.29,1.29,1.29,470,0
BPN,5,20210309,110000,1.29,1.29,1.29,1.29,1540,0
BPN,5,20210309,113000,1.28,1.28,1.28,1.28,200,0
BPN,5,20210309,114500,1.28,1.28,1.28,1.28,344,0
BPN,5,20210310,090000,1.28,1.28,1.28,1.28,10,0
BPN,5,20210310,100500,1.28,1.28,1.28,1.28,1268,0
BPN,5,20210310,111500,1.28,1.28,1.28,1.28,762,0
BPN,5,20210310,112500,1.28,1.28,1.28,1.28,400,0
BPN,5,20210310,133500,1.28,1.28,1.28,1.28,238,0
BPN,5,20210311,090000,1.28,1.28,1.28,1.28,400,0
BPN,5,20210311,105500,1.28,1.28,1.28,1.28,1000,0
BPN,5,20210311,131000,1.28,1.28,1.28,1.28,1868,0
BPN,5,20210311,131500,1.31,1.31,1.31,1.31,500,0
BPN,5,20210311,151000,1.33,1.33,1.33,1.33,800,0
BPN,5,20210311,151500,1.34,1.35,1.34,1.35,2300,0
BPN,5,20210312,090000,1.4,1.4,1.4,1.4,30,0
BPN,5,20210315,090000,1.4,1.4,1.4,1.4,4784,0
BPN,5,20210315,135500,1.31,1.31,1.31,1.31,410,0
BPN,5,20210316,090000,1.31,1.35,1.31,1.35,1000,0
BPN,5,20210316,091000,1.35,1.35,1.35,1.35,300,0
BPN,5,20210316,094500,1.35,1.35,1.35,1.35,800,0
BPN,5,20210316,140000,1.31,1.31,1.3,1.3,1229,0
BPN,5,20210317,090000,1.39,1.39,1.39,1.39,10,0
BPN,5,20210317,091500,1.31,1.31,1.31,1.31,1500,0
BPN,5,20210317,120500,1.3,1.3,1.3,1.3,1500,0
BPN,5,20210318,090000,1.4,1.4,1.4,1.4,10,0
BPN,5,20210318,093500,1.4,1.4,1.4,1.4,75,0
BPN,5,20210318,094000,1.4,1.4,1.4,1.4,1003,0
BPN,5,20210318,104000,1.31,1.31,1.31,1.31,1500,0
BPN,5,20210318,155000,1.29,1.29,1.29,1.29,10,0
BPN,5,20210319,090000,1.4,1.4,1.4,1.4,10,0
BPN,5,20210319,092000,1.4,1.4,1.4,1.4,355,0
BPN,5,20210319,092500,1.4,1.4,1.4,1.4,10,0
BPN,5,20210319,101500,1.3,1.3,1.3,1.3,1000,0
BPN,5,20210319,110500,1.3,1.3,1.29,1.29,1000,0
BPN,5,20210319,113000,1.29,1.29,1.29,1.29,1010,0
BPN,5,20210319,121500,1.29,1.29,1.29,1.29,737,0
BPN,5,20210322,090000,1.3,1.3,1.3,1.3,769,0
BPN,5,20210322,102000,1.29,1.29,1.29,1.29,29,0
BPN,5,20210322,113000,1.25,1.25,1.25,1.25,1600,0
BPN,5,20210322,115500,1.25,1.25,1.25,1.25,1153,0
BPN,5,20210322,120000,1.25,1.25,1.25,1.25,1037,0
BPN,5,20210322,125500,1.22,1.22,1.22,1.22,2821,0
BPN,5,20210322,131500,1.22,1.22,1.22,1.22,29,0
BPN,5,20210322,144500,1.22,1.22,1.22,1.22,46,0
BPN,5,20210323,090000,1.22,1.22,1.22,1.22,435,0
BPN,5,20210323,103500,1.28,1.28,1.28,1.28,809,0
BPN,5,20210323,133500,1.28,1.28,1.28,1.28,80,0
BPN,5,20210324,090000,1.28,1.28,1.28,1.28,10,0
BPN,5,20210325,090000,1.22,1.22,1.22,1.22,686,0
BPN,5,20210325,094000,1.28,1.32,1.28,1.32,4100,0
BPN,5,20210325,095000,1.32,1.32,1.32,1.32,120,0
BPN,5,20210325,114000,1.32,1.32,1.32,1.32,80,0
BPN,5,20210326,090000,1.31,1.31,1.31,1.31,10,0
BPN,5,20210326,100500,1.31,1.31,1.31,1.31,151,0
BPN,5,20210326,110500,1.31,1.31,1.31,1.31,624,0
BPN,5,20210326,140500,1.26,1.26,1.26,1.26,1250,0
BPN,5,20210326,141000,1.31,1.31,1.31,1.31,800,0
BPN,5,20210326,155000,1.32,1.32,1.32,1.32,7,0
