<TICKER>,<PER>,<DATE>,<TIME>,<OPEN>,<HIGH>,<LOW>,<CLOSE>,<VOL>,<OPENINT>
BRH,5,20210204,090000,2.71,2.71,2.66,2.66,770,0
BRH,5,20210204,091000,2.66,2.66,2.66,2.66,1000,0
BRH,5,20210204,093000,2.71,2.72,2.71,2.72,1100,0
BRH,5,20210204,093500,2.72,2.72,2.72,2.72,1000,0
BRH,5,20210204,095000,2.72,2.72,2.72,2.72,1959,0
BRH,5,20210204,095500,2.72,2.72,2.72,2.72,1400,0
BRH,5,20210204,101000,2.72,2.72,2.72,2.72,855,0
BRH,5,20210204,103000,2.7,2.7,2.7,2.7,100,0
BRH,5,20210204,110000,2.7,2.7,2.7,2.7,290,0
BRH,5,20210204,111000,2.7,2.7,2.7,2.7,235,0
BRH,5,20210204,112000,2.7,2.72,2.7,2.72,4000,0
BRH,5,20210204,113000,2.71,2.72,2.71,2.71,150,0
BRH,5,20210204,113500,2.71,2.71,2.71,2.71,500,0
BRH,5,20210204,115000,2.7,2.72,2.7,2.72,1554,0
BRH,5,20210204,115500,2.73,2.73,2.7,2.7,2000,0
BRH,5,20210204,125500,2.7,2.7,2.7,2.7,623,0
BRH,5,20210204,133500,2.73,2.74,2.73,2.74,3880,0
BRH,5,20210204,134000,2.75,2.75,2.75,2.75,1896,0
BRH,5,20210204,135500,2.77,2.78,2.77,2.78,37,0
BRH,5,20210204,144000,2.75,2.75,2.75,2.75,118,0
BRH,5,20210204,151500,2.73,2.73,2.73,2.73,600,0
BRH,5,20210204,153000,2.77,2.77,2.77,2.77,1089,0
BRH,5,20210204,160000,2.77,2.77,2.7,2.7,4190,0
BRH,5,20210204,161500,2.71,2.71,2.7,2.7,900,0
BRH,5,20210204,163500,2.75,2.75,2.75,2.75,500,0
BRH,5,20210204,164000,2.75,2.75,2.75,2.75,1300,0
BRH,5,20210204,164500,2.75,2.75,2.75,2.75,811,0
BRH,5,20210205,090500,2.75,2.75,2.75,2.75,1000,0
BRH,5,20210205,091500,2.77,2.81,2.77,2.81,7116,0
BRH,5,20210205,092000,2.81,2.81,2.81,2.81,128,0
BRH,5,20210205,093500,2.81,2.82,2.81,2.82,1000,0
BRH,5,20210205,094000,2.82,2.82,2.82,2.82,846,0
BRH,5,20210205,094500,2.85,2.85,2.85,2.85,1900,0
BRH,5,20210205,095500,2.82,2.85,2.82,2.85,2400,0
BRH,5,20210205,100000,2.85,2.88,2.85,2.88,696,0
BRH,5,20210205,100500,2.89,2.89,2.89,2.89,1375,0
BRH,5,20210205,101500,2.89,2.9,2.89,2.9,3158,0
BRH,5,20210205,102000,2.9,2.91,2.88,2.91,11213,0
BRH,5,20210205,102500,2.94,2.94,2.91,2.91,1908,0
BRH,5,20210205,103000,2.91,2.91,2.91,2.91,1513,0
BRH,5,20210205,103500,2.94,2.94,2.94,2.94,122,0
BRH,5,20210205,112000,2.94,2.94,2.94,2.94,130,0
BRH,5,20210205,112500,2.86,2.86,2.86,2.86,250,0
BRH,5,20210205,113000,2.92,2.92,2.86,2.86,233,0
BRH,5,20210205,115000,2.86,2.86,2.85,2.85,1450,0
BRH,5,20210205,120000,2.85,2.85,2.85,2.85,2500,0
BRH,5,20210205,130000,2.85,2.85,2.85,2.85,254,0
BRH,5,20210205,135000,2.85,2.9,2.85,2.9,4337,0
BRH,5,20210205,135500,2.9,2.9,2.9,2.9,4911,0
BRH,5,20210205,140000,2.9,2.9,2.9,2.9,437,0
BRH,5,20210205,140500,2.9,2.9,2.9,2.9,315,0
BRH,5,20210205,141500,2.9,2.9,2.9,2.9,685,0
BRH,5,20210205,143000,2.92,2.92,2.92,2.92,357,0
BRH,5,20210205,143500,2.92,2.92,2.92,2.92,643,0
BRH,5,20210205,144500,2.92,2.92,2.92,2.92,200,0
BRH,5,20210205,145000,2.92,2.92,2.92,2.92,304,0
BRH,5,20210205,145500,2.9,2.9,2.9,2.9,61,0
BRH,5,20210205,150000,2.9,2.9,2.85,2.85,3158,0
BRH,5,20210205,151500,2.89,2.89,2.89,2.89,406,0
BRH,5,20210205,153500,2.89,2.89,2.85,2.85,1714,0
BRH,5,20210205,160500,2.85,2.85,2.85,2.85,808,0
BRH,5,20210205,161000,2.84,2.84,2.84,2.84,1000,0
BRH,5,20210205,164500,2.88,2.88,2.88,2.88,50,0
BRH,5,20210208,090000,2.94,2.94,2.92,2.92,5082,0
BRH,5,20210208,090500,2.92,2.92,2.92,2.92,600,0
BRH,5,20210208,091000,2.92,2.92,2.92,2.92,300,0
BRH,5,20210208,102000,2.93,2.96,2.93,2.96,7952,0
BRH,5,20210208,104000,2.96,2.99,2.96,2.99,3882,0
BRH,5,20210208,104500,2.99,3,2.99,3,3995,0
BRH,5,20210208,105500,3,3,3,3,2027,0
BRH,5,20210208,110000,3.02,3.02,2.9,2.9,5259,0
BRH,5,20210208,113000,2.92,2.92,2.92,2.92,3000,0
BRH,5,20210208,120500,2.93,2.93,2.92,2.92,1300,0
BRH,5,20210208,130500,2.94,2.94,2.94,2.94,400,0
BRH,5,20210208,140500,2.92,2.92,2.91,2.91,354,0
BRH,5,20210208,141000,2.94,2.94,2.94,2.94,600,0
BRH,5,20210208,143000,2.94,3,2.94,3,3697,0
BRH,5,20210208,143500,3,3,3,3,2283,0
BRH,5,20210208,144000,3,3,3,3,170,0
BRH,5,20210208,144500,3,3,3,3,1200,0
BRH,5,20210208,145000,3.01,3.01,3.01,3.01,1,0
BRH,5,20210208,145500,3,3,3,3,340,0
BRH,5,20210208,150000,3,3,3,3,106,0
BRH,5,20210208,150500,3.01,3.01,3.01,3.01,999,0
BRH,5,20210208,151500,3.01,3.01,3,3,1003,0
BRH,5,20210208,152500,3,3,3,3,340,0
BRH,5,20210208,154500,3,3,3,3,600,0
BRH,5,20210208,155500,2.95,2.95,2.95,2.95,200,0
BRH,5,20210208,160000,2.95,2.95,2.94,2.94,900,0
BRH,5,20210208,160500,3,3,3,3,1100,0
BRH,5,20210208,161500,3,3,3,3,800,0
BRH,5,20210208,162500,3,3,3,3,415,0
BRH,5,20210208,164000,3.01,3.01,3.01,3.01,828,0
BRH,5,20210208,164500,3.02,3.02,3.02,3.02,2500,0
BRH,5,20210209,090000,2.96,2.96,2.96,2.96,3000,0
BRH,5,20210209,090500,2.98,2.98,2.97,2.97,1500,0
BRH,5,20210209,091000,2.97,2.97,2.97,2.97,500,0
BRH,5,20210209,091500,2.97,2.97,2.97,2.97,900,0
BRH,5,20210209,092500,2.97,2.97,2.97,2.97,1800,0
BRH,5,20210209,093000,2.97,2.97,2.97,2.97,300,0
BRH,5,20210209,102000,2.96,2.96,2.96,2.96,1000,0
BRH,5,20210209,110000,2.96,2.96,2.96,2.96,87,0
BRH,5,20210209,110500,2.96,2.96,2.96,2.96,1000,0
BRH,5,20210209,112500,3,3,3,3,100,0
BRH,5,20210209,113000,3,3.04,2.96,2.98,2903,0
BRH,5,20210209,115500,2.99,2.99,2.98,2.98,1176,0
BRH,5,20210209,124500,2.93,2.93,2.91,2.91,3039,0
BRH,5,20210209,130000,2.91,2.91,2.91,2.91,1200,0
BRH,5,20210209,134000,2.91,2.91,2.91,2.91,220,0
BRH,5,20210209,142000,2.93,2.93,2.91,2.91,1462,0
BRH,5,20210209,142500,2.9,2.9,2.9,2.9,968,0
BRH,5,20210209,143000,2.87,2.87,2.87,2.87,1556,0
BRH,5,20210209,143500,2.86,2.86,2.85,2.85,2000,0
BRH,5,20210209,144000,2.85,2.85,2.85,2.85,32,0
BRH,5,20210209,144500,2.87,2.94,2.87,2.94,700,0
BRH,5,20210209,151000,2.9,2.9,2.9,2.9,800,0
BRH,5,20210209,151500,2.9,2.9,2.9,2.9,200,0
BRH,5,20210209,153500,2.92,2.92,2.92,2.92,560,0
BRH,5,20210209,155500,2.9,2.9,2.9,2.9,900,0
BRH,5,20210209,160000,2.9,2.9,2.9,2.9,400,0
BRH,5,20210209,161000,2.88,2.88,2.88,2.88,992,0
BRH,5,20210209,164500,2.91,2.91,2.91,2.91,210,0
BRH,5,20210210,090000,2.9,2.9,2.85,2.85,1685,0
BRH,5,20210210,091000,2.85,2.85,2.85,2.85,700,0
BRH,5,20210210,092500,2.91,2.91,2.91,2.91,47,0
BRH,5,20210210,094500,2.91,2.97,2.91,2.97,8964,0
BRH,5,20210210,095000,2.97,2.98,2.97,2.98,3385,0
BRH,5,20210210,095500,2.94,2.94,2.94,2.94,1000,0
BRH,5,20210210,100000,2.94,2.99,2.94,2.95,5373,0
BRH,5,20210210,102000,2.98,2.98,2.98,2.98,500,0
BRH,5,20210210,102500,2.98,2.98,2.98,2.98,405,0
BRH,5,20210210,104000,2.98,2.98,2.98,2.98,945,0
BRH,5,20210210,105500,2.98,2.98,2.98,2.98,184,0
BRH,5,20210210,110000,2.98,2.98,2.98,2.98,390,0
BRH,5,20210210,114500,2.98,2.98,2.98,2.98,13,0
BRH,5,20210210,115000,2.98,2.99,2.98,2.99,1700,0
BRH,5,20210210,122500,2.96,2.96,2.96,2.96,320,0
BRH,5,20210210,123000,2.99,3,2.99,3,4800,0
BRH,5,20210210,124500,2.97,2.97,2.97,2.97,278,0
BRH,5,20210210,130000,2.97,2.97,2.96,2.96,1005,0
BRH,5,20210210,130500,2.95,2.95,2.95,2.95,500,0
BRH,5,20210210,131000,2.95,2.95,2.92,2.92,1546,0
BRH,5,20210210,150500,2.91,2.91,2.85,2.85,3000,0
BRH,5,20210210,154500,2.86,2.86,2.85,2.85,385,0
BRH,5,20210210,160500,2.92,2.92,2.92,2.92,3363,0
BRH,5,20210210,161000,2.93,2.93,2.93,2.93,600,0
BRH,5,20210210,163000,2.92,2.92,2.85,2.85,1000,0
BRH,5,20210210,164500,2.85,2.94,2.85,2.94,1083,0
BRH,5,20210211,094000,2.92,2.93,2.92,2.93,1000,0
BRH,5,20210211,110000,2.93,2.96,2.93,2.96,2281,0
BRH,5,20210211,110500,2.99,2.99,2.99,2.99,191,0
BRH,5,20210211,111000,2.99,3.03,2.99,3.03,3714,0
BRH,5,20210211,111500,3,3,3,3,763,0
BRH,5,20210211,112000,3,3.01,3,3.01,1376,0
BRH,5,20210211,114000,3,3,3,3,561,0
BRH,5,20210211,114500,2.96,2.96,2.96,2.96,500,0
BRH,5,20210211,115500,2.96,2.96,2.96,2.96,494,0
BRH,5,20210211,122000,3,3,3,3,120,0
BRH,5,20210211,124000,3,3,3,3,2114,0
BRH,5,20210211,135500,2.99,2.99,2.99,2.99,2500,0
BRH,5,20210211,143500,2.98,2.98,2.98,2.98,1979,0
BRH,5,20210211,144000,2.98,2.98,2.98,2.98,1000,0
BRH,5,20210211,162000,2.98,2.98,2.96,2.96,330,0
BRH,5,20210211,164500,2.96,2.96,2.96,2.96,1200,0
BRH,5,20210212,093000,3,3,3,3,400,0
BRH,5,20210212,094500,3,3.01,3,3.01,250,0
BRH,5,20210212,100500,2.98,3,2.98,2.98,2035,0
BRH,5,20210212,104500,3.01,3.01,3.01,3.01,100,0
BRH,5,20210212,105500,2.98,2.98,2.98,2.98,467,0
BRH,5,20210212,110000,2.97,2.97,2.97,2.97,500,0
BRH,5,20210212,114000,3,3,3,3,64,0
BRH,5,20210212,122500,2.97,2.97,2.97,2.97,200,0
BRH,5,20210212,123000,2.97,2.97,2.97,2.97,505,0
BRH,5,20210212,134000,2.99,2.99,2.99,2.99,700,0
BRH,5,20210212,134500,2.99,2.99,2.99,2.99,250,0
BRH,5,20210212,144000,2.99,2.99,2.99,2.99,50,0
BRH,5,20210212,150500,2.97,2.97,2.97,2.97,267,0
BRH,5,20210212,151000,2.97,2.97,2.97,2.97,258,0
BRH,5,20210212,151500,2.97,2.97,2.97,2.97,1475,0
BRH,5,20210212,152000,3,3,3,3,560,0
BRH,5,20210212,152500,3,3,3,3,1120,0
BRH,5,20210212,153500,2.98,2.98,2.98,2.98,1225,0
BRH,5,20210212,160500,2.99,3.03,2.99,3.03,3150,0
BRH,5,20210215,090000,3.02,3.02,3,3,750,0
BRH,5,20210215,090500,3,3,2.98,2.98,749,0
BRH,5,20210215,091500,2.97,3.02,2.97,3.02,1100,0
BRH,5,20210215,094000,3,3.06,3,3.06,9000,0
BRH,5,20210215,094500,3.03,3.03,3.03,3.03,400,0
BRH,5,20210215,095000,3.06,3.06,3.06,3.06,350,0
BRH,5,20210215,095500,3.06,3.06,3.06,3.06,30,0
BRH,5,20210215,100000,3.01,3.05,3,3.05,2387,0
BRH,5,20210215,100500,3,3,3,3,335,0
BRH,5,20210215,101000,3,3.05,3,3.05,1800,0
BRH,5,20210215,105500,3.01,3.01,3.01,3.01,600,0
BRH,5,20210215,110000,3.01,3.01,3,3,2084,0
BRH,5,20210215,110500,2.98,2.98,2.98,2.98,2166,0
BRH,5,20210215,112500,2.99,2.99,2.99,2.99,834,0
BRH,5,20210215,121000,3,3.02,3,3.02,3415,0
BRH,5,20210215,122000,3.02,3.03,3.02,3.03,400,0
BRH,5,20210215,124500,3.03,3.03,3.03,3.03,50,0
BRH,5,20210215,125000,3.03,3.03,3.03,3.03,10,0
BRH,5,20210215,133000,3.03,3.03,3.03,3.03,866,0
BRH,5,20210215,134000,3.04,3.04,3.04,3.04,200,0
BRH,5,20210215,134500,3.03,3.03,3.03,3.03,1,0
BRH,5,20210215,135000,3.03,3.04,3.03,3.04,1000,0
BRH,5,20210215,141000,3,3,3,3,1500,0
BRH,5,20210215,142000,3,3,3,3,320,0
BRH,5,20210215,152000,3.03,3.05,3.03,3.05,2769,0
BRH,5,20210215,153000,3.05,3.06,3.05,3.06,1678,0
BRH,5,20210215,154000,3.02,3.02,3.01,3.01,980,0
BRH,5,20210215,155500,3.05,3.05,3.05,3.05,380,0
BRH,5,20210215,162500,3.05,3.05,3.05,3.05,2000,0
BRH,5,20210215,163500,3.02,3.02,3.02,3.02,560,0
BRH,5,20210215,164000,3.02,3.02,3,3,3124,0
BRH,5,20210215,164500,3,3,3,3,4000,0
BRH,5,20210216,090000,2.81,2.9,2.76,2.85,12452,0
BRH,5,20210216,090500,2.83,2.83,2.83,2.83,1000,0
BRH,5,20210216,091000,2.87,2.87,2.84,2.84,550,0
BRH,5,20210216,091500,2.88,2.9,2.88,2.9,4000,0
BRH,5,20210216,093500,2.9,2.9,2.9,2.9,3764,0
BRH,5,20210216,094000,2.9,2.9,2.9,2.9,336,0
BRH,5,20210216,094500,2.9,2.97,2.9,2.97,2164,0
BRH,5,20210216,095000,2.97,2.98,2.97,2.98,1250,0
BRH,5,20210216,100000,2.98,3,2.98,3,5500,0
BRH,5,20210216,100500,3.04,3.04,3.04,3.04,200,0
BRH,5,20210216,101000,3,3,3,3,133,0
BRH,5,20210216,102000,3,3,3,3,1327,0
BRH,5,20210216,103500,3.03,3.03,3.03,3.03,500,0
BRH,5,20210216,104500,3.01,3.01,3.01,3.01,100,0
BRH,5,20210216,105000,3,3,3,3,2000,0
BRH,5,20210216,110000,3,3.04,3,3.04,6580,0
BRH,5,20210216,111500,3,3,3,3,2103,0
BRH,5,20210216,114000,2.98,2.98,2.98,2.98,289,0
BRH,5,20210216,123000,3,3,3,3,347,0
BRH,5,20210216,125000,3,3,3,3,153,0
BRH,5,20210216,125500,2.98,2.98,2.98,2.98,347,0
BRH,5,20210216,132000,3,3,3,3,443,0
BRH,5,20210216,135500,2.98,2.98,2.98,2.98,1458,0
BRH,5,20210216,141500,3,3,3,3,804,0
BRH,5,20210216,142000,2.98,2.98,2.98,2.98,451,0
BRH,5,20210216,142500,2.98,2.98,2.98,2.98,53,0
BRH,5,20210216,143500,2.98,2.98,2.98,2.98,42,0
BRH,5,20210216,161500,2.96,2.96,2.96,2.96,2058,0
BRH,5,20210216,162000,2.96,2.96,2.96,2.96,1000,0
BRH,5,20210216,164000,2.96,3.01,2.96,3.01,5780,0
BRH,5,20210216,164500,3.01,3.02,3.01,3.02,70,0
BRH,5,20210217,090000,3.04,3.04,3.04,3.04,2000,0
BRH,5,20210217,091000,3.02,3.04,3.02,3.04,1000,0
BRH,5,20210217,093500,3.04,3.04,3.04,3.04,100,0
BRH,5,20210217,094000,3.04,3.04,3.04,3.04,1000,0
BRH,5,20210217,094500,3.01,3.01,2.98,2.98,2266,0
BRH,5,20210217,115000,2.98,2.98,2.98,2.98,100,0
BRH,5,20210217,122000,3,3,3,3,530,0
BRH,5,20210217,122500,3,3,3,3,1335,0
BRH,5,20210217,123000,3.01,3.01,3.01,3.01,450,0
BRH,5,20210217,124500,3.01,3.01,3.01,3.01,500,0
BRH,5,20210217,131500,3,3,3,3,515,0
BRH,5,20210217,132000,3.01,3.01,3.01,3.01,200,0
BRH,5,20210217,133000,3,3,3,3,5000,0
BRH,5,20210217,135500,2.98,2.98,2.98,2.98,147,0
BRH,5,20210217,141000,3.01,3.01,3.01,3.01,50,0
BRH,5,20210217,150000,3.01,3.01,3.01,3.01,300,0
BRH,5,20210217,150500,3.01,3.01,3.01,3.01,200,0
BRH,5,20210217,151000,2.98,2.98,2.98,2.98,300,0
BRH,5,20210217,151500,2.98,2.98,2.98,2.98,500,0
BRH,5,20210217,164500,3.02,3.02,3.02,3.02,1223,0
BRH,5,20210218,090500,3,3,3,3,100,0
BRH,5,20210218,093500,3.02,3.02,3.02,3.02,320,0
BRH,5,20210218,094500,3.03,3.03,3.03,3.03,543,0
BRH,5,20210218,100000,3.04,3.06,3.04,3.06,4600,0
BRH,5,20210218,101500,3.04,3.04,3.04,3.04,164,0
BRH,5,20210218,110000,3.04,3.04,3.04,3.04,300,0
BRH,5,20210218,111500,3.04,3.04,3.04,3.04,77,0
BRH,5,20210218,113500,3.04,3.05,3.04,3.05,1010,0
BRH,5,20210218,114000,3.05,3.06,3.05,3.06,151,0
BRH,5,20210218,121500,3.04,3.04,3.03,3.03,723,0
BRH,5,20210218,123500,3.02,3.02,3.02,3.02,841,0
BRH,5,20210218,131000,3.03,3.03,3.03,3.03,617,0
BRH,5,20210218,142500,3.02,3.02,3,3,1120,0
BRH,5,20210218,151000,3,3,3,3,850,0
BRH,5,20210218,154500,3,3,3,3,3871,0
BRH,5,20210218,155000,2.98,2.98,2.98,2.98,475,0
BRH,5,20210218,164500,2.98,2.98,2.98,2.98,1151,0
BRH,5,20210219,090000,2.92,3.04,2.91,3.02,3412,0
BRH,5,20210219,105000,3.01,3.15,3.01,3.15,32746,0
BRH,5,20210219,105500,3.15,3.15,2.95,3.04,10973,0
BRH,5,20210219,110000,3.03,3.03,3.02,3.02,650,0
BRH,5,20210219,110500,3.04,3.1,3.04,3.1,4728,0
BRH,5,20210219,111500,3.08,3.08,3.04,3.04,982,0
BRH,5,20210219,112000,3.02,3.02,3,3,4345,0
BRH,5,20210219,113000,2.99,2.99,2.99,2.99,1164,0
BRH,5,20210219,115500,3,3,3,3,290,0
BRH,5,20210219,121500,3,3,3,3,700,0
BRH,5,20210219,122500,3,3,2.99,2.99,1460,0
BRH,5,20210219,125000,3,3.07,3,3.07,10487,0
BRH,5,20210219,132000,3.05,3.05,3.01,3.01,2500,0
BRH,5,20210219,135500,3.01,3.01,3.01,3.01,150,0
BRH,5,20210219,142500,3.05,3.05,3.05,3.05,100,0
BRH,5,20210219,151000,3.05,3.07,3.05,3.07,2000,0
BRH,5,20210219,151500,3.07,3.08,3.07,3.08,1500,0
BRH,5,20210219,152000,3.04,3.04,3.04,3.04,2000,0
BRH,5,20210219,152500,3.04,3.04,3.04,3.04,500,0
BRH,5,20210219,154000,3.02,3.02,3.02,3.02,1044,0
BRH,5,20210219,154500,3.01,3.01,3.01,3.01,1090,0
BRH,5,20210219,160500,3.05,3.05,3.05,3.05,999,0
BRH,5,20210219,161500,3.03,3.03,3.03,3.03,350,0
BRH,5,20210219,162500,3.05,3.07,3.05,3.07,2001,0
BRH,5,20210219,163500,3.06,3.07,3.06,3.07,1890,0
BRH,5,20210219,164000,3.07,3.07,3.07,3.07,500,0
BRH,5,20210219,164500,3.08,3.08,3.08,3.08,4708,0
BRH,5,20210222,090000,3.08,3.08,3.08,3.08,200,0
BRH,5,20210222,092000,3.08,3.08,3.08,3.08,10,0
BRH,5,20210222,093500,3.07,3.07,3.07,3.07,3,0
BRH,5,20210222,102500,3.03,3.03,3,3,6000,0
BRH,5,20210222,104000,3.05,3.05,3.05,3.05,150,0
BRH,5,20210222,110500,3,3,3,3,1000,0
BRH,5,20210222,125500,3.01,3.01,3.01,3.01,500,0
BRH,5,20210222,131000,3.01,3.01,3,3,3000,0
BRH,5,20210222,164500,3.04,3.04,3.04,3.04,100,0
BRH,5,20210223,090500,3,3,3,3,1300,0
BRH,5,20210223,095000,3,3,3,3,10,0
BRH,5,20210223,095500,3,3,2.99,2.99,2350,0
BRH,5,20210223,113000,3,3,3,3,1100,0
BRH,5,20210223,120000,3,3,3,3,100,0
BRH,5,20210223,120500,3,3,3,3,230,0
BRH,5,20210223,121000,3,3,3,3,362,0
BRH,5,20210223,134500,2.98,2.98,2.98,2.98,1510,0
BRH,5,20210223,142500,2.98,2.98,2.98,2.98,1190,0
BRH,5,20210223,143000,2.98,2.98,2.98,2.98,810,0
BRH,5,20210223,143500,2.98,2.98,2.93,2.93,2658,0
BRH,5,20210223,144500,2.91,2.91,2.91,2.91,1000,0
BRH,5,20210223,150000,2.91,2.91,2.9,2.9,3000,0
BRH,5,20210223,151000,2.9,2.9,2.9,2.9,2950,0
BRH,5,20210223,151500,2.85,2.85,2.85,2.85,650,0
BRH,5,20210223,152000,2.9,2.98,2.9,2.98,100,0
BRH,5,20210223,155500,2.83,2.83,2.82,2.82,200,0
BRH,5,20210223,160500,2.8,2.8,2.8,2.8,860,0
BRH,5,20210223,161500,2.85,2.85,2.85,2.85,800,0
BRH,5,20210223,162000,2.85,2.85,2.85,2.85,500,0
BRH,5,20210223,162500,2.85,2.85,2.85,2.85,147,0
BRH,5,20210223,164500,2.89,2.89,2.89,2.89,500,0
BRH,5,20210224,090000,2.89,2.9,2.89,2.9,900,0
BRH,5,20210224,091000,2.93,2.93,2.93,2.93,641,0
BRH,5,20210224,092000,2.91,2.91,2.91,2.91,800,0
BRH,5,20210224,093000,2.93,2.95,2.93,2.95,1114,0
BRH,5,20210224,114500,2.96,2.96,2.96,2.96,60,0
BRH,5,20210224,123500,2.91,2.91,2.9,2.9,2000,0
BRH,5,20210224,131000,2.9,2.9,2.9,2.9,192,0
BRH,5,20210224,133500,2.9,2.9,2.9,2.9,354,0
BRH,5,20210224,142000,2.9,2.9,2.9,2.9,121,0
BRH,5,20210224,144000,2.87,2.87,2.87,2.87,121,0
BRH,5,20210224,151500,2.85,2.85,2.85,2.85,165,0
BRH,5,20210224,161000,2.89,2.89,2.89,2.89,395,0
BRH,5,20210225,090500,2.94,2.94,2.94,2.94,2,0
BRH,5,20210225,094000,2.88,2.88,2.88,2.88,1000,0
BRH,5,20210225,095000,2.94,2.95,2.94,2.95,400,0
BRH,5,20210225,100500,2.94,3,2.94,3,1500,0
BRH,5,20210225,104000,2.95,2.95,2.95,2.95,1000,0
BRH,5,20210225,104500,2.95,2.95,2.95,2.95,350,0
BRH,5,20210225,111500,2.91,2.91,2.91,2.91,750,0
BRH,5,20210225,123500,2.95,3,2.95,2.99,2128,0
BRH,5,20210225,131500,2.98,2.98,2.98,2.98,400,0
BRH,5,20210225,133000,2.99,2.99,2.99,2.99,200,0
BRH,5,20210225,143500,2.94,2.94,2.93,2.93,2150,0
BRH,5,20210225,144500,2.91,2.91,2.91,2.91,2000,0
BRH,5,20210225,145000,2.91,2.91,2.9,2.9,672,0
BRH,5,20210225,154500,2.91,2.91,2.88,2.88,5000,0
BRH,5,20210225,160500,2.94,2.94,2.94,2.94,100,0
BRH,5,20210225,163500,2.88,2.88,2.85,2.85,2689,0
BRH,5,20210225,164000,2.85,2.85,2.85,2.85,1800,0
BRH,5,20210225,164500,2.91,2.91,2.91,2.91,13,0
BRH,5,20210226,090500,2.8,2.8,2.75,2.75,2442,0
BRH,5,20210226,092500,2.89,2.89,2.89,2.89,10,0
BRH,5,20210226,093000,2.89,2.89,2.89,2.89,250,0
BRH,5,20210226,100000,2.81,2.81,2.81,2.81,50,0
BRH,5,20210226,114000,2.91,2.96,2.91,2.96,4000,0
BRH,5,20210226,130000,2.91,2.91,2.9,2.9,2000,0
BRH,5,20210226,140000,2.9,2.9,2.9,2.9,2000,0
BRH,5,20210226,144000,2.9,2.9,2.9,2.9,190,0
BRH,5,20210226,145500,2.9,2.9,2.9,2.9,30,0
BRH,5,20210226,150000,2.93,2.95,2.93,2.95,3165,0
BRH,5,20210226,151000,2.96,2.98,2.96,2.98,4000,0
BRH,5,20210226,151500,2.95,2.95,2.95,2.95,10,0
BRH,5,20210226,152500,2.9,2.9,2.9,2.9,512,0
BRH,5,20210226,153000,2.84,2.84,2.84,2.84,500,0
BRH,5,20210226,153500,2.9,2.9,2.9,2.9,488,0
BRH,5,20210226,154000,2.9,2.9,2.9,2.9,202,0
BRH,5,20210226,154500,2.92,2.92,2.92,2.92,1,0
BRH,5,20210226,155500,2.89,2.89,2.89,2.89,410,0
BRH,5,20210226,160000,2.89,2.89,2.89,2.89,90,0
BRH,5,20210226,164000,2.87,2.87,2.87,2.87,700,0
BRH,5,20210226,164500,2.9,2.9,2.9,2.9,100,0
BRH,5,20210301,090000,2.88,2.88,2.88,2.88,2246,0
BRH,5,20210301,092500,2.87,2.88,2.87,2.88,700,0
BRH,5,20210301,093000,2.88,2.88,2.88,2.88,500,0
BRH,5,20210301,095500,2.92,2.92,2.92,2.92,1,0
BRH,5,20210301,104500,2.92,2.92,2.92,2.92,170,0
BRH,5,20210301,110500,2.87,2.87,2.87,2.87,184,0
BRH,5,20210301,121500,2.87,2.87,2.87,2.87,938,0
BRH,5,20210301,132500,2.9,2.9,2.9,2.9,997,0
BRH,5,20210301,133000,2.9,2.9,2.9,2.9,1003,0
BRH,5,20210301,145000,2.88,2.88,2.88,2.88,3500,0
BRH,5,20210301,150500,2.87,2.87,2.87,2.87,1260,0
BRH,5,20210301,151500,2.87,2.87,2.87,2.87,250,0
BRH,5,20210301,152500,2.87,2.87,2.87,2.87,1000,0
BRH,5,20210301,153000,2.87,2.87,2.87,2.87,80,0
BRH,5,20210301,161000,2.91,2.91,2.91,2.91,97,0
BRH,5,20210301,162500,2.92,2.92,2.92,2.92,500,0
BRH,5,20210301,164000,2.89,2.89,2.86,2.86,1500,0
BRH,5,20210301,164500,2.88,2.92,2.88,2.92,1497,0
BRH,5,20210302,093000,2.93,2.93,2.93,2.93,1,0
BRH,5,20210302,095000,2.92,2.93,2.92,2.93,1000,0
BRH,5,20210302,103000,2.88,2.88,2.88,2.88,620,0
BRH,5,20210302,120000,2.93,2.93,2.93,2.93,1,0
BRH,5,20210302,133500,2.89,2.89,2.89,2.89,704,0
BRH,5,20210302,143000,2.92,2.93,2.92,2.93,4685,0
BRH,5,20210302,144500,2.93,2.93,2.86,2.86,2886,0
BRH,5,20210302,145000,2.93,2.93,2.93,2.93,1,0
BRH,5,20210302,151000,2.87,2.87,2.87,2.87,103,0
BRH,5,20210302,152000,2.87,2.87,2.87,2.87,920,0
BRH,5,20210302,161000,2.87,2.87,2.86,2.87,1000,0
BRH,5,20210302,162500,2.92,2.92,2.92,2.92,1,0
BRH,5,20210302,164000,2.92,2.92,2.92,2.92,399,0
BRH,5,20210303,092500,2.87,2.87,2.87,2.87,410,0
BRH,5,20210303,100000,2.86,2.86,2.85,2.85,1070,0
BRH,5,20210303,100500,2.85,2.85,2.81,2.81,152,0
BRH,5,20210303,101000,2.82,2.82,2.8,2.8,9724,0
BRH,5,20210303,101500,2.8,2.8,2.8,2.8,5676,0
BRH,5,20210303,102000,2.8,2.8,2.8,2.8,1000,0
BRH,5,20210303,104500,2.82,2.82,2.8,2.8,6284,0
BRH,5,20210303,105500,2.86,2.86,2.86,2.86,50,0
BRH,5,20210303,113000,2.82,2.82,2.82,2.82,3600,0
BRH,5,20210303,114500,2.83,2.83,2.83,2.83,707,0
BRH,5,20210303,122000,2.82,2.86,2.82,2.86,2850,0
BRH,5,20210303,124500,2.82,2.82,2.8,2.8,3685,0
BRH,5,20210303,125000,2.85,2.85,2.85,2.85,200,0
BRH,5,20210303,134000,2.85,2.85,2.85,2.85,302,0
BRH,5,20210303,143500,2.8,2.8,2.8,2.8,2500,0
BRH,5,20210303,144000,2.8,2.8,2.8,2.8,590,0
BRH,5,20210303,145000,2.8,2.8,2.8,2.8,1500,0
BRH,5,20210303,145500,2.8,2.8,2.79,2.79,1204,0
BRH,5,20210303,150000,2.79,2.79,2.79,2.79,40,0
BRH,5,20210303,150500,2.8,2.8,2.8,2.8,776,0
BRH,5,20210303,154000,2.8,2.8,2.8,2.8,2224,0
BRH,5,20210303,154500,2.8,2.8,2.8,2.8,576,0
BRH,5,20210303,161000,2.8,2.8,2.8,2.8,1403,0
BRH,5,20210303,163000,2.82,2.82,2.82,2.82,510,0
BRH,5,20210303,163500,2.83,2.85,2.83,2.85,2000,0
BRH,5,20210303,164500,2.85,2.85,2.85,2.85,1500,0
BRH,5,20210304,091000,2.8,2.8,2.8,2.8,1635,0
BRH,5,20210304,092000,2.77,2.77,2.75,2.75,1500,0
BRH,5,20210304,093000,2.75,2.76,2.75,2.75,5436,0
BRH,5,20210304,093500,2.75,2.75,2.75,2.75,164,0
BRH,5,20210304,101000,2.76,2.76,2.76,2.76,520,0
BRH,5,20210304,103000,2.77,2.77,2.77,2.77,320,0
BRH,5,20210304,103500,2.78,2.78,2.78,2.78,400,0
BRH,5,20210304,110500,2.78,2.78,2.78,2.78,390,0
BRH,5,20210304,111500,2.78,2.8,2.78,2.8,2746,0
BRH,5,20210304,113500,2.78,2.8,2.78,2.8,205,0
BRH,5,20210304,115000,2.8,2.8,2.8,2.8,1524,0
BRH,5,20210304,132000,2.83,2.84,2.83,2.84,776,0
BRH,5,20210304,134500,2.84,2.85,2.84,2.85,3200,0
BRH,5,20210304,142000,2.83,2.83,2.83,2.83,140,0
BRH,5,20210304,142500,2.83,2.83,2.81,2.81,320,0
BRH,5,20210304,144000,2.84,2.87,2.84,2.87,4174,0
BRH,5,20210304,144500,2.89,2.89,2.88,2.88,690,0
BRH,5,20210304,151500,2.84,2.84,2.83,2.83,2746,0
BRH,5,20210304,152000,2.82,2.82,2.82,2.82,154,0
BRH,5,20210304,154500,2.83,2.83,2.83,2.83,254,0
BRH,5,20210304,161500,2.87,2.9,2.87,2.9,2278,0
BRH,5,20210304,162000,2.88,2.88,2.87,2.87,1000,0
BRH,5,20210304,163500,2.87,2.87,2.87,2.87,1591,0
BRH,5,20210304,164000,2.87,2.87,2.87,2.87,647,0
BRH,5,20210304,164500,2.87,2.89,2.86,2.89,1440,0
BRH,5,20210305,090000,2.89,2.89,2.89,2.89,20,0
BRH,5,20210305,093500,2.88,2.92,2.88,2.92,5951,0
BRH,5,20210305,094000,2.92,2.94,2.92,2.94,5611,0
BRH,5,20210305,094500,2.95,2.95,2.89,2.89,1322,0
BRH,5,20210305,100000,2.9,2.9,2.88,2.9,4304,0
BRH,5,20210305,100500,2.9,2.9,2.9,2.9,938,0
BRH,5,20210305,101500,2.94,2.94,2.94,2.94,500,0
BRH,5,20210305,102000,2.94,2.94,2.94,2.94,181,0
BRH,5,20210305,103500,2.91,2.91,2.9,2.9,500,0
BRH,5,20210305,105000,2.9,2.97,2.9,2.97,2700,0
BRH,5,20210305,110000,2.97,2.97,2.97,2.97,150,0
BRH,5,20210305,114000,2.96,2.96,2.96,2.96,1000,0
BRH,5,20210305,114500,2.97,2.97,2.97,2.97,1739,0
BRH,5,20210305,115500,2.97,2.98,2.96,2.96,1010,0
BRH,5,20210305,121500,2.99,3,2.99,3,2000,0
BRH,5,20210305,122000,2.93,3.03,2.93,3.03,10000,0
BRH,5,20210305,122500,3.03,3.06,3.03,3.05,6547,0
BRH,5,20210305,123000,3.05,3.05,3.05,3.05,1651,0
BRH,5,20210305,123500,3.05,3.1,3,3.08,13300,0
BRH,5,20210305,124000,3.1,3.11,3.1,3.11,4863,0
BRH,5,20210305,124500,3.01,3.11,3.01,3.11,3850,0
BRH,5,20210305,125000,3.11,3.11,3.1,3.1,6790,0
BRH,5,20210305,125500,3.1,3.14,3.08,3.08,2500,0
BRH,5,20210305,130000,3.11,3.11,3.11,3.11,300,0
BRH,5,20210305,130500,3.08,3.08,3.08,3.08,3906,0
BRH,5,20210305,131000,3.07,3.07,3.03,3.03,4000,0
BRH,5,20210305,132000,3.01,3.01,2.93,2.93,17750,0
BRH,5,20210305,132500,2.96,3.05,2.92,3.05,5000,0
BRH,5,20210305,133500,3,3,3,3,667,0
BRH,5,20210305,134000,2.95,2.95,2.94,2.94,5333,0
BRH,5,20210305,134500,2.94,2.94,2.94,2.94,1000,0
BRH,5,20210305,140000,3,3.01,3,3.01,678,0
BRH,5,20210305,140500,3,3,2.99,2.99,5556,0
BRH,5,20210305,141500,3.02,3.02,3.02,3.02,900,0
BRH,5,20210305,142500,2.98,2.98,2.98,2.98,722,0
BRH,5,20210305,144500,2.95,2.95,2.95,2.95,350,0
BRH,5,20210305,150000,2.95,2.95,2.95,2.95,1000,0
BRH,5,20210305,154500,2.96,3.02,2.96,3.02,1221,0
BRH,5,20210305,155000,2.96,3.05,2.96,2.99,8144,0
BRH,5,20210305,155500,2.99,2.99,2.99,2.99,1037,0
BRH,5,20210305,162500,2.99,2.99,2.99,2.99,1000,0
BRH,5,20210305,164000,3.03,3.03,3.03,3.03,5,0
BRH,5,20210305,164500,3.02,3.02,3.02,3.02,406,0
BRH,5,20210308,090000,3.05,3.05,3.05,3.05,1000,0
BRH,5,20210308,090500,2.98,2.98,2.98,2.98,350,0
BRH,5,20210308,094000,3,3,3,3,667,0
BRH,5,20210308,094500,3,3,3,3,333,0
BRH,5,20210308,095000,3.03,3.08,3.03,3.08,8583,0
BRH,5,20210308,095500,3.08,3.1,3,3.1,3580,0
BRH,5,20210308,101000,3.04,3.04,3.04,3.04,658,0
BRH,5,20210308,102000,3,3.1,3,3.1,5500,0
BRH,5,20210308,102500,3.04,3.08,3.04,3.08,1458,0
BRH,5,20210308,103000,3.08,3.1,3.08,3.1,5082,0
BRH,5,20210308,105000,3.1,3.1,3.1,3.1,5262,0
BRH,5,20210308,105500,3.02,3.02,3.02,3.02,1300,0
BRH,5,20210308,110000,3.11,3.13,3.11,3.13,2000,0
BRH,5,20210308,111000,3.12,3.15,3.05,3.05,10570,0
BRH,5,20210308,113000,3.1,3.1,3.1,3.1,2300,0
BRH,5,20210308,114500,3.1,3.1,3.1,3.1,400,0
BRH,5,20210308,115500,3.1,3.14,3.1,3.14,3368,0
BRH,5,20210308,120000,3.14,3.14,3.14,3.14,1100,0
BRH,5,20210308,122500,3.13,3.14,3.13,3.14,2000,0
BRH,5,20210308,123500,3.12,3.14,3.12,3.14,800,0
BRH,5,20210308,124000,3.14,3.14,3.14,3.14,1000,0
BRH,5,20210308,125500,3.14,3.14,3.14,3.14,317,0
BRH,5,20210308,131000,3.14,3.14,3.14,3.14,300,0
BRH,5,20210308,135500,3.09,3.09,3.09,3.09,1900,0
BRH,5,20210308,140000,3.09,3.09,3.04,3.04,9110,0
BRH,5,20210308,140500,3.12,3.14,3.12,3.14,2500,0
BRH,5,20210308,151000,3.12,3.12,3.12,3.12,500,0
BRH,5,20210308,160500,3.12,3.12,3.12,3.12,150,0
BRH,5,20210308,164000,3.12,3.14,3.12,3.14,2300,0
BRH,5,20210308,164500,3.09,3.14,3.09,3.14,1198,0
BRH,5,20210309,090000,3.14,3.15,3,3,16406,0
BRH,5,20210309,090500,3.02,3.09,2.92,3.09,13920,0
BRH,5,20210309,092000,3.08,3.13,3.08,3.13,3950,0
BRH,5,20210309,092500,3.13,3.13,3.13,3.13,3547,0
BRH,5,20210309,093000,3.05,3.18,3.03,3.18,22258,0
BRH,5,20210309,093500,3.18,3.19,3.17,3.19,3700,0
BRH,5,20210309,095500,3.17,3.19,3.17,3.19,5559,0
BRH,5,20210309,100000,3.19,3.25,3.19,3.25,28679,0
BRH,5,20210309,100500,3.24,3.25,3.24,3.25,8441,0
BRH,5,20210309,101000,3.25,3.28,3.25,3.28,4491,0
BRH,5,20210309,101500,3.28,3.29,3.25,3.25,14779,0
BRH,5,20210309,102000,3.29,3.33,3.29,3.33,14034,0
BRH,5,20210309,102500,3.33,3.35,3.33,3.35,17133,0
BRH,5,20210309,103000,3.35,3.35,3.34,3.34,665,0
BRH,5,20210309,103500,3.33,3.33,3.26,3.26,670,0
BRH,5,20210309,104000,3.27,3.31,3.27,3.31,1640,0
BRH,5,20210309,104500,3.33,3.39,3.33,3.39,42594,0
BRH,5,20210309,105000,3.39,3.45,3.39,3.42,37204,0
BRH,5,20210309,105500,3.42,3.42,3.4,3.41,1561,0
BRH,5,20210309,110000,3.42,3.44,3.4,3.4,8182,0
BRH,5,20210309,110500,3.41,3.41,3.4,3.4,750,0
BRH,5,20210309,111000,3.4,3.42,3.4,3.4,2150,0
BRH,5,20210309,111500,3.4,3.4,3.31,3.31,6917,0
BRH,5,20210309,112000,3.31,3.36,3.28,3.36,5300,0
BRH,5,20210309,112500,3.36,3.38,3.36,3.38,1429,0
BRH,5,20210309,113000,3.38,3.38,3.38,3.38,30,0
BRH,5,20210309,113500,3.36,3.38,3.36,3.38,1293,0
BRH,5,20210309,114000,3.34,3.34,3.28,3.3,5132,0
BRH,5,20210309,114500,3.3,3.3,3.13,3.3,17971,0
BRH,5,20210309,115000,3.24,3.29,3.12,3.29,4935,0
BRH,5,20210309,115500,3.24,3.28,3.24,3.28,750,0
BRH,5,20210309,120000,3.28,3.28,3.2,3.2,910,0
BRH,5,20210309,120500,3.2,3.26,3.2,3.26,1323,0
BRH,5,20210309,121500,3.25,3.25,3.25,3.25,500,0
BRH,5,20210309,122000,3.22,3.22,3.22,3.22,4600,0
BRH,5,20210309,122500,3.2,3.2,3.2,3.2,3732,0
BRH,5,20210309,123000,3.2,3.2,3.2,3.2,500,0
BRH,5,20210309,123500,3.2,3.27,3.2,3.27,1776,0
BRH,5,20210309,124000,3.18,3.18,3.16,3.16,5009,0
BRH,5,20210309,124500,3.25,3.25,3.25,3.25,240,0
BRH,5,20210309,125000,3.25,3.25,3.25,3.25,514,0
BRH,5,20210309,125500,3.25,3.25,3.21,3.21,401,0
BRH,5,20210309,130000,3.27,3.27,3.27,3.27,1233,0
BRH,5,20210309,130500,3.25,3.25,3.25,3.25,3600,0
BRH,5,20210309,131000,3.25,3.25,3.25,3.25,38,0
BRH,5,20210309,132000,3.25,3.28,3.25,3.28,2320,0
BRH,5,20210309,132500,3.28,3.28,3.28,3.28,171,0
BRH,5,20210309,133500,3.22,3.22,3.2,3.2,722,0
BRH,5,20210309,134000,3.2,3.2,3.2,3.2,1000,0
BRH,5,20210309,134500,3.2,3.22,3.2,3.22,1195,0
BRH,5,20210309,142000,3.22,3.22,3.22,3.22,842,0
BRH,5,20210309,142500,3.2,3.22,3.2,3.22,4020,0
BRH,5,20210309,143500,3.22,3.26,3.22,3.26,2257,0
BRH,5,20210309,144000,3.26,3.26,3.26,3.26,309,0
BRH,5,20210309,144500,3.27,3.27,3.27,3.27,120,0
BRH,5,20210309,145000,3.28,3.3,3.28,3.3,10000,0
BRH,5,20210309,145500,3.3,3.3,3.3,3.3,840,0
BRH,5,20210309,152500,3.3,3.37,3.3,3.37,3000,0
BRH,5,20210309,154000,3.38,3.38,3.38,3.38,683,0
BRH,5,20210309,154500,3.3,3.3,3.3,3.3,60,0
BRH,5,20210309,155000,3.35,3.35,3.35,3.35,15,0
BRH,5,20210309,155500,3.35,3.35,3.35,3.35,300,0
BRH,5,20210309,160000,3.3,3.3,3.3,3.3,50,0
BRH,5,20210309,160500,3.33,3.33,3.33,3.33,100,0
BRH,5,20210309,161000,3.33,3.37,3.33,3.37,4908,0
BRH,5,20210309,161500,3.38,3.38,3.38,3.38,1200,0
BRH,5,20210309,162000,3.3,3.3,3.28,3.28,1950,0
BRH,5,20210309,162500,3.29,3.29,3.29,3.29,500,0
BRH,5,20210309,163500,3.3,3.3,3.3,3.3,500,0
BRH,5,20210309,164000,3.34,3.34,3.22,3.22,16500,0
BRH,5,20210309,164500,3.3,3.3,3.3,3.3,77,0
BRH,5,20210309,165500,3.29,3.29,3.29,3.29,1600,0
BRH,5,20210310,090000,3.34,3.36,3.3,3.36,7060,0
BRH,5,20210310,090500,3.36,3.37,3.3,3.37,5075,0
BRH,5,20210310,091500,3.34,3.34,3.3,3.34,6710,0
BRH,5,20210310,092000,3.29,3.34,3.03,3.34,8557,0
BRH,5,20210310,092500,3.3,3.3,3.3,3.3,6000,0
BRH,5,20210310,094000,3.22,3.24,3.1,3.24,10050,0
BRH,5,20210310,094500,3.2,3.2,3.2,3.2,1229,0
BRH,5,20210310,095000,3.13,3.13,3.1,3.1,8899,0
BRH,5,20210310,095500,3.17,3.17,3.17,3.17,500,0
BRH,5,20210310,100000,3.16,3.17,3.16,3.17,4450,0
BRH,5,20210310,100500,3.17,3.17,3.17,3.17,378,0
BRH,5,20210310,101000,3.11,3.11,3.1,3.1,5515,0
BRH,5,20210310,101500,3.15,3.15,3.15,3.15,500,0
BRH,5,20210310,102000,3.15,3.15,3.15,3.15,800,0
BRH,5,20210310,103000,3.16,3.16,3.16,3.16,1795,0
BRH,5,20210310,104500,3.16,3.16,3.16,3.16,200,0
BRH,5,20210310,105000,3.16,3.16,3.16,3.16,635,0
BRH,5,20210310,110000,3.17,3.18,3.17,3.18,5000,0
BRH,5,20210310,111000,3.18,3.18,3.1,3.1,10127,0
BRH,5,20210310,114000,3.19,3.19,3.19,3.19,1000,0
BRH,5,20210310,115500,3.19,3.19,3.19,3.19,1000,0
BRH,5,20210310,123500,3.18,3.18,3.18,3.18,1000,0
BRH,5,20210310,124000,3.16,3.16,3.15,3.15,635,0
BRH,5,20210310,124500,3.15,3.15,3.15,3.15,300,0
BRH,5,20210310,130500,3.15,3.15,3.15,3.15,466,0
BRH,5,20210310,131500,3.11,3.11,3.11,3.11,2316,0
BRH,5,20210310,134000,3.11,3.11,3.1,3.1,719,0
BRH,5,20210310,134500,3.1,3.1,3.05,3.05,20000,0
BRH,5,20210310,135000,3.1,3.15,3.1,3.13,5650,0
BRH,5,20210310,135500,3.07,3.07,3.07,3.07,2077,0
BRH,5,20210310,141000,3.09,3.11,3.09,3.11,2600,0
BRH,5,20210310,141500,3.11,3.13,3.11,3.13,858,0
BRH,5,20210310,143500,3.13,3.13,3.13,3.13,100,0
BRH,5,20210310,145000,3.08,3.08,3.06,3.06,5000,0
BRH,5,20210310,145500,3.06,3.06,3.06,3.06,150,0
BRH,5,20210310,152000,3.06,3.06,3.06,3.06,250,0
BRH,5,20210310,153000,3.06,3.06,3.06,3.06,1000,0
BRH,5,20210310,153500,3.06,3.06,3.06,3.06,150,0
BRH,5,20210310,155000,3.1,3.1,3.1,3.1,642,0
BRH,5,20210310,160000,3.1,3.1,3.1,3.1,130,0
BRH,5,20210310,164500,3.1,3.1,3.1,3.1,100,0
BRH,5,20210311,090000,3.05,3.05,3.03,3.03,2970,0
BRH,5,20210311,090500,3.03,3.1,3.01,3.1,3698,0
BRH,5,20210311,091500,3.03,3.03,3.01,3.01,4694,0
BRH,5,20210311,092500,3.02,3.02,3.01,3.01,1550,0
BRH,5,20210311,093000,3.01,3.15,3,3.15,25070,0
BRH,5,20210311,093500,3.15,3.15,3.13,3.13,900,0
BRH,5,20210311,095000,3.14,3.14,3.14,3.14,300,0
BRH,5,20210311,101500,3.11,3.11,3.11,3.11,300,0
BRH,5,20210311,110000,3.08,3.08,3.07,3.07,3717,0
BRH,5,20210311,112000,3.04,3.04,3.04,3.04,500,0
BRH,5,20210311,112500,3.01,3.01,3.01,3.01,2000,0
BRH,5,20210311,113000,3.01,3.01,3,3,6682,0
BRH,5,20210311,113500,3,3,2.95,2.95,2669,0
BRH,5,20210311,114500,2.95,2.95,2.95,2.95,1346,0
BRH,5,20210311,115000,2.99,2.99,2.96,2.96,1271,0
BRH,5,20210311,115500,3,3,3,3,1000,0
BRH,5,20210311,120000,3.03,3.03,3,3,2500,0
BRH,5,20210311,120500,3.04,3.04,3,3,1769,0
BRH,5,20210311,121000,3,3,3,3,231,0
BRH,5,20210311,123000,3,3,3,3,252,0
BRH,5,20210311,132000,3.04,3.04,3.04,3.04,743,0
BRH,5,20210311,133500,3,3,2.98,2.98,3247,0
BRH,5,20210311,140000,2.97,2.97,2.97,2.97,1500,0
BRH,5,20210311,141000,3,3,3,3,1000,0
BRH,5,20210311,154000,3,3.05,3,3.05,500,0
BRH,5,20210311,164500,3,3,3,3,2798,0
BRH,5,20210312,090000,3,3,3,3,1213,0
BRH,5,20210312,091000,2.94,2.94,2.94,2.94,1845,0
BRH,5,20210312,091500,2.94,2.94,2.9,2.9,22700,0
BRH,5,20210312,092000,2.95,2.99,2.95,2.99,3000,0
BRH,5,20210312,092500,2.92,2.92,2.92,2.92,685,0
BRH,5,20210312,093500,2.95,2.95,2.9,2.9,8537,0
BRH,5,20210312,094000,2.9,2.9,2.9,2.9,2038,0
BRH,5,20210312,095000,2.91,2.91,2.82,2.84,16500,0
BRH,5,20210312,095500,2.85,2.9,2.85,2.9,3000,0
BRH,5,20210312,100500,2.9,2.9,2.9,2.9,430,0
BRH,5,20210312,102000,2.92,2.92,2.92,2.92,352,0
BRH,5,20210312,102500,2.93,2.93,2.93,2.93,400,0
BRH,5,20210312,104000,2.93,2.93,2.93,2.93,50,0
BRH,5,20210312,104500,2.93,2.93,2.93,2.93,900,0
BRH,5,20210312,113000,2.91,2.92,2.86,2.86,3384,0
BRH,5,20210312,114000,2.9,2.9,2.9,2.9,690,0
BRH,5,20210312,115000,2.93,2.93,2.93,2.93,500,0
BRH,5,20210312,121500,2.9,2.9,2.9,2.9,810,0
BRH,5,20210312,122500,2.9,2.94,2.9,2.94,490,0
BRH,5,20210312,123000,2.94,2.94,2.9,2.9,1300,0
BRH,5,20210312,134000,2.94,2.94,2.94,2.94,600,0
BRH,5,20210312,140500,2.92,2.92,2.92,2.92,783,0
BRH,5,20210312,141000,2.92,2.92,2.91,2.91,743,0
BRH,5,20210312,143500,2.94,2.94,2.91,2.91,2200,0
BRH,5,20210312,144000,2.91,2.91,2.9,2.9,4500,0
BRH,5,20210312,145500,2.94,2.94,2.94,2.94,200,0
BRH,5,20210312,153500,2.93,2.93,2.93,2.93,1000,0
BRH,5,20210312,155500,2.94,2.94,2.94,2.94,648,0
BRH,5,20210312,160000,2.95,2.97,2.95,2.97,2375,0
BRH,5,20210312,160500,2.97,2.97,2.97,2.97,440,0
BRH,5,20210312,161000,2.97,2.97,2.97,2.97,844,0
BRH,5,20210312,162000,2.97,3.01,2.97,3,7000,0
BRH,5,20210312,162500,3.01,3.05,3.01,3.05,7079,0
BRH,5,20210312,163000,3.06,3.06,3.05,3.05,1685,0
BRH,5,20210312,163500,3.05,3.07,3.05,3.07,2000,0
BRH,5,20210312,164500,3.05,3.06,3.01,3.01,3500,0
BRH,5,20210315,090000,3.04,3.05,3.04,3.05,397,0
BRH,5,20210315,090500,3.01,3.01,3.01,3.01,530,0
BRH,5,20210315,094000,3.04,3.04,3.04,3.04,500,0
BRH,5,20210315,095000,3.01,3.01,3.01,3.01,900,0
BRH,5,20210315,103000,3.01,3.01,3.01,3.01,361,0
BRH,5,20210315,103500,3.01,3.01,3.01,3.01,109,0
BRH,5,20210315,104000,3,3,3,3,891,0
BRH,5,20210315,104500,3,3,3,3,1400,0
BRH,5,20210315,105500,2.95,2.95,2.93,2.93,1554,0
BRH,5,20210315,114000,2.94,2.94,2.94,2.94,830,0
BRH,5,20210315,121000,2.95,2.95,2.95,2.95,100,0
BRH,5,20210315,123000,2.95,2.99,2.95,2.99,817,0
BRH,5,20210315,123500,3,3,2.95,2.95,1000,0
BRH,5,20210315,131000,2.97,2.97,2.97,2.97,425,0
BRH,5,20210315,133000,3.02,3.02,3.02,3.02,890,0
BRH,5,20210315,134000,2.99,2.99,2.95,2.95,3000,0
BRH,5,20210315,135500,2.96,2.96,2.96,2.96,6000,0
BRH,5,20210315,143500,3,3.02,3,3.02,1664,0
BRH,5,20210315,153000,3.01,3.01,3.01,3.01,1000,0
BRH,5,20210315,153500,2.97,2.97,2.95,2.95,3000,0
BRH,5,20210315,161000,2.95,2.95,2.95,2.95,1700,0
BRH,5,20210315,164500,2.95,2.95,2.94,2.94,3600,0
BRH,5,20210316,090000,2.95,2.95,2.95,2.95,700,0
BRH,5,20210316,090500,2.94,2.94,2.92,2.92,1000,0
BRH,5,20210316,091000,2.92,2.92,2.92,2.92,1748,0
BRH,5,20210316,091500,2.92,2.92,2.92,2.92,1000,0
BRH,5,20210316,093000,2.98,2.98,2.98,2.98,800,0
BRH,5,20210316,095000,2.95,2.95,2.9,2.9,12000,0
BRH,5,20210316,095500,2.92,2.92,2.92,2.92,685,0
BRH,5,20210316,100000,2.92,2.92,2.92,2.92,3000,0
BRH,5,20210316,101500,2.96,2.96,2.96,2.96,500,0
BRH,5,20210316,102500,2.95,2.95,2.95,2.95,1500,0
BRH,5,20210316,104000,2.96,2.96,2.96,2.96,30,0
BRH,5,20210316,104500,2.98,3,2.98,3,1740,0
BRH,5,20210316,105000,2.95,3.02,2.94,3.02,7530,0
BRH,5,20210316,105500,2.98,2.98,2.98,2.98,664,0
BRH,5,20210316,111000,3.02,3.02,3.02,3.02,16,0
BRH,5,20210316,115500,3,3,3,3,17,0
BRH,5,20210316,122000,3,3,3,3,300,0
BRH,5,20210316,131000,2.95,2.95,2.95,2.95,900,0
BRH,5,20210316,140500,2.98,2.98,2.98,2.98,116,0
BRH,5,20210316,143000,2.98,2.98,2.98,2.98,200,0
BRH,5,20210316,150000,2.98,3.02,2.98,3.02,9315,0
BRH,5,20210316,150500,3.02,3.03,3.02,3.03,1570,0
BRH,5,20210316,152000,2.96,2.96,2.96,2.96,500,0
BRH,5,20210316,154500,2.96,2.96,2.95,2.95,2000,0
BRH,5,20210316,162000,2.99,2.99,2.99,2.99,870,0
BRH,5,20210316,162500,2.99,2.99,2.99,2.99,391,0
BRH,5,20210316,163000,3,3.04,3,3.04,7483,0
BRH,5,20210316,163500,2.97,2.97,2.96,2.96,3646,0
BRH,5,20210316,164000,2.96,2.99,2.96,2.99,855,0
BRH,5,20210316,164500,2.98,2.98,2.98,2.98,1047,0
BRH,5,20210317,090000,2.96,2.96,2.96,2.96,470,0
BRH,5,20210317,090500,2.95,2.95,2.95,2.95,190,0
BRH,5,20210317,091000,2.91,2.91,2.9,2.9,5244,0
BRH,5,20210317,091500,2.95,2.98,2.95,2.98,1000,0
BRH,5,20210317,094000,2.93,2.93,2.92,2.92,1000,0
BRH,5,20210317,094500,2.92,2.92,2.9,2.9,7000,0
BRH,5,20210317,095500,2.94,2.94,2.89,2.89,2815,0
BRH,5,20210317,101000,2.9,2.9,2.89,2.89,4336,0
BRH,5,20210317,101500,2.89,2.89,2.89,2.89,664,0
BRH,5,20210317,113500,2.89,2.89,2.85,2.86,12686,0
BRH,5,20210317,114000,2.86,2.86,2.86,2.86,100,0
BRH,5,20210317,115000,2.86,2.86,2.86,2.86,1135,0
BRH,5,20210317,115500,2.86,2.86,2.86,2.86,1000,0
BRH,5,20210317,120000,2.86,2.86,2.86,2.86,800,0
BRH,5,20210317,120500,2.86,2.95,2.86,2.95,1700,0
BRH,5,20210317,121000,2.86,2.86,2.83,2.83,4004,0
BRH,5,20210317,121500,2.84,2.84,2.84,2.84,70,0
BRH,5,20210317,122000,2.86,2.86,2.84,2.84,8000,0
BRH,5,20210317,125500,2.86,2.89,2.85,2.89,2217,0
BRH,5,20210317,130500,2.86,2.86,2.85,2.85,1700,0
BRH,5,20210317,131000,2.85,2.85,2.82,2.82,5100,0
BRH,5,20210317,132000,2.88,2.88,2.88,2.88,300,0
BRH,5,20210317,132500,2.84,2.84,2.84,2.84,1650,0
BRH,5,20210317,133000,2.84,2.84,2.8,2.84,19510,0
BRH,5,20210317,133500,2.8,2.83,2.8,2.8,10132,0
BRH,5,20210317,134000,2.84,2.84,2.84,2.84,130,0
BRH,5,20210317,134500,2.84,2.84,2.84,2.84,500,0
BRH,5,20210317,135500,2.84,2.84,2.84,2.84,414,0
BRH,5,20210317,140000,2.84,2.84,2.84,2.84,488,0
BRH,5,20210317,140500,2.81,2.81,2.81,2.81,500,0
BRH,5,20210317,141000,2.81,2.81,2.81,2.81,500,0
BRH,5,20210317,143000,2.82,2.82,2.8,2.8,5019,0
BRH,5,20210317,144500,2.81,2.84,2.8,2.84,7843,0
BRH,5,20210317,145000,2.84,2.84,2.84,2.84,500,0
BRH,5,20210317,153000,2.84,2.84,2.84,2.84,455,0
BRH,5,20210317,154000,2.83,2.83,2.83,2.83,1365,0
BRH,5,20210317,154500,2.82,2.82,2.8,2.8,6237,0
BRH,5,20210317,155500,2.8,2.83,2.8,2.83,1350,0
BRH,5,20210317,161000,2.8,2.83,2.78,2.83,7500,0
BRH,5,20210317,161500,2.82,2.82,2.82,2.82,1546,0
BRH,5,20210317,162000,2.82,2.82,2.82,2.82,1096,0
BRH,5,20210317,162500,2.82,2.82,2.82,2.82,710,0
BRH,5,20210317,163500,2.82,2.84,2.82,2.84,1650,0
BRH,5,20210317,164000,2.84,2.84,2.84,2.84,530,0
BRH,5,20210317,164500,2.84,2.85,2.84,2.85,1330,0
BRH,5,20210317,165500,2.87,2.87,2.87,2.87,3320,0
BRH,5,20210318,090000,2.88,2.88,2.75,2.75,4000,0
BRH,5,20210318,090500,2.8,2.8,2.8,2.8,715,0
BRH,5,20210318,091000,2.9,2.9,2.9,2.9,500,0
BRH,5,20210318,092000,2.85,2.85,2.85,2.85,1000,0
BRH,5,20210318,094500,2.85,2.85,2.85,2.85,500,0
BRH,5,20210318,103500,2.85,2.85,2.85,2.85,200,0
BRH,5,20210318,111500,2.85,2.87,2.85,2.87,851,0
BRH,5,20210318,123000,2.84,2.84,2.84,2.84,1000,0
BRH,5,20210318,135500,2.84,2.84,2.84,2.84,1850,0
BRH,5,20210318,141500,2.83,2.83,2.83,2.83,200,0
BRH,5,20210318,142000,2.83,2.83,2.83,2.83,205,0
BRH,5,20210318,142500,2.82,2.84,2.82,2.84,5195,0
BRH,5,20210318,143000,2.87,2.87,2.87,2.87,670,0
BRH,5,20210318,143500,2.87,2.88,2.87,2.88,1456,0
BRH,5,20210318,144000,2.87,2.87,2.87,2.87,155,0
BRH,5,20210318,145500,2.87,2.89,2.87,2.89,805,0
BRH,5,20210318,150000,2.89,2.89,2.89,2.89,600,0
BRH,5,20210318,150500,2.85,2.85,2.85,2.85,5000,0
BRH,5,20210318,154500,2.85,2.85,2.85,2.85,700,0
BRH,5,20210318,164500,2.88,2.88,2.88,2.88,105,0
BRH,5,20210319,090000,2.84,2.84,2.78,2.78,5501,0
BRH,5,20210319,091500,2.8,2.8,2.8,2.8,1000,0
BRH,5,20210319,093500,2.81,2.81,2.81,2.81,670,0
BRH,5,20210319,095000,2.8,2.8,2.8,2.8,627,0
BRH,5,20210319,101000,2.8,2.8,2.8,2.8,100,0
BRH,5,20210319,103500,2.8,2.8,2.8,2.8,540,0
BRH,5,20210319,104000,2.8,2.8,2.8,2.8,460,0
BRH,5,20210319,104500,2.8,2.8,2.8,2.8,1000,0
BRH,5,20210319,105500,2.8,2.8,2.8,2.8,431,0
BRH,5,20210319,110000,2.81,2.81,2.81,2.81,357,0
BRH,5,20210319,111500,2.8,2.8,2.8,2.8,511,0
BRH,5,20210319,112500,2.8,2.8,2.8,2.8,754,0
BRH,5,20210319,113000,2.8,2.81,2.8,2.81,2000,0
BRH,5,20210319,115000,2.81,2.81,2.81,2.81,728,0
BRH,5,20210319,115500,2.8,2.8,2.8,2.8,600,0
BRH,5,20210319,124000,2.85,2.88,2.85,2.87,3367,0
BRH,5,20210319,124500,2.87,2.98,2.87,2.98,19314,0
BRH,5,20210319,125000,2.94,2.97,2.94,2.96,2039,0
BRH,5,20210319,125500,2.94,2.94,2.94,2.94,159,0
BRH,5,20210319,132000,2.91,2.91,2.91,2.91,359,0
BRH,5,20210319,132500,2.85,2.85,2.8,2.8,7982,0
BRH,5,20210319,133000,2.83,2.83,2.83,2.83,2959,0
BRH,5,20210319,133500,2.82,2.82,2.8,2.8,8022,0
BRH,5,20210319,134000,2.8,2.8,2.8,2.8,2319,0
BRH,5,20210319,134500,2.85,2.87,2.85,2.87,1025,0
BRH,5,20210319,135000,2.81,2.81,2.81,2.81,67,0
BRH,5,20210319,144000,2.83,2.83,2.81,2.81,2959,0
BRH,5,20210319,145500,2.81,2.81,2.81,2.81,336,0
BRH,5,20210319,151500,2.86,2.87,2.86,2.87,2217,0
BRH,5,20210319,152000,2.87,2.87,2.87,2.87,783,0
BRH,5,20210319,160500,2.84,2.84,2.82,2.82,1500,0
BRH,5,20210319,162500,2.84,2.84,2.82,2.82,970,0
BRH,5,20210319,164500,2.86,2.86,2.86,2.86,16,0
BRH,5,20210322,090000,2.89,2.89,2.89,2.89,4411,0
BRH,5,20210322,091000,2.9,2.91,2.9,2.91,820,0
BRH,5,20210322,091500,2.91,2.95,2.91,2.95,1507,0
BRH,5,20210322,092000,2.93,2.93,2.9,2.9,1893,0
BRH,5,20210322,093500,2.9,2.95,2.86,2.95,14500,0
BRH,5,20210322,094000,2.93,2.93,2.93,2.93,98,0
BRH,5,20210322,095000,2.92,2.92,2.92,2.92,1500,0
BRH,5,20210322,105500,2.92,2.92,2.92,2.92,393,0
BRH,5,20210322,110000,2.92,2.92,2.92,2.92,107,0
BRH,5,20210322,111000,2.91,2.91,2.91,2.91,395,0
BRH,5,20210322,111500,2.93,2.93,2.93,2.93,1000,0
BRH,5,20210322,112000,2.93,2.93,2.93,2.93,386,0
BRH,5,20210322,120500,2.93,2.93,2.93,2.93,350,0
BRH,5,20210322,122000,2.93,2.93,2.93,2.93,293,0
BRH,5,20210322,124000,2.92,2.92,2.92,2.92,1000,0
BRH,5,20210322,125500,2.91,2.91,2.91,2.91,450,0
BRH,5,20210322,130500,2.91,2.91,2.91,2.91,655,0
BRH,5,20210322,142500,2.9,2.9,2.9,2.9,90,0
BRH,5,20210322,143000,2.9,2.9,2.9,2.9,182,0
BRH,5,20210322,143500,2.9,2.9,2.9,2.9,650,0
BRH,5,20210322,160500,2.9,2.9,2.9,2.9,131,0
BRH,5,20210322,163000,2.89,2.91,2.88,2.91,1890,0
BRH,5,20210322,163500,2.87,2.87,2.87,2.87,500,0
BRH,5,20210322,164000,2.86,2.86,2.86,2.86,424,0
BRH,5,20210322,164500,2.9,2.9,2.9,2.9,1000,0
BRH,5,20210323,091500,2.9,2.9,2.87,2.87,707,0
BRH,5,20210323,094000,2.92,2.92,2.92,2.92,3,0
BRH,5,20210323,095000,2.88,2.88,2.84,2.84,4000,0
BRH,5,20210323,095500,2.86,2.86,2.82,2.82,9000,0
BRH,5,20210323,101500,2.88,2.88,2.88,2.88,2,0
BRH,5,20210323,115500,2.85,2.85,2.85,2.85,5000,0
BRH,5,20210323,120000,2.87,2.91,2.87,2.91,2500,0
BRH,5,20210323,121000,2.87,2.87,2.87,2.87,2480,0
BRH,5,20210323,123000,2.91,2.91,2.91,2.91,1,0
BRH,5,20210323,152000,2.86,2.86,2.86,2.86,1000,0
BRH,5,20210323,153500,2.86,2.86,2.86,2.86,185,0
BRH,5,20210323,165500,2.9,2.9,2.9,2.9,10,0
BRH,5,20210324,093000,2.84,2.84,2.84,2.84,705,0
BRH,5,20210324,094500,2.84,2.84,2.84,2.84,200,0
BRH,5,20210324,100000,2.84,2.84,2.84,2.84,500,0
BRH,5,20210324,100500,2.84,2.84,2.84,2.84,595,0
BRH,5,20210324,101500,2.84,2.84,2.84,2.84,1550,0
BRH,5,20210324,102000,2.84,2.84,2.84,2.84,1450,0
BRH,5,20210324,104500,2.82,2.82,2.75,2.75,21295,0
BRH,5,20210324,105000,2.78,2.8,2.78,2.8,915,0
BRH,5,20210324,111000,2.79,2.79,2.79,2.79,560,0
BRH,5,20210324,111500,2.79,2.79,2.79,2.79,240,0
BRH,5,20210324,123000,2.84,2.84,2.84,2.84,555,0
BRH,5,20210324,124500,2.85,2.85,2.85,2.85,100,0
BRH,5,20210324,125000,2.84,2.84,2.84,2.84,205,0
BRH,5,20210324,143000,2.81,2.81,2.8,2.8,1500,0
BRH,5,20210324,143500,2.79,2.79,2.79,2.79,500,0
BRH,5,20210324,144000,2.77,2.77,2.77,2.77,100,0
BRH,5,20210324,150000,2.78,2.78,2.78,2.78,500,0
BRH,5,20210324,152000,2.84,2.84,2.84,2.84,1095,0
BRH,5,20210324,152500,2.85,2.85,2.85,2.85,3905,0
BRH,5,20210324,155000,2.79,2.79,2.77,2.77,2394,0
BRH,5,20210324,160500,2.77,2.77,2.75,2.75,9842,0
BRH,5,20210324,161000,2.78,2.78,2.78,2.78,720,0
BRH,5,20210324,161500,2.8,2.8,2.8,2.8,500,0
BRH,5,20210324,164000,2.8,2.8,2.8,2.8,1000,0
BRH,5,20210324,164500,2.8,2.8,2.8,2.8,430,0
BRH,5,20210325,090000,2.8,2.8,2.8,2.8,500,0
BRH,5,20210325,090500,2.81,2.81,2.81,2.81,230,0
BRH,5,20210325,092000,2.77,2.77,2.77,2.77,363,0
BRH,5,20210325,093000,2.76,2.76,2.7,2.75,21156,0
BRH,5,20210325,094000,2.75,2.75,2.75,2.75,900,0
BRH,5,20210325,100500,2.72,2.72,2.72,2.72,1846,0
BRH,5,20210325,104000,2.71,2.72,2.71,2.72,6505,0
BRH,5,20210325,104500,2.71,2.71,2.71,2.71,2500,0
BRH,5,20210325,110000,2.72,2.72,2.72,2.72,246,0
BRH,5,20210325,112000,2.72,2.72,2.72,2.72,2010,0
BRH,5,20210325,114500,2.75,2.75,2.75,2.75,200,0
BRH,5,20210325,135000,2.74,2.74,2.74,2.74,690,0
BRH,5,20210325,143000,2.74,2.74,2.72,2.72,3098,0
BRH,5,20210325,150000,2.72,2.72,2.72,2.72,100,0
BRH,5,20210325,152500,2.72,2.72,2.7,2.7,3554,0
BRH,5,20210325,153000,2.7,2.7,2.7,2.7,2746,0
BRH,5,20210325,153500,2.7,2.7,2.65,2.65,20854,0
BRH,5,20210325,154000,2.69,2.69,2.69,2.69,745,0
BRH,5,20210325,160000,2.7,2.7,2.7,2.7,13907,0
BRH,5,20210325,162000,2.68,2.68,2.68,2.68,500,0
BRH,5,20210325,163000,2.68,2.68,2.68,2.68,1500,0
BRH,5,20210325,163500,2.68,2.68,2.68,2.68,1000,0
BRH,5,20210325,164500,2.73,2.73,2.73,2.73,500,0
BRH,5,20210326,090000,2.7,2.74,2.7,2.74,2241,0
BRH,5,20210326,090500,2.69,2.69,2.65,2.65,7000,0
BRH,5,20210326,091000,2.65,2.65,2.62,2.62,2830,0
BRH,5,20210326,091500,2.61,2.61,2.61,2.61,4600,0
BRH,5,20210326,092500,2.64,2.69,2.64,2.69,1250,0
BRH,5,20210326,093000,2.7,2.7,2.7,2.7,500,0
BRH,5,20210326,094000,2.69,2.69,2.62,2.62,6830,0
BRH,5,20210326,101000,2.65,2.65,2.65,2.65,83,0
BRH,5,20210326,102500,2.65,2.65,2.65,2.65,337,0
BRH,5,20210326,103500,2.65,2.65,2.65,2.65,163,0
BRH,5,20210326,104500,2.7,2.7,2.7,2.7,200,0
BRH,5,20210326,105500,2.7,2.7,2.7,2.7,400,0
BRH,5,20210326,111500,2.7,2.7,2.7,2.7,2350,0
BRH,5,20210326,113500,2.7,2.7,2.7,2.7,767,0
BRH,5,20210326,124000,2.7,2.7,2.7,2.7,233,0
BRH,5,20210326,133000,2.67,2.67,2.67,2.67,200,0
BRH,5,20210326,134000,2.67,2.67,2.67,2.67,100,0
BRH,5,20210326,134500,2.71,2.72,2.71,2.72,232,0
BRH,5,20210326,142000,2.72,2.72,2.72,2.72,1235,0
BRH,5,20210326,144500,2.73,2.73,2.73,2.73,742,0
BRH,5,20210326,151500,2.72,2.72,2.72,2.72,100,0
BRH,5,20210326,152500,2.72,2.72,2.72,2.72,200,0
BRH,5,20210326,161000,2.72,2.72,2.72,2.72,100,0
BRH,5,20210326,161500,2.73,2.73,2.73,2.73,1000,0
BRH,5,20210326,162000,2.73,2.73,2.73,2.73,1096,0
BRH,5,20210326,163000,2.7,2.7,2.7,2.7,2000,0
