<TICKER>,<PER>,<DATE>,<TIME>,<OPEN>,<HIGH>,<LOW>,<CLOSE>,<VOL>,<OPENINT>
BRO,5,20210204,110000,0.105,0.105,0.105,0.105,8775,0
BRO,5,20210204,110500,0.105,0.105,0.105,0.105,5000,0
BRO,5,20210204,111000,0.105,0.105,0.105,0.105,2334,0
BRO,5,20210204,112000,0.105,0.105,0.105,0.105,2828,0
BRO,5,20210204,112500,0.105,0.105,0.105,0.105,2000,0
BRO,5,20210204,150000,0.105,0.105,0.105,0.105,29077,0
BRO,5,20210205,110000,0.106,0.106,0.106,0.106,39293,0
BRO,5,20210205,112500,0.106,0.106,0.106,0.106,2469,0
BRO,5,20210205,150000,0.105,0.105,0.105,0.105,37739,0
BRO,5,20210208,110000,0.11,0.11,0.11,0.11,58805,0
BRO,5,20210208,150000,0.116,0.116,0.116,0.116,46346,0
BRO,5,20210209,110000,0.139,0.139,0.139,0.139,56358,0
BRO,5,20210209,110500,0.139,0.139,0.139,0.139,6800,0
BRO,5,20210209,150000,0.14,0.14,0.14,0.14,46517,0
BRO,5,20210209,152000,0.14,0.14,0.14,0.14,2000,0
BRO,5,20210210,110000,0.151,0.151,0.151,0.151,32700,0
BRO,5,20210210,150000,0.2,0.2,0.2,0.2,54317,0
BRO,5,20210210,150500,0.2,0.2,0.2,0.2,2300,0
BRO,5,20210210,152000,0.2,0.2,0.2,0.2,4000,0
BRO,5,20210210,152500,0.2,0.2,0.2,0.2,12547,0
BRO,5,20210211,110000,0.2,0.2,0.2,0.2,70397,0
BRO,5,20210211,110500,0.2,0.2,0.2,0.2,14947,0
BRO,5,20210211,112000,0.2,0.2,0.2,0.2,900,0
BRO,5,20210211,150000,0.102,0.102,0.102,0.102,234823,0
BRO,5,20210215,110000,0.139,0.139,0.139,0.139,48545,0
BRO,5,20210215,110500,0.139,0.139,0.139,0.139,45700,0
BRO,5,20210215,111000,0.139,0.139,0.139,0.139,6342,0
BRO,5,20210215,111500,0.139,0.139,0.139,0.139,20000,0
BRO,5,20210215,150000,0.16,0.16,0.16,0.16,19000,0
BRO,5,20210215,151000,0.16,0.16,0.16,0.16,940,0
BRO,5,20210215,152000,0.16,0.16,0.16,0.16,1000,0
BRO,5,20210216,110000,0.15,0.15,0.15,0.15,42511,0
BRO,5,20210216,110500,0.15,0.15,0.15,0.15,4000,0
BRO,5,20210216,150000,0.13,0.13,0.13,0.13,42011,0
BRO,5,20210216,151000,0.13,0.13,0.13,0.13,1276,0
BRO,5,20210217,110000,0.13,0.13,0.13,0.13,11517,0
BRO,5,20210217,111500,0.13,0.13,0.13,0.13,7483,0
BRO,5,20210217,150000,0.12,0.12,0.12,0.12,14768,0
BRO,5,20210217,152500,0.12,0.12,0.12,0.12,2790,0
BRO,5,20210218,110000,0.14,0.14,0.14,0.14,31507,0
BRO,5,20210218,111000,0.14,0.14,0.14,0.14,9457,0
BRO,5,20210218,150000,0.15,0.15,0.15,0.15,80251,0
BRO,5,20210218,150500,0.15,0.15,0.15,0.15,30945,0
BRO,5,20210218,151000,0.15,0.15,0.15,0.15,5000,0
BRO,5,20210219,110000,0.158,0.158,0.158,0.158,1300,0
BRO,5,20210219,150000,0.157,0.157,0.157,0.157,2500,0
BRO,5,20210222,110000,0.158,0.158,0.158,0.158,59900,0
BRO,5,20210222,150000,0.156,0.156,0.156,0.156,4781,0
BRO,5,20210223,110000,0.156,0.156,0.156,0.156,15000,0
BRO,5,20210223,110500,0.156,0.156,0.156,0.156,14773,0
BRO,5,20210223,150000,0.156,0.156,0.156,0.156,12700,0
BRO,5,20210223,151000,0.156,0.156,0.156,0.156,38207,0
BRO,5,20210224,110000,0.109,0.109,0.109,0.109,266188,0
BRO,5,20210224,112500,0.109,0.109,0.109,0.109,7000,0
BRO,5,20210224,150000,0.125,0.125,0.125,0.125,24444,0
BRO,5,20210224,152500,0.125,0.125,0.125,0.125,2000,0
BRO,5,20210225,110000,0.158,0.158,0.158,0.158,180890,0
BRO,5,20210225,110500,0.158,0.158,0.158,0.158,15000,0
BRO,5,20210225,111000,0.158,0.158,0.158,0.158,2510,0
BRO,5,20210225,112000,0.158,0.158,0.158,0.158,2000,0
BRO,5,20210225,150000,0.158,0.158,0.158,0.158,161859,0
BRO,5,20210225,151500,0.158,0.158,0.158,0.158,16000,0
BRO,5,20210225,152000,0.158,0.158,0.158,0.158,37119,0
BRO,5,20210226,110000,0.222,0.222,0.222,0.222,220480,0
BRO,5,20210226,110500,0.222,0.222,0.222,0.222,6643,0
BRO,5,20210226,111500,0.222,0.222,0.222,0.222,178,0
BRO,5,20210226,112000,0.222,0.222,0.222,0.222,1870,0
BRO,5,20210226,112500,0.222,0.222,0.222,0.222,5000,0
BRO,5,20210226,150000,0.25,0.25,0.25,0.25,203035,0
BRO,5,20210226,150500,0.25,0.25,0.25,0.25,32487,0
BRO,5,20210226,151000,0.25,0.25,0.25,0.25,13767,0
BRO,5,20210226,151500,0.25,0.25,0.25,0.25,72192,0
BRO,5,20210226,152000,0.25,0.25,0.25,0.25,5804,0
BRO,5,20210226,152500,0.25,0.25,0.25,0.25,11000,0
BRO,5,20210301,110000,0.294,0.294,0.294,0.294,278768,0
BRO,5,20210301,110500,0.294,0.294,0.294,0.294,23500,0
BRO,5,20210301,111000,0.294,0.294,0.294,0.294,2690,0
BRO,5,20210301,111500,0.294,0.294,0.294,0.294,16782,0
BRO,5,20210301,112000,0.294,0.294,0.294,0.294,5180,0
BRO,5,20210301,112500,0.294,0.294,0.294,0.294,15135,0
BRO,5,20210301,150000,0.294,0.294,0.294,0.294,396472,0
BRO,5,20210301,151000,0.294,0.294,0.294,0.294,11000,0
BRO,5,20210301,151500,0.294,0.294,0.294,0.294,11,0
BRO,5,20210301,152000,0.294,0.294,0.294,0.294,48292,0
BRO,5,20210301,152500,0.294,0.294,0.294,0.294,51404,0
BRO,5,20210302,110000,0.35,0.35,0.35,0.35,144329,0
BRO,5,20210302,110500,0.35,0.35,0.35,0.35,42489,0
BRO,5,20210302,111000,0.35,0.35,0.35,0.35,75968,0
BRO,5,20210302,111500,0.35,0.35,0.35,0.35,1000,0
BRO,5,20210302,112000,0.35,0.35,0.35,0.35,1000,0
BRO,5,20210302,150000,0.418,0.418,0.418,0.418,47855,0
BRO,5,20210302,150500,0.418,0.418,0.418,0.418,29646,0
BRO,5,20210302,151000,0.418,0.418,0.418,0.418,5000,0
BRO,5,20210302,152500,0.418,0.418,0.418,0.418,3000,0
BRO,5,20210305,110000,0.6,0.6,0.6,0.6,142693,0
BRO,5,20210305,110500,0.6,0.6,0.6,0.6,15908,0
BRO,5,20210305,111000,0.6,0.6,0.6,0.6,7468,0
BRO,5,20210305,111500,0.6,0.6,0.6,0.6,9991,0
BRO,5,20210305,112000,0.6,0.6,0.6,0.6,16930,0
BRO,5,20210305,112500,0.6,0.6,0.6,0.6,3765,0
BRO,5,20210305,150000,0.51,0.51,0.51,0.51,170277,0
BRO,5,20210305,150500,0.51,0.51,0.51,0.51,2580,0
BRO,5,20210305,151000,0.51,0.51,0.51,0.51,4000,0
BRO,5,20210305,151500,0.51,0.51,0.51,0.51,9724,0
BRO,5,20210305,152000,0.51,0.51,0.51,0.51,1250,0
BRO,5,20210305,152500,0.51,0.51,0.51,0.51,12388,0
BRO,5,20210308,110000,0.59,0.59,0.59,0.59,82943,0
BRO,5,20210308,110500,0.59,0.59,0.59,0.59,15093,0
BRO,5,20210308,111000,0.59,0.59,0.59,0.59,6253,0
BRO,5,20210308,111500,0.59,0.59,0.59,0.59,15700,0
BRO,5,20210308,112000,0.59,0.59,0.59,0.59,7059,0
BRO,5,20210308,112500,0.59,0.59,0.59,0.59,10149,0
BRO,5,20210308,150000,0.59,0.59,0.59,0.59,118998,0
BRO,5,20210308,150500,0.59,0.59,0.59,0.59,3536,0
BRO,5,20210308,151000,0.59,0.59,0.59,0.59,46881,0
BRO,5,20210308,151500,0.59,0.59,0.59,0.59,5000,0
BRO,5,20210308,152000,0.59,0.59,0.59,0.59,6543,0
BRO,5,20210309,110000,0.55,0.55,0.55,0.55,30319,0
BRO,5,20210309,110500,0.55,0.55,0.55,0.55,23107,0
BRO,5,20210309,111000,0.55,0.55,0.55,0.55,50,0
BRO,5,20210309,112000,0.55,0.55,0.55,0.55,1575,0
BRO,5,20210309,150500,0.442,0.442,0.442,0.442,83894,0
BRO,5,20210309,151000,0.442,0.442,0.442,0.442,24076,0
BRO,5,20210309,151500,0.442,0.442,0.442,0.442,15000,0
BRO,5,20210309,152000,0.442,0.442,0.442,0.442,4016,0
BRO,5,20210309,152500,0.442,0.442,0.442,0.442,750,0
BRO,5,20210310,110000,0.36,0.36,0.36,0.36,150699,0
BRO,5,20210310,110500,0.36,0.36,0.36,0.36,5700,0
BRO,5,20210310,111000,0.36,0.36,0.36,0.36,3000,0
BRO,5,20210310,111500,0.36,0.36,0.36,0.36,1213,0
BRO,5,20210310,112000,0.36,0.36,0.36,0.36,3280,0
BRO,5,20210310,150000,0.39,0.39,0.39,0.39,31266,0
BRO,5,20210310,151000,0.39,0.39,0.39,0.39,200,0
BRO,5,20210310,151500,0.39,0.39,0.39,0.39,2890,0
BRO,5,20210311,110000,0.39,0.39,0.39,0.39,25383,0
BRO,5,20210311,110500,0.39,0.39,0.39,0.39,950,0
BRO,5,20210311,111000,0.39,0.39,0.39,0.39,200,0
BRO,5,20210311,112000,0.39,0.39,0.39,0.39,16952,0
BRO,5,20210311,112500,0.39,0.39,0.39,0.39,32168,0
BRO,5,20210311,150000,0.39,0.39,0.39,0.39,146044,0
BRO,5,20210311,150500,0.39,0.39,0.39,0.39,33817,0
BRO,5,20210312,110000,0.45,0.45,0.45,0.45,14953,0
BRO,5,20210312,110500,0.45,0.45,0.45,0.45,1000,0
BRO,5,20210312,112000,0.45,0.45,0.45,0.45,2500,0
BRO,5,20210312,112500,0.45,0.45,0.45,0.45,150,0
BRO,5,20210312,150000,0.436,0.436,0.436,0.436,21947,0
BRO,5,20210312,152000,0.436,0.436,0.436,0.436,500,0
BRO,5,20210312,152500,0.436,0.436,0.436,0.436,13804,0
BRO,5,20210315,110000,0.428,0.428,0.428,0.428,60632,0
BRO,5,20210315,150000,0.4,0.4,0.4,0.4,9764,0
BRO,5,20210315,151000,0.4,0.4,0.4,0.4,1000,0
BRO,5,20210315,152000,0.4,0.4,0.4,0.4,4000,0
BRO,5,20210315,152500,0.4,0.4,0.4,0.4,32250,0
BRO,5,20210316,110000,0.4,0.4,0.4,0.4,14466,0
BRO,5,20210316,110500,0.4,0.4,0.4,0.4,3750,0
BRO,5,20210316,111500,0.4,0.4,0.4,0.4,2000,0
BRO,5,20210316,112500,0.4,0.4,0.4,0.4,1145,0
BRO,5,20210316,150000,0.38,0.38,0.38,0.38,5617,0
BRO,5,20210316,150500,0.38,0.38,0.38,0.38,500,0
BRO,5,20210316,152500,0.38,0.38,0.38,0.38,2000,0
BRO,5,20210317,110000,0.35,0.35,0.35,0.35,35116,0
BRO,5,20210317,150000,0.302,0.302,0.302,0.302,34159,0
BRO,5,20210317,150500,0.302,0.302,0.302,0.302,50000,0
BRO,5,20210317,151000,0.302,0.302,0.302,0.302,22000,0
BRO,5,20210317,151500,0.302,0.302,0.302,0.302,5100,0
BRO,5,20210317,152500,0.302,0.302,0.302,0.302,2600,0
BRO,5,20210318,110000,0.3,0.3,0.3,0.3,27284,0
BRO,5,20210318,110500,0.3,0.3,0.3,0.3,3715,0
BRO,5,20210318,112000,0.3,0.3,0.3,0.3,1000,0
BRO,5,20210318,112500,0.3,0.3,0.3,0.3,500,0
BRO,5,20210318,150000,0.3,0.3,0.3,0.3,64002,0
BRO,5,20210318,150500,0.3,0.3,0.3,0.3,4700,0
BRO,5,20210319,110000,0.36,0.36,0.36,0.36,32369,0
BRO,5,20210319,111000,0.36,0.36,0.36,0.36,6817,0
BRO,5,20210319,111500,0.36,0.36,0.36,0.36,2500,0
BRO,5,20210319,112500,0.36,0.36,0.36,0.36,2183,0
BRO,5,20210319,150000,0.35,0.35,0.35,0.35,56200,0
BRO,5,20210319,150500,0.35,0.35,0.35,0.35,3800,0
BRO,5,20210319,151000,0.35,0.35,0.35,0.35,1200,0
BRO,5,20210322,110000,0.37,0.37,0.37,0.37,3800,0
BRO,5,20210322,111000,0.37,0.37,0.37,0.37,1214,0
BRO,5,20210322,111500,0.37,0.37,0.37,0.37,5000,0
BRO,5,20210322,150000,0.408,0.408,0.408,0.408,5500,0
BRO,5,20210322,150500,0.408,0.408,0.408,0.408,4550,0
BRO,5,20210322,151000,0.408,0.408,0.408,0.408,3191,0
BRO,5,20210322,152000,0.408,0.408,0.408,0.408,15000,0
BRO,5,20210323,110000,0.406,0.406,0.406,0.406,21760,0
BRO,5,20210323,111500,0.406,0.406,0.406,0.406,2337,0
BRO,5,20210323,150000,0.402,0.402,0.402,0.402,571,0
BRO,5,20210323,150500,0.402,0.402,0.402,0.402,500,0
BRO,5,20210324,110000,0.402,0.402,0.402,0.402,501,0
BRO,5,20210324,112500,0.402,0.402,0.402,0.402,1000,0
BRO,5,20210324,150000,0.4,0.4,0.4,0.4,2050,0
BRO,5,20210324,152500,0.4,0.4,0.4,0.4,300,0
BRO,5,20210325,110000,0.396,0.396,0.396,0.396,6857,0
BRO,5,20210325,150000,0.324,0.324,0.324,0.324,59143,0
BRO,5,20210325,150500,0.324,0.324,0.324,0.324,6700,0
BRO,5,20210325,151000,0.324,0.324,0.324,0.324,6500,0
BRO,5,20210325,151500,0.324,0.324,0.324,0.324,1000,0
BRO,5,20210325,152000,0.324,0.324,0.324,0.324,2500,0
BRO,5,20210326,110000,0.386,0.386,0.386,0.386,700,0
BRO,5,20210326,110500,0.386,0.386,0.386,0.386,3000,0
BRO,5,20210326,150000,0.388,0.388,0.388,0.388,15338,0
BRO,5,20210326,150500,0.388,0.388,0.388,0.388,2500,0
BRO,5,20210326,152000,0.388,0.388,0.388,0.388,4468,0
