<TICKER>,<PER>,<DATE>,<TIME>,<OPEN>,<HIGH>,<LOW>,<CLOSE>,<VOL>,<OPENINT>
CDT,5,20210204,090000,3.82,3.82,3.82,3.82,285,0
CDT,5,20210204,090500,3.82,3.82,3.82,3.82,1,0
CDT,5,20210204,092500,3.9,3.9,3.9,3.9,100,0
CDT,5,20210204,093000,3.9,3.9,3.9,3.9,180,0
CDT,5,20210204,102000,3.9,3.9,3.9,3.9,20,0
CDT,5,20210204,103000,3.9,3.9,3.9,3.9,6,0
CDT,5,20210204,110000,3.94,3.94,3.94,3.94,400,0
CDT,5,20210204,112500,3.94,3.94,3.94,3.94,198,0
CDT,5,20210204,115000,3.9,4.02,3.9,4.02,1871,0
CDT,5,20210204,115500,4.02,4.02,4.02,4.02,198,0
CDT,5,20210204,120000,4.06,4.06,4.06,4.06,600,0
CDT,5,20210204,122500,4.08,4.08,4.08,4.08,250,0
CDT,5,20210204,123000,4.14,4.16,4.14,4.16,992,0
CDT,5,20210204,124000,4.06,4.06,4.06,4.06,1251,0
CDT,5,20210204,130500,4,4,4,4,100,0
CDT,5,20210204,133000,4.02,4.02,4.02,4.02,508,0
CDT,5,20210204,134000,4,4,4,4,250,0
CDT,5,20210204,140500,4,4,4,4,250,0
CDT,5,20210204,152500,4.02,4.02,4.02,4.02,500,0
CDT,5,20210204,153000,4.02,4.02,4.02,4.02,209,0
CDT,5,20210204,154000,4,4,3.9,3.9,4635,0
CDT,5,20210204,162500,3.92,3.92,3.9,3.9,3704,0
CDT,5,20210204,164500,4,4,4,4,20,0
CDT,5,20210205,100000,4,4,4,4,200,0
CDT,5,20210205,113500,3.9,3.9,3.74,3.74,1511,0
CDT,5,20210205,120000,4,4,4,4,80,0
CDT,5,20210205,125500,4,4,4,4,570,0
CDT,5,20210205,141500,3.8,3.8,3.8,3.8,250,0
CDT,5,20210205,150500,4,4,4,4,231,0
CDT,5,20210205,152000,3.8,3.8,3.8,3.8,250,0
CDT,5,20210205,155500,4.02,4.02,4.02,4.02,500,0
CDT,5,20210205,164500,4.1,4.1,4.1,4.1,100,0
CDT,5,20210208,090500,3.84,3.84,3.84,3.84,250,0
CDT,5,20210208,100000,3.9,3.9,3.9,3.9,77,0
CDT,5,20210208,104500,4,4,4,4,1100,0
CDT,5,20210208,110000,4,4,4,4,100,0
CDT,5,20210208,110500,4.1,4.12,4.1,4.12,100,0
CDT,5,20210208,111000,4.24,4.26,4.24,4.26,615,0
CDT,5,20210208,111500,4.02,4.02,3.9,3.9,2000,0
CDT,5,20210208,112500,3.9,3.9,3.9,3.9,32,0
CDT,5,20210208,113500,4.04,4.04,4.04,4.04,1000,0
CDT,5,20210208,141500,4.1,4.1,4.1,4.1,1,0
CDT,5,20210208,152000,4.1,4.1,4.1,4.1,245,0
CDT,5,20210208,162000,4,4,4,4,710,0
CDT,5,20210208,162500,4.22,4.22,4.22,4.22,1,0
CDT,5,20210208,164000,4.2,4.2,4.2,4.2,2748,0
CDT,5,20210208,164500,4.2,4.2,4.2,4.2,690,0
CDT,5,20210209,090000,4.1,4.1,4.1,4.1,50,0
CDT,5,20210209,101500,4,4,4,4,1000,0
CDT,5,20210209,120500,4.1,4.1,4.1,4.1,1303,0
CDT,5,20210209,155000,4.02,4.02,4.02,4.02,162,0
CDT,5,20210209,155500,4,4,3.9,3.9,1396,0
CDT,5,20210209,160000,3.88,3.88,3.86,3.86,3172,0
CDT,5,20210209,160500,3.9,3.9,3.9,3.9,55,0
CDT,5,20210209,162500,3.9,3.9,3.88,3.88,1800,0
CDT,5,20210209,163000,3.88,3.88,3.88,3.88,500,0
CDT,5,20210209,164500,4.04,4.04,4.04,4.04,50,0
CDT,5,20210210,092500,4.1,4.1,4.1,4.1,100,0
CDT,5,20210210,104000,4.04,4.04,4.04,4.04,1000,0
CDT,5,20210210,131500,4,4,4,4,100,0
CDT,5,20210210,143000,4,4,4,4,1550,0
CDT,5,20210210,152500,4,4.04,4,4.04,1000,0
CDT,5,20210210,164500,4,4,4,4,2087,0
CDT,5,20210211,090000,4.1,4.1,4.1,4.1,555,0
CDT,5,20210211,090500,4.06,4.1,4.06,4.1,1795,0
CDT,5,20210211,091000,4.16,4.16,4.16,4.16,107,0
CDT,5,20210211,091500,4.12,4.12,4.12,4.12,500,0
CDT,5,20210211,093000,4,4,4,4,520,0
CDT,5,20210211,095000,4,4,4,4,97,0
CDT,5,20210211,101500,4.12,4.12,4,4,3708,0
CDT,5,20210211,102000,3.98,3.98,3.98,3.98,250,0
CDT,5,20210211,105500,3.98,3.98,3.98,3.98,121,0
CDT,5,20210211,110000,4.02,4.04,4.02,4.04,1500,0
CDT,5,20210211,114500,4.04,4.04,4.04,4.04,237,0
CDT,5,20210211,122500,4.1,4.1,4.1,4.1,1950,0
CDT,5,20210211,123500,4.1,4.14,4.1,4.14,2915,0
CDT,5,20210211,124000,4.16,4.2,4.16,4.2,1200,0
CDT,5,20210211,124500,4.26,4.4,4.26,4.4,3191,0
CDT,5,20210211,133000,4.32,4.32,4.32,4.32,237,0
CDT,5,20210211,141500,4.26,4.28,4.26,4.28,1350,0
CDT,5,20210211,142000,4.28,4.3,4.2,4.2,1950,0
CDT,5,20210211,142500,4.28,4.28,4.28,4.28,153,0
CDT,5,20210211,143000,4.16,4.16,4.16,4.16,400,0
CDT,5,20210211,143500,4.3,4.3,4.3,4.3,250,0
CDT,5,20210211,144000,4.2,4.2,4.2,4.2,100,0
CDT,5,20210211,144500,4.2,4.3,4.2,4.3,905,0
CDT,5,20210211,151500,4.14,4.14,4.14,4.14,154,0
CDT,5,20210211,152500,4.3,4.3,4.14,4.14,502,0
CDT,5,20210211,153000,4.14,4.14,4.14,4.14,300,0
CDT,5,20210211,153500,4.16,4.16,4.16,4.16,501,0
CDT,5,20210211,154500,4.14,4.14,4.14,4.14,1,0
CDT,5,20210211,164500,4.28,4.28,4.18,4.18,925,0
CDT,5,20210212,090500,4.1,4.1,4.06,4.06,2174,0
CDT,5,20210212,091000,4.04,4.04,4.04,4.04,202,0
CDT,5,20210212,092000,4.04,4.04,4,4,2354,0
CDT,5,20210212,103000,4.1,4.1,4.1,4.1,50,0
CDT,5,20210212,103500,4.16,4.16,4.16,4.16,500,0
CDT,5,20210212,105000,4.18,4.18,4.12,4.12,1300,0
CDT,5,20210212,105500,4.18,4.18,4.18,4.18,118,0
CDT,5,20210212,110500,4.12,4.12,4.1,4.1,721,0
CDT,5,20210212,111000,3.98,3.98,3.98,3.98,279,0
CDT,5,20210212,122500,4.04,4.04,4.04,4.04,144,0
CDT,5,20210212,132000,4.04,4.04,4.04,4.04,256,0
CDT,5,20210212,133000,4.02,4.02,4.02,4.02,394,0
CDT,5,20210212,162500,4.08,4.08,4,4,3076,0
CDT,5,20210212,163000,4,4,4,4,24,0
CDT,5,20210212,164500,4.16,4.16,4.16,4.16,342,0
CDT,5,20210215,090000,4.16,4.16,4.16,4.16,25,0
CDT,5,20210215,090500,4.16,4.16,4.16,4.16,500,0
CDT,5,20210215,094000,4.16,4.16,4.16,4.16,130,0
CDT,5,20210215,110500,4.04,4.04,4,4,1707,0
CDT,5,20210215,114000,3.94,3.94,3.86,3.86,2610,0
CDT,5,20210215,133000,4.04,4.04,4.04,4.04,250,0
CDT,5,20210215,141000,4.06,4.06,4.06,4.06,200,0
CDT,5,20210215,141500,4.06,4.06,4.04,4.04,1063,0
CDT,5,20210215,154500,3.96,3.96,3.96,3.96,127,0
CDT,5,20210216,093500,4.14,4.14,4.14,4.14,10,0
CDT,5,20210216,101500,4.12,4.12,4.12,4.12,560,0
CDT,5,20210216,103500,4.02,4.02,3.9,3.9,2871,0
CDT,5,20210216,110000,4,4,4,4,1000,0
CDT,5,20210216,111000,4.08,4.1,4.08,4.1,2200,0
CDT,5,20210216,111500,4.06,4.06,4.06,4.06,600,0
CDT,5,20210216,120000,4.06,4.06,4.06,4.06,100,0
CDT,5,20210216,124500,4.04,4.04,4.04,4.04,1,0
CDT,5,20210216,162500,4.04,4.04,4.04,4.04,250,0
CDT,5,20210217,090000,4.06,4.2,4.06,4.2,2964,0
CDT,5,20210217,090500,4.06,4.06,4.04,4.04,982,0
CDT,5,20210217,091000,4,4,4,4,61,0
CDT,5,20210217,091500,4,4,4,4,54,0
CDT,5,20210217,092500,3.98,3.98,3.98,3.98,500,0
CDT,5,20210217,100000,3.98,3.98,3.96,3.96,1000,0
CDT,5,20210217,102000,4.04,4.04,4.04,4.04,100,0
CDT,5,20210217,113500,4.04,4.04,4.04,4.04,250,0
CDT,5,20210217,115000,3.98,3.98,3.98,3.98,127,0
CDT,5,20210217,120500,4.04,4.04,4.04,4.04,97,0
CDT,5,20210217,135500,3.98,3.98,3.98,3.98,646,0
CDT,5,20210217,141500,3.96,3.96,3.9,3.9,3403,0
CDT,5,20210217,142500,3.9,3.9,3.8,3.8,1832,0
CDT,5,20210217,144500,3.84,3.84,3.8,3.8,3270,0
CDT,5,20210217,145000,3.8,4,3.78,4,1210,0
CDT,5,20210217,150000,4,4,4,4,1200,0
CDT,5,20210217,150500,3.8,3.8,3.78,3.78,11000,0
CDT,5,20210217,151000,3.8,3.8,3.8,3.8,1200,0
CDT,5,20210217,152000,3.76,3.76,3.76,3.76,4360,0
CDT,5,20210217,152500,3.76,3.76,3.76,3.76,2082,0
CDT,5,20210217,153000,3.74,3.74,3.74,3.74,548,0
CDT,5,20210217,153500,3.7,3.78,3.7,3.78,1847,0
CDT,5,20210217,161500,3.78,3.78,3.78,3.78,800,0
CDT,5,20210217,163500,3.96,3.96,3.96,3.96,1000,0
CDT,5,20210217,164500,3.96,3.96,3.96,3.96,1000,0
CDT,5,20210218,090000,3.98,3.98,3.98,3.98,500,0
CDT,5,20210218,093500,3.96,3.96,3.96,3.96,2000,0
CDT,5,20210218,095500,3.96,3.96,3.96,3.96,1000,0
CDT,5,20210218,102000,3.96,3.96,3.96,3.96,15,0
CDT,5,20210218,105000,3.88,3.88,3.86,3.86,700,0
CDT,5,20210218,111000,3.84,3.84,3.8,3.8,1014,0
CDT,5,20210218,111500,3.72,3.72,3.66,3.66,3888,0
CDT,5,20210218,113500,3.8,3.8,3.8,3.8,300,0
CDT,5,20210218,115000,3.8,3.8,3.8,3.8,500,0
CDT,5,20210218,115500,3.76,3.76,3.7,3.7,2270,0
CDT,5,20210218,121000,3.8,3.8,3.8,3.8,473,0
CDT,5,20210218,122000,3.86,3.86,3.86,3.86,200,0
CDT,5,20210218,124500,3.86,3.92,3.86,3.92,2694,0
CDT,5,20210218,125000,3.92,3.92,3.92,3.92,800,0
CDT,5,20210218,141000,3.92,3.92,3.92,3.92,180,0
CDT,5,20210218,163500,3.8,3.8,3.8,3.8,130,0
CDT,5,20210218,164000,3.8,3.8,3.8,3.8,158,0
CDT,5,20210218,164500,3.76,3.76,3.76,3.76,1235,0
CDT,5,20210219,095000,3.92,3.92,3.92,3.92,962,0
CDT,5,20210219,095500,3.94,3.94,3.94,3.94,100,0
CDT,5,20210219,100500,3.92,3.92,3.92,3.92,508,0
CDT,5,20210219,101500,3.92,3.92,3.92,3.92,500,0
CDT,5,20210219,102000,3.92,3.92,3.92,3.92,250,0
CDT,5,20210219,131000,3.8,3.8,3.8,3.8,1000,0
CDT,5,20210219,134000,3.82,3.82,3.82,3.82,500,0
CDT,5,20210219,145000,3.92,3.92,3.92,3.92,30,0
CDT,5,20210219,150500,3.84,3.84,3.84,3.84,2500,0
CDT,5,20210219,155500,3.82,3.82,3.82,3.82,479,0
CDT,5,20210219,161500,3.9,3.9,3.9,3.9,500,0
CDT,5,20210219,164500,3.82,3.82,3.82,3.82,2000,0
CDT,5,20210222,092000,3.92,3.92,3.92,3.92,269,0
CDT,5,20210222,093000,3.82,3.82,3.82,3.82,20,0
CDT,5,20210222,095500,3.82,3.82,3.82,3.82,300,0
CDT,5,20210222,100000,3.9,3.9,3.9,3.9,100,0
CDT,5,20210222,100500,3.82,3.82,3.82,3.82,180,0
CDT,5,20210222,101000,3.72,3.72,3.7,3.7,320,0
CDT,5,20210222,104000,3.72,3.72,3.72,3.72,250,0
CDT,5,20210222,105500,3.72,3.72,3.72,3.72,900,0
CDT,5,20210222,131500,3.9,3.9,3.9,3.9,200,0
CDT,5,20210222,132500,3.9,3.9,3.9,3.9,176,0
CDT,5,20210222,135000,3.9,3.9,3.9,3.9,124,0
CDT,5,20210222,164500,3.9,3.9,3.9,3.9,520,0
CDT,5,20210223,090000,3.92,3.92,3.92,3.92,20,0
CDT,5,20210223,091000,3.8,3.8,3.8,3.8,500,0
CDT,5,20210223,093000,3.76,3.76,3.76,3.76,1000,0
CDT,5,20210223,094000,3.86,3.86,3.86,3.86,366,0
CDT,5,20210223,100000,3.76,3.76,3.76,3.76,1000,0
CDT,5,20210223,104500,3.86,3.86,3.86,3.86,434,0
CDT,5,20210223,125500,3.86,3.86,3.86,3.86,66,0
CDT,5,20210223,130000,3.82,3.82,3.82,3.82,234,0
CDT,5,20210223,152000,3.8,3.8,3.76,3.76,250,0
CDT,5,20210223,152500,3.76,3.76,3.76,3.76,500,0
CDT,5,20210223,153500,3.9,3.94,3.9,3.94,800,0
CDT,5,20210223,160000,3.86,3.88,3.86,3.88,1356,0
CDT,5,20210223,161000,3.88,3.88,3.88,3.88,622,0
CDT,5,20210223,161500,3.86,3.86,3.86,3.86,2000,0
CDT,5,20210223,162000,3.88,3.88,3.88,3.88,1046,0
CDT,5,20210223,164500,3.86,3.86,3.86,3.86,300,0
CDT,5,20210224,090500,3.92,3.98,3.92,3.98,300,0
CDT,5,20210224,092000,3.8,3.8,3.8,3.8,1100,0
CDT,5,20210224,092500,3.9,3.9,3.9,3.9,1301,0
CDT,5,20210224,093000,3.78,3.78,3.78,3.78,1300,0
CDT,5,20210224,120000,3.76,3.76,3.76,3.76,1000,0
CDT,5,20210224,145500,3.8,3.8,3.8,3.8,3850,0
CDT,5,20210224,163500,3.8,3.8,3.8,3.8,29,0
CDT,5,20210224,164500,3.8,3.8,3.8,3.8,1500,0
CDT,5,20210225,095000,3.88,3.88,3.88,3.88,100,0
CDT,5,20210225,095500,3.88,3.9,3.88,3.9,400,0
CDT,5,20210225,132500,3.7,3.7,3.7,3.7,558,0
CDT,5,20210225,133000,3.9,3.9,3.9,3.9,451,0
CDT,5,20210225,134500,3.9,3.9,3.9,3.9,1000,0
CDT,5,20210226,091000,3.7,3.7,3.68,3.68,2138,0
CDT,5,20210226,093500,3.86,3.86,3.86,3.86,100,0
CDT,5,20210226,102000,3.86,3.86,3.86,3.86,250,0
CDT,5,20210226,104000,3.72,3.72,3.7,3.7,2638,0
CDT,5,20210226,135000,3.86,3.86,3.86,3.86,400,0
CDT,5,20210226,150000,3.74,3.74,3.74,3.74,550,0
CDT,5,20210226,151000,3.74,3.74,3.74,3.74,450,0
CDT,5,20210226,152000,3.72,3.72,3.72,3.72,1000,0
CDT,5,20210226,153500,3.82,3.82,3.82,3.82,317,0
CDT,5,20210301,091500,3.68,3.68,3.58,3.58,800,0
CDT,5,20210301,092500,3.58,3.58,3.58,3.58,100,0
CDT,5,20210301,093500,3.66,3.66,3.56,3.56,3448,0
CDT,5,20210301,094000,3.58,3.58,3.56,3.56,3000,0
CDT,5,20210301,095500,3.56,3.56,3.54,3.54,700,0
CDT,5,20210301,101500,3.68,3.68,3.68,3.68,500,0
CDT,5,20210301,102500,3.54,3.54,3.54,3.54,552,0
CDT,5,20210301,104000,3.62,3.62,3.62,3.62,10,0
CDT,5,20210301,104500,3.46,3.46,3.46,3.46,500,0
CDT,5,20210301,110000,3.5,3.5,3.48,3.48,1000,0
CDT,5,20210301,110500,3.48,3.52,3.48,3.52,3000,0
CDT,5,20210301,111000,3.54,3.62,3.54,3.62,2100,0
CDT,5,20210301,111500,3.6,3.62,3.6,3.62,710,0
CDT,5,20210301,112500,3.54,3.54,3.54,3.54,190,0
CDT,5,20210301,115000,3.54,3.54,3.54,3.54,670,0
CDT,5,20210301,121000,3.54,3.62,3.54,3.62,2000,0
CDT,5,20210301,122000,3.62,3.62,3.62,3.62,1111,0
CDT,5,20210301,123000,3.6,3.6,3.52,3.52,2500,0
CDT,5,20210301,124500,3.5,3.5,3.5,3.5,1668,0
CDT,5,20210301,130000,3.48,3.48,3.48,3.48,59,0
CDT,5,20210301,132500,3.6,3.6,3.6,3.6,4170,0
CDT,5,20210301,133000,3.64,3.66,3.64,3.66,792,0
CDT,5,20210301,133500,3.66,3.66,3.66,3.66,108,0
CDT,5,20210301,142000,3.66,3.66,3.66,3.66,450,0
CDT,5,20210301,143000,3.54,3.54,3.52,3.52,1700,0
CDT,5,20210301,145000,3.64,3.74,3.64,3.74,1100,0
CDT,5,20210301,152000,3.56,3.56,3.54,3.54,3850,0
CDT,5,20210301,154500,3.58,3.7,3.58,3.7,5000,0
CDT,5,20210301,155500,3.7,3.74,3.7,3.74,1000,0
CDT,5,20210301,164500,3.72,3.88,3.58,3.88,1030,0
CDT,5,20210302,090000,3.6,3.6,3.6,3.6,1,0
CDT,5,20210302,090500,3.6,3.6,3.6,3.6,700,0
CDT,5,20210302,091000,3.6,3.86,3.58,3.58,249,0
CDT,5,20210302,101500,3.78,3.78,3.78,3.78,215,0
CDT,5,20210302,114000,3.62,3.62,3.6,3.6,2000,0
CDT,5,20210302,123500,3.72,3.72,3.72,3.72,267,0
CDT,5,20210302,124500,3.68,3.68,3.68,3.68,300,0
CDT,5,20210302,133000,3.66,3.66,3.66,3.66,65,0
CDT,5,20210302,134500,3.68,3.68,3.68,3.68,350,0
CDT,5,20210302,140500,3.66,3.66,3.64,3.64,2075,0
CDT,5,20210302,145500,3.62,3.62,3.62,3.62,1000,0
CDT,5,20210302,151000,3.64,3.64,3.64,3.64,100,0
CDT,5,20210302,164500,3.6,3.6,3.6,3.6,2300,0
CDT,5,20210303,090000,3.58,3.58,3.58,3.58,1200,0
CDT,5,20210303,090500,3.5,3.5,3.5,3.5,57,0
CDT,5,20210303,091000,3.5,3.5,3.5,3.5,353,0
CDT,5,20210303,092500,3.5,3.5,3.5,3.5,1480,0
CDT,5,20210303,093000,3.5,3.5,3.48,3.48,757,0
CDT,5,20210303,093500,3.5,3.5,3.5,3.5,200,0
CDT,5,20210303,095000,3.46,3.46,3.46,3.46,800,0
CDT,5,20210303,095500,3.46,3.46,3.44,3.44,340,0
CDT,5,20210303,100500,3.44,3.44,3.44,3.44,423,0
CDT,5,20210303,101000,3.44,3.44,3.44,3.44,778,0
CDT,5,20210303,103000,3.5,3.5,3.5,3.5,500,0
CDT,5,20210303,110000,3.5,3.54,3.5,3.54,160,0
CDT,5,20210303,112000,3.48,3.48,3.46,3.46,412,0
CDT,5,20210303,115000,3.54,3.54,3.54,3.54,210,0
CDT,5,20210303,122500,3.54,3.54,3.54,3.54,440,0
CDT,5,20210303,123000,3.46,3.46,3.46,3.46,50,0
CDT,5,20210303,132000,3.5,3.5,3.5,3.5,1282,0
CDT,5,20210303,134000,3.56,3.56,3.56,3.56,277,0
CDT,5,20210303,135000,3.56,3.56,3.56,3.56,8,0
CDT,5,20210303,140500,3.56,3.58,3.56,3.58,2000,0
CDT,5,20210303,143000,3.5,3.5,3.48,3.48,2450,0
CDT,5,20210303,164000,3.48,3.48,3.48,3.48,756,0
CDT,5,20210303,164500,3.42,3.42,3.42,3.42,700,0
CDT,5,20210304,090000,3.4,3.4,3.4,3.4,350,0
CDT,5,20210304,091000,3.36,3.36,3.36,3.36,247,0
CDT,5,20210304,091500,3.4,3.58,3.4,3.58,199,0
CDT,5,20210304,094500,3.56,3.56,3.56,3.56,839,0
CDT,5,20210304,100000,3.4,3.4,3.4,3.4,350,0
CDT,5,20210304,100500,3.4,3.4,3.4,3.4,600,0
CDT,5,20210304,103000,3.54,3.54,3.54,3.54,500,0
CDT,5,20210304,111000,3.54,3.54,3.54,3.54,300,0
CDT,5,20210304,124000,3.5,3.5,3.5,3.5,250,0
CDT,5,20210304,143000,3.48,3.48,3.48,3.48,160,0
CDT,5,20210304,161500,3.34,3.34,3.3,3.3,700,0
CDT,5,20210304,163000,3.46,3.46,3.46,3.46,250,0
CDT,5,20210304,163500,3.46,3.46,3.46,3.46,950,0
CDT,5,20210304,164000,3.48,3.52,3.48,3.52,1300,0
CDT,5,20210304,164500,3.52,3.52,3.52,3.52,100,0
CDT,5,20210305,102500,3.52,3.52,3.52,3.52,100,0
CDT,5,20210305,111000,3.3,3.32,3.28,3.28,580,0
CDT,5,20210305,112000,3.54,3.54,3.54,3.54,200,0
CDT,5,20210305,112500,3.54,3.54,3.42,3.42,1733,0
CDT,5,20210305,115500,3.56,3.56,3.56,3.56,450,0
CDT,5,20210305,123000,3.58,3.58,3.58,3.58,500,0
CDT,5,20210305,141000,3.58,3.58,3.58,3.58,277,0
CDT,5,20210308,121000,3.36,3.36,3.36,3.36,600,0
CDT,5,20210308,125500,3.36,3.36,3.36,3.36,1586,0
CDT,5,20210308,130000,3.36,3.36,3.36,3.36,1648,0
CDT,5,20210308,152500,3.48,3.48,3.48,3.48,416,0
CDT,5,20210308,154000,3.5,3.5,3.48,3.48,1000,0
CDT,5,20210308,161000,3.48,3.48,3.48,3.48,474,0
CDT,5,20210308,164500,3.48,3.48,3.48,3.48,444,0
CDT,5,20210309,091000,3.42,3.42,3.42,3.42,30,0
CDT,5,20210309,102000,3.5,3.5,3.5,3.5,150,0
CDT,5,20210309,110500,3.5,3.5,3.5,3.5,180,0
CDT,5,20210309,111500,3.5,3.5,3.5,3.5,850,0
CDT,5,20210309,113500,3.5,3.5,3.5,3.5,1000,0
CDT,5,20210309,114500,3.42,3.42,3.42,3.42,1000,0
CDT,5,20210309,123000,3.42,3.42,3.2,3.2,3500,0
CDT,5,20210309,124000,3.2,3.2,3.2,3.2,2539,0
CDT,5,20210309,124500,3.5,3.52,3.5,3.52,1078,0
CDT,5,20210309,125500,3.52,3.54,3.52,3.54,2000,0
CDT,5,20210309,150500,3.32,3.32,3.32,3.32,500,0
CDT,5,20210310,095000,3.3,3.3,3.3,3.3,1299,0
CDT,5,20210310,121000,3.3,3.3,3.3,3.3,2885,0
CDT,5,20210310,122000,3.3,3.3,3.3,3.3,655,0
CDT,5,20210310,122500,3.3,3.3,3.3,3.3,380,0
CDT,5,20210310,140000,3.24,3.24,3.24,3.24,500,0
CDT,5,20210310,143000,3.24,3.24,3.24,3.24,50,0
CDT,5,20210310,152500,3.4,3.4,3.4,3.4,100,0
CDT,5,20210310,153500,3.4,3.4,3.4,3.4,200,0
CDT,5,20210310,155500,3.42,3.42,3.42,3.42,250,0
CDT,5,20210311,092500,3.4,3.46,3.4,3.46,1000,0
CDT,5,20210311,093500,3.46,3.48,3.46,3.48,872,0
CDT,5,20210311,094500,3.5,3.6,3.5,3.6,2660,0
CDT,5,20210311,100500,3.6,3.62,3.6,3.62,1632,0
CDT,5,20210311,105500,3.38,3.56,3.38,3.56,150,0
CDT,5,20210311,112000,3.56,3.62,3.56,3.62,2610,0
CDT,5,20210311,113500,3.86,3.86,3.86,3.86,500,0
CDT,5,20210311,131500,3.74,3.74,3.74,3.74,200,0
CDT,5,20210311,134000,3.74,3.9,3.74,3.9,2450,0
CDT,5,20210311,144000,3.86,3.88,3.86,3.88,1227,0
CDT,5,20210311,145500,3.8,3.8,3.8,3.8,500,0
CDT,5,20210311,164500,3.54,3.54,3.54,3.54,600,0
CDT,5,20210312,090000,3.5,3.5,3.5,3.5,1915,0
CDT,5,20210312,091000,3.76,3.76,3.76,3.76,300,0
CDT,5,20210312,092500,3.5,3.5,3.5,3.5,500,0
CDT,5,20210312,093500,3.82,3.88,3.82,3.88,1714,0
CDT,5,20210312,101500,3.8,3.8,3.8,3.8,700,0
CDT,5,20210312,111000,3.78,3.8,3.78,3.8,1057,0
CDT,5,20210312,124000,3.6,3.6,3.58,3.58,2760,0
CDT,5,20210312,125500,3.58,3.58,3.58,3.58,240,0
CDT,5,20210312,132000,3.78,3.78,3.78,3.78,50,0
CDT,5,20210312,140500,3.78,3.78,3.78,3.78,500,0
CDT,5,20210312,151500,3.78,3.78,3.78,3.78,400,0
CDT,5,20210312,160000,3.78,3.78,3.78,3.78,500,0
CDT,5,20210312,161500,3.78,3.78,3.78,3.78,763,0
CDT,5,20210315,090000,3.56,3.56,3.56,3.56,150,0
CDT,5,20210315,095500,3.6,3.6,3.6,3.6,410,0
CDT,5,20210315,100500,3.6,3.6,3.56,3.56,1995,0
CDT,5,20210315,102000,3.56,3.78,3.56,3.78,113,0
CDT,5,20210315,111500,3.74,3.74,3.74,3.74,35,0
CDT,5,20210315,130000,3.58,3.58,3.58,3.58,1992,0
CDT,5,20210315,141500,3.56,3.56,3.56,3.56,800,0
CDT,5,20210315,144000,3.54,3.54,3.54,3.54,300,0
CDT,5,20210315,144500,3.54,3.54,3.54,3.54,150,0
CDT,5,20210315,145500,3.54,3.54,3.5,3.5,1000,0
CDT,5,20210315,151500,3.5,3.5,3.4,3.4,2688,0
CDT,5,20210315,153000,3.46,3.46,3.46,3.46,215,0
CDT,5,20210315,160500,3.5,3.5,3.5,3.5,2000,0
CDT,5,20210315,161500,3.5,3.5,3.48,3.48,600,0
CDT,5,20210315,164500,3.58,3.58,3.58,3.58,200,0
CDT,5,20210316,100500,3.42,3.42,3.38,3.38,592,0
CDT,5,20210316,101500,3.38,3.38,3.3,3.3,500,0
CDT,5,20210316,113500,3.36,3.36,3.36,3.36,200,0
CDT,5,20210316,135500,3.4,3.4,3.4,3.4,200,0
CDT,5,20210316,140000,3.4,3.4,3.4,3.4,800,0
CDT,5,20210316,153500,3.48,3.48,3.48,3.48,450,0
CDT,5,20210316,164000,3.4,3.4,3.4,3.4,750,0
CDT,5,20210316,164500,3.48,3.48,3.48,3.48,999,0
CDT,5,20210317,104500,3.36,3.36,3.36,3.36,400,0
CDT,5,20210317,111000,3.36,3.36,3.36,3.36,670,0
CDT,5,20210317,113500,3.36,3.36,3.36,3.36,80,0
CDT,5,20210317,115500,3.4,3.42,3.4,3.42,751,0
CDT,5,20210317,120000,3.42,3.44,3.26,3.38,3011,0
CDT,5,20210317,121000,3.38,3.38,3.38,3.38,289,0
CDT,5,20210317,123000,3.32,3.32,3.3,3.3,1500,0
CDT,5,20210317,125500,3.3,3.3,3.3,3.3,207,0
CDT,5,20210317,130500,3.26,3.26,3.2,3.2,3000,0
CDT,5,20210317,131000,3.42,3.42,3.42,3.42,150,0
CDT,5,20210317,135500,3.26,3.26,3.24,3.24,3000,0
CDT,5,20210317,141000,3.32,3.32,3.24,3.24,1165,0
CDT,5,20210317,143000,3.28,3.28,3.28,3.28,303,0
CDT,5,20210317,144500,3.28,3.28,3.28,3.28,231,0
CDT,5,20210317,151500,3.26,3.26,3.26,3.26,1000,0
CDT,5,20210317,153000,3.26,3.26,3.26,3.26,39,0
CDT,5,20210318,101500,3.18,3.18,3.08,3.1,2940,0
CDT,5,20210318,102000,3.08,3.08,3.08,3.08,28,0
CDT,5,20210318,102500,3.1,3.1,3.06,3.06,2039,0
CDT,5,20210318,103000,3.08,3.08,3.06,3.06,2000,0
CDT,5,20210318,110500,3.08,3.08,3.06,3.06,2800,0
CDT,5,20210318,111000,3.26,3.26,3.26,3.26,300,0
CDT,5,20210318,133000,3.12,3.12,3.12,3.12,1050,0
CDT,5,20210318,142500,3.22,3.22,3.22,3.22,250,0
CDT,5,20210318,150000,3.22,3.22,3.22,3.22,100,0
CDT,5,20210318,164500,3.36,3.36,3.36,3.36,1093,0
CDT,5,20210319,113500,3.32,3.32,3.32,3.32,350,0
CDT,5,20210319,121000,3.32,3.32,3.32,3.32,150,0
CDT,5,20210319,161000,3.2,3.2,3.12,3.12,2000,0
CDT,5,20210319,164500,3.24,3.24,3.24,3.24,2364,0
CDT,5,20210322,092500,3.12,3.12,3.1,3.1,631,0
CDT,5,20210322,093000,3.1,3.1,3.1,3.1,219,0
CDT,5,20210322,093500,3.08,3.08,3.08,3.08,120,0
CDT,5,20210322,094500,3.16,3.16,3.16,3.16,1261,0
CDT,5,20210322,095000,3.16,3.16,3.16,3.16,166,0
CDT,5,20210322,095500,3.16,3.16,3.16,3.16,500,0
CDT,5,20210322,101000,3.2,3.2,3.2,3.2,84,0
CDT,5,20210322,120000,3.2,3.2,3.2,3.2,299,0
CDT,5,20210322,153500,3.2,3.2,3.2,3.2,700,0
CDT,5,20210324,092000,3.12,3.12,3.12,3.12,50,0
CDT,5,20210324,092500,3.3,3.36,3.3,3.36,500,0
CDT,5,20210324,095500,3.32,3.32,3.32,3.32,4,0
CDT,5,20210324,100500,3.12,3.12,3.08,3.08,1400,0
CDT,5,20210324,134500,3.1,3.1,3.1,3.1,650,0
CDT,5,20210324,141500,3.1,3.1,3.1,3.1,406,0
CDT,5,20210324,142000,3.2,3.2,3.2,3.2,310,0
CDT,5,20210324,145500,3.16,3.2,3.16,3.2,1186,0
CDT,5,20210324,150000,3.22,3.22,3.22,3.22,350,0
CDT,5,20210324,164500,3.18,3.18,3.18,3.18,325,0
CDT,5,20210325,090000,3.14,3.14,3.14,3.14,220,0
CDT,5,20210325,090500,3.32,3.4,3.32,3.4,800,0
CDT,5,20210325,091000,3.2,3.2,3.2,3.2,110,0
CDT,5,20210325,093000,3.32,3.32,3.32,3.32,200,0
CDT,5,20210325,095000,3.32,3.32,3.32,3.32,500,0
CDT,5,20210325,105000,3.2,3.2,3.2,3.2,1000,0
CDT,5,20210325,105500,3.18,3.18,3.16,3.16,1500,0
CDT,5,20210325,114000,3.16,3.16,3.16,3.16,675,0
CDT,5,20210325,143500,3.16,3.16,3.16,3.16,500,0
CDT,5,20210325,144500,3.16,3.16,3.16,3.16,1500,0
CDT,5,20210325,165500,3.26,3.26,3.26,3.26,50,0
CDT,5,20210326,090000,3.26,3.26,3.26,3.26,20,0
CDT,5,20210326,125500,3.14,3.14,3.14,3.14,1780,0
CDT,5,20210326,130000,3.1,3.1,3.04,3.04,3180,0
CDT,5,20210326,130500,3.1,3.14,3.1,3.14,398,0
CDT,5,20210326,140500,3.18,3.18,3.18,3.18,2000,0
CDT,5,20210326,144500,3.16,3.16,3.16,3.16,129,0
CDT,5,20210326,145500,3.16,3.18,3.16,3.18,1871,0
CDT,5,20210326,164500,3.1,3.1,3.1,3.1,871,0
