<TICKER>,<PER>,<DATE>,<TIME>,<OPEN>,<HIGH>,<LOW>,<CLOSE>,<VOL>,<OPENINT>
CFG,5,20210204,090000,39,39,38.5,38.5,111,0
CFG,5,20210204,090500,39,39.6,39,39.6,132,0
CFG,5,20210204,105000,39.5,39.6,39.5,39.6,50,0
CFG,5,20210204,113000,39.6,40,39.6,40,300,0
CFG,5,20210204,114500,40,40,40,40,100,0
CFG,5,20210204,115500,40,40,40,40,50,0
CFG,5,20210204,120000,40,40,40,40,20,0
CFG,5,20210204,135500,39.9,39.9,39.9,39.9,50,0
CFG,5,20210204,143500,39.9,39.9,39.9,39.9,50,0
CFG,5,20210204,150000,39.9,39.9,39.9,39.9,15,0
CFG,5,20210204,161500,39.9,39.9,39.9,39.9,61,0
CFG,5,20210204,164000,39.3,39.3,39.3,39.3,103,0
CFG,5,20210204,164500,39.3,39.9,39.3,39.9,153,0
CFG,5,20210205,090000,40,40,40,40,1,0
CFG,5,20210205,091500,39.8,39.9,39.8,39.9,146,0
CFG,5,20210205,093000,39.1,39.1,39.1,39.1,4,0
CFG,5,20210205,093500,39.1,39.1,39.1,39.1,25,0
CFG,5,20210205,094500,39.1,39.1,39.1,39.1,20,0
CFG,5,20210205,100500,39.1,39.1,39.1,39.1,50,0
CFG,5,20210205,103000,39.5,39.5,39.5,39.5,112,0
CFG,5,20210205,111000,39.5,39.7,39.2,39.7,256,0
CFG,5,20210205,111500,39.7,39.7,39.7,39.7,20,0
CFG,5,20210205,112000,39.5,39.7,39.5,39.7,80,0
CFG,5,20210205,131000,39.8,39.9,39.8,39.9,45,0
CFG,5,20210205,144000,39.8,39.9,39.8,39.9,312,0
CFG,5,20210205,152500,39.8,39.8,39.8,39.8,90,0
CFG,5,20210205,160000,39.8,39.8,39.8,39.8,59,0
CFG,5,20210205,161500,39.9,39.9,39.9,39.9,125,0
CFG,5,20210205,163500,39.9,39.9,39.9,39.9,90,0
CFG,5,20210205,164500,39.9,40,39.9,40,330,0
CFG,5,20210208,090000,39.9,39.9,39.9,39.9,1,0
CFG,5,20210208,092000,39.9,39.9,39.9,39.9,49,0
CFG,5,20210208,100000,39.5,39.5,39.5,39.5,168,0
CFG,5,20210208,104500,39.1,39.1,39.1,39.1,60,0
CFG,5,20210208,105500,40,40,40,40,161,0
CFG,5,20210208,110500,39.5,39.5,39.5,39.5,45,0
CFG,5,20210208,111500,39.5,39.5,39.5,39.5,80,0
CFG,5,20210208,114500,39.5,39.5,39.5,39.5,31,0
CFG,5,20210208,115000,39.5,39.5,39.5,39.5,44,0
CFG,5,20210208,115500,39.5,39.5,39.5,39.5,25,0
CFG,5,20210208,125500,39.5,39.5,39.5,39.5,125,0
CFG,5,20210208,140000,39.5,39.5,39.5,39.5,25,0
CFG,5,20210208,141000,39.5,39.5,39.5,39.5,50,0
CFG,5,20210208,142500,39.9,40,39.9,40,322,0
CFG,5,20210208,145500,39.6,39.6,39.6,39.6,207,0
CFG,5,20210208,161000,39.6,39.6,39.6,39.6,17,0
CFG,5,20210208,162500,39.6,39.6,39.6,39.6,176,0
CFG,5,20210208,164500,40,40,40,40,3,0
CFG,5,20210209,090000,40,40,39.1,39.1,92,0
CFG,5,20210209,093500,39.3,39.3,39.2,39.2,80,0
CFG,5,20210209,094000,39.2,39.2,39.1,39.1,10,0
CFG,5,20210209,094500,39.1,39.1,39,39,50,0
CFG,5,20210209,095500,39.1,39.1,39,39,24,0
CFG,5,20210209,100000,39,39,39,39,18,0
CFG,5,20210209,100500,39,39,39,39,50,0
CFG,5,20210209,111000,39.9,39.9,39.9,39.9,30,0
CFG,5,20210209,124000,39.9,40,39.9,40,99,0
CFG,5,20210209,124500,39.5,39.5,39.5,39.5,3,0
CFG,5,20210209,134500,39.9,40,39.9,40,580,0
CFG,5,20210209,141000,39.9,39.9,39.9,39.9,27,0
CFG,5,20210209,143500,39.9,39.9,39.9,39.9,4,0
CFG,5,20210209,151000,39.9,39.9,39.9,39.9,18,0
CFG,5,20210209,151500,39.3,39.3,39.3,39.3,33,0
CFG,5,20210209,153000,39.9,39.9,39.9,39.9,20,0
CFG,5,20210209,161000,39.9,39.9,39.9,39.9,44,0
CFG,5,20210209,162500,39.3,39.3,39.3,39.3,59,0
CFG,5,20210209,164500,39.9,40,39.9,40,529,0
CFG,5,20210210,090000,40,40,40,40,350,0
CFG,5,20210210,090500,39.9,39.9,39.1,39.2,620,0
CFG,5,20210210,100000,39.2,39.2,39.2,39.2,25,0
CFG,5,20210210,102500,39.3,39.3,39.3,39.3,15,0
CFG,5,20210210,103500,39.3,39.3,39.3,39.3,355,0
CFG,5,20210210,104000,39.3,39.3,39.3,39.3,59,0
CFG,5,20210210,110000,39.4,40,39.4,40,40,0
CFG,5,20210210,111500,39.5,39.5,39.5,39.5,40,0
CFG,5,20210210,114000,39.5,39.5,39.5,39.5,460,0
CFG,5,20210210,124000,39.9,39.9,39.9,39.9,88,0
CFG,5,20210210,125000,39.5,39.5,39.5,39.5,33,0
CFG,5,20210210,154000,39.5,39.5,39.5,39.5,100,0
CFG,5,20210210,164500,39.5,39.5,39.5,39.5,20,0
CFG,5,20210211,090000,40,40,40,40,1,0
CFG,5,20210211,102500,39.2,39.2,39.2,39.2,51,0
CFG,5,20210211,103000,39.2,39.2,39.2,39.2,30,0
CFG,5,20210211,103500,39.2,39.2,39,39,159,0
CFG,5,20210211,105000,39,39,39,39,14,0
CFG,5,20210211,111000,39.2,39.2,39.2,39.2,80,0
CFG,5,20210211,114500,39.6,39.7,39.6,39.7,70,0
CFG,5,20210211,121000,39.5,39.5,39.5,39.5,10,0
CFG,5,20210211,122000,39.5,39.5,39.5,39.5,50,0
CFG,5,20210211,122500,39.5,39.5,39.5,39.5,2,0
CFG,5,20210211,123500,39.6,39.6,39.6,39.6,60,0
CFG,5,20210211,124000,39.5,39.5,39.5,39.5,18,0
CFG,5,20210211,130500,39,39,39,39,92,0
CFG,5,20210211,142000,39,39,39,39,385,0
CFG,5,20210211,160500,39.1,39.1,39,39,100,0
CFG,5,20210211,163000,39.3,39.3,39.3,39.3,197,0
CFG,5,20210211,164500,39.5,39.5,39.5,39.5,3,0
CFG,5,20210212,090000,39.7,39.7,39.7,39.7,1,0
CFG,5,20210212,090500,39.5,39.5,39.5,39.5,25,0
CFG,5,20210212,092000,39.5,39.5,39,39,229,0
CFG,5,20210212,092500,39,39,39,39,57,0
CFG,5,20210212,101500,39.5,39.5,39.5,39.5,25,0
CFG,5,20210212,114500,39.5,39.5,39.5,39.5,10,0
CFG,5,20210212,122000,39.4,39.5,39.4,39.5,42,0
CFG,5,20210212,123000,39,39,39,39,33,0
CFG,5,20210212,134500,39,39,39,39,30,0
CFG,5,20210212,160500,38.9,38.9,38.9,38.9,40,0
CFG,5,20210212,161000,39,39,39,39,250,0
CFG,5,20210215,090000,39,39.2,38.5,39,1266,0
CFG,5,20210215,091000,39.6,39.6,39.6,39.6,44,0
CFG,5,20210215,092000,39.7,39.8,39.7,39.8,40,0
CFG,5,20210215,092500,39.8,40,39.8,40,1367,0
CFG,5,20210215,093000,39.9,40,39.9,40,503,0
CFG,5,20210215,094000,39.9,39.9,39.3,39.3,55,0
CFG,5,20210215,101000,39.5,40,39.5,40,223,0
CFG,5,20210215,101500,40,40,39.5,39.5,220,0
CFG,5,20210215,102000,40,40,40,40,5,0
CFG,5,20210215,102500,40,40,40,40,23,0
CFG,5,20210215,103000,40,40,40,40,1225,0
CFG,5,20210215,104000,40,40,40,40,225,0
CFG,5,20210215,105000,40,40,40,40,175,0
CFG,5,20210215,110000,40,40,40,40,75,0
CFG,5,20210215,113000,40,40.5,40,40.5,113,0
CFG,5,20210215,121000,40.4,40.4,40.4,40.4,46,0
CFG,5,20210215,122500,40.4,40.4,40.4,40.4,25,0
CFG,5,20210215,124000,40.2,40.2,40.2,40.2,34,0
CFG,5,20210215,125000,40,40,40,40,13,0
CFG,5,20210215,125500,40,40,40,40,57,0
CFG,5,20210215,135000,40,40,40,40,1,0
CFG,5,20210215,140000,40,40,40,40,362,0
CFG,5,20210215,141500,39.8,39.8,39.5,39.5,200,0
CFG,5,20210215,143500,40.2,40.2,40.2,40.2,22,0
CFG,5,20210215,151000,40.2,40.4,40.2,40.4,200,0
CFG,5,20210215,153500,40.4,40.6,40.2,40.2,874,0
CFG,5,20210215,154500,40.2,40.2,40.2,40.2,26,0
CFG,5,20210215,155000,40.4,40.4,40.4,40.4,100,0
CFG,5,20210215,160000,40.4,40.4,40.4,40.4,4,0
CFG,5,20210215,161000,40.3,40.3,39.5,39.5,804,0
CFG,5,20210215,162000,40.4,40.4,40.4,40.4,47,0
CFG,5,20210215,164000,40.5,40.5,40.5,40.5,30,0
CFG,5,20210215,164500,40.4,40.5,40.4,40.5,156,0
CFG,5,20210216,090000,41,41,41,41,251,0
CFG,5,20210216,090500,41.4,41.4,41.4,41.4,75,0
CFG,5,20210216,091000,41.4,41.4,41.4,41.4,100,0
CFG,5,20210216,091500,41,41,41,41,220,0
CFG,5,20210216,093500,41,41,41,41,55,0
CFG,5,20210216,094500,40.6,40.6,40.6,40.6,5,0
CFG,5,20210216,095000,41,41.4,41,41.4,123,0
CFG,5,20210216,100000,41.4,41.4,41,41,744,0
CFG,5,20210216,101000,41.4,41.4,41.4,41.4,65,0
CFG,5,20210216,101500,41.4,41.5,41.4,41.5,96,0
CFG,5,20210216,103500,41.4,41.4,41.3,41.3,30,0
CFG,5,20210216,105000,41.3,41.3,41.3,41.3,40,0
CFG,5,20210216,110500,41.3,41.3,41.3,41.3,1,0
CFG,5,20210216,113500,41.1,41.1,41.1,41.1,10,0
CFG,5,20210216,125500,41.3,41.3,41.3,41.3,249,0
CFG,5,20210216,130500,41.3,41.3,41.3,41.3,35,0
CFG,5,20210216,131500,41.3,41.3,41.3,41.3,511,0
CFG,5,20210216,132500,41.4,41.5,41.4,41.5,114,0
CFG,5,20210216,134500,41.2,41.2,41.2,41.2,77,0
CFG,5,20210216,135000,41.2,41.2,41.2,41.2,150,0
CFG,5,20210216,140000,41.2,41.2,41.2,41.2,6,0
CFG,5,20210216,144000,41,41,41,41,93,0
CFG,5,20210216,151500,41,41,41,41,51,0
CFG,5,20210216,153500,41.2,41.2,41.2,41.2,48,0
CFG,5,20210217,090000,41.5,41.5,41.2,41.2,187,0
CFG,5,20210217,090500,41,41,39.5,39.5,790,0
CFG,5,20210217,091000,39.5,39.5,39.5,39.5,70,0
CFG,5,20210217,091500,39.5,39.5,39.5,39.5,379,0
CFG,5,20210217,093000,39.5,39.5,39.5,39.5,450,0
CFG,5,20210217,093500,39.5,39.5,39.5,39.5,67,0
CFG,5,20210217,094500,39.5,39.5,39.5,39.5,102,0
CFG,5,20210217,095000,39.5,39.5,39.5,39.5,631,0
CFG,5,20210217,095500,39.5,39.5,39.5,39.5,250,0
CFG,5,20210217,102500,39.5,39.5,39.5,39.5,70,0
CFG,5,20210217,103500,39.5,39.5,39.5,39.5,82,0
CFG,5,20210217,104000,39.5,39.5,39.5,39.5,69,0
CFG,5,20210217,105000,39.5,39.5,39.5,39.5,280,0
CFG,5,20210217,111500,39.5,39.5,39.5,39.5,156,0
CFG,5,20210217,121500,39.5,39.5,39.3,39.3,83,0
CFG,5,20210217,122000,39.4,39.4,39.4,39.4,20,0
CFG,5,20210217,123000,39.5,39.5,39.5,39.5,917,0
CFG,5,20210217,124000,39.5,39.5,39.5,39.5,173,0
CFG,5,20210217,124500,39.4,39.4,39.1,39.1,75,0
CFG,5,20210217,130500,39.2,39.2,39.2,39.2,30,0
CFG,5,20210217,131500,39.5,39.5,39.5,39.5,50,0
CFG,5,20210217,135000,39.5,39.5,39.5,39.5,36,0
CFG,5,20210217,140500,39.2,39.2,39.2,39.2,30,0
CFG,5,20210217,143500,39.5,39.5,39.5,39.5,652,0
CFG,5,20210217,144000,39.5,39.5,39.5,39.5,1805,0
CFG,5,20210217,152000,39.3,39.3,39.3,39.3,3,0
CFG,5,20210217,153000,39.3,39.5,39.3,39.5,500,0
CFG,5,20210217,161000,39.3,39.3,39.2,39.2,250,0
CFG,5,20210217,164000,39.2,39.2,39.1,39.1,586,0
CFG,5,20210217,164500,39.5,39.5,39.5,39.5,3,0
CFG,5,20210218,090000,39.5,39.5,39.5,39.5,1,0
CFG,5,20210218,090500,39.4,39.5,39.4,39.5,251,0
CFG,5,20210218,093000,39.5,39.5,39.5,39.5,50,0
CFG,5,20210218,113000,39.1,39.1,39,39,415,0
CFG,5,20210218,115500,39,39,39,39,227,0
CFG,5,20210218,120000,39.1,39.1,39.1,39.1,85,0
CFG,5,20210218,130500,39.5,39.5,39.5,39.5,100,0
CFG,5,20210218,133000,39.5,39.5,39.5,39.5,19,0
CFG,5,20210218,133500,39.2,39.2,35.4,37.5,6886,0
CFG,5,20210218,134000,37.5,38.3,37.5,38.2,333,0
CFG,5,20210218,134500,38.3,38.3,38.3,38.3,27,0
CFG,5,20210218,140500,38.6,38.6,38.6,38.6,29,0
CFG,5,20210218,141500,38,38,37.1,37.4,1113,0
CFG,5,20210218,142000,37.3,37.3,37.3,37.3,55,0
CFG,5,20210218,142500,37.4,38.4,37,37,850,0
CFG,5,20210218,143000,37,37.3,37,37.3,160,0
CFG,5,20210218,143500,37,37.1,37,37,579,0
CFG,5,20210218,144000,37.4,37.4,37,37,765,0
CFG,5,20210218,144500,37,37,36.7,36.7,1789,0
CFG,5,20210218,145000,36.8,36.8,36.1,36.5,2743,0
CFG,5,20210218,145500,36.4,37.2,36.4,37.2,728,0
CFG,5,20210218,150000,37.6,37.6,37.6,37.6,100,0
CFG,5,20210218,150500,37.3,37.3,36.1,36.1,2000,0
CFG,5,20210218,151000,36.3,36.3,36,36,1020,0
CFG,5,20210218,151500,36.8,36.8,36.8,36.8,100,0
CFG,5,20210218,152000,36.8,36.8,36.8,36.8,50,0
CFG,5,20210218,152500,36.7,36.8,36.7,36.8,135,0
CFG,5,20210218,153500,37,37.2,37,37.2,64,0
CFG,5,20210218,154000,37.1,37.5,37.1,37.3,135,0
CFG,5,20210218,154500,37.3,37.3,37.3,37.3,325,0
CFG,5,20210218,161000,37.3,37.3,37.3,37.3,30,0
CFG,5,20210218,161500,37.1,37.3,37.1,37.3,90,0
CFG,5,20210218,162500,37.3,37.3,37.1,37.1,59,0
CFG,5,20210218,163000,37.1,37.1,36.8,36.8,274,0
CFG,5,20210218,163500,36.8,36.8,36.8,36.8,75,0
CFG,5,20210218,164000,36.6,36.8,36.6,36.8,160,0
CFG,5,20210218,164500,36.8,37,36.8,37,304,0
CFG,5,20210219,090000,37,37,37,37,1000,0
CFG,5,20210219,091000,36.9,37,36.9,37,50,0
CFG,5,20210219,093500,37,37,36.9,36.9,151,0
CFG,5,20210219,095500,36.9,36.9,36.9,36.9,49,0
CFG,5,20210219,100500,36.9,37,36.9,37,88,0
CFG,5,20210219,101000,37,37,37,37,156,0
CFG,5,20210219,102500,36.5,36.5,36.5,36.5,25,0
CFG,5,20210219,105000,36.6,36.6,36.6,36.6,100,0
CFG,5,20210219,110000,36.9,36.9,36.9,36.9,50,0
CFG,5,20210219,110500,36.9,36.9,36.9,36.9,291,0
CFG,5,20210219,113500,36.9,36.9,36.9,36.9,18,0
CFG,5,20210219,114000,36.6,36.6,36.6,36.6,227,0
CFG,5,20210219,121500,36.6,36.6,36.6,36.6,73,0
CFG,5,20210219,130500,36.8,36.8,36.8,36.8,54,0
CFG,5,20210219,132500,36.8,36.8,36.8,36.8,40,0
CFG,5,20210219,143500,36.8,36.8,36.5,36.5,305,0
CFG,5,20210219,144000,36.5,36.8,36.5,36.5,60,0
CFG,5,20210219,154500,36.3,36.3,36.3,36.3,35,0
CFG,5,20210219,162500,36.5,36.5,36.5,36.5,10,0
CFG,5,20210219,163000,36.3,36.3,36,36,1956,0
CFG,5,20210219,163500,36,36,36,36,143,0
CFG,5,20210219,164000,36.5,36.5,36.5,36.5,9,0
CFG,5,20210219,164500,36,36.5,36,36.5,197,0
CFG,5,20210222,090000,36.5,36.5,36.5,36.5,156,0
CFG,5,20210222,092500,35.6,35.6,35.3,35.3,454,0
CFG,5,20210222,093000,35.4,35.6,35.2,35.6,83,0
CFG,5,20210222,093500,35.6,35.6,35.6,35.6,200,0
CFG,5,20210222,094000,35.3,35.3,35.3,35.3,300,0
CFG,5,20210222,094500,35.2,35.2,35.2,35.2,50,0
CFG,5,20210222,101000,35.3,35.3,35.3,35.3,209,0
CFG,5,20210222,102500,35.3,35.3,35.2,35.2,1250,0
CFG,5,20210222,103000,35.3,35.3,35.3,35.3,29,0
CFG,5,20210222,105500,35.4,35.4,35.4,35.4,50,0
CFG,5,20210222,110000,35.5,35.5,35.5,35.5,3,0
CFG,5,20210222,110500,35.5,35.5,35.5,35.5,20,0
CFG,5,20210222,111000,35.4,35.5,35.2,35.5,1387,0
CFG,5,20210222,111500,35.5,35.6,35.5,35.6,137,0
CFG,5,20210222,114000,35.5,35.5,35.5,35.5,56,0
CFG,5,20210222,114500,35.5,35.6,35.5,35.6,158,0
CFG,5,20210222,115000,35.3,35.3,35.2,35.2,100,0
CFG,5,20210222,120000,35.6,35.6,35.6,35.6,92,0
CFG,5,20210222,124500,35.5,35.5,35.5,35.5,50,0
CFG,5,20210222,125500,35.5,35.5,35.5,35.5,56,0
CFG,5,20210222,131000,35.5,35.5,35.5,35.5,19,0
CFG,5,20210222,132000,35.5,35.5,34.7,34.7,1781,0
CFG,5,20210222,132500,34.7,34.7,34.6,34.6,638,0
CFG,5,20210222,133000,34.6,34.6,34,34.1,1045,0
CFG,5,20210222,133500,34,34.1,34,34.1,762,0
CFG,5,20210222,134000,34.1,34.1,34,34,100,0
CFG,5,20210222,134500,34.1,34.1,34.1,34.1,75,0
CFG,5,20210222,135000,34.2,34.9,34.1,34.1,454,0
CFG,5,20210222,135500,34.7,34.9,34.7,34.9,88,0
CFG,5,20210222,140000,34.9,35,34.9,34.9,383,0
CFG,5,20210222,140500,34.9,34.9,34.3,34.3,115,0
CFG,5,20210222,141000,34.5,35,34.5,35,417,0
CFG,5,20210222,143500,34.9,34.9,34.9,34.9,236,0
CFG,5,20210222,144000,35,35,35,35,53,0
CFG,5,20210222,150500,34.9,34.9,34.9,34.9,60,0
CFG,5,20210222,154500,34.9,35,34.9,35,107,0
CFG,5,20210222,155000,35,35,35,35,62,0
CFG,5,20210222,161500,35,35,35,35,167,0
CFG,5,20210222,163000,35.4,35.4,35.4,35.4,110,0
CFG,5,20210222,164500,35.1,35.1,35.1,35.1,16,0
CFG,5,20210223,090000,35.4,35.4,35.4,35.4,5,0
CFG,5,20210223,090500,35.5,35.5,35.5,35.5,88,0
CFG,5,20210223,091000,35.2,36,35.2,36,82,0
CFG,5,20210223,091500,35.8,35.8,35.8,35.8,19,0
CFG,5,20210223,092500,35.2,35.2,35.2,35.2,120,0
CFG,5,20210223,093000,35.1,35.1,34.7,34.8,298,0
CFG,5,20210223,094000,34.7,34.7,34.5,34.5,421,0
CFG,5,20210223,095000,34.6,34.6,34.4,34.4,170,0
CFG,5,20210223,100000,34.4,34.4,34.1,34.1,155,0
CFG,5,20210223,100500,34.1,34.1,33.5,33.5,1560,0
CFG,5,20210223,101000,33.5,33.9,33.5,33.9,119,0
CFG,5,20210223,101500,34.8,34.8,34.8,34.8,30,0
CFG,5,20210223,102500,34.4,34.4,34.4,34.4,30,0
CFG,5,20210223,103500,33.7,33.7,33.5,33.5,1506,0
CFG,5,20210223,105500,33.7,33.9,33.7,33.9,717,0
CFG,5,20210223,110000,34,34,34,34,19,0
CFG,5,20210223,110500,34,34,34,34,50,0
CFG,5,20210223,112500,34.3,34.4,34.3,34.4,318,0
CFG,5,20210223,113500,34.4,34.4,34.4,34.4,40,0
CFG,5,20210223,114000,34.7,34.7,34.7,34.7,50,0
CFG,5,20210223,114500,34.7,34.7,34.7,34.7,56,0
CFG,5,20210223,115000,34.7,34.7,34.7,34.7,44,0
CFG,5,20210223,121500,34.7,34.7,33.9,33.9,300,0
CFG,5,20210223,122000,34.9,34.9,34.9,34.9,1,0
CFG,5,20210223,125000,34.9,34.9,34.9,34.9,199,0
CFG,5,20210223,131500,34.5,34.9,34.5,34.9,240,0
CFG,5,20210223,133000,34.1,34.5,34,34.5,950,0
CFG,5,20210223,134500,34.5,34.5,34.5,34.5,10,0
CFG,5,20210223,135000,34.5,34.5,33.9,33.9,112,0
CFG,5,20210223,144000,33.9,33.9,33.9,33.9,120,0
CFG,5,20210223,152500,34.1,34.1,34.1,34.1,50,0
CFG,5,20210223,155000,34,34,34,34,436,0
CFG,5,20210223,160000,34,34,34,34,64,0
CFG,5,20210223,162000,34,34,34,34,30,0
CFG,5,20210223,164000,34,34.3,34,34.3,120,0
CFG,5,20210223,164500,34.4,34.5,34.4,34.4,63,0
CFG,5,20210224,090000,34.4,34.4,34.4,34.4,262,0
CFG,5,20210224,090500,34.5,34.5,34.5,34.5,35,0
CFG,5,20210224,092000,34.5,35.2,34.5,35.2,300,0
CFG,5,20210224,093000,35.1,35.1,35.1,35.1,15,0
CFG,5,20210224,093500,35,35,35,35,30,0
CFG,5,20210224,094500,34.9,35,34.9,35,110,0
CFG,5,20210224,095500,34.6,34.6,34.5,34.5,15,0
CFG,5,20210224,111000,34.9,34.9,34.9,34.9,100,0
CFG,5,20210224,113500,35,35,35,35,30,0
CFG,5,20210224,114000,35,35,34.9,34.9,217,0
CFG,5,20210224,114500,34.9,34.9,34.9,34.9,137,0
CFG,5,20210224,123000,34.9,35.3,34.7,34.7,288,0
CFG,5,20210224,124500,34.7,34.7,34.7,34.7,1,0
CFG,5,20210224,125500,35.3,35.3,35.3,35.3,20,0
CFG,5,20210224,132000,34.7,34.7,34.7,34.7,17,0
CFG,5,20210224,134500,35.3,35.3,35.3,35.3,5,0
CFG,5,20210224,144000,35.2,35.2,35.2,35.2,204,0
CFG,5,20210224,144500,35.3,35.3,35.3,35.3,76,0
CFG,5,20210224,145500,35,35,35,35,478,0
CFG,5,20210224,150000,35,35,35,35,11,0
CFG,5,20210224,155000,35,35,35,35,11,0
CFG,5,20210224,164000,35,35,34.9,34.9,220,0
CFG,5,20210224,164500,35,35.3,35,35.3,57,0
CFG,5,20210225,090000,35.4,35.4,35.4,35.4,1,0
CFG,5,20210225,092000,35.4,35.5,35.4,35.5,256,0
CFG,5,20210225,095500,34.9,34.9,34.9,34.9,50,0
CFG,5,20210225,100000,34.9,34.9,34.9,34.9,50,0
CFG,5,20210225,101000,34.9,34.9,34.9,34.9,100,0
CFG,5,20210225,101500,34.9,34.9,34.9,34.9,20,0
CFG,5,20210225,102000,34.9,34.9,34.9,34.9,50,0
CFG,5,20210225,102500,34.9,34.9,34.9,34.9,300,0
CFG,5,20210225,104000,34.9,34.9,34.9,34.9,80,0
CFG,5,20210225,110000,35,35,35,35,5,0
CFG,5,20210225,111000,34.8,34.8,34.8,34.8,30,0
CFG,5,20210225,125500,35,35,35,35,50,0
CFG,5,20210225,133000,34.8,34.8,34.5,34.5,195,0
CFG,5,20210225,135500,34.5,34.5,34.3,34.3,150,0
CFG,5,20210225,140000,34.3,34.3,34.2,34.2,50,0
CFG,5,20210225,141500,34.3,34.9,34.3,34.9,83,0
CFG,5,20210225,142500,34.9,34.9,34.9,34.9,29,0
CFG,5,20210225,143500,35,35,34.9,34.9,29,0
CFG,5,20210225,153000,34.4,34.4,34.4,34.4,14,0
CFG,5,20210225,160500,34.4,34.4,34.4,34.4,87,0
CFG,5,20210225,161000,34.4,34.4,34.4,34.4,63,0
CFG,5,20210225,164500,34.9,34.9,34.9,34.9,3,0
CFG,5,20210226,090000,34,34,33.9,33.9,236,0
CFG,5,20210226,090500,33.9,33.9,33.7,33.7,295,0
CFG,5,20210226,091000,33.7,33.7,33.7,33.7,100,0
CFG,5,20210226,091500,33.2,33.2,33.2,33.2,16,0
CFG,5,20210226,092000,33.2,33.4,33.1,33.4,403,0
CFG,5,20210226,093000,33.3,33.4,33.2,33.2,140,0
CFG,5,20210226,093500,33.9,33.9,33.9,33.9,92,0
CFG,5,20210226,104500,33.4,33.5,33.2,33.2,363,0
CFG,5,20210226,110500,33.4,33.4,33.4,33.4,350,0
CFG,5,20210226,131500,33.9,33.9,33.9,33.9,11,0
CFG,5,20210226,151000,33.9,33.9,33.9,33.9,13,0
CFG,5,20210226,151500,33.4,33.4,33.4,33.4,112,0
CFG,5,20210226,152000,33.3,33.3,33.3,33.3,107,0
CFG,5,20210226,163000,33.9,33.9,33.9,33.9,20,0
CFG,5,20210226,164500,33.9,33.9,33.9,33.9,83,0
CFG,5,20210301,090000,33,34.4,33,33,725,0
CFG,5,20210301,091500,33.1,33.1,33,33,191,0
CFG,5,20210301,092500,33.3,33.3,33.3,33.3,20,0
CFG,5,20210301,094000,33.9,33.9,33.9,33.9,10,0
CFG,5,20210301,094500,33.9,33.9,33.5,33.5,230,0
CFG,5,20210301,100500,33.1,33.1,33.1,33.1,26,0
CFG,5,20210301,103000,33.7,33.7,33.7,33.7,25,0
CFG,5,20210301,112500,33.3,33.3,33.3,33.3,10,0
CFG,5,20210301,113000,33.7,34,33.5,33.5,377,0
CFG,5,20210301,114000,33.3,33.3,33.1,33.1,48,0
CFG,5,20210301,115000,33.5,33.5,33.5,33.5,5,0
CFG,5,20210301,124500,33.5,34,33.5,34,75,0
CFG,5,20210301,125000,33.9,34,33.9,34,50,0
CFG,5,20210301,131000,33.9,34,33.9,34,71,0
CFG,5,20210301,135000,34,34,34,34,100,0
CFG,5,20210301,152000,33.9,34,33.9,34,272,0
CFG,5,20210301,152500,34,34,34,34,126,0
CFG,5,20210301,153000,34,34,34,34,29,0
CFG,5,20210301,161000,33.5,33.5,33.5,33.5,1,0
CFG,5,20210301,162500,33.5,33.5,33.5,33.5,30,0
CFG,5,20210301,164000,33.6,33.6,33.6,33.6,15,0
CFG,5,20210301,164500,34,34,34,34,69,0
CFG,5,20210302,090000,34.4,34.4,33.4,33.4,51,0
CFG,5,20210302,090500,33.5,33.5,33.5,33.5,1,0
CFG,5,20210302,095000,33.7,33.7,33.7,33.7,19,0
CFG,5,20210302,110500,33.7,33.7,33.7,33.7,80,0
CFG,5,20210302,112000,33.7,33.7,33.7,33.7,70,0
CFG,5,20210302,114500,34,34,34,34,60,0
CFG,5,20210302,121000,33.9,34,33.9,34,40,0
CFG,5,20210302,122000,34,34,33.6,33.6,110,0
CFG,5,20210302,131000,34,34,34,34,70,0
CFG,5,20210302,131500,34,34,34,34,43,0
CFG,5,20210302,132500,34,34,34,34,11,0
CFG,5,20210302,133000,34.4,34.4,34.4,34.4,81,0
CFG,5,20210302,135500,34,34,34,34,12,0
CFG,5,20210302,140000,34,34,34,34,17,0
CFG,5,20210302,140500,33.8,33.8,33.7,33.7,220,0
CFG,5,20210302,143000,33.7,33.7,33.7,33.7,100,0
CFG,5,20210302,150500,34,34,34,34,13,0
CFG,5,20210302,154500,33.8,33.8,33.8,33.8,61,0
CFG,5,20210302,162500,33.9,33.9,33.9,33.9,20,0
CFG,5,20210302,163500,34.3,34.3,34.3,34.3,29,0
CFG,5,20210302,164500,33.8,34.5,33.8,34.5,81,0
CFG,5,20210303,090000,34,34,34,34,51,0
CFG,5,20210303,095500,34,34,34,34,200,0
CFG,5,20210303,103000,34,34,34,34,207,0
CFG,5,20210303,110500,34.4,34.5,34.4,34.5,1200,0
CFG,5,20210303,111000,34.5,34.5,34.5,34.5,564,0
CFG,5,20210303,115000,34.2,34.2,34.2,34.2,30,0
CFG,5,20210303,120000,34,34,34,34,91,0
CFG,5,20210303,120500,34.1,34.1,34,34,232,0
CFG,5,20210303,122000,33.8,33.8,33.7,33.7,566,0
CFG,5,20210303,123000,33.6,33.6,33.6,33.6,100,0
CFG,5,20210303,123500,34.2,34.2,34.2,34.2,30,0
CFG,5,20210303,140000,34.2,34.2,34.2,34.2,88,0
CFG,5,20210303,140500,33.9,33.9,33.8,33.8,100,0
CFG,5,20210303,141500,34,34,34,34,100,0
CFG,5,20210303,145000,34.2,34.2,34.2,34.2,38,0
CFG,5,20210303,152500,34,34,34,34,102,0
CFG,5,20210303,154000,33.8,33.8,33.8,33.8,102,0
CFG,5,20210303,160500,33.8,33.8,33.8,33.8,198,0
CFG,5,20210303,161500,33.8,33.8,33.7,33.7,150,0
CFG,5,20210303,162000,33.8,34,33.8,34,20,0
CFG,5,20210304,090000,34.6,34.6,34.5,34.5,141,0
CFG,5,20210304,091000,34.1,34.1,34,34,300,0
CFG,5,20210304,100000,34,34.5,34,34.5,241,0
CFG,5,20210304,100500,34.5,34.5,34.5,34.5,130,0
CFG,5,20210304,104500,34.4,34.4,34.4,34.4,12,0
CFG,5,20210304,114500,34,34,33.9,33.9,198,0
CFG,5,20210304,120000,33.8,33.8,33.7,33.7,325,0
CFG,5,20210304,122000,33.7,33.7,33.7,33.7,77,0
CFG,5,20210304,123000,33.7,33.7,33.7,33.7,137,0
CFG,5,20210304,124000,34.3,34.3,34.3,34.3,89,0
CFG,5,20210304,124500,34.3,34.3,34.3,34.3,11,0
CFG,5,20210304,131000,34,34,34,34,300,0
CFG,5,20210304,132000,34.3,34.3,34.3,34.3,200,0
CFG,5,20210304,134500,34.3,34.3,34.3,34.3,70,0
CFG,5,20210304,135500,34.3,34.4,34.3,34.4,200,0
CFG,5,20210304,141000,34.3,34.3,34.3,34.3,36,0
CFG,5,20210304,145000,34.3,34.3,34.3,34.3,120,0
CFG,5,20210304,145500,34.3,34.3,34.3,34.3,29,0
CFG,5,20210304,150000,34.3,34.3,34.3,34.3,100,0
CFG,5,20210304,155000,34.3,34.3,34.3,34.3,75,0
CFG,5,20210304,164500,34.3,34.3,34.1,34.1,140,0
CFG,5,20210305,090000,34.5,34.7,34.5,34.7,232,0
CFG,5,20210305,090500,34.8,34.9,34.8,34.9,84,0
CFG,5,20210305,091500,34.7,35,34.7,35,533,0
CFG,5,20210305,092000,35.2,35.2,35.2,35.2,23,0
CFG,5,20210305,092500,35.2,35.4,35,35,251,0
CFG,5,20210305,093000,35.1,35.1,35,35,443,0
CFG,5,20210305,100500,35.1,35.4,35.1,35.4,40,0
CFG,5,20210305,102000,35.4,35.4,35.4,35.4,18,0
CFG,5,20210305,103500,35,35,35,35,20,0
CFG,5,20210305,110000,35.6,35.7,35.6,35.7,174,0
CFG,5,20210305,112500,35.7,35.8,35.7,35.8,110,0
CFG,5,20210305,113000,35.7,36,35.7,36,200,0
CFG,5,20210305,120000,36,36.3,36,36.3,242,0
CFG,5,20210305,121500,36,36,36,36,50,0
CFG,5,20210305,122000,36.3,36.4,36.3,36.4,45,0
CFG,5,20210305,122500,36.4,36.4,36.4,36.4,104,0
CFG,5,20210305,124000,36.8,36.8,36.8,36.8,80,0
CFG,5,20210305,124500,37,37,36.9,36.9,139,0
CFG,5,20210305,132500,36,36,36,36,16,0
CFG,5,20210305,134500,36.8,36.8,36.8,36.8,6,0
CFG,5,20210305,135500,36,36,35.8,35.8,84,0
CFG,5,20210305,141500,36.5,36.5,36.5,36.5,27,0
CFG,5,20210305,145500,36,36,36,36,100,0
CFG,5,20210305,164500,36.5,36.6,36.5,36.6,116,0
CFG,5,20210308,090000,37.8,38.2,37.8,38.2,792,0
CFG,5,20210308,090500,38.2,38.2,38,38,92,0
CFG,5,20210308,091500,38.2,38.2,38.2,38.2,80,0
CFG,5,20210308,092000,38.3,38.4,38.3,38.4,51,0
CFG,5,20210308,092500,38.6,38.8,38.6,38.8,218,0
CFG,5,20210308,093000,38.8,39,38.8,39,251,0
CFG,5,20210308,093500,39.1,39.2,39,39.1,241,0
CFG,5,20210308,094000,39,39,39,39,33,0
CFG,5,20210308,094500,38.6,39,38.5,39,663,0
CFG,5,20210308,095500,39,39,39,39,16,0
CFG,5,20210308,100500,39,39,39,39,74,0
CFG,5,20210308,101000,39,39,39,39,2,0
CFG,5,20210308,101500,38.5,38.5,38.5,38.5,185,0
CFG,5,20210308,103500,38.4,38.4,38.4,38.4,12,0
CFG,5,20210308,104500,38.3,38.3,38.3,38.3,25,0
CFG,5,20210308,105500,38.3,38.3,38.3,38.3,2,0
CFG,5,20210308,110000,38.1,38.1,38.1,38.1,25,0
CFG,5,20210308,110500,38.1,38.1,38,38,73,0
CFG,5,20210308,111500,37.5,37.5,37,37,93,0
CFG,5,20210308,114000,38,38,38,38,100,0
CFG,5,20210308,120000,37.9,37.9,37.9,37.9,141,0
CFG,5,20210308,121000,38,38,38,38,63,0
CFG,5,20210308,122000,38.1,38.5,38.1,38.5,25,0
CFG,5,20210308,131000,38.5,38.5,38.5,38.5,1,0
CFG,5,20210308,134000,38,38,38,38,134,0
CFG,5,20210308,140500,38.5,38.5,38.5,38.5,121,0
CFG,5,20210308,143000,38.9,38.9,38.9,38.9,70,0
CFG,5,20210308,144500,38.9,38.9,38.9,38.9,30,0
CFG,5,20210308,153000,38.3,38.3,38.3,38.3,100,0
CFG,5,20210308,154500,38.2,38.2,38.2,38.2,3,0
CFG,5,20210308,160000,38.8,38.8,38.8,38.8,21,0
CFG,5,20210308,163500,39,39,39,39,103,0
CFG,5,20210308,164500,39.1,39.2,39.1,39.2,84,0
CFG,5,20210309,090000,39.2,39.2,39.2,39.2,30,0
CFG,5,20210309,090500,39,39,39,39,70,0
CFG,5,20210309,091000,39,39,39,39,50,0
CFG,5,20210309,093000,39,39,39,39,15,0
CFG,5,20210309,093500,39,39,39,39,135,0
CFG,5,20210309,094000,39,39,39,39,55,0
CFG,5,20210309,094500,38.5,38.5,38.4,38.4,172,0
CFG,5,20210309,095500,39,39,39,39,30,0
CFG,5,20210309,101000,39,39.2,39,39.2,110,0
CFG,5,20210309,104500,38.4,38.4,38.4,38.4,45,0
CFG,5,20210309,105500,38.4,38.4,38,38,591,0
CFG,5,20210309,115000,37.8,37.8,37.8,37.8,20,0
CFG,5,20210309,121000,37.8,37.8,37.6,37.6,48,0
CFG,5,20210309,122000,37.8,37.8,37.8,37.8,100,0
CFG,5,20210309,125500,37.8,37.8,37.7,37.7,100,0
CFG,5,20210309,131500,38,38,38,38,105,0
CFG,5,20210309,133500,38,38,38,38,2,0
CFG,5,20210309,141500,38,38,38,38,30,0
CFG,5,20210309,142500,38,38,37.7,37.7,637,0
CFG,5,20210309,145000,37.7,37.7,37.7,37.7,79,0
CFG,5,20210309,155500,37.7,37.7,37.7,37.7,98,0
CFG,5,20210309,162000,38,38,38,38,133,0
CFG,5,20210309,163500,38,38,38,38,40,0
CFG,5,20210309,165500,38.1,38.1,38.1,38.1,50,0
CFG,5,20210310,090000,38.6,38.6,38.6,38.6,1,0
CFG,5,20210310,090500,38.6,38.9,38.6,38.9,70,0
CFG,5,20210310,091500,38.8,38.9,38.8,38.9,73,0
CFG,5,20210310,094500,38.7,38.7,38.7,38.7,70,0
CFG,5,20210310,102500,38.7,38.7,38.7,38.7,5,0
CFG,5,20210310,103000,38.5,38.5,38.5,38.5,50,0
CFG,5,20210310,120500,38.7,39,38.7,39,661,0
CFG,5,20210310,121000,39,39,39,39,169,0
CFG,5,20210310,142000,38.6,38.6,38.6,38.6,49,0
CFG,5,20210310,153000,38.7,38.8,38.7,38.8,40,0
CFG,5,20210310,153500,38.7,38.7,38.7,38.7,37,0
CFG,5,20210310,155000,38.8,38.8,38.8,38.8,30,0
CFG,5,20210310,162500,38.7,38.7,38,38,200,0
CFG,5,20210310,164000,38.7,38.7,38.7,38.7,25,0
CFG,5,20210310,164500,38.7,38.7,38.7,38.7,61,0
CFG,5,20210311,090000,39,39,39,39,3,0
CFG,5,20210311,090500,38.9,39,38.9,39,51,0
CFG,5,20210311,095500,38.9,38.9,38.9,38.9,30,0
CFG,5,20210311,100000,39,39,39,39,22,0
CFG,5,20210311,102000,38.3,38.3,38.2,38.2,93,0
CFG,5,20210311,114000,38.8,38.8,38.8,38.8,19,0
CFG,5,20210311,121500,38.8,38.8,38.8,38.8,2,0
CFG,5,20210311,122500,38.2,38.2,38.2,38.2,70,0
CFG,5,20210311,125000,38.2,38.2,38.2,38.2,121,0
CFG,5,20210311,135500,38.3,38.3,38.2,38.2,70,0
CFG,5,20210311,151000,38.2,38.2,38.2,38.2,90,0
CFG,5,20210311,162000,38.5,38.5,38.5,38.5,5,0
CFG,5,20210311,164500,38.2,38.2,38.2,38.2,5,0
CFG,5,20210312,090000,38.2,38.2,38.2,38.2,50,0
CFG,5,20210312,094000,38.7,38.9,38.7,38.9,150,0
CFG,5,20210312,102000,38.9,38.9,38.9,38.9,100,0
CFG,5,20210312,103000,38.9,38.9,38.9,38.9,133,0
CFG,5,20210312,110500,38.3,38.3,38.3,38.3,30,0
CFG,5,20210312,112500,38.8,39,38.8,39,350,0
CFG,5,20210312,145500,38.2,38.2,38.2,38.2,85,0
CFG,5,20210312,151000,38,38,38,38,112,0
CFG,5,20210312,161000,38,38,38,38,100,0
CFG,5,20210312,162000,38,38.5,38,38.5,300,0
CFG,5,20210312,164500,38.5,38.5,38.5,38.5,31,0
CFG,5,20210315,090000,38.7,38.7,38.7,38.7,1,0
CFG,5,20210315,091500,38.2,38.2,37.6,37.6,40,0
CFG,5,20210315,095500,37.7,37.7,37.7,37.7,40,0
CFG,5,20210315,101000,37.6,37.6,37.3,37.4,177,0
CFG,5,20210315,101500,37.6,37.6,37.6,37.6,40,0
CFG,5,20210315,102000,37.6,37.6,37.6,37.6,25,0
CFG,5,20210315,102500,37.4,37.4,37.4,37.4,68,0
CFG,5,20210315,104000,37,37,37,37,114,0
CFG,5,20210315,104500,37,37,36,36,315,0
CFG,5,20210315,105000,37.5,37.5,37.5,37.5,11,0
CFG,5,20210315,105500,37.5,38.1,37.5,38.1,356,0
CFG,5,20210315,110000,38.1,38.1,38.1,38.1,160,0
CFG,5,20210315,112500,38,38,38,38,84,0
CFG,5,20210315,115000,37,37,37,37,50,0
CFG,5,20210315,120000,37.5,37.5,37.5,37.5,26,0
CFG,5,20210315,121000,37.5,37.5,37.5,37.5,24,0
CFG,5,20210315,140000,37.5,37.5,37,37,120,0
CFG,5,20210315,141000,36.9,36.9,36.9,36.9,44,0
CFG,5,20210315,141500,36.9,36.9,36.9,36.9,24,0
CFG,5,20210315,143000,36.9,36.9,36.9,36.9,26,0
CFG,5,20210315,144000,37,37,37,37,311,0
CFG,5,20210315,150500,37,37,37,37,150,0
CFG,5,20210315,155500,37.2,37.2,37.2,37.2,133,0
CFG,5,20210315,164500,37.1,37.2,37.1,37.2,53,0
CFG,5,20210316,090000,37.5,37.5,37.5,37.5,46,0
CFG,5,20210316,122000,37.4,37.4,37.4,37.4,27,0
CFG,5,20210316,125500,37,37,37,37,100,0
CFG,5,20210316,130500,36.7,36.7,36.7,36.7,60,0
CFG,5,20210316,133500,37,37,37,37,1,0
CFG,5,20210316,135000,37,37,37,37,334,0
CFG,5,20210316,150500,37.3,37.3,37.3,37.3,3,0
CFG,5,20210316,164500,37.4,37.4,37.4,37.4,3,0
CFG,5,20210317,090000,37.4,37.4,37.2,37.2,101,0
CFG,5,20210317,095000,36.8,36.8,36.7,36.7,5,0
CFG,5,20210317,103500,36.7,36.7,36.6,36.6,44,0
CFG,5,20210317,110500,36.6,36.6,36.6,36.6,131,0
CFG,5,20210317,112500,36.6,36.6,36.6,36.6,20,0
CFG,5,20210317,113000,36.6,36.6,36.6,36.6,13,0
CFG,5,20210317,121500,36.6,36.6,36.6,36.6,17,0
CFG,5,20210317,133500,36.6,36.6,36.6,36.6,48,0
CFG,5,20210317,141000,36.5,36.5,36,36,310,0
CFG,5,20210317,141500,36,36,36,36,24,0
CFG,5,20210317,142000,36,36,36,36,2,0
CFG,5,20210317,143000,36,36,35.5,35.7,216,0
CFG,5,20210317,150500,35.7,35.7,35.7,35.7,307,0
CFG,5,20210317,151500,35.4,35.4,35.3,35.3,100,0
CFG,5,20210317,152500,36.3,36.3,36.3,36.3,66,0
CFG,5,20210317,163500,36.4,36.4,36.4,36.4,30,0
CFG,5,20210317,164500,36.5,36.5,36.5,36.5,36,0
CFG,5,20210317,165500,36.5,36.5,36.5,36.5,3,0
CFG,5,20210318,090000,36.4,36.4,36.4,36.4,1,0
CFG,5,20210318,111000,36.4,36.4,36.4,36.4,25,0
CFG,5,20210318,125500,36.4,36.5,36.4,36.5,125,0
CFG,5,20210318,132000,36.5,36.5,36.3,36.3,27,0
CFG,5,20210318,150000,36.3,36.3,36.3,36.3,59,0
CFG,5,20210318,151000,36.3,36.3,36.3,36.3,5,0
CFG,5,20210318,151500,36.5,36.5,36.5,36.5,45,0
CFG,5,20210318,152000,36.5,37.2,36.5,37.2,114,0
CFG,5,20210318,164500,37.2,37.2,37.2,37.2,29,0
CFG,5,20210319,090000,36.6,36.6,36.6,36.6,18,0
CFG,5,20210319,091500,36.8,36.8,36.8,36.8,55,0
CFG,5,20210319,092000,37.3,37.3,37.3,37.3,14,0
CFG,5,20210319,115500,36.8,36.8,36.8,36.8,30,0
CFG,5,20210319,123500,36.8,36.8,36.8,36.8,39,0
CFG,5,20210319,124000,36.6,36.6,36.6,36.6,159,0
CFG,5,20210319,133000,36.7,36.7,36.7,36.7,164,0
CFG,5,20210319,140500,36.7,36.7,36.7,36.7,69,0
CFG,5,20210319,141000,36.7,36.7,36.7,36.7,63,0
CFG,5,20210319,144000,36.7,36.7,36.7,36.7,100,0
CFG,5,20210319,145000,36.6,36.6,36.6,36.6,316,0
CFG,5,20210319,154500,36.3,36.3,36.3,36.3,47,0
CFG,5,20210319,155500,36.5,36.5,36.3,36.3,100,0
CFG,5,20210319,160500,36.3,36.3,36,36,100,0
CFG,5,20210319,161000,36,36,36,36,1,0
CFG,5,20210319,164500,36,37.3,35.7,37.3,104,0
CFG,5,20210322,090000,37.4,37.4,37.3,37.3,71,0
CFG,5,20210322,092000,37.2,37.2,37.2,37.2,20,0
CFG,5,20210322,100000,37.2,37.2,37.2,37.2,72,0
CFG,5,20210322,100500,37.2,37.2,37.2,37.2,109,0
CFG,5,20210322,105500,37.3,37.3,37.2,37.2,125,0
CFG,5,20210322,111500,37.3,37.3,37.3,37.3,20,0
CFG,5,20210322,113000,37.3,37.3,37.2,37.3,90,0
CFG,5,20210322,135500,37.2,37.2,37.2,37.2,30,0
CFG,5,20210322,140000,37.2,37.2,36,36,17,0
CFG,5,20210322,141000,36.2,36.2,36.2,36.2,5,0
CFG,5,20210322,150000,36.3,36.3,36.3,36.3,22,0
CFG,5,20210322,152500,36.3,36.3,36.3,36.3,40,0
CFG,5,20210322,153500,36.3,36.3,36.3,36.3,6,0
CFG,5,20210322,164500,36.3,37.2,36.3,37.2,50,0
CFG,5,20210323,090000,37.2,37.2,37.2,37.2,1,0
CFG,5,20210323,092500,37.1,37.2,37.1,37.2,53,0
CFG,5,20210323,110000,36.7,36.7,36.2,36.2,84,0
CFG,5,20210323,115000,36.2,36.2,36.2,36.2,23,0
CFG,5,20210323,122000,36.1,36.9,36.1,36.9,77,0
CFG,5,20210323,122500,36.9,36.9,36.9,36.9,50,0
CFG,5,20210323,163500,36.2,36.2,36.2,36.2,50,0
CFG,5,20210323,164500,36.7,36.8,36.7,36.8,44,0
CFG,5,20210323,165500,36.8,36.8,36.8,36.8,3,0
CFG,5,20210324,090000,36.7,36.7,36.7,36.7,1,0
CFG,5,20210324,091500,36.2,36.2,36.2,36.2,30,0
CFG,5,20210324,092000,36.1,36.1,36.1,36.1,41,0
CFG,5,20210324,092500,35.7,35.7,35.5,35.5,33,0
CFG,5,20210324,093000,35.5,35.5,35.5,35.5,479,0
CFG,5,20210324,100500,35.7,35.7,35.7,35.7,20,0
CFG,5,20210324,101000,36,36,36,36,31,0
CFG,5,20210324,104000,35.7,35.7,35.7,35.7,100,0
CFG,5,20210324,105000,35.7,35.7,35.7,35.7,3,0
CFG,5,20210324,110500,35.6,35.6,35.5,35.5,55,0
CFG,5,20210324,120500,35.7,35.7,35.7,35.7,100,0
CFG,5,20210324,123500,35.7,35.7,35.7,35.7,50,0
CFG,5,20210324,145500,35.5,35.5,35.5,35.5,75,0
CFG,5,20210324,150000,35.6,35.6,35.6,35.6,100,0
CFG,5,20210324,153000,35.5,35.5,35.1,35.1,327,0
CFG,5,20210324,163000,35.3,35.5,35.3,35.5,300,0
CFG,5,20210324,164500,35.5,35.5,35.5,35.5,25,0
CFG,5,20210324,165500,35.5,35.5,35.5,35.5,25,0
CFG,5,20210325,090000,35.8,35.8,35.8,35.8,1,0
CFG,5,20210325,103500,35.7,35.7,35.7,35.7,98,0
CFG,5,20210325,105500,36.2,36.2,36.2,36.2,28,0
CFG,5,20210325,113000,35.8,35.8,35.8,35.8,13,0
CFG,5,20210325,121500,36.1,36.2,36.1,36.2,100,0
CFG,5,20210325,122500,36.1,36.1,36.1,36.1,60,0
CFG,5,20210325,143500,35.8,35.8,35.8,35.8,70,0
CFG,5,20210325,151500,35.8,35.8,35.8,35.8,50,0
CFG,5,20210325,162000,36.2,36.2,36.2,36.2,136,0
CFG,5,20210325,164500,36.2,36.2,36.2,36.2,29,0
CFG,5,20210325,165500,36.2,36.2,36.2,36.2,53,0
CFG,5,20210326,090000,36.1,36.1,36.1,36.1,1,0
CFG,5,20210326,092500,36.1,36.1,36.1,36.1,5,0
CFG,5,20210326,095000,36.7,36.7,36.7,36.7,10,0
CFG,5,20210326,100500,36.2,36.2,36.2,36.2,75,0
CFG,5,20210326,101000,36.1,36.1,36.1,36.1,1000,0
CFG,5,20210326,104500,36.2,36.7,36.2,36.7,20,0
CFG,5,20210326,164500,35.7,36.7,35.7,36.7,35,0
