<TICKER>,<PER>,<DATE>,<TIME>,<OPEN>,<HIGH>,<LOW>,<CLOSE>,<VOL>,<OPENINT>
CHP,5,20210204,090000,45,45,45,45,2,0
CHP,5,20210204,135000,44.9,44.9,44.9,44.9,11,0
CHP,5,20210204,153000,44.8,44.8,44.8,44.8,11,0
CHP,5,20210205,090000,45,45,45,45,2,0
CHP,5,20210205,101000,44.8,44.8,44.8,44.8,59,0
CHP,5,20210205,121000,44.9,44.9,44.9,44.9,22,0
CHP,5,20210205,124000,44.9,44.9,44.9,44.9,61,0
CHP,5,20210205,131000,44.9,45,44.9,45,194,0
CHP,5,20210205,133000,45.5,45.5,45.5,45.5,89,0
CHP,5,20210205,134500,46,46,45.5,45.5,68,0
CHP,5,20210205,141000,45.5,45.5,45.5,45.5,2,0
CHP,5,20210205,141500,46,46,46,46,3,0
CHP,5,20210205,144000,46,46,46,46,27,0
CHP,5,20210205,163000,47,47,47,47,185,0
CHP,5,20210205,163500,48,48,48,48,30,0
CHP,5,20210205,164500,48.5,48.5,48.5,48.5,25,0
CHP,5,20210208,090000,48.5,48.5,48.5,48.5,5,0
CHP,5,20210209,090000,48.5,48.5,48.5,48.5,60,0
CHP,5,20210209,152500,47.9,47.9,47.9,47.9,30,0
CHP,5,20210209,153500,48,48,48,48,110,0
CHP,5,20210209,164500,47,47,47,47,20,0
CHP,5,20210210,090000,48.4,48.4,48.4,48.4,5,0
CHP,5,20210210,095500,48.4,48.4,48.4,48.4,29,0
CHP,5,20210210,115000,47.5,47.5,47.5,47.5,50,0
CHP,5,20210210,132500,48.4,48.4,48.4,48.4,10,0
CHP,5,20210210,135000,48.1,48.1,48.1,48.1,77,0
CHP,5,20210210,142000,47.5,47.5,47.5,47.5,19,0
CHP,5,20210210,143000,47,47,47,47,50,0
CHP,5,20210210,144500,48,48,48,48,50,0
CHP,5,20210210,164000,48.1,48.1,48.1,48.1,23,0
CHP,5,20210210,164500,46.9,46.9,46,46,105,0
CHP,5,20210211,090000,48.4,48.4,48.4,48.4,2,0
CHP,5,20210211,093500,46,46,46,46,50,0
CHP,5,20210212,090000,48,48,48,48,5,0
CHP,5,20210212,105500,47.9,47.9,47.9,47.9,10,0
CHP,5,20210212,111500,47.9,48,47.9,48,250,0
CHP,5,20210212,112000,47.9,47.9,47.9,47.9,105,0
CHP,5,20210212,114500,47.9,47.9,47.9,47.9,105,0
CHP,5,20210212,115000,48,48,48,48,44,0
CHP,5,20210212,143500,47.7,47.7,47.7,47.7,25,0
CHP,5,20210212,144000,47.7,47.7,47.7,47.7,85,0
CHP,5,20210212,152000,47,47,47,47,55,0
CHP,5,20210212,153500,46.6,46.6,46.6,46.6,11,0
CHP,5,20210212,155500,47,47.6,47,47.6,2750,0
CHP,5,20210212,164500,47,47,47,47,70,0
CHP,5,20210215,090000,47,47,47,47,70,0
CHP,5,20210215,090500,46.9,46.9,46.9,46.9,24,0
CHP,5,20210215,091500,46.9,46.9,46.9,46.9,16,0
CHP,5,20210215,092000,46.9,46.9,46.9,46.9,34,0
CHP,5,20210215,100000,46.9,47,46.9,47,100,0
CHP,5,20210215,100500,47,47,47,47,150,0
CHP,5,20210215,113500,47,47,47,47,50,0
CHP,5,20210215,115500,47,47,47,47,25,0
CHP,5,20210215,120000,47,47,47,47,100,0
CHP,5,20210215,121500,47,47,47,47,25,0
CHP,5,20210215,122000,47.8,48,47.8,48,200,0
CHP,5,20210215,123000,47.5,47.5,47.5,47.5,250,0
CHP,5,20210215,125000,47.5,47.5,47.5,47.5,193,0
CHP,5,20210215,131000,47.5,47.5,47.5,47.5,7,0
CHP,5,20210215,163000,47.5,47.5,47.5,47.5,500,0
CHP,5,20210216,090000,48,48,48,48,3,0
CHP,5,20210216,104000,48,48,47.5,47.5,24,0
CHP,5,20210216,105000,47.5,48.3,47.5,48.3,153,0
CHP,5,20210216,110000,48.1,48.4,48.1,48.4,380,0
CHP,5,20210216,110500,48.3,48.8,48.3,48.8,559,0
CHP,5,20210216,111000,48.8,49.7,48.8,48.9,756,0
CHP,5,20210216,112000,48.9,48.9,48.9,48.9,20,0
CHP,5,20210216,112500,48.9,48.9,48.9,48.9,230,0
CHP,5,20210216,114000,49.6,49.6,49.6,49.6,25,0
CHP,5,20210216,114500,48.9,48.9,48.9,48.9,402,0
CHP,5,20210216,115500,49.7,51,49.7,51,192,0
CHP,5,20210216,121000,50.2,50.8,50,50.8,320,0
CHP,5,20210216,130500,50.6,50.6,50.6,50.6,10,0
CHP,5,20210216,132000,50,50,50,50,50,0
CHP,5,20210216,140500,50,50,50,50,25,0
CHP,5,20210216,153000,49.4,49.4,49.4,49.4,1499,0
CHP,5,20210216,153500,50,50,50,50,100,0
CHP,5,20210216,154500,49.4,49.4,49.4,49.4,25,0
CHP,5,20210216,155500,49.3,49.3,49.3,49.3,141,0
CHP,5,20210216,160500,49.1,49.1,49,49,191,0
CHP,5,20210217,090000,50.2,50.2,50.2,50.2,5,0
CHP,5,20210217,093000,49.1,49.1,49,49,204,0
CHP,5,20210217,103000,48.9,48.9,48.9,48.9,55,0
CHP,5,20210217,122000,48.1,48.1,48,48,201,0
CHP,5,20210217,130500,46.6,46.6,46.6,46.6,19,0
CHP,5,20210217,132000,46.7,46.7,46.7,46.7,10,0
CHP,5,20210217,164500,46.7,46.7,46.7,46.7,1,0
CHP,5,20210218,090000,48.5,48.5,48.5,48.5,5,0
CHP,5,20210218,133500,46.1,46.1,46.1,46.1,22,0
CHP,5,20210218,142500,46,46,46,46,100,0
CHP,5,20210218,143500,45.5,45.5,45.4,45.4,50,0
CHP,5,20210218,164000,46,46,46,46,8,0
CHP,5,20210219,090000,48.4,48.4,48.4,48.4,5,0
CHP,5,20210219,105500,47.7,48.2,47.7,48.2,66,0
CHP,5,20210219,110000,48.3,48.3,48.3,48.3,55,0
CHP,5,20210219,111500,48.5,48.5,48.5,48.5,25,0
CHP,5,20210219,115000,48.3,48.3,48.3,48.3,30,0
CHP,5,20210219,120500,48.3,48.3,47,47,89,0
CHP,5,20210219,150500,45,45,44.9,44.9,50,0
CHP,5,20210222,090000,44.2,44.2,42.4,42.4,132,0
CHP,5,20210222,095000,44,44,44,44,29,0
CHP,5,20210222,105500,43,43,43,43,100,0
CHP,5,20210222,121500,42.6,42.6,42.5,42.5,32,0
CHP,5,20210222,162500,43.1,43.1,43,43,50,0
CHP,5,20210223,090000,43.7,43.7,43.7,43.7,5,0
CHP,5,20210223,120000,43,43,41.6,41.6,172,0
CHP,5,20210223,121500,42,42,42,42,21,0
CHP,5,20210223,134000,42.1,42.1,39.5,40,2259,0
CHP,5,20210223,134500,41.7,41.7,41.6,41.6,128,0
CHP,5,20210223,141500,41.6,41.6,41.6,41.6,200,0
CHP,5,20210223,145500,41.6,41.6,41.6,41.6,80,0
CHP,5,20210223,161000,41.6,41.6,41.6,41.6,20,0
CHP,5,20210223,164500,41.6,41.6,41.6,41.6,1,0
CHP,5,20210224,090000,43,43,43,43,5,0
CHP,5,20210224,091000,42.9,42.9,42.9,42.9,22,0
CHP,5,20210224,101500,42.8,42.9,42.8,42.9,151,0
CHP,5,20210224,102000,42.9,43,42.9,43,175,0
CHP,5,20210224,103500,43,43.4,43,43.4,100,0
CHP,5,20210224,104500,43.3,43.4,43.3,43.4,40,0
CHP,5,20210224,121000,42.2,42.2,42.2,42.2,19,0
CHP,5,20210224,122000,43,43,43,43,50,0
CHP,5,20210224,134500,43.4,43.4,43.4,43.4,186,0
CHP,5,20210224,135000,43.5,43.8,43.5,43.8,104,0
CHP,5,20210224,154500,42.3,42.3,42.3,42.3,30,0
CHP,5,20210224,164000,42.4,42.4,42.3,42.3,31,0
CHP,5,20210225,090000,44,44,44,44,5,0
CHP,5,20210225,105000,43.4,43.4,43.4,43.4,10,0
CHP,5,20210225,143500,43.3,43.3,43,43,20,0
CHP,5,20210225,162500,43.3,43.4,43.3,43.4,50,0
CHP,5,20210226,090000,43.9,43.9,42.2,42.2,13,0
CHP,5,20210226,125500,42.9,43,42.9,43,23,0
CHP,5,20210226,153000,42.8,42.8,42.8,42.8,10,0
CHP,5,20210301,090000,42.3,42.3,42.3,42.3,5,0
CHP,5,20210301,112500,42.3,42.3,42.3,42.3,14,0
CHP,5,20210301,121500,42.3,42.3,42.3,42.3,36,0
CHP,5,20210301,131000,42.2,42.2,42.1,42.1,64,0
CHP,5,20210301,163500,42,42,42,42,36,0
CHP,5,20210301,164500,42,42,42,42,5,0
CHP,5,20210302,090000,43.2,43.2,43.2,43.2,5,0
CHP,5,20210302,095500,42,42,42,42,100,0
CHP,5,20210302,101000,42,42,42,42,50,0
CHP,5,20210302,102000,43.1,43.1,43.1,43.1,4,0
CHP,5,20210303,090000,43.1,43.1,43.1,43.1,5,0
CHP,5,20210303,114000,41,41,39.6,39.6,128,0
CHP,5,20210303,120000,41,41,41,41,1,0
CHP,5,20210303,121500,41,41,41,41,4,0
CHP,5,20210303,154000,41.1,41.2,41.1,41.2,10,0
CHP,5,20210303,155500,41.3,41.3,41.3,41.3,5,0
CHP,5,20210303,162000,41.4,41.4,41.4,41.4,5,0
CHP,5,20210303,162500,41.5,41.5,41.5,41.5,5,0
CHP,5,20210303,163000,41.6,41.7,41.6,41.7,10,0
CHP,5,20210303,164500,42,42.5,42,42.4,56,0
CHP,5,20210304,090000,42.1,42.1,42.1,42.1,55,0
CHP,5,20210304,093500,40.4,40.4,40.4,40.4,10,0
CHP,5,20210304,094000,40.4,40.4,40.3,40.3,10,0
CHP,5,20210304,094500,40.2,40.2,40.2,40.2,5,0
CHP,5,20210304,095000,40.1,40.1,40,40,207,0
CHP,5,20210304,095500,40,40,40,40,35,0
CHP,5,20210304,100000,40,40,40,40,10,0
CHP,5,20210304,100500,40,40,40,40,174,0
CHP,5,20210304,104500,40,40,40,40,150,0
CHP,5,20210304,105500,40,40,40,40,50,0
CHP,5,20210304,112000,40.4,40.5,40.4,40.5,1579,0
CHP,5,20210304,124000,40.5,40.5,40,40,169,0
CHP,5,20210304,130000,40.7,40.7,40.7,40.7,50,0
CHP,5,20210304,134000,40.7,40.7,40.7,40.7,195,0
CHP,5,20210304,134500,40.7,40.7,40.7,40.7,73,0
CHP,5,20210304,164500,41,41,41,41,107,0
CHP,5,20210305,090000,41,41,41,41,130,0
CHP,5,20210305,163000,41,41,41,41,36,0
CHP,5,20210308,090000,41.2,41.2,41.2,41.2,5,0
CHP,5,20210308,100000,40,40,40,40,6,0
CHP,5,20210308,125000,40.1,40.1,40,40,103,0
CHP,5,20210308,164500,40.9,40.9,40.9,40.9,1,0
CHP,5,20210309,090000,41,41,41,41,5,0
CHP,5,20210309,101500,40.9,40.9,40.9,40.9,36,0
CHP,5,20210310,090000,40.9,40.9,40.9,40.9,5,0
CHP,5,20210310,093500,39.9,39.9,39.2,39.2,100,0
CHP,5,20210310,094000,39.1,39.1,39.1,39.1,27,0
CHP,5,20210310,094500,38,38,36.1,38,141,0
CHP,5,20210310,104000,38.2,38.2,38.2,38.2,200,0
CHP,5,20210310,113500,39.7,39.7,39.7,39.7,24,0
CHP,5,20210310,115000,39.7,39.7,39.7,39.7,3,0
CHP,5,20210310,120000,39.8,40,39.8,40,174,0
CHP,5,20210310,123500,40.9,40.9,40.9,40.9,12,0
CHP,5,20210310,142000,40.1,40.1,40,40,76,0
CHP,5,20210310,164500,40,40,40,40,23,0
CHP,5,20210311,090000,41,41,41,41,5,0
CHP,5,20210311,102000,38.5,38.5,38,38,172,0
CHP,5,20210311,111500,38.5,38.5,38.5,38.5,50,0
CHP,5,20210311,113000,39,39,39,39,28,0
CHP,5,20210311,113500,39,39,38.3,38.3,53,0
CHP,5,20210311,163500,38.5,38.5,38.5,38.5,5,0
CHP,5,20210312,090000,40.8,40.8,40.8,40.8,5,0
CHP,5,20210312,144000,40.8,41,40.8,41,48,0
CHP,5,20210312,161000,40.9,40.9,40.9,40.9,50,0
CHP,5,20210315,090000,40.9,40.9,40.9,40.9,5,0
CHP,5,20210315,100000,38.9,38.9,38.8,38.8,161,0
CHP,5,20210315,104000,38.9,38.9,38.8,38.8,60,0
CHP,5,20210315,104500,38.8,38.8,38.5,38.5,200,0
CHP,5,20210315,111500,38.5,38.5,38.5,38.5,48,0
CHP,5,20210315,143000,39,39,38.5,38.5,198,0
CHP,5,20210315,143500,39.8,39.9,39.8,39.9,30,0
CHP,5,20210315,164500,40,40.4,38.3,40.4,204,0
CHP,5,20210316,090000,40.3,40.3,40.3,40.3,5,0
CHP,5,20210316,123000,40.3,40.4,40.3,40.4,50,0
CHP,5,20210316,123500,40.3,40.4,40.3,40.4,30,0
CHP,5,20210316,133000,40.4,40.4,40.4,40.4,3,0
CHP,5,20210316,164500,40.2,40.4,40.2,40.4,25,0
CHP,5,20210317,090000,40.4,40.4,40.4,40.4,5,0
CHP,5,20210317,095000,40.4,40.4,40.4,40.4,100,0
CHP,5,20210317,145500,38.5,38.5,38.5,38.5,60,0
CHP,5,20210318,090000,40,40,40,40,5,0
CHP,5,20210319,090000,40,40,40,40,5,0
CHP,5,20210319,093000,40,40,40,40,70,0
CHP,5,20210319,153000,40,40.4,40,40.4,27,0
CHP,5,20210322,090000,40.6,40.6,40.6,40.6,5,0
CHP,5,20210322,110500,39.7,39.7,39.7,39.7,16,0
CHP,5,20210322,131500,40,40,40,40,170,0
CHP,5,20210322,145000,40.4,40.6,40.4,40.6,20,0
CHP,5,20210322,164500,40,40,38.5,38.5,24,0
CHP,5,20210323,090000,40,40,40,40,5,0
CHP,5,20210323,091500,38.7,38.7,38,38,129,0
CHP,5,20210323,100500,38,38,38,38,1,0
CHP,5,20210323,101000,38,38,38,38,49,0
CHP,5,20210323,115000,37.4,37.4,37.4,37.4,62,0
CHP,5,20210323,120000,37.4,37.4,37,37,50,0
CHP,5,20210323,120500,37,37,36.2,36.2,133,0
CHP,5,20210323,123000,36.3,36.3,36.2,36.2,139,0
CHP,5,20210323,124000,38,38,38,38,40,0
CHP,5,20210323,125500,38.3,38.4,38.3,38.4,50,0
CHP,5,20210324,090000,38.4,38.4,38.4,38.4,5,0
CHP,5,20210324,112000,38.6,38.6,38.6,38.6,35,0
CHP,5,20210324,153000,39,39,39,39,80,0
CHP,5,20210324,154000,39.4,40.2,39.4,40.2,215,0
CHP,5,20210324,164500,39.9,39.9,39.9,39.9,25,0
CHP,5,20210325,090000,39.9,39.9,39.9,39.9,5,0
CHP,5,20210325,091000,40,40,40,40,40,0
CHP,5,20210325,132500,37.9,37.9,37.9,37.9,10,0
CHP,5,20210326,090000,37.9,37.9,37.9,37.9,3,0
CHP,5,20210326,161500,37.9,37.9,37.6,37.6,32,0
