<TICKER>,<PER>,<DATE>,<TIME>,<OPEN>,<HIGH>,<LOW>,<CLOSE>,<VOL>,<OPENINT>
CLD,5,20210204,090000,16,16,16,16,2,0
CLD,5,20210204,090500,15,15,15,15,349,0
CLD,5,20210204,113000,15.8,15.8,15.8,15.8,33,0
CLD,5,20210204,120000,15.8,16,15.8,16,1636,0
CLD,5,20210204,122500,15.7,15.7,15.5,15.5,700,0
CLD,5,20210204,163000,15.9,16,15.9,16,1191,0
CLD,5,20210205,090000,16.4,16.4,16.4,16.4,2,0
CLD,5,20210205,090500,16.4,16.4,15.8,15.8,83,0
CLD,5,20210205,132500,15.8,15.8,15.8,15.8,10,0
CLD,5,20210205,134500,15.8,15.8,15.8,15.8,200,0
CLD,5,20210205,135000,15.8,15.8,15.8,15.8,100,0
CLD,5,20210205,142000,15.8,15.8,15.8,15.8,1000,0
CLD,5,20210205,164500,16.1,16.1,16.1,16.1,1,0
CLD,5,20210208,090000,16.1,16.1,16.1,16.1,175,0
CLD,5,20210208,092000,16.1,16.1,15.1,15.1,324,0
CLD,5,20210208,143000,16,16,16,16,500,0
CLD,5,20210209,090000,16.15,16.15,16.15,16.15,160,0
CLD,5,20210209,113000,16.15,16.2,16.15,16.2,508,0
CLD,5,20210209,143000,16,16,16,16,500,0
CLD,5,20210209,164500,16.2,16.2,16.2,16.2,100,0
CLD,5,20210210,090000,16.4,16.4,16.4,16.4,2,0
CLD,5,20210210,105000,16,16,16,16,100,0
CLD,5,20210210,114500,16,16,16,16,289,0
CLD,5,20210210,122500,16.35,16.45,16.35,16.4,599,0
CLD,5,20210210,124500,16.35,16.35,16.05,16.05,350,0
CLD,5,20210210,143000,17,17,17,17,310,0
CLD,5,20210210,143500,16.8,16.8,16.8,16.8,64,0
CLD,5,20210210,144000,16.4,16.4,16.2,16.2,1188,0
CLD,5,20210210,160500,16.2,16.5,16.2,16.5,1001,0
CLD,5,20210210,162000,16.2,16.2,16.2,16.2,100,0
CLD,5,20210211,090000,16.2,17.5,16.2,17.5,1271,0
CLD,5,20210211,091500,16.8,16.8,16.8,16.8,63,0
CLD,5,20210211,094000,16.4,16.5,16.4,16.5,122,0
CLD,5,20210211,094500,17.75,17.75,17.75,17.75,10,0
CLD,5,20210211,102000,17.5,17.7,17.5,17.7,337,0
CLD,5,20210211,102500,17.7,17.75,17.7,17.75,350,0
CLD,5,20210211,103500,17.3,17.3,17.3,17.3,65,0
CLD,5,20210211,110500,16.7,16.7,16.3,16.5,646,0
CLD,5,20210211,112000,17,17,17,17,147,0
CLD,5,20210211,112500,17,17,16.7,16.7,398,0
CLD,5,20210211,114000,17,17,17,17,54,0
CLD,5,20210211,121500,17,17,17,17,100,0
CLD,5,20210211,124000,16.7,16.7,16.7,16.7,501,0
CLD,5,20210211,125500,17,17,17,17,100,0
CLD,5,20210211,130500,17,17,17,17,75,0
CLD,5,20210211,131500,17,17,17,17,125,0
CLD,5,20210211,132500,17.4,17.4,17.4,17.4,600,0
CLD,5,20210211,133000,17.4,17.4,17.4,17.4,250,0
CLD,5,20210211,135500,16.7,17,16.7,16.7,1100,0
CLD,5,20210211,140000,16.7,16.7,16.7,16.7,500,0
CLD,5,20210211,140500,17,17.2,17,17.2,750,0
CLD,5,20210211,142000,16.7,16.7,16.7,16.7,30,0
CLD,5,20210211,144000,16.7,16.7,16.7,16.7,470,0
CLD,5,20210211,145000,16.55,17.4,16.5,17.4,527,0
CLD,5,20210211,150000,17,17,17,17,200,0
CLD,5,20210211,154500,17.4,17.4,17.4,17.4,3996,0
CLD,5,20210211,155000,17.4,17.4,17.4,17.4,250,0
CLD,5,20210211,164000,17.4,17.4,17.4,17.4,100,0
CLD,5,20210212,090000,17.4,17.4,17.4,17.4,527,0
CLD,5,20210212,112000,17.3,17.4,17.3,17.4,400,0
CLD,5,20210212,123000,17.3,17.3,17.3,17.3,80,0
CLD,5,20210212,134000,16.75,16.75,16.75,16.75,40,0
CLD,5,20210212,154000,16.75,16.75,16.7,16.7,560,0
CLD,5,20210212,164000,16.3,16.3,16.3,16.3,150,0
CLD,5,20210212,164500,16.5,16.5,16.5,16.5,552,0
CLD,5,20210215,090000,17.25,17.25,17.25,17.25,164,0
CLD,5,20210215,092500,17.2,17.25,17.2,17.25,500,0
CLD,5,20210215,094000,17.25,17.25,17.25,17.25,11,0
CLD,5,20210215,094500,17.3,17.3,17.3,17.3,150,0
CLD,5,20210215,095000,17.25,17.25,17.25,17.25,90,0
CLD,5,20210215,095500,17.3,17.3,17.3,17.3,200,0
CLD,5,20210215,100500,17.25,17.25,17.25,17.25,185,0
CLD,5,20210215,101000,17.25,17.25,17.25,17.25,37,0
CLD,5,20210215,110500,17.25,17.25,17.25,17.25,50,0
CLD,5,20210215,124000,17.25,17.3,17.25,17.3,1184,0
CLD,5,20210215,125000,17.25,17.25,17.25,17.25,316,0
CLD,5,20210215,130500,17.4,17.5,17.4,17.5,150,0
CLD,5,20210215,131000,17.6,17.6,17.6,17.6,100,0
CLD,5,20210215,134000,17.55,17.55,17.55,17.55,50,0
CLD,5,20210215,134500,17.55,17.55,17.55,17.55,825,0
CLD,5,20210215,140000,17.55,17.55,17.55,17.55,41,0
CLD,5,20210215,141500,17.55,17.55,17.55,17.55,100,0
CLD,5,20210215,143500,16.9,16.9,16.9,16.9,120,0
CLD,5,20210215,152500,17,17,17,17,20,0
CLD,5,20210215,154500,17,17,17,17,280,0
CLD,5,20210215,164500,17.1,17.25,17.1,17.25,30,0
CLD,5,20210216,090000,17.7,18.45,17.7,18.45,2753,0
CLD,5,20210216,090500,18.2,18.4,18.2,18.2,550,0
CLD,5,20210216,091000,18.2,18.4,18.2,18.4,130,0
CLD,5,20210216,091500,18.35,18.4,18.35,18.4,200,0
CLD,5,20210216,092500,18.85,18.85,18.85,18.85,318,0
CLD,5,20210216,093000,18.65,18.65,18.1,18.1,600,0
CLD,5,20210216,093500,18.1,18.1,18,18,270,0
CLD,5,20210216,095000,18.1,18.3,18.1,18.3,141,0
CLD,5,20210216,095500,18.3,18.3,18.3,18.3,224,0
CLD,5,20210216,100500,18.35,18.35,18.05,18.05,461,0
CLD,5,20210216,103000,18.35,18.35,18.35,18.35,100,0
CLD,5,20210216,103500,18.35,18.4,18.35,18.4,50,0
CLD,5,20210216,104500,18.45,18.45,18.45,18.45,307,0
CLD,5,20210216,105500,18.5,18.5,18.5,18.5,55,0
CLD,5,20210216,110000,18.6,18.65,18.5,18.65,1195,0
CLD,5,20210216,113000,18.55,18.6,18.55,18.6,1900,0
CLD,5,20210216,113500,18.55,18.55,18.55,18.55,215,0
CLD,5,20210216,115500,18.55,18.6,18.55,18.6,290,0
CLD,5,20210216,121000,18.55,18.55,18.55,18.55,250,0
CLD,5,20210216,123000,18.55,18.55,18.55,18.55,50,0
CLD,5,20210216,131000,18.55,18.6,18.55,18.6,250,0
CLD,5,20210216,132000,18.6,18.6,18.6,18.6,80,0
CLD,5,20210216,143500,18.6,18.6,18.6,18.6,323,0
CLD,5,20210216,150000,18.6,18.6,18.6,18.6,60,0
CLD,5,20210216,150500,18.55,18.55,18.55,18.55,150,0
CLD,5,20210216,151500,18.6,18.6,18.6,18.6,35,0
CLD,5,20210216,152000,18.6,18.6,18.6,18.6,285,0
CLD,5,20210216,152500,18.6,18.6,18.6,18.6,15,0
CLD,5,20210216,155500,18.65,18.9,18.65,18.9,150,0
CLD,5,20210216,160000,18.85,18.85,18.85,18.85,300,0
CLD,5,20210216,161000,18.6,18.6,18.6,18.6,169,0
CLD,5,20210216,163000,18.5,18.5,18.1,18.1,389,0
CLD,5,20210216,164500,18.7,18.7,18.7,18.7,1,0
CLD,5,20210217,090000,18.75,18.75,18.75,18.75,57,0
CLD,5,20210217,090500,18.75,18.75,18,18.5,640,0
CLD,5,20210217,091500,18.5,18.5,18.5,18.5,55,0
CLD,5,20210217,093000,18.5,18.5,18.5,18.5,445,0
CLD,5,20210217,094000,18,18,18,18,143,0
CLD,5,20210217,103500,18.05,18.05,18.05,18.05,20,0
CLD,5,20210217,105000,18.75,18.75,18.75,18.75,31,0
CLD,5,20210217,111500,18.75,19.2,18.75,19.2,1328,0
CLD,5,20210217,114000,18.7,18.7,18.7,18.7,87,0
CLD,5,20210217,120000,18.7,18.7,18.7,18.7,38,0
CLD,5,20210217,120500,18.7,18.7,18.7,18.7,500,0
CLD,5,20210217,122500,18.75,18.8,18.75,18.8,326,0
CLD,5,20210217,123000,19.15,19.15,19.15,19.15,40,0
CLD,5,20210217,132500,19.15,19.15,19.15,19.15,60,0
CLD,5,20210217,134500,18.7,18.7,18.7,18.7,265,0
CLD,5,20210217,141000,18.55,18.55,18.55,18.55,130,0
CLD,5,20210217,142000,18.6,18.6,18.6,18.6,5,0
CLD,5,20210217,143500,18.9,18.9,18.9,18.9,29,0
CLD,5,20210217,145000,18.9,18.9,18.9,18.9,100,0
CLD,5,20210217,151500,18.6,18.6,18.5,18.55,1500,0
CLD,5,20210217,161000,18.65,18.8,18.65,18.8,800,0
CLD,5,20210218,090000,18.9,18.9,18.9,18.9,102,0
CLD,5,20210218,090500,18.2,18.2,17.8,17.8,1560,0
CLD,5,20210218,094500,18.75,18.75,18.75,18.75,101,0
CLD,5,20210218,095500,18.05,18.05,18.05,18.05,200,0
CLD,5,20210218,111500,18.5,18.5,18.5,18.5,200,0
CLD,5,20210218,112000,18.5,18.5,18.5,18.5,20,0
CLD,5,20210218,113500,18.05,18.05,17.45,17.45,240,0
CLD,5,20210218,114000,17.4,17.4,17,17.1,401,0
CLD,5,20210218,114500,17.6,17.6,17.6,17.6,250,0
CLD,5,20210218,140000,17.6,17.6,17.6,17.6,352,0
CLD,5,20210218,151000,17.6,17.6,17.6,17.6,636,0
CLD,5,20210218,163000,17.2,17.2,17.2,17.2,45,0
CLD,5,20210218,164500,17.5,17.5,17.5,17.5,280,0
CLD,5,20210219,090000,18,18,18,18,2,0
CLD,5,20210219,092500,18,18,18,18,95,0
CLD,5,20210219,093500,18,18,18,18,17,0
CLD,5,20210219,094500,17.5,17.5,17.5,17.5,2,0
CLD,5,20210219,095000,17.5,17.5,17.5,17.5,138,0
CLD,5,20210219,155500,18,18,18,18,20,0
CLD,5,20210222,090000,18.45,18.5,18.45,18.5,355,0
CLD,5,20210222,090500,18.5,18.5,18.5,18.5,345,0
CLD,5,20210222,120000,18.45,18.45,18.45,18.45,88,0
CLD,5,20210222,124000,18.45,18.45,18.45,18.45,162,0
CLD,5,20210222,125000,18.45,18.45,18.45,18.45,338,0
CLD,5,20210222,140000,18.4,18.45,18.4,18.45,270,0
CLD,5,20210223,090000,18.5,18.5,18.5,18.5,312,0
CLD,5,20210223,103500,18.4,18.5,18.4,18.5,160,0
CLD,5,20210223,105000,18,18,18,18,250,0
CLD,5,20210223,105500,18,18,18,18,90,0
CLD,5,20210223,110000,18,18,18,18,105,0
CLD,5,20210223,114500,18,18,18,18,55,0
CLD,5,20210223,115000,17.7,17.7,17.6,17.6,100,0
CLD,5,20210223,115500,17.6,17.6,17.6,17.6,300,0
CLD,5,20210223,120000,17.55,17.55,17.55,17.55,50,0
CLD,5,20210223,120500,17.5,17.5,17.5,17.5,82,0
CLD,5,20210223,121000,17.5,17.5,17.5,17.5,100,0
CLD,5,20210223,124000,17.5,17.5,17.5,17.5,118,0
CLD,5,20210223,124500,17.1,17.1,17.1,17.1,882,0
CLD,5,20210223,134500,17.6,17.6,17.6,17.6,18,0
CLD,5,20210223,142000,17.2,17.2,17.2,17.2,153,0
CLD,5,20210223,151000,17.6,17.6,17.6,17.6,32,0
CLD,5,20210223,151500,17.6,17.6,17.2,17.2,250,0
CLD,5,20210223,155000,17.2,17.2,17.1,17.1,600,0
CLD,5,20210223,161500,17.1,17.1,17,17,600,0
CLD,5,20210223,162000,16.75,16.75,16.75,16.75,70,0
CLD,5,20210223,164500,17,17,17,17,290,0
CLD,5,20210224,091500,16.7,17.65,16.7,17.65,144,0
CLD,5,20210224,092000,17.65,17.65,17.65,17.65,28,0
CLD,5,20210224,110500,17,17,17,17,100,0
CLD,5,20210224,111000,17,17,17,17,200,0
CLD,5,20210224,135500,17,17,17,17,96,0
CLD,5,20210224,143000,17,17,17,17,129,0
CLD,5,20210224,143500,17,17,17,17,150,0
CLD,5,20210225,090000,17.5,17.5,17.5,17.5,2,0
CLD,5,20210225,094500,17.5,17.5,17.5,17.5,18,0
CLD,5,20210225,100000,17.7,17.7,17,17,143,0
CLD,5,20210225,100500,16.9,16.9,16.85,16.85,79,0
CLD,5,20210225,114500,17,17,17,17,520,0
CLD,5,20210225,115000,17,17,17,17,90,0
CLD,5,20210225,122000,16.85,16.85,16.85,16.85,55,0
CLD,5,20210225,123500,17,17,17,17,280,0
CLD,5,20210225,134000,17,17,17,17,200,0
CLD,5,20210225,150500,16.85,16.85,16.85,16.85,38,0
CLD,5,20210226,090000,16.55,16.55,16.5,16.5,680,0
CLD,5,20210226,091000,16.2,16.2,16.2,16.2,39,0
CLD,5,20210226,094000,16.35,16.35,16.35,16.35,27,0
CLD,5,20210226,100000,16.35,16.35,16.3,16.3,1820,0
CLD,5,20210226,103000,16.3,16.3,16.3,16.3,400,0
CLD,5,20210226,132500,16.3,16.3,16.3,16.3,850,0
CLD,5,20210226,143500,16.3,16.3,16.25,16.25,460,0
CLD,5,20210226,145500,16.15,16.8,15.4,16.8,640,0
CLD,5,20210226,155500,15.9,15.9,15.9,15.9,2,0
CLD,5,20210226,163500,15.9,15.9,15.9,15.9,50,0
CLD,5,20210226,164500,16.7,16.7,16.7,16.7,81,0
CLD,5,20210301,090000,15.9,15.9,15.9,15.9,2,0
CLD,5,20210301,092500,16.8,16.8,16.8,16.8,10,0
CLD,5,20210301,095500,15.95,15.95,15.9,15.9,558,0
CLD,5,20210301,113000,16.6,16.8,16.6,16.8,103,0
CLD,5,20210301,114000,16.5,16.5,16.5,16.5,66,0
CLD,5,20210301,124500,16.5,16.5,16.5,16.5,280,0
CLD,5,20210301,141000,16.8,16.95,16.8,16.95,50,0
CLD,5,20210301,144000,16.95,16.95,16.95,16.95,58,0
CLD,5,20210302,090000,16.75,16.75,16.5,16.5,66,0
CLD,5,20210302,093500,16.55,16.55,16.55,16.55,61,0
CLD,5,20210302,134000,16.5,16.5,16.5,16.5,300,0
CLD,5,20210303,090000,16.6,16.6,16.6,16.6,2,0
CLD,5,20210303,094500,16.55,16.55,16.55,16.55,138,0
CLD,5,20210303,100500,16.05,16.05,16,16,300,0
CLD,5,20210303,104000,16.55,16.55,16.55,16.55,30,0
CLD,5,20210303,121500,16.05,16.05,16,16,200,0
CLD,5,20210303,131000,16.1,16.1,16.05,16.05,307,0
CLD,5,20210303,135500,16.05,16.05,16,16,780,0
CLD,5,20210303,152500,16,16,16,16,60,0
CLD,5,20210303,154000,16.45,16.45,16.45,16.45,100,0
CLD,5,20210304,090000,16.55,16.55,16.55,16.55,2,0
CLD,5,20210304,091500,16.55,16.55,16.55,16.55,28,0
CLD,5,20210304,094000,16.05,16.05,16.05,16.05,80,0
CLD,5,20210304,164000,16.55,16.6,16.55,16.6,256,0
CLD,5,20210305,090000,16.6,16.6,16.6,16.6,2,0
CLD,5,20210305,133500,16.1,16.5,16.1,16.5,280,0
CLD,5,20210305,164500,16.4,16.4,16.4,16.4,200,0
CLD,5,20210308,090000,16.5,16.5,16.5,16.5,2,0
CLD,5,20210308,151000,15.85,15.85,15.85,15.85,10,0
CLD,5,20210309,090000,15.85,15.85,15.85,15.85,2,0
CLD,5,20210309,140500,16.3,16.3,16.3,16.3,20,0
CLD,5,20210310,090000,16.5,16.5,16.5,16.5,2,0
CLD,5,20210310,134000,16.4,16.4,16.4,16.4,22,0
CLD,5,20210310,143000,15.95,15.95,15.9,15.9,10,0
CLD,5,20210310,162500,15.9,15.9,15.9,15.9,996,0
CLD,5,20210311,090000,16.45,16.45,16.45,16.45,100,0
CLD,5,20210311,113500,16,16,16,16,68,0
CLD,5,20210312,090000,16.6,16.6,16.6,16.6,2,0
CLD,5,20210312,093000,16,16,16,16,100,0
CLD,5,20210312,122500,16.6,16.6,16.6,16.6,211,0
CLD,5,20210312,125500,16.6,17,16.6,17,151,0
CLD,5,20210312,140000,16.8,16.8,16.8,16.8,3800,0
CLD,5,20210312,164500,16.05,16.05,16.05,16.05,2,0
CLD,5,20210315,090000,16.05,16.05,16.05,16.05,2,0
CLD,5,20210315,091000,16.05,16.05,16,16,500,0
CLD,5,20210315,123000,15.85,15.85,15.85,15.85,50,0
CLD,5,20210315,134500,15.8,15.8,15.8,15.8,50,0
CLD,5,20210315,150000,16.4,16.4,16.4,16.4,24,0
CLD,5,20210315,153500,16.6,16.6,16.6,16.6,2,0
CLD,5,20210315,155000,16.6,17.4,16.6,17.4,350,0
CLD,5,20210315,155500,16.8,16.8,16.8,16.8,66,0
CLD,5,20210315,162500,16.05,16.05,16.05,16.05,2,0
CLD,5,20210316,090000,16.95,16.95,16.95,16.95,50,0
CLD,5,20210316,111500,16.95,16.95,16.95,16.95,1,0
CLD,5,20210316,153500,16.1,16.1,16.1,16.1,100,0
CLD,5,20210316,162500,16.8,16.8,16.8,16.8,10,0
CLD,5,20210316,163500,16.1,16.1,16.05,16.05,88,0
CLD,5,20210317,090000,16.05,16.05,16.05,16.05,2,0
CLD,5,20210317,092500,16.05,16.05,16,16,150,0
CLD,5,20210317,124000,16,16,16,16,110,0
CLD,5,20210317,130500,15.65,15.65,15.65,15.65,390,0
CLD,5,20210317,135000,15.65,15.65,15.65,15.65,1,0
CLD,5,20210317,164500,16.4,16.4,16.4,16.4,1,0
CLD,5,20210317,165500,16.4,16.4,16.4,16.4,168,0
CLD,5,20210318,090000,16.4,16.4,16.4,16.4,280,0
CLD,5,20210318,111000,16.5,16.5,16.5,16.5,66,0
CLD,5,20210318,111500,16.5,16.5,16.5,16.5,434,0
CLD,5,20210318,112500,16.8,17,16.8,17,478,0
CLD,5,20210318,115500,17,17,17,17,7,0
CLD,5,20210318,125500,16.2,16.2,15.5,15.5,360,0
CLD,5,20210318,151500,15.65,15.65,15.65,15.65,50,0
CLD,5,20210318,164500,16.5,16.5,16.5,16.5,1,0
CLD,5,20210319,090000,17,17,17,17,2,0
CLD,5,20210319,092000,15.55,15.55,15.5,15.5,533,0
CLD,5,20210319,163500,16.45,16.45,16.45,16.45,1,0
CLD,5,20210322,090000,16.85,16.85,16.85,16.85,300,0
CLD,5,20210322,094000,16.7,17,16.7,17,1085,0
CLD,5,20210322,094500,17,17,17,17,165,0
CLD,5,20210322,122500,16.5,16.5,16.5,16.5,121,0
CLD,5,20210322,131500,16.25,16.25,16,16.1,935,0
CLD,5,20210323,095000,16,16,16,16,2,0
CLD,5,20210323,100000,15.8,15.8,15.8,15.8,398,0
CLD,5,20210323,150000,15.65,15.65,15.65,15.65,26,0
CLD,5,20210323,164500,16.05,16.05,16.05,16.05,1000,0
CLD,5,20210324,090000,16.05,16.05,16.05,16.05,2,0
CLD,5,20210324,090500,15.9,15.9,15.9,15.9,65,0
CLD,5,20210324,092000,15.9,15.9,15.9,15.9,435,0
CLD,5,20210324,132000,15.75,15.75,15.65,15.65,264,0
CLD,5,20210324,134000,15,15,15,15,88,0
CLD,5,20210324,135500,15.5,15.5,15.5,15.5,1626,0
CLD,5,20210324,140000,15.7,15.95,15.7,15.95,165,0
CLD,5,20210324,165500,15.55,15.55,15.55,15.55,2,0
CLD,5,20210325,090000,15.4,15.4,15.4,15.4,169,0
CLD,5,20210325,092500,15.4,15.4,15.4,15.4,8,0
CLD,5,20210325,101500,15.4,15.4,15.4,15.4,92,0
CLD,5,20210325,102000,15,16,15,16,1100,0
CLD,5,20210325,103000,15.7,15.7,15.7,15.7,71,0
CLD,5,20210325,103500,15.7,15.95,15.7,15.95,214,0
CLD,5,20210325,140000,15.95,15.95,15.95,15.95,8,0
CLD,5,20210325,140500,15.1,15.1,15,15,592,0
CLD,5,20210325,141000,15,15,15,15,500,0
CLD,5,20210325,141500,15,15,15,15,2,0
CLD,5,20210325,142500,15,15,15,15,200,0
CLD,5,20210325,143500,15,15,15,15,697,0
CLD,5,20210325,145000,15,15,15,15,1,0
CLD,5,20210325,145500,15,15,15,15,99,0
CLD,5,20210325,153500,15,15,15,15,901,0
CLD,5,20210325,161500,14.6,14.6,13.25,13.25,860,0
CLD,5,20210325,163500,14.9,15.2,14.9,15.2,368,0
CLD,5,20210325,165500,15.95,15.95,15.95,15.95,100,0
CLD,5,20210326,090000,16.05,16.05,16.05,16.05,1,0
CLD,5,20210326,133000,15.1,15.1,15.1,15.1,169,0
CLD,5,20210326,152500,15.2,15.2,15.2,15.2,15,0
