<TICKER>,<PER>,<DATE>,<TIME>,<OPEN>,<HIGH>,<LOW>,<CLOSE>,<VOL>,<OPENINT>
CMC,5,20210204,090000,0.43,0.43,0.43,0.43,23937,0
CMC,5,20210204,090500,0.438,0.438,0.438,0.438,5000,0
CMC,5,20210204,091500,0.438,0.438,0.438,0.438,2000,0
CMC,5,20210204,092500,0.438,0.44,0.438,0.44,9676,0
CMC,5,20210204,093000,0.44,0.44,0.44,0.44,324,0
CMC,5,20210204,093500,0.438,0.438,0.438,0.438,1000,0
CMC,5,20210204,094000,0.438,0.438,0.438,0.438,500,0
CMC,5,20210204,095000,0.42,0.42,0.42,0.42,7840,0
CMC,5,20210204,095500,0.42,0.42,0.42,0.42,5000,0
CMC,5,20210204,100000,0.42,0.42,0.42,0.42,1160,0
CMC,5,20210204,103000,0.42,0.438,0.42,0.438,1258,0
CMC,5,20210204,113000,0.438,0.438,0.438,0.438,250,0
CMC,5,20210204,123500,0.416,0.438,0.416,0.416,4550,0
CMC,5,20210204,124500,0.43,0.43,0.43,0.43,500,0
CMC,5,20210204,131500,0.416,0.43,0.416,0.416,4400,0
CMC,5,20210204,132500,0.416,0.416,0.416,0.416,600,0
CMC,5,20210204,133500,0.428,0.428,0.428,0.428,500,0
CMC,5,20210204,141000,0.416,0.416,0.416,0.416,299,0
CMC,5,20210204,142500,0.416,0.426,0.41,0.426,15500,0
CMC,5,20210204,160500,0.406,0.406,0.404,0.404,2000,0
CMC,5,20210204,161000,0.418,0.418,0.418,0.418,3000,0
CMC,5,20210204,161500,0.404,0.404,0.404,0.404,500,0
CMC,5,20210204,163000,0.428,0.428,0.428,0.428,200,0
CMC,5,20210205,090000,0.438,0.438,0.438,0.438,500,0
CMC,5,20210205,091500,0.438,0.438,0.438,0.438,1200,0
CMC,5,20210205,104000,0.436,0.438,0.436,0.438,2464,0
CMC,5,20210205,104500,0.438,0.438,0.438,0.438,36,0
CMC,5,20210205,115500,0.4,0.4,0.4,0.4,2000,0
CMC,5,20210205,120500,0.42,0.42,0.42,0.42,11,0
CMC,5,20210205,132000,0.42,0.42,0.42,0.42,200,0
CMC,5,20210205,133000,0.42,0.42,0.42,0.42,220,0
CMC,5,20210205,141000,0.394,0.42,0.394,0.42,23001,0
CMC,5,20210205,145500,0.396,0.396,0.394,0.394,30000,0
CMC,5,20210205,150000,0.398,0.398,0.398,0.398,9000,0
CMC,5,20210205,151500,0.418,0.418,0.418,0.418,11,0
CMC,5,20210205,163500,0.396,0.396,0.396,0.396,2000,0
CMC,5,20210205,164500,0.396,0.418,0.394,0.418,8401,0
CMC,5,20210208,090000,0.42,0.42,0.42,0.42,300,0
CMC,5,20210208,095000,0.394,0.418,0.392,0.418,411,0
CMC,5,20210208,124000,0.392,0.392,0.382,0.382,1200,0
CMC,5,20210208,124500,0.418,0.418,0.418,0.418,11,0
CMC,5,20210209,090000,0.412,0.412,0.412,0.412,251,0
CMC,5,20210209,100000,0.372,0.372,0.372,0.372,1500,0
CMC,5,20210209,100500,0.408,0.408,0.408,0.408,11,0
CMC,5,20210209,101000,0.372,0.372,0.37,0.37,7953,0
CMC,5,20210209,101500,0.37,0.39,0.37,0.39,2555,0
CMC,5,20210209,105500,0.39,0.39,0.39,0.39,800,0
CMC,5,20210209,122000,0.37,0.37,0.37,0.37,220,0
CMC,5,20210209,122500,0.39,0.39,0.39,0.39,111,0
CMC,5,20210209,142500,0.39,0.39,0.39,0.39,2000,0
CMC,5,20210209,163000,0.37,0.37,0.34,0.34,15136,0
CMC,5,20210209,163500,0.36,0.36,0.36,0.36,6721,0
CMC,5,20210209,164000,0.37,0.37,0.37,0.37,11,0
CMC,5,20210209,164500,0.37,0.386,0.36,0.386,13611,0
CMC,5,20210210,121500,0.382,0.384,0.382,0.384,2382,0
CMC,5,20210210,123500,0.384,0.384,0.384,0.384,2496,0
CMC,5,20210210,124500,0.36,0.36,0.36,0.36,3800,0
CMC,5,20210210,125500,0.376,0.376,0.376,0.376,1011,0
CMC,5,20210210,131500,0.356,0.356,0.356,0.356,4000,0
CMC,5,20210210,135000,0.36,0.36,0.36,0.36,1000,0
CMC,5,20210210,135500,0.37,0.37,0.37,0.37,2000,0
CMC,5,20210210,145500,0.368,0.368,0.368,0.368,4000,0
CMC,5,20210210,151500,0.37,0.39,0.37,0.39,10170,0
CMC,5,20210210,155000,0.38,0.38,0.364,0.38,10000,0
CMC,5,20210210,161500,0.388,0.388,0.388,0.388,3600,0
CMC,5,20210211,090000,0.398,0.398,0.398,0.398,21,0
CMC,5,20210211,103500,0.396,0.396,0.38,0.38,1750,0
CMC,5,20210211,121500,0.37,0.4,0.37,0.396,23564,0
CMC,5,20210211,122500,0.362,0.384,0.352,0.384,5011,0
CMC,5,20210211,123500,0.378,0.38,0.378,0.38,11000,0
CMC,5,20210211,124500,0.378,0.38,0.378,0.38,5000,0
CMC,5,20210211,130000,0.352,0.352,0.352,0.352,500,0
CMC,5,20210211,131000,0.352,0.352,0.348,0.348,25000,0
CMC,5,20210211,131500,0.348,0.348,0.348,0.348,13655,0
CMC,5,20210211,132000,0.348,0.36,0.348,0.358,9611,0
CMC,5,20210211,133500,0.358,0.358,0.358,0.358,166,0
CMC,5,20210211,134000,0.358,0.358,0.34,0.34,3803,0
CMC,5,20210211,140000,0.36,0.36,0.36,0.36,111,0
CMC,5,20210211,143000,0.358,0.358,0.358,0.358,1611,0
CMC,5,20210211,145000,0.356,0.358,0.356,0.358,5000,0
CMC,5,20210211,150500,0.344,0.344,0.34,0.34,20000,0
CMC,5,20210211,151500,0.34,0.34,0.338,0.338,2000,0
CMC,5,20210211,152500,0.35,0.35,0.35,0.35,111,0
CMC,5,20210211,155500,0.35,0.35,0.35,0.35,1111,0
CMC,5,20210211,160000,0.34,0.34,0.334,0.334,57324,0
CMC,5,20210211,161000,0.34,0.34,0.34,0.34,3773,0
CMC,5,20210211,164500,0.358,0.358,0.358,0.358,5300,0
CMC,5,20210212,090000,0.36,0.36,0.36,0.36,6434,0
CMC,5,20210212,094500,0.34,0.34,0.338,0.338,11000,0
CMC,5,20210212,095000,0.338,0.338,0.338,0.338,470,0
CMC,5,20210212,104500,0.358,0.358,0.358,0.358,1000,0
CMC,5,20210212,114000,0.35,0.35,0.35,0.35,1000,0
CMC,5,20210212,115500,0.34,0.34,0.34,0.34,2430,0
CMC,5,20210212,123000,0.342,0.342,0.342,0.342,5000,0
CMC,5,20210212,124000,0.342,0.342,0.342,0.342,20,0
CMC,5,20210212,124500,0.342,0.342,0.342,0.342,1070,0
CMC,5,20210212,160500,0.348,0.348,0.348,0.348,250,0
CMC,5,20210212,162000,0.348,0.348,0.348,0.348,1750,0
CMC,5,20210212,164500,0.35,0.35,0.35,0.35,930,0
CMC,5,20210215,090500,0.35,0.35,0.338,0.338,3184,0
CMC,5,20210215,092000,0.338,0.338,0.338,0.338,9786,0
CMC,5,20210215,092500,0.336,0.336,0.336,0.336,1873,0
CMC,5,20210215,101500,0.336,0.336,0.336,0.336,3600,0
CMC,5,20210215,105500,0.346,0.346,0.346,0.346,2500,0
CMC,5,20210215,113000,0.34,0.34,0.34,0.34,5000,0
CMC,5,20210215,120500,0.34,0.34,0.336,0.336,5000,0
CMC,5,20210215,123000,0.338,0.338,0.336,0.336,16000,0
CMC,5,20210215,123500,0.336,0.336,0.336,0.336,10000,0
CMC,5,20210215,163500,0.336,0.336,0.336,0.336,1477,0
CMC,5,20210215,164500,0.33,0.33,0.33,0.33,5780,0
CMC,5,20210216,090000,0.328,0.328,0.328,0.328,5588,0
CMC,5,20210216,090500,0.322,0.322,0.322,0.322,500,0
CMC,5,20210216,091000,0.314,0.314,0.314,0.314,995,0
CMC,5,20210216,094500,0.314,0.314,0.314,0.314,9087,0
CMC,5,20210216,095000,0.32,0.32,0.32,0.32,1900,0
CMC,5,20210216,100000,0.318,0.318,0.318,0.318,1000,0
CMC,5,20210216,100500,0.318,0.32,0.318,0.32,2000,0
CMC,5,20210216,131000,0.306,0.306,0.3,0.3,4414,0
CMC,5,20210216,133500,0.318,0.32,0.318,0.32,2000,0
CMC,5,20210216,143500,0.326,0.326,0.326,0.326,500,0
CMC,5,20210216,160000,0.308,0.308,0.308,0.308,3465,0
CMC,5,20210216,164500,0.33,0.33,0.33,0.33,100,0
CMC,5,20210217,100500,0.312,0.312,0.312,0.312,4000,0
CMC,5,20210217,102000,0.312,0.312,0.312,0.312,1611,0
CMC,5,20210217,103500,0.32,0.32,0.32,0.32,250,0
CMC,5,20210217,131000,0.336,0.336,0.336,0.336,608,0
CMC,5,20210217,140500,0.336,0.336,0.32,0.32,10000,0
CMC,5,20210217,141500,0.322,0.322,0.322,0.322,10000,0
CMC,5,20210217,142500,0.322,0.322,0.322,0.322,15000,0
CMC,5,20210217,143000,0.32,0.32,0.32,0.32,38334,0
CMC,5,20210217,150500,0.33,0.33,0.33,0.33,1500,0
CMC,5,20210217,154500,0.33,0.33,0.33,0.33,6277,0
CMC,5,20210217,164500,0.336,0.336,0.336,0.336,200,0
CMC,5,20210218,100500,0.314,0.314,0.314,0.314,1000,0
CMC,5,20210218,101500,0.336,0.338,0.336,0.336,15000,0
CMC,5,20210218,120500,0.32,0.32,0.32,0.32,1537,0
CMC,5,20210218,133500,0.34,0.346,0.336,0.346,9000,0
CMC,5,20210218,140500,0.346,0.346,0.346,0.346,1800,0
CMC,5,20210218,143500,0.34,0.34,0.34,0.34,2927,0
CMC,5,20210219,090000,0.34,0.34,0.34,0.34,882,0
CMC,5,20210219,095500,0.33,0.33,0.33,0.33,6000,0
CMC,5,20210219,105000,0.322,0.322,0.322,0.322,4270,0
CMC,5,20210219,105500,0.32,0.32,0.32,0.32,7108,0
CMC,5,20210219,110500,0.32,0.32,0.32,0.32,5000,0
CMC,5,20210219,112500,0.322,0.342,0.322,0.342,2559,0
CMC,5,20210219,141000,0.324,0.324,0.32,0.32,6800,0
CMC,5,20210219,141500,0.32,0.32,0.32,0.32,4600,0
CMC,5,20210219,142500,0.318,0.318,0.318,0.318,7499,0
CMC,5,20210219,161000,0.338,0.338,0.338,0.338,5059,0
CMC,5,20210219,161500,0.34,0.34,0.34,0.34,5000,0
CMC,5,20210219,162000,0.34,0.34,0.34,0.34,4000,0
CMC,5,20210219,164500,0.34,0.342,0.34,0.342,1500,0
CMC,5,20210222,102000,0.34,0.34,0.34,0.34,50,0
CMC,5,20210222,114000,0.34,0.34,0.34,0.34,1000,0
CMC,5,20210222,141000,0.336,0.336,0.336,0.336,10000,0
CMC,5,20210222,160000,0.33,0.33,0.33,0.33,267,0
CMC,5,20210222,164500,0.338,0.338,0.338,0.338,3380,0
CMC,5,20210223,091000,0.338,0.338,0.338,0.338,8603,0
CMC,5,20210223,091500,0.338,0.338,0.338,0.338,1397,0
CMC,5,20210223,113000,0.338,0.338,0.338,0.338,500,0
CMC,5,20210223,151000,0.33,0.33,0.318,0.318,4000,0
CMC,5,20210223,164500,0.336,0.336,0.336,0.336,10,0
CMC,5,20210224,091000,0.336,0.336,0.336,0.336,2000,0
CMC,5,20210224,113500,0.334,0.334,0.334,0.334,250,0
CMC,5,20210226,090000,0.322,0.322,0.322,0.322,630,0
CMC,5,20210301,090500,0.358,0.358,0.358,0.358,300,0
CMC,5,20210301,091000,0.32,0.32,0.32,0.32,200,0
CMC,5,20210301,091500,0.32,0.32,0.32,0.32,14400,0
CMC,5,20210301,092500,0.32,0.34,0.32,0.34,2701,0
CMC,5,20210301,094000,0.338,0.338,0.338,0.338,5914,0
CMC,5,20210301,115500,0.322,0.322,0.32,0.32,5000,0
CMC,5,20210301,121500,0.338,0.338,0.338,0.338,500,0
CMC,5,20210301,164000,0.322,0.322,0.322,0.322,3000,0
CMC,5,20210301,164500,0.336,0.336,0.336,0.336,99,0
CMC,5,20210302,104500,0.32,0.32,0.32,0.32,6000,0
CMC,5,20210302,115000,0.33,0.33,0.33,0.33,200,0
CMC,5,20210302,142000,0.33,0.33,0.33,0.33,3500,0
CMC,5,20210302,160000,0.33,0.33,0.33,0.33,1800,0
CMC,5,20210302,160500,0.334,0.334,0.334,0.334,5700,0
CMC,5,20210303,132000,0.318,0.318,0.318,0.318,5400,0
CMC,5,20210303,161500,0.316,0.316,0.31,0.31,78938,0
CMC,5,20210303,162000,0.324,0.324,0.324,0.324,1,0
CMC,5,20210304,103500,0.3,0.3,0.28,0.28,2000,0
CMC,5,20210304,104000,0.29,0.29,0.29,0.29,5060,0
CMC,5,20210304,120500,0.316,0.318,0.298,0.298,4000,0
CMC,5,20210304,121500,0.31,0.32,0.3,0.3,7065,0
CMC,5,20210304,124000,0.324,0.326,0.324,0.326,10000,0
CMC,5,20210304,124500,0.304,0.304,0.304,0.304,10,0
CMC,5,20210304,140500,0.306,0.306,0.306,0.306,10000,0
CMC,5,20210304,164500,0.326,0.326,0.326,0.326,1200,0
CMC,5,20210305,090000,0.326,0.326,0.326,0.326,5000,0
CMC,5,20210305,090500,0.306,0.32,0.3,0.32,13750,0
CMC,5,20210305,092500,0.294,0.294,0.294,0.294,250,0
CMC,5,20210305,095000,0.298,0.298,0.296,0.296,10418,0
CMC,5,20210305,095500,0.298,0.298,0.298,0.298,4000,0
CMC,5,20210305,100500,0.298,0.298,0.298,0.298,5000,0
CMC,5,20210305,101500,0.296,0.296,0.296,0.296,3366,0
CMC,5,20210305,103000,0.294,0.306,0.294,0.306,4510,0
CMC,5,20210305,103500,0.296,0.296,0.294,0.294,5000,0
CMC,5,20210305,112000,0.306,0.308,0.306,0.308,600,0
CMC,5,20210305,113500,0.306,0.306,0.306,0.306,250,0
CMC,5,20210305,121500,0.306,0.306,0.306,0.306,2540,0
CMC,5,20210305,122000,0.306,0.306,0.306,0.306,460,0
CMC,5,20210305,133000,0.31,0.31,0.31,0.31,4000,0
CMC,5,20210305,161000,0.316,0.316,0.316,0.316,149,0
CMC,5,20210308,093000,0.302,0.302,0.302,0.302,4000,0
CMC,5,20210308,094500,0.312,0.312,0.312,0.312,650,0
CMC,5,20210308,103500,0.312,0.312,0.312,0.312,100,0
CMC,5,20210308,122500,0.302,0.302,0.302,0.302,5300,0
CMC,5,20210308,154500,0.3,0.3,0.3,0.3,5000,0
CMC,5,20210309,090000,0.304,0.312,0.3,0.312,21010,0
CMC,5,20210309,114500,0.302,0.302,0.3,0.3,3400,0
CMC,5,20210309,115000,0.3,0.3,0.3,0.3,3500,0
CMC,5,20210309,115500,0.3,0.3,0.3,0.3,3100,0
CMC,5,20210309,121500,0.308,0.308,0.308,0.308,111,0
CMC,5,20210309,135500,0.304,0.308,0.304,0.308,1700,0
CMC,5,20210309,165500,0.308,0.308,0.308,0.308,1613,0
CMC,5,20210310,114000,0.298,0.298,0.298,0.298,3000,0
CMC,5,20210310,121500,0.306,0.306,0.306,0.306,5000,0
CMC,5,20210310,130000,0.298,0.298,0.298,0.298,1395,0
CMC,5,20210310,130500,0.292,0.292,0.292,0.292,4500,0
CMC,5,20210310,131500,0.292,0.292,0.29,0.29,1648,0
CMC,5,20210310,132500,0.282,0.282,0.282,0.282,4952,0
CMC,5,20210310,152000,0.296,0.296,0.296,0.296,1000,0
CMC,5,20210310,161500,0.292,0.292,0.29,0.29,4528,0
CMC,5,20210311,090000,0.296,0.296,0.296,0.296,3000,0
CMC,5,20210311,105500,0.286,0.286,0.286,0.286,1000,0
CMC,5,20210311,110000,0.284,0.284,0.284,0.284,1900,0
CMC,5,20210311,110500,0.284,0.284,0.284,0.284,3000,0
CMC,5,20210311,113000,0.292,0.292,0.29,0.29,600,0
CMC,5,20210311,144500,0.29,0.29,0.29,0.29,3000,0
CMC,5,20210311,153000,0.29,0.29,0.29,0.29,251,0
CMC,5,20210311,154000,0.29,0.29,0.29,0.29,749,0
CMC,5,20210311,163500,0.286,0.3,0.286,0.3,11200,0
CMC,5,20210311,164000,0.298,0.298,0.298,0.298,1000,0
CMC,5,20210311,164500,0.298,0.298,0.298,0.298,3000,0
CMC,5,20210312,134000,0.298,0.298,0.298,0.298,6000,0
CMC,5,20210312,151500,0.29,0.29,0.29,0.29,300,0
CMC,5,20210312,152000,0.29,0.29,0.29,0.29,1290,0
CMC,5,20210315,090000,0.3,0.3,0.3,0.3,6,0
CMC,5,20210315,092500,0.3,0.3,0.3,0.3,394,0
CMC,5,20210315,093500,0.308,0.31,0.308,0.31,11606,0
CMC,5,20210315,094500,0.31,0.312,0.31,0.312,2000,0
CMC,5,20210315,095000,0.31,0.314,0.31,0.314,4300,0
CMC,5,20210315,100000,0.306,0.314,0.306,0.314,12500,0
CMC,5,20210315,101000,0.314,0.314,0.314,0.314,2865,0
CMC,5,20210315,102500,0.318,0.322,0.318,0.322,20568,0
CMC,5,20210315,110000,0.326,0.326,0.326,0.326,6000,0
CMC,5,20210315,110500,0.326,0.326,0.326,0.326,3365,0
CMC,5,20210315,111500,0.34,0.34,0.34,0.34,4365,0
CMC,5,20210315,121000,0.33,0.33,0.33,0.33,16365,0
CMC,5,20210315,121500,0.33,0.33,0.33,0.33,16869,0
CMC,5,20210315,122500,0.338,0.338,0.338,0.338,229,0
CMC,5,20210315,134000,0.328,0.33,0.328,0.33,12000,0
CMC,5,20210315,134500,0.33,0.33,0.33,0.33,6000,0
CMC,5,20210315,142000,0.336,0.336,0.336,0.336,2800,0
CMC,5,20210315,151500,0.33,0.33,0.33,0.33,1200,0
CMC,5,20210315,152000,0.338,0.35,0.338,0.35,9841,0
CMC,5,20210315,164500,0.35,0.35,0.35,0.35,2366,0
CMC,5,20210316,090000,0.364,0.364,0.364,0.364,4200,0
CMC,5,20210316,090500,0.364,0.4,0.364,0.4,32711,0
CMC,5,20210316,091000,0.4,0.4,0.37,0.37,10664,0
CMC,5,20210316,091500,0.36,0.36,0.36,0.36,2,0
CMC,5,20210316,093000,0.37,0.37,0.37,0.37,5000,0
CMC,5,20210316,093500,0.398,0.4,0.398,0.4,13138,0
CMC,5,20210316,094000,0.4,0.4,0.4,0.4,2000,0
CMC,5,20210316,094500,0.406,0.406,0.37,0.37,5620,0
CMC,5,20210316,101000,0.396,0.4,0.396,0.4,24800,0
CMC,5,20210316,101500,0.374,0.39,0.372,0.39,12000,0
CMC,5,20210316,102500,0.388,0.39,0.388,0.39,4000,0
CMC,5,20210316,103500,0.39,0.39,0.39,0.39,180,0
CMC,5,20210316,104000,0.38,0.38,0.38,0.38,1600,0
CMC,5,20210316,104500,0.372,0.372,0.35,0.35,50745,0
CMC,5,20210316,105500,0.38,0.382,0.38,0.382,4000,0
CMC,5,20210316,111000,0.38,0.38,0.38,0.38,3900,0
CMC,5,20210316,112000,0.38,0.38,0.36,0.364,39486,0
CMC,5,20210316,115000,0.368,0.368,0.368,0.368,4150,0
CMC,5,20210316,115500,0.368,0.368,0.34,0.34,15000,0
CMC,5,20210316,120500,0.35,0.35,0.35,0.35,1000,0
CMC,5,20210316,122000,0.37,0.37,0.37,0.37,7550,0
CMC,5,20210316,123000,0.37,0.37,0.37,0.37,4000,0
CMC,5,20210316,123500,0.37,0.37,0.37,0.37,4000,0
CMC,5,20210316,130000,0.368,0.368,0.368,0.368,4300,0
CMC,5,20210316,131500,0.37,0.37,0.37,0.37,20080,0
CMC,5,20210316,132500,0.37,0.37,0.37,0.37,500,0
CMC,5,20210316,140500,0.37,0.37,0.37,0.37,3066,0
CMC,5,20210316,150500,0.374,0.374,0.374,0.374,1850,0
CMC,5,20210316,152500,0.378,0.378,0.374,0.374,3000,0
CMC,5,20210316,163000,0.386,0.386,0.386,0.386,1000,0
CMC,5,20210316,163500,0.374,0.374,0.374,0.374,3000,0
CMC,5,20210316,164000,0.374,0.374,0.374,0.374,3000,0
CMC,5,20210316,164500,0.386,0.386,0.386,0.386,10,0
CMC,5,20210317,090000,0.384,0.384,0.384,0.384,2500,0
CMC,5,20210317,091000,0.382,0.396,0.382,0.396,60000,0
CMC,5,20210317,091500,0.396,0.396,0.396,0.396,20000,0
CMC,5,20210317,092000,0.372,0.372,0.36,0.36,12000,0
CMC,5,20210317,093000,0.362,0.362,0.362,0.362,2000,0
CMC,5,20210317,095000,0.362,0.362,0.362,0.362,30,0
CMC,5,20210317,101000,0.37,0.37,0.37,0.37,5000,0
CMC,5,20210317,114000,0.37,0.37,0.37,0.37,3000,0
CMC,5,20210317,125000,0.368,0.368,0.364,0.364,4000,0
CMC,5,20210317,133500,0.364,0.364,0.362,0.362,3973,0
CMC,5,20210317,135000,0.362,0.362,0.362,0.362,3000,0
CMC,5,20210317,142000,0.362,0.362,0.362,0.362,3700,0
CMC,5,20210317,143000,0.362,0.362,0.36,0.36,9227,0
CMC,5,20210317,143500,0.358,0.358,0.35,0.35,29500,0
CMC,5,20210317,160500,0.34,0.34,0.34,0.34,13000,0
CMC,5,20210317,161000,0.34,0.34,0.34,0.34,7000,0
CMC,5,20210317,164000,0.348,0.348,0.348,0.348,800,0
CMC,5,20210318,093000,0.366,0.366,0.366,0.366,10,0
CMC,5,20210318,100000,0.364,0.364,0.364,0.364,6,0
CMC,5,20210318,125000,0.362,0.366,0.362,0.366,10000,0
CMC,5,20210318,161000,0.366,0.366,0.366,0.366,2014,0
CMC,5,20210318,162000,0.374,0.374,0.374,0.374,9000,0
CMC,5,20210319,093500,0.374,0.374,0.374,0.374,6400,0
CMC,5,20210319,105000,0.374,0.378,0.374,0.378,8000,0
CMC,5,20210319,142500,0.36,0.36,0.36,0.36,5000,0
CMC,5,20210319,164500,0.36,0.36,0.36,0.36,14626,0
CMC,5,20210322,090000,0.36,0.36,0.36,0.36,4628,0
CMC,5,20210322,093500,0.358,0.358,0.358,0.358,500,0
CMC,5,20210323,090000,0.358,0.358,0.358,0.358,2000,0
CMC,5,20210323,111500,0.344,0.344,0.34,0.34,3000,0
CMC,5,20210323,164500,0.356,0.356,0.356,0.356,851,0
CMC,5,20210324,090000,0.322,0.322,0.322,0.322,1000,0
CMC,5,20210324,103000,0.34,0.34,0.34,0.34,10000,0
CMC,5,20210324,114000,0.34,0.34,0.34,0.34,2400,0
CMC,5,20210324,121000,0.34,0.34,0.34,0.34,100,0
CMC,5,20210324,142000,0.326,0.326,0.31,0.31,16881,0
CMC,5,20210324,143500,0.32,0.32,0.32,0.32,4000,0
CMC,5,20210324,144000,0.32,0.32,0.32,0.32,8500,0
CMC,5,20210324,145000,0.35,0.352,0.324,0.324,13000,0
CMC,5,20210324,163500,0.338,0.338,0.338,0.338,1000,0
CMC,5,20210325,094000,0.316,0.316,0.316,0.316,3799,0
CMC,5,20210325,110500,0.32,0.32,0.316,0.316,11873,0
CMC,5,20210325,112000,0.316,0.316,0.316,0.316,3467,0
CMC,5,20210325,133500,0.308,0.308,0.302,0.302,14000,0
CMC,5,20210325,142500,0.304,0.304,0.274,0.274,63119,0
CMC,5,20210325,144500,0.286,0.286,0.28,0.28,10000,0
CMC,5,20210325,145500,0.29,0.29,0.29,0.29,1034,0
CMC,5,20210325,150500,0.28,0.28,0.28,0.28,40000,0
CMC,5,20210325,151500,0.28,0.286,0.28,0.286,11696,0
CMC,5,20210325,152000,0.296,0.296,0.296,0.296,4200,0
CMC,5,20210325,152500,0.298,0.298,0.298,0.298,14000,0
CMC,5,20210325,153000,0.298,0.298,0.298,0.298,1000,0
CMC,5,20210325,154000,0.296,0.298,0.296,0.298,5000,0
CMC,5,20210325,162500,0.298,0.298,0.298,0.298,1667,0
CMC,5,20210325,165500,0.286,0.286,0.286,0.286,1492,0
CMC,5,20210326,090000,0.29,0.29,0.29,0.29,750,0
CMC,5,20210326,091000,0.296,0.31,0.296,0.31,5000,0
CMC,5,20210326,113500,0.304,0.304,0.304,0.304,1500,0
CMC,5,20210326,114000,0.304,0.304,0.304,0.304,18500,0
CMC,5,20210326,114500,0.3,0.3,0.3,0.3,1323,0
CMC,5,20210326,121000,0.3,0.3,0.3,0.3,5700,0
CMC,5,20210326,122000,0.3,0.3,0.3,0.3,100,0
CMC,5,20210326,125000,0.298,0.298,0.298,0.298,10000,0
CMC,5,20210326,132000,0.296,0.296,0.296,0.296,1500,0
CMC,5,20210326,132500,0.29,0.29,0.29,0.29,18500,0
CMC,5,20210326,162000,0.3,0.3,0.3,0.3,2000,0
