<TICKER>,<PER>,<DATE>,<TIME>,<OPEN>,<HIGH>,<LOW>,<CLOSE>,<VOL>,<OPENINT>
COR,5,20210204,092500,3.16,3.16,3.16,3.16,4,0
COR,5,20210204,102500,3.14,3.14,3.14,3.14,512,0
COR,5,20210204,130500,3.14,3.14,3.14,3.14,20,0
COR,5,20210204,132000,3.16,3.16,3.16,3.16,600,0
COR,5,20210204,143500,3.1,3.1,3.1,3.1,60,0
COR,5,20210204,144000,3.16,3.16,3.16,3.16,8,0
COR,5,20210204,145000,3.16,3.16,3.16,3.16,600,0
COR,5,20210204,150000,3.1,3.1,3.1,3.1,2000,0
COR,5,20210204,152500,3.16,3.16,3.16,3.16,2281,0
COR,5,20210204,161500,3.16,3.16,3.16,3.16,100,0
COR,5,20210204,162000,3.1,3.1,3.1,3.1,128,0
COR,5,20210204,162500,3.08,3.08,3.08,3.08,771,0
COR,5,20210204,163000,3.2,3.2,3.2,3.2,5,0
COR,5,20210205,093500,3.2,3.2,3.2,3.2,4,0
COR,5,20210205,103500,3.2,3.2,3.2,3.2,1991,0
COR,5,20210205,104500,3.22,3.22,3.22,3.22,306,0
COR,5,20210205,130500,3.24,3.24,3.24,3.24,22,0
COR,5,20210205,161500,3.16,3.16,3.1,3.1,555,0
COR,5,20210205,164500,3.2,3.2,3.2,3.2,17,0
COR,5,20210208,092000,3.2,3.2,3.2,3.2,30,0
COR,5,20210208,093000,3.2,3.2,3.2,3.2,1000,0
COR,5,20210208,103500,3.18,3.18,3.18,3.18,100,0
COR,5,20210208,124500,3.2,3.2,3.2,3.2,83,0
COR,5,20210208,125500,3.14,3.14,3.12,3.12,133,0
COR,5,20210208,144000,3.12,3.12,3.12,3.12,47,0
COR,5,20210208,144500,3.14,3.14,3.14,3.14,100,0
COR,5,20210208,160000,3.14,3.14,3.14,3.14,300,0
COR,5,20210208,164500,3.16,3.16,3.16,3.16,2,0
COR,5,20210209,090000,3.16,3.16,3.1,3.1,1015,0
COR,5,20210209,091000,3.12,3.12,3.12,3.12,1000,0
COR,5,20210209,091500,3.1,3.1,3.1,3.1,155,0
COR,5,20210209,092500,3.08,3.08,3.08,3.08,850,0
COR,5,20210209,094000,3.06,3.06,3.06,3.06,1000,0
COR,5,20210209,094500,3.08,3.08,3.06,3.06,1150,0
COR,5,20210209,095000,3.06,3.06,3.06,3.06,750,0
COR,5,20210209,102500,3.1,3.1,3.1,3.1,40,0
COR,5,20210209,103000,3.04,3.04,3.04,3.04,700,0
COR,5,20210209,104500,3.06,3.06,3.04,3.04,800,0
COR,5,20210209,110500,3.04,3.04,3.02,3.02,1416,0
COR,5,20210209,111000,3.02,3.02,3.02,3.02,130,0
COR,5,20210209,112500,3.02,3.02,3.02,3.02,684,0
COR,5,20210209,122500,3.04,3.04,3.04,3.04,300,0
COR,5,20210209,141500,3.14,3.14,3.14,3.14,1,0
COR,5,20210209,161500,3.08,3.08,3.08,3.08,500,0
COR,5,20210209,162000,3.08,3.08,3.08,3.08,500,0
COR,5,20210209,162500,3.06,3.06,3.06,3.06,1000,0
COR,5,20210210,090000,3.14,3.14,3.14,3.14,20,0
COR,5,20210210,093500,3.1,3.1,3.1,3.1,100,0
COR,5,20210210,102000,3.1,3.1,3.1,3.1,585,0
COR,5,20210210,102500,3.1,3.1,3.1,3.1,721,0
COR,5,20210210,111500,3.1,3.1,3.1,3.1,1000,0
COR,5,20210210,112500,3.1,3.1,3.1,3.1,100,0
COR,5,20210210,115000,3.1,3.1,3.1,3.1,496,0
COR,5,20210210,115500,3.14,3.14,3.14,3.14,10,0
COR,5,20210210,153500,3.1,3.1,3.1,3.1,450,0
COR,5,20210211,093500,3.1,3.1,3.08,3.08,463,0
COR,5,20210211,094500,3.08,3.08,3.08,3.08,19,0
COR,5,20210211,095500,3.08,3.08,3.08,3.08,69,0
COR,5,20210211,101000,3.08,3.08,3.08,3.08,821,0
COR,5,20210211,115500,3.06,3.06,3.06,3.06,2179,0
COR,5,20210211,122500,3.12,3.12,3.12,3.12,5,0
COR,5,20210211,144500,3.08,3.08,3.08,3.08,300,0
COR,5,20210211,150500,3.1,3.1,3.1,3.1,5000,0
COR,5,20210211,162000,3.12,3.12,3.12,3.12,95,0
COR,5,20210211,162500,3.14,3.18,3.14,3.18,2019,0
COR,5,20210211,163500,3.18,3.18,3.18,3.18,50,0
COR,5,20210211,164500,3.1,3.1,3.1,3.1,2500,0
COR,5,20210212,090000,3.18,3.18,3.18,3.18,500,0
COR,5,20210212,090500,3.18,3.2,3.18,3.2,4850,0
COR,5,20210212,091000,3.2,3.2,3.2,3.2,950,0
COR,5,20210212,092500,3.12,3.12,3.1,3.1,1000,0
COR,5,20210212,093500,3.1,3.1,3.08,3.08,3500,0
COR,5,20210212,100500,3.1,3.1,3.1,3.1,10,0
COR,5,20210212,105500,3.1,3.1,3.04,3.04,6000,0
COR,5,20210212,110500,3.06,3.06,3.04,3.04,904,0
COR,5,20210212,140000,3.18,3.18,3.18,3.18,3,0
COR,5,20210212,144500,3.18,3.18,3.18,3.18,100,0
COR,5,20210212,154500,3.18,3.18,3.18,3.18,703,0
COR,5,20210212,160000,3.12,3.12,3.12,3.12,300,0
COR,5,20210212,162000,3.18,3.18,3.18,3.18,85,0
COR,5,20210212,163000,3.18,3.18,3.18,3.18,200,0
COR,5,20210212,164500,3.18,3.18,3.18,3.18,1000,0
COR,5,20210215,090000,3.04,3.04,3.04,3.04,15,0
COR,5,20210215,110500,3.16,3.16,3.16,3.16,5,0
COR,5,20210215,122500,3.16,3.16,3.16,3.16,95,0
COR,5,20210215,123000,3.18,3.18,3.18,3.18,1,0
COR,5,20210215,151500,3.16,3.16,3.1,3.1,626,0
COR,5,20210215,152000,3.1,3.1,3.1,3.1,600,0
COR,5,20210215,152500,3.1,3.1,3.1,3.1,700,0
COR,5,20210215,153000,3.1,3.2,3.1,3.2,1000,0
COR,5,20210216,090000,3.12,3.12,3.12,3.12,860,0
COR,5,20210216,091000,3.12,3.12,3.12,3.12,1140,0
COR,5,20210216,093500,3.18,3.18,3.18,3.18,25,0
COR,5,20210216,100500,3.18,3.18,3.18,3.18,200,0
COR,5,20210216,114500,3.16,3.16,3.16,3.16,1500,0
COR,5,20210216,115000,3.16,3.16,3.16,3.16,105,0
COR,5,20210216,121500,3.12,3.12,3.12,3.12,465,0
COR,5,20210216,134500,3.12,3.12,3.12,3.12,1000,0
COR,5,20210216,143000,3.14,3.14,3.14,3.14,3,0
COR,5,20210216,151000,3.12,3.12,3.1,3.1,235,0
COR,5,20210216,151500,3.1,3.1,3.1,3.1,765,0
COR,5,20210216,161500,3.08,3.08,3,3,5000,0
COR,5,20210216,162000,3.14,3.14,3.14,3.14,10,0
COR,5,20210217,090000,3,3.18,3,3,3543,0
COR,5,20210217,090500,3,3,3,3,500,0
COR,5,20210217,091000,2.98,3,2.96,3,12045,0
COR,5,20210217,092000,3.04,3.04,3.02,3.02,750,0
COR,5,20210217,092500,3.02,3.02,3.02,3.02,350,0
COR,5,20210217,095500,3.08,3.08,3.08,3.08,1150,0
COR,5,20210217,100000,3.08,3.08,3.08,3.08,200,0
COR,5,20210217,103000,3.12,3.36,3.12,3.22,30629,0
COR,5,20210217,103500,3.22,3.28,3.2,3.24,6500,0
COR,5,20210217,104000,3.24,3.24,3.16,3.16,1726,0
COR,5,20210217,104500,3.14,3.14,3.14,3.14,750,0
COR,5,20210217,105000,3.12,3.18,3.12,3.18,2550,0
COR,5,20210217,105500,3.18,3.18,3.18,3.18,2510,0
COR,5,20210217,110000,3.18,3.2,3.18,3.2,1087,0
COR,5,20210217,111000,3.16,3.16,3.12,3.12,2500,0
COR,5,20210217,114000,3.16,3.16,3.12,3.12,1800,0
COR,5,20210217,115500,3.12,3.16,3.1,3.16,9261,0
COR,5,20210217,121500,3.12,3.12,3.06,3.06,2360,0
COR,5,20210217,122000,3.06,3.06,3.06,3.06,1000,0
COR,5,20210217,122500,3.04,3.04,2.98,2.98,8408,0
COR,5,20210217,123500,3,3,3,3,2349,0
COR,5,20210217,130500,3.02,3.02,3.02,3.02,500,0
COR,5,20210217,133000,3.02,3.02,3,3,1500,0
COR,5,20210217,133500,3.06,3.06,3.06,3.06,1912,0
COR,5,20210217,135000,3.1,3.1,3.1,3.1,39,0
COR,5,20210217,150500,3.1,3.1,3.1,3.1,46,0
COR,5,20210217,153000,3.06,3.06,3.06,3.06,3000,0
COR,5,20210217,155500,3.02,3.02,3.02,3.02,290,0
COR,5,20210217,160500,3.08,3.08,3.02,3.02,3342,0
COR,5,20210217,163000,3.08,3.1,3.08,3.1,1362,0
COR,5,20210217,163500,3.1,3.1,3.1,3.1,853,0
COR,5,20210217,164500,3.1,3.1,3.02,3.02,2232,0
COR,5,20210218,092500,3.18,3.18,3.18,3.18,120,0
COR,5,20210218,094000,3.06,3.06,3.06,3.06,100,0
COR,5,20210218,094500,3.06,3.06,3.06,3.06,726,0
COR,5,20210218,100000,3.12,3.12,3.06,3.06,890,0
COR,5,20210218,101500,3.16,3.16,3.16,3.16,500,0
COR,5,20210218,102000,3.16,3.16,3.16,3.16,100,0
COR,5,20210218,104000,3.16,3.16,3.16,3.16,280,0
COR,5,20210218,104500,3.16,3.16,3.06,3.06,769,0
COR,5,20210218,112500,3.1,3.1,3.1,3.1,1479,0
COR,5,20210218,115000,3.1,3.18,3.1,3.18,1807,0
COR,5,20210218,130000,3.1,3.1,3.08,3.08,1000,0
COR,5,20210218,131500,3.06,3.06,3.06,3.06,1200,0
COR,5,20210218,143500,3.06,3.06,3.06,3.06,200,0
COR,5,20210218,145000,3.08,3.08,3.08,3.08,500,0
COR,5,20210218,153500,3.12,3.2,3.12,3.2,10811,0
COR,5,20210218,154000,3.22,3.28,3.22,3.22,3549,0
COR,5,20210218,154500,3.1,3.22,3.1,3.22,301,0
COR,5,20210218,155000,3.22,3.24,3.22,3.24,298,0
COR,5,20210218,155500,3.24,3.24,3.24,3.24,500,0
COR,5,20210218,160000,3.14,3.14,3.1,3.1,1500,0
COR,5,20210218,160500,3.12,3.12,3.1,3.1,8811,0
COR,5,20210218,161000,3.08,3.08,3.08,3.08,1000,0
COR,5,20210218,162000,3.2,3.2,3.2,3.2,25,0
COR,5,20210218,162500,3.08,3.08,3.06,3.06,600,0
COR,5,20210218,164500,3.06,3.06,3.06,3.06,1245,0
COR,5,20210219,091000,3.1,3.1,3.1,3.1,353,0
COR,5,20210219,091500,3.08,3.08,3.08,3.08,100,0
COR,5,20210219,093000,3.08,3.08,3.08,3.08,103,0
COR,5,20210219,093500,3.08,3.08,3.08,3.08,659,0
COR,5,20210219,094000,3.08,3.08,3.06,3.06,477,0
COR,5,20210219,104500,3.12,3.14,3.12,3.14,700,0
COR,5,20210219,125000,3.08,3.1,3.08,3.1,1055,0
COR,5,20210219,131000,3.08,3.08,3.08,3.08,1145,0
COR,5,20210219,131500,3.08,3.08,3.08,3.08,100,0
COR,5,20210219,132000,3.08,3.08,3.08,3.08,655,0
COR,5,20210219,132500,3.1,3.1,3.1,3.1,11,0
COR,5,20210219,145500,3.08,3.08,3.08,3.08,139,0
COR,5,20210219,150500,3.06,3.06,3.06,3.06,301,0
COR,5,20210219,152000,3.08,3.08,3.08,3.08,250,0
COR,5,20210219,152500,3.08,3.08,3.08,3.08,106,0
COR,5,20210219,153000,3.08,3.08,3.08,3.08,394,0
COR,5,20210219,154500,3.06,3.06,3.06,3.06,300,0
COR,5,20210219,160000,3.06,3.06,3.06,3.06,1000,0
COR,5,20210219,161500,3.06,3.06,3.04,3.04,500,0
COR,5,20210222,090000,3.2,3.2,3.2,3.2,1000,0
COR,5,20210222,102500,3.08,3.08,3.08,3.08,323,0
COR,5,20210222,130500,3.08,3.08,3.08,3.08,150,0
COR,5,20210222,161000,3.08,3.08,3.08,3.08,1000,0
COR,5,20210223,090000,3.08,3.08,3.08,3.08,4,0
COR,5,20210223,090500,3.04,3.04,3.04,3.04,500,0
COR,5,20210223,091000,3.04,3.04,3.02,3.02,2261,0
COR,5,20210223,091500,3.04,3.04,3.04,3.04,300,0
COR,5,20210223,100500,3.04,3.04,3.04,3.04,1000,0
COR,5,20210223,114000,3.06,3.06,3.06,3.06,130,0
COR,5,20210223,130000,3.04,3.04,3,3,2977,0
COR,5,20210223,130500,3,3.06,3,3.06,3738,0
COR,5,20210223,131500,3.06,3.06,3.06,3.06,800,0
COR,5,20210223,141000,3,3,2.96,2.96,999,0
COR,5,20210223,142000,2.96,2.96,2.96,2.96,923,0
COR,5,20210223,143000,2.94,2.94,2.92,2.92,2090,0
COR,5,20210223,143500,2.92,2.96,2.92,2.96,1616,0
COR,5,20210223,144000,2.94,2.94,2.94,2.94,500,0
COR,5,20210223,144500,2.94,2.96,2.94,2.96,491,0
COR,5,20210223,152000,3,3,3,3,2000,0
COR,5,20210223,153000,3,3,3,3,590,0
COR,5,20210223,153500,2.98,2.98,2.98,2.98,768,0
COR,5,20210223,164500,2.98,2.98,2.98,2.98,680,0
COR,5,20210224,090500,2.96,2.96,2.96,2.96,420,0
COR,5,20210224,091000,2.96,2.96,2.96,2.96,580,0
COR,5,20210224,100000,2.98,2.98,2.98,2.98,25,0
COR,5,20210224,124000,2.98,3,2.98,3,260,0
COR,5,20210224,152000,3,3.08,3,3.08,937,0
COR,5,20210224,153000,3.08,3.08,3.08,3.08,160,0
COR,5,20210224,161000,2.98,2.98,2.94,2.94,978,0
COR,5,20210224,162000,2.94,2.94,2.94,2.94,700,0
COR,5,20210224,163000,2.94,2.98,2.94,2.98,162,0
COR,5,20210225,091500,3,3,3,3,70,0
COR,5,20210225,092500,3.06,3.06,3.06,3.06,2,0
COR,5,20210225,095500,3.06,3.06,3.06,3.06,598,0
COR,5,20210225,101500,3.08,3.08,3.08,3.08,2,0
COR,5,20210225,110500,3.04,3.04,2.94,2.94,196,0
COR,5,20210225,115500,3.08,3.08,3.08,3.08,1,0
COR,5,20210225,120000,3.06,3.06,3.06,3.06,280,0
COR,5,20210225,124500,3.02,3.02,2.98,2.98,1900,0
COR,5,20210225,132000,2.96,2.96,2.94,2.94,2000,0
COR,5,20210225,132500,2.94,2.94,2.94,2.94,1000,0
COR,5,20210225,144000,2.98,2.98,2.98,2.98,264,0
COR,5,20210225,153000,3,3,3,3,100,0
COR,5,20210226,091000,3,3,3,3,200,0
COR,5,20210226,093000,2.94,2.94,2.9,2.9,1750,0
COR,5,20210226,094000,2.96,2.96,2.96,2.96,515,0
COR,5,20210226,102000,2.94,2.94,2.94,2.94,1000,0
COR,5,20210226,110500,2.94,2.94,2.94,2.94,61,0
COR,5,20210226,121000,2.94,2.94,2.94,2.94,200,0
COR,5,20210226,131000,2.94,2.94,2.94,2.94,1600,0
COR,5,20210226,131500,2.92,2.92,2.92,2.92,1300,0
COR,5,20210226,132000,2.9,2.9,2.9,2.9,1520,0
COR,5,20210226,141500,2.9,2.9,2.9,2.9,525,0
COR,5,20210226,152000,2.9,2.92,2.9,2.92,425,0
COR,5,20210226,160500,2.92,2.94,2.92,2.94,400,0
COR,5,20210226,161500,2.94,2.94,2.94,2.94,1000,0
COR,5,20210301,090500,2.94,2.94,2.94,2.94,500,0
COR,5,20210301,092500,2.94,2.94,2.94,2.94,649,0
COR,5,20210301,102000,2.94,2.94,2.94,2.94,19,0
COR,5,20210301,110000,2.98,2.98,2.98,2.98,200,0
COR,5,20210301,111500,2.96,2.96,2.88,2.88,467,0
COR,5,20210301,134500,2.9,2.9,2.9,2.9,484,0
COR,5,20210301,140500,2.9,2.9,2.86,2.86,4158,0
COR,5,20210301,164500,3.02,3.02,3.02,3.02,1,0
COR,5,20210302,090000,2.86,2.86,2.86,2.86,50,0
COR,5,20210302,094500,2.94,2.94,2.94,2.94,20,0
COR,5,20210302,102500,2.9,2.9,2.88,2.88,1100,0
COR,5,20210302,105500,2.88,2.88,2.88,2.88,1000,0
COR,5,20210302,110000,2.88,2.88,2.88,2.88,329,0
COR,5,20210302,110500,2.86,2.92,2.86,2.86,1698,0
COR,5,20210302,111000,2.82,2.82,2.82,2.82,2000,0
COR,5,20210302,111500,2.82,2.82,2.82,2.82,1500,0
COR,5,20210302,112000,2.84,2.84,2.84,2.84,560,0
COR,5,20210302,112500,2.82,2.82,2.82,2.82,1000,0
COR,5,20210302,113000,2.82,2.82,2.82,2.82,1003,0
COR,5,20210302,113500,2.92,2.92,2.8,2.8,567,0
COR,5,20210302,114000,2.8,2.8,2.8,2.8,300,0
COR,5,20210302,122000,2.84,2.84,2.8,2.8,8682,0
COR,5,20210302,122500,2.8,2.92,2.8,2.92,2200,0
COR,5,20210302,144000,2.8,2.8,2.8,2.8,622,0
COR,5,20210302,150000,2.92,2.96,2.92,2.96,1452,0
COR,5,20210302,151500,2.82,2.82,2.82,2.82,530,0
COR,5,20210302,154000,2.88,2.88,2.88,2.88,321,0
COR,5,20210303,090000,2.88,2.88,2.82,2.82,204,0
COR,5,20210303,090500,2.8,2.8,2.8,2.8,1066,0
COR,5,20210303,093000,2.86,2.86,2.86,2.86,305,0
COR,5,20210303,130000,2.88,2.88,2.88,2.88,1000,0
COR,5,20210303,131500,2.88,2.88,2.88,2.88,136,0
COR,5,20210303,140500,2.94,3,2.94,3,1500,0
COR,5,20210303,142500,2.9,2.9,2.86,2.86,5664,0
COR,5,20210303,145500,2.86,2.86,2.86,2.86,250,0
COR,5,20210303,154500,2.96,2.96,2.96,2.96,451,0
COR,5,20210303,155000,3,3,3,3,3,0
COR,5,20210303,160000,2.88,2.88,2.88,2.88,500,0
COR,5,20210303,161500,2.86,2.86,2.86,2.86,123,0
COR,5,20210303,164500,2.96,2.96,2.96,2.96,2,0
COR,5,20210304,092500,2.96,2.96,2.96,2.96,4,0
COR,5,20210304,093000,2.94,2.96,2.94,2.96,400,0
COR,5,20210304,101000,2.82,2.82,2.82,2.82,1200,0
COR,5,20210304,103000,2.94,2.94,2.94,2.94,100,0
COR,5,20210304,120500,2.96,2.96,2.96,2.96,17,0
COR,5,20210304,163500,2.86,2.86,2.84,2.84,2055,0
COR,5,20210304,164500,2.88,2.88,2.88,2.88,5,0
COR,5,20210305,090000,3,3,2.96,2.96,60,0
COR,5,20210305,091000,2.8,2.8,2.8,2.8,100,0
COR,5,20210305,104000,2.84,2.84,2.84,2.84,150,0
COR,5,20210305,105000,2.84,2.84,2.8,2.8,1000,0
COR,5,20210305,105500,2.86,2.88,2.86,2.88,500,0
COR,5,20210305,123500,2.8,2.8,2.8,2.8,1200,0
COR,5,20210305,150000,2.8,2.8,2.8,2.8,300,0
COR,5,20210308,092500,2.86,2.86,2.86,2.86,80,0
COR,5,20210308,100000,2.88,2.88,2.88,2.88,200,0
COR,5,20210308,105000,2.84,2.84,2.84,2.84,500,0
COR,5,20210308,111500,2.82,2.82,2.82,2.82,200,0
COR,5,20210308,112000,2.88,2.88,2.88,2.88,1,0
COR,5,20210308,113500,2.82,2.82,2.8,2.8,535,0
COR,5,20210308,115000,2.8,2.8,2.8,2.8,435,0
COR,5,20210308,115500,2.78,2.78,2.78,2.78,1500,0
COR,5,20210308,120500,2.82,2.82,2.82,2.82,300,0
COR,5,20210308,123000,2.82,2.84,2.82,2.84,772,0
COR,5,20210308,125500,2.8,2.8,2.78,2.78,600,0
COR,5,20210308,132000,2.84,2.84,2.84,2.84,351,0
COR,5,20210308,140500,2.78,2.78,2.78,2.78,1040,0
COR,5,20210308,144500,2.78,2.78,2.76,2.76,1069,0
COR,5,20210308,145000,2.76,2.76,2.76,2.76,424,0
COR,5,20210308,150500,2.74,2.74,2.74,2.74,14,0
COR,5,20210308,151000,2.82,2.82,2.82,2.82,2,0
COR,5,20210308,163000,2.82,2.82,2.82,2.82,447,0
COR,5,20210308,164500,2.88,2.88,2.88,2.88,10,0
COR,5,20210309,103500,2.8,2.8,2.8,2.8,100,0
COR,5,20210309,113500,2.78,2.78,2.78,2.78,4440,0
COR,5,20210309,114000,2.76,2.76,2.76,2.76,30,0
COR,5,20210309,114500,2.78,2.82,2.78,2.82,15,0
COR,5,20210309,115500,2.82,2.82,2.82,2.82,804,0
COR,5,20210309,125000,2.82,2.82,2.82,2.82,443,0
COR,5,20210309,165500,2.84,2.84,2.84,2.84,50,0
COR,5,20210310,092500,2.82,2.82,2.82,2.82,50,0
COR,5,20210310,100500,2.8,2.8,2.8,2.8,20,0
COR,5,20210310,105000,2.8,2.8,2.8,2.8,180,0
COR,5,20210310,115500,2.78,2.78,2.76,2.76,1580,0
COR,5,20210310,122000,2.74,2.74,2.74,2.74,346,0
COR,5,20210310,125500,2.8,2.8,2.8,2.8,745,0
COR,5,20210310,131000,2.74,2.74,2.74,2.74,420,0
COR,5,20210310,131500,2.8,2.8,2.8,2.8,70,0
COR,5,20210311,090000,2.78,2.78,2.78,2.78,50,0
COR,5,20210311,093000,2.74,2.74,2.74,2.74,50,0
COR,5,20210311,093500,2.74,2.74,2.74,2.74,150,0
COR,5,20210311,121000,2.76,2.76,2.76,2.76,500,0
COR,5,20210311,123000,2.76,2.76,2.76,2.76,1450,0
COR,5,20210311,130500,2.78,2.78,2.78,2.78,390,0
COR,5,20210311,134500,2.76,2.76,2.72,2.72,314,0
COR,5,20210311,140500,2.86,2.86,2.86,2.86,5,0
COR,5,20210311,162500,2.88,2.96,2.88,2.96,1953,0
COR,5,20210312,090000,2.8,2.96,2.8,2.96,2105,0
COR,5,20210312,101000,2.86,2.86,2.86,2.86,100,0
COR,5,20210312,104000,2.86,2.86,2.86,2.86,1000,0
COR,5,20210312,114000,2.86,2.86,2.86,2.86,25,0
COR,5,20210312,124500,2.86,2.86,2.86,2.86,375,0
COR,5,20210312,125000,2.9,2.9,2.9,2.9,1227,0
COR,5,20210312,142500,2.84,2.9,2.76,2.9,1604,0
COR,5,20210312,150000,2.76,2.76,2.72,2.72,2500,0
COR,5,20210312,150500,2.72,2.74,2.72,2.74,4580,0
COR,5,20210312,152500,2.74,2.74,2.74,2.74,420,0
COR,5,20210312,153000,2.78,2.78,2.78,2.78,100,0
COR,5,20210312,155500,2.78,2.78,2.74,2.74,840,0
COR,5,20210312,162000,2.8,2.8,2.8,2.8,2,0
COR,5,20210315,090000,2.92,2.92,2.92,2.92,3500,0
COR,5,20210315,091000,2.92,2.92,2.92,2.92,50,0
COR,5,20210315,094000,2.9,2.92,2.9,2.92,196,0
COR,5,20210315,100000,2.84,2.84,2.78,2.78,1500,0
COR,5,20210315,101500,2.8,2.8,2.8,2.8,598,0
COR,5,20210315,102500,2.92,2.92,2.92,2.92,1,0
COR,5,20210315,114500,2.8,2.8,2.8,2.8,502,0
COR,5,20210315,122000,2.76,2.8,2.76,2.8,403,0
COR,5,20210315,130000,2.8,2.8,2.8,2.8,1000,0
COR,5,20210315,131000,2.8,2.8,2.8,2.8,200,0
COR,5,20210315,140000,2.8,2.8,2.8,2.8,250,0
COR,5,20210315,142500,2.8,2.9,2.8,2.9,55,0
COR,5,20210315,154500,2.8,2.8,2.8,2.8,650,0
COR,5,20210315,163500,2.9,2.9,2.9,2.9,2,0
COR,5,20210315,164500,2.9,2.9,2.9,2.9,101,0
COR,5,20210316,090000,2.9,2.9,2.9,2.9,270,0
COR,5,20210316,091500,2.9,2.9,2.9,2.9,1000,0
COR,5,20210316,105000,2.8,2.8,2.76,2.76,1554,0
COR,5,20210316,105500,2.76,2.76,2.74,2.74,2000,0
COR,5,20210316,110500,2.82,2.82,2.82,2.82,130,0
COR,5,20210316,111500,2.82,2.82,2.82,2.82,200,0
COR,5,20210316,112000,2.82,2.88,2.82,2.88,325,0
COR,5,20210316,113500,2.8,2.8,2.8,2.8,527,0
COR,5,20210316,121500,2.9,2.9,2.9,2.9,246,0
COR,5,20210316,130500,2.9,2.9,2.9,2.9,1000,0
COR,5,20210316,131000,2.8,2.8,2.8,2.8,4602,0
COR,5,20210316,144500,2.88,2.88,2.88,2.88,200,0
COR,5,20210316,145000,2.88,2.88,2.88,2.88,50,0
COR,5,20210316,153000,2.9,2.9,2.9,2.9,50,0
COR,5,20210316,155500,2.8,2.8,2.8,2.8,543,0
COR,5,20210316,164500,2.8,2.8,2.8,2.8,101,0
COR,5,20210317,090000,2.9,2.9,2.9,2.9,8,0
COR,5,20210317,090500,2.9,2.92,2.9,2.92,1000,0
COR,5,20210317,121500,2.78,2.78,2.78,2.78,215,0
COR,5,20210317,131500,2.88,2.88,2.88,2.88,6,0
COR,5,20210317,152000,2.86,2.86,2.86,2.86,100,0
COR,5,20210317,161000,2.8,2.8,2.8,2.8,400,0
COR,5,20210317,164500,2.78,2.78,2.78,2.78,35,0
COR,5,20210317,165500,2.78,2.78,2.78,2.78,1,0
COR,5,20210318,090000,2.76,2.76,2.74,2.74,1000,0
COR,5,20210318,093000,2.74,2.74,2.74,2.74,100,0
COR,5,20210318,113500,2.74,2.74,2.74,2.74,1500,0
COR,5,20210318,121500,2.8,2.8,2.8,2.8,2,0
COR,5,20210318,144000,2.8,2.8,2.8,2.8,20,0
COR,5,20210318,144500,2.8,2.8,2.8,2.8,633,0
COR,5,20210318,151500,2.86,2.86,2.86,2.86,359,0
COR,5,20210318,163500,2.86,2.86,2.86,2.86,410,0
COR,5,20210319,090000,2.86,2.86,2.86,2.86,631,0
COR,5,20210319,092000,2.82,2.82,2.82,2.82,936,0
COR,5,20210319,094000,2.86,2.86,2.86,2.86,590,0
COR,5,20210319,100000,2.82,2.82,2.8,2.8,2755,0
COR,5,20210319,102000,2.82,2.82,2.8,2.8,610,0
COR,5,20210319,104000,2.8,2.8,2.8,2.8,2390,0
COR,5,20210319,111500,2.82,2.82,2.82,2.82,500,0
COR,5,20210319,113000,2.84,2.9,2.84,2.9,3544,0
COR,5,20210319,115000,2.88,2.88,2.88,2.88,40,0
COR,5,20210319,121000,2.88,2.88,2.88,2.88,500,0
COR,5,20210319,123000,2.88,2.9,2.88,2.9,1000,0
COR,5,20210319,140000,2.82,2.82,2.82,2.82,350,0
COR,5,20210319,141000,2.88,2.88,2.88,2.88,500,0
COR,5,20210319,150000,2.82,2.82,2.82,2.82,551,0
COR,5,20210319,150500,2.82,2.82,2.82,2.82,5,0
COR,5,20210319,151000,2.82,2.82,2.82,2.82,344,0
COR,5,20210319,154000,2.88,2.88,2.88,2.88,2,0
COR,5,20210319,162500,2.88,2.88,2.88,2.88,490,0
COR,5,20210322,090000,2.88,2.88,2.88,2.88,16,0
COR,5,20210322,091000,2.78,2.78,2.78,2.78,500,0
COR,5,20210322,091500,2.78,2.78,2.76,2.76,1087,0
COR,5,20210322,102000,2.78,2.78,2.78,2.78,700,0
COR,5,20210322,104000,2.84,2.84,2.84,2.84,25,0
COR,5,20210322,112500,2.84,2.84,2.84,2.84,20,0
COR,5,20210322,121000,2.8,2.8,2.8,2.8,200,0
COR,5,20210322,130500,2.84,2.84,2.84,2.84,1,0
COR,5,20210322,131000,2.84,2.86,2.84,2.86,311,0
COR,5,20210322,131500,2.88,2.88,2.88,2.88,1007,0
COR,5,20210322,133000,2.9,2.9,2.9,2.9,5405,0
COR,5,20210322,133500,2.92,2.92,2.92,2.92,844,0
COR,5,20210322,134000,2.92,2.92,2.92,2.92,3156,0
COR,5,20210322,135000,2.98,2.98,2.98,2.98,100,0
COR,5,20210322,145000,2.98,2.98,2.98,2.98,100,0
COR,5,20210322,145500,2.98,2.98,2.98,2.98,100,0
COR,5,20210322,150000,2.96,2.96,2.96,2.96,49,0
COR,5,20210322,162500,2.96,2.98,2.96,2.98,2051,0
COR,5,20210323,094500,2.96,2.96,2.96,2.96,10,0
COR,5,20210323,142000,2.84,2.84,2.84,2.84,300,0
COR,5,20210323,142500,2.82,2.82,2.82,2.82,1000,0
COR,5,20210323,145000,2.9,2.92,2.9,2.92,330,0
COR,5,20210323,151500,2.8,2.8,2.78,2.78,390,0
COR,5,20210323,154000,2.8,2.8,2.78,2.78,365,0
COR,5,20210323,154500,2.78,2.78,2.78,2.78,135,0
COR,5,20210323,164500,2.88,2.88,2.88,2.88,1,0
COR,5,20210324,094500,2.88,2.88,2.88,2.88,4,0
COR,5,20210324,095500,2.86,2.86,2.86,2.86,55,0
COR,5,20210324,145000,2.76,2.76,2.74,2.74,410,0
COR,5,20210324,150500,2.84,2.84,2.84,2.84,5,0
COR,5,20210324,155500,2.76,2.76,2.76,2.76,500,0
COR,5,20210324,160000,2.74,2.84,2.72,2.84,665,0
COR,5,20210325,105500,2.82,2.82,2.82,2.82,45,0
COR,5,20210325,114500,2.82,2.82,2.82,2.82,155,0
COR,5,20210325,120500,2.84,2.84,2.84,2.84,450,0
COR,5,20210325,121000,2.86,2.9,2.86,2.9,474,0
COR,5,20210325,123500,2.9,2.92,2.9,2.92,3971,0
COR,5,20210325,124500,2.94,2.94,2.94,2.94,1000,0
COR,5,20210325,125500,2.96,2.96,2.96,2.96,2,0
COR,5,20210325,134000,2.96,2.96,2.96,2.96,2326,0
COR,5,20210325,135500,2.98,2.98,2.98,2.98,1000,0
COR,5,20210325,140000,2.98,3,2.98,3,1206,0
COR,5,20210325,141000,3.04,3.04,3.04,3.04,5,0
COR,5,20210325,141500,3.04,3.04,3.04,3.04,195,0
COR,5,20210325,142000,3.08,3.08,3.08,3.08,759,0
COR,5,20210325,144000,3.04,3.04,3,3,1419,0
COR,5,20210325,144500,3.04,3.04,3.04,3.04,650,0
COR,5,20210325,150000,3.04,3.04,3.04,3.04,400,0
COR,5,20210325,152500,3,3,3,3,234,0
COR,5,20210325,153000,3,3.04,3,3.04,166,0
COR,5,20210325,154000,2.96,2.96,2.88,2.88,1000,0
COR,5,20210325,154500,2.98,2.98,2.98,2.98,100,0
COR,5,20210325,155000,2.86,2.98,2.86,2.98,1100,0
COR,5,20210325,162000,2.96,3,2.96,3,570,0
COR,5,20210325,162500,3,3.04,3,3.04,800,0
COR,5,20210325,165500,2.88,2.88,2.88,2.88,1,0
COR,5,20210326,091000,3.02,3.02,3.02,3.02,500,0
COR,5,20210326,094000,2.9,2.98,2.9,2.98,500,0
COR,5,20210326,095500,3,3.02,3,3.02,2500,0
COR,5,20210326,102000,3.02,3.02,3.02,3.02,1000,0
COR,5,20210326,103500,2.98,2.98,2.98,2.98,1000,0
COR,5,20210326,104000,3,3,3,3,1000,0
COR,5,20210326,105500,3.02,3.02,3.02,3.02,3500,0
COR,5,20210326,112500,3.04,3.04,3.04,3.04,158,0
COR,5,20210326,113500,3.04,3.04,3,3,1350,0
COR,5,20210326,114000,3.02,3.04,3.02,3.04,6652,0
COR,5,20210326,114500,3.06,3.08,3.06,3.08,1183,0
COR,5,20210326,123500,3.08,3.08,3.08,3.08,811,0
COR,5,20210326,124000,3.08,3.08,3.08,3.08,1639,0
COR,5,20210326,124500,3.1,3.1,3.1,3.1,943,0
COR,5,20210326,125000,3.12,3.12,3.12,3.12,250,0
COR,5,20210326,130000,3.12,3.14,3.12,3.14,1050,0
COR,5,20210326,133000,3.14,3.16,3.14,3.16,2898,0
COR,5,20210326,134000,3.12,3.12,3.12,3.12,380,0
COR,5,20210326,135000,3.1,3.1,3,3,2500,0
COR,5,20210326,135500,3.02,3.1,3.02,3.1,297,0
COR,5,20210326,150500,3.04,3.04,2.96,2.96,6026,0
COR,5,20210326,151000,2.96,2.96,2.96,2.96,250,0
COR,5,20210326,152000,2.96,2.96,2.96,2.96,3724,0
COR,5,20210326,153000,3.1,3.1,3.1,3.1,5,0
COR,5,20210326,164000,3.1,3.1,3.1,3.1,575,0
COR,5,20210326,164500,3,3,3,3,100,0
