<TICKER>,<PER>,<DATE>,<TIME>,<OPEN>,<HIGH>,<LOW>,<CLOSE>,<VOL>,<OPENINT>
CRB,5,20210204,090000,66.5,66.5,66,66,140,0
CRB,5,20210204,090500,66.1,66.1,66,66,50,0
CRB,5,20210204,091000,66,66,54,62,1604,0
CRB,5,20210204,091500,63.8,64,63.8,64,444,0
CRB,5,20210204,092000,64,64,64,64,50,0
CRB,5,20210204,092500,63.5,63.5,63.5,63.5,73,0
CRB,5,20210204,093000,65,65.9,64,64,117,0
CRB,5,20210204,093500,64,64,64,64,70,0
CRB,5,20210204,094000,65.4,65.4,65.4,65.4,11,0
CRB,5,20210204,100000,65.5,65.5,65.4,65.4,40,0
CRB,5,20210204,100500,65.5,66,65.5,66,74,0
CRB,5,20210204,101000,66,66.4,66,66.4,10,0
CRB,5,20210204,102500,64.5,64.5,64.5,64.5,14,0
CRB,5,20210204,115000,65.9,65.9,65.9,65.9,1,0
CRB,5,20210204,121000,65.9,65.9,65.9,65.9,50,0
CRB,5,20210204,121500,65.9,66.7,65.9,66.7,8,0
CRB,5,20210204,123000,64.5,64.5,64.5,64.5,35,0
CRB,5,20210204,124500,64.5,64.5,64.5,64.5,10,0
CRB,5,20210204,133500,65.9,65.9,65.9,65.9,2,0
CRB,5,20210204,151000,64.7,64.7,64.7,64.7,50,0
CRB,5,20210204,151500,64.6,64.6,64.6,64.6,41,0
CRB,5,20210204,152500,65.8,66,65.8,66,299,0
CRB,5,20210204,153000,66,66,66,66,143,0
CRB,5,20210204,163500,66,67,66,67,166,0
CRB,5,20210204,164000,67,67,67,67,24,0
CRB,5,20210204,164500,66.1,66.1,66.1,66.1,108,0
CRB,5,20210205,090000,66,66,65,65,76,0
CRB,5,20210205,090500,63,64,63,64,14,0
CRB,5,20210205,091000,64,64,64,64,18,0
CRB,5,20210205,091500,64,64,64,64,80,0
CRB,5,20210205,092500,64,64,64,64,1,0
CRB,5,20210205,093000,63.3,63.3,63.3,63.3,27,0
CRB,5,20210205,093500,64,64,64,64,22,0
CRB,5,20210205,094500,64.3,64.3,63.3,63.3,56,0
CRB,5,20210205,101000,63.5,63.5,63.5,63.5,75,0
CRB,5,20210205,104000,63.5,63.5,63.5,63.5,10,0
CRB,5,20210205,104500,63.5,63.5,63.5,63.5,10,0
CRB,5,20210205,110000,63.5,63.5,63.5,63.5,8,0
CRB,5,20210205,112000,65.5,65.5,65.5,65.5,16,0
CRB,5,20210205,131000,64.8,64.8,64.8,64.8,40,0
CRB,5,20210205,140000,65.4,66,65.4,66,82,0
CRB,5,20210205,153500,67.9,67.9,67.9,67.9,8,0
CRB,5,20210205,160500,67,67.9,67,67.9,45,0
CRB,5,20210208,090000,68,68,68,68,15,0
CRB,5,20210208,091500,68,68,68,68,14,0
CRB,5,20210208,092500,66,66,65,65,114,0
CRB,5,20210208,093000,65,65,64.7,65,19,0
CRB,5,20210208,120500,65.3,65.3,65.1,65.1,70,0
CRB,5,20210208,122000,67.4,67.4,67.4,67.4,32,0
CRB,5,20210208,125500,65.1,65.1,65,65,200,0
CRB,5,20210208,130000,66,66,66,66,50,0
CRB,5,20210208,145500,65,65,65,65,70,0
CRB,5,20210208,150000,66,66,66,66,1,0
CRB,5,20210208,154000,65,65,65,65,54,0
CRB,5,20210208,162500,65,65,65,65,50,0
CRB,5,20210208,164500,65.9,65.9,65.9,65.9,1,0
CRB,5,20210209,090000,65.9,65.9,65.9,65.9,23,0
CRB,5,20210209,092000,64,64,63,63,700,0
CRB,5,20210209,092500,64,64,62.4,62.4,52,0
CRB,5,20210209,093000,64,64,64,64,1,0
CRB,5,20210209,100000,63,63,63,63,24,0
CRB,5,20210209,103000,63.1,63.1,63.1,63.1,16,0
CRB,5,20210209,103500,63,63,63,63,132,0
CRB,5,20210209,110000,63,63,63,63,120,0
CRB,5,20210209,110500,63,63,63,63,80,0
CRB,5,20210209,111500,64,64,64,64,28,0
CRB,5,20210209,112000,64,64,64,64,50,0
CRB,5,20210209,120500,64,64,64,64,25,0
CRB,5,20210209,121000,63,63,63,63,50,0
CRB,5,20210209,123500,63,63,63,63,90,0
CRB,5,20210209,125000,63,63,63,63,95,0
CRB,5,20210209,125500,63,63,63,63,100,0
CRB,5,20210209,130500,63,63,62.5,62.5,362,0
CRB,5,20210209,131000,63,63,63,63,1,0
CRB,5,20210209,131500,62.4,62.4,62.4,62.4,100,0
CRB,5,20210209,132000,62.4,62.4,61.5,62,506,0
CRB,5,20210209,132500,62.1,62.1,62.1,62.1,205,0
CRB,5,20210209,133000,62.1,62.1,62.1,62.1,50,0
CRB,5,20210209,135000,62,62,62,62,389,0
CRB,5,20210209,142000,62.5,62.8,62.5,62.8,100,0
CRB,5,20210209,142500,63,63.7,63,63.7,144,0
CRB,5,20210209,143000,63.7,63.7,63.7,63.7,20,0
CRB,5,20210209,152500,63.1,63.1,63,63,166,0
CRB,5,20210209,153500,63,63,63,63,50,0
CRB,5,20210209,154000,63,63,63,63,21,0
CRB,5,20210209,155000,63.5,63.5,63.5,63.5,40,0
CRB,5,20210209,163500,63,63,63,63,32,0
CRB,5,20210209,164000,63,63,62.1,62.1,122,0
CRB,5,20210209,164500,62.5,62.5,62.5,62.5,114,0
CRB,5,20210210,090000,63.1,63.1,63.1,63.1,645,0
CRB,5,20210210,090500,64,64,64,64,50,0
CRB,5,20210210,092000,64.4,66,64.4,66,100,0
CRB,5,20210210,092500,66,67,65,65,60,0
CRB,5,20210210,094000,63.5,63.5,63.5,63.5,45,0
CRB,5,20210210,095000,63.1,63.1,63,63,65,0
CRB,5,20210210,103500,63.1,63.1,63,63,100,0
CRB,5,20210210,113000,63.1,63.1,63,63,120,0
CRB,5,20210210,133000,64,64,64,64,15,0
CRB,5,20210210,135500,63.3,63.3,63.3,63.3,80,0
CRB,5,20210210,142500,63.3,63.3,63.3,63.3,20,0
CRB,5,20210210,150500,63.3,64,63.3,64,65,0
CRB,5,20210210,152500,63.1,63.1,63.1,63.1,55,0
CRB,5,20210210,153000,64,64,64,64,45,0
CRB,5,20210210,154500,64.5,64.5,64.5,64.5,100,0
CRB,5,20210210,155000,65,65,65,65,7,0
CRB,5,20210210,161500,63.2,63.2,63.2,63.2,50,0
CRB,5,20210210,162000,63.1,63.1,63,63,94,0
CRB,5,20210211,090000,62.1,66.3,62.1,66.3,569,0
CRB,5,20210211,090500,65,65,65,65,20,0
CRB,5,20210211,095500,64.9,66,64.9,66,50,0
CRB,5,20210211,111000,63.2,63.2,63.2,63.2,13,0
CRB,5,20210211,135000,64.9,64.9,64.9,64.9,16,0
CRB,5,20210211,155000,64,64,64,64,32,0
CRB,5,20210211,162500,64,65,64,65,127,0
CRB,5,20210211,163000,65.7,66,65.7,66,180,0
CRB,5,20210211,164500,64.1,64.1,64.1,64.1,70,0
CRB,5,20210212,090000,64,64,64,64,7,0
CRB,5,20210212,104500,64,64,63,63,92,0
CRB,5,20210212,113000,64,64,64,64,8,0
CRB,5,20210212,113500,64,64,63,63,53,0
CRB,5,20210212,124500,63.1,63.1,63,63,133,0
CRB,5,20210212,125500,62.4,62.4,62.2,62.2,14,0
CRB,5,20210212,130500,63,63,63,63,11,0
CRB,5,20210212,131000,64,64,64,64,40,0
CRB,5,20210212,132500,64,64,64,64,11,0
CRB,5,20210212,150500,64.8,64.8,64.8,64.8,6,0
CRB,5,20210212,152000,64.2,64.2,64.2,64.2,1,0
CRB,5,20210212,163500,65,65,65,65,1,0
CRB,5,20210212,164000,64,64,63.2,63.2,10,0
CRB,5,20210215,090000,65,66,65,66,59,0
CRB,5,20210215,092000,65,65,65,65,34,0
CRB,5,20210215,095000,65.8,65.8,65.8,65.8,30,0
CRB,5,20210215,100000,64.1,64.1,64,64,95,0
CRB,5,20210215,101500,64,64,64,64,5,0
CRB,5,20210215,102500,64,64,64,64,20,0
CRB,5,20210215,113000,64,64,64,64,36,0
CRB,5,20210215,114500,64,64,64,64,50,0
CRB,5,20210215,123500,64.5,64.5,63,63,315,0
CRB,5,20210215,125500,63.2,63.2,63.1,63.1,150,0
CRB,5,20210215,131000,63.2,63.2,63.1,63.1,85,0
CRB,5,20210215,133000,63.1,63.1,63.1,63.1,75,0
CRB,5,20210215,133500,63,63,63,63,90,0
CRB,5,20210215,143500,64.7,65,64.7,65,199,0
CRB,5,20210215,145500,65,65,65,65,1,0
CRB,5,20210215,150000,65,65,65,65,10,0
CRB,5,20210215,154000,65.6,65.6,65.6,65.6,14,0
CRB,5,20210215,164500,64,64,64,64,78,0
CRB,5,20210216,090000,64,64,63,63,481,0
CRB,5,20210216,094500,63.1,63.1,63,63,150,0
CRB,5,20210216,095500,63.1,63.1,63,63,100,0
CRB,5,20210216,105000,64.8,64.8,64.8,64.8,30,0
CRB,5,20210216,105500,64.8,64.8,64.8,64.8,16,0
CRB,5,20210216,110000,64.5,64.5,64.5,64.5,60,0
CRB,5,20210216,112000,64.5,64.5,64.5,64.5,4,0
CRB,5,20210216,122500,63.6,63.6,63.6,63.6,50,0
CRB,5,20210216,123500,63.5,63.5,63.1,63.1,70,0
CRB,5,20210216,133500,63.1,63.1,63,63,75,0
CRB,5,20210216,143000,63,63,63,63,175,0
CRB,5,20210216,155000,64.7,64.7,63.1,63.1,845,0
CRB,5,20210217,090000,65,65,65,65,1,0
CRB,5,20210217,103000,65,65,65,65,2,0
CRB,5,20210217,112000,64.9,65.8,64.9,65.8,88,0
CRB,5,20210217,114500,64,64,64,64,4,0
CRB,5,20210217,121500,64,64,64,64,1,0
CRB,5,20210217,123000,64,64,64,64,45,0
CRB,5,20210217,123500,63.4,63.4,63.4,63.4,160,0
CRB,5,20210217,125500,64,64,64,64,95,0
CRB,5,20210217,160000,63.7,63.7,63.7,63.7,5,0
CRB,5,20210218,090000,65.4,65.9,65.4,65.9,51,0
CRB,5,20210218,091000,65.9,65.9,65.9,65.9,17,0
CRB,5,20210218,091500,65.9,65.9,65.9,65.9,3,0
CRB,5,20210218,092500,64,64,63.5,63.5,200,0
CRB,5,20210218,100500,63.5,63.5,63.5,63.5,241,0
CRB,5,20210218,101000,63.2,63.5,63,63.5,219,0
CRB,5,20210218,101500,63.1,64.9,63.1,64.9,19,0
CRB,5,20210218,102500,65,65,65,65,50,0
CRB,5,20210218,105500,65,65,65,65,20,0
CRB,5,20210218,110500,64,64,64,64,25,0
CRB,5,20210218,111000,64,65,64,65,55,0
CRB,5,20210218,111500,65.9,66.5,65.9,66.5,330,0
CRB,5,20210218,112500,66,66,65.3,65.3,17,0
CRB,5,20210218,113000,66.5,67,66.5,67,8,0
CRB,5,20210218,115000,65.3,65.3,65.1,65.1,93,0
CRB,5,20210218,115500,65.1,65.1,65.1,65.1,87,0
CRB,5,20210218,120500,65.2,65.2,65.2,65.2,22,0
CRB,5,20210218,125500,66.4,67,66.4,67,361,0
CRB,5,20210218,132000,67,69,67,69,85,0
CRB,5,20210218,134000,68,69,68,69,275,0
CRB,5,20210218,134500,69,70,69,70,63,0
CRB,5,20210218,135000,66,69.8,66,66.3,222,0
CRB,5,20210218,141500,68.4,68.4,66.3,66.3,150,0
CRB,5,20210218,151000,66.1,66.1,66,66,373,0
CRB,5,20210218,154500,68,68.9,65.2,68.9,229,0
CRB,5,20210218,155000,68.9,68.9,68.9,68.9,5,0
CRB,5,20210218,155500,68.9,68.9,68.9,68.9,34,0
CRB,5,20210218,160500,68.4,68.4,67,67,51,0
CRB,5,20210218,161000,67,67,67,67,30,0
CRB,5,20210218,163000,66,66,66,66,22,0
CRB,5,20210218,163500,66,66,66,66,33,0
CRB,5,20210218,164500,65.1,65.1,65.1,65.1,76,0
CRB,5,20210219,090000,68,69,68,69,501,0
CRB,5,20210219,091500,67,67,67,67,70,0
CRB,5,20210219,102000,67,67,67,67,20,0
CRB,5,20210219,105500,67.5,67.5,67.5,67.5,4,0
CRB,5,20210219,120500,67,67,65.5,65.5,36,0
CRB,5,20210219,121000,65.1,65.1,65,65,100,0
CRB,5,20210219,124000,67.5,67.5,67.5,67.5,5,0
CRB,5,20210219,135500,65.5,65.5,65.5,65.5,5,0
CRB,5,20210219,141000,67.4,67.4,67.4,67.4,10,0
CRB,5,20210219,151500,65.5,65.5,65,65,88,0
CRB,5,20210219,152500,65,65,65,65,12,0
CRB,5,20210219,153000,66,66,66,66,25,0
CRB,5,20210219,155500,64.2,64.2,64,64,150,0
CRB,5,20210219,160000,66,66,66,66,5,0
CRB,5,20210219,161500,64.2,64.2,64.1,64.1,70,0
CRB,5,20210219,164500,65,65,65,65,28,0
CRB,5,20210222,090500,66,66,66,66,7,0
CRB,5,20210222,091000,66,66,65,65,139,0
CRB,5,20210222,092000,64,64,63.5,63.5,241,0
CRB,5,20210222,092500,63.5,63.5,63,63,500,0
CRB,5,20210222,100000,63.1,63.1,63,63,292,0
CRB,5,20210222,101500,63.5,63.5,63.5,63.5,300,0
CRB,5,20210222,103500,63.1,63.1,63.1,63.1,100,0
CRB,5,20210222,104500,63.2,63.2,63.2,63.2,138,0
CRB,5,20210222,112500,63.2,63.2,63,63,200,0
CRB,5,20210222,123000,64.9,64.9,64.9,64.9,8,0
CRB,5,20210222,125500,64,64,64,64,30,0
CRB,5,20210222,145000,64.2,64.2,64.2,64.2,3,0
CRB,5,20210222,161500,63.5,63.5,63.2,63.2,320,0
CRB,5,20210222,162000,64,64,64,64,8,0
CRB,5,20210222,162500,63.5,63.5,63.5,63.5,200,0
CRB,5,20210222,163000,63.5,63.5,63.5,63.5,140,0
CRB,5,20210222,163500,63.5,63.5,63.5,63.5,5,0
CRB,5,20210222,164500,63.2,63.2,63,63,500,0
CRB,5,20210223,091500,65,65,65,65,30,0
CRB,5,20210223,092000,65,65,65,65,20,0
CRB,5,20210223,093000,65.9,65.9,65.9,65.9,16,0
CRB,5,20210223,102000,64,64,63.1,63.1,100,0
CRB,5,20210223,102500,65.5,65.5,65.5,65.5,5,0
CRB,5,20210223,103500,65,65.7,65,65.7,412,0
CRB,5,20210223,105500,65.5,65.5,65.5,65.5,47,0
CRB,5,20210223,122500,63.2,63.2,63,63,200,0
CRB,5,20210223,124000,62.2,62.2,61.9,61.9,350,0
CRB,5,20210223,124500,61.9,63,61.9,61.9,105,0
CRB,5,20210223,130500,63,63,63,63,22,0
CRB,5,20210223,131500,62.1,62.1,62.1,62.1,20,0
CRB,5,20210223,132000,62.1,62.1,61.9,61.9,450,0
CRB,5,20210223,133000,63,63,63,63,20,0
CRB,5,20210223,141000,61.9,61.9,61,61.1,500,0
CRB,5,20210223,142500,62.8,63,62.8,63,50,0
CRB,5,20210223,153500,61.2,61.2,61,61,282,0
CRB,5,20210223,154500,61,61,61,61,10,0
CRB,5,20210223,160500,61.9,61.9,61.9,61.9,20,0
CRB,5,20210223,161000,61.9,62.3,60.4,62.3,67,0
CRB,5,20210223,164500,62.3,63,62.3,63,225,0
CRB,5,20210224,100500,61.4,61.4,61.4,61.4,100,0
CRB,5,20210224,101500,62.8,63,62.8,63,300,0
CRB,5,20210224,102500,63,64,63,64,30,0
CRB,5,20210224,110500,64,64,64,64,9,0
CRB,5,20210224,133000,63,63,63,63,60,0
CRB,5,20210224,133500,62,62,62,62,87,0
CRB,5,20210224,141000,62,62,62,62,89,0
CRB,5,20210224,141500,62,62,62,62,90,0
CRB,5,20210224,144000,63,63.8,63,63.8,25,0
CRB,5,20210224,150000,62,62,61.5,61.5,200,0
CRB,5,20210224,151000,63,63,63,63,40,0
CRB,5,20210224,153000,63.8,63.8,63.8,63.8,3,0
CRB,5,20210224,162500,62,63.6,61.4,63.6,155,0
CRB,5,20210225,103000,63.8,63.8,63.8,63.8,1,0
CRB,5,20210225,111000,62,62,61.5,61.5,240,0
CRB,5,20210225,112000,63.7,63.7,63.7,63.7,5,0
CRB,5,20210225,113000,61.5,61.5,61.1,61.1,500,0
CRB,5,20210225,113500,63.7,63.7,63.7,63.7,5,0
CRB,5,20210225,114000,61.3,63.4,61.1,63.4,415,0
CRB,5,20210225,131500,61.4,62.9,60.4,62.8,815,0
CRB,5,20210225,151000,61,61,60.5,60.5,121,0
CRB,5,20210225,152000,60.6,60.6,60.6,60.6,200,0
CRB,5,20210225,153500,60.6,60.6,60.5,60.5,145,0
CRB,5,20210225,154500,61.5,61.5,61.5,61.5,5,0
CRB,5,20210225,155500,60.5,60.5,60.5,60.5,143,0
CRB,5,20210225,161000,61,61,60.5,60.5,100,0
CRB,5,20210225,164000,60.6,60.6,60.5,60.5,21,0
CRB,5,20210225,164500,60.4,61.4,60.4,61.4,22,0
CRB,5,20210226,090000,60,60,59,59,205,0
CRB,5,20210226,091000,59.5,59.5,59.5,59.5,14,0
CRB,5,20210226,091500,59.5,60,59.5,60,120,0
CRB,5,20210226,094500,60.2,60.2,60.2,60.2,82,0
CRB,5,20210226,095500,60.1,60.1,60.1,60.1,30,0
CRB,5,20210226,100000,60.1,60.1,60.1,60.1,55,0
CRB,5,20210226,102000,60.1,60.1,60.1,60.1,79,0
CRB,5,20210226,104000,60.5,60.5,60.5,60.5,10,0
CRB,5,20210226,104500,61,61,61,61,80,0
CRB,5,20210226,121500,61,61,61,61,12,0
CRB,5,20210226,122500,61,61,61,61,86,0
CRB,5,20210226,155500,61.8,61.8,60.4,60.4,13,0
CRB,5,20210226,160500,60.4,60.4,60,60,175,0
CRB,5,20210226,162000,61,61,61,61,5,0
CRB,5,20210226,162500,61,61,61,61,5,0
CRB,5,20210226,163000,61,61,61,61,5,0
CRB,5,20210301,090000,61,61,61,61,14,0
CRB,5,20210301,090500,61.5,61.5,61.5,61.5,10,0
CRB,5,20210301,094500,61.5,61.5,61.5,61.5,71,0
CRB,5,20210301,095000,61.5,61.5,61.5,61.5,16,0
CRB,5,20210301,102000,61,61,61,61,115,0
CRB,5,20210301,125000,61,61,61,61,35,0
CRB,5,20210301,130500,60.1,60.1,60,60,100,0
CRB,5,20210301,132500,60.1,61,60.1,61,13,0
CRB,5,20210301,141000,61,61,61,61,30,0
CRB,5,20210301,150000,61,61,61,61,17,0
CRB,5,20210301,153000,60.2,60.2,60,60,130,0
CRB,5,20210301,154000,60.5,60.5,60.5,60.5,80,0
CRB,5,20210301,161000,60.5,60.5,60,60,50,0
CRB,5,20210301,164500,61.5,61.5,61.5,61.5,5,0
CRB,5,20210302,090000,61.5,61.5,61.5,61.5,20,0
CRB,5,20210302,091000,61.5,61.5,61.5,61.5,10,0
CRB,5,20210302,103500,60.1,60.1,60,60,79,0
CRB,5,20210302,112500,61.5,61.5,61.5,61.5,5,0
CRB,5,20210302,114500,61.5,61.5,61.5,61.5,100,0
CRB,5,20210302,121500,60,60,60,60,129,0
CRB,5,20210302,141000,60,60,60,60,79,0
CRB,5,20210302,141500,60,60,60,60,41,0
CRB,5,20210302,142500,60.5,60.5,60.5,60.5,50,0
CRB,5,20210302,144000,60.9,61,60.9,61,10,0
CRB,5,20210302,145000,60,60,60,60,59,0
CRB,5,20210302,145500,60,60,60,60,32,0
CRB,5,20210302,150500,60,60,60,60,50,0
CRB,5,20210302,151000,60,60,60,60,3,0
CRB,5,20210302,151500,60,60,60,60,27,0
CRB,5,20210302,153000,60,60,60,60,73,0
CRB,5,20210302,161000,60,60,59.1,59.1,77,0
CRB,5,20210302,161500,59.1,59.1,59,59,130,0
CRB,5,20210302,164000,60.7,60.7,59,59,115,0
CRB,5,20210302,164500,60.7,61,60.7,61,70,0
CRB,5,20210303,090000,59.2,59.2,59.2,59.2,81,0
CRB,5,20210303,092000,60,60.4,60,60.4,220,0
CRB,5,20210303,093500,59.4,59.4,59.4,59.4,20,0
CRB,5,20210303,100000,60.4,60.4,60.4,60.4,20,0
CRB,5,20210303,115000,60.1,60.2,60.1,60.2,66,0
CRB,5,20210303,115500,60.2,60.2,60.2,60.2,12,0
CRB,5,20210303,121000,59.6,59.6,59.6,59.6,10,0
CRB,5,20210303,144000,60,60,60,60,34,0
CRB,5,20210303,150500,60,60,60,60,36,0
CRB,5,20210303,161500,60.4,60.4,60.4,60.4,39,0
CRB,5,20210303,163000,60,60,59.4,59.4,168,0
CRB,5,20210304,090500,60.9,60.9,60.9,60.9,5,0
CRB,5,20210304,092500,60.7,60.7,60.7,60.7,50,0
CRB,5,20210304,100500,60.4,60.8,60.4,60.8,215,0
CRB,5,20210304,103000,60.8,61,60.8,61,250,0
CRB,5,20210304,105000,61,62.5,61,62.5,20,0
CRB,5,20210304,105500,60,60,60,60,20,0
CRB,5,20210304,122000,61,61,61,61,16,0
CRB,5,20210304,124000,60.1,61,60,61,218,0
CRB,5,20210304,124500,61.3,61.3,61.3,61.3,150,0
CRB,5,20210304,125000,61.8,61.8,61.7,61.7,58,0
CRB,5,20210304,131000,61.8,61.8,61.8,61.8,41,0
CRB,5,20210304,135000,62,62,62,62,80,0
CRB,5,20210304,142500,62.5,62.5,62.5,62.5,15,0
CRB,5,20210304,145500,62.4,62.4,62.4,62.4,6,0
CRB,5,20210304,150000,62.5,64.5,62.5,64.4,535,0
CRB,5,20210304,151500,64.5,65,62,64,694,0
CRB,5,20210304,155500,62.6,62.6,62.6,62.6,189,0
CRB,5,20210304,160500,62.6,62.6,62.6,62.6,21,0
CRB,5,20210304,161500,63,63,63,63,240,0
CRB,5,20210304,163000,63.7,63.7,63.7,63.7,69,0
CRB,5,20210304,163500,63,63,63,63,85,0
CRB,5,20210304,164000,63,63,63,63,4,0
CRB,5,20210304,164500,63.9,63.9,63.9,63.9,5,0
CRB,5,20210305,092500,61,61,61,61,50,0
CRB,5,20210305,093000,61,61,61,61,150,0
CRB,5,20210305,093500,61.1,61.1,61,61,120,0
CRB,5,20210305,094000,61,61,61,61,144,0
CRB,5,20210305,095000,61,61,61,61,50,0
CRB,5,20210305,101000,61.1,61.1,61,61,136,0
CRB,5,20210305,102000,63,63,63,63,25,0
CRB,5,20210305,103500,61,61,61,61,125,0
CRB,5,20210305,104000,62.4,62.4,62.4,62.4,15,0
CRB,5,20210305,104500,62.4,62.4,62.4,62.4,5,0
CRB,5,20210305,121500,61,61,61,61,275,0
CRB,5,20210305,122000,61,61,61,61,50,0
CRB,5,20210305,123000,61,61,61,61,15,0
CRB,5,20210305,130000,61,61,61,61,100,0
CRB,5,20210305,135500,61,61,61,61,40,0
CRB,5,20210305,141000,61,61,61,61,60,0
CRB,5,20210305,142500,61,61,61,61,157,0
CRB,5,20210305,143000,61,61,61,61,16,0
CRB,5,20210305,144500,61,61,61,61,98,0
CRB,5,20210305,145500,62,62,62,62,76,0
CRB,5,20210305,150000,61,61,61,61,102,0
CRB,5,20210305,151000,60.7,60.7,60.7,60.7,16,0
CRB,5,20210305,164000,60.6,60.6,60.5,60.5,280,0
CRB,5,20210308,090000,60.5,60.5,60.5,60.5,100,0
CRB,5,20210308,090500,60.5,60.5,60.4,60.4,200,0
CRB,5,20210308,091000,60.3,60.3,60.3,60.3,45,0
CRB,5,20210308,102000,60.3,60.3,60.1,60.1,142,0
CRB,5,20210308,102500,60.1,60.5,60.1,60.5,349,0
CRB,5,20210308,104500,60.5,60.5,60.5,60.5,16,0
CRB,5,20210308,105500,60.5,60.5,60.5,60.5,39,0
CRB,5,20210308,110500,60.5,61,60.5,61,98,0
CRB,5,20210308,112000,60.5,60.5,60.5,60.5,95,0
CRB,5,20210308,112500,60.5,60.5,60.5,60.5,30,0
CRB,5,20210308,113500,60.5,60.5,60.5,60.5,32,0
CRB,5,20210308,114000,60.5,60.5,60.5,60.5,53,0
CRB,5,20210308,115500,60.1,60.1,60.1,60.1,100,0
CRB,5,20210308,120000,60.1,60.1,60.1,60.1,156,0
CRB,5,20210308,120500,60,60,60,60,210,0
CRB,5,20210308,121000,60,60,60,60,45,0
CRB,5,20210308,123000,60.6,60.6,60.6,60.6,30,0
CRB,5,20210308,131500,60.5,60.5,60.5,60.5,100,0
CRB,5,20210308,132000,60.5,60.5,60.5,60.5,10,0
CRB,5,20210308,135500,61,61,61,61,5,0
CRB,5,20210308,141500,60.1,60.1,60.1,60.1,70,0
CRB,5,20210308,142000,60,60,60,60,55,0
CRB,5,20210308,142500,60,61,60,60,157,0
CRB,5,20210308,143000,61,61,60,60,128,0
CRB,5,20210308,143500,61,61.8,60,60,208,0
CRB,5,20210308,145500,60.2,60.2,59.9,59.9,569,0
CRB,5,20210308,150000,59.7,59.7,59.7,59.7,27,0
CRB,5,20210308,150500,59.7,59.7,59.7,59.7,50,0
CRB,5,20210308,160000,60,60,60,60,100,0
CRB,5,20210308,161000,59.7,60.7,59,60.7,125,0
CRB,5,20210308,161500,59,59,59,59,67,0
CRB,5,20210308,162500,59.1,59.1,59.1,59.1,50,0
CRB,5,20210308,164500,60.5,60.5,60.5,60.5,1,0
CRB,5,20210309,090000,59.9,59.9,59.9,59.9,50,0
CRB,5,20210309,090500,59.9,59.9,59.9,59.9,9,0
CRB,5,20210309,091000,59.9,59.9,59.9,59.9,100,0
CRB,5,20210309,094000,58.7,58.7,57.1,58,501,0
CRB,5,20210309,094500,59.4,59.5,59.4,59.5,185,0
CRB,5,20210309,095500,59,59,59,59,50,0
CRB,5,20210309,103500,59.9,59.9,59.9,59.9,50,0
CRB,5,20210309,110500,60,60,60,60,100,0
CRB,5,20210309,111000,60,60,60,60,10,0
CRB,5,20210309,111500,59.1,59.1,59.1,59.1,95,0
CRB,5,20210309,113500,59.2,59.2,59,59,200,0
CRB,5,20210309,114000,59.1,59.1,59,59,160,0
CRB,5,20210309,114500,60,60,60,60,80,0
CRB,5,20210309,120000,59.1,59.1,59,59,107,0
CRB,5,20210309,121500,59,59,59,59,52,0
CRB,5,20210309,122000,60,60,58.7,58.7,120,0
CRB,5,20210309,122500,58.8,58.8,58.8,58.8,15,0
CRB,5,20210309,135500,59,59,58.8,58.8,230,0
CRB,5,20210309,142500,58.9,58.9,58,58,1000,0
CRB,5,20210309,143000,58.1,58.1,58.1,58.1,15,0
CRB,5,20210309,144500,58.9,58.9,58.9,58.9,52,0
CRB,5,20210309,145000,58.9,58.9,58.9,58.9,136,0
CRB,5,20210309,155000,58.5,59,57.5,57.5,334,0
CRB,5,20210309,161500,60.2,60.2,60.2,60.2,19,0
CRB,5,20210309,163500,60.3,60.3,60.3,60.3,30,0
CRB,5,20210309,165500,58.2,58.2,58.2,58.2,5,0
CRB,5,20210310,090000,60.7,60.8,60.6,60.8,82,0
CRB,5,20210310,090500,58,58,58,58,11,0
CRB,5,20210310,103500,59,59,58,58,899,0
CRB,5,20210310,104000,58,58,58,58,1,0
CRB,5,20210310,105000,59,59,59,59,50,0
CRB,5,20210310,111500,60.4,60.4,58.2,58.2,22,0
CRB,5,20210310,114000,58.3,58.3,58.2,58.2,100,0
CRB,5,20210310,115500,58.3,58.3,58.3,58.3,2,0
CRB,5,20210310,120500,59,59,59,59,20,0
CRB,5,20210310,123000,59,59,59,59,13,0
CRB,5,20210310,132000,59,59,59,59,2,0
CRB,5,20210310,132500,59,59,59,59,15,0
CRB,5,20210310,133000,59,59,59,59,59,0
CRB,5,20210310,143500,60.4,60.4,60.4,60.4,37,0
CRB,5,20210310,144000,60.4,60.6,60.4,60.6,21,0
CRB,5,20210310,145500,60.6,61,60.6,61,63,0
CRB,5,20210310,151000,61,61,61,61,34,0
CRB,5,20210310,154500,61,61,61,61,75,0
CRB,5,20210310,155500,60,60,60,60,25,0
CRB,5,20210310,164500,60,60,60,60,75,0
CRB,5,20210311,100000,60,60,60,60,50,0
CRB,5,20210311,110000,60,60,60,60,75,0
CRB,5,20210311,120000,61,62,60.1,62,122,0
CRB,5,20210311,132000,61,61,60,60,24,0
CRB,5,20210311,155000,61,61,61,61,30,0
CRB,5,20210311,162500,61,61,61,61,2,0
CRB,5,20210312,103500,61.8,61.8,61.8,61.8,92,0
CRB,5,20210312,105000,61.9,61.9,61.8,61.8,216,0
CRB,5,20210312,120500,61.8,61.8,61.8,61.8,80,0
CRB,5,20210312,125500,61.8,61.8,61.8,61.8,17,0
CRB,5,20210312,133000,62,62,62,62,100,0
CRB,5,20210312,140000,62,63.6,61,61,269,0
CRB,5,20210312,143000,61,61,61,61,27,0
CRB,5,20210312,153500,61.1,61.1,61.1,61.1,60,0
CRB,5,20210312,162500,61.1,61.1,61.1,61.1,25,0
CRB,5,20210312,163500,61.1,61.1,61,61,48,0
CRB,5,20210315,090000,62,62,62,62,50,0
CRB,5,20210315,101000,63.4,63.8,63.4,63.8,20,0
CRB,5,20210315,102500,63.8,63.8,63.8,63.8,46,0
CRB,5,20210315,103000,63.9,63.9,63.9,63.9,4,0
CRB,5,20210315,110000,62,62,61.2,61.2,40,0
CRB,5,20210315,121000,61.5,61.5,61.5,61.5,50,0
CRB,5,20210315,125500,61.5,61.5,61,61,200,0
CRB,5,20210315,130500,62,62,62,62,50,0
CRB,5,20210315,132000,62,62,62,62,50,0
CRB,5,20210315,132500,62,62,62,62,1,0
CRB,5,20210315,133500,62,62,62,62,129,0
CRB,5,20210315,134500,62.2,62.2,62.2,62.2,50,0
CRB,5,20210315,163000,62.2,62.2,62.2,62.2,4,0
CRB,5,20210315,164500,61.2,61.2,61.2,61.2,25,0
CRB,5,20210316,090000,61,61,61,61,18,0
CRB,5,20210316,095000,63.2,63.2,63.2,63.2,1,0
CRB,5,20210316,113000,63.1,63.2,63.1,63.2,31,0
CRB,5,20210316,125000,62.5,62.5,60.1,60.1,220,0
CRB,5,20210316,131000,62,62,62,62,50,0
CRB,5,20210316,154500,61,61,61,61,1,0
CRB,5,20210316,155000,61,61,61,61,30,0
CRB,5,20210316,161500,61,61,61,61,19,0
CRB,5,20210316,162500,61,61,61,61,11,0
CRB,5,20210317,090000,61,61,61,61,25,0
CRB,5,20210317,092500,61.9,61.9,61.9,61.9,5,0
CRB,5,20210317,104000,61.7,61.7,61.7,61.7,49,0
CRB,5,20210317,113000,61.7,61.7,60.5,60.5,8,0
CRB,5,20210317,124000,61.8,62,61.8,62,100,0
CRB,5,20210317,132500,61.9,61.9,61.9,61.9,12,0
CRB,5,20210317,135500,61,61,61,61,100,0
CRB,5,20210317,140000,61.8,61.8,61.8,61.8,26,0
CRB,5,20210317,145000,61,61,60.5,60.5,471,0
CRB,5,20210317,145500,60.5,60.5,60.5,60.5,13,0
CRB,5,20210317,151000,60.5,60.5,60,60,242,0
CRB,5,20210317,153500,59.8,59.8,59.8,59.8,20,0
CRB,5,20210317,154000,59.8,59.8,59.8,59.8,30,0
CRB,5,20210317,155000,61.3,61.3,61.3,61.3,4,0
CRB,5,20210318,090000,61.3,61.3,61.3,61.3,5,0
CRB,5,20210318,091500,61,61,61,61,25,0
CRB,5,20210318,101500,60.9,60.9,60.9,60.9,10,0
CRB,5,20210318,112500,60.9,60.9,60.9,60.9,15,0
CRB,5,20210318,114000,60,60,60,60,45,0
CRB,5,20210318,134500,60,60,60,60,49,0
CRB,5,20210318,140500,61,61,61,61,131,0
CRB,5,20210318,141000,61,61,61,61,100,0
CRB,5,20210318,143000,60,60,60,60,55,0
CRB,5,20210318,144500,60,60,59.1,59.2,155,0
CRB,5,20210318,151500,60,60,60,60,50,0
CRB,5,20210318,154000,59.2,59.2,59.2,59.2,150,0
CRB,5,20210318,160000,59.5,59.5,59.5,59.5,140,0
CRB,5,20210318,160500,59.5,59.5,59.5,59.5,60,0
CRB,5,20210318,161000,59.5,59.5,59.5,59.5,150,0
CRB,5,20210318,161500,59.6,59.6,59.5,59.5,125,0
CRB,5,20210318,162500,59.8,59.8,59.8,59.8,30,0
CRB,5,20210318,163000,59.8,59.8,59.8,59.8,20,0
CRB,5,20210318,164000,59.8,59.8,59.8,59.8,80,0
CRB,5,20210318,164500,59.8,59.8,59.8,59.8,18,0
CRB,5,20210319,090000,59.1,59.1,59.1,59.1,11,0
CRB,5,20210319,093500,59.2,59.2,59.2,59.2,25,0
CRB,5,20210319,095000,59.2,59.2,59.2,59.2,1,0
CRB,5,20210319,095500,59.2,59.2,59.1,59.1,50,0
CRB,5,20210319,102500,59.1,59.1,58,58,444,0
CRB,5,20210319,110000,58.2,58.2,58.1,58.1,255,0
CRB,5,20210319,111500,58.1,58.1,58,58,285,0
CRB,5,20210319,112000,58,58,57.8,57.8,120,0
CRB,5,20210319,113500,59.9,59.9,59.9,59.9,9,0
CRB,5,20210319,114500,58,58,58,58,20,0
CRB,5,20210319,115000,58.1,58.1,58,58,59,0
CRB,5,20210319,121500,58,58,57.9,57.9,101,0
CRB,5,20210319,122000,59.8,59.8,59.8,59.8,10,0
CRB,5,20210319,123500,58,58,56.2,56.2,1056,0
CRB,5,20210319,124000,57,57.8,56.2,57.8,568,0
CRB,5,20210319,124500,56.8,56.8,56.8,56.8,8,0
CRB,5,20210319,125000,57.8,58,57.8,58,100,0
CRB,5,20210319,125500,58,58.8,57.4,58.8,100,0
CRB,5,20210319,132500,59,59,59,59,4,0
CRB,5,20210319,141500,57.4,57.4,57.4,57.4,105,0
CRB,5,20210319,142000,57.4,57.4,57.4,57.4,10,0
CRB,5,20210319,142500,58.8,58.8,58.8,58.8,22,0
CRB,5,20210319,145500,57.6,57.6,57.6,57.6,50,0
CRB,5,20210319,150500,58.5,58.5,58.5,58.5,21,0
CRB,5,20210319,153000,58.5,58.8,58.5,58.8,200,0
CRB,5,20210319,154000,57.5,57.5,57.5,57.5,40,0
CRB,5,20210319,155000,58,58,57.6,57.6,58,0
CRB,5,20210319,155500,57.7,57.7,57.7,57.7,50,0
CRB,5,20210319,161500,57.9,58,57.9,58,94,0
CRB,5,20210319,162500,58.5,58.6,58.5,58.6,100,0
CRB,5,20210319,164500,58.6,58.8,58.6,58.8,150,0
CRB,5,20210322,090000,58.8,58.8,58.8,58.8,25,0
CRB,5,20210322,090500,58.8,58.8,58.8,58.8,16,0
CRB,5,20210322,091000,58.8,58.8,58.8,58.8,50,0
CRB,5,20210322,092500,59.3,59.3,59.3,59.3,17,0
CRB,5,20210322,093000,59.3,59.3,59.3,59.3,10,0
CRB,5,20210322,094000,59,59,59,59,7,0
CRB,5,20210322,094500,59,59,59,59,17,0
CRB,5,20210322,101500,58.1,58.1,58.1,58.1,34,0
CRB,5,20210322,102000,59,59,59,59,3,0
CRB,5,20210322,105500,58,58,57.2,57.2,15,0
CRB,5,20210322,112000,57.4,57.4,57.4,57.4,35,0
CRB,5,20210322,122500,58.5,58.5,58.5,58.5,105,0
CRB,5,20210322,125000,59,59,59,59,1,0
CRB,5,20210322,133000,58.5,58.5,57,57,493,0
CRB,5,20210322,140000,58,58,58,58,20,0
CRB,5,20210322,140500,58,58,58,58,18,0
CRB,5,20210322,143500,57.1,57.1,57.1,57.1,7,0
CRB,5,20210322,144500,57.5,57.5,57.5,57.5,1,0
CRB,5,20210322,154500,57.5,57.5,57.2,57.2,28,0
CRB,5,20210322,160000,57.2,57.2,57.2,57.2,20,0
CRB,5,20210322,160500,57.9,57.9,57.9,57.9,10,0
CRB,5,20210322,161000,57.2,57.2,57.2,57.2,30,0
CRB,5,20210322,163000,57.2,57.2,57.1,57.1,40,0
CRB,5,20210322,164500,57.1,57.1,57.1,57.1,50,0
CRB,5,20210323,090500,56.8,57.5,56.8,56.8,610,0
CRB,5,20210323,091500,57.3,57.3,57.3,57.3,10,0
CRB,5,20210323,092000,57.3,57.8,57.3,57.8,150,0
CRB,5,20210323,092500,57.1,57.1,56.8,56.8,942,0
CRB,5,20210323,093000,56.8,56.8,56.7,56.7,220,0
CRB,5,20210323,093500,57,57,56.4,56.4,45,0
CRB,5,20210323,094000,56.8,56.8,56.4,56.4,62,0
CRB,5,20210323,094500,56.8,56.8,56.8,56.8,30,0
CRB,5,20210323,095000,56.4,56.4,56,56,2246,0
CRB,5,20210323,095500,56.1,56.1,55.2,55.5,534,0
CRB,5,20210323,100500,56.7,56.7,56.7,56.7,70,0
CRB,5,20210323,101000,56.8,56.8,56.8,56.8,177,0
CRB,5,20210323,101500,56.8,56.8,56.8,56.8,5,0
CRB,5,20210323,102000,56.8,56.8,56.8,56.8,33,0
CRB,5,20210323,105000,56.2,56.2,56.1,56.1,35,0
CRB,5,20210323,112500,56.3,56.3,56.2,56.2,165,0
CRB,5,20210323,113000,56.1,56.2,56.1,56.2,180,0
CRB,5,20210323,114000,56.1,56.2,56,56,323,0
CRB,5,20210323,121500,56.9,56.9,56.9,56.9,4,0
CRB,5,20210323,125000,56.8,56.8,56.8,56.8,35,0
CRB,5,20210323,130500,56.8,56.8,56.8,56.8,13,0
CRB,5,20210323,134000,56.7,56.7,56.7,56.7,16,0
CRB,5,20210323,142500,56.3,56.3,56.2,56.2,100,0
CRB,5,20210323,143500,56.2,56.2,56,56,500,0
CRB,5,20210323,144000,56.7,56.7,56.7,56.7,9,0
CRB,5,20210323,145000,56,56,56,56,40,0
CRB,5,20210323,153000,56.7,56.7,56.7,56.7,11,0
CRB,5,20210323,160500,56.1,56.1,56,56,135,0
CRB,5,20210323,161000,56,56,56,56,45,0
CRB,5,20210323,161500,56,56,56,56,70,0
CRB,5,20210323,162000,56,56.7,55.7,56.7,39,0
CRB,5,20210323,163000,56,56,56,56,100,0
CRB,5,20210323,163500,56.2,56.2,56,56,125,0
CRB,5,20210323,164000,56,56,56,56,50,0
CRB,5,20210323,165500,55.4,55.4,55.4,55.4,70,0
CRB,5,20210324,090000,56,56,55.4,55.4,81,0
CRB,5,20210324,090500,56,56,56,56,78,0
CRB,5,20210324,091500,56,56,56,56,21,0
CRB,5,20210324,092000,55.4,55.4,55.4,55.4,10,0
CRB,5,20210324,092500,56,56,56,56,17,0
CRB,5,20210324,094000,55.4,55.4,55.4,55.4,38,0
CRB,5,20210324,094500,55.3,55.3,55.3,55.3,16,0
CRB,5,20210324,095500,55.9,55.9,55.9,55.9,6,0
CRB,5,20210324,102000,55.9,56,55.9,56,36,0
CRB,5,20210324,102500,56.3,57,56.3,57,267,0
CRB,5,20210324,103000,57.8,58.6,57.8,58.6,30,0
CRB,5,20210324,104000,58.5,58.5,58.5,58.5,50,0
CRB,5,20210324,105500,58,58,58,58,75,0
CRB,5,20210324,110000,58,58,58,58,11,0
CRB,5,20210324,110500,58,58,58,58,14,0
CRB,5,20210324,112500,58.3,58.7,58,58,393,0
CRB,5,20210324,113000,58,58,57.1,57.1,10,0
CRB,5,20210324,113500,57.2,57.2,57.2,57.2,75,0
CRB,5,20210324,114500,57.2,57.2,57,57,200,0
CRB,5,20210324,115000,57,57,57,57,26,0
CRB,5,20210324,115500,59,59,59,59,50,0
CRB,5,20210324,120000,60.8,60.8,60.8,60.8,10,0
CRB,5,20210324,120500,60.8,61,60,61,518,0
CRB,5,20210324,121000,61,61,61,61,119,0
CRB,5,20210324,121500,61.4,61.4,61.4,61.4,18,0
CRB,5,20210324,122000,62,62,61,61,71,0
CRB,5,20210324,122500,62,62,62,62,141,0
CRB,5,20210324,124000,61.5,61.5,61.5,61.5,1,0
CRB,5,20210324,131000,60,60,57.6,57.6,55,0
CRB,5,20210324,133500,61,61,61,61,3,0
CRB,5,20210324,134000,61,61,61,61,2,0
CRB,5,20210324,134500,61,61,61,61,94,0
CRB,5,20210324,144000,58.3,58.3,58.3,58.3,44,0
CRB,5,20210324,144500,58.3,58.3,58.3,58.3,2,0
CRB,5,20210324,152500,60,60,60,60,50,0
CRB,5,20210324,165500,58.3,58.3,58.3,58.3,100,0
CRB,5,20210325,090000,61,61,61,61,105,0
CRB,5,20210325,090500,60.9,61,60.9,61,100,0
CRB,5,20210325,091000,62,62.7,62,62.7,565,0
CRB,5,20210325,091500,62.7,62.8,62.7,62.8,20,0
CRB,5,20210325,093500,62,62,62,62,40,0
CRB,5,20210325,094000,61,61,61,61,20,0
CRB,5,20210325,095500,61,61,61,61,21,0
CRB,5,20210325,100500,61,61,61,61,49,0
CRB,5,20210325,101000,61,61,61,61,5,0
CRB,5,20210325,103000,60.7,60.7,60.7,60.7,150,0
CRB,5,20210325,103500,62,62,62,62,22,0
CRB,5,20210325,104000,62,62,62,62,92,0
CRB,5,20210325,111500,62.6,62.8,62,62,76,0
CRB,5,20210325,112000,62.8,63,62.8,63,5,0
CRB,5,20210325,120000,63,63,63,63,8,0
CRB,5,20210325,123000,63,63,63,63,31,0
CRB,5,20210325,124000,63,63,63,63,8,0
CRB,5,20210325,130000,63,63,63,63,21,0
CRB,5,20210325,134000,63,63,62.4,62.4,25,0
CRB,5,20210325,134500,62.4,62.4,62.4,62.4,18,0
CRB,5,20210325,141500,62,62,62,62,63,0
CRB,5,20210325,145000,62,62,62,62,50,0
CRB,5,20210325,145500,62,62,62,62,50,0
CRB,5,20210325,153500,63,63,63,63,25,0
CRB,5,20210325,155500,62,62,62,62,50,0
CRB,5,20210326,090000,62.8,62.8,60.1,60.1,75,0
CRB,5,20210326,093500,60.6,60.6,60.3,60.3,106,0
CRB,5,20210326,094500,60.5,61.9,60.5,61.9,70,0
CRB,5,20210326,101500,61.8,61.8,61.8,61.8,5,0
CRB,5,20210326,104000,60.3,60.3,60.1,60.1,31,0
CRB,5,20210326,105500,60.1,60.1,60.1,60.1,25,0
CRB,5,20210326,110000,60.2,60.2,60,60,63,0
CRB,5,20210326,111000,60,60.9,60,60.9,399,0
CRB,5,20210326,120500,58.5,61,58.5,61,31,0
CRB,5,20210326,161500,60.9,61,60.9,61,60,0
CRB,5,20210326,162500,61,61,61,61,10,0
