<TICKER>,<PER>,<DATE>,<TIME>,<OPEN>,<HIGH>,<LOW>,<CLOSE>,<VOL>,<OPENINT>
CRC,5,20210204,092500,7.6,7.6,7.6,7.6,3,0
CRC,5,20210204,124000,7.6,7.6,7.6,7.6,50,0
CRC,5,20210205,093500,7.6,7.6,7.6,7.6,2,0
CRC,5,20210205,125000,7.45,7.45,7.45,7.45,67,0
CRC,5,20210208,091500,7.55,7.55,7.55,7.55,223,0
CRC,5,20210208,143000,7.5,7.5,7.5,7.5,20,0
CRC,5,20210208,163000,7.4,7.4,7.3,7.3,41,0
CRC,5,20210208,163500,7.25,7.25,7.25,7.25,25,0
CRC,5,20210208,164500,7,7,7,7,200,0
CRC,5,20210209,090000,7.15,7.15,7.15,7.15,35,0
CRC,5,20210209,094000,7.4,7.4,7.4,7.4,2,0
CRC,5,20210209,164500,7.35,7.35,7.35,7.35,53,0
CRC,5,20210210,093500,7.35,7.5,7.35,7.5,543,0
CRC,5,20210210,103500,7.6,7.7,7.6,7.7,11,0
CRC,5,20210210,110000,7.4,7.4,7.3,7.3,315,0
CRC,5,20210210,141500,7.3,7.3,7.3,7.3,308,0
CRC,5,20210210,153500,7.4,7.4,7.4,7.4,10,0
CRC,5,20210211,094000,7.3,7.3,7.3,7.3,1,0
CRC,5,20210211,104500,7.45,7.45,7.45,7.45,1,0
CRC,5,20210212,091000,7.45,7.45,7.45,7.45,2,0
CRC,5,20210212,141500,7.45,7.5,7.45,7.5,37,0
CRC,5,20210212,142000,7.5,7.5,7.5,7.5,95,0
CRC,5,20210212,154500,7.25,7.25,7.15,7.15,320,0
CRC,5,20210212,155000,7,7,6.9,6.9,140,0
CRC,5,20210212,164500,7.35,7.35,7.35,7.35,20,0
CRC,5,20210215,091000,7.1,7.15,7.1,7.15,230,0
CRC,5,20210215,094500,7.25,7.25,7.25,7.25,20,0
CRC,5,20210215,095000,7.4,7.4,7.4,7.4,2,0
CRC,5,20210215,162500,7.4,7.4,7.4,7.4,12,0
CRC,5,20210215,164000,7.35,7.45,7.35,7.45,28,0
CRC,5,20210215,164500,7.5,7.6,7.5,7.6,41,0
CRC,5,20210216,090000,7.3,7.3,7.3,7.3,280,0
CRC,5,20210216,093000,7.5,7.5,7.5,7.5,2,0
CRC,5,20210216,110500,7.25,7.25,7.25,7.25,200,0
CRC,5,20210216,123500,7.5,7.7,7.5,7.7,307,0
CRC,5,20210216,124000,7.8,7.8,7.5,7.8,182,0
CRC,5,20210216,134500,7.4,7.4,7.25,7.25,420,0
CRC,5,20210216,141000,7.4,7.4,7.4,7.4,20,0
CRC,5,20210217,090000,7.2,7.2,7.2,7.2,50,0
CRC,5,20210217,093000,7.45,7.45,7.45,7.45,5,0
CRC,5,20210217,144500,7.45,7.45,7.45,7.45,88,0
CRC,5,20210217,160000,7.45,7.45,7.45,7.45,60,0
CRC,5,20210217,161500,7.45,7.45,7.45,7.45,10,0
CRC,5,20210217,162000,7.55,7.55,7.55,7.55,2,0
CRC,5,20210218,093000,7.4,7.55,7.4,7.55,4,0
CRC,5,20210218,093500,7.55,7.55,7.35,7.55,66,0
CRC,5,20210218,094000,7.55,7.55,7.25,7.45,311,0
CRC,5,20210219,093500,7.45,7.45,7.45,7.45,2,0
CRC,5,20210219,101500,7.2,7.2,7,7,425,0
CRC,5,20210219,102000,6.95,7.2,6.95,7.2,72,0
CRC,5,20210219,102500,7.15,7.15,7.15,7.15,20,0
CRC,5,20210219,103000,7.3,7.3,7.3,7.3,2,0
CRC,5,20210219,105500,7.35,7.35,7.35,7.35,2,0
CRC,5,20210219,131500,7.3,7.3,7.3,7.3,14,0
CRC,5,20210219,151000,7.3,7.3,7.3,7.3,20,0
CRC,5,20210219,164500,7.3,7.3,7.3,7.3,1,0
CRC,5,20210222,092000,7.35,7.35,7.35,7.35,298,0
CRC,5,20210222,095000,7.3,7.4,7.3,7.4,160,0
CRC,5,20210222,164000,7.3,7.3,7.2,7.2,330,0
CRC,5,20210223,090000,7,7,7,7,300,0
CRC,5,20210223,102500,7.25,7.25,7.25,7.25,200,0
CRC,5,20210223,133500,7.25,7.25,7.25,7.25,97,0
CRC,5,20210224,135000,6.9,6.9,6.4,6.4,261,0
CRC,5,20210224,135500,6.9,6.9,6.9,6.9,20,0
CRC,5,20210224,140000,7,7,7,7,20,0
CRC,5,20210224,164000,7,7.1,7,7.1,40,0
CRC,5,20210224,164500,7.2,7.3,7.2,7.3,281,0
CRC,5,20210225,091500,7.25,7.25,7.25,7.25,2,0
CRC,5,20210225,094500,6.9,6.9,6.9,6.9,12,0
CRC,5,20210225,130500,6.9,6.9,6.7,6.7,48,0
CRC,5,20210225,135500,6.6,6.6,6.6,6.6,40,0
CRC,5,20210225,152000,7,7.2,7,7.2,22,0
CRC,5,20210225,164500,6.75,6.75,6.7,6.7,710,0
CRC,5,20210226,111500,7,7,7,7,100,0
CRC,5,20210226,120000,6.7,6.7,6.7,6.7,287,0
CRC,5,20210226,121000,7,7,7,7,68,0
CRC,5,20210226,124000,7,7,7,7,22,0
CRC,5,20210301,093000,7,7,7,7,2,0
CRC,5,20210301,115000,7,7,7,7,100,0
CRC,5,20210301,120500,7,7,7,7,220,0
CRC,5,20210301,164500,7,7,7,7,298,0
CRC,5,20210302,090500,6.8,6.8,6.8,6.8,120,0
CRC,5,20210302,093500,7.05,7.1,7.05,7.1,198,0
CRC,5,20210302,113500,7.1,7.1,7.1,7.1,193,0
CRC,5,20210302,153500,7.1,7.1,7.1,7.1,30,0
CRC,5,20210303,090000,7.15,7.15,7.15,7.15,2,0
CRC,5,20210303,094500,7.1,7.15,7.1,7.15,201,0
CRC,5,20210304,093000,7.15,7.15,7.15,7.15,2,0
CRC,5,20210304,164500,7.05,7.05,6.95,6.95,150,0
CRC,5,20210305,120500,7.15,7.15,7.15,7.15,20,0
CRC,5,20210305,124500,7.2,7.2,7.2,7.2,200,0
CRC,5,20210305,150000,7.3,7.3,7.3,7.3,17,0
CRC,5,20210305,161500,7.35,7.35,7.35,7.35,100,0
CRC,5,20210308,110500,7.3,7.35,7.3,7.35,100,0
CRC,5,20210308,112000,7.2,7.2,7.2,7.2,20,0
CRC,5,20210308,133000,7.15,7.15,7.15,7.15,50,0
CRC,5,20210308,134000,7.15,7.35,7.15,7.35,297,0
CRC,5,20210308,153500,7.35,7.35,7.35,7.35,109,0
CRC,5,20210308,161000,7.5,7.5,7.5,7.5,100,0
CRC,5,20210308,163000,7.6,7.7,7.6,7.7,120,0
CRC,5,20210308,163500,7.8,7.95,7.8,7.95,208,0
CRC,5,20210308,164000,8,8.05,7.75,7.75,442,0
CRC,5,20210308,164500,8.1,8.4,8.1,8.4,460,0
CRC,5,20210309,092500,8.25,8.4,8.25,8.4,265,0
CRC,5,20210309,093000,8.75,8.9,8.75,8.9,40,0
CRC,5,20210309,093500,9,9,9,9,20,0
CRC,5,20210309,103500,9,9,9,9,150,0
CRC,5,20210309,112000,8.8,8.8,8.8,8.8,15,0
CRC,5,20210309,115000,8.5,8.5,8.4,8.4,25,0
CRC,5,20210309,115500,8.2,8.2,8.05,8.05,125,0
CRC,5,20210309,121500,8.5,8.5,8.5,8.5,5,0
CRC,5,20210309,135500,8.6,8.6,8.6,8.6,20,0
CRC,5,20210309,141500,8.4,8.4,8.4,8.4,5,0
CRC,5,20210309,155500,8.05,8.05,8.05,8.05,100,0
CRC,5,20210310,090000,8.8,8.8,8.8,8.8,20,0
CRC,5,20210310,090500,8.95,9.25,8.95,9.25,15,0
CRC,5,20210310,092500,9.05,9.05,9.05,9.05,12,0
CRC,5,20210310,094500,8.75,9,8.5,8.5,262,0
CRC,5,20210310,095000,8.4,8.4,8.25,8.25,285,0
CRC,5,20210310,134000,8.3,8.4,8.3,8.4,40,0
CRC,5,20210310,135500,8.5,8.6,8.25,8.25,87,0
CRC,5,20210310,141000,8.3,8.3,8.3,8.3,20,0
CRC,5,20210310,142000,8.2,8.2,8.15,8.15,440,0
CRC,5,20210310,145500,8.1,8.1,8.05,8.05,265,0
CRC,5,20210310,162000,8,8,8,8,20,0
CRC,5,20210310,162500,8,8,8,8,80,0
CRC,5,20210311,093000,8.15,8.15,8.15,8.15,50,0
CRC,5,20210311,110000,8.2,8.2,8.2,8.2,200,0
CRC,5,20210311,110500,7.95,7.95,7.95,7.95,30,0
CRC,5,20210311,122000,7.95,7.95,7.95,7.95,20,0
CRC,5,20210311,133500,7.9,7.9,7.9,7.9,20,0
CRC,5,20210311,164500,7.9,8.15,7.9,8.15,223,0
CRC,5,20210312,094000,8.2,8.2,8.2,8.2,100,0
CRC,5,20210312,103000,8.25,8.25,8.25,8.25,327,0
CRC,5,20210312,111000,8.25,8.25,8.25,8.25,218,0
CRC,5,20210312,111500,8.25,8.25,8.25,8.25,47,0
CRC,5,20210312,124000,8.3,8.3,8.3,8.3,20,0
CRC,5,20210312,125500,8.45,8.45,8.45,8.45,20,0
CRC,5,20210312,132000,8.55,8.6,8.55,8.6,220,0
CRC,5,20210312,134000,8.5,8.5,8.5,8.5,20,0
CRC,5,20210312,142000,8.4,8.4,8.4,8.4,300,0
CRC,5,20210312,161000,8.4,8.4,8.3,8.3,385,0
CRC,5,20210312,163500,8.3,8.3,8.3,8.3,400,0
CRC,5,20210312,164000,8.4,8.4,8.4,8.4,20,0
CRC,5,20210315,091500,8.55,8.55,8.55,8.55,20,0
CRC,5,20210315,092000,8.65,8.7,8.65,8.7,40,0
CRC,5,20210315,092500,8.85,9,8.85,9,368,0
CRC,5,20210315,093000,9.05,9.25,9.05,9.25,229,0
CRC,5,20210315,094000,9.3,9.4,9.3,9.4,245,0
CRC,5,20210315,094500,9.4,9.4,9.4,9.4,60,0
CRC,5,20210315,095500,9.5,9.5,9.5,9.5,105,0
CRC,5,20210315,100000,9.5,9.5,9.5,9.5,64,0
CRC,5,20210315,103000,9.7,9.7,9.7,9.7,160,0
CRC,5,20210315,105000,9.7,9.7,9.7,9.7,40,0
CRC,5,20210315,105500,9.7,9.7,9.7,9.7,500,0
CRC,5,20210315,111000,9.7,9.7,9.7,9.7,140,0
CRC,5,20210315,114000,9.5,9.5,9.5,9.5,105,0
CRC,5,20210315,123000,9,9,9,9,20,0
CRC,5,20210315,131000,8.7,8.7,8.7,8.7,20,0
CRC,5,20210315,161000,9.2,9.2,9.2,9.2,50,0
CRC,5,20210315,162000,9.2,9.2,9.2,9.2,58,0
CRC,5,20210316,093000,8.8,8.8,8.8,8.8,230,0
CRC,5,20210316,094000,8.6,8.6,8.05,8.05,660,0
CRC,5,20210316,102000,8.7,8.7,8.7,8.7,20,0
CRC,5,20210316,102500,8.25,8.25,8.25,8.25,20,0
CRC,5,20210316,103500,8.1,8.1,8.05,8.05,300,0
CRC,5,20210316,104000,8.05,8.05,8.05,8.05,155,0
CRC,5,20210316,104500,8.05,8.05,8,8,165,0
CRC,5,20210316,132000,8.5,8.7,8.5,8.7,85,0
CRC,5,20210316,152500,8.6,8.7,8.6,8.7,460,0
CRC,5,20210317,091000,8.7,8.7,8.7,8.7,2,0
CRC,5,20210317,092500,8.5,8.5,8.3,8.3,50,0
CRC,5,20210317,094000,8.5,8.5,8.5,8.5,20,0
CRC,5,20210317,120000,8.3,8.3,8.25,8.25,100,0
CRC,5,20210317,121500,8.4,8.4,8.4,8.4,72,0
CRC,5,20210317,140000,8,8,8,8,15,0
CRC,5,20210317,142500,7.95,7.95,7.75,7.75,290,0
CRC,5,20210317,143000,7.85,7.85,7.85,7.85,260,0
CRC,5,20210317,144500,7.6,8.05,7.55,8.05,220,0
CRC,5,20210317,154500,8.2,8.2,8.2,8.2,50,0
CRC,5,20210317,162000,8.2,8.2,8.2,8.2,20,0
CRC,5,20210317,164000,8.35,8.35,8.35,8.35,20,0
CRC,5,20210317,165500,8.5,8.5,8.5,8.5,10,0
CRC,5,20210318,093000,8.5,8.5,8.5,8.5,2,0
CRC,5,20210318,162500,8.3,8.3,8.3,8.3,20,0
CRC,5,20210319,101500,8.3,8.3,8.3,8.3,20,0
CRC,5,20210319,121500,8.3,8.3,8.3,8.3,146,0
CRC,5,20210319,123000,8.2,8.2,8.2,8.2,20,0
CRC,5,20210319,142000,8.1,8.1,8.1,8.1,1,0
CRC,5,20210319,160000,8.4,8.4,8.4,8.4,10,0
CRC,5,20210322,092000,8.15,8.15,8.15,8.15,200,0
CRC,5,20210322,093500,8.4,8.4,8.4,8.4,10,0
CRC,5,20210322,101500,8.15,8.15,8.15,8.15,200,0
CRC,5,20210322,103000,8.35,8.35,8.35,8.35,20,0
CRC,5,20210322,114000,8.35,8.4,8.35,8.4,100,0
CRC,5,20210322,123000,8.4,8.4,8.4,8.4,150,0
CRC,5,20210322,132500,8.2,8.2,8,8,339,0
CRC,5,20210322,134000,8.2,8.2,8.2,8.2,20,0
CRC,5,20210322,134500,8.25,8.25,8.25,8.25,145,0
CRC,5,20210322,135500,8,8,7.9,7.9,349,0
CRC,5,20210322,140000,7.9,7.95,7.9,7.95,20,0
CRC,5,20210322,141000,8.2,8.2,8.2,8.2,10,0
CRC,5,20210322,164500,8.2,8.2,8.2,8.2,20,0
CRC,5,20210323,091000,8.3,8.4,8.3,8.4,160,0
CRC,5,20210323,095000,8.3,8.3,8.3,8.3,130,0
CRC,5,20210323,100000,8.4,8.5,8.4,8.5,85,0
CRC,5,20210323,101000,8.3,8.3,8.25,8.25,120,0
CRC,5,20210323,102000,8.2,8.2,8.2,8.2,100,0
CRC,5,20210323,112000,8.25,8.25,8.2,8.2,400,0
CRC,5,20210323,112500,8.2,8.2,8.2,8.2,183,0
CRC,5,20210323,115500,8.15,8.15,8,8,290,0
CRC,5,20210323,120500,7.8,7.8,7.55,7.55,401,0
CRC,5,20210323,123000,7.7,7.7,7.4,7.4,202,0
CRC,5,20210323,123500,7.7,7.7,7.2,7.2,444,0
CRC,5,20210323,124500,7.95,7.95,7.95,7.95,10,0
CRC,5,20210323,130500,7.8,7.8,7.8,7.8,75,0
CRC,5,20210323,131500,7.3,7.3,7.15,7.15,500,0
CRC,5,20210323,132500,7.9,7.9,7.9,7.9,10,0
CRC,5,20210323,133500,7.3,7.3,7.3,7.3,200,0
CRC,5,20210323,141500,7.9,7.9,7.9,7.9,10,0
CRC,5,20210323,150500,7.45,7.45,7.4,7.4,500,0
CRC,5,20210323,152000,7.85,7.85,7.85,7.85,20,0
CRC,5,20210324,094500,7.85,7.85,7.85,7.85,2,0
CRC,5,20210324,162500,7.55,7.55,7.5,7.5,24,0
CRC,5,20210326,090000,7.5,7.5,7.4,7.4,85,0
CRC,5,20210326,112000,7.65,7.75,7.65,7.75,100,0
