<TICKER>,<PER>,<DATE>,<TIME>,<OPEN>,<HIGH>,<LOW>,<CLOSE>,<VOL>,<OPENINT>
CRJ,5,20210204,090000,1095,1095,1085,1090,39,0
CRJ,5,20210204,090500,1090,1090,1090,1090,2,0
CRJ,5,20210204,091500,1080,1080,1065,1070,109,0
CRJ,5,20210204,092000,1075,1075,1065,1070,15,0
CRJ,5,20210204,092500,1070,1070,1065,1065,7,0
CRJ,5,20210204,093000,1070,1075,1070,1075,25,0
CRJ,5,20210204,093500,1075,1080,1075,1080,16,0
CRJ,5,20210204,094000,1080,1080,1080,1080,13,0
CRJ,5,20210204,094500,1075,1075,1050,1060,157,0
CRJ,5,20210204,095000,1070,1070,1070,1070,5,0
CRJ,5,20210204,095500,1065,1065,1065,1065,17,0
CRJ,5,20210204,101000,1060,1070,1060,1070,6,0
CRJ,5,20210204,101500,1070,1070,1070,1070,8,0
CRJ,5,20210204,104000,1075,1075,1075,1075,5,0
CRJ,5,20210204,110000,1070,1070,1070,1070,8,0
CRJ,5,20210204,110500,1070,1075,1065,1075,14,0
CRJ,5,20210204,111500,1075,1075,1075,1075,3,0
CRJ,5,20210204,113000,1075,1075,1075,1075,1,0
CRJ,5,20210204,114000,1075,1075,1075,1075,6,0
CRJ,5,20210204,120000,1070,1070,1070,1070,38,0
CRJ,5,20210204,120500,1075,1075,1075,1075,1,0
CRJ,5,20210204,122000,1070,1070,1070,1070,3,0
CRJ,5,20210204,125000,1070,1070,1070,1070,4,0
CRJ,5,20210204,125500,1070,1070,1070,1070,1,0
CRJ,5,20210204,130000,1070,1070,1070,1070,10,0
CRJ,5,20210204,130500,1075,1075,1075,1075,1,0
CRJ,5,20210204,131000,1075,1075,1075,1075,20,0
CRJ,5,20210204,131500,1075,1075,1075,1075,3,0
CRJ,5,20210204,132500,1075,1075,1075,1075,5,0
CRJ,5,20210204,133000,1070,1070,1070,1070,1,0
CRJ,5,20210204,133500,1075,1075,1075,1075,4,0
CRJ,5,20210204,134000,1070,1075,1070,1075,9,0
CRJ,5,20210204,134500,1075,1075,1075,1075,66,0
CRJ,5,20210204,135000,1075,1075,1070,1070,29,0
CRJ,5,20210204,135500,1065,1065,1060,1060,65,0
CRJ,5,20210204,140000,1060,1065,1055,1060,60,0
CRJ,5,20210204,140500,1065,1065,1050,1065,115,0
CRJ,5,20210204,141000,1055,1065,1050,1065,67,0
CRJ,5,20210204,141500,1065,1065,1050,1060,118,0
CRJ,5,20210204,142000,1055,1060,1035,1040,197,0
CRJ,5,20210204,142500,1050,1050,1050,1050,3,0
CRJ,5,20210204,143000,1050,1070,1050,1060,57,0
CRJ,5,20210204,144000,1060,1060,1060,1060,4,0
CRJ,5,20210204,144500,1065,1065,1065,1065,1,0
CRJ,5,20210204,145500,1060,1065,1060,1065,5,0
CRJ,5,20210204,150000,1065,1065,1065,1065,5,0
CRJ,5,20210204,152000,1065,1070,1065,1070,15,0
CRJ,5,20210204,153500,1060,1060,1060,1060,3,0
CRJ,5,20210204,154000,1055,1055,1055,1055,37,0
CRJ,5,20210204,154500,1065,1065,1065,1065,1,0
CRJ,5,20210204,155000,1055,1055,1055,1055,3,0
CRJ,5,20210204,155500,1055,1055,1050,1050,13,0
CRJ,5,20210204,160000,1050,1060,1050,1060,2,0
CRJ,5,20210204,160500,1050,1050,1050,1050,9,0
CRJ,5,20210204,161000,1045,1045,1040,1040,44,0
CRJ,5,20210204,161500,1050,1050,1050,1050,22,0
CRJ,5,20210204,162000,1045,1045,1045,1045,2,0
CRJ,5,20210204,162500,1040,1050,1040,1050,40,0
CRJ,5,20210204,163000,1050,1050,1045,1050,40,0
CRJ,5,20210204,163500,1055,1055,1050,1050,44,0
CRJ,5,20210204,164000,1055,1055,1050,1055,10,0
CRJ,5,20210204,164500,1060,1060,1045,1045,61,0
CRJ,5,20210205,090000,1045,1065,1045,1060,50,0
CRJ,5,20210205,090500,1060,1065,1060,1065,30,0
CRJ,5,20210205,091000,1065,1070,1065,1070,24,0
CRJ,5,20210205,091500,1070,1090,1070,1080,54,0
CRJ,5,20210205,092000,1080,1080,1070,1070,16,0
CRJ,5,20210205,092500,1070,1070,1070,1070,1,0
CRJ,5,20210205,093000,1065,1070,1065,1070,5,0
CRJ,5,20210205,093500,1070,1070,1070,1070,41,0
CRJ,5,20210205,094000,1070,1070,1070,1070,15,0
CRJ,5,20210205,094500,1070,1070,1070,1070,46,0
CRJ,5,20210205,095000,1070,1070,1070,1070,3,0
CRJ,5,20210205,095500,1070,1070,1070,1070,3,0
CRJ,5,20210205,100000,1070,1070,1070,1070,27,0
CRJ,5,20210205,100500,1070,1070,1070,1070,18,0
CRJ,5,20210205,101000,1070,1070,1070,1070,2,0
CRJ,5,20210205,102000,1070,1070,1070,1070,2,0
CRJ,5,20210205,102500,1065,1070,1065,1070,2,0
CRJ,5,20210205,104000,1070,1070,1070,1070,1,0
CRJ,5,20210205,104500,1070,1070,1070,1070,1,0
CRJ,5,20210205,105000,1070,1070,1070,1070,13,0
CRJ,5,20210205,105500,1070,1070,1070,1070,2,0
CRJ,5,20210205,110000,1070,1075,1070,1070,12,0
CRJ,5,20210205,110500,1075,1075,1070,1070,9,0
CRJ,5,20210205,111000,1065,1075,1065,1075,6,0
CRJ,5,20210205,111500,1075,1075,1070,1070,38,0
CRJ,5,20210205,112000,1075,1075,1075,1075,175,0
CRJ,5,20210205,112500,1080,1080,1070,1070,10,0
CRJ,5,20210205,113000,1080,1080,1080,1080,1,0
CRJ,5,20210205,113500,1075,1075,1075,1075,2,0
CRJ,5,20210205,114000,1075,1075,1075,1075,2,0
CRJ,5,20210205,115000,1075,1080,1075,1080,2,0
CRJ,5,20210205,115500,1070,1070,1070,1070,1,0
CRJ,5,20210205,120000,1070,1080,1070,1080,33,0
CRJ,5,20210205,120500,1080,1080,1080,1080,5,0
CRJ,5,20210205,121000,1075,1080,1075,1080,11,0
CRJ,5,20210205,123000,1075,1075,1075,1075,15,0
CRJ,5,20210205,124000,1080,1080,1080,1080,1,0
CRJ,5,20210205,125500,1070,1070,1070,1070,25,0
CRJ,5,20210205,130000,1070,1070,1070,1070,5,0
CRJ,5,20210205,130500,1070,1070,1070,1070,15,0
CRJ,5,20210205,131000,1065,1065,1060,1060,50,0
CRJ,5,20210205,131500,1070,1070,1060,1060,74,0
CRJ,5,20210205,132000,1060,1060,1060,1060,17,0
CRJ,5,20210205,132500,1070,1070,1055,1055,2,0
CRJ,5,20210205,133500,1070,1070,1070,1070,1,0
CRJ,5,20210205,134500,1060,1060,1060,1060,1,0
CRJ,5,20210205,135500,1070,1070,1070,1070,7,0
CRJ,5,20210205,141000,1070,1070,1070,1070,4,0
CRJ,5,20210205,145500,1070,1070,1060,1060,10,0
CRJ,5,20210205,150000,1070,1070,1070,1070,16,0
CRJ,5,20210205,150500,1070,1075,1070,1075,5,0
CRJ,5,20210205,151000,1075,1075,1075,1075,3,0
CRJ,5,20210205,153500,1075,1075,1075,1075,1,0
CRJ,5,20210205,154000,1070,1075,1065,1065,8,0
CRJ,5,20210205,154500,1065,1065,1065,1065,13,0
CRJ,5,20210205,155000,1075,1075,1065,1065,7,0
CRJ,5,20210205,155500,1070,1070,1070,1070,1,0
CRJ,5,20210205,160000,1070,1070,1070,1070,5,0
CRJ,5,20210205,162000,1070,1070,1055,1055,26,0
CRJ,5,20210205,162500,1055,1060,1055,1060,6,0
CRJ,5,20210205,163000,1055,1065,1050,1065,15,0
CRJ,5,20210205,163500,1055,1065,1055,1065,7,0
CRJ,5,20210205,164000,1060,1060,1060,1060,6,0
CRJ,5,20210205,164500,1055,1060,1055,1060,41,0
CRJ,5,20210208,090000,1055,1060,1055,1060,39,0
CRJ,5,20210208,090500,1070,1080,1070,1080,9,0
CRJ,5,20210208,091000,1070,1070,1060,1060,25,0
CRJ,5,20210208,091500,1060,1070,1060,1070,3,0
CRJ,5,20210208,092000,1060,1060,1060,1060,3,0
CRJ,5,20210208,092500,1070,1090,1070,1090,35,0
CRJ,5,20210208,093000,1090,1090,1085,1085,29,0
CRJ,5,20210208,094000,1070,1070,1055,1070,118,0
CRJ,5,20210208,094500,1055,1070,1050,1065,24,0
CRJ,5,20210208,095000,1065,1070,1065,1070,3,0
CRJ,5,20210208,095500,1070,1070,1070,1070,13,0
CRJ,5,20210208,100500,1070,1070,1070,1070,5,0
CRJ,5,20210208,102000,1065,1070,1065,1070,46,0
CRJ,5,20210208,102500,1070,1070,1070,1070,1,0
CRJ,5,20210208,103500,1070,1075,1070,1075,2,0
CRJ,5,20210208,104500,1065,1075,1065,1075,2,0
CRJ,5,20210208,110000,1065,1075,1065,1075,12,0
CRJ,5,20210208,110500,1075,1075,1075,1075,10,0
CRJ,5,20210208,115000,1075,1075,1075,1075,2,0
CRJ,5,20210208,120500,1070,1070,1070,1070,11,0
CRJ,5,20210208,122000,1070,1070,1070,1070,1,0
CRJ,5,20210208,122500,1065,1070,1060,1070,21,0
CRJ,5,20210208,123500,1060,1060,1060,1060,9,0
CRJ,5,20210208,124500,1060,1060,1060,1060,16,0
CRJ,5,20210208,125000,1060,1070,1060,1070,2,0
CRJ,5,20210208,125500,1065,1065,1065,1065,6,0
CRJ,5,20210208,130500,1060,1065,1055,1065,104,0
CRJ,5,20210208,131000,1065,1065,1065,1065,2,0
CRJ,5,20210208,131500,1055,1065,1055,1065,2,0
CRJ,5,20210208,133500,1065,1065,1065,1065,3,0
CRJ,5,20210208,134500,1055,1055,1055,1055,6,0
CRJ,5,20210208,140000,1060,1065,1060,1065,2,0
CRJ,5,20210208,140500,1065,1065,1065,1065,10,0
CRJ,5,20210208,141000,1070,1070,1070,1070,1,0
CRJ,5,20210208,141500,1060,1060,1055,1055,2,0
CRJ,5,20210208,143000,1060,1060,1060,1060,1,0
CRJ,5,20210208,145000,1060,1060,1060,1060,2,0
CRJ,5,20210208,150000,1055,1055,1055,1055,78,0
CRJ,5,20210208,150500,1055,1055,1055,1055,27,0
CRJ,5,20210208,151000,1055,1055,1050,1050,93,0
CRJ,5,20210208,151500,1050,1050,1035,1035,153,0
CRJ,5,20210208,152000,1040,1045,1040,1045,13,0
CRJ,5,20210208,152500,1040,1040,1040,1040,14,0
CRJ,5,20210208,153000,1040,1040,1040,1040,3,0
CRJ,5,20210208,154500,1045,1045,1045,1045,6,0
CRJ,5,20210208,155000,1040,1045,1040,1045,31,0
CRJ,5,20210208,155500,1045,1045,1045,1045,1,0
CRJ,5,20210208,160500,1045,1045,1045,1045,1,0
CRJ,5,20210208,161000,1045,1050,1045,1050,2,0
CRJ,5,20210208,161500,1050,1050,1050,1050,21,0
CRJ,5,20210208,162000,1050,1050,1035,1035,37,0
CRJ,5,20210208,162500,1035,1045,1035,1045,7,0
CRJ,5,20210208,163000,1040,1040,1035,1035,30,0
CRJ,5,20210208,163500,1040,1045,1035,1045,37,0
CRJ,5,20210208,164000,1050,1050,1045,1045,3,0
CRJ,5,20210208,164500,1040,1050,1040,1050,7,0
CRJ,5,20210209,090000,1050,1055,1035,1040,44,0
CRJ,5,20210209,090500,1040,1040,1020,1035,167,0
CRJ,5,20210209,091000,1025,1030,1015,1020,120,0
CRJ,5,20210209,091500,1020,1030,1015,1020,135,0
CRJ,5,20210209,092000,1025,1025,1015,1020,45,0
CRJ,5,20210209,092500,1020,1020,1015,1020,15,0
CRJ,5,20210209,093000,1020,1025,1020,1025,11,0
CRJ,5,20210209,093500,1030,1030,1020,1030,3,0
CRJ,5,20210209,094000,1020,1020,1020,1020,24,0
CRJ,5,20210209,094500,1020,1020,1005,1015,163,0
CRJ,5,20210209,095000,1020,1020,1020,1020,6,0
CRJ,5,20210209,095500,1015,1015,1015,1015,11,0
CRJ,5,20210209,100000,1015,1020,1015,1020,15,0
CRJ,5,20210209,101000,1020,1020,1020,1020,1,0
CRJ,5,20210209,101500,1020,1020,1015,1015,3,0
CRJ,5,20210209,102000,1015,1020,1015,1020,39,0
CRJ,5,20210209,103000,1020,1025,1020,1025,31,0
CRJ,5,20210209,103500,1020,1030,1020,1030,13,0
CRJ,5,20210209,104000,1030,1030,1030,1030,13,0
CRJ,5,20210209,104500,1030,1035,1030,1035,14,0
CRJ,5,20210209,105500,1035,1035,1030,1030,32,0
CRJ,5,20210209,110000,1025,1035,1025,1035,10,0
CRJ,5,20210209,110500,1025,1035,1025,1035,20,0
CRJ,5,20210209,111000,1025,1025,1025,1025,20,0
CRJ,5,20210209,111500,1035,1040,1035,1040,4,0
CRJ,5,20210209,113500,1025,1025,1025,1025,30,0
CRJ,5,20210209,114000,1030,1030,1030,1030,10,0
CRJ,5,20210209,114500,1035,1035,1030,1030,11,0
CRJ,5,20210209,115000,1030,1030,1030,1030,10,0
CRJ,5,20210209,115500,1030,1030,1030,1030,1,0
CRJ,5,20210209,121000,1030,1035,1030,1035,20,0
CRJ,5,20210209,121500,1030,1030,1030,1030,31,0
CRJ,5,20210209,122500,1035,1035,1030,1030,65,0
CRJ,5,20210209,123000,1030,1030,1030,1030,23,0
CRJ,5,20210209,124000,1030,1035,1030,1035,4,0
CRJ,5,20210209,124500,1030,1030,1030,1030,20,0
CRJ,5,20210209,125000,1035,1035,1035,1035,6,0
CRJ,5,20210209,125500,1035,1035,1035,1035,2,0
CRJ,5,20210209,130000,1030,1040,1030,1040,16,0
CRJ,5,20210209,131000,1030,1030,1030,1030,75,0
CRJ,5,20210209,131500,1030,1030,1030,1030,15,0
CRJ,5,20210209,132000,1035,1040,1035,1035,7,0
CRJ,5,20210209,132500,1040,1040,1040,1040,20,0
CRJ,5,20210209,133000,1035,1035,1035,1035,15,0
CRJ,5,20210209,134000,1035,1045,1035,1045,30,0
CRJ,5,20210209,134500,1030,1040,1030,1040,18,0
CRJ,5,20210209,135500,1030,1030,1030,1030,4,0
CRJ,5,20210209,140000,1030,1040,1025,1040,11,0
CRJ,5,20210209,142500,1040,1040,1020,1040,55,0
CRJ,5,20210209,144500,1025,1040,1020,1040,16,0
CRJ,5,20210209,150000,1025,1030,1020,1030,22,0
CRJ,5,20210209,151500,1020,1030,1020,1030,17,0
CRJ,5,20210209,152500,1020,1020,1015,1015,15,0
CRJ,5,20210209,153000,1020,1030,1020,1030,4,0
CRJ,5,20210209,154000,1020,1020,1020,1020,1,0
CRJ,5,20210209,154500,1020,1020,1015,1020,29,0
CRJ,5,20210209,155500,1025,1030,1025,1030,2,0
CRJ,5,20210209,160000,1025,1025,1015,1015,27,0
CRJ,5,20210209,160500,1030,1030,1030,1030,1,0
CRJ,5,20210209,161000,1030,1035,1030,1035,3,0
CRJ,5,20210209,161500,1020,1030,1015,1015,25,0
CRJ,5,20210209,162000,1025,1030,1015,1030,6,0
CRJ,5,20210209,162500,1030,1040,1020,1020,21,0
CRJ,5,20210209,163000,1030,1030,1030,1030,10,0
CRJ,5,20210209,163500,1020,1030,1020,1030,3,0
CRJ,5,20210209,164000,1020,1020,1020,1020,26,0
CRJ,5,20210209,164500,1030,1035,1030,1035,19,0
CRJ,5,20210210,090000,1020,1020,1005,1005,202,0
CRJ,5,20210210,090500,1010,1020,1000,1010,369,0
CRJ,5,20210210,091000,1005,1005,976,1005,335,0
CRJ,5,20210210,091500,1015,1020,1000,1015,97,0
CRJ,5,20210210,092000,1015,1015,1000,1000,248,0
CRJ,5,20210210,092500,1005,1020,1000,1015,101,0
CRJ,5,20210210,093000,1020,1020,1015,1015,2,0
CRJ,5,20210210,094000,1020,1025,1020,1025,81,0
CRJ,5,20210210,094500,1030,1030,1020,1020,8,0
CRJ,5,20210210,095500,1025,1025,1020,1025,21,0
CRJ,5,20210210,100000,1025,1030,1025,1030,4,0
CRJ,5,20210210,100500,1030,1040,1030,1040,326,0
CRJ,5,20210210,101000,1040,1040,1040,1040,37,0
CRJ,5,20210210,101500,1040,1040,1030,1040,117,0
CRJ,5,20210210,102000,1040,1045,1035,1045,55,0
CRJ,5,20210210,102500,1045,1050,1040,1050,158,0
CRJ,5,20210210,103000,1050,1060,1050,1060,61,0
CRJ,5,20210210,103500,1060,1075,1060,1075,118,0
CRJ,5,20210210,104000,1075,1075,1065,1070,84,0
CRJ,5,20210210,104500,1070,1070,1070,1070,20,0
CRJ,5,20210210,105000,1070,1075,1070,1075,45,0
CRJ,5,20210210,105500,1075,1075,1075,1075,64,0
CRJ,5,20210210,110000,1075,1075,1075,1075,12,0
CRJ,5,20210210,110500,1075,1080,1075,1080,30,0
CRJ,5,20210210,111000,1070,1070,1065,1065,55,0
CRJ,5,20210210,111500,1060,1065,1060,1065,97,0
CRJ,5,20210210,112000,1065,1065,1065,1065,5,0
CRJ,5,20210210,112500,1065,1065,1055,1055,9,0
CRJ,5,20210210,113000,1055,1060,1055,1060,4,0
CRJ,5,20210210,113500,1060,1065,1060,1065,2,0
CRJ,5,20210210,114000,1060,1060,1060,1060,3,0
CRJ,5,20210210,114500,1060,1060,1060,1060,20,0
CRJ,5,20210210,115000,1060,1060,1060,1060,5,0
CRJ,5,20210210,115500,1065,1065,1060,1065,94,0
CRJ,5,20210210,120000,1065,1065,1065,1065,6,0
CRJ,5,20210210,120500,1060,1060,1060,1060,34,0
CRJ,5,20210210,121000,1060,1060,1055,1055,21,0
CRJ,5,20210210,121500,1060,1060,1060,1060,3,0
CRJ,5,20210210,122500,1060,1060,1060,1060,21,0
CRJ,5,20210210,123000,1065,1065,1065,1065,1,0
CRJ,5,20210210,123500,1060,1060,1060,1060,10,0
CRJ,5,20210210,125000,1060,1060,1060,1060,5,0
CRJ,5,20210210,125500,1065,1065,1065,1065,44,0
CRJ,5,20210210,130500,1070,1070,1060,1060,24,0
CRJ,5,20210210,131000,1060,1070,1060,1070,3,0
CRJ,5,20210210,131500,1070,1070,1070,1070,5,0
CRJ,5,20210210,132000,1070,1070,1070,1070,3,0
CRJ,5,20210210,133000,1070,1070,1070,1070,2,0
CRJ,5,20210210,134000,1070,1070,1070,1070,5,0
CRJ,5,20210210,135500,1070,1070,1070,1070,17,0
CRJ,5,20210210,140000,1070,1070,1070,1070,4,0
CRJ,5,20210210,140500,1070,1070,1070,1070,3,0
CRJ,5,20210210,142000,1060,1060,1060,1060,2,0
CRJ,5,20210210,142500,1070,1070,1070,1070,2,0
CRJ,5,20210210,145000,1065,1065,1065,1065,10,0
CRJ,5,20210210,150000,1060,1060,1060,1060,5,0
CRJ,5,20210210,150500,1065,1065,1065,1065,1,0
CRJ,5,20210210,151500,1065,1065,1065,1065,9,0
CRJ,5,20210210,152500,1065,1065,1060,1060,12,0
CRJ,5,20210210,153000,1060,1060,1060,1060,12,0
CRJ,5,20210210,153500,1060,1060,1060,1060,2,0
CRJ,5,20210210,155000,1060,1065,1060,1065,5,0
CRJ,5,20210210,155500,1065,1065,1065,1065,1,0
CRJ,5,20210210,160000,1060,1060,1060,1060,62,0
CRJ,5,20210210,160500,1055,1060,1055,1055,9,0
CRJ,5,20210210,161000,1060,1060,1060,1060,14,0
CRJ,5,20210210,161500,1055,1060,1055,1060,11,0
CRJ,5,20210210,163000,1050,1055,1050,1055,6,0
CRJ,5,20210210,163500,1055,1060,1055,1060,15,0
CRJ,5,20210210,164000,1060,1060,1060,1060,10,0
CRJ,5,20210210,164500,1060,1060,1050,1060,50,0
CRJ,5,20210211,090000,1065,1070,1050,1065,133,0
CRJ,5,20210211,090500,1055,1055,1055,1055,4,0
CRJ,5,20210211,091000,1055,1060,1055,1060,7,0
CRJ,5,20210211,092000,1055,1055,1055,1055,2,0
CRJ,5,20210211,093000,1055,1055,1055,1055,2,0
CRJ,5,20210211,093500,1050,1050,1050,1050,1,0
CRJ,5,20210211,094500,1050,1050,1050,1050,25,0
CRJ,5,20210211,095000,1050,1050,1050,1050,5,0
CRJ,5,20210211,095500,1050,1050,1050,1050,200,0
CRJ,5,20210211,100000,1045,1045,1045,1045,17,0
CRJ,5,20210211,100500,1040,1045,1040,1045,13,0
CRJ,5,20210211,101000,1045,1045,1045,1045,1,0
CRJ,5,20210211,101500,1050,1050,1050,1050,1,0
CRJ,5,20210211,102500,1050,1050,1050,1050,10,0
CRJ,5,20210211,103000,1055,1055,1055,1055,1,0
CRJ,5,20210211,105000,1055,1055,1055,1055,5,0
CRJ,5,20210211,111500,1055,1055,1055,1055,5,0
CRJ,5,20210211,112500,1050,1055,1050,1055,6,0
CRJ,5,20210211,115000,1050,1050,1050,1050,2,0
CRJ,5,20210211,115500,1055,1070,1055,1070,65,0
CRJ,5,20210211,120000,1065,1065,1065,1065,1,0
CRJ,5,20210211,122500,1055,1065,1055,1065,3,0
CRJ,5,20210211,124000,1055,1065,1055,1065,21,0
CRJ,5,20210211,125500,1060,1065,1060,1060,7,0
CRJ,5,20210211,131000,1065,1065,1065,1065,1,0
CRJ,5,20210211,132000,1065,1065,1065,1065,31,0
CRJ,5,20210211,135500,1060,1060,1060,1060,3,0
CRJ,5,20210211,140000,1065,1065,1065,1065,1,0
CRJ,5,20210211,140500,1060,1060,1060,1060,3,0
CRJ,5,20210211,141500,1065,1065,1065,1065,2,0
CRJ,5,20210211,144000,1065,1065,1065,1065,2,0
CRJ,5,20210211,150000,1065,1065,1065,1065,5,0
CRJ,5,20210211,152000,1065,1065,1065,1065,6,0
CRJ,5,20210211,153000,1060,1060,1060,1060,22,0
CRJ,5,20210211,153500,1065,1065,1065,1065,7,0
CRJ,5,20210211,160000,1060,1065,1055,1065,27,0
CRJ,5,20210211,162500,1060,1065,1060,1065,40,0
CRJ,5,20210211,164500,1065,1065,1060,1065,14,0
CRJ,5,20210212,090000,1065,1070,1065,1070,40,0
CRJ,5,20210212,090500,1070,1070,1060,1060,30,0
CRJ,5,20210212,091000,1060,1060,1055,1060,15,0
CRJ,5,20210212,091500,1060,1060,1055,1055,15,0
CRJ,5,20210212,092000,1055,1060,1055,1060,20,0
CRJ,5,20210212,093500,1060,1060,1060,1060,27,0
CRJ,5,20210212,094000,1065,1070,1065,1070,126,0
CRJ,5,20210212,094500,1070,1075,1070,1075,16,0
CRJ,5,20210212,095000,1070,1075,1070,1075,2,0
CRJ,5,20210212,095500,1070,1070,1070,1070,4,0
CRJ,5,20210212,100500,1065,1070,1065,1065,32,0
CRJ,5,20210212,101000,1065,1065,1065,1065,5,0
CRJ,5,20210212,101500,1070,1070,1070,1070,1,0
CRJ,5,20210212,102000,1070,1070,1070,1070,15,0
CRJ,5,20210212,102500,1070,1070,1070,1070,11,0
CRJ,5,20210212,103000,1065,1070,1065,1070,11,0
CRJ,5,20210212,103500,1065,1065,1050,1050,110,0
CRJ,5,20210212,104000,1065,1065,1065,1065,1,0
CRJ,5,20210212,105500,1050,1050,1050,1050,2,0
CRJ,5,20210212,110000,1050,1050,1030,1030,137,0
CRJ,5,20210212,110500,1035,1035,1000,1030,546,0
CRJ,5,20210212,111000,1030,1030,1010,1030,214,0
CRJ,5,20210212,111500,1030,1030,1030,1030,20,0
CRJ,5,20210212,112000,1030,1030,1030,1030,61,0
CRJ,5,20210212,112500,1030,1035,1030,1030,43,0
CRJ,5,20210212,113000,1025,1030,1025,1030,22,0
CRJ,5,20210212,113500,1025,1035,1015,1015,203,0
CRJ,5,20210212,114000,1020,1030,1020,1030,37,0
CRJ,5,20210212,114500,1030,1030,1030,1030,1,0
CRJ,5,20210212,115000,1030,1030,1030,1030,3,0
CRJ,5,20210212,115500,1030,1030,1030,1030,19,0
CRJ,5,20210212,120000,1030,1030,1030,1030,1,0
CRJ,5,20210212,120500,1030,1030,1030,1030,2,0
CRJ,5,20210212,121500,1030,1030,1030,1030,5,0
CRJ,5,20210212,122000,1030,1030,1025,1025,8,0
CRJ,5,20210212,122500,1025,1030,1025,1025,33,0
CRJ,5,20210212,123000,1025,1025,1025,1025,33,0
CRJ,5,20210212,124000,1030,1030,1025,1030,49,0
CRJ,5,20210212,124500,1030,1030,1030,1030,3,0
CRJ,5,20210212,125000,1030,1030,1030,1030,5,0
CRJ,5,20210212,125500,1030,1030,1030,1030,1,0
CRJ,5,20210212,130000,1030,1030,1030,1030,28,0
CRJ,5,20210212,130500,1030,1030,1030,1030,25,0
CRJ,5,20210212,131500,1030,1035,1030,1030,3,0
CRJ,5,20210212,132000,1030,1030,1030,1030,2,0
CRJ,5,20210212,132500,1030,1030,1030,1030,5,0
CRJ,5,20210212,133000,1030,1030,1025,1030,23,0
CRJ,5,20210212,133500,1030,1030,1030,1030,3,0
CRJ,5,20210212,142500,1030,1035,1030,1035,69,0
CRJ,5,20210212,143500,1030,1030,1030,1030,6,0
CRJ,5,20210212,144000,1030,1035,1030,1035,17,0
CRJ,5,20210212,144500,1035,1035,1030,1030,3,0
CRJ,5,20210212,145500,1030,1030,1030,1030,7,0
CRJ,5,20210212,150000,1030,1030,1030,1030,1,0
CRJ,5,20210212,150500,1030,1030,1030,1030,24,0
CRJ,5,20210212,151000,1030,1035,1030,1035,7,0
CRJ,5,20210212,151500,1030,1030,1030,1030,9,0
CRJ,5,20210212,152000,1025,1025,1025,1025,4,0
CRJ,5,20210212,153000,1035,1035,1035,1035,2,0
CRJ,5,20210212,153500,1035,1035,1035,1035,10,0
CRJ,5,20210212,154000,1030,1030,1030,1030,11,0
CRJ,5,20210212,155000,1030,1035,1030,1035,5,0
CRJ,5,20210212,155500,1030,1030,1030,1030,19,0
CRJ,5,20210212,160500,1035,1035,1035,1035,1,0
CRJ,5,20210212,161000,1035,1035,1030,1030,33,0
CRJ,5,20210212,162500,1030,1035,1030,1035,20,0
CRJ,5,20210212,163000,1035,1035,1035,1035,1,0
CRJ,5,20210212,163500,1035,1035,1035,1035,4,0
CRJ,5,20210212,164000,1030,1030,1010,1025,438,0
CRJ,5,20210212,164500,1030,1030,1025,1025,95,0
CRJ,5,20210215,090000,1015,1020,1005,1015,127,0
CRJ,5,20210215,090500,1015,1015,1015,1015,10,0
CRJ,5,20210215,091000,1015,1015,1010,1010,65,0
CRJ,5,20210215,091500,1015,1020,1010,1020,41,0
CRJ,5,20210215,092000,1020,1020,1020,1020,1,0
CRJ,5,20210215,092500,1020,1020,1015,1015,5,0
CRJ,5,20210215,093000,1020,1020,1020,1020,6,0
CRJ,5,20210215,094500,1015,1015,1015,1015,7,0
CRJ,5,20210215,095000,1020,1020,1020,1020,3,0
CRJ,5,20210215,095500,1020,1025,1020,1025,36,0
CRJ,5,20210215,100000,1025,1025,1025,1025,10,0
CRJ,5,20210215,100500,1025,1025,1025,1025,3,0
CRJ,5,20210215,101000,1025,1025,1025,1025,3,0
CRJ,5,20210215,101500,1025,1025,1025,1025,1,0
CRJ,5,20210215,102000,1025,1025,1025,1025,10,0
CRJ,5,20210215,102500,1025,1025,1025,1025,20,0
CRJ,5,20210215,103000,1030,1030,1030,1030,1,0
CRJ,5,20210215,103500,1025,1025,1025,1025,1,0
CRJ,5,20210215,104000,1025,1030,1025,1030,6,0
CRJ,5,20210215,105000,1030,1030,1020,1020,3,0
CRJ,5,20210215,105500,1025,1025,1025,1025,1,0
CRJ,5,20210215,110000,1030,1030,1020,1020,34,0
CRJ,5,20210215,110500,1025,1030,1025,1030,2,0
CRJ,5,20210215,111000,1025,1025,1025,1025,3,0
CRJ,5,20210215,111500,1025,1025,1025,1025,6,0
CRJ,5,20210215,112000,1025,1025,1025,1025,1,0
CRJ,5,20210215,113000,1030,1030,1030,1030,16,0
CRJ,5,20210215,114000,1030,1035,1030,1035,8,0
CRJ,5,20210215,120500,1030,1030,1030,1030,1,0
CRJ,5,20210215,121500,1030,1030,1030,1030,2,0
CRJ,5,20210215,122500,1030,1030,1030,1030,1,0
CRJ,5,20210215,125500,1030,1030,1030,1030,4,0
CRJ,5,20210215,130000,1030,1030,1030,1030,6,0
CRJ,5,20210215,130500,1030,1035,1030,1035,4,0
CRJ,5,20210215,131000,1035,1035,1030,1035,3,0
CRJ,5,20210215,131500,1035,1035,1035,1035,4,0
CRJ,5,20210215,132000,1035,1035,1035,1035,11,0
CRJ,5,20210215,133000,1035,1035,1030,1035,26,0
CRJ,5,20210215,133500,1035,1035,1035,1035,22,0
CRJ,5,20210215,135000,1030,1030,1020,1020,100,0
CRJ,5,20210215,135500,1020,1020,1020,1020,8,0
CRJ,5,20210215,140000,1035,1035,1035,1035,17,0
CRJ,5,20210215,140500,1030,1030,1030,1030,10,0
CRJ,5,20210215,142000,1030,1030,1025,1025,15,0
CRJ,5,20210215,143500,1025,1025,1015,1015,59,0
CRJ,5,20210215,144000,1030,1030,1030,1030,1,0
CRJ,5,20210215,145000,1025,1025,1025,1025,19,0
CRJ,5,20210215,150500,1020,1030,1020,1030,19,0
CRJ,5,20210215,151000,1030,1030,1030,1030,1,0
CRJ,5,20210215,151500,1035,1035,1035,1035,1,0
CRJ,5,20210215,153500,1035,1035,1035,1035,31,0
CRJ,5,20210215,154000,1035,1035,1035,1035,9,0
CRJ,5,20210215,155000,1035,1035,1035,1035,21,0
CRJ,5,20210215,155500,1030,1035,1030,1035,5,0
CRJ,5,20210215,160000,1035,1035,1035,1035,5,0
CRJ,5,20210215,161500,1035,1040,1030,1030,31,0
CRJ,5,20210215,162000,1040,1040,1030,1040,28,0
CRJ,5,20210215,163000,1030,1035,1025,1035,22,0
CRJ,5,20210215,163500,1035,1035,1035,1035,5,0
CRJ,5,20210215,164000,1035,1035,1035,1035,33,0
CRJ,5,20210215,164500,1040,1040,1030,1030,59,0
CRJ,5,20210216,090000,1000,1015,1000,1010,741,0
CRJ,5,20210216,090500,1015,1015,1000,1005,76,0
CRJ,5,20210216,091000,1005,1020,1005,1020,55,0
CRJ,5,20210216,091500,1015,1020,1015,1015,16,0
CRJ,5,20210216,092000,1010,1020,1000,1000,93,0
CRJ,5,20210216,092500,1015,1015,1010,1010,7,0
CRJ,5,20210216,093000,1010,1010,996,1005,485,0
CRJ,5,20210216,093500,1000,1000,994,1000,468,0
CRJ,5,20210216,094000,1005,1005,1000,1000,65,0
CRJ,5,20210216,094500,998,1000,998,1000,59,0
CRJ,5,20210216,095000,1000,1000,1000,1000,27,0
CRJ,5,20210216,095500,1000,1000,998,998,14,0
CRJ,5,20210216,100000,1000,1000,996,996,122,0
CRJ,5,20210216,100500,1000,1000,994,996,69,0
CRJ,5,20210216,101000,998,1000,996,998,25,0
CRJ,5,20210216,101500,996,1000,996,996,25,0
CRJ,5,20210216,102000,996,1000,994,1000,21,0
CRJ,5,20210216,102500,1000,1000,1000,1000,9,0
CRJ,5,20210216,103000,998,1000,998,1000,16,0
CRJ,5,20210216,103500,1000,1000,1000,1000,34,0
CRJ,5,20210216,104000,1000,1000,998,998,16,0
CRJ,5,20210216,104500,1000,1000,1000,1000,6,0
CRJ,5,20210216,105000,1000,1000,1000,1000,222,0
CRJ,5,20210216,110000,1005,1005,998,998,49,0
CRJ,5,20210216,110500,1000,1000,998,998,55,0
CRJ,5,20210216,111000,1000,1005,1000,1005,34,0
CRJ,5,20210216,112000,1005,1005,1000,1000,142,0
CRJ,5,20210216,112500,1005,1005,1005,1005,3,0
CRJ,5,20210216,113000,1000,1005,1000,1005,7,0
CRJ,5,20210216,113500,1000,1005,1000,1000,13,0
CRJ,5,20210216,114000,1005,1005,1005,1005,1,0
CRJ,5,20210216,115000,1005,1005,1005,1005,18,0
CRJ,5,20210216,115500,1005,1005,1005,1005,11,0
CRJ,5,20210216,120000,1000,1000,1000,1000,3,0
CRJ,5,20210216,120500,1005,1005,1005,1005,1,0
CRJ,5,20210216,122500,1005,1005,1005,1005,2,0
CRJ,5,20210216,123000,1005,1005,1005,1005,10,0
CRJ,5,20210216,123500,1005,1005,1005,1005,15,0
CRJ,5,20210216,124000,1005,1015,1005,1015,33,0
CRJ,5,20210216,124500,1015,1015,1010,1015,37,0
CRJ,5,20210216,125500,1010,1015,1010,1015,47,0
CRJ,5,20210216,130000,1015,1015,1015,1015,5,0
CRJ,5,20210216,131000,1010,1010,1010,1010,10,0
CRJ,5,20210216,131500,1010,1015,1010,1015,11,0
CRJ,5,20210216,133000,1015,1015,1015,1015,3,0
CRJ,5,20210216,133500,1015,1015,1010,1010,4,0
CRJ,5,20210216,134000,1015,1015,1015,1015,5,0
CRJ,5,20210216,134500,1010,1015,1010,1015,6,0
CRJ,5,20210216,135500,1010,1015,1010,1015,48,0
CRJ,5,20210216,140000,1015,1015,1015,1015,1,0
CRJ,5,20210216,141000,1015,1015,1015,1015,1,0
CRJ,5,20210216,142000,1010,1010,1010,1010,2,0
CRJ,5,20210216,143500,1010,1015,1010,1015,18,0
CRJ,5,20210216,144500,1010,1015,1010,1015,3,0
CRJ,5,20210216,151000,1010,1010,1010,1010,1,0
CRJ,5,20210216,152000,1015,1015,1010,1010,2,0
CRJ,5,20210216,153000,1010,1010,1010,1010,1,0
CRJ,5,20210216,154000,1010,1015,1010,1015,3,0
CRJ,5,20210216,154500,1015,1015,1015,1015,1,0
CRJ,5,20210216,155000,1015,1020,1015,1020,18,0
CRJ,5,20210216,155500,1010,1020,1010,1020,21,0
CRJ,5,20210216,160000,1010,1020,1010,1020,47,0
CRJ,5,20210216,160500,1010,1020,1010,1020,19,0
CRJ,5,20210216,161000,1020,1025,1020,1025,32,0
CRJ,5,20210216,161500,1020,1020,1020,1020,8,0
CRJ,5,20210216,162000,1020,1025,1015,1015,10,0
CRJ,5,20210216,162500,1025,1025,1025,1025,1,0
CRJ,5,20210216,163000,1025,1025,1025,1025,8,0
CRJ,5,20210216,163500,1025,1030,1025,1030,34,0
CRJ,5,20210216,164000,1020,1030,1020,1030,8,0
CRJ,5,20210216,164500,1025,1030,1025,1030,25,0
CRJ,5,20210217,090000,1030,1030,1015,1020,74,0
CRJ,5,20210217,090500,1025,1025,1025,1025,1,0
CRJ,5,20210217,091000,1020,1020,1020,1020,4,0
CRJ,5,20210217,091500,1020,1020,1020,1020,11,0
CRJ,5,20210217,092500,1025,1025,1025,1025,1,0
CRJ,5,20210217,093000,1020,1020,1020,1020,4,0
CRJ,5,20210217,095000,1020,1020,1020,1020,10,0
CRJ,5,20210217,100000,1020,1020,1020,1020,9,0
CRJ,5,20210217,100500,1020,1020,1020,1020,10,0
CRJ,5,20210217,101500,1015,1015,1015,1015,5,0
CRJ,5,20210217,102500,1015,1015,1015,1015,27,0
CRJ,5,20210217,103500,1010,1010,1010,1010,5,0
CRJ,5,20210217,104500,1020,1020,1015,1015,2,0
CRJ,5,20210217,105000,1015,1015,1015,1015,1,0
CRJ,5,20210217,110000,1015,1015,1015,1015,15,0
CRJ,5,20210217,111000,1015,1015,1015,1015,4,0
CRJ,5,20210217,111500,1015,1015,1015,1015,5,0
CRJ,5,20210217,112500,1020,1020,1020,1020,2,0
CRJ,5,20210217,114000,1015,1015,1015,1015,13,0
CRJ,5,20210217,115000,1020,1025,1020,1025,16,0
CRJ,5,20210217,115500,1020,1020,1020,1020,2,0
CRJ,5,20210217,122500,1020,1020,1020,1020,4,0
CRJ,5,20210217,123500,1020,1020,1020,1020,2,0
CRJ,5,20210217,125500,1020,1020,1020,1020,1,0
CRJ,5,20210217,130500,1020,1020,1020,1020,5,0
CRJ,5,20210217,131000,1020,1020,1020,1020,2,0
CRJ,5,20210217,131500,1020,1020,1020,1020,10,0
CRJ,5,20210217,132000,1020,1020,1020,1020,10,0
CRJ,5,20210217,133000,1015,1015,1015,1015,10,0
CRJ,5,20210217,133500,1015,1025,1015,1025,3,0
CRJ,5,20210217,135000,1015,1015,1015,1015,1,0
CRJ,5,20210217,135500,1020,1020,1020,1020,1,0
CRJ,5,20210217,140500,1020,1025,1020,1025,5,0
CRJ,5,20210217,141000,1020,1020,1020,1020,2,0
CRJ,5,20210217,142000,1025,1025,1025,1025,2,0
CRJ,5,20210217,150000,1025,1025,1020,1020,14,0
CRJ,5,20210217,151000,1020,1025,1020,1025,13,0
CRJ,5,20210217,152000,1020,1020,1020,1020,5,0
CRJ,5,20210217,154000,1020,1020,1020,1020,5,0
CRJ,5,20210217,160000,1015,1015,1015,1015,24,0
CRJ,5,20210217,160500,1020,1020,1020,1020,1,0
CRJ,5,20210217,161500,1020,1025,1020,1025,20,0
CRJ,5,20210217,162000,1020,1025,1020,1025,3,0
CRJ,5,20210217,164000,1015,1020,1015,1020,9,0
CRJ,5,20210217,164500,1020,1020,1020,1020,13,0
CRJ,5,20210218,090000,1025,1030,1025,1030,8,0
CRJ,5,20210218,090500,1025,1035,1025,1035,4,0
CRJ,5,20210218,091000,1030,1035,1025,1025,37,0
CRJ,5,20210218,091500,1025,1025,1025,1025,16,0
CRJ,5,20210218,092000,1025,1030,1025,1030,20,0
CRJ,5,20210218,092500,1030,1030,1025,1025,25,0
CRJ,5,20210218,094000,1030,1030,1030,1030,11,0
CRJ,5,20210218,094500,1030,1030,1030,1030,9,0
CRJ,5,20210218,095000,1030,1030,1030,1030,20,0
CRJ,5,20210218,100000,1025,1025,1025,1025,19,0
CRJ,5,20210218,101000,1020,1020,1020,1020,70,0
CRJ,5,20210218,101500,1015,1015,1015,1015,3,0
CRJ,5,20210218,103000,1020,1020,1020,1020,1,0
CRJ,5,20210218,104000,1015,1015,1015,1015,15,0
CRJ,5,20210218,104500,1020,1020,1020,1020,10,0
CRJ,5,20210218,105000,1020,1020,1020,1020,9,0
CRJ,5,20210218,110500,1020,1020,1020,1020,18,0
CRJ,5,20210218,111000,1015,1015,1015,1015,5,0
CRJ,5,20210218,112500,1015,1015,1015,1015,48,0
CRJ,5,20210218,113000,1015,1015,1015,1015,5,0
CRJ,5,20210218,113500,1015,1025,1010,1010,137,0
CRJ,5,20210218,114000,1010,1010,1010,1010,1,0
CRJ,5,20210218,114500,1005,1015,1005,1015,6,0
CRJ,5,20210218,115500,1010,1015,1010,1015,15,0
CRJ,5,20210218,121500,1015,1015,1015,1015,5,0
CRJ,5,20210218,122000,1015,1015,1015,1015,1,0
CRJ,5,20210218,122500,1015,1015,1015,1015,6,0
CRJ,5,20210218,123000,1015,1015,1015,1015,3,0
CRJ,5,20210218,123500,1010,1010,1010,1010,12,0
CRJ,5,20210218,124500,1015,1015,1015,1015,6,0
CRJ,5,20210218,125000,1015,1015,1015,1015,1,0
CRJ,5,20210218,125500,1010,1010,1010,1010,1,0
CRJ,5,20210218,130000,1015,1015,1015,1015,1,0
CRJ,5,20210218,130500,1015,1020,1015,1020,3,0
CRJ,5,20210218,132500,1020,1020,1020,1020,5,0
CRJ,5,20210218,133000,1020,1020,1005,1015,106,0
CRJ,5,20210218,135500,1010,1010,1010,1010,3,0
CRJ,5,20210218,140500,1005,1015,1005,1015,40,0
CRJ,5,20210218,142000,1010,1010,1010,1010,7,0
CRJ,5,20210218,142500,1010,1015,1010,1015,2,0
CRJ,5,20210218,143000,1015,1015,1015,1015,1,0
CRJ,5,20210218,143500,1015,1015,1015,1015,10,0
CRJ,5,20210218,144000,1010,1010,1010,1010,16,0
CRJ,5,20210218,145000,1010,1010,1010,1010,6,0
CRJ,5,20210218,150000,1010,1010,1010,1010,14,0
CRJ,5,20210218,150500,1010,1010,1010,1010,10,0
CRJ,5,20210218,151000,1010,1010,1010,1010,5,0
CRJ,5,20210218,152000,1010,1010,1010,1010,1,0
CRJ,5,20210218,152500,1010,1010,1005,1005,3,0
CRJ,5,20210218,153000,1005,1005,1005,1005,1,0
CRJ,5,20210218,154500,1010,1010,1010,1010,10,0
CRJ,5,20210218,155000,1005,1005,1005,1005,10,0
CRJ,5,20210218,155500,1015,1015,1010,1010,23,0
CRJ,5,20210218,160000,1010,1010,1010,1010,5,0
CRJ,5,20210218,160500,1010,1010,1010,1010,14,0
CRJ,5,20210218,162500,1005,1010,1005,1005,36,0
CRJ,5,20210218,163000,1005,1005,998,998,235,0
CRJ,5,20210218,163500,996,1005,996,1005,8,0
CRJ,5,20210218,164000,1000,1005,1000,1005,7,0
CRJ,5,20210218,164500,1005,1005,1000,1000,41,0
CRJ,5,20210219,090000,1000,1010,1000,1010,22,0
CRJ,5,20210219,091000,1005,1010,1000,1000,14,0
CRJ,5,20210219,091500,1005,1015,1005,1015,12,0
CRJ,5,20210219,092000,1015,1015,1015,1015,2,0
CRJ,5,20210219,093000,1015,1015,1015,1015,34,0
CRJ,5,20210219,094000,1020,1025,1020,1025,21,0
CRJ,5,20210219,094500,1010,1010,1010,1010,5,0
CRJ,5,20210219,095000,1020,1020,1020,1020,1,0
CRJ,5,20210219,100000,1015,1020,1015,1015,4,0
CRJ,5,20210219,100500,1020,1020,1020,1020,1,0
CRJ,5,20210219,102000,1020,1020,1020,1020,2,0
CRJ,5,20210219,102500,1020,1020,1020,1020,3,0
CRJ,5,20210219,103000,1020,1020,1020,1020,10,0
CRJ,5,20210219,105500,1020,1020,1010,1020,37,0
CRJ,5,20210219,112500,1015,1020,1010,1020,23,0
CRJ,5,20210219,115000,1010,1010,1010,1010,4,0
CRJ,5,20210219,120000,1015,1015,1015,1015,5,0
CRJ,5,20210219,120500,1015,1015,1015,1015,5,0
CRJ,5,20210219,121000,1015,1015,1015,1015,5,0
CRJ,5,20210219,123000,1015,1020,1015,1020,20,0
CRJ,5,20210219,125500,1020,1020,1020,1020,21,0
CRJ,5,20210219,130500,1020,1020,1020,1020,1,0
CRJ,5,20210219,131500,1020,1020,1010,1010,37,0
CRJ,5,20210219,132000,1015,1015,1015,1015,3,0
CRJ,5,20210219,132500,1015,1015,1015,1015,1,0
CRJ,5,20210219,133500,1020,1020,1020,1020,36,0
CRJ,5,20210219,134000,1020,1020,1020,1020,125,0
CRJ,5,20210219,134500,1020,1025,1020,1025,33,0
CRJ,5,20210219,135000,1025,1025,1025,1025,1,0
CRJ,5,20210219,140000,1025,1025,1025,1025,2,0
CRJ,5,20210219,140500,1025,1025,1020,1025,39,0
CRJ,5,20210219,141000,1025,1030,1025,1030,7,0
CRJ,5,20210219,143000,1030,1030,1020,1020,23,0
CRJ,5,20210219,143500,1025,1025,1025,1025,1,0
CRJ,5,20210219,144500,1025,1025,1025,1025,3,0
CRJ,5,20210219,145000,1020,1020,1020,1020,28,0
CRJ,5,20210219,145500,1020,1020,1020,1020,3,0
CRJ,5,20210219,150000,1015,1015,1015,1015,5,0
CRJ,5,20210219,150500,1020,1020,1020,1020,1,0
CRJ,5,20210219,151000,1020,1020,1020,1020,1,0
CRJ,5,20210219,153000,1020,1020,1020,1020,47,0
CRJ,5,20210219,153500,1015,1015,1015,1015,10,0
CRJ,5,20210219,154000,1020,1020,1020,1020,1,0
CRJ,5,20210219,160000,1015,1020,1015,1020,4,0
CRJ,5,20210219,161000,1010,1010,1010,1010,7,0
CRJ,5,20210219,161500,1020,1020,1020,1020,1,0
CRJ,5,20210219,163000,1015,1015,1015,1015,15,0
CRJ,5,20210219,164500,1010,1020,1010,1020,6,0
CRJ,5,20210222,090000,1030,1030,1005,1020,86,0
CRJ,5,20210222,090500,1005,1020,1000,1000,73,0
CRJ,5,20210222,091000,1015,1015,1000,1015,27,0
CRJ,5,20210222,091500,1000,1015,998,1015,6,0
CRJ,5,20210222,092000,1005,1005,1005,1005,1,0
CRJ,5,20210222,092500,1010,1010,1000,1010,3,0
CRJ,5,20210222,094000,1010,1015,1010,1015,5,0
CRJ,5,20210222,094500,1010,1010,1010,1010,3,0
CRJ,5,20210222,100500,1010,1020,1010,1020,21,0
CRJ,5,20210222,102000,1005,1015,1005,1015,2,0
CRJ,5,20210222,102500,1005,1005,1000,1000,54,0
CRJ,5,20210222,103000,1000,1000,996,996,44,0
CRJ,5,20210222,103500,996,1000,996,1000,12,0
CRJ,5,20210222,104000,1000,1000,1000,1000,5,0
CRJ,5,20210222,105000,998,1000,998,1000,31,0
CRJ,5,20210222,105500,1000,1000,1000,1000,7,0
CRJ,5,20210222,110000,1000,1000,998,998,17,0
CRJ,5,20210222,110500,1000,1000,1000,1000,5,0
CRJ,5,20210222,111500,998,998,994,994,57,0
CRJ,5,20210222,112000,994,998,990,998,64,0
CRJ,5,20210222,112500,996,1000,996,1000,7,0
CRJ,5,20210222,113500,998,1000,998,1000,3,0
CRJ,5,20210222,114500,998,998,998,998,3,0
CRJ,5,20210222,115500,996,996,994,994,16,0
CRJ,5,20210222,120500,998,1000,998,1000,20,0
CRJ,5,20210222,121000,1000,1000,1000,1000,2,0
CRJ,5,20210222,123500,998,998,998,998,5,0
CRJ,5,20210222,124000,998,998,998,998,4,0
CRJ,5,20210222,124500,1000,1000,1000,1000,8,0
CRJ,5,20210222,125000,1000,1000,996,998,8,0
CRJ,5,20210222,125500,1000,1000,1000,1000,10,0
CRJ,5,20210222,131500,1000,1000,1000,1000,1,0
CRJ,5,20210222,132000,1000,1000,996,996,7,0
CRJ,5,20210222,132500,998,998,998,998,3,0
CRJ,5,20210222,133000,998,998,998,998,4,0
CRJ,5,20210222,134500,998,998,996,998,16,0
CRJ,5,20210222,135000,996,996,996,996,19,0
CRJ,5,20210222,135500,996,1000,996,1000,12,0
CRJ,5,20210222,141000,996,998,994,998,13,0
CRJ,5,20210222,143500,998,998,998,998,24,0
CRJ,5,20210222,144000,1000,1000,1000,1000,16,0
CRJ,5,20210222,150500,996,996,996,996,20,0
CRJ,5,20210222,151500,994,996,990,996,101,0
CRJ,5,20210222,154500,996,996,996,996,2,0
CRJ,5,20210222,155500,994,994,992,992,25,0
CRJ,5,20210222,160000,992,996,990,990,20,0
CRJ,5,20210222,160500,996,996,990,994,4,0
CRJ,5,20210222,161000,994,994,994,994,4,0
CRJ,5,20210222,161500,998,998,998,998,12,0
CRJ,5,20210222,162000,998,1000,998,1000,6,0
CRJ,5,20210222,164000,1000,1000,1000,1000,5,0
CRJ,5,20210223,090000,990,998,958,990,271,0
CRJ,5,20210223,090500,990,992,982,992,12,0
CRJ,5,20210223,091000,990,994,984,994,39,0
CRJ,5,20210223,091500,996,996,992,992,2,0
CRJ,5,20210223,092000,990,990,990,990,4,0
CRJ,5,20210223,092500,990,990,982,988,8,0
CRJ,5,20210223,093000,988,990,988,990,5,0
CRJ,5,20210223,093500,986,988,986,988,15,0
CRJ,5,20210223,094000,988,988,984,986,13,0
CRJ,5,20210223,094500,986,986,986,986,3,0
CRJ,5,20210223,095000,986,986,984,986,15,0
CRJ,5,20210223,095500,990,990,990,990,2,0
CRJ,5,20210223,100000,990,990,984,984,4,0
CRJ,5,20210223,100500,982,988,982,988,13,0
CRJ,5,20210223,102000,988,988,988,988,2,0
CRJ,5,20210223,103000,986,986,982,982,7,0
CRJ,5,20210223,103500,988,988,986,986,2,0
CRJ,5,20210223,104000,990,990,990,990,11,0
CRJ,5,20210223,104500,984,990,984,990,5,0
CRJ,5,20210223,110000,990,990,990,990,7,0
CRJ,5,20210223,111000,986,986,982,982,45,0
CRJ,5,20210223,111500,982,988,982,988,6,0
CRJ,5,20210223,113500,990,990,990,990,1,0
CRJ,5,20210223,114000,982,982,982,982,9,0
CRJ,5,20210223,120500,982,982,978,978,73,0
CRJ,5,20210223,121500,982,988,982,988,9,0
CRJ,5,20210223,122500,990,992,990,992,20,0
CRJ,5,20210223,124500,984,990,984,990,19,0
CRJ,5,20210223,125000,992,992,982,982,47,0
CRJ,5,20210223,133000,990,990,990,990,15,0
CRJ,5,20210223,133500,984,984,982,982,20,0
CRJ,5,20210223,134000,982,982,980,980,20,0
CRJ,5,20210223,134500,988,988,988,988,1,0
CRJ,5,20210223,135000,986,986,986,986,1,0
CRJ,5,20210223,135500,982,982,982,982,1,0
CRJ,5,20210223,140000,986,986,986,986,6,0
CRJ,5,20210223,140500,986,986,982,982,11,0
CRJ,5,20210223,141000,986,986,986,986,2,0
CRJ,5,20210223,141500,986,986,986,986,1,0
CRJ,5,20210223,143000,984,988,984,988,4,0
CRJ,5,20210223,143500,984,984,982,982,12,0
CRJ,5,20210223,144000,988,988,982,988,9,0
CRJ,5,20210223,144500,988,988,988,988,4,0
CRJ,5,20210223,145000,982,982,982,982,9,0
CRJ,5,20210223,145500,982,982,982,982,41,0
CRJ,5,20210223,150000,982,986,982,986,4,0
CRJ,5,20210223,150500,982,982,982,982,1,0
CRJ,5,20210223,151000,980,980,978,978,33,0
CRJ,5,20210223,151500,980,984,980,984,3,0
CRJ,5,20210223,152000,984,986,984,986,3,0
CRJ,5,20210223,154000,982,982,976,976,18,0
CRJ,5,20210223,154500,974,974,974,974,10,0
CRJ,5,20210223,155500,978,978,978,978,20,0
CRJ,5,20210223,160000,972,972,972,972,18,0
CRJ,5,20210223,160500,970,970,970,970,20,0
CRJ,5,20210223,161000,974,976,974,974,9,0
CRJ,5,20210223,161500,976,976,972,976,9,0
CRJ,5,20210223,162000,976,978,970,978,27,0
CRJ,5,20210223,162500,978,990,978,990,47,0
CRJ,5,20210223,164000,990,990,990,990,2,0
CRJ,5,20210223,164500,992,996,992,996,17,0
CRJ,5,20210224,090000,990,1000,990,1000,31,0
CRJ,5,20210224,090500,1000,1015,1000,1015,49,0
CRJ,5,20210224,091000,1005,1005,1005,1005,3,0
CRJ,5,20210224,091500,1005,1010,1005,1010,14,0
CRJ,5,20210224,092000,1010,1010,1010,1010,1,0
CRJ,5,20210224,092500,1010,1010,1010,1010,18,0
CRJ,5,20210224,093500,1010,1010,1010,1010,5,0
CRJ,5,20210224,094500,1005,1005,1005,1005,20,0
CRJ,5,20210224,095500,1005,1010,1005,1010,11,0
CRJ,5,20210224,100000,1000,1000,1000,1000,45,0
CRJ,5,20210224,100500,1010,1010,1010,1010,1,0
CRJ,5,20210224,101000,1000,1000,1000,1000,16,0
CRJ,5,20210224,104000,1010,1010,1010,1010,50,0
CRJ,5,20210224,105500,1005,1005,1005,1005,2,0
CRJ,5,20210224,110000,1005,1005,1005,1005,8,0
CRJ,5,20210224,111500,1010,1010,1010,1010,3,0
CRJ,5,20210224,112000,1010,1010,1010,1010,20,0
CRJ,5,20210224,113000,1005,1005,1005,1005,7,0
CRJ,5,20210224,120000,1010,1020,1010,1020,116,0
CRJ,5,20210224,120500,1025,1030,1025,1030,21,0
CRJ,5,20210224,121000,1030,1030,1030,1030,1,0
CRJ,5,20210224,121500,1030,1030,1030,1030,2,0
CRJ,5,20210224,123000,1030,1030,1030,1030,17,0
CRJ,5,20210224,123500,1035,1035,1030,1030,28,0
CRJ,5,20210224,124000,1025,1025,1025,1025,90,0
CRJ,5,20210224,124500,1015,1020,1015,1020,6,0
CRJ,5,20210224,131000,1015,1015,1015,1015,5,0
CRJ,5,20210224,132000,1020,1020,1020,1020,3,0
CRJ,5,20210224,133000,1020,1020,1020,1020,5,0
CRJ,5,20210224,140500,1020,1020,1020,1020,13,0
CRJ,5,20210224,141000,1020,1020,1020,1020,85,0
CRJ,5,20210224,142000,1015,1015,1015,1015,10,0
CRJ,5,20210224,142500,1020,1020,1020,1020,1,0
CRJ,5,20210224,144500,1015,1015,1015,1015,20,0
CRJ,5,20210224,145500,1010,1010,1010,1010,2,0
CRJ,5,20210224,150000,1010,1010,1010,1010,15,0
CRJ,5,20210224,151000,1005,1005,1005,1005,2,0
CRJ,5,20210224,151500,1005,1010,1005,1010,8,0
CRJ,5,20210224,153000,1010,1010,1010,1010,4,0
CRJ,5,20210224,155500,1010,1010,1010,1010,4,0
CRJ,5,20210224,160000,1010,1010,1010,1010,37,0
CRJ,5,20210224,160500,1010,1010,1010,1010,1,0
CRJ,5,20210224,162500,1015,1015,1015,1015,2,0
CRJ,5,20210224,163000,1015,1015,1015,1015,12,0
CRJ,5,20210224,163500,1015,1015,1015,1015,31,0
CRJ,5,20210224,164000,1020,1020,1020,1020,5,0
CRJ,5,20210224,164500,1020,1020,1020,1020,26,0
CRJ,5,20210224,165500,1025,1025,1025,1025,65,0
CRJ,5,20210225,090000,1030,1030,1025,1025,15,0
CRJ,5,20210225,090500,1030,1030,1000,1000,31,0
CRJ,5,20210225,091000,1020,1020,1020,1020,2,0
CRJ,5,20210225,092000,1010,1020,1010,1020,6,0
CRJ,5,20210225,093000,1010,1015,1010,1015,11,0
CRJ,5,20210225,102000,1015,1015,1015,1015,2,0
CRJ,5,20210225,103000,1005,1005,1005,1005,1,0
CRJ,5,20210225,103500,1010,1015,1010,1015,24,0
CRJ,5,20210225,112000,1010,1010,1010,1010,15,0
CRJ,5,20210225,113500,1005,1005,1005,1005,12,0
CRJ,5,20210225,114000,1015,1015,1015,1015,25,0
CRJ,5,20210225,114500,1020,1020,1020,1020,1,0
CRJ,5,20210225,121500,1015,1015,1015,1015,23,0
CRJ,5,20210225,125000,1015,1015,1015,1015,7,0
CRJ,5,20210225,125500,1015,1015,1015,1015,13,0
CRJ,5,20210225,140000,1005,1005,1005,1005,12,0
CRJ,5,20210225,141000,1005,1005,1005,1005,2,0
CRJ,5,20210225,142500,1005,1005,1005,1005,6,0
CRJ,5,20210225,143500,1010,1010,1010,1010,25,0
CRJ,5,20210225,144000,1005,1005,1005,1005,1,0
CRJ,5,20210225,144500,1005,1005,1005,1005,10,0
CRJ,5,20210225,145000,1005,1010,1005,1010,2,0
CRJ,5,20210225,145500,1010,1010,1010,1010,9,0
CRJ,5,20210225,152500,1010,1010,1010,1010,3,0
CRJ,5,20210225,153500,1005,1010,1005,1010,5,0
CRJ,5,20210225,161000,1005,1005,1005,1005,13,0
CRJ,5,20210225,161500,1000,1005,1000,1005,65,0
CRJ,5,20210225,162000,1000,1000,1000,1000,1,0
CRJ,5,20210225,162500,1000,1000,1000,1000,2,0
CRJ,5,20210225,163000,998,998,998,998,16,0
CRJ,5,20210225,163500,996,1005,996,1005,4,0
CRJ,5,20210225,164500,1005,1005,1005,1005,6,0
CRJ,5,20210226,090000,990,990,980,982,75,0
CRJ,5,20210226,090500,984,984,972,980,102,0
CRJ,5,20210226,091000,972,988,970,988,24,0
CRJ,5,20210226,091500,988,988,988,988,6,0
CRJ,5,20210226,092000,990,990,978,978,16,0
CRJ,5,20210226,092500,990,990,978,988,8,0
CRJ,5,20210226,093500,990,994,990,994,12,0
CRJ,5,20210226,094000,990,992,990,992,7,0
CRJ,5,20210226,095500,984,992,982,992,15,0
CRJ,5,20210226,100000,980,980,980,980,10,0
CRJ,5,20210226,100500,986,986,982,982,5,0
CRJ,5,20210226,101500,986,988,986,988,11,0
CRJ,5,20210226,102000,988,988,986,986,10,0
CRJ,5,20210226,102500,990,990,990,990,5,0
CRJ,5,20210226,103000,988,990,988,990,4,0
CRJ,5,20210226,110000,990,990,990,990,1,0
CRJ,5,20210226,110500,986,986,986,986,8,0
CRJ,5,20210226,111000,984,984,984,984,20,0
CRJ,5,20210226,111500,982,982,982,982,15,0
CRJ,5,20210226,112000,982,982,982,982,25,0
CRJ,5,20210226,113000,982,988,980,980,20,0
CRJ,5,20210226,113500,988,988,988,988,1,0
CRJ,5,20210226,120000,988,988,988,988,1,0
CRJ,5,20210226,120500,988,988,988,988,4,0
CRJ,5,20210226,121000,990,990,990,990,5,0
CRJ,5,20210226,122000,990,990,990,990,2,0
CRJ,5,20210226,123500,986,986,986,986,3,0
CRJ,5,20210226,124000,982,982,980,980,11,0
CRJ,5,20210226,124500,980,980,980,980,5,0
CRJ,5,20210226,125000,986,986,986,986,1,0
CRJ,5,20210226,125500,980,980,978,978,20,0
CRJ,5,20210226,130000,988,988,988,988,1,0
CRJ,5,20210226,131500,984,984,976,976,31,0
CRJ,5,20210226,132000,978,984,978,984,6,0
CRJ,5,20210226,134000,980,980,980,980,3,0
CRJ,5,20210226,134500,984,986,982,982,14,0
CRJ,5,20210226,135000,986,986,986,986,1,0
CRJ,5,20210226,143500,984,984,984,984,1,0
CRJ,5,20210226,144500,984,984,982,982,6,0
CRJ,5,20210226,145000,982,982,982,982,3,0
CRJ,5,20210226,145500,980,980,980,980,67,0
CRJ,5,20210226,150000,980,982,980,982,5,0
CRJ,5,20210226,151000,982,982,982,982,7,0
CRJ,5,20210226,152000,986,986,986,986,5,0
CRJ,5,20210226,153000,982,982,982,982,4,0
CRJ,5,20210226,153500,980,980,980,980,9,0
CRJ,5,20210226,154000,984,984,984,984,1,0
CRJ,5,20210226,155000,982,982,982,982,2,0
CRJ,5,20210226,155500,984,986,984,986,22,0
CRJ,5,20210226,160000,986,990,986,990,16,0
CRJ,5,20210226,161000,986,986,986,986,12,0
CRJ,5,20210226,161500,986,986,986,986,2,0
CRJ,5,20210226,162000,986,988,986,988,7,0
CRJ,5,20210226,163000,988,988,988,988,2,0
CRJ,5,20210226,163500,988,988,988,988,2,0
CRJ,5,20210226,164000,988,988,988,988,3,0
CRJ,5,20210226,164500,986,990,982,990,18,0
CRJ,5,20210301,090000,982,1000,982,996,39,0
CRJ,5,20210301,090500,998,1000,998,1000,7,0
CRJ,5,20210301,091000,1000,1005,1000,1005,30,0
CRJ,5,20210301,091500,1005,1005,1005,1005,10,0
CRJ,5,20210301,092000,1000,1005,998,998,12,0
CRJ,5,20210301,092500,992,1000,990,1000,14,0
CRJ,5,20210301,093000,990,990,990,990,3,0
CRJ,5,20210301,093500,996,996,996,996,1,0
CRJ,5,20210301,094500,996,996,996,996,7,0
CRJ,5,20210301,095000,996,1000,992,992,24,0
CRJ,5,20210301,095500,990,990,990,990,23,0
CRJ,5,20210301,101500,986,996,986,996,7,0
CRJ,5,20210301,102000,986,986,986,986,3,0
CRJ,5,20210301,103000,988,996,988,996,6,0
CRJ,5,20210301,104000,990,990,990,990,2,0
CRJ,5,20210301,110000,988,994,986,994,11,0
CRJ,5,20210301,111000,994,994,994,994,3,0
CRJ,5,20210301,112000,996,996,996,996,1,0
CRJ,5,20210301,113500,996,996,996,996,2,0
CRJ,5,20210301,114000,996,996,996,996,7,0
CRJ,5,20210301,115000,992,992,992,992,2,0
CRJ,5,20210301,115500,992,992,992,992,3,0
CRJ,5,20210301,120500,996,996,996,996,2,0
CRJ,5,20210301,121000,992,992,992,992,4,0
CRJ,5,20210301,122500,996,996,996,996,5,0
CRJ,5,20210301,123500,992,992,990,990,6,0
CRJ,5,20210301,125000,986,986,986,986,1,0
CRJ,5,20210301,131000,990,990,988,988,214,0
CRJ,5,20210301,131500,996,996,996,996,1,0
CRJ,5,20210301,132500,988,988,988,988,5,0
CRJ,5,20210301,133500,992,992,992,992,3,0
CRJ,5,20210301,140500,992,992,992,992,8,0
CRJ,5,20210301,141000,992,994,990,990,19,0
CRJ,5,20210301,141500,990,990,986,988,159,0
CRJ,5,20210301,142500,986,986,986,986,5,0
CRJ,5,20210301,150000,986,986,986,986,7,0
CRJ,5,20210301,151000,986,986,986,986,6,0
CRJ,5,20210301,151500,986,990,986,990,2,0
CRJ,5,20210301,152500,990,990,990,990,8,0
CRJ,5,20210301,153000,990,990,990,990,3,0
CRJ,5,20210301,153500,996,996,996,996,1,0
CRJ,5,20210301,155000,996,996,996,996,6,0
CRJ,5,20210301,161500,990,990,990,990,6,0
CRJ,5,20210301,162500,994,994,994,994,1,0
CRJ,5,20210301,163500,988,988,988,988,9,0
CRJ,5,20210301,164500,994,998,994,998,7,0
CRJ,5,20210302,090000,998,998,990,990,21,0
CRJ,5,20210302,090500,986,996,982,996,13,0
CRJ,5,20210302,093500,994,994,994,994,3,0
CRJ,5,20210302,094000,984,984,984,984,2,0
CRJ,5,20210302,094500,994,994,994,994,1,0
CRJ,5,20210302,100000,988,988,988,988,5,0
CRJ,5,20210302,101500,990,992,990,992,3,0
CRJ,5,20210302,102000,990,990,990,990,3,0
CRJ,5,20210302,102500,992,992,992,992,1,0
CRJ,5,20210302,105000,990,990,990,990,9,0
CRJ,5,20210302,112500,990,990,990,990,1,0
CRJ,5,20210302,113500,992,992,990,990,20,0
CRJ,5,20210302,114500,992,992,992,992,20,0
CRJ,5,20210302,120000,990,990,988,988,14,0
CRJ,5,20210302,121500,988,990,988,990,3,0
CRJ,5,20210302,123000,988,988,988,988,1,0
CRJ,5,20210302,123500,988,988,988,988,4,0
CRJ,5,20210302,131000,986,986,986,986,20,0
CRJ,5,20210302,132500,988,990,988,990,3,0
CRJ,5,20210302,135000,992,992,992,992,43,0
CRJ,5,20210302,135500,992,992,992,992,17,0
CRJ,5,20210302,141000,990,990,990,990,2,0
CRJ,5,20210302,141500,992,992,992,992,2,0
CRJ,5,20210302,143000,990,990,990,990,3,0
CRJ,5,20210302,145000,992,992,992,992,2,0
CRJ,5,20210302,145500,992,992,992,992,44,0
CRJ,5,20210302,150000,992,992,992,992,2,0
CRJ,5,20210302,150500,992,992,992,992,20,0
CRJ,5,20210302,160500,990,990,990,990,11,0
CRJ,5,20210302,164000,988,988,988,988,6,0
CRJ,5,20210302,164500,990,990,990,990,5,0
CRJ,5,20210303,090000,990,990,990,990,5,0
CRJ,5,20210303,091000,986,996,984,996,12,0
CRJ,5,20210303,094000,994,994,994,994,3,0
CRJ,5,20210303,095000,990,990,990,990,3,0
CRJ,5,20210303,100500,990,990,990,990,2,0
CRJ,5,20210303,101500,988,988,988,988,2,0
CRJ,5,20210303,103000,988,988,988,988,7,0
CRJ,5,20210303,104000,986,986,986,986,4,0
CRJ,5,20210303,104500,984,984,984,984,2,0
CRJ,5,20210303,105000,984,984,984,984,5,0
CRJ,5,20210303,110000,984,984,984,984,38,0
CRJ,5,20210303,111000,984,984,984,984,5,0
CRJ,5,20210303,112500,986,986,986,986,6,0
CRJ,5,20210303,113500,984,984,984,984,3,0
CRJ,5,20210303,114000,982,982,982,982,29,0
CRJ,5,20210303,120000,982,986,982,986,3,0
CRJ,5,20210303,120500,984,984,984,984,1,0
CRJ,5,20210303,121000,984,984,984,984,2,0
CRJ,5,20210303,121500,980,980,970,980,100,0
CRJ,5,20210303,122500,976,976,976,976,1,0
CRJ,5,20210303,123500,976,976,976,976,3,0
CRJ,5,20210303,124000,974,974,974,974,1,0
CRJ,5,20210303,124500,974,974,974,974,17,0
CRJ,5,20210303,125500,972,980,972,980,15,0
CRJ,5,20210303,130000,980,980,980,980,3,0
CRJ,5,20210303,132000,976,976,974,974,2,0
CRJ,5,20210303,133000,976,980,976,980,2,0
CRJ,5,20210303,135500,976,976,968,968,157,0
CRJ,5,20210303,140500,970,970,970,970,12,0
CRJ,5,20210303,141000,968,976,968,976,8,0
CRJ,5,20210303,141500,976,976,976,976,2,0
CRJ,5,20210303,142000,978,978,978,978,1,0
CRJ,5,20210303,144000,978,978,970,970,12,0
CRJ,5,20210303,144500,968,970,968,970,14,0
CRJ,5,20210303,145000,966,966,966,966,25,0
CRJ,5,20210303,145500,970,970,964,964,18,0
CRJ,5,20210303,150500,964,968,964,968,3,0
CRJ,5,20210303,151500,966,966,964,964,22,0
CRJ,5,20210303,152000,964,964,960,960,58,0
CRJ,5,20210303,152500,966,966,966,966,1,0
CRJ,5,20210303,153500,966,966,966,966,1,0
CRJ,5,20210303,155500,962,962,962,962,2,0
CRJ,5,20210303,160000,964,966,960,960,85,0
CRJ,5,20210303,160500,960,966,958,964,30,0
CRJ,5,20210303,161000,960,960,960,960,1,0
CRJ,5,20210303,161500,958,962,940,962,277,0
CRJ,5,20210303,162500,958,958,958,958,2,0
CRJ,5,20210303,163000,954,960,954,960,2,0
CRJ,5,20210303,163500,960,960,952,952,7,0
CRJ,5,20210303,164000,960,960,958,958,3,0
CRJ,5,20210303,164500,952,958,952,952,101,0
CRJ,5,20210304,090000,952,960,946,952,37,0
CRJ,5,20210304,090500,944,950,940,942,163,0
CRJ,5,20210304,091000,940,948,940,940,65,0
CRJ,5,20210304,091500,940,942,940,942,3,0
CRJ,5,20210304,092000,946,946,940,942,20,0
CRJ,5,20210304,092500,942,942,942,942,33,0
CRJ,5,20210304,093000,946,948,942,942,27,0
CRJ,5,20210304,094000,942,942,942,942,3,0
CRJ,5,20210304,094500,942,948,942,948,61,0
CRJ,5,20210304,095000,946,946,946,946,5,0
CRJ,5,20210304,095500,948,948,948,948,1,0
CRJ,5,20210304,100500,946,946,946,946,17,0
CRJ,5,20210304,101000,948,948,948,948,5,0
CRJ,5,20210304,101500,948,948,946,946,3,0
CRJ,5,20210304,102000,946,946,946,946,13,0
CRJ,5,20210304,102500,944,946,944,946,14,0
CRJ,5,20210304,103500,948,948,946,946,28,0
CRJ,5,20210304,104000,948,948,948,948,30,0
CRJ,5,20210304,104500,950,952,950,952,91,0
CRJ,5,20210304,105000,952,952,952,952,10,0
CRJ,5,20210304,105500,950,950,950,950,3,0
CRJ,5,20210304,110000,950,950,950,950,9,0
CRJ,5,20210304,111000,954,954,954,954,1,0
CRJ,5,20210304,111500,954,954,954,954,2,0
CRJ,5,20210304,112500,950,950,948,948,45,0
CRJ,5,20210304,113000,946,946,942,942,217,0
CRJ,5,20210304,113500,942,942,940,940,37,0
CRJ,5,20210304,114000,942,942,942,942,3,0
CRJ,5,20210304,114500,942,946,940,944,159,0
CRJ,5,20210304,115000,944,944,940,940,138,0
CRJ,5,20210304,115500,940,940,938,938,43,0
CRJ,5,20210304,120000,938,938,938,938,27,0
CRJ,5,20210304,121000,940,940,940,940,2,0
CRJ,5,20210304,121500,940,946,940,940,13,0
CRJ,5,20210304,122000,938,944,938,944,5,0
CRJ,5,20210304,122500,942,942,942,942,15,0
CRJ,5,20210304,123500,944,946,944,946,119,0
CRJ,5,20210304,124000,950,954,948,954,14,0
CRJ,5,20210304,124500,952,952,952,952,12,0
CRJ,5,20210304,131000,950,952,950,952,4,0
CRJ,5,20210304,132000,952,952,948,948,23,0
CRJ,5,20210304,134000,950,950,950,950,1,0
CRJ,5,20210304,135000,944,944,944,944,8,0
CRJ,5,20210304,142000,944,948,942,944,151,0
CRJ,5,20210304,142500,944,944,944,944,7,0
CRJ,5,20210304,143000,942,942,942,942,5,0
CRJ,5,20210304,143500,946,946,946,946,1,0
CRJ,5,20210304,144500,946,946,946,946,47,0
CRJ,5,20210304,145000,946,946,946,946,2,0
CRJ,5,20210304,150000,946,948,946,948,25,0
CRJ,5,20210304,152000,948,948,948,948,15,0
CRJ,5,20210304,152500,948,950,948,950,24,0
CRJ,5,20210304,153500,946,946,946,946,1,0
CRJ,5,20210304,154000,950,950,950,950,3,0
CRJ,5,20210304,154500,950,952,950,952,62,0
CRJ,5,20210304,160000,954,954,952,952,11,0
CRJ,5,20210304,160500,952,952,948,948,10,0
CRJ,5,20210304,161000,950,950,950,950,6,0
CRJ,5,20210304,162000,950,950,950,950,5,0
CRJ,5,20210304,162500,950,950,950,950,33,0
CRJ,5,20210304,163500,954,956,954,956,13,0
CRJ,5,20210304,164000,956,960,956,960,6,0
CRJ,5,20210304,164500,960,970,960,970,37,0
CRJ,5,20210305,090000,962,962,942,942,23,0
CRJ,5,20210305,090500,946,960,946,958,13,0
CRJ,5,20210305,091000,958,960,958,960,3,0
CRJ,5,20210305,093000,956,958,956,958,12,0
CRJ,5,20210305,094500,958,958,954,954,3,0
CRJ,5,20210305,095000,952,952,952,952,3,0
CRJ,5,20210305,095500,956,956,956,956,5,0
CRJ,5,20210305,100500,952,952,952,952,5,0
CRJ,5,20210305,101000,950,950,950,950,14,0
CRJ,5,20210305,101500,950,950,950,950,26,0
CRJ,5,20210305,102000,956,956,956,956,1,0
CRJ,5,20210305,103000,956,958,956,958,3,0
CRJ,5,20210305,104500,956,956,956,956,3,0
CRJ,5,20210305,105000,954,954,950,950,2,0
CRJ,5,20210305,112500,956,956,956,956,2,0
CRJ,5,20210305,115500,950,958,950,958,12,0
CRJ,5,20210305,120500,956,956,956,956,2,0
CRJ,5,20210305,121000,954,954,954,954,6,0
CRJ,5,20210305,124500,958,958,956,956,11,0
CRJ,5,20210305,125500,958,960,958,960,4,0
CRJ,5,20210305,131500,960,960,960,960,7,0
CRJ,5,20210305,134000,958,966,958,966,21,0
CRJ,5,20210305,143000,958,958,958,958,11,0
CRJ,5,20210305,144000,962,962,962,962,25,0
CRJ,5,20210305,145000,966,966,966,966,1,0
CRJ,5,20210305,145500,968,968,968,968,1,0
CRJ,5,20210305,150000,962,966,962,966,6,0
CRJ,5,20210305,151500,968,968,968,968,5,0
CRJ,5,20210305,152000,968,968,968,968,1,0
CRJ,5,20210305,154000,964,964,964,964,2,0
CRJ,5,20210305,155000,972,972,962,962,21,0
CRJ,5,20210305,155500,988,988,986,986,6,0
CRJ,5,20210305,160000,970,970,970,970,5,0
CRJ,5,20210305,162000,982,982,982,982,5,0
CRJ,5,20210305,163500,982,982,982,982,2,0
CRJ,5,20210305,164000,974,984,974,984,14,0
CRJ,5,20210305,164500,982,982,982,982,11,0
CRJ,5,20210308,090000,986,986,974,974,7,0
CRJ,5,20210308,090500,980,980,980,980,10,0
CRJ,5,20210308,091500,974,974,974,974,3,0
CRJ,5,20210308,093000,972,972,972,972,3,0
CRJ,5,20210308,093500,970,970,970,970,7,0
CRJ,5,20210308,094500,978,978,978,978,1,0
CRJ,5,20210308,095000,968,968,968,968,5,0
CRJ,5,20210308,100000,966,976,966,976,6,0
CRJ,5,20210308,100500,976,976,976,976,1,0
CRJ,5,20210308,101000,976,976,976,976,1,0
CRJ,5,20210308,101500,976,976,976,976,4,0
CRJ,5,20210308,102000,970,970,968,968,2,0
CRJ,5,20210308,102500,968,968,968,968,3,0
CRJ,5,20210308,104000,966,966,960,960,53,0
CRJ,5,20210308,110500,970,970,970,970,1,0
CRJ,5,20210308,111000,970,970,970,970,6,0
CRJ,5,20210308,111500,970,970,962,962,5,0
CRJ,5,20210308,112500,970,970,970,970,2,0
CRJ,5,20210308,113500,964,964,964,964,5,0
CRJ,5,20210308,114000,962,962,962,962,4,0
CRJ,5,20210308,114500,964,964,964,964,3,0
CRJ,5,20210308,115500,970,970,970,970,1,0
CRJ,5,20210308,120000,968,968,968,968,3,0
CRJ,5,20210308,120500,970,970,968,968,12,0
CRJ,5,20210308,121000,968,968,968,968,27,0
CRJ,5,20210308,124500,968,968,968,968,3,0
CRJ,5,20210308,131500,976,976,976,976,6,0
CRJ,5,20210308,132000,978,978,978,978,17,0
CRJ,5,20210308,134500,978,980,978,980,37,0
CRJ,5,20210308,135000,984,984,984,984,1,0
CRJ,5,20210308,141500,982,996,982,996,64,0
CRJ,5,20210308,142000,990,990,990,990,9,0
CRJ,5,20210308,143500,992,992,992,992,2,0
CRJ,5,20210308,145000,994,994,994,994,11,0
CRJ,5,20210308,150500,992,994,992,994,10,0
CRJ,5,20210308,152500,994,994,994,994,2,0
CRJ,5,20210308,154500,994,994,994,994,1,0
CRJ,5,20210308,155500,992,992,992,992,1,0
CRJ,5,20210308,160500,996,998,996,998,16,0
CRJ,5,20210308,161000,994,994,994,994,5,0
CRJ,5,20210308,161500,994,998,994,998,2,0
CRJ,5,20210308,162500,992,992,992,992,1,0
CRJ,5,20210308,164500,998,998,998,998,6,0
CRJ,5,20210309,090000,1000,1005,1000,1005,19,0
CRJ,5,20210309,090500,1005,1005,1000,1000,14,0
CRJ,5,20210309,091000,1005,1005,998,1000,11,0
CRJ,5,20210309,091500,998,998,998,998,1,0
CRJ,5,20210309,092000,994,994,992,992,7,0
CRJ,5,20210309,092500,990,990,984,984,18,0
CRJ,5,20210309,093000,988,990,988,990,10,0
CRJ,5,20210309,101500,988,988,986,986,4,0
CRJ,5,20210309,103500,996,998,996,998,10,0
CRJ,5,20210309,104000,990,990,990,990,16,0
CRJ,5,20210309,104500,990,990,990,990,4,0
CRJ,5,20210309,105000,990,990,990,990,5,0
CRJ,5,20210309,105500,990,990,990,990,5,0
CRJ,5,20210309,110000,990,990,990,990,1,0
CRJ,5,20210309,110500,990,996,990,996,7,0
CRJ,5,20210309,111000,990,990,990,990,1,0
CRJ,5,20210309,113500,990,994,988,994,14,0
CRJ,5,20210309,121500,994,994,994,994,4,0
CRJ,5,20210309,123000,992,992,988,988,12,0
CRJ,5,20210309,124500,988,988,988,988,6,0
CRJ,5,20210309,130500,988,988,988,988,2,0
CRJ,5,20210309,143500,988,988,988,988,11,0
CRJ,5,20210309,150500,988,988,986,986,13,0
CRJ,5,20210309,151000,990,990,990,990,1,0
CRJ,5,20210309,152500,990,990,990,990,1,0
CRJ,5,20210309,155000,988,988,988,988,1,0
CRJ,5,20210309,161000,990,994,990,994,3,0
CRJ,5,20210309,161500,994,998,994,998,3,0
CRJ,5,20210309,163500,992,992,990,990,3,0
CRJ,5,20210309,164500,990,996,976,996,116,0
CRJ,5,20210309,165500,994,994,994,994,1,0
CRJ,5,20210310,090000,998,1000,996,996,31,0
CRJ,5,20210310,091500,996,996,986,986,2,0
CRJ,5,20210310,092000,996,996,996,996,21,0
CRJ,5,20210310,092500,996,996,994,994,5,0
CRJ,5,20210310,094500,996,1000,994,994,25,0
CRJ,5,20210310,095500,1000,1000,1000,1000,20,0
CRJ,5,20210310,100000,1000,1000,998,1000,6,0
CRJ,5,20210310,101000,1000,1000,1000,1000,5,0
CRJ,5,20210310,101500,998,1000,998,1000,26,0
CRJ,5,20210310,102000,1000,1000,1000,1000,1,0
CRJ,5,20210310,103000,1000,1000,1000,1000,2,0
CRJ,5,20210310,103500,1000,1005,998,998,22,0
CRJ,5,20210310,104500,996,998,990,998,21,0
CRJ,5,20210310,105000,1000,1000,1000,1000,1,0
CRJ,5,20210310,114500,992,992,992,992,4,0
CRJ,5,20210310,121500,994,994,994,994,1,0
CRJ,5,20210310,122500,990,990,990,990,28,0
CRJ,5,20210310,123500,988,988,986,986,17,0
CRJ,5,20210310,124500,994,994,994,994,10,0
CRJ,5,20210310,132000,994,994,994,994,5,0
CRJ,5,20210310,133000,988,988,988,988,1,0
CRJ,5,20210310,134000,990,994,986,994,13,0
CRJ,5,20210310,134500,986,986,976,976,86,0
CRJ,5,20210310,140000,990,990,980,980,14,0
CRJ,5,20210310,144000,978,978,978,978,12,0
CRJ,5,20210310,160000,978,978,978,978,29,0
CRJ,5,20210310,162000,978,978,978,978,6,0
CRJ,5,20210310,162500,976,976,972,972,37,0
CRJ,5,20210310,163000,972,972,972,972,5,0
CRJ,5,20210310,163500,976,976,974,974,4,0
CRJ,5,20210310,164000,976,976,976,976,2,0
CRJ,5,20210310,164500,972,976,972,976,10,0
CRJ,5,20210311,090000,980,982,976,976,27,0
CRJ,5,20210311,090500,986,986,986,986,1,0
CRJ,5,20210311,091000,984,984,984,984,2,0
CRJ,5,20210311,091500,986,986,986,986,1,0
CRJ,5,20210311,092000,980,980,980,980,3,0
CRJ,5,20210311,092500,980,980,980,980,1,0
CRJ,5,20210311,093500,980,980,980,980,50,0
CRJ,5,20210311,100000,982,982,982,982,12,0
CRJ,5,20210311,103500,982,982,982,982,1,0
CRJ,5,20210311,104500,980,990,980,980,426,0
CRJ,5,20210311,105000,992,992,992,992,1,0
CRJ,5,20210311,114500,986,986,986,986,5,0
CRJ,5,20210311,115500,988,988,988,988,9,0
CRJ,5,20210311,125000,984,984,984,984,3,0
CRJ,5,20210311,125500,988,988,982,982,8,0
CRJ,5,20210311,130500,988,988,988,988,5,0
CRJ,5,20210311,131500,982,982,982,982,3,0
CRJ,5,20210311,132500,980,980,980,980,13,0
CRJ,5,20210311,133000,980,980,980,980,30,0
CRJ,5,20210311,134500,982,982,982,982,10,0
CRJ,5,20210311,140000,986,986,982,982,11,0
CRJ,5,20210311,140500,984,984,984,984,1,0
CRJ,5,20210311,142500,984,984,984,984,8,0
CRJ,5,20210311,144000,984,984,984,984,10,0
CRJ,5,20210311,151500,988,988,988,988,7,0
CRJ,5,20210311,152500,988,990,988,990,2,0
CRJ,5,20210311,160000,988,988,980,980,100,0
CRJ,5,20210311,162000,980,980,980,980,4,0
CRJ,5,20210311,164500,986,986,986,986,7,0
CRJ,5,20210312,090000,980,992,980,992,14,0
CRJ,5,20210312,090500,976,988,976,988,7,0
CRJ,5,20210312,091500,988,988,986,986,21,0
CRJ,5,20210312,092000,986,986,984,984,16,0
CRJ,5,20210312,093000,978,982,976,982,6,0
CRJ,5,20210312,093500,976,976,972,972,20,0
CRJ,5,20210312,094000,972,972,972,972,1,0
CRJ,5,20210312,094500,982,982,982,982,1,0
CRJ,5,20210312,100500,978,978,976,976,3,0
CRJ,5,20210312,102000,976,976,974,974,5,0
CRJ,5,20210312,103500,980,980,980,980,8,0
CRJ,5,20210312,105500,974,974,974,974,8,0
CRJ,5,20210312,110000,972,972,970,970,44,0
CRJ,5,20210312,112500,976,976,976,976,1,0
CRJ,5,20210312,113000,976,976,976,976,9,0
CRJ,5,20210312,113500,976,976,974,974,2,0
CRJ,5,20210312,114000,974,974,970,970,5,0
CRJ,5,20210312,114500,970,970,962,962,41,0
CRJ,5,20210312,115000,976,976,976,976,1,0
CRJ,5,20210312,125000,976,976,976,976,4,0
CRJ,5,20210312,130000,978,978,978,978,6,0
CRJ,5,20210312,131000,978,978,978,978,2,0
CRJ,5,20210312,131500,976,976,976,976,3,0
CRJ,5,20210312,132000,970,970,970,970,2,0
CRJ,5,20210312,133000,972,972,972,972,14,0
CRJ,5,20210312,133500,976,976,976,976,4,0
CRJ,5,20210312,135500,970,976,970,976,5,0
CRJ,5,20210312,143500,972,972,972,972,5,0
CRJ,5,20210312,144000,972,978,972,978,3,0
CRJ,5,20210312,145000,978,980,978,980,8,0
CRJ,5,20210312,150000,978,978,972,972,8,0
CRJ,5,20210312,150500,970,970,970,970,5,0
CRJ,5,20210312,151000,970,972,970,972,7,0
CRJ,5,20210312,152000,970,970,970,970,3,0
CRJ,5,20210312,152500,974,978,972,978,6,0
CRJ,5,20210312,153500,972,972,972,972,6,0
CRJ,5,20210312,160000,974,974,972,972,8,0
CRJ,5,20210312,161000,972,972,972,972,2,0
CRJ,5,20210312,162500,972,972,972,972,1,0
CRJ,5,20210312,163000,976,976,976,976,1,0
CRJ,5,20210312,164500,972,980,972,980,9,0
CRJ,5,20210315,090000,978,978,970,970,32,0
CRJ,5,20210315,090500,976,976,972,972,7,0
CRJ,5,20210315,091000,976,980,976,980,13,0
CRJ,5,20210315,091500,984,986,984,986,4,0
CRJ,5,20210315,092000,986,986,986,986,2,0
CRJ,5,20210315,092500,984,984,980,980,14,0
CRJ,5,20210315,093000,980,980,974,974,14,0
CRJ,5,20210315,093500,982,982,982,982,2,0
CRJ,5,20210315,094500,980,980,980,980,4,0
CRJ,5,20210315,095000,982,982,982,982,3,0
CRJ,5,20210315,095500,982,982,982,982,2,0
CRJ,5,20210315,102000,974,974,974,974,3,0
CRJ,5,20210315,104000,976,976,974,976,11,0
CRJ,5,20210315,104500,980,980,980,980,4,0
CRJ,5,20210315,105000,974,974,974,974,1,0
CRJ,5,20210315,105500,974,974,974,974,2,0
CRJ,5,20210315,110500,974,974,974,974,2,0
CRJ,5,20210315,111500,980,980,980,980,5,0
CRJ,5,20210315,112000,974,974,974,974,20,0
CRJ,5,20210315,113500,974,974,974,974,23,0
CRJ,5,20210315,114500,972,978,966,978,58,0
CRJ,5,20210315,115500,978,978,978,978,3,0
CRJ,5,20210315,120000,978,978,978,978,1,0
CRJ,5,20210315,123500,972,972,970,970,50,0
CRJ,5,20210315,124500,978,978,978,978,10,0
CRJ,5,20210315,125000,970,970,970,970,5,0
CRJ,5,20210315,125500,976,976,968,968,2,0
CRJ,5,20210315,132500,976,976,976,976,2,0
CRJ,5,20210315,133000,970,970,970,970,8,0
CRJ,5,20210315,133500,970,970,970,970,8,0
CRJ,5,20210315,134500,976,978,972,972,105,0
CRJ,5,20210315,140500,978,978,978,978,2,0
CRJ,5,20210315,144000,978,978,978,978,3,0
CRJ,5,20210315,151000,978,978,978,978,19,0
CRJ,5,20210315,151500,978,978,978,978,3,0
CRJ,5,20210315,152500,978,978,978,978,3,0
CRJ,5,20210315,154000,978,978,978,978,3,0
CRJ,5,20210315,154500,978,978,978,978,34,0
CRJ,5,20210315,160000,970,970,970,970,8,0
CRJ,5,20210315,162000,976,976,976,976,2,0
CRJ,5,20210315,163500,970,970,970,970,5,0
CRJ,5,20210315,164500,970,970,968,968,16,0
CRJ,5,20210316,090000,968,976,968,976,19,0
CRJ,5,20210316,090500,980,982,972,972,12,0
CRJ,5,20210316,091000,980,982,980,982,13,0
CRJ,5,20210316,092500,980,990,980,990,38,0
CRJ,5,20210316,093000,990,990,984,984,10,0
CRJ,5,20210316,094000,984,984,984,984,2,0
CRJ,5,20210316,094500,988,988,988,988,1,0
CRJ,5,20210316,095000,984,984,984,984,7,0
CRJ,5,20210316,095500,984,984,984,984,1,0
CRJ,5,20210316,100500,982,982,982,982,3,0
CRJ,5,20210316,101000,988,988,988,988,1,0
CRJ,5,20210316,102000,980,980,980,980,2,0
CRJ,5,20210316,103000,976,976,976,976,1,0
CRJ,5,20210316,103500,986,986,986,986,4,0
CRJ,5,20210316,104500,980,980,980,980,1,0
CRJ,5,20210316,105500,980,980,980,980,2,0
CRJ,5,20210316,111500,980,980,980,980,2,0
CRJ,5,20210316,112000,976,976,970,970,70,0
CRJ,5,20210316,112500,974,974,974,974,1,0
CRJ,5,20210316,115000,972,972,972,972,1,0
CRJ,5,20210316,120500,978,978,978,978,1,0
CRJ,5,20210316,121500,978,978,978,978,2,0
CRJ,5,20210316,122500,980,980,980,980,4,0
CRJ,5,20210316,125500,982,982,982,982,1,0
CRJ,5,20210316,135000,972,980,972,980,2,0
CRJ,5,20210316,140500,980,980,980,980,3,0
CRJ,5,20210316,141500,980,980,980,980,2,0
CRJ,5,20210316,145000,982,982,974,974,8,0
CRJ,5,20210316,145500,980,982,980,982,4,0
CRJ,5,20210316,151000,984,984,984,984,1,0
CRJ,5,20210316,151500,982,982,982,982,3,0
CRJ,5,20210316,152000,982,982,982,982,2,0
CRJ,5,20210316,163000,980,980,980,980,3,0
CRJ,5,20210316,164000,976,976,976,976,4,0
CRJ,5,20210316,164500,976,984,976,984,19,0
CRJ,5,20210317,090000,980,994,980,994,12,0
CRJ,5,20210317,090500,986,986,986,986,3,0
CRJ,5,20210317,091000,988,990,988,988,17,0
CRJ,5,20210317,092000,990,992,990,992,21,0
CRJ,5,20210317,092500,990,992,990,992,3,0
CRJ,5,20210317,095500,984,984,984,984,6,0
CRJ,5,20210317,105000,984,984,984,984,4,0
CRJ,5,20210317,110500,984,984,980,980,14,0
CRJ,5,20210317,112000,978,978,978,978,16,0
CRJ,5,20210317,112500,986,986,986,986,1,0
CRJ,5,20210317,120500,980,980,980,980,3,0
CRJ,5,20210317,121000,974,974,974,974,5,0
CRJ,5,20210317,122000,982,982,982,982,1,0
CRJ,5,20210317,123000,974,974,974,974,1,0
CRJ,5,20210317,123500,980,982,980,982,10,0
CRJ,5,20210317,124000,974,974,974,974,7,0
CRJ,5,20210317,130000,974,974,974,974,7,0
CRJ,5,20210317,131000,972,972,970,970,6,0
CRJ,5,20210317,133500,968,968,968,968,8,0
CRJ,5,20210317,134000,972,972,972,972,1,0
CRJ,5,20210317,134500,972,972,972,972,4,0
CRJ,5,20210317,135000,968,968,966,966,73,0
CRJ,5,20210317,135500,964,966,964,966,16,0
CRJ,5,20210317,140500,964,966,960,966,36,0
CRJ,5,20210317,141000,962,966,954,966,30,0
CRJ,5,20210317,142000,964,964,964,964,1,0
CRJ,5,20210317,143500,960,960,950,950,124,0
CRJ,5,20210317,144000,960,960,958,958,6,0
CRJ,5,20210317,144500,958,958,958,958,11,0
CRJ,5,20210317,145500,958,960,952,960,9,0
CRJ,5,20210317,151000,960,960,960,960,4,0
CRJ,5,20210317,151500,964,964,964,964,1,0
CRJ,5,20210317,153000,964,964,964,964,11,0
CRJ,5,20210317,153500,966,968,966,968,13,0
CRJ,5,20210317,154500,966,966,966,966,1,0
CRJ,5,20210317,160000,966,966,966,966,9,0
CRJ,5,20210317,160500,962,962,962,962,3,0
CRJ,5,20210317,161000,962,962,962,962,2,0
CRJ,5,20210317,163000,962,962,960,960,15,0
CRJ,5,20210317,163500,960,960,960,960,1,0
CRJ,5,20210317,164000,960,964,950,964,37,0
CRJ,5,20210317,164500,964,964,964,964,5,0
CRJ,5,20210317,165500,972,972,972,972,70,0
CRJ,5,20210318,090000,978,998,978,998,62,0
CRJ,5,20210318,090500,986,994,980,980,27,0
CRJ,5,20210318,091000,980,990,980,990,17,0
CRJ,5,20210318,092000,990,990,990,990,4,0
CRJ,5,20210318,092500,990,992,990,990,15,0
CRJ,5,20210318,093000,992,994,992,994,35,0
CRJ,5,20210318,093500,994,994,994,994,8,0
CRJ,5,20210318,094000,992,992,992,992,10,0
CRJ,5,20210318,094500,990,1000,990,1000,72,0
CRJ,5,20210318,095000,1000,1005,1000,1000,67,0
CRJ,5,20210318,100500,1000,1005,1000,1005,15,0
CRJ,5,20210318,101000,1005,1005,998,998,10,0
CRJ,5,20210318,101500,996,1015,996,1015,9,0
CRJ,5,20210318,102000,1015,1020,1010,1010,30,0
CRJ,5,20210318,102500,1010,1015,1000,1015,8,0
CRJ,5,20210318,103000,1015,1015,1015,1015,3,0
CRJ,5,20210318,103500,1015,1015,1015,1015,4,0
CRJ,5,20210318,104000,1015,1020,1010,1020,51,0
CRJ,5,20210318,104500,1010,1010,1005,1005,21,0
CRJ,5,20210318,105500,1010,1010,1010,1010,1,0
CRJ,5,20210318,110000,1010,1010,1010,1010,1,0
CRJ,5,20210318,110500,1005,1005,1005,1005,5,0
CRJ,5,20210318,111000,1005,1015,1000,1000,23,0
CRJ,5,20210318,114000,1010,1010,1005,1005,11,0
CRJ,5,20210318,114500,1005,1005,1005,1005,7,0
CRJ,5,20210318,115500,1010,1010,1010,1010,4,0
CRJ,5,20210318,121500,1015,1015,1015,1015,8,0
CRJ,5,20210318,122000,1010,1015,1010,1015,8,0
CRJ,5,20210318,123000,1005,1005,1005,1005,8,0
CRJ,5,20210318,123500,1000,1010,1000,1010,85,0
CRJ,5,20210318,124000,1005,1005,1005,1005,1,0
CRJ,5,20210318,125000,998,998,992,992,7,0
CRJ,5,20210318,125500,998,998,998,998,1,0
CRJ,5,20210318,132500,998,998,998,998,2,0
CRJ,5,20210318,133000,1000,1000,1000,1000,1,0
CRJ,5,20210318,133500,998,998,998,998,3,0
CRJ,5,20210318,135500,990,990,988,988,35,0
CRJ,5,20210318,140000,998,998,998,998,6,0
CRJ,5,20210318,142500,1000,1000,1000,1000,3,0
CRJ,5,20210318,143500,996,996,992,992,6,0
CRJ,5,20210318,144500,990,1000,990,990,27,0
CRJ,5,20210318,145000,990,1000,990,990,16,0
CRJ,5,20210318,150500,998,998,990,990,12,0
CRJ,5,20210318,151000,998,998,998,998,1,0
CRJ,5,20210318,152000,998,998,998,998,3,0
CRJ,5,20210318,152500,1000,1000,1000,1000,1,0
CRJ,5,20210318,154500,990,990,990,990,3,0
CRJ,5,20210318,155000,990,990,990,990,21,0
CRJ,5,20210318,160000,990,998,990,998,6,0
CRJ,5,20210318,161000,998,998,998,998,2,0
CRJ,5,20210318,163000,990,990,990,990,8,0
CRJ,5,20210318,163500,990,998,990,998,4,0
CRJ,5,20210318,164000,998,998,998,998,2,0
CRJ,5,20210318,164500,998,998,998,998,12,0
CRJ,5,20210319,094500,998,998,998,998,3,0
CRJ,5,20210319,100500,990,990,990,990,12,0
CRJ,5,20210319,101000,998,998,998,998,14,0
CRJ,5,20210319,101500,1000,1015,1000,1015,59,0
CRJ,5,20210319,102500,1010,1015,1010,1015,5,0
CRJ,5,20210319,104000,1010,1010,1010,1010,3,0
CRJ,5,20210319,111000,1005,1005,1005,1005,2,0
CRJ,5,20210319,111500,1005,1005,1005,1005,40,0
CRJ,5,20210319,112000,1005,1010,1005,1010,45,0
CRJ,5,20210319,112500,1010,1015,1005,1015,8,0
CRJ,5,20210319,114000,1010,1010,1010,1010,10,0
CRJ,5,20210319,114500,1005,1010,1005,1010,51,0
CRJ,5,20210319,115000,1010,1010,1010,1010,1,0
CRJ,5,20210319,115500,1010,1015,1010,1015,23,0
CRJ,5,20210319,120500,1010,1010,1010,1010,1,0
CRJ,5,20210319,121000,1010,1010,1005,1005,21,0
CRJ,5,20210319,122000,1005,1005,1005,1005,7,0
CRJ,5,20210319,130000,1015,1015,1015,1015,3,0
CRJ,5,20210319,132000,1015,1015,1015,1015,5,0
CRJ,5,20210319,133000,1010,1010,1010,1010,2,0
CRJ,5,20210319,134500,1010,1010,1010,1010,5,0
CRJ,5,20210319,135500,1010,1010,1010,1010,4,0
CRJ,5,20210319,141000,1010,1010,1010,1010,5,0
CRJ,5,20210319,141500,1010,1010,1010,1010,3,0
CRJ,5,20210319,143000,1005,1005,1005,1005,15,0
CRJ,5,20210319,143500,1005,1005,1005,1005,7,0
CRJ,5,20210319,144000,1005,1005,1005,1005,4,0
CRJ,5,20210319,145000,1010,1010,1010,1010,1,0
CRJ,5,20210319,145500,1010,1010,1010,1010,5,0
CRJ,5,20210319,150500,1005,1005,1005,1005,10,0
CRJ,5,20210319,152000,1010,1010,1010,1010,4,0
CRJ,5,20210319,152500,1010,1010,1010,1010,1,0
CRJ,5,20210319,153000,1015,1015,1015,1015,9,0
CRJ,5,20210319,153500,1005,1010,1005,1010,9,0
CRJ,5,20210319,154000,1005,1005,1005,1005,2,0
CRJ,5,20210319,155000,1005,1005,1005,1005,6,0
CRJ,5,20210319,155500,1015,1015,1015,1015,1,0
CRJ,5,20210319,162500,1005,1005,1005,1005,9,0
CRJ,5,20210319,164500,1010,1010,1010,1010,8,0
CRJ,5,20210322,090000,1020,1020,1010,1010,22,0
CRJ,5,20210322,090500,1000,1000,1000,1000,5,0
CRJ,5,20210322,091500,1010,1010,1010,1010,1,0
CRJ,5,20210322,093000,998,1005,990,1005,34,0
CRJ,5,20210322,095500,996,996,996,996,22,0
CRJ,5,20210322,104000,994,994,994,994,4,0
CRJ,5,20210322,104500,1005,1005,1005,1005,1,0
CRJ,5,20210322,110500,994,994,994,994,6,0
CRJ,5,20210322,112000,1000,1000,1000,1000,1,0
CRJ,5,20210322,112500,1000,1000,1000,1000,5,0
CRJ,5,20210322,114000,994,1000,992,1000,11,0
CRJ,5,20210322,115000,994,994,992,992,10,0
CRJ,5,20210322,122000,992,992,992,992,2,0
CRJ,5,20210322,124500,992,992,992,992,2,0
CRJ,5,20210322,140500,1000,1000,1000,1000,1,0
CRJ,5,20210322,141500,1000,1000,1000,1000,10,0
CRJ,5,20210322,142000,1000,1000,1000,1000,10,0
CRJ,5,20210322,143500,996,996,996,996,5,0
CRJ,5,20210322,144500,994,994,994,994,1,0
CRJ,5,20210322,155500,996,996,996,996,4,0
CRJ,5,20210322,162000,994,994,990,990,46,0
CRJ,5,20210322,163000,990,990,990,990,2,0
CRJ,5,20210322,163500,990,990,990,990,3,0
CRJ,5,20210322,164000,990,990,988,988,10,0
CRJ,5,20210322,164500,986,998,986,998,16,0
CRJ,5,20210323,090000,998,1000,998,1000,6,0
CRJ,5,20210323,091000,984,984,984,984,10,0
CRJ,5,20210323,092000,984,984,984,984,3,0
CRJ,5,20210323,092500,992,992,992,992,4,0
CRJ,5,20210323,094000,992,992,992,992,1,0
CRJ,5,20210323,095000,984,984,982,982,10,0
CRJ,5,20210323,095500,982,982,982,982,4,0
CRJ,5,20210323,100000,980,980,980,980,16,0
CRJ,5,20210323,102000,980,980,980,980,12,0
CRJ,5,20210323,102500,976,990,976,990,12,0
CRJ,5,20210323,103500,980,980,980,980,5,0
CRJ,5,20210323,104500,978,988,974,974,7,0
CRJ,5,20210323,105500,976,976,976,976,5,0
CRJ,5,20210323,110000,976,976,976,976,1,0
CRJ,5,20210323,110500,976,980,976,980,5,0
CRJ,5,20210323,113000,980,980,980,980,5,0
CRJ,5,20210323,124000,978,978,978,978,3,0
CRJ,5,20210323,124500,978,978,978,978,5,0
CRJ,5,20210323,125000,978,978,978,978,2,0
CRJ,5,20210323,133000,976,976,976,976,2,0
CRJ,5,20210323,134000,980,980,980,980,6,0
CRJ,5,20210323,135000,986,986,986,986,1,0
CRJ,5,20210323,142000,986,986,980,980,14,0
CRJ,5,20210323,143500,980,980,980,980,1,0
CRJ,5,20210323,144500,982,982,982,982,1,0
CRJ,5,20210323,152000,982,982,980,980,62,0
CRJ,5,20210323,153000,980,980,980,980,1,0
CRJ,5,20210323,155000,986,986,986,986,2,0
CRJ,5,20210323,161500,982,982,982,982,2,0
CRJ,5,20210323,163000,980,980,976,976,8,0
CRJ,5,20210323,163500,988,988,988,988,3,0
CRJ,5,20210323,165500,988,988,988,988,6,0
CRJ,5,20210324,090000,990,990,978,978,12,0
CRJ,5,20210324,091000,978,992,978,992,6,0
CRJ,5,20210324,093000,988,988,988,988,7,0
CRJ,5,20210324,101000,982,982,982,982,2,0
CRJ,5,20210324,101500,986,986,986,986,1,0
CRJ,5,20210324,102000,986,988,986,988,14,0
CRJ,5,20210324,102500,990,992,990,992,30,0
CRJ,5,20210324,103000,990,990,990,990,40,0
CRJ,5,20210324,104500,988,988,988,988,5,0
CRJ,5,20210324,105500,990,990,988,988,21,0
CRJ,5,20210324,110000,988,988,988,988,12,0
CRJ,5,20210324,112000,988,988,988,988,2,0
CRJ,5,20210324,113500,986,986,986,986,8,0
CRJ,5,20210324,114000,986,986,986,986,11,0
CRJ,5,20210324,114500,986,986,986,986,35,0
CRJ,5,20210324,115000,990,990,990,990,1,0
CRJ,5,20210324,120000,982,982,976,976,10,0
CRJ,5,20210324,120500,976,988,976,988,4,0
CRJ,5,20210324,123500,990,992,990,992,22,0
CRJ,5,20210324,124500,980,980,980,980,2,0
CRJ,5,20210324,141000,988,988,988,988,1,0
CRJ,5,20210324,154000,978,978,978,978,3,0
CRJ,5,20210324,162000,976,976,970,970,58,0
CRJ,5,20210324,162500,982,982,982,982,1,0
CRJ,5,20210324,164000,980,990,980,990,100,0
CRJ,5,20210324,165500,992,992,992,992,2,0
CRJ,5,20210325,090000,988,988,976,976,14,0
CRJ,5,20210325,090500,976,986,976,986,7,0
CRJ,5,20210325,092500,986,986,978,980,26,0
CRJ,5,20210325,093000,986,986,986,986,2,0
CRJ,5,20210325,094000,986,990,978,990,40,0
CRJ,5,20210325,100000,982,982,982,982,7,0
CRJ,5,20210325,101000,988,988,988,988,1,0
CRJ,5,20210325,104500,988,988,988,988,14,0
CRJ,5,20210325,111000,982,982,982,982,3,0
CRJ,5,20210325,113000,986,986,986,986,1,0
CRJ,5,20210325,114000,982,982,980,980,5,0
CRJ,5,20210325,115500,980,980,980,980,2,0
CRJ,5,20210325,121000,986,992,986,992,15,0
CRJ,5,20210325,121500,992,998,992,998,11,0
CRJ,5,20210325,122500,996,1000,996,1000,64,0
CRJ,5,20210325,123000,1000,1000,1000,1000,3,0
CRJ,5,20210325,124000,1000,1000,1000,1000,7,0
CRJ,5,20210325,130000,1000,1000,1000,1000,5,0
CRJ,5,20210325,132500,1000,1000,988,988,53,0
CRJ,5,20210325,133000,988,1005,988,1005,4,0
CRJ,5,20210325,142000,988,988,988,988,6,0
CRJ,5,20210325,143000,998,998,998,998,1,0
CRJ,5,20210325,153500,986,986,986,986,6,0
CRJ,5,20210325,155000,988,988,988,988,4,0
CRJ,5,20210325,162000,986,986,986,986,2,0
CRJ,5,20210325,162500,988,988,988,988,2,0
CRJ,5,20210325,165500,996,996,996,996,9,0
CRJ,5,20210326,090000,980,998,980,986,38,0
CRJ,5,20210326,090500,998,998,998,998,1,0
CRJ,5,20210326,091000,986,986,986,986,5,0
CRJ,5,20210326,093500,986,986,986,986,9,0
CRJ,5,20210326,095000,988,990,988,990,5,0
CRJ,5,20210326,095500,984,984,984,984,2,0
CRJ,5,20210326,103000,990,990,990,990,1,0
CRJ,5,20210326,104000,988,988,984,984,4,0
CRJ,5,20210326,104500,986,986,978,978,23,0
CRJ,5,20210326,105000,980,980,980,980,5,0
CRJ,5,20210326,111000,986,986,986,986,7,0
CRJ,5,20210326,111500,986,986,986,986,2,0
CRJ,5,20210326,112500,984,984,980,980,15,0
CRJ,5,20210326,113500,980,980,980,980,70,0
CRJ,5,20210326,114000,980,980,978,978,11,0
CRJ,5,20210326,115000,976,976,976,976,1,0
CRJ,5,20210326,115500,980,980,980,980,10,0
CRJ,5,20210326,122000,980,980,980,980,19,0
CRJ,5,20210326,123000,980,980,980,980,11,0
CRJ,5,20210326,124000,984,984,984,984,2,0
CRJ,5,20210326,124500,986,986,986,986,10,0
CRJ,5,20210326,125500,980,980,980,980,30,0
CRJ,5,20210326,130500,976,976,976,976,16,0
CRJ,5,20210326,131000,976,980,976,980,3,0
CRJ,5,20210326,132000,976,976,976,976,8,0
CRJ,5,20210326,132500,976,976,976,976,10,0
CRJ,5,20210326,140000,976,976,976,976,78,0
CRJ,5,20210326,140500,980,990,980,990,13,0
CRJ,5,20210326,144500,988,988,988,988,1,0
CRJ,5,20210326,145000,986,986,986,986,40,0
CRJ,5,20210326,145500,986,986,986,986,9,0
CRJ,5,20210326,150500,982,982,980,980,13,0
CRJ,5,20210326,152000,980,980,970,970,40,0
CRJ,5,20210326,153000,978,978,978,978,2,0
CRJ,5,20210326,153500,980,980,980,980,11,0
CRJ,5,20210326,162000,982,984,982,984,9,0
CRJ,5,20210326,163500,984,984,984,984,3,0
CRJ,5,20210326,164000,980,984,980,984,20,0
CRJ,5,20210326,164500,986,986,986,986,11,0
