<TICKER>,<PER>,<DATE>,<TIME>,<OPEN>,<HIGH>,<LOW>,<CLOSE>,<VOL>,<OPENINT>
DBE,5,20210204,101000,35.2,35.2,35.2,35.2,24,0
DBE,5,20210204,113000,35.2,35.2,35.2,35.2,64,0
DBE,5,20210208,122000,35.3,35.3,35.3,35.3,5,0
DBE,5,20210208,125500,35.3,35.3,35.3,35.3,10,0
DBE,5,20210208,152000,35.2,35.2,35.2,35.2,8,0
DBE,5,20210209,090000,35.6,35.6,35.6,35.6,5,0
DBE,5,20210209,091500,35.7,35.7,35.7,35.7,5,0
DBE,5,20210209,112000,35.605,35.605,35.6,35.6,113,0
DBE,5,20210209,122500,35.6,35.6,35.6,35.6,39,0
DBE,5,20210209,152500,35.7,35.7,35.7,35.7,51,0
DBE,5,20210210,104500,35.7,35.7,35.7,35.7,5,0
DBE,5,20210210,123000,35.7,35.7,35.7,35.7,44,0
DBE,5,20210210,130500,35.7,35.7,35.7,35.7,34,0
DBE,5,20210210,132000,35.7,35.7,35.7,35.7,22,0
DBE,5,20210210,132500,35.7,35.7,35.7,35.7,58,0
DBE,5,20210210,141500,35.7,35.7,35.7,35.7,92,0
DBE,5,20210210,155500,36,36,36,36,40,0
DBE,5,20210210,164500,36,36,36,36,50,0
DBE,5,20210211,092500,36.7,37,36.7,37,355,0
DBE,5,20210211,093000,37,37.8,36.6,37.8,775,0
DBE,5,20210211,094000,37.8,37.8,37.8,37.8,34,0
DBE,5,20210211,095000,37.8,37.8,37.8,37.8,36,0
DBE,5,20210211,095500,37.8,37.8,37.8,37.8,5,0
DBE,5,20210211,100500,37.8,38.6,37.8,38.2,464,0
DBE,5,20210211,102000,38,38,38,38,5,0
DBE,5,20210211,102500,38,38,38,38,8,0
DBE,5,20210211,103000,38,38,38,38,110,0
DBE,5,20210211,103500,38.15,38.2,38.15,38.2,47,0
DBE,5,20210211,121000,38.2,38.2,38.2,38.2,31,0
DBE,5,20210211,142000,38.5,38.9,38.5,38.9,310,0
DBE,5,20210211,162000,38.4,38.4,37.8,37.8,237,0
DBE,5,20210211,162500,37.8,37.8,37.8,37.8,46,0
DBE,5,20210211,163000,38,38,37.8,38,2612,0
DBE,5,20210212,101500,38,38,38,38,165,0
DBE,5,20210212,102500,38.5,38.5,38.5,38.5,5,0
DBE,5,20210212,110500,38.5,38.5,37.5,37.5,500,0
DBE,5,20210212,113000,38,38,38,38,255,0
DBE,5,20210212,115000,38.4,38.4,38.4,38.4,194,0
DBE,5,20210212,121000,38.5,38.5,38.5,38.5,700,0
DBE,5,20210212,123500,38.5,38.5,38.5,38.5,200,0
DBE,5,20210212,130500,38.5,38.5,38.5,38.5,150,0
DBE,5,20210212,132000,38.5,38.5,38.5,38.5,500,0
DBE,5,20210212,133000,38.6,38.6,38.6,38.6,10,0
DBE,5,20210212,151500,38.8,39,38.6,38.6,85,0
DBE,5,20210215,090000,38.6,38.6,38.6,38.6,1000,0
DBE,5,20210215,090500,38.6,38.6,38.6,38.6,5,0
DBE,5,20210215,092000,38.6,38.6,38.6,38.6,45,0
DBE,5,20210215,093500,38.6,38.6,38.6,38.6,50,0
DBE,5,20210215,101000,38.8,39,38.8,39,300,0
DBE,5,20210215,103000,39,39,39,39,5,0
DBE,5,20210215,115000,39.3,39.3,39.3,39.3,5,0
DBE,5,20210215,120000,39.4,39.4,39.4,39.4,28,0
DBE,5,20210215,121500,39.5,39.5,39.5,39.5,5,0
DBE,5,20210215,122500,39.8,40,39.8,39.9,1518,0
DBE,5,20210215,124500,39.8,39.8,39.8,39.8,100,0
DBE,5,20210215,131500,39.9,40,39.9,40,448,0
DBE,5,20210215,132500,40,40,40,40,200,0
DBE,5,20210215,134500,40,40,40,40,200,0
DBE,5,20210215,135000,40,40,40,40,411,0
DBE,5,20210215,140000,40,40,40,40,200,0
DBE,5,20210215,141000,41,41,41,41,10,0
DBE,5,20210215,142500,41,41,41,41,35,0
DBE,5,20210215,144000,40,40,40,40,100,0
DBE,5,20210215,150000,41.8,41.8,41.8,41.8,195,0
DBE,5,20210215,150500,41.6,41.6,41.6,41.6,50,0
DBE,5,20210215,152500,41.6,41.6,41.6,41.6,10,0
DBE,5,20210215,153500,41.5,41.6,41.5,41.6,120,0
DBE,5,20210215,162500,41.6,41.6,41.6,41.6,5,0
DBE,5,20210215,163000,41.6,41.6,41,41,50,0
DBE,5,20210215,164500,41,41,41,41,30,0
DBE,5,20210216,090000,42,42,42,42,10,0
DBE,5,20210216,091000,41,41,41,41,17,0
DBE,5,20210216,103500,41,41,41,41,30,0
DBE,5,20210216,113500,41.4,41.4,41.4,41.4,5,0
DBE,5,20210216,115000,41.4,41.4,41.4,41.4,100,0
DBE,5,20210216,120500,41.4,41.4,41.4,41.4,15,0
DBE,5,20210216,123000,40.5,40.5,40.5,40.5,5,0
DBE,5,20210216,134000,40.5,40.5,40.5,40.5,20,0
DBE,5,20210216,153500,41,41,41,41,25,0
DBE,5,20210216,164500,41,41,41,41,5,0
DBE,5,20210217,090500,41,41,41,41,40,0
DBE,5,20210217,091000,40.5,40.5,40.5,40.5,37,0
DBE,5,20210217,091500,40.5,40.5,40.5,40.5,25,0
DBE,5,20210217,095500,40,40,40,40,280,0
DBE,5,20210217,103500,40.005,40.005,40.005,40.005,1563,0
DBE,5,20210217,105000,40,40,40,40,18,0
DBE,5,20210217,105500,40,40,40,40,222,0
DBE,5,20210217,112000,40,40,40,40,240,0
DBE,5,20210217,112500,40,40,40,40,490,0
DBE,5,20210217,113000,40,40,40,40,230,0
DBE,5,20210217,114500,40,40,40,40,240,0
DBE,5,20210217,123500,40.4,40.5,40.2,40.5,48,0
DBE,5,20210217,124000,40.6,40.6,40.6,40.6,2,0
DBE,5,20210217,143500,40.3,40.3,40,40,255,0
DBE,5,20210217,144000,40,40,40,40,80,0
DBE,5,20210217,164000,40,40,40,40,75,0
DBE,5,20210218,095000,40,40,40,40,2,0
DBE,5,20210218,103000,40.3,40.3,40,40,59,0
DBE,5,20210218,103500,40,40,40,40,250,0
DBE,5,20210218,104000,40.6,40.6,40.6,40.6,3,0
DBE,5,20210218,110500,40.9,40.9,40.9,40.9,5,0
DBE,5,20210218,112000,41,41.7,41,41.7,323,0
DBE,5,20210218,114000,41.3,41.3,41.3,41.3,3,0
DBE,5,20210218,114500,41.695,41.695,41.695,41.695,32,0
DBE,5,20210218,115000,41.3,41.3,41.3,41.3,2,0
DBE,5,20210218,130000,41.3,41.3,41.3,41.3,32,0
DBE,5,20210218,151500,41.3,41.3,41.3,41.3,43,0
DBE,5,20210218,155000,41.7,43,41.7,43,150,0
DBE,5,20210219,090000,47,47,47,47,195,0
DBE,5,20210219,090500,47,47,47,47,50,0
DBE,5,20210219,091000,46,46,46,46,4,0
DBE,5,20210219,092000,46,46,45,45,26,0
DBE,5,20210219,093000,44.5,44.5,44.5,44.5,30,0
DBE,5,20210219,095000,44.5,44.5,44.5,44.5,50,0
DBE,5,20210219,102500,44,44,43.8,43.8,188,0
DBE,5,20210219,110500,43.8,43.8,43.8,43.8,100,0
DBE,5,20210219,111000,44.495,44.495,44.495,44.495,22,0
DBE,5,20210219,113000,44.495,44.5,44.495,44.5,46,0
DBE,5,20210219,120000,44.2,44.2,44.2,44.2,40,0
DBE,5,20210219,120500,44.2,44.2,44.2,44.2,400,0
DBE,5,20210219,123500,44.1,44.1,44.1,44.1,55,0
DBE,5,20210219,124500,43.8,43.8,43.5,43.5,46,0
DBE,5,20210219,131500,43.105,43.105,43.105,43.105,10,0
DBE,5,20210219,132000,43.1,43.1,43.1,43.1,30,0
DBE,5,20210219,142000,43,43,43,43,30,0
DBE,5,20210219,164500,43,43,43,43,25,0
DBE,5,20210222,090000,43,43,43,43,55,0
DBE,5,20210222,090500,42.5,42.5,42,42,136,0
DBE,5,20210222,091500,42.5,42.5,42.5,42.5,35,0
DBE,5,20210222,092500,42.5,42.5,42.5,42.5,55,0
DBE,5,20210222,093000,42.4,42.4,42.2,42.2,52,0
DBE,5,20210222,100500,42.2,42.2,42.2,42.2,7,0
DBE,5,20210222,101000,42,42,41.7,41.7,25,0
DBE,5,20210222,102500,41.75,41.75,41.75,41.75,20,0
DBE,5,20210222,105000,41.4,41.4,41,41,200,0
DBE,5,20210222,122500,41,41,40.5,40.5,293,0
DBE,5,20210223,090000,40.5,40.5,40,40,545,0
DBE,5,20210223,090500,40,40,40,40,250,0
DBE,5,20210223,091000,40,40,40,40,300,0
DBE,5,20210223,092500,40,40,40,40,500,0
DBE,5,20210223,094000,40.5,40.5,40.5,40.5,5,0
DBE,5,20210223,094500,40.005,40.005,40,40,500,0
DBE,5,20210223,113000,40,40,40,40,50,0
DBE,5,20210223,121000,40.005,40.005,40.005,40.005,5,0
DBE,5,20210223,121500,40.005,40.005,40.005,40.005,30,0
DBE,5,20210223,130500,40,40,40,40,225,0
DBE,5,20210223,132000,40,40,40,40,200,0
DBE,5,20210223,133000,40,40,40,40,49,0
DBE,5,20210223,134000,40,40,40,40,200,0
DBE,5,20210223,134500,40,40,40,40,275,0
DBE,5,20210223,135000,40,40,40,40,159,0
DBE,5,20210223,142000,40,40,40,40,1,0
DBE,5,20210223,151500,40,40,40,40,43,0
DBE,5,20210223,162000,40.005,40.005,40.005,40.005,25,0
DBE,5,20210224,090000,40.005,40.005,40.005,40.005,2,0
DBE,5,20210224,090500,40.005,40.095,40.005,40.095,298,0
DBE,5,20210224,091000,40.1,40.1,40.1,40.1,200,0
DBE,5,20210224,095500,40.2,40.33,40.2,40.33,450,0
DBE,5,20210224,111000,40.4,40.4,40.4,40.4,90,0
DBE,5,20210224,112000,40.45,40.45,40.45,40.45,50,0
DBE,5,20210225,090000,41.9,41.9,41.9,41.9,5,0
DBE,5,20210225,091500,41.9,41.9,41.9,41.9,47,0
DBE,5,20210225,094000,41.9,41.9,41.9,41.9,58,0
DBE,5,20210225,100000,41.9,41.9,41.9,41.9,13,0
DBE,5,20210225,103000,41.88,41.88,41.88,41.88,9,0
DBE,5,20210225,104500,40.9,40.9,40.8,40.8,60,0
DBE,5,20210225,111500,40.6,40.6,40.6,40.6,50,0
DBE,5,20210225,135000,40.25,40.25,40.25,40.25,31,0
DBE,5,20210226,091000,40.8,40.8,40.8,40.8,21,0
DBE,5,20210226,121500,40.2,40.2,40.2,40.2,5,0
DBE,5,20210226,133500,40.1,40.1,40,40,122,0
DBE,5,20210226,144500,40,40,40,40,132,0
DBE,5,20210226,153000,40.19,41,40.19,41,90,0
DBE,5,20210226,164500,41,41,41,41,22,0
DBE,5,20210301,090000,41,41,41,41,2,0
DBE,5,20210301,092500,40.5,40.5,40,40,80,0
DBE,5,20210301,112000,40,40,40,40,250,0
DBE,5,20210301,113000,40,40,40,40,250,0
DBE,5,20210301,120500,40,40,40,40,240,0
DBE,5,20210301,122500,40,40,40,40,20,0
DBE,5,20210301,123000,40,40,40,40,250,0
DBE,5,20210301,131000,40,40,40,40,240,0
DBE,5,20210301,133000,40,40,40,40,35,0
DBE,5,20210301,135000,40.3,40.3,40.3,40.3,100,0
DBE,5,20210301,135500,40.3,40.3,40.3,40.3,40,0
DBE,5,20210301,140000,40.3,40.3,40.3,40.3,50,0
DBE,5,20210301,154500,40.35,40.44,40.35,40.44,260,0
DBE,5,20210301,164500,40.35,40.35,40.35,40.35,65,0
DBE,5,20210302,091000,40,40,40,40,25,0
DBE,5,20210302,093500,40,40,40,40,5,0
DBE,5,20210302,102000,40,40,40,40,70,0
DBE,5,20210302,103000,40.005,40.005,40,40,285,0
DBE,5,20210302,130500,40.4,40.5,40.4,40.5,655,0
DBE,5,20210302,133500,40.1,40.1,40,40,300,0
DBE,5,20210302,134000,40,40,40,40,250,0
DBE,5,20210302,150000,40,40,40,40,40,0
DBE,5,20210302,151000,40.5,40.5,40.5,40.5,200,0
DBE,5,20210302,154500,40.5,40.5,40.5,40.5,94,0
DBE,5,20210303,091000,40.5,40.5,40.5,40.5,5,0
DBE,5,20210303,091500,40.5,40.5,40.5,40.5,15,0
DBE,5,20210303,102500,40.5,40.5,40.5,40.5,50,0
DBE,5,20210303,104000,40.85,40.85,40.85,40.85,45,0
DBE,5,20210303,105500,40.85,40.85,40.85,40.85,55,0
DBE,5,20210303,110000,40.995,40.995,40.995,40.995,5,0
DBE,5,20210303,111500,40.6,40.6,40.6,40.6,5,0
DBE,5,20210303,112000,40.5,40.5,40.5,40.5,4,0
DBE,5,20210303,113000,40.5,40.5,40.5,40.5,50,0
DBE,5,20210303,123000,40.5,40.5,40,40,487,0
DBE,5,20210303,135500,40,40,40,40,70,0
DBE,5,20210303,140500,40.995,40.995,40.995,40.995,5,0
DBE,5,20210303,143500,41,41,41,41,120,0
DBE,5,20210303,152500,40,40,40,40,234,0
DBE,5,20210303,164500,41,41,41,41,30,0
DBE,5,20210304,092500,40,40,40,40,100,0
DBE,5,20210304,104500,41.15,41.15,41.15,41.15,3,0
DBE,5,20210305,090000,40,40,40,40,50,0
DBE,5,20210305,090500,40,40,40,40,50,0
DBE,5,20210305,125000,40,40,40,40,50,0
DBE,5,20210305,131500,40,40,40,40,50,0
DBE,5,20210305,134500,40.5,40.5,40.5,40.5,10,0
DBE,5,20210308,090000,40,40,40,40,105,0
DBE,5,20210308,102000,40,40,40,40,100,0
DBE,5,20210308,110500,40.1,40.1,40.1,40.1,2,0
DBE,5,20210308,125500,40.1,40.1,40.1,40.1,7,0
DBE,5,20210308,134000,40,40,40,40,5,0
DBE,5,20210309,090000,40,40,40,40,40,0
DBE,5,20210309,092500,40.2,40.5,40.2,40.5,10,0
DBE,5,20210309,093000,40.7,41.14,40.7,41.14,16,0
DBE,5,20210309,100500,40.5,40.5,40.5,40.5,5,0
DBE,5,20210309,101000,40.2,40.3,40,40,25,0
DBE,5,20210309,131500,40.1,40.1,40,40,75,0
DBE,5,20210309,144500,40,40,40,40,40,0
DBE,5,20210309,145500,40,40,40,40,40,0
DBE,5,20210310,094000,40,40,40,40,30,0
DBE,5,20210310,112500,40,40,40,40,40,0
DBE,5,20210310,123500,40.4,40.5,40.4,40.5,29,0
DBE,5,20210310,135000,40,40,40,40,20,0
DBE,5,20210311,090000,40.1,40.1,40.005,40.005,40,0
DBE,5,20210311,093500,40.1,40.1,40,40,215,0
DBE,5,20210311,094000,40,40,40,40,50,0
DBE,5,20210311,102500,39.9,39.9,39.9,39.9,5,0
DBE,5,20210311,110500,39.9,39.9,39.9,39.9,145,0
DBE,5,20210311,132000,40.2,40.2,40.2,40.2,50,0
DBE,5,20210311,135000,40,40,39.8,39.8,195,0
DBE,5,20210311,140000,39.8,39.8,39.8,39.8,40,0
DBE,5,20210311,144000,40,40.2,40,40.2,14,0
DBE,5,20210311,152500,40,40,40,40,100,0
DBE,5,20210312,110000,40,40,40,40,5,0
DBE,5,20210312,120000,39.9,39.9,39.7,39.7,200,0
DBE,5,20210312,130000,40.4,40.4,40.4,40.4,5,0
DBE,5,20210312,132000,40.4,40.4,40.4,40.4,5,0
DBE,5,20210312,144500,39.8,39.8,39.5,39.5,178,0
DBE,5,20210312,154000,39.5,39.5,39.5,39.5,272,0
DBE,5,20210312,160500,40,40,40,40,13,0
DBE,5,20210315,090500,40.5,40.5,40.5,40.5,27,0
DBE,5,20210315,103000,40.2,40.2,40,40,10,0
DBE,5,20210315,141000,40,40,40,40,5,0
DBE,5,20210315,143000,40,40,40,40,100,0
DBE,5,20210315,152000,40,40,40,40,250,0
DBE,5,20210315,164000,40.3,40.3,40.3,40.3,35,0
DBE,5,20210315,164500,40.3,40.3,40.3,40.3,32,0
DBE,5,20210316,090000,42,42.8,42,42.8,470,0
DBE,5,20210316,100500,42.4,42.4,42.4,42.4,1,0
DBE,5,20210316,105000,42.4,42.4,42.4,42.4,24,0
DBE,5,20210316,121500,42.4,42.4,42.4,42.4,11,0
DBE,5,20210316,123000,41.5,41.5,41.5,41.5,4,0
DBE,5,20210316,144500,41.5,41.5,41.5,41.5,1,0
DBE,5,20210316,160500,41.1,41.1,41.1,41.1,4,0
DBE,5,20210316,161000,41.4,41.4,41.4,41.4,12,0
DBE,5,20210317,090000,41.3,41.3,41.3,41.3,100,0
DBE,5,20210317,101500,41.3,41.3,41.3,41.3,21,0
DBE,5,20210317,110500,41.1,41.1,41.1,41.1,1,0
DBE,5,20210317,112000,41.1,41.1,41.1,41.1,5,0
DBE,5,20210317,121000,41,41,41,41,12,0
DBE,5,20210317,122500,40.6,40.6,40.5,40.5,12,0
DBE,5,20210317,140500,40.5,40.5,40.5,40.5,29,0
DBE,5,20210317,142500,40.1,40.1,40,40,580,0
DBE,5,20210317,144000,40,40,40,40,207,0
DBE,5,20210317,150500,40,40,40,40,60,0
DBE,5,20210318,090500,40,40,40,40,150,0
DBE,5,20210318,094000,40.1,40.1,40.1,40.1,43,0
DBE,5,20210318,103500,40.1,40.1,40.1,40.1,77,0
DBE,5,20210318,110000,40.2,40.2,40.2,40.2,14,0
DBE,5,20210318,110500,40.1,40.1,40.1,40.1,20,0
DBE,5,20210318,121500,40.2,40.2,40.2,40.2,48,0
DBE,5,20210318,123500,40.2,40.2,40.2,40.2,3,0
DBE,5,20210318,125500,40.2,40.2,40.2,40.2,15,0
DBE,5,20210318,154500,40.2,40.2,40.2,40.2,20,0
DBE,5,20210318,155500,40.2,40.2,40.2,40.2,63,0
DBE,5,20210319,093500,40.5,40.5,40.5,40.5,5,0
DBE,5,20210319,103000,40.5,40.5,40.5,40.5,70,0
DBE,5,20210319,104500,40.5,40.5,39.9,39.9,25,0
DBE,5,20210319,110500,39.9,39.9,39.9,39.9,87,0
DBE,5,20210319,111500,40.1,40.1,40.1,40.1,15,0
DBE,5,20210319,124000,40.3,40.3,40.3,40.3,5,0
DBE,5,20210319,125500,40.31,40.9,40.31,40.9,100,0
DBE,5,20210319,144500,40.3,40.3,40.3,40.3,8,0
DBE,5,20210322,093000,40.59,40.59,40.59,40.59,130,0
DBE,5,20210322,151000,39.9,39.9,39.8,39.8,30,0
DBE,5,20210322,151500,39.8,39.8,39.8,39.8,20,0
DBE,5,20210323,091500,39.8,39.8,39.8,39.8,10,0
DBE,5,20210323,093000,39.8,39.8,39.8,39.8,60,0
DBE,5,20210323,095500,39.8,39.8,39.8,39.8,20,0
DBE,5,20210323,111500,39.8,39.8,39.8,39.8,40,0
DBE,5,20210323,150500,40,40,40,40,100,0
DBE,5,20210323,152000,39.8,39.8,39.7,39.7,855,0
DBE,5,20210324,092000,39.5,39.5,36,36,484,0
DBE,5,20210324,093000,36.52,36.52,36.51,36.51,27,0
DBE,5,20210324,112000,38,38.4,38,38.4,60,0
DBE,5,20210324,161500,38.4,38.4,38.4,38.4,40,0
DBE,5,20210325,100000,38.5,38.5,38.5,38.5,33,0
DBE,5,20210325,144000,38.5,38.5,38.5,38.5,22,0
DBE,5,20210326,091000,38.7,38.7,38.7,38.7,5,0
DBE,5,20210326,101500,38.9,38.9,38.9,38.9,20,0
DBE,5,20210326,102000,39,40.1,39,40.1,40,0
DBE,5,20210326,102500,39,39,39,39,600,0
DBE,5,20210326,113000,39.5,40,39.5,40,60,0
DBE,5,20210326,113500,40.1,40.1,40.1,40.1,15,0
DBE,5,20210326,150000,40.1,40.1,40.1,40.1,25,0
DBE,5,20210326,151000,40.1,40.1,40.1,40.1,20,0
DBE,5,20210326,151500,40.1,40.1,40.1,40.1,200,0
DBE,5,20210326,160000,40.195,40.2,40.195,40.2,46,0
