<TICKER>,<PER>,<DATE>,<TIME>,<OPEN>,<HIGH>,<LOW>,<CLOSE>,<VOL>,<OPENINT>
DEG,5,20210204,090000,8.7,8.7,8.7,8.7,120,0
DEG,5,20210204,095500,8.511,8.511,8.511,8.511,100,0
DEG,5,20210204,101000,8.69,8.7,8.69,8.7,132,0
DEG,5,20210204,102500,8.75,8.768,8.75,8.768,341,0
DEG,5,20210204,103500,8.768,8.768,8.768,8.768,54,0
DEG,5,20210204,110000,8.768,8.769,8.768,8.769,485,0
DEG,5,20210204,110500,8.769,8.77,8.769,8.77,622,0
DEG,5,20210204,112000,8.79,8.82,8.79,8.82,340,0
DEG,5,20210204,112500,8.82,8.85,8.82,8.85,207,0
DEG,5,20210204,113000,8.88,8.98,8.88,8.98,147,0
DEG,5,20210204,113500,8.98,8.98,8.98,8.98,246,0
DEG,5,20210204,114500,8.85,8.85,8.85,8.85,50,0
DEG,5,20210204,115000,8.83,8.83,8.83,8.83,25,0
DEG,5,20210204,121000,8.83,8.83,8.83,8.83,400,0
DEG,5,20210204,121500,8.82,8.82,8.82,8.82,173,0
DEG,5,20210204,122000,8.82,8.85,8.82,8.85,535,0
DEG,5,20210204,132500,8.85,8.85,8.85,8.85,99,0
DEG,5,20210204,133000,8.97,8.97,8.85,8.85,116,0
DEG,5,20210204,145500,8.77,8.77,8.7,8.7,185,0
DEG,5,20210204,152500,8.7,8.7,8.7,8.7,21,0
DEG,5,20210204,155000,8.8,8.8,8.8,8.8,100,0
DEG,5,20210204,164000,8.7,8.7,8.7,8.7,29,0
DEG,5,20210204,164500,8.7,8.7,8.7,8.7,15,0
DEG,5,20210205,090000,8.84,8.84,8.84,8.84,15,0
DEG,5,20210205,090500,8.84,8.97,8.84,8.97,20,0
DEG,5,20210205,094500,8.72,8.72,8.7,8.7,425,0
DEG,5,20210205,095500,8.7,8.7,8.7,8.7,29,0
DEG,5,20210205,100000,8.8,8.8,8.8,8.8,21,0
DEG,5,20210205,101000,8.6,8.6,8.521,8.521,1025,0
DEG,5,20210205,102500,8.599,8.599,8.599,8.599,115,0
DEG,5,20210205,103000,8.53,8.599,8.52,8.599,326,0
DEG,5,20210205,104000,8.52,8.52,8.511,8.511,405,0
DEG,5,20210205,104500,8.5,8.5,8.5,8.5,388,0
DEG,5,20210205,105000,8.5,8.5,8.5,8.5,110,0
DEG,5,20210205,111000,8.5,8.5,8.5,8.5,110,0
DEG,5,20210205,122000,8.599,8.599,8.599,8.599,604,0
DEG,5,20210205,124500,8.6,8.6,8.6,8.6,23,0
DEG,5,20210205,125000,8.78,8.95,8.78,8.95,30,0
DEG,5,20210205,130000,8.61,8.61,8.61,8.61,15,0
DEG,5,20210205,130500,8.599,8.599,8.599,8.599,1,0
DEG,5,20210205,131000,8.45,8.45,8.45,8.45,97,0
DEG,5,20210205,132000,8.6,8.6,8.6,8.6,15,0
DEG,5,20210205,132500,8.6,8.85,8.6,8.85,15,0
DEG,5,20210205,134500,8.85,8.88,8.85,8.88,15,0
DEG,5,20210205,150500,8.7,8.7,8.7,8.7,136,0
DEG,5,20210205,153000,8.6,8.6,8.6,8.6,25,0
DEG,5,20210205,153500,8.6,8.6,8.6,8.6,180,0
DEG,5,20210205,160000,8.6,8.85,8.6,8.85,61,0
DEG,5,20210205,161500,8.62,8.62,8.62,8.62,49,0
DEG,5,20210205,163000,8.52,8.52,8.52,8.52,400,0
DEG,5,20210205,163500,8.6,8.85,8.6,8.85,33,0
DEG,5,20210208,090000,8.9,8.9,8.9,8.9,15,0
DEG,5,20210208,091500,8.61,8.61,8.451,8.451,656,0
DEG,5,20210208,092000,8.6,8.7,8.6,8.7,15,0
DEG,5,20210208,092500,8.47,8.47,8.47,8.47,685,0
DEG,5,20210208,093500,8.5,8.5,8.5,8.5,32,0
DEG,5,20210208,094500,8.6,8.699,8.6,8.699,15,0
DEG,5,20210208,100500,8.5,8.5,8.5,8.5,50,0
DEG,5,20210208,112000,8.6,8.6,8.6,8.6,100,0
DEG,5,20210208,113000,8.6,8.6,8.6,8.6,50,0
DEG,5,20210208,115000,8.6,8.6,8.6,8.6,50,0
DEG,5,20210208,120000,8.6,8.6,8.6,8.6,155,0
DEG,5,20210208,120500,8.6,8.6,8.6,8.6,25,0
DEG,5,20210208,121000,8.5,8.5,8.5,8.5,323,0
DEG,5,20210208,121500,8.698,8.698,8.698,8.698,100,0
DEG,5,20210208,124000,8.65,8.65,8.65,8.65,500,0
DEG,5,20210208,125500,8.5,8.5,8.47,8.47,1284,0
DEG,5,20210208,134000,8.47,8.47,8.47,8.47,100,0
DEG,5,20210208,152500,8.5,8.5,8.5,8.5,120,0
DEG,5,20210208,153500,8.59,8.59,8.59,8.59,117,0
DEG,5,20210208,154000,8.59,8.59,8.59,8.59,220,0
DEG,5,20210208,154500,8.59,8.59,8.59,8.59,160,0
DEG,5,20210208,155500,8.59,8.59,8.59,8.59,280,0
DEG,5,20210208,161500,8.59,8.59,8.59,8.59,120,0
DEG,5,20210208,164500,8.6,8.69,8.48,8.69,540,0
DEG,5,20210209,090000,8.46,8.46,8.452,8.452,157,0
DEG,5,20210209,090500,8.7,8.7,8.7,8.7,15,0
DEG,5,20210209,094500,8.5,8.5,8.5,8.5,200,0
DEG,5,20210209,100000,8.452,8.452,8.45,8.45,77,0
DEG,5,20210209,101000,8.45,8.5,8.45,8.5,375,0
DEG,5,20210209,101500,8.5,8.5,8.5,8.5,230,0
DEG,5,20210209,102500,8.54,8.54,8.54,8.54,40,0
DEG,5,20210209,110500,8.536,8.536,8.536,8.536,14,0
DEG,5,20210209,115500,8.5,8.6,8.5,8.6,794,0
DEG,5,20210209,120500,8.6,8.6,8.6,8.6,533,0
DEG,5,20210209,121000,8.68,8.68,8.68,8.68,15,0
DEG,5,20210209,122500,8.6,8.6,8.6,8.6,444,0
DEG,5,20210209,123000,8.6,8.6,8.6,8.6,229,0
DEG,5,20210209,131000,8.46,8.46,8.4,8.4,1000,0
DEG,5,20210209,131500,8.4,8.4,8.4,8.4,922,0
DEG,5,20210209,133500,8.4,8.4,8.4,8.4,78,0
DEG,5,20210209,134500,8.331,8.331,8.331,8.331,150,0
DEG,5,20210209,140000,8.4,8.4,8.4,8.4,60,0
DEG,5,20210209,141000,8.5,8.5,8.5,8.5,200,0
DEG,5,20210209,145500,8.5,8.65,8.401,8.401,65,0
DEG,5,20210209,150000,8.4,8.401,8.4,8.401,560,0
DEG,5,20210209,150500,8.36,8.36,8.36,8.36,140,0
DEG,5,20210209,151500,8.35,8.35,8.33,8.33,350,0
DEG,5,20210209,152000,8.33,8.33,8.33,8.33,250,0
DEG,5,20210209,153000,8.33,8.33,8.3,8.3,200,0
DEG,5,20210209,161500,8.5,8.622,8.5,8.622,100,0
DEG,5,20210209,164500,8.6,8.6,8.6,8.6,73,0
DEG,5,20210210,090000,8.45,8.45,8.45,8.45,250,0
DEG,5,20210210,091000,8.48,8.48,8.48,8.48,25,0
DEG,5,20210210,092000,8.49,8.5,8.49,8.5,1650,0
DEG,5,20210210,095000,8.5,8.5,8.5,8.5,300,0
DEG,5,20210210,102500,8.45,8.45,8.45,8.45,200,0
DEG,5,20210210,103000,8.495,8.495,8.45,8.45,545,0
DEG,5,20210210,104000,8.45,8.45,8.45,8.45,1000,0
DEG,5,20210210,112000,8.494,8.494,8.494,8.494,200,0
DEG,5,20210210,115000,8.5,8.5,8.5,8.5,1000,0
DEG,5,20210210,122000,8.3,8.3,8.29,8.29,755,0
DEG,5,20210210,123000,8.49,8.49,8.49,8.49,200,0
DEG,5,20210210,130000,8.5,8.5,8.5,8.5,500,0
DEG,5,20210210,131500,8.49,8.49,8.49,8.49,70,0
DEG,5,20210210,152000,8.5,8.5,8.5,8.5,650,0
DEG,5,20210210,153000,8.5,8.5,8.5,8.5,1000,0
DEG,5,20210210,154000,8.57,8.57,8.57,8.57,50,0
DEG,5,20210210,162000,8.471,8.471,8.47,8.47,150,0
DEG,5,20210210,164500,8.84,8.84,8.84,8.84,553,0
DEG,5,20210211,094500,8.65,8.65,8.65,8.65,214,0
DEG,5,20210211,101500,8.75,8.75,8.75,8.75,53,0
DEG,5,20210211,102000,8.75,8.82,8.75,8.82,3311,0
DEG,5,20210211,111000,8.85,8.96,8.85,8.96,500,0
DEG,5,20210211,113000,8.956,8.96,8.956,8.96,450,0
DEG,5,20210211,113500,8.96,8.96,8.96,8.96,19,0
DEG,5,20210211,114000,8.96,8.967,8.96,8.967,92,0
DEG,5,20210211,120000,8.82,8.82,8.8,8.8,295,0
DEG,5,20210211,131000,8.967,8.967,8.967,8.967,41,0
DEG,5,20210211,131500,8.967,8.967,8.8,8.8,1084,0
DEG,5,20210211,135000,8.968,8.968,8.968,8.968,15,0
DEG,5,20210211,141000,8.9,8.9,8.9,8.9,153,0
DEG,5,20210211,162000,8.9,8.9,8.9,8.9,100,0
DEG,5,20210211,163000,8.9,8.9,8.85,8.85,499,0
DEG,5,20210211,164500,8.968,8.968,8.968,8.968,200,0
DEG,5,20210212,090000,8.8,8.999,8.66,8.66,1069,0
DEG,5,20210212,090500,8.66,8.66,8.66,8.66,105,0
DEG,5,20210212,091500,8.98,8.98,8.98,8.98,5,0
DEG,5,20210212,092500,8.7,8.7,8.7,8.7,100,0
DEG,5,20210212,093000,8.7,8.7,8.7,8.7,120,0
DEG,5,20210212,094000,8.7,8.7,8.7,8.7,184,0
DEG,5,20210212,095500,8.67,8.67,8.67,8.67,52,0
DEG,5,20210212,101000,8.56,8.56,8.56,8.56,110,0
DEG,5,20210212,111500,8.66,8.66,8.66,8.66,25,0
DEG,5,20210212,140000,8.85,8.85,8.85,8.85,25,0
DEG,5,20210212,141500,8.75,8.75,8.75,8.75,20,0
DEG,5,20210212,144500,8.75,8.75,8.66,8.66,200,0
DEG,5,20210212,145000,8.66,8.66,8.66,8.66,275,0
DEG,5,20210212,155000,8.63,8.63,8.63,8.63,4,0
DEG,5,20210215,090000,8.63,8.63,8.63,8.63,11,0
DEG,5,20210215,091000,8.52,8.52,8.51,8.51,225,0
DEG,5,20210215,093500,8.51,8.51,8.5,8.5,500,0
DEG,5,20210215,095000,8.5,8.5,8.5,8.5,200,0
DEG,5,20210215,100500,8.5,8.5,8.5,8.5,146,0
DEG,5,20210215,102000,8.5,8.5,8.5,8.5,50,0
DEG,5,20210215,102500,8.5,8.5,8.5,8.5,4,0
DEG,5,20210215,103000,8.63,8.63,8.63,8.63,29,0
DEG,5,20210215,104500,8.78,8.78,8.78,8.78,25,0
DEG,5,20210215,110000,8.79,8.79,8.79,8.79,100,0
DEG,5,20210215,111500,8.78,8.79,8.78,8.79,86,0
DEG,5,20210215,112500,8.78,8.78,8.78,8.78,7,0
DEG,5,20210215,133000,8.7,8.7,8.7,8.7,30,0
DEG,5,20210215,161000,8.601,8.601,8.6,8.6,200,0
DEG,5,20210215,162000,8.6,8.6,8.6,8.6,45,0
DEG,5,20210215,162500,8.699,8.7,8.699,8.7,80,0
DEG,5,20210215,163500,8.51,8.51,8.5,8.5,240,0
DEG,5,20210215,164500,8.5,8.92,8.5,8.92,500,0
DEG,5,20210216,092000,8.5,8.5,8.5,8.5,100,0
DEG,5,20210216,095500,8.6,8.6,8.6,8.6,200,0
DEG,5,20210216,103500,8.56,8.56,8.56,8.56,25,0
DEG,5,20210216,104000,8.56,8.56,8.56,8.56,118,0
DEG,5,20210216,105000,8.56,8.56,8.5,8.5,520,0
DEG,5,20210216,110500,8.79,8.79,8.79,8.79,135,0
DEG,5,20210216,115500,8.502,8.502,8.5,8.5,732,0
DEG,5,20210216,125000,8.53,8.53,8.53,8.53,100,0
DEG,5,20210216,130000,8.52,8.52,8.5,8.5,58,0
DEG,5,20210216,143500,8.51,8.51,8.51,8.51,625,0
DEG,5,20210216,145500,8.501,8.501,8.5,8.5,352,0
DEG,5,20210216,163000,8.6,8.6,8.5,8.5,100,0
DEG,5,20210216,164500,8.7,8.7,8.7,8.7,500,0
DEG,5,20210217,090000,8.7,8.7,8.7,8.7,85,0
DEG,5,20210217,104000,8.69,8.69,8.69,8.69,25,0
DEG,5,20210217,104500,8.69,8.69,8.69,8.69,9,0
DEG,5,20210218,094000,8.7,8.7,8.7,8.7,10,0
DEG,5,20210218,102000,8.699,8.7,8.699,8.7,115,0
DEG,5,20210218,102500,8.46,8.46,8.46,8.46,41,0
DEG,5,20210218,103000,8.45,8.45,8.4,8.4,352,0
DEG,5,20210218,103500,8.46,8.46,8.46,8.46,14,0
DEG,5,20210218,113500,8.68,8.7,8.68,8.7,94,0
DEG,5,20210218,122500,8.45,8.45,8.45,8.45,126,0
DEG,5,20210218,123500,8.45,8.45,8.35,8.35,400,0
DEG,5,20210218,124000,8.5,8.5,8.5,8.5,250,0
DEG,5,20210218,125000,8.7,8.7,8.7,8.7,61,0
DEG,5,20210218,130000,8.36,8.36,8.36,8.36,268,0
DEG,5,20210218,133000,8.36,8.36,8.36,8.36,15,0
DEG,5,20210218,145000,8.4,8.4,8.4,8.4,127,0
DEG,5,20210218,151000,8.45,8.45,8.45,8.45,200,0
DEG,5,20210218,164500,8.69,8.69,8.69,8.69,5,0
DEG,5,20210219,090000,8.69,8.69,8.69,8.69,5,0
DEG,5,20210219,091500,8.5,8.5,8.4,8.4,31,0
DEG,5,20210219,093500,8.5,8.5,8.5,8.5,100,0
DEG,5,20210219,095000,8.59,8.6,8.59,8.6,300,0
DEG,5,20210219,143000,8.6,8.6,8.6,8.6,162,0
DEG,5,20210219,151500,8.6,8.6,8.6,8.6,20,0
DEG,5,20210219,153500,8.639,8.64,8.639,8.64,198,0
DEG,5,20210219,154000,8.6,8.6,8.6,8.6,8,0
DEG,5,20210219,160500,8.43,8.43,8.42,8.42,300,0
DEG,5,20210219,161500,8.42,8.42,8.42,8.42,268,0
DEG,5,20210222,092500,8.36,8.36,8.3,8.3,460,0
DEG,5,20210222,093500,8.3,8.3,8.3,8.3,622,0
DEG,5,20210222,094500,8.3,8.3,8.2,8.2,800,0
DEG,5,20210222,100000,8.36,8.4,8.36,8.4,170,0
DEG,5,20210222,103000,8.4,8.4,8.4,8.4,100,0
DEG,5,20210222,110500,8.3,8.3,8.3,8.3,100,0
DEG,5,20210222,111000,8.3,8.3,8.3,8.3,29,0
DEG,5,20210222,112500,8.3,8.3,8.3,8.3,62,0
DEG,5,20210222,133000,8.325,8.325,8.32,8.32,200,0
DEG,5,20210222,135500,8.32,8.32,8.32,8.32,50,0
DEG,5,20210222,142500,8.32,8.32,8.32,8.32,66,0
DEG,5,20210222,145000,8.32,8.399,8.32,8.399,65,0
DEG,5,20210222,145500,8.4,8.4,8.4,8.4,1364,0
DEG,5,20210222,151000,8.24,8.24,8.24,8.24,175,0
DEG,5,20210223,090000,8.4,8.4,8.23,8.23,30,0
DEG,5,20210223,090500,8.23,8.23,8.23,8.23,190,0
DEG,5,20210223,123500,8.27,8.27,8.27,8.27,166,0
DEG,5,20210223,133000,8.27,8.27,8.26,8.26,350,0
DEG,5,20210223,133500,8.23,8.23,8.225,8.225,497,0
DEG,5,20210223,142500,8.225,8.225,8.225,8.225,3,0
DEG,5,20210223,143000,8.2,8.2,8.2,8.2,235,0
DEG,5,20210223,145500,8.2,8.2,8.2,8.2,100,0
DEG,5,20210223,150500,8.2,8.2,8.2,8.2,50,0
DEG,5,20210223,153500,8.15,8.15,8.15,8.15,50,0
DEG,5,20210223,161000,8.15,8.15,8.15,8.15,26,0
DEG,5,20210223,161500,8.15,8.225,8.15,8.225,500,0
DEG,5,20210223,164500,8.06,8.06,8.06,8.06,390,0
DEG,5,20210224,090000,8.22,8.23,8.22,8.23,133,0
DEG,5,20210224,092500,8.38,8.38,8.38,8.38,1,0
DEG,5,20210224,114000,8.2,8.2,8.2,8.2,149,0
DEG,5,20210224,124000,8.2,8.2,8.04,8.04,300,0
DEG,5,20210224,160500,8.04,8.04,8.04,8.04,25,0
DEG,5,20210224,164500,8.35,8.35,8.35,8.35,10,0
DEG,5,20210225,090000,8.35,8.35,8.35,8.35,1000,0
DEG,5,20210225,105500,8.05,8.05,8.05,8.05,181,0
DEG,5,20210225,115500,8.06,8.06,8.06,8.06,500,0
DEG,5,20210225,121500,8.06,8.06,8,8,2159,0
DEG,5,20210225,132000,8.1,8.1,8.1,8.1,50,0
DEG,5,20210225,140500,8.1,8.1,8.1,8.1,200,0
DEG,5,20210225,152500,8,8,8,8,100,0
DEG,5,20210225,161000,8.1,8.1,8,8,515,0
DEG,5,20210225,164500,8,8,8,8,120,0
DEG,5,20210226,090000,8,8,8,8,150,0
DEG,5,20210226,091500,7.8,7.8,7.8,7.8,30,0
DEG,5,20210226,092000,7.8,7.8,7.8,7.8,200,0
DEG,5,20210226,092500,7.8,8,7.8,8,35,0
DEG,5,20210226,094000,7.99,7.99,7.99,7.99,130,0
DEG,5,20210226,101000,7.7,7.7,7.7,7.7,382,0
DEG,5,20210226,101500,7.642,7.642,7.621,7.621,1100,0
DEG,5,20210226,102000,7.642,7.7,7.642,7.7,288,0
DEG,5,20210226,103000,7.7,7.7,7.7,7.7,132,0
DEG,5,20210226,103500,7.7,7.7,7.7,7.7,150,0
DEG,5,20210226,104000,7.68,7.7,7.68,7.7,468,0
DEG,5,20210226,110500,7.7,7.7,7.7,7.7,172,0
DEG,5,20210226,121000,7.96,7.98,7.96,7.98,175,0
DEG,5,20210226,122500,7.99,7.99,7.99,7.99,15,0
DEG,5,20210226,125000,7.7,7.7,7.7,7.7,328,0
DEG,5,20210226,130000,7.62,7.62,7.51,7.51,500,0
DEG,5,20210226,132500,7.6,7.6,7.6,7.6,150,0
DEG,5,20210226,135500,7.7,7.8,7.7,7.8,200,0
DEG,5,20210226,142000,7.8,7.8,7.8,7.8,3,0
DEG,5,20210226,152000,7.8,7.85,7.8,7.85,269,0
DEG,5,20210226,161500,7.85,7.9,7.85,7.9,20,0
DEG,5,20210226,163000,7.9,7.99,7.9,7.99,241,0
DEG,5,20210226,163500,7.99,7.99,7.99,7.99,150,0
DEG,5,20210226,164500,7.99,7.99,7.99,7.99,992,0
DEG,5,20210301,092500,8.04,8.06,8.04,8.06,300,0
DEG,5,20210301,100500,8,8,7.99,7.99,316,0
DEG,5,20210301,101500,7.85,7.85,7.85,7.85,67,0
DEG,5,20210301,102500,7.85,7.85,7.85,7.85,73,0
DEG,5,20210301,103500,7.86,7.86,7.85,7.85,252,0
DEG,5,20210301,104000,7.8,8,7.8,8,80,0
DEG,5,20210301,110000,8,8,8,8,373,0
DEG,5,20210301,140000,7.8,7.8,7.8,7.8,900,0
DEG,5,20210301,140500,7.8,7.8,7.8,7.8,100,0
DEG,5,20210301,150000,7.9,7.9,7.9,7.9,200,0
DEG,5,20210301,154500,8,8,8,8,400,0
DEG,5,20210301,160500,8,8,8,8,488,0
DEG,5,20210301,161000,8,8.09,8,8.09,25,0
DEG,5,20210301,164500,8.09,8.17,8.09,8.17,613,0
DEG,5,20210302,093500,8.17,8.17,8.17,8.17,5,0
DEG,5,20210302,124000,8.17,8.17,8.17,8.17,29,0
DEG,5,20210302,124500,8.17,8.17,8.17,8.17,213,0
DEG,5,20210302,130500,8.1,8.1,8.1,8.1,100,0
DEG,5,20210302,131500,8.1,8.1,8.1,8.1,268,0
DEG,5,20210302,133000,7.83,7.83,7.75,7.75,633,0
DEG,5,20210302,152500,7.899,7.99,7.899,7.99,192,0
DEG,5,20210302,153500,7.99,7.99,7.99,7.99,8,0
DEG,5,20210303,090000,8.01,8.01,8.01,8.01,15,0
DEG,5,20210303,095000,7.801,7.801,7.801,7.801,25,0
DEG,5,20210303,113000,7.95,8,7.95,8,707,0
DEG,5,20210303,113500,8.01,8.9,8.01,8.9,7318,0
DEG,5,20210303,114000,8.8,9.3,8.7,8.7,3070,0
DEG,5,20210303,115500,8.5,8.5,8.4,8.4,884,0
DEG,5,20210303,120000,8.4,8.4,8.4,8.4,100,0
DEG,5,20210303,122000,8.2,8.2,8.2,8.2,25,0
DEG,5,20210303,140000,8.6,8.66,8.6,8.66,130,0
DEG,5,20210303,141000,8.22,8.22,8.22,8.22,259,0
DEG,5,20210303,145500,8.68,8.68,8.68,8.68,15,0
DEG,5,20210303,162000,8.24,8.24,8.24,8.24,255,0
DEG,5,20210303,162500,8.24,8.64,8.24,8.64,16,0
DEG,5,20210304,090000,8.2,8.2,8.2,8.2,75,0
DEG,5,20210304,090500,8.15,8.15,8.141,8.141,105,0
DEG,5,20210304,093500,8.141,8.141,8.141,8.141,240,0
DEG,5,20210304,094000,8.05,8.05,8.05,8.05,252,0
DEG,5,20210304,100000,8.03,8.05,8.02,8.05,425,0
DEG,5,20210304,104000,8.05,8.05,8.05,8.05,27,0
DEG,5,20210304,141500,8.1,8.1,8.1,8.1,50,0
DEG,5,20210304,142500,8.2,8.2,8.2,8.2,25,0
DEG,5,20210304,152500,8.3,8.3,8.3,8.3,12,0
DEG,5,20210304,154500,8.2,8.2,8.2,8.2,230,0
DEG,5,20210304,160000,8.06,8.06,8.06,8.06,300,0
DEG,5,20210304,164500,8.499,8.499,8.499,8.499,200,0
DEG,5,20210305,090500,8.499,8.499,8.499,8.499,25,0
DEG,5,20210305,091500,8.49,8.49,8.49,8.49,20,0
DEG,5,20210305,111000,8.1,8.1,8.1,8.1,25,0
DEG,5,20210305,124000,8.4,8.45,8.4,8.45,150,0
DEG,5,20210305,124500,8.2,8.2,8.2,8.2,199,0
DEG,5,20210305,131500,8.2,8.2,8.2,8.2,201,0
DEG,5,20210305,150500,8.2,8.2,8.12,8.12,100,0
DEG,5,20210305,152000,8.14,8.14,8.11,8.11,770,0
DEG,5,20210305,155500,8.11,8.11,8.1,8.1,750,0
DEG,5,20210305,164500,8.35,8.35,8.35,8.35,50,0
DEG,5,20210308,091500,8.08,8.08,8.01,8.01,150,0
DEG,5,20210308,092000,8.2,8.38,8.2,8.38,300,0
DEG,5,20210308,095000,8.35,8.35,8.35,8.35,25,0
DEG,5,20210308,100000,8.35,8.35,8.35,8.35,213,0
DEG,5,20210308,110500,8.38,8.38,8.38,8.38,50,0
DEG,5,20210308,114500,8.05,8.05,8.05,8.05,25,0
DEG,5,20210308,141500,8.06,8.06,8.06,8.06,25,0
DEG,5,20210308,142000,8.05,8.05,8.05,8.05,200,0
DEG,5,20210308,142500,8.05,8.05,8.05,8.05,95,0
DEG,5,20210308,160000,8.04,8.04,8.03,8.03,800,0
DEG,5,20210308,164500,8.34,8.34,8.34,8.34,25,0
DEG,5,20210309,102000,8.33,8.33,8.33,8.33,5,0
DEG,5,20210310,090000,8.329,8.329,8.329,8.329,10,0
DEG,5,20210310,092000,8.329,8.33,8.329,8.33,50,0
DEG,5,20210310,145500,8.2,8.2,8.2,8.2,6,0
DEG,5,20210310,154500,8.1,8.1,8.1,8.1,163,0
DEG,5,20210311,121000,8.03,8.03,8.03,8.03,28,0
DEG,5,20210311,140500,8.25,8.279,8.25,8.279,130,0
DEG,5,20210311,145000,8.05,8.05,8.05,8.05,25,0
DEG,5,20210311,152000,8.05,8.05,8.05,8.05,225,0
DEG,5,20210311,160000,8.05,8.05,8.05,8.05,125,0
DEG,5,20210311,161500,8.24,8.24,8.24,8.24,19,0
DEG,5,20210312,093500,8.2,8.2,8.031,8.031,14,0
DEG,5,20210312,103500,8.199,8.2,8.199,8.2,50,0
DEG,5,20210312,105500,8.2,8.47,8.2,8.47,2417,0
DEG,5,20210312,111000,8.33,8.33,8.2,8.2,319,0
DEG,5,20210312,114000,8.2,8.2,8,8,2222,0
DEG,5,20210312,121000,8.1,8.1,8.1,8.1,197,0
DEG,5,20210312,124000,8,8,7.72,7.72,3786,0
DEG,5,20210312,124500,8.09,8.09,8.09,8.09,15,0
DEG,5,20210312,125000,8,8.08,8,8.08,376,0
DEG,5,20210312,135500,7.85,8.08,7.85,8.08,223,0
DEG,5,20210312,151500,8.08,8.08,8.08,8.08,700,0
DEG,5,20210312,162500,7.85,7.85,7.85,7.85,387,0
DEG,5,20210312,163500,8.07,8.07,8.07,8.07,1,0
DEG,5,20210315,094000,7.76,7.76,7.76,7.76,197,0
DEG,5,20210315,095000,7.76,7.76,7.65,7.7,242,0
DEG,5,20210315,100000,7.67,7.67,7.67,7.67,410,0
DEG,5,20210315,100500,7.67,7.67,7.67,7.67,310,0
DEG,5,20210315,101000,7.67,7.67,7.65,7.65,377,0
DEG,5,20210315,101500,7.7,7.7,7.7,7.7,200,0
DEG,5,20210315,103000,7.9,7.9,7.9,7.9,200,0
DEG,5,20210315,112500,7.8,7.8,7.8,7.8,300,0
DEG,5,20210315,141000,7.66,7.66,7.65,7.65,200,0
DEG,5,20210315,143500,7.65,7.65,7.65,7.65,100,0
DEG,5,20210315,151000,7.66,7.66,7.66,7.66,68,0
DEG,5,20210315,153500,7.8,7.8,7.8,7.8,225,0
DEG,5,20210315,160500,7.6,7.6,7.55,7.55,2400,0
DEG,5,20210315,162000,7.56,7.56,7.55,7.55,545,0
DEG,5,20210315,163000,7.8,7.8,7.8,7.8,25,0
DEG,5,20210316,090000,7.77,7.77,7.77,7.77,94,0
DEG,5,20210316,091000,7.6,7.6,7.6,7.6,50,0
DEG,5,20210316,093000,7.6,7.6,7.6,7.6,1000,0
DEG,5,20210316,094500,7.8,7.96,7.8,7.96,2000,0
DEG,5,20210316,095000,7.7,8,7.7,8,818,0
DEG,5,20210316,095500,8.03,8.03,8,8,1765,0
DEG,5,20210316,100000,8,8,8,8,32,0
DEG,5,20210316,101000,7.8,7.8,7.8,7.8,1466,0
DEG,5,20210316,101500,7.999,7.999,7.999,7.999,1,0
DEG,5,20210316,104500,7.8,7.8,7.6,7.6,2100,0
DEG,5,20210316,110500,7.6,7.6,7.6,7.6,50,0
DEG,5,20210316,111000,7.6,7.76,7.5,7.76,1210,0
DEG,5,20210316,111500,7.76,7.76,7.76,7.76,50,0
DEG,5,20210316,122000,7.76,7.76,7.6,7.6,370,0
DEG,5,20210316,122500,7.52,7.52,7.5,7.5,575,0
DEG,5,20210316,123000,7.5,7.6,7.5,7.6,1055,0
DEG,5,20210316,124500,7.5,7.5,7.45,7.45,1000,0
DEG,5,20210316,125000,7.6,7.6,7.6,7.6,1,0
DEG,5,20210316,142000,7.59,7.6,7.59,7.6,260,0
DEG,5,20210316,155500,7.6,7.6,7.6,7.6,250,0
DEG,5,20210316,160000,7.5,7.5,7.45,7.45,300,0
DEG,5,20210317,090000,7.32,7.32,7.21,7.21,690,0
DEG,5,20210317,090500,7.21,7.21,7.2,7.2,509,0
DEG,5,20210317,092000,7.12,7.15,7.12,7.15,1000,0
DEG,5,20210317,092500,7.15,7.3,7.15,7.3,2240,0
DEG,5,20210317,094000,7.3,7.3,7.3,7.3,200,0
DEG,5,20210317,095000,7.4,7.4,7.4,7.4,100,0
DEG,5,20210317,100000,7.4,7.4,7.4,7.4,36,0
DEG,5,20210317,112500,7.2,7.2,7,7,1636,0
DEG,5,20210317,113000,7.3,7.99,7.3,7.55,2600,0
DEG,5,20210317,113500,7.5,7.5,7.3,7.3,375,0
DEG,5,20210317,120000,7.33,7.33,7.1,7.1,979,0
DEG,5,20210317,121000,7.12,7.12,7.12,7.12,720,0
DEG,5,20210317,130500,7.4,7.4,7.4,7.4,1,0
DEG,5,20210317,144000,7.4,7.6,7.4,7.6,250,0
DEG,5,20210317,152000,7.22,7.22,7.22,7.22,20,0
DEG,5,20210317,164500,7.4,7.4,7.4,7.4,25,0
DEG,5,20210318,090000,7.58,7.58,7.58,7.58,25,0
DEG,5,20210318,144000,7.25,7.25,7.13,7.13,800,0
DEG,5,20210318,145500,7.15,7.15,7.15,7.15,55,0
DEG,5,20210318,150500,7.15,7.15,7.15,7.15,180,0
DEG,5,20210318,151000,7.15,7.15,7.15,7.15,215,0
DEG,5,20210318,154500,7.15,7.15,7.15,7.15,85,0
DEG,5,20210318,163000,7.44,7.44,7.44,7.44,100,0
DEG,5,20210318,164500,7.44,7.44,7.44,7.44,170,0
DEG,5,20210319,091500,7.153,7.153,7.153,7.153,239,0
DEG,5,20210319,093500,7.4,7.4,7.4,7.4,2,0
DEG,5,20210319,095000,7.399,7.4,7.399,7.4,55,0
DEG,5,20210319,105500,7.4,7.4,7.4,7.4,100,0
DEG,5,20210319,114500,7.2,7.2,7.2,7.2,7,0
DEG,5,20210319,115000,7.17,7.17,7.15,7.15,300,0
DEG,5,20210319,120000,7.2,7.2,7.2,7.2,93,0
DEG,5,20210319,121000,7.2,7.2,7.2,7.2,200,0
DEG,5,20210319,122000,7.39,7.39,7.39,7.39,25,0
DEG,5,20210319,123500,7.4,7.4,7.4,7.4,25,0
DEG,5,20210319,135000,7.4,7.4,7.2,7.2,107,0
DEG,5,20210319,140000,7.151,7.151,7.15,7.15,897,0
DEG,5,20210319,144000,7.2,7.44,7.2,7.44,1335,0
DEG,5,20210319,144500,7.55,7.7,7.55,7.7,2268,0
DEG,5,20210319,145000,7.7,7.7,7.5,7.5,678,0
DEG,5,20210319,145500,7.5,7.5,7.5,7.5,50,0
DEG,5,20210319,151500,7.5,7.5,7.26,7.26,348,0
DEG,5,20210319,161000,7.26,7.26,7.22,7.22,800,0
DEG,5,20210319,162000,7.22,7.22,7.22,7.22,6,0
DEG,5,20210319,164000,7.23,7.23,7.22,7.22,60,0
DEG,5,20210319,164500,7.6,7.6,7.6,7.6,25,0
DEG,5,20210322,090000,7.25,7.25,7.25,7.25,190,0
DEG,5,20210322,090500,7.21,7.21,7.21,7.21,235,0
DEG,5,20210322,091000,7.66,7.66,7.66,7.66,15,0
DEG,5,20210322,123000,7.64,7.64,7.64,7.64,20,0
DEG,5,20210322,152500,7.6,7.6,7.6,7.6,18,0
DEG,5,20210323,090500,7.59,7.59,7.59,7.59,5,0
DEG,5,20210323,122000,7.25,7.25,7.25,7.25,25,0
DEG,5,20210323,122500,7.2,7.2,7.2,7.2,560,0
DEG,5,20210323,123500,7.16,7.16,7.16,7.16,325,0
DEG,5,20210323,124000,7.17,7.17,7.17,7.17,425,0
DEG,5,20210323,125000,7.17,7.17,7.17,7.17,350,0
DEG,5,20210323,135500,7.171,7.171,7.171,7.171,25,0
DEG,5,20210323,140000,7.171,7.4,7.151,7.4,430,0
DEG,5,20210323,141000,7.152,7.152,6.92,6.92,8352,0
DEG,5,20210323,144000,7,7.2,7,7.2,21,0
DEG,5,20210323,151000,7.2,7.25,7.2,7.25,25,0
DEG,5,20210323,152000,7.25,7.33,7.25,7.33,389,0
DEG,5,20210323,162000,7.34,7.34,7.34,7.34,25,0
DEG,5,20210324,095500,7.338,7.338,7.338,7.338,5,0
DEG,5,20210324,103500,7.06,7.06,6.94,6.94,200,0
DEG,5,20210324,112500,7.002,7.002,7,7,1100,0
DEG,5,20210324,113000,7,7,7,7,392,0
DEG,5,20210324,113500,7,7,7,7,1508,0
DEG,5,20210324,121500,7.2,7.2,7.2,7.2,40,0
DEG,5,20210324,162500,7.19,7.19,7.19,7.19,25,0
DEG,5,20210325,090500,7.23,7.23,7,7,670,0
DEG,5,20210325,091000,7.19,7.19,7.19,7.19,1,0
DEG,5,20210325,091500,7.189,7.19,7.189,7.19,500,0
DEG,5,20210325,093000,7,7,7,7,50,0
DEG,5,20210325,095000,7.1,7.1,7.1,7.1,999,0
DEG,5,20210325,100000,7.18,7.18,7.18,7.18,25,0
DEG,5,20210325,105000,7.1,7.18,7,7.18,175,0
DEG,5,20210325,110000,7.18,7.18,7.18,7.18,175,0
DEG,5,20210325,113500,7,7,7,7,398,0
DEG,5,20210325,114000,7.16,7.16,7.16,7.16,36,0
DEG,5,20210325,133000,7.27,7.27,7.27,7.27,20,0
DEG,5,20210325,141000,7,7,7,7,314,0
DEG,5,20210325,144500,7,7,7,7,20,0
DEG,5,20210325,152000,7,7,7,7,160,0
DEG,5,20210325,160000,7,7.16,7,7.16,210,0
DEG,5,20210326,103500,7.15,7.15,7.15,7.15,5,0
DEG,5,20210326,105000,7.13,7.13,7.13,7.13,30,0
DEG,5,20210326,113000,6.95,6.95,6.94,6.94,100,0
DEG,5,20210326,114000,7.11,7.16,7.11,7.16,700,0
DEG,5,20210326,160500,7,7,7,7,27,0
DEG,5,20210326,164500,7,7.15,7,7.15,110,0
