<TICKER>,<PER>,<DATE>,<TIME>,<OPEN>,<HIGH>,<LOW>,<CLOSE>,<VOL>,<OPENINT>
DRG,5,20210204,122000,4.311,4.311,4.3,4.3,1400,0
DRG,5,20210204,131000,4.44,4.45,4.44,4.45,947,0
DRG,5,20210204,135000,4.45,4.45,4.45,4.45,123,0
DRG,5,20210205,121500,4.549,4.549,4.549,4.549,50,0
DRG,5,20210205,160500,4.33,4.33,4.33,4.33,1100,0
DRG,5,20210205,161000,4.549,4.549,4.549,4.549,41,0
DRG,5,20210208,134000,4.33,4.33,4.321,4.321,1000,0
DRG,5,20210208,155000,4.401,4.401,4.401,4.401,50,0
DRG,5,20210208,155500,4.4,4.4,4.3,4.3,2650,0
DRG,5,20210208,164000,4.35,4.35,4.35,4.35,250,0
DRG,5,20210208,164500,4.34,4.34,4.34,4.34,50,0
DRG,5,20210209,094000,4.5195,4.5195,4.5195,4.5195,10,0
DRG,5,20210209,103000,4.516,4.516,4.516,4.516,10,0
DRG,5,20210209,123500,4.31,4.31,4.31,4.31,271,0
DRG,5,20210209,132500,4.32,4.32,4.31,4.31,216,0
DRG,5,20210209,141000,4.455,4.455,4.455,4.455,200,0
DRG,5,20210210,131500,4.28,4.28,4.28,4.28,311,0
DRG,5,20210210,135000,4.261,4.261,4.21,4.21,200,0
DRG,5,20210210,135500,4.27,4.27,4.27,4.27,400,0
DRG,5,20210210,143500,4.22,4.22,4.2,4.2,500,0
DRG,5,20210210,144000,4.167,4.167,4.167,4.167,240,0
DRG,5,20210210,144500,4.42,4.439,4.42,4.439,300,0
DRG,5,20210210,162000,4.162,4.162,4.162,4.162,83,0
DRG,5,20210210,164500,4.35,4.35,4.35,4.35,333,0
DRG,5,20210211,120500,4.39,4.399,4.39,4.399,796,0
DRG,5,20210211,121000,4.4,4.4,4.4,4.4,204,0
DRG,5,20210211,160500,4.182,4.182,4.163,4.163,567,0
DRG,5,20210211,164500,4.39,4.39,4.39,4.39,10,0
DRG,5,20210212,090000,4.32,4.32,4.32,4.32,235,0
DRG,5,20210212,105500,4.2,4.2,4.2,4.2,15,0
DRG,5,20210212,112500,4.22,4.22,4.2,4.2,1000,0
DRG,5,20210212,134000,4.3,4.3,4.3,4.3,565,0
DRG,5,20210212,152500,4.23,4.23,4.22,4.22,750,0
DRG,5,20210212,154000,4.22,4.22,4.2,4.2,937,0
DRG,5,20210212,164000,4.2,4.32,4.2,4.32,21,0
DRG,5,20210212,164500,4.39,4.39,4.39,4.39,10,0
DRG,5,20210215,112000,4.38,4.38,4.38,4.38,67,0
DRG,5,20210215,121000,4.35,4.39,4.35,4.39,50,0
DRG,5,20210215,121500,4.2,4.2,4.162,4.162,1000,0
DRG,5,20210215,134000,4.1765,4.1765,4.1765,4.1765,150,0
DRG,5,20210215,144500,4.386,4.386,4.386,4.386,2,0
DRG,5,20210216,093500,4.388,4.388,4.388,4.388,2,0
DRG,5,20210216,111000,4.388,4.388,4.388,4.388,100,0
DRG,5,20210216,112500,4.172,4.172,4.162,4.162,770,0
DRG,5,20210216,122500,4.18,4.18,4.154,4.154,1000,0
DRG,5,20210216,132500,4.154,4.154,4.1505,4.1505,2470,0
DRG,5,20210216,135000,4.151,4.151,4.1,4.1,1988,0
DRG,5,20210216,135500,4.1,4.1,4.1,4.1,1866,0
DRG,5,20210216,140000,4.1,4.1,4.055,4.055,710,0
DRG,5,20210216,150500,4.25,4.25,4.25,4.25,200,0
DRG,5,20210216,154000,4.28,4.28,4.28,4.28,200,0
DRG,5,20210216,164000,4.27,4.27,4.27,4.27,100,0
DRG,5,20210216,164500,4.124,4.124,4.124,4.124,3,0
DRG,5,20210217,121000,4.22,4.22,4.22,4.22,200,0
DRG,5,20210218,091500,4.289,4.289,4.289,4.289,1,0
DRG,5,20210218,094500,4.12,4.12,4.06,4.06,1200,0
DRG,5,20210218,101500,4.25,4.25,4.25,4.25,15,0
DRG,5,20210218,143000,4.2475,4.2475,4.2475,4.2475,235,0
DRG,5,20210219,093500,4.245,4.245,4.245,4.245,70,0
DRG,5,20210219,111000,4.037,4.037,4.034,4.034,1310,0
DRG,5,20210219,134000,4.05,4.05,4.03,4.03,2500,0
DRG,5,20210219,141000,4.22,4.22,4.22,4.22,5,0
DRG,5,20210219,150500,4.219,4.219,4.219,4.219,200,0
DRG,5,20210219,164500,4.02,4.02,4.02,4.02,20,0
DRG,5,20210222,092500,4.15,4.15,4.15,4.15,100,0
DRG,5,20210222,093000,4.15,4.15,4.15,4.15,1000,0
DRG,5,20210222,100500,4.15,4.15,4.15,4.15,250,0
DRG,5,20210222,105500,4.1505,4.1505,4.15,4.15,650,0
DRG,5,20210222,160500,4.175,4.175,4.175,4.175,118,0
DRG,5,20210222,162000,4.1745,4.1745,4.15,4.15,230,0
DRG,5,20210223,090000,4.18,4.18,4.18,4.18,1100,0
DRG,5,20210223,091000,4.15,4.15,4.15,4.15,700,0
DRG,5,20210223,092000,4.15,4.15,4.15,4.15,299,0
DRG,5,20210223,092500,4.15,4.15,4.15,4.15,1610,0
DRG,5,20210223,113000,4.18,4.18,4.18,4.18,134,0
DRG,5,20210223,132000,4.2,4.2,4.2,4.2,100,0
DRG,5,20210223,155500,4.15,4.15,4.15,4.15,500,0
DRG,5,20210225,091500,4.16,4.16,4.15,4.15,291,0
DRG,5,20210225,104500,4.1,4.1,4.1,4.1,50,0
DRG,5,20210225,121500,4.1,4.1,4.1,4.1,120,0
DRG,5,20210225,152000,4.1,4.1,4.1,4.1,70,0
DRG,5,20210226,104500,4.1,4.1,4.1,4.1,10,0
DRG,5,20210226,115500,4.1,4.1,4.1,4.1,100,0
DRG,5,20210226,120500,4.1,4.1,4.1,4.1,20,0
DRG,5,20210226,121500,4.1,4.1,4.1,4.1,180,0
DRG,5,20210226,141000,4.1,4.1,4.1,4.1,258,0
DRG,5,20210226,141500,4.1,4.1,4.1,4.1,391,0
DRG,5,20210226,142000,4.04,4.04,4.04,4.04,100,0
DRG,5,20210226,143000,4.1,4.1,4.1,4.1,51,0
DRG,5,20210226,162500,4.1,4.1,4.001,4.001,848,0
DRG,5,20210301,091000,4.2,4.2,4.2,4.2,5,0
DRG,5,20210301,164500,4.01,4.01,4.01,4.01,1,0
DRG,5,20210302,155500,4.18,4.338,4.18,4.338,3135,0
DRG,5,20210302,160000,4.35,4.35,4.35,4.35,615,0
DRG,5,20210302,162500,4.34,4.34,4.34,4.34,150,0
DRG,5,20210302,164500,4.05,4.05,4.05,4.05,1,0
DRG,5,20210303,090000,4.1,4.1,4.1,4.1,120,0
DRG,5,20210303,095500,4.32,4.32,4.32,4.32,50,0
DRG,5,20210303,104000,4.318,4.318,4.318,4.318,46,0
DRG,5,20210303,104500,4.32,4.32,4.32,4.32,235,0
DRG,5,20210303,105500,4.34,4.34,4.34,4.34,150,0
DRG,5,20210303,110000,4.2,4.2,4.2,4.2,5000,0
DRG,5,20210303,135500,4.2,4.2,4.2,4.2,100,0
DRG,5,20210303,143500,4.2,4.2,4.2,4.2,500,0
DRG,5,20210304,120000,4.12,4.12,4.12,4.12,10,0
DRG,5,20210304,152000,4.28,4.28,4.1,4.1,1430,0
DRG,5,20210305,104000,4.1,4.1,4.1,4.1,50,0
DRG,5,20210305,104500,4.05,4.1,4.042,4.042,1038,0
DRG,5,20210305,110500,4.248,4.248,4.248,4.248,1,0
DRG,5,20210305,114000,4.042,4.042,4,4,1008,0
DRG,5,20210305,123500,4,4,4,4,580,0
DRG,5,20210305,144500,4,4,3.98,3.98,1100,0
DRG,5,20210305,151000,4.21,4.21,4.21,4.21,10,0
DRG,5,20210308,091000,3.98,3.98,3.98,3.98,34,0
DRG,5,20210308,091500,3.981,3.981,3.981,3.981,112,0
DRG,5,20210308,111500,4.2,4.2,4.2,4.2,10,0
DRG,5,20210308,130000,4.001,4.001,3.982,3.982,115,0
DRG,5,20210308,142000,4.2,4.2,4.2,4.2,40,0
DRG,5,20210308,164500,4.2,4.2,4.2,4.2,1008,0
DRG,5,20210309,111000,4.19,4.2,4.19,4.2,250,0
DRG,5,20210309,131000,4.2,4.201,4.2,4.201,139,0
DRG,5,20210309,143000,4.02,4.02,4.012,4.012,650,0
DRG,5,20210309,154500,4.2,4.2,4.2,4.2,300,0
DRG,5,20210309,162000,4.2,4.2,4.2,4.2,3,0
DRG,5,20210309,165500,4.2,4.2,4.2,4.2,50,0
DRG,5,20210310,094500,4.011,4.011,4.01,4.01,1000,0
DRG,5,20210310,104000,4.07,4.07,4.07,4.07,500,0
DRG,5,20210310,164000,4.13,4.13,4.13,4.13,10,0
DRG,5,20210311,094000,4.06,4.06,4,4,550,0
DRG,5,20210311,103000,4.11,4.11,4.11,4.11,5,0
DRG,5,20210311,140000,4,4,4,4,240,0
DRG,5,20210311,141500,4,4,4,4,60,0
DRG,5,20210311,150500,4.099,4.099,4.099,4.099,100,0
DRG,5,20210312,090000,4.098,4.098,4.098,4.098,50,0
DRG,5,20210312,092000,4,4,4,4,250,0
DRG,5,20210312,092500,4,4,4,4,300,0
DRG,5,20210312,105500,4,4,4,4,50,0
DRG,5,20210312,130000,4,4,4,4,1150,0
DRG,5,20210312,133000,4.08,4.099,4.08,4.099,200,0
DRG,5,20210312,162500,4.109,4.109,4.109,4.109,50,0
DRG,5,20210315,094000,4,4,4,4,250,0
DRG,5,20210315,095500,3.98,3.98,3.93,3.93,1000,0
DRG,5,20210315,112000,4.079,4.079,4.079,4.079,300,0
DRG,5,20210315,120500,4.001,4.001,4.001,4.001,1000,0
DRG,5,20210315,131000,4.0005,4.0005,3.921,3.921,400,0
DRG,5,20210315,142500,4.078,4.078,4.078,4.078,244,0
DRG,5,20210315,145500,4.07,4.07,4.07,4.07,400,0
DRG,5,20210316,090000,4.05,4.05,4.05,4.05,220,0
DRG,5,20210316,095500,4.05,4.05,4.05,4.05,80,0
DRG,5,20210316,102500,4.05,4.05,4.05,4.05,150,0
DRG,5,20210317,090000,4,4,4,4,130,0
DRG,5,20210317,093500,3.981,3.981,3.981,3.981,380,0
DRG,5,20210317,094000,3.93,3.93,3.93,3.93,100,0
DRG,5,20210317,101500,3.933,3.933,3.8,3.8,5000,0
DRG,5,20210317,112000,3.851,3.851,3.851,3.851,500,0
DRG,5,20210317,112500,3.85,3.85,3.812,3.812,550,0
DRG,5,20210317,124000,3.93,3.93,3.93,3.93,200,0
DRG,5,20210317,142500,3.899,3.899,3.899,3.899,45,0
DRG,5,20210317,143500,3.899,3.899,3.899,3.899,305,0
DRG,5,20210317,151000,3.85,3.85,3.812,3.812,511,0
DRG,5,20210317,153000,3.812,3.812,3.812,3.812,50,0
DRG,5,20210317,155000,3.9,3.9,3.9,3.9,5,0
DRG,5,20210318,095500,3.9,3.9,3.9,3.9,10,0
DRG,5,20210318,103000,3.89,3.89,3.89,3.89,200,0
DRG,5,20210318,125500,3.85,3.85,3.85,3.85,723,0
DRG,5,20210318,130000,3.85,3.85,3.85,3.85,277,0
DRG,5,20210319,115500,3.8405,3.8405,3.8405,3.8405,100,0
DRG,5,20210319,155500,3.899,3.899,3.899,3.899,1,0
DRG,5,20210322,095500,3.89,3.89,3.89,3.89,100,0
DRG,5,20210322,100500,3.82,3.82,3.82,3.82,99,0
DRG,5,20210322,125000,3.88,3.9,3.88,3.9,4700,0
DRG,5,20210322,152500,3.8995,3.8995,3.8995,3.8995,150,0
DRG,5,20210323,090000,3.9,3.9,3.9,3.9,300,0
DRG,5,20210323,091000,3.82,3.82,3.82,3.82,150,0
DRG,5,20210323,094000,3.82,3.82,3.621,3.621,2853,0
DRG,5,20210323,094500,3.62,3.62,3.31,3.31,2892,0
DRG,5,20210323,095000,3.89,3.89,3.89,3.89,8,0
DRG,5,20210323,120000,3.8,3.82,3.8,3.82,400,0
DRG,5,20210323,160500,3.74,3.74,3.74,3.74,453,0
DRG,5,20210323,161000,3.74,3.74,3.74,3.74,300,0
DRG,5,20210323,162000,3.74,3.75,3.74,3.75,250,0
DRG,5,20210324,090000,3.75,3.75,3.75,3.75,100,0
DRG,5,20210324,102500,3.69,3.69,3.69,3.69,100,0
DRG,5,20210324,104500,3.72,3.72,3.72,3.72,10,0
DRG,5,20210324,113000,3.7195,3.7195,3.7195,3.7195,628,0
DRG,5,20210324,124500,3.719,3.719,3.67,3.67,600,0
DRG,5,20210324,130500,3.67,3.67,3.67,3.67,402,0
DRG,5,20210324,135000,3.66,3.66,3.41,3.41,2282,0
DRG,5,20210324,135500,3.46,3.46,3.46,3.46,295,0
DRG,5,20210325,090000,3.5,3.5,3.5,3.5,720,0
DRG,5,20210325,090500,3.462,3.462,3.25,3.25,5530,0
DRG,5,20210325,091500,3.4795,3.4795,3.4795,3.4795,111,0
DRG,5,20210325,092500,3.28,3.28,3.28,3.28,90,0
DRG,5,20210325,093000,3.4,3.4,3.4,3.4,100,0
DRG,5,20210325,094000,3.42,3.42,3.42,3.42,100,0
DRG,5,20210325,094500,3.42,3.42,3.42,3.42,100,0
DRG,5,20210325,123000,3.4,3.4,3.4,3.4,108,0
DRG,5,20210325,124000,3.35,3.35,3.32,3.32,700,0
DRG,5,20210325,143000,3.33,3.33,3.32,3.32,768,0
DRG,5,20210325,150000,3.32,3.32,3.31,3.31,1385,0
DRG,5,20210325,152000,3.35,3.35,3.35,3.35,304,0
DRG,5,20210325,165500,3.469,3.469,3.469,3.469,10,0
DRG,5,20210326,090000,3.469,3.469,3.469,3.469,60,0
DRG,5,20210326,152500,3.45,3.45,3.45,3.45,146,0
DRG,5,20210326,154000,3.4005,3.4005,3.4005,3.4005,155,0
DRG,5,20210326,164500,3.45,3.45,3.45,3.45,88,0
