<TICKER>,<PER>,<DATE>,<TIME>,<OPEN>,<HIGH>,<LOW>,<CLOSE>,<VOL>,<OPENINT>
DTX,5,20210204,115000,0.282,0.282,0.282,0.282,400,0
DTX,5,20210204,115500,0.295,0.295,0.295,0.295,111,0
DTX,5,20210205,092000,0.282,0.282,0.282,0.282,15000,0
DTX,5,20210205,094500,0.293,0.293,0.293,0.293,1,0
DTX,5,20210205,111000,0.292,0.292,0.292,0.292,40,0
DTX,5,20210205,161000,0.282,0.292,0.282,0.292,3111,0
DTX,5,20210208,113000,0.292,0.292,0.292,0.292,80,0
DTX,5,20210208,135000,0.282,0.282,0.282,0.282,1,0
DTX,5,20210208,144500,0.289,0.289,0.289,0.289,1,0
DTX,5,20210208,150000,0.282,0.282,0.281,0.281,5000,0
DTX,5,20210208,151000,0.289,0.289,0.289,0.289,11,0
DTX,5,20210209,093000,0.282,0.282,0.281,0.281,27500,0
DTX,5,20210209,094000,0.289,0.289,0.289,0.289,1111,0
DTX,5,20210209,121000,0.281,0.281,0.281,0.281,2031,0
DTX,5,20210209,121500,0.28,0.28,0.28,0.28,10001,0
DTX,5,20210209,130000,0.281,0.289,0.281,0.289,3333,0
DTX,5,20210210,093000,0.287,0.287,0.287,0.287,10,0
DTX,5,20210210,100000,0.285,0.285,0.285,0.285,4000,0
DTX,5,20210210,163000,0.284,0.284,0.284,0.284,1700,0
DTX,5,20210210,164500,0.286,0.286,0.286,0.286,5997,0
DTX,5,20210211,094000,0.289,0.289,0.289,0.289,5000,0
DTX,5,20210211,101500,0.279,0.279,0.279,0.279,1,0
DTX,5,20210211,104500,0.279,0.279,0.279,0.279,1163,0
DTX,5,20210211,105000,0.288,0.288,0.288,0.288,3000,0
DTX,5,20210211,112500,0.289,0.289,0.289,0.289,23505,0
DTX,5,20210211,113000,0.292,0.292,0.292,0.292,12400,0
DTX,5,20210211,113500,0.294,0.294,0.294,0.294,690,0
DTX,5,20210211,120000,0.294,0.3,0.294,0.3,23368,0
DTX,5,20210211,120500,0.283,0.324,0.283,0.31,64223,0
DTX,5,20210211,121000,0.32,0.324,0.32,0.323,45000,0
DTX,5,20210211,121500,0.323,0.324,0.32,0.324,24000,0
DTX,5,20210211,122000,0.318,0.318,0.318,0.318,10000,0
DTX,5,20210211,123000,0.315,0.315,0.315,0.315,1000,0
DTX,5,20210211,124000,0.304,0.322,0.304,0.322,11111,0
DTX,5,20210211,132000,0.318,0.318,0.318,0.318,2500,0
DTX,5,20210211,134000,0.304,0.318,0.303,0.318,16133,0
DTX,5,20210211,134500,0.304,0.317,0.3,0.317,14111,0
DTX,5,20210211,141500,0.294,0.294,0.294,0.294,5416,0
DTX,5,20210211,142000,0.31,0.31,0.31,0.31,111,0
DTX,5,20210211,143000,0.31,0.31,0.31,0.31,1889,0
DTX,5,20210211,143500,0.31,0.31,0.278,0.278,185506,0
DTX,5,20210211,144000,0.278,0.287,0.276,0.276,40191,0
DTX,5,20210211,144500,0.276,0.28,0.276,0.28,20285,0
DTX,5,20210211,145000,0.28,0.28,0.28,0.28,15106,0
DTX,5,20210211,145500,0.28,0.285,0.28,0.285,16048,0
DTX,5,20210211,150000,0.286,0.286,0.286,0.286,5928,0
DTX,5,20210211,150500,0.289,0.289,0.289,0.289,1000,0
DTX,5,20210211,153500,0.294,0.294,0.294,0.294,10,0
DTX,5,20210211,154000,0.276,0.276,0.276,0.276,6842,0
DTX,5,20210211,154500,0.275,0.275,0.272,0.272,51500,0
DTX,5,20210211,155000,0.27,0.27,0.27,0.27,8500,0
DTX,5,20210211,160000,0.275,0.275,0.275,0.275,1420,0
DTX,5,20210211,162000,0.28,0.28,0.28,0.28,1000,0
DTX,5,20210211,162500,0.28,0.284,0.28,0.284,37000,0
DTX,5,20210212,090000,0.283,0.283,0.275,0.275,13900,0
DTX,5,20210212,094000,0.285,0.285,0.285,0.285,10280,0
DTX,5,20210212,100000,0.287,0.287,0.287,0.287,1500,0
DTX,5,20210212,103000,0.287,0.29,0.287,0.29,8000,0
DTX,5,20210212,110500,0.29,0.29,0.29,0.29,7000,0
DTX,5,20210212,112500,0.28,0.28,0.28,0.28,1,0
DTX,5,20210212,113000,0.29,0.29,0.29,0.29,1,0
DTX,5,20210212,120500,0.281,0.281,0.281,0.281,219,0
DTX,5,20210212,144000,0.292,0.292,0.292,0.292,10000,0
DTX,5,20210212,145500,0.293,0.293,0.293,0.293,3000,0
DTX,5,20210212,152000,0.284,0.284,0.284,0.284,30000,0
DTX,5,20210212,152500,0.284,0.284,0.281,0.281,16901,0
DTX,5,20210212,163000,0.293,0.293,0.293,0.293,8252,0
DTX,5,20210215,090500,0.284,0.293,0.284,0.293,20010,0
DTX,5,20210215,093000,0.281,0.281,0.281,0.281,15000,0
DTX,5,20210215,115000,0.282,0.291,0.282,0.291,2080,0
DTX,5,20210215,131000,0.288,0.288,0.288,0.288,2000,0
DTX,5,20210215,145000,0.289,0.289,0.289,0.289,15000,0
DTX,5,20210215,145500,0.29,0.29,0.29,0.29,2000,0
DTX,5,20210215,151500,0.291,0.291,0.291,0.291,3000,0
DTX,5,20210215,152000,0.282,0.282,0.282,0.282,3000,0
DTX,5,20210215,161000,0.282,0.282,0.278,0.278,83099,0
DTX,5,20210215,164500,0.288,0.288,0.288,0.288,100,0
DTX,5,20210216,112000,0.288,0.288,0.288,0.288,555,0
DTX,5,20210216,124000,0.288,0.288,0.288,0.288,89,0
DTX,5,20210216,142500,0.277,0.277,0.277,0.277,9929,0
DTX,5,20210216,143000,0.276,0.276,0.276,0.276,11071,0
DTX,5,20210216,151000,0.286,0.286,0.286,0.286,10,0
DTX,5,20210216,154500,0.286,0.286,0.286,0.286,100,0
DTX,5,20210216,155500,0.282,0.282,0.282,0.282,3612,0
DTX,5,20210216,164000,0.282,0.282,0.28,0.28,2755,0
DTX,5,20210217,092500,0.286,0.286,0.286,0.286,5,0
DTX,5,20210217,093000,0.276,0.292,0.275,0.275,30930,0
DTX,5,20210217,094000,0.292,0.292,0.292,0.292,10,0
DTX,5,20210217,094500,0.292,0.292,0.292,0.292,10562,0
DTX,5,20210217,095000,0.281,0.281,0.281,0.281,1,0
DTX,5,20210217,095500,0.294,0.294,0.294,0.294,10,0
DTX,5,20210217,101000,0.29,0.29,0.284,0.284,50001,0
DTX,5,20210217,103000,0.29,0.29,0.29,0.29,854,0
DTX,5,20210217,103500,0.284,0.284,0.284,0.284,3000,0
DTX,5,20210217,104000,0.292,0.3,0.292,0.3,26500,0
DTX,5,20210217,104500,0.3,0.329,0.3,0.328,131343,0
DTX,5,20210217,105000,0.327,0.328,0.315,0.315,47395,0
DTX,5,20210217,105500,0.315,0.315,0.315,0.315,7548,0
DTX,5,20210217,110000,0.305,0.305,0.305,0.305,100,0
DTX,5,20210217,110500,0.305,0.305,0.305,0.305,3400,0
DTX,5,20210217,111500,0.305,0.306,0.275,0.275,244215,0
DTX,5,20210217,112000,0.282,0.29,0.28,0.288,116945,0
DTX,5,20210217,112500,0.29,0.29,0.28,0.287,72115,0
DTX,5,20210217,113000,0.288,0.299,0.288,0.298,47345,0
DTX,5,20210217,113500,0.298,0.303,0.297,0.303,29352,0
DTX,5,20210217,114000,0.302,0.302,0.302,0.302,7000,0
DTX,5,20210217,114500,0.295,0.295,0.29,0.29,5000,0
DTX,5,20210217,115000,0.3,0.3,0.291,0.291,10000,0
DTX,5,20210217,120000,0.291,0.291,0.29,0.29,9300,0
DTX,5,20210217,120500,0.29,0.296,0.29,0.296,8178,0
DTX,5,20210217,121500,0.296,0.308,0.296,0.308,75338,0
DTX,5,20210217,122000,0.308,0.312,0.308,0.312,20000,0
DTX,5,20210217,122500,0.298,0.298,0.298,0.298,10,0
DTX,5,20210217,123500,0.31,0.312,0.31,0.312,13300,0
DTX,5,20210217,124000,0.312,0.318,0.298,0.318,27760,0
DTX,5,20210217,124500,0.318,0.32,0.318,0.318,1039,0
DTX,5,20210217,130000,0.302,0.302,0.302,0.302,1010,0
DTX,5,20210217,132000,0.316,0.327,0.302,0.304,61577,0
DTX,5,20210217,132500,0.326,0.327,0.326,0.327,26700,0
DTX,5,20210217,133000,0.309,0.327,0.309,0.309,7020,0
DTX,5,20210217,135000,0.32,0.32,0.311,0.311,3751,0
DTX,5,20210217,135500,0.324,0.33,0.324,0.33,167145,0
DTX,5,20210217,140000,0.332,0.332,0.311,0.311,3185,0
DTX,5,20210217,141500,0.33,0.33,0.33,0.33,46388,0
DTX,5,20210217,144500,0.313,0.313,0.313,0.313,1,0
DTX,5,20210217,145500,0.33,0.33,0.313,0.313,1501,0
DTX,5,20210217,150000,0.326,0.343,0.326,0.343,84058,0
DTX,5,20210217,151000,0.367,0.367,0.36,0.367,98259,0
DTX,5,20210217,151500,0.365,0.378,0.313,0.369,99348,0
DTX,5,20210217,152000,0.37,0.37,0.35,0.35,13782,0
DTX,5,20210217,152500,0.35,0.368,0.35,0.364,15380,0
DTX,5,20210217,153000,0.364,0.38,0.35,0.38,152260,0
DTX,5,20210217,153500,0.38,0.385,0.37,0.37,26643,0
DTX,5,20210217,154000,0.38,0.39,0.37,0.39,57286,0
DTX,5,20210217,154500,0.385,0.411,0.385,0.411,232148,0
DTX,5,20210218,090000,0.45,0.54,0.371,0.54,1315267,0
DTX,5,20210218,090500,0.536,0.54,0.458,0.498,210530,0
DTX,5,20210218,091000,0.499,0.5,0.48,0.49,88838,0
DTX,5,20210218,091500,0.488,0.49,0.434,0.45,175862,0
DTX,5,20210218,092000,0.452,0.49,0.452,0.488,160943,0
DTX,5,20210218,092500,0.488,0.488,0.455,0.46,106092,0
DTX,5,20210218,093000,0.46,0.466,0.46,0.465,41664,0
DTX,5,20210218,093500,0.464,0.466,0.455,0.466,50359,0
DTX,5,20210218,094000,0.466,0.477,0.423,0.458,88423,0
DTX,5,20210218,094500,0.45,0.48,0.45,0.48,92427,0
DTX,5,20210218,095000,0.48,0.485,0.462,0.479,19588,0
DTX,5,20210218,095500,0.479,0.479,0.452,0.468,36321,0
DTX,5,20210218,100000,0.452,0.464,0.452,0.464,1859,0
DTX,5,20210218,100500,0.462,0.464,0.448,0.464,157708,0
DTX,5,20210218,101000,0.451,0.451,0.422,0.43,236412,0
DTX,5,20210218,101500,0.43,0.445,0.43,0.444,68681,0
DTX,5,20210218,102000,0.444,0.446,0.439,0.446,25500,0
DTX,5,20210218,102500,0.446,0.469,0.44,0.44,197128,0
DTX,5,20210218,103000,0.436,0.455,0.43,0.43,110319,0
DTX,5,20210218,103500,0.43,0.43,0.429,0.429,67419,0
DTX,5,20210218,104000,0.425,0.425,0.401,0.41,59231,0
DTX,5,20210218,104500,0.41,0.417,0.401,0.414,32494,0
DTX,5,20210218,105000,0.415,0.416,0.41,0.415,34268,0
DTX,5,20210218,105500,0.424,0.436,0.424,0.436,55464,0
DTX,5,20210218,110000,0.43,0.433,0.43,0.43,10777,0
DTX,5,20210218,110500,0.416,0.416,0.416,0.416,444,0
DTX,5,20210218,111000,0.416,0.416,0.416,0.416,1000,0
DTX,5,20210218,112000,0.43,0.43,0.43,0.43,1,0
DTX,5,20210218,112500,0.42,0.431,0.42,0.431,8010,0
DTX,5,20210218,113000,0.418,0.418,0.418,0.418,964,0
DTX,5,20210218,113500,0.418,0.418,0.418,0.418,568,0
DTX,5,20210218,114000,0.42,0.42,0.42,0.42,5000,0
DTX,5,20210218,114500,0.423,0.43,0.423,0.43,5000,0
DTX,5,20210218,115500,0.43,0.43,0.43,0.43,5796,0
DTX,5,20210218,120000,0.43,0.43,0.42,0.42,50600,0
DTX,5,20210218,120500,0.418,0.42,0.416,0.42,9572,0
DTX,5,20210218,122500,0.424,0.424,0.42,0.42,20431,0
DTX,5,20210218,123000,0.428,0.428,0.428,0.428,5000,0
DTX,5,20210218,124000,0.427,0.427,0.427,0.427,12450,0
DTX,5,20210218,124500,0.422,0.427,0.422,0.422,12854,0
DTX,5,20210218,125000,0.426,0.427,0.426,0.427,8670,0
DTX,5,20210218,125500,0.428,0.43,0.428,0.43,9000,0
DTX,5,20210218,130500,0.438,0.443,0.438,0.443,85176,0
DTX,5,20210218,131000,0.443,0.448,0.443,0.447,31871,0
DTX,5,20210218,131500,0.447,0.447,0.43,0.43,14124,0
DTX,5,20210218,132000,0.44,0.44,0.42,0.42,13000,0
DTX,5,20210218,132500,0.44,0.44,0.415,0.415,14780,0
DTX,5,20210218,133000,0.425,0.428,0.425,0.428,27278,0
DTX,5,20210218,133500,0.428,0.439,0.428,0.438,5785,0
DTX,5,20210218,135000,0.42,0.42,0.42,0.42,2278,0
DTX,5,20210218,135500,0.422,0.422,0.4,0.4,80472,0
DTX,5,20210218,140000,0.401,0.428,0.4,0.425,8673,0
DTX,5,20210218,140500,0.402,0.402,0.402,0.402,4989,0
DTX,5,20210218,141500,0.405,0.405,0.405,0.405,900,0
DTX,5,20210218,142000,0.405,0.405,0.4,0.4,19445,0
DTX,5,20210218,142500,0.4,0.4,0.39,0.39,20815,0
DTX,5,20210218,143000,0.4,0.414,0.4,0.4,12962,0
DTX,5,20210218,143500,0.412,0.412,0.412,0.412,7000,0
DTX,5,20210218,144000,0.412,0.418,0.405,0.405,30969,0
DTX,5,20210218,144500,0.402,0.402,0.392,0.392,9665,0
DTX,5,20210218,145000,0.396,0.396,0.39,0.39,11990,0
DTX,5,20210218,145500,0.391,0.391,0.391,0.391,6809,0
DTX,5,20210218,150000,0.39,0.39,0.381,0.382,35083,0
DTX,5,20210218,150500,0.381,0.412,0.381,0.41,35558,0
DTX,5,20210218,151000,0.394,0.394,0.392,0.392,3590,0
DTX,5,20210218,151500,0.394,0.394,0.394,0.394,569,0
DTX,5,20210218,152000,0.392,0.392,0.39,0.39,18025,0
DTX,5,20210218,152500,0.388,0.39,0.38,0.39,36976,0
DTX,5,20210218,153500,0.382,0.382,0.38,0.38,10305,0
DTX,5,20210218,154000,0.38,0.38,0.37,0.37,19430,0
DTX,5,20210218,154500,0.368,0.368,0.368,0.368,4732,0
DTX,5,20210218,155000,0.372,0.379,0.37,0.379,13995,0
DTX,5,20210218,155500,0.38,0.38,0.37,0.38,20000,0
DTX,5,20210218,160500,0.372,0.392,0.367,0.37,28169,0
DTX,5,20210218,161000,0.37,0.37,0.367,0.37,15096,0
DTX,5,20210218,161500,0.38,0.38,0.38,0.38,5783,0
DTX,5,20210218,162000,0.367,0.38,0.367,0.38,8743,0
DTX,5,20210218,162500,0.378,0.382,0.378,0.382,5900,0
DTX,5,20210218,163000,0.367,0.396,0.367,0.396,40405,0
DTX,5,20210218,164000,0.375,0.375,0.375,0.375,500,0
DTX,5,20210218,164500,0.376,0.388,0.375,0.388,43994,0
DTX,5,20210219,090000,0.39,0.39,0.35,0.384,181126,0
DTX,5,20210219,090500,0.386,0.395,0.386,0.395,26918,0
DTX,5,20210219,091000,0.395,0.407,0.39,0.407,74158,0
DTX,5,20210219,091500,0.4,0.4,0.39,0.4,14870,0
DTX,5,20210219,092000,0.39,0.39,0.37,0.38,36251,0
DTX,5,20210219,092500,0.38,0.398,0.38,0.381,4228,0
DTX,5,20210219,093000,0.396,0.396,0.396,0.396,56,0
DTX,5,20210219,093500,0.38,0.392,0.38,0.392,13423,0
DTX,5,20210219,094000,0.388,0.388,0.388,0.388,5000,0
DTX,5,20210219,095000,0.372,0.372,0.371,0.371,10000,0
DTX,5,20210219,095500,0.371,0.371,0.371,0.371,5000,0
DTX,5,20210219,100000,0.372,0.372,0.372,0.372,3000,0
DTX,5,20210219,100500,0.384,0.402,0.384,0.402,50000,0
DTX,5,20210219,101000,0.4,0.4,0.4,0.4,2111,0
DTX,5,20210219,101500,0.4,0.4,0.382,0.382,2915,0
DTX,5,20210219,102000,0.382,0.382,0.372,0.372,8862,0
DTX,5,20210219,103000,0.381,0.381,0.381,0.381,5000,0
DTX,5,20210219,103500,0.372,0.372,0.372,0.372,2551,0
DTX,5,20210219,104500,0.375,0.375,0.371,0.371,26400,0
DTX,5,20210219,105000,0.371,0.371,0.371,0.371,4981,0
DTX,5,20210219,110500,0.375,0.382,0.375,0.382,12056,0
DTX,5,20210219,111500,0.38,0.38,0.38,0.38,3500,0
DTX,5,20210219,112000,0.382,0.382,0.382,0.382,59304,0
DTX,5,20210219,112500,0.382,0.39,0.382,0.39,9521,0
DTX,5,20210219,113000,0.39,0.39,0.39,0.39,1601,0
DTX,5,20210219,113500,0.39,0.402,0.39,0.402,28508,0
DTX,5,20210219,114000,0.4,0.4,0.4,0.4,517,0
DTX,5,20210219,115000,0.4,0.402,0.4,0.402,13065,0
DTX,5,20210219,115500,0.4,0.4,0.4,0.4,3889,0
DTX,5,20210219,121000,0.402,0.402,0.395,0.395,3076,0
DTX,5,20210219,121500,0.395,0.402,0.395,0.402,3000,0
DTX,5,20210219,122000,0.402,0.402,0.402,0.402,8250,0
DTX,5,20210219,123500,0.4,0.402,0.4,0.402,9945,0
DTX,5,20210219,124500,0.384,0.4,0.375,0.4,11000,0
DTX,5,20210219,125000,0.4,0.4,0.4,0.4,19697,0
DTX,5,20210219,125500,0.376,0.392,0.374,0.39,37220,0
DTX,5,20210219,135500,0.39,0.39,0.378,0.378,2265,0
DTX,5,20210219,140000,0.378,0.378,0.372,0.372,60257,0
DTX,5,20210219,140500,0.372,0.372,0.324,0.356,93567,0
DTX,5,20210219,141000,0.356,0.36,0.356,0.36,4457,0
DTX,5,20210219,141500,0.365,0.365,0.365,0.365,3565,0
DTX,5,20210219,142000,0.364,0.365,0.364,0.365,10000,0
DTX,5,20210219,142500,0.356,0.356,0.356,0.356,1500,0
DTX,5,20210219,143500,0.362,0.362,0.36,0.36,3005,0
DTX,5,20210219,144000,0.36,0.365,0.36,0.365,112,0
DTX,5,20210219,144500,0.36,0.36,0.36,0.36,5443,0
DTX,5,20210219,145000,0.358,0.358,0.357,0.357,6500,0
DTX,5,20210219,145500,0.357,0.357,0.334,0.336,40500,0
DTX,5,20210219,150000,0.336,0.348,0.33,0.338,32137,0
DTX,5,20210219,150500,0.338,0.338,0.335,0.338,26500,0
DTX,5,20210219,151000,0.338,0.358,0.338,0.357,8838,0
DTX,5,20210219,151500,0.355,0.355,0.355,0.355,2521,0
DTX,5,20210219,152000,0.341,0.349,0.336,0.349,16493,0
DTX,5,20210219,152500,0.349,0.349,0.349,0.349,1760,0
DTX,5,20210219,153000,0.34,0.346,0.34,0.34,20222,0
DTX,5,20210219,153500,0.341,0.346,0.34,0.34,20073,0
DTX,5,20210219,154000,0.341,0.341,0.34,0.34,44572,0
DTX,5,20210219,155000,0.343,0.346,0.341,0.341,4983,0
DTX,5,20210219,155500,0.349,0.349,0.349,0.349,68,0
DTX,5,20210219,160000,0.349,0.35,0.349,0.35,6615,0
DTX,5,20210219,160500,0.359,0.36,0.358,0.36,22880,0
DTX,5,20210219,161000,0.363,0.378,0.363,0.378,20005,0
DTX,5,20210219,162000,0.351,0.351,0.35,0.35,3501,0
DTX,5,20210219,162500,0.367,0.367,0.367,0.367,1,0
DTX,5,20210219,164000,0.352,0.367,0.35,0.367,2749,0
DTX,5,20210219,164500,0.349,0.36,0.343,0.36,5286,0
DTX,5,20210222,090000,0.377,0.377,0.36,0.36,2584,0
DTX,5,20210222,090500,0.375,0.377,0.375,0.377,20,0
DTX,5,20210222,091000,0.354,0.37,0.354,0.37,2041,0
DTX,5,20210222,091500,0.355,0.355,0.355,0.355,6531,0
DTX,5,20210222,092500,0.355,0.355,0.353,0.353,2500,0
DTX,5,20210222,095500,0.353,0.36,0.352,0.36,6090,0
DTX,5,20210222,101500,0.36,0.36,0.36,0.36,1700,0
DTX,5,20210222,105500,0.352,0.352,0.352,0.352,600,0
DTX,5,20210222,110000,0.352,0.352,0.352,0.352,3000,0
DTX,5,20210222,111500,0.35,0.35,0.35,0.35,400,0
DTX,5,20210222,112500,0.345,0.345,0.34,0.34,8050,0
DTX,5,20210222,115000,0.34,0.34,0.33,0.33,22444,0
DTX,5,20210222,115500,0.33,0.34,0.322,0.322,62258,0
DTX,5,20210222,120500,0.33,0.33,0.33,0.33,10000,0
DTX,5,20210222,121000,0.327,0.34,0.327,0.34,9067,0
DTX,5,20210222,123500,0.331,0.331,0.331,0.331,5000,0
DTX,5,20210222,124000,0.33,0.33,0.33,0.33,6950,0
DTX,5,20210222,124500,0.34,0.34,0.34,0.34,52,0
DTX,5,20210222,125000,0.33,0.33,0.33,0.33,217,0
DTX,5,20210222,130500,0.34,0.34,0.34,0.34,5000,0
DTX,5,20210222,131500,0.34,0.348,0.34,0.348,17980,0
DTX,5,20210222,133500,0.344,0.344,0.344,0.344,8845,0
DTX,5,20210222,134500,0.347,0.347,0.347,0.347,43,0
DTX,5,20210222,140000,0.331,0.34,0.331,0.34,7882,0
DTX,5,20210222,140500,0.339,0.339,0.339,0.339,13333,0
DTX,5,20210222,143000,0.342,0.342,0.342,0.342,1,0
DTX,5,20210222,155500,0.331,0.331,0.33,0.33,14004,0
DTX,5,20210222,160500,0.328,0.328,0.328,0.328,13296,0
DTX,5,20210222,162000,0.328,0.328,0.323,0.323,13048,0
DTX,5,20210222,163000,0.33,0.33,0.33,0.33,4194,0
DTX,5,20210222,164500,0.328,0.328,0.328,0.328,7131,0
DTX,5,20210223,090000,0.328,0.329,0.314,0.329,36956,0
DTX,5,20210223,091000,0.33,0.33,0.329,0.329,279,0
DTX,5,20210223,091500,0.329,0.329,0.329,0.329,7222,0
DTX,5,20210223,092000,0.32,0.32,0.32,0.32,1000,0
DTX,5,20210223,092500,0.321,0.33,0.321,0.33,720,0
DTX,5,20210223,093000,0.33,0.33,0.33,0.33,3473,0
DTX,5,20210223,093500,0.339,0.345,0.339,0.345,21658,0
DTX,5,20210223,094000,0.344,0.346,0.344,0.346,8203,0
DTX,5,20210223,094500,0.345,0.377,0.33,0.374,39995,0
DTX,5,20210223,095000,0.37,0.379,0.342,0.376,68398,0
DTX,5,20210223,095500,0.376,0.376,0.37,0.37,15777,0
DTX,5,20210223,100000,0.36,0.388,0.352,0.386,66938,0
DTX,5,20210223,100500,0.382,0.382,0.38,0.38,3000,0
DTX,5,20210223,101000,0.379,0.379,0.375,0.375,27,0
DTX,5,20210223,103000,0.362,0.362,0.36,0.36,4881,0
DTX,5,20210223,103500,0.353,0.353,0.353,0.353,2500,0
DTX,5,20210223,104000,0.36,0.36,0.36,0.36,215,0
DTX,5,20210223,105500,0.353,0.353,0.351,0.353,8720,0
DTX,5,20210223,110000,0.351,0.351,0.349,0.349,11178,0
DTX,5,20210223,111000,0.353,0.36,0.353,0.36,19186,0
DTX,5,20210223,111500,0.367,0.367,0.367,0.367,24,0
DTX,5,20210223,114500,0.367,0.367,0.367,0.367,814,0
DTX,5,20210223,115000,0.351,0.36,0.35,0.35,12000,0
DTX,5,20210223,120000,0.36,0.36,0.35,0.35,6340,0
DTX,5,20210223,121000,0.347,0.347,0.347,0.347,10000,0
DTX,5,20210223,121500,0.35,0.355,0.35,0.355,705,0
DTX,5,20210223,122500,0.354,0.354,0.354,0.354,170,0
DTX,5,20210223,123000,0.346,0.346,0.346,0.346,6931,0
DTX,5,20210223,123500,0.345,0.345,0.345,0.345,21212,0
DTX,5,20210223,125000,0.347,0.347,0.347,0.347,4000,0
DTX,5,20210223,125500,0.354,0.367,0.354,0.367,19382,0
DTX,5,20210223,132000,0.363,0.363,0.363,0.363,3277,0
DTX,5,20210223,133500,0.362,0.363,0.362,0.363,3998,0
DTX,5,20210223,134000,0.35,0.35,0.35,0.35,1032,0
DTX,5,20210223,140500,0.35,0.35,0.35,0.35,5219,0
DTX,5,20210223,143500,0.347,0.347,0.34,0.34,19251,0
DTX,5,20210223,144000,0.338,0.35,0.338,0.35,5600,0
DTX,5,20210223,144500,0.35,0.35,0.35,0.35,100,0
DTX,5,20210223,145000,0.35,0.35,0.35,0.35,550,0
DTX,5,20210223,155500,0.335,0.335,0.335,0.335,2000,0
DTX,5,20210223,160500,0.335,0.335,0.335,0.335,2200,0
DTX,5,20210223,161000,0.335,0.335,0.335,0.335,1923,0
DTX,5,20210223,161500,0.347,0.347,0.347,0.347,8762,0
DTX,5,20210223,162000,0.346,0.346,0.346,0.346,69,0
DTX,5,20210223,163000,0.346,0.346,0.346,0.346,50,0
DTX,5,20210223,163500,0.346,0.346,0.346,0.346,50,0
DTX,5,20210223,164500,0.346,0.346,0.34,0.346,13932,0
DTX,5,20210224,090000,0.368,0.368,0.368,0.368,25,0
DTX,5,20210224,091500,0.35,0.35,0.35,0.35,2000,0
DTX,5,20210224,092000,0.35,0.35,0.35,0.35,9650,0
DTX,5,20210224,100000,0.346,0.346,0.346,0.346,350,0
DTX,5,20210224,102000,0.346,0.346,0.346,0.346,850,0
DTX,5,20210224,103500,0.333,0.333,0.333,0.333,10,0
DTX,5,20210224,104500,0.345,0.345,0.345,0.345,11000,0
DTX,5,20210224,105000,0.35,0.35,0.35,0.35,55,0
DTX,5,20210224,105500,0.34,0.34,0.34,0.34,2000,0
DTX,5,20210224,113000,0.349,0.349,0.349,0.349,2000,0
DTX,5,20210224,120500,0.337,0.337,0.337,0.337,690,0
DTX,5,20210224,122500,0.344,0.345,0.344,0.345,9153,0
DTX,5,20210224,124000,0.337,0.337,0.335,0.335,5500,0
DTX,5,20210224,125000,0.34,0.34,0.34,0.34,4179,0
DTX,5,20210224,144500,0.335,0.335,0.334,0.334,3000,0
DTX,5,20210224,151500,0.334,0.334,0.334,0.334,4000,0
DTX,5,20210224,153000,0.34,0.34,0.336,0.34,1300,0
DTX,5,20210224,160000,0.334,0.334,0.334,0.334,4958,0
DTX,5,20210224,162500,0.335,0.335,0.334,0.334,11850,0
DTX,5,20210224,163000,0.334,0.34,0.334,0.34,8000,0
DTX,5,20210224,163500,0.34,0.344,0.34,0.344,1082,0
DTX,5,20210224,165500,0.344,0.344,0.344,0.344,9621,0
DTX,5,20210225,090000,0.33,0.33,0.33,0.33,750,0
DTX,5,20210225,091500,0.35,0.36,0.35,0.35,6692,0
DTX,5,20210225,094000,0.335,0.335,0.335,0.335,5000,0
DTX,5,20210225,094500,0.332,0.332,0.331,0.331,5000,0
DTX,5,20210225,095000,0.331,0.333,0.321,0.333,16311,0
DTX,5,20210225,095500,0.322,0.34,0.322,0.34,2070,0
DTX,5,20210225,100500,0.33,0.33,0.33,0.33,870,0
DTX,5,20210225,105500,0.33,0.33,0.33,0.33,170,0
DTX,5,20210225,110500,0.33,0.33,0.33,0.33,443,0
DTX,5,20210225,114000,0.338,0.338,0.338,0.338,1100,0
DTX,5,20210225,114500,0.338,0.338,0.338,0.338,50,0
DTX,5,20210225,115000,0.339,0.339,0.339,0.339,3,0
DTX,5,20210225,115500,0.33,0.33,0.33,0.33,1387,0
DTX,5,20210225,124000,0.33,0.33,0.33,0.33,100,0
DTX,5,20210225,124500,0.33,0.33,0.325,0.325,9700,0
DTX,5,20210225,125000,0.325,0.325,0.324,0.324,8883,0
DTX,5,20210225,125500,0.323,0.323,0.32,0.32,23300,0
DTX,5,20210225,130500,0.316,0.316,0.315,0.315,30000,0
DTX,5,20210225,131000,0.315,0.32,0.315,0.32,13444,0
DTX,5,20210225,132000,0.322,0.322,0.322,0.322,1200,0
DTX,5,20210225,133500,0.323,0.323,0.323,0.323,20,0
DTX,5,20210225,135500,0.323,0.324,0.316,0.316,16267,0
DTX,5,20210225,140000,0.316,0.32,0.316,0.318,15817,0
DTX,5,20210225,141000,0.318,0.318,0.318,0.318,1000,0
DTX,5,20210225,141500,0.318,0.318,0.315,0.315,2200,0
DTX,5,20210225,142000,0.319,0.319,0.319,0.319,1000,0
DTX,5,20210225,142500,0.315,0.315,0.315,0.315,5500,0
DTX,5,20210225,143000,0.318,0.318,0.315,0.315,1800,0
DTX,5,20210225,144500,0.317,0.317,0.316,0.316,4900,0
DTX,5,20210225,150500,0.316,0.316,0.316,0.316,100,0
DTX,5,20210225,151500,0.319,0.328,0.319,0.328,29460,0
DTX,5,20210225,152000,0.328,0.329,0.328,0.329,3064,0
DTX,5,20210225,152500,0.33,0.33,0.33,0.33,6003,0
DTX,5,20210225,161500,0.328,0.328,0.328,0.328,900,0
DTX,5,20210225,162000,0.328,0.328,0.328,0.328,800,0
DTX,5,20210225,162500,0.328,0.328,0.328,0.328,471,0
DTX,5,20210225,163500,0.324,0.324,0.324,0.324,5000,0
DTX,5,20210225,164500,0.328,0.328,0.328,0.328,50,0
DTX,5,20210226,090000,0.321,0.321,0.321,0.321,5000,0
DTX,5,20210226,090500,0.32,0.32,0.32,0.32,2000,0
DTX,5,20210226,091500,0.32,0.32,0.32,0.32,600,0
DTX,5,20210226,092000,0.32,0.32,0.318,0.318,12535,0
DTX,5,20210226,103000,0.329,0.329,0.329,0.329,3030,0
DTX,5,20210226,110000,0.325,0.337,0.325,0.337,20990,0
DTX,5,20210226,110500,0.324,0.324,0.324,0.324,7500,0
DTX,5,20210226,111000,0.324,0.33,0.324,0.33,716,0
DTX,5,20210226,115000,0.325,0.325,0.325,0.325,284,0
DTX,5,20210226,115500,0.33,0.33,0.33,0.33,50,0
DTX,5,20210226,120500,0.33,0.33,0.33,0.33,91,0
DTX,5,20210226,122000,0.33,0.33,0.33,0.33,15,0
DTX,5,20210226,125000,0.325,0.325,0.325,0.325,304,0
DTX,5,20210226,142500,0.328,0.332,0.328,0.332,8048,0
DTX,5,20210226,144500,0.33,0.338,0.33,0.332,18489,0
DTX,5,20210226,145000,0.338,0.36,0.338,0.36,62167,0
DTX,5,20210226,145500,0.36,0.37,0.358,0.37,5240,0
DTX,5,20210226,150000,0.37,0.37,0.334,0.334,38702,0
DTX,5,20210226,150500,0.359,0.364,0.354,0.364,38169,0
DTX,5,20210226,151000,0.36,0.36,0.36,0.36,4000,0
DTX,5,20210226,151500,0.36,0.36,0.36,0.36,25,0
DTX,5,20210226,155500,0.336,0.336,0.335,0.335,500,0
DTX,5,20210226,161500,0.35,0.35,0.35,0.35,50,0
DTX,5,20210226,162500,0.35,0.35,0.35,0.35,10000,0
DTX,5,20210226,163000,0.348,0.356,0.348,0.356,24324,0
DTX,5,20210226,164000,0.342,0.342,0.342,0.342,500,0
DTX,5,20210226,164500,0.35,0.35,0.35,0.35,100,0
DTX,5,20210301,090000,0.36,0.36,0.36,0.36,1000,0
DTX,5,20210301,091000,0.36,0.36,0.36,0.36,2500,0
DTX,5,20210301,091500,0.36,0.36,0.36,0.36,1500,0
DTX,5,20210301,092000,0.368,0.368,0.368,0.368,10,0
DTX,5,20210301,092500,0.36,0.36,0.36,0.36,20000,0
DTX,5,20210301,093500,0.35,0.35,0.35,0.35,4500,0
DTX,5,20210301,094000,0.35,0.35,0.35,0.35,2980,0
DTX,5,20210301,095000,0.345,0.345,0.345,0.345,5100,0
DTX,5,20210301,095500,0.345,0.345,0.345,0.345,4900,0
DTX,5,20210301,101000,0.34,0.34,0.34,0.34,2341,0
DTX,5,20210301,101500,0.341,0.341,0.341,0.341,1500,0
DTX,5,20210301,102000,0.341,0.341,0.34,0.34,3312,0
DTX,5,20210301,102500,0.34,0.34,0.332,0.332,2700,0
DTX,5,20210301,104000,0.334,0.334,0.334,0.334,1200,0
DTX,5,20210301,110000,0.336,0.365,0.314,0.365,66471,0
DTX,5,20210301,110500,0.326,0.326,0.326,0.326,1000,0
DTX,5,20210301,111500,0.325,0.325,0.325,0.325,3444,0
DTX,5,20210301,112000,0.329,0.329,0.329,0.329,8150,0
DTX,5,20210301,112500,0.325,0.325,0.325,0.325,1850,0
DTX,5,20210301,113000,0.335,0.335,0.335,0.335,9000,0
DTX,5,20210301,114500,0.335,0.335,0.335,0.335,450,0
DTX,5,20210301,115500,0.335,0.335,0.335,0.335,5550,0
DTX,5,20210301,120500,0.335,0.335,0.335,0.335,1000,0
DTX,5,20210301,133500,0.335,0.36,0.335,0.36,2100,0
DTX,5,20210301,155500,0.331,0.331,0.331,0.331,2000,0
DTX,5,20210301,160000,0.331,0.331,0.33,0.33,15135,0
DTX,5,20210301,160500,0.33,0.357,0.33,0.357,581,0
DTX,5,20210301,161000,0.327,0.327,0.327,0.327,2780,0
DTX,5,20210301,162000,0.327,0.327,0.327,0.327,3000,0
DTX,5,20210301,163000,0.356,0.356,0.356,0.356,2935,0
DTX,5,20210301,163500,0.356,0.356,0.356,0.356,1685,0
DTX,5,20210302,091500,0.334,0.334,0.327,0.327,2320,0
DTX,5,20210302,092000,0.35,0.35,0.35,0.35,5350,0
DTX,5,20210302,095500,0.33,0.33,0.33,0.33,6061,0
DTX,5,20210302,103000,0.326,0.326,0.324,0.324,7339,0
DTX,5,20210302,103500,0.324,0.324,0.315,0.316,100061,0
DTX,5,20210302,104000,0.333,0.333,0.333,0.333,1500,0
DTX,5,20210302,104500,0.332,0.332,0.332,0.332,5500,0
DTX,5,20210302,110000,0.324,0.324,0.324,0.324,725,0
DTX,5,20210302,110500,0.324,0.324,0.324,0.324,4900,0
DTX,5,20210302,111000,0.324,0.324,0.324,0.324,3752,0
DTX,5,20210302,111500,0.323,0.323,0.323,0.323,3000,0
DTX,5,20210302,114500,0.325,0.329,0.325,0.329,4000,0
DTX,5,20210302,121000,0.329,0.329,0.329,0.329,595,0
DTX,5,20210302,122500,0.322,0.322,0.322,0.322,598,0
DTX,5,20210302,124000,0.322,0.322,0.322,0.322,3902,0
DTX,5,20210302,125000,0.32,0.32,0.32,0.32,1,0
DTX,5,20210302,125500,0.32,0.32,0.32,0.32,2098,0
DTX,5,20210302,130000,0.325,0.325,0.325,0.325,4000,0
DTX,5,20210302,131000,0.32,0.32,0.32,0.32,1901,0
DTX,5,20210302,132500,0.32,0.325,0.32,0.325,4000,0
DTX,5,20210302,135000,0.325,0.328,0.325,0.328,2800,0
DTX,5,20210302,142000,0.328,0.33,0.328,0.33,7696,0
DTX,5,20210302,145500,0.332,0.332,0.332,0.332,5000,0
DTX,5,20210302,150000,0.33,0.33,0.33,0.33,304,0
DTX,5,20210302,151000,0.334,0.334,0.334,0.334,724,0
DTX,5,20210302,152000,0.332,0.332,0.332,0.332,900,0
DTX,5,20210302,153500,0.332,0.332,0.332,0.332,1000,0
DTX,5,20210302,155000,0.332,0.334,0.332,0.334,5500,0
DTX,5,20210302,162500,0.334,0.334,0.334,0.334,1000,0
DTX,5,20210303,090000,0.334,0.334,0.334,0.334,40,0
DTX,5,20210303,093000,0.324,0.324,0.324,0.324,2000,0
DTX,5,20210303,093500,0.324,0.324,0.321,0.321,10000,0
DTX,5,20210303,094000,0.322,0.322,0.322,0.322,680,0
DTX,5,20210303,095500,0.322,0.322,0.321,0.321,5000,0
DTX,5,20210303,100000,0.321,0.321,0.32,0.32,3696,0
DTX,5,20210303,101000,0.32,0.32,0.32,0.32,8000,0
DTX,5,20210303,101500,0.32,0.32,0.32,0.32,950,0
DTX,5,20210303,110000,0.32,0.32,0.304,0.304,100000,0
DTX,5,20210303,111000,0.317,0.317,0.317,0.317,6000,0
DTX,5,20210303,115500,0.321,0.321,0.321,0.321,3004,0
DTX,5,20210303,120500,0.32,0.32,0.32,0.32,5000,0
DTX,5,20210303,121000,0.319,0.319,0.319,0.319,1000,0
DTX,5,20210303,131500,0.309,0.309,0.306,0.306,10000,0
DTX,5,20210303,140500,0.315,0.315,0.315,0.315,5890,0
DTX,5,20210303,143500,0.315,0.315,0.315,0.315,2000,0
DTX,5,20210303,160000,0.315,0.315,0.315,0.315,2110,0
DTX,5,20210303,163500,0.315,0.315,0.315,0.315,2000,0
DTX,5,20210303,164500,0.315,0.315,0.315,0.315,4000,0
DTX,5,20210304,091500,0.306,0.306,0.306,0.306,1000,0
DTX,5,20210304,092000,0.306,0.306,0.302,0.302,10000,0
DTX,5,20210304,092500,0.302,0.302,0.302,0.302,1000,0
DTX,5,20210304,093000,0.302,0.302,0.301,0.301,15000,0
DTX,5,20210304,094000,0.301,0.301,0.298,0.298,23700,0
DTX,5,20210304,095000,0.298,0.298,0.298,0.298,300,0
DTX,5,20210304,100500,0.3,0.301,0.3,0.301,3258,0
DTX,5,20210304,103000,0.3,0.3,0.3,0.3,8000,0
DTX,5,20210304,105000,0.3,0.3,0.298,0.298,8668,0
DTX,5,20210304,113000,0.298,0.298,0.296,0.296,4083,0
DTX,5,20210304,134500,0.312,0.315,0.312,0.315,20000,0
DTX,5,20210304,145000,0.314,0.32,0.314,0.32,60173,0
DTX,5,20210304,145500,0.32,0.32,0.32,0.32,27,0
DTX,5,20210304,151000,0.32,0.322,0.32,0.322,10000,0
DTX,5,20210305,111000,0.32,0.32,0.32,0.32,333,0
DTX,5,20210305,114000,0.32,0.32,0.32,0.32,1793,0
DTX,5,20210305,115000,0.322,0.323,0.322,0.323,6473,0
DTX,5,20210305,121000,0.329,0.33,0.329,0.33,10000,0
DTX,5,20210305,121500,0.33,0.34,0.33,0.34,13000,0
DTX,5,20210305,125000,0.322,0.339,0.322,0.339,1060,0
DTX,5,20210305,125500,0.339,0.339,0.339,0.339,571,0
DTX,5,20210305,132500,0.338,0.339,0.338,0.339,3990,0
DTX,5,20210305,133000,0.339,0.339,0.339,0.339,300,0
DTX,5,20210305,150500,0.338,0.338,0.338,0.338,10000,0
DTX,5,20210305,151000,0.322,0.322,0.32,0.32,4999,0
DTX,5,20210305,152000,0.339,0.339,0.339,0.339,350,0
DTX,5,20210305,160000,0.337,0.337,0.337,0.337,300,0
DTX,5,20210305,161000,0.337,0.337,0.337,0.337,620,0
DTX,5,20210305,162500,0.337,0.337,0.337,0.337,1500,0
DTX,5,20210305,163000,0.322,0.322,0.32,0.32,2000,0
DTX,5,20210305,164000,0.337,0.337,0.337,0.337,3828,0
DTX,5,20210308,091500,0.335,0.335,0.335,0.335,333,0
DTX,5,20210308,112500,0.314,0.314,0.314,0.314,902,0
DTX,5,20210308,113000,0.33,0.33,0.33,0.33,20,0
DTX,5,20210308,114500,0.33,0.33,0.33,0.33,5447,0
DTX,5,20210308,122000,0.316,0.316,0.316,0.316,3000,0
DTX,5,20210308,134000,0.32,0.32,0.32,0.32,4000,0
DTX,5,20210308,140000,0.317,0.317,0.317,0.317,2742,0
DTX,5,20210308,145000,0.316,0.316,0.315,0.315,8000,0
DTX,5,20210308,151000,0.315,0.315,0.314,0.314,3258,0
DTX,5,20210308,151500,0.325,0.325,0.325,0.325,3600,0
DTX,5,20210308,154000,0.324,0.324,0.324,0.324,3500,0
DTX,5,20210308,160000,0.324,0.324,0.324,0.324,500,0
DTX,5,20210308,161500,0.324,0.324,0.324,0.324,1000,0
DTX,5,20210308,162000,0.32,0.32,0.32,0.32,1500,0
DTX,5,20210308,163000,0.316,0.316,0.316,0.316,3200,0
DTX,5,20210308,163500,0.324,0.324,0.324,0.324,3500,0
DTX,5,20210308,164500,0.324,0.324,0.324,0.324,3996,0
DTX,5,20210309,090000,0.314,0.314,0.314,0.314,3000,0
DTX,5,20210309,092500,0.324,0.325,0.324,0.325,5000,0
DTX,5,20210309,102500,0.322,0.322,0.322,0.322,1500,0
DTX,5,20210309,104000,0.322,0.337,0.322,0.337,11000,0
DTX,5,20210309,105000,0.32,0.32,0.32,0.32,2000,0
DTX,5,20210309,105500,0.32,0.32,0.32,0.32,4000,0
DTX,5,20210309,111000,0.335,0.335,0.335,0.335,10000,0
DTX,5,20210309,114000,0.335,0.336,0.335,0.336,10111,0
DTX,5,20210309,115500,0.334,0.336,0.334,0.336,10000,0
DTX,5,20210309,122000,0.335,0.336,0.335,0.336,6000,0
DTX,5,20210309,161000,0.332,0.332,0.332,0.332,9500,0
DTX,5,20210309,165500,0.332,0.332,0.332,0.332,5000,0
DTX,5,20210310,090000,0.335,0.335,0.335,0.335,100,0
DTX,5,20210310,091500,0.335,0.335,0.335,0.335,700,0
DTX,5,20210310,112000,0.32,0.32,0.32,0.32,6000,0
DTX,5,20210310,113000,0.336,0.336,0.336,0.336,15,0
DTX,5,20210310,120500,0.316,0.316,0.3,0.3,110000,0
DTX,5,20210310,121000,0.315,0.315,0.315,0.315,5,0
DTX,5,20210310,123000,0.315,0.315,0.315,0.315,9995,0
DTX,5,20210310,123500,0.326,0.326,0.291,0.291,100010,0
DTX,5,20210310,124000,0.303,0.303,0.3,0.3,10000,0
DTX,5,20210310,124500,0.303,0.305,0.303,0.305,12411,0
DTX,5,20210310,125000,0.301,0.301,0.287,0.296,186390,0
DTX,5,20210310,125500,0.296,0.298,0.296,0.298,8775,0
DTX,5,20210310,130000,0.298,0.298,0.298,0.298,84,0
DTX,5,20210310,130500,0.298,0.298,0.298,0.298,14,0
DTX,5,20210310,131000,0.298,0.298,0.298,0.298,24,0
DTX,5,20210310,131500,0.298,0.299,0.298,0.299,18000,0
DTX,5,20210310,132000,0.299,0.299,0.299,0.299,17689,0
DTX,5,20210310,135500,0.297,0.297,0.297,0.297,5000,0
DTX,5,20210310,140000,0.297,0.297,0.297,0.297,1673,0
DTX,5,20210310,140500,0.297,0.299,0.297,0.299,5704,0
DTX,5,20210310,141000,0.298,0.298,0.298,0.298,5000,0
DTX,5,20210310,141500,0.298,0.298,0.298,0.298,670,0
DTX,5,20210310,142000,0.298,0.298,0.298,0.298,3330,0
DTX,5,20210310,142500,0.299,0.299,0.299,0.299,3334,0
DTX,5,20210310,143000,0.299,0.299,0.299,0.299,2017,0
DTX,5,20210310,144500,0.3,0.3,0.3,0.3,2500,0
DTX,5,20210310,145500,0.296,0.303,0.296,0.303,1713,0
DTX,5,20210310,151000,0.302,0.302,0.302,0.302,7500,0
DTX,5,20210310,151500,0.305,0.306,0.305,0.306,14954,0
DTX,5,20210310,152000,0.307,0.307,0.307,0.307,16344,0
DTX,5,20210310,153500,0.311,0.311,0.311,0.311,25,0
DTX,5,20210310,155500,0.309,0.309,0.309,0.309,1608,0
DTX,5,20210310,160000,0.3,0.3,0.3,0.3,9000,0
DTX,5,20210310,162500,0.3,0.3,0.3,0.3,800,0
DTX,5,20210310,164500,0.3,0.3,0.3,0.3,5729,0
DTX,5,20210311,090500,0.294,0.294,0.293,0.293,17000,0
DTX,5,20210311,091000,0.292,0.292,0.292,0.292,137,0
DTX,5,20210311,092500,0.3,0.302,0.3,0.302,10122,0
DTX,5,20210311,093000,0.316,0.316,0.316,0.316,1000,0
DTX,5,20210311,101000,0.31,0.31,0.31,0.31,5000,0
DTX,5,20210311,105500,0.308,0.308,0.308,0.308,3878,0
DTX,5,20210311,113000,0.311,0.311,0.301,0.301,8578,0
DTX,5,20210311,114000,0.301,0.301,0.296,0.296,9185,0
DTX,5,20210311,135000,0.296,0.296,0.296,0.296,3204,0
DTX,5,20210311,140500,0.308,0.308,0.308,0.308,61,0
DTX,5,20210311,143000,0.307,0.308,0.307,0.307,24139,0
DTX,5,20210311,155500,0.31,0.31,0.31,0.31,5425,0
DTX,5,20210311,161000,0.307,0.307,0.307,0.307,6114,0
DTX,5,20210311,164500,0.307,0.307,0.3,0.3,5425,0
DTX,5,20210312,092000,0.309,0.309,0.309,0.309,222,0
DTX,5,20210312,102500,0.296,0.296,0.296,0.296,2000,0
DTX,5,20210312,105500,0.296,0.296,0.295,0.295,8000,0
DTX,5,20210312,112000,0.306,0.306,0.306,0.306,205,0
DTX,5,20210312,114000,0.306,0.308,0.306,0.308,19685,0
DTX,5,20210312,114500,0.312,0.312,0.312,0.312,629,0
DTX,5,20210312,125500,0.312,0.312,0.312,0.312,2114,0
DTX,5,20210312,130500,0.308,0.308,0.3,0.3,12450,0
DTX,5,20210312,140000,0.3,0.3,0.3,0.3,510,0
DTX,5,20210312,150500,0.3,0.3,0.3,0.3,4355,0
DTX,5,20210312,154000,0.3,0.3,0.3,0.3,2791,0
DTX,5,20210312,155500,0.306,0.306,0.306,0.306,5000,0
DTX,5,20210312,161500,0.306,0.316,0.306,0.316,19284,0
DTX,5,20210312,162500,0.308,0.308,0.308,0.308,3000,0
DTX,5,20210315,090000,0.314,0.314,0.314,0.314,35,0
DTX,5,20210315,094000,0.304,0.304,0.304,0.304,70,0
DTX,5,20210315,095000,0.3,0.3,0.3,0.3,2766,0
DTX,5,20210315,101000,0.296,0.296,0.296,0.296,1622,0
DTX,5,20210315,102000,0.296,0.296,0.296,0.296,2164,0
DTX,5,20210315,111000,0.298,0.298,0.295,0.295,19383,0
DTX,5,20210315,115500,0.31,0.31,0.31,0.31,1000,0
DTX,5,20210315,120000,0.31,0.31,0.31,0.31,1,0
DTX,5,20210315,120500,0.31,0.31,0.31,0.31,2900,0
DTX,5,20210315,133000,0.298,0.298,0.298,0.298,9150,0
DTX,5,20210315,140000,0.298,0.298,0.298,0.298,64,0
DTX,5,20210315,144500,0.298,0.298,0.295,0.295,12000,0
DTX,5,20210315,160000,0.296,0.296,0.295,0.295,25000,0
DTX,5,20210315,162500,0.295,0.295,0.294,0.294,500,0
DTX,5,20210315,163000,0.295,0.295,0.295,0.295,14000,0
DTX,5,20210315,163500,0.294,0.294,0.294,0.294,1000,0
DTX,5,20210315,164500,0.301,0.301,0.301,0.301,6000,0
DTX,5,20210316,090000,0.294,0.294,0.294,0.294,6320,0
DTX,5,20210316,091000,0.3,0.3,0.3,0.3,80,0
DTX,5,20210316,100500,0.295,0.295,0.293,0.293,9082,0
DTX,5,20210316,110000,0.298,0.298,0.298,0.298,10000,0
DTX,5,20210316,111000,0.299,0.299,0.299,0.299,350,0
DTX,5,20210316,120500,0.298,0.298,0.298,0.298,6000,0
DTX,5,20210316,121500,0.298,0.298,0.298,0.298,4182,0
DTX,5,20210316,142500,0.294,0.294,0.294,0.294,5000,0
DTX,5,20210316,152500,0.298,0.298,0.298,0.298,4000,0
DTX,5,20210316,153500,0.298,0.298,0.298,0.298,1500,0
DTX,5,20210316,160000,0.294,0.294,0.294,0.294,2199,0
DTX,5,20210317,092000,0.295,0.295,0.295,0.295,333,0
DTX,5,20210317,092500,0.295,0.295,0.295,0.295,3667,0
DTX,5,20210317,093000,0.298,0.299,0.298,0.299,7437,0
DTX,5,20210317,094000,0.293,0.293,0.293,0.293,4182,0
DTX,5,20210317,094500,0.293,0.293,0.293,0.293,3500,0
DTX,5,20210317,104000,0.293,0.293,0.292,0.292,10000,0
DTX,5,20210317,105000,0.292,0.292,0.288,0.288,61754,0
DTX,5,20210317,105500,0.287,0.287,0.283,0.283,6000,0
DTX,5,20210317,113000,0.29,0.29,0.29,0.29,1000,0
DTX,5,20210317,113500,0.29,0.29,0.29,0.29,7100,0
DTX,5,20210317,115000,0.29,0.29,0.29,0.29,146,0
DTX,5,20210317,115500,0.29,0.29,0.29,0.29,2650,0
DTX,5,20210317,120000,0.294,0.294,0.294,0.294,200,0
DTX,5,20210317,124500,0.293,0.294,0.293,0.294,5500,0
DTX,5,20210317,142000,0.294,0.294,0.294,0.294,5000,0
DTX,5,20210317,151000,0.29,0.29,0.29,0.29,350,0
DTX,5,20210317,153000,0.294,0.294,0.294,0.294,437,0
DTX,5,20210317,155000,0.297,0.298,0.297,0.298,15000,0
DTX,5,20210317,161500,0.3,0.3,0.3,0.3,5146,0
DTX,5,20210318,091000,0.302,0.302,0.302,0.302,250,0
DTX,5,20210318,102000,0.3,0.303,0.3,0.303,22034,0
DTX,5,20210318,152000,0.303,0.303,0.303,0.303,1820,0
DTX,5,20210318,155500,0.299,0.299,0.299,0.299,2000,0
DTX,5,20210318,161500,0.286,0.286,0.286,0.286,14595,0
DTX,5,20210318,164500,0.298,0.298,0.298,0.298,239,0
DTX,5,20210319,093000,0.298,0.298,0.298,0.298,285,0
DTX,5,20210319,094000,0.284,0.284,0.284,0.284,10000,0
DTX,5,20210319,095500,0.296,0.296,0.296,0.296,4000,0
DTX,5,20210319,115500,0.285,0.285,0.283,0.283,21550,0
DTX,5,20210319,120000,0.283,0.283,0.281,0.281,21600,0
DTX,5,20210319,121500,0.281,0.281,0.276,0.276,48000,0
DTX,5,20210319,123000,0.283,0.283,0.283,0.283,10448,0
DTX,5,20210319,125000,0.283,0.283,0.283,0.283,2800,0
DTX,5,20210319,130000,0.283,0.283,0.283,0.283,82,0
DTX,5,20210319,131000,0.283,0.283,0.283,0.283,2418,0
DTX,5,20210319,131500,0.286,0.287,0.286,0.287,25000,0
DTX,5,20210319,132500,0.287,0.287,0.287,0.287,2000,0
DTX,5,20210319,143500,0.287,0.287,0.287,0.287,2000,0
DTX,5,20210319,150500,0.287,0.287,0.287,0.287,7516,0
DTX,5,20210319,152000,0.294,0.294,0.294,0.294,150,0
DTX,5,20210319,155000,0.294,0.294,0.294,0.294,5,0
DTX,5,20210319,155500,0.281,0.281,0.277,0.277,89200,0
DTX,5,20210319,160000,0.284,0.284,0.284,0.284,7000,0
DTX,5,20210319,160500,0.286,0.286,0.286,0.286,11,0
DTX,5,20210319,163500,0.28,0.28,0.28,0.28,8261,0
DTX,5,20210319,164000,0.28,0.28,0.277,0.277,1000,0
DTX,5,20210319,164500,0.283,0.283,0.282,0.282,9188,0
DTX,5,20210322,090000,0.286,0.287,0.282,0.287,29001,0
DTX,5,20210322,091500,0.28,0.287,0.28,0.287,15212,0
DTX,5,20210322,093000,0.287,0.287,0.287,0.287,6022,0
DTX,5,20210322,093500,0.287,0.288,0.287,0.288,7200,0
DTX,5,20210322,094000,0.288,0.288,0.288,0.288,6000,0
DTX,5,20210322,102000,0.288,0.292,0.288,0.292,14072,0
DTX,5,20210322,113000,0.284,0.284,0.284,0.284,2600,0
DTX,5,20210322,122000,0.284,0.284,0.284,0.284,212,0
DTX,5,20210322,135500,0.29,0.29,0.29,0.29,35,0
DTX,5,20210322,140000,0.29,0.29,0.29,0.29,1291,0
DTX,5,20210322,145500,0.29,0.292,0.29,0.292,10000,0
DTX,5,20210322,153000,0.284,0.284,0.28,0.28,15679,0
DTX,5,20210322,153500,0.28,0.28,0.28,0.28,1321,0
DTX,5,20210322,155500,0.28,0.28,0.28,0.28,679,0
DTX,5,20210322,160000,0.278,0.278,0.278,0.278,790,0
DTX,5,20210322,163500,0.291,0.291,0.291,0.291,10000,0
DTX,5,20210322,164500,0.292,0.292,0.292,0.292,3940,0
DTX,5,20210323,090500,0.292,0.294,0.292,0.294,988,0
DTX,5,20210323,091500,0.294,0.294,0.294,0.294,2000,0
DTX,5,20210323,123000,0.293,0.293,0.293,0.293,7940,0
DTX,5,20210323,130000,0.294,0.3,0.294,0.3,4000,0
DTX,5,20210323,141000,0.298,0.298,0.298,0.298,428,0
DTX,5,20210323,144500,0.298,0.299,0.298,0.299,4682,0
DTX,5,20210323,163000,0.284,0.284,0.284,0.284,4682,0
DTX,5,20210323,164500,0.298,0.298,0.298,0.298,2000,0
DTX,5,20210324,090500,0.299,0.3,0.299,0.3,12000,0
DTX,5,20210324,091000,0.285,0.285,0.285,0.285,1,0
DTX,5,20210324,091500,0.305,0.305,0.305,0.305,888,0
DTX,5,20210324,092000,0.304,0.305,0.304,0.305,4500,0
DTX,5,20210324,094500,0.303,0.31,0.303,0.31,4100,0
DTX,5,20210324,102500,0.293,0.293,0.293,0.293,1800,0
DTX,5,20210324,120000,0.303,0.303,0.303,0.303,1801,0
DTX,5,20210324,122500,0.307,0.307,0.307,0.307,3000,0
DTX,5,20210324,123000,0.307,0.307,0.307,0.307,200,0
DTX,5,20210324,124500,0.3,0.3,0.293,0.293,2222,0
DTX,5,20210324,131000,0.293,0.293,0.293,0.293,3200,0
DTX,5,20210324,144000,0.293,0.293,0.293,0.293,10458,0
DTX,5,20210324,164500,0.303,0.303,0.303,0.303,411,0
DTX,5,20210324,165500,0.306,0.306,0.306,0.306,9500,0
DTX,5,20210325,090500,0.307,0.307,0.307,0.307,5,0
DTX,5,20210325,102000,0.293,0.293,0.286,0.286,20000,0
DTX,5,20210325,103500,0.286,0.286,0.286,0.286,4000,0
DTX,5,20210325,110500,0.29,0.29,0.29,0.29,1000,0
DTX,5,20210325,112000,0.29,0.29,0.29,0.29,5000,0
DTX,5,20210325,113000,0.288,0.288,0.288,0.288,4500,0
DTX,5,20210325,120000,0.29,0.291,0.29,0.291,10000,0
DTX,5,20210325,150500,0.29,0.29,0.29,0.29,1034,0
DTX,5,20210325,151000,0.288,0.288,0.288,0.288,466,0
DTX,5,20210325,164500,0.293,0.293,0.293,0.293,688,0
DTX,5,20210326,095000,0.293,0.293,0.293,0.293,1000,0
DTX,5,20210326,100000,0.293,0.293,0.293,0.293,2967,0
DTX,5,20210326,101500,0.288,0.288,0.284,0.284,7800,0
DTX,5,20210326,122500,0.293,0.293,0.293,0.293,5365,0
DTX,5,20210326,123000,0.293,0.293,0.293,0.293,3000,0
DTX,5,20210326,130500,0.293,0.293,0.293,0.293,2633,0
DTX,5,20210326,141000,0.296,0.296,0.296,0.296,2695,0
DTX,5,20210326,143500,0.296,0.296,0.296,0.296,816,0
DTX,5,20210326,153500,0.296,0.296,0.296,0.296,1284,0
DTX,5,20210326,164000,0.299,0.306,0.299,0.306,31000,0
DTX,5,20210326,164500,0.305,0.306,0.305,0.306,8700,0
