<TICKER>,<PER>,<DATE>,<TIME>,<OPEN>,<HIGH>,<LOW>,<CLOSE>,<VOL>,<OPENINT>
DUA,5,20210204,090000,8.5,8.5,8.5,8.5,2,0
DUA,5,20210204,094500,8.33,8.33,8.33,8.33,89,0
DUA,5,20210204,095500,8.45,8.45,8.45,8.45,200,0
DUA,5,20210204,100000,8.45,8.5,8.45,8.5,250,0
DUA,5,20210204,110500,8.48,8.48,8.48,8.48,275,0
DUA,5,20210204,111000,8.5,8.5,8.5,8.5,220,0
DUA,5,20210204,112000,8.48,8.48,8.48,8.48,313,0
DUA,5,20210204,113500,8.45,8.45,8.4,8.4,687,0
DUA,5,20210204,134000,8.5,8.5,8.5,8.5,70,0
DUA,5,20210204,142500,8.5,8.5,8.5,8.5,321,0
DUA,5,20210204,143500,8.5,8.5,8.5,8.5,52,0
DUA,5,20210204,144000,8.599,8.599,8.599,8.599,5,0
DUA,5,20210204,144500,8.5,8.5,8.5,8.5,127,0
DUA,5,20210204,154000,8.4,8.4,8.4,8.4,120,0
DUA,5,20210204,155500,8.4,8.4,8.4,8.4,483,0
DUA,5,20210204,164500,8.4,8.4,8.4,8.4,356,0
DUA,5,20210205,093500,8.4,8.4,8.4,8.4,170,0
DUA,5,20210205,094500,8.42,8.6,8.42,8.6,200,0
DUA,5,20210205,111000,8.5,8.5,8.5,8.5,1980,0
DUA,5,20210205,144000,8.55,8.55,8.5,8.5,210,0
DUA,5,20210205,161000,8.4,8.4,8.4,8.4,219,0
DUA,5,20210208,090000,8.48,8.48,8.48,8.48,47,0
DUA,5,20210208,090500,8.331,8.331,8.32,8.32,400,0
DUA,5,20210208,091000,8.3,8.3,8.3,8.3,220,0
DUA,5,20210208,091500,8.25,8.25,8.2,8.2,1648,0
DUA,5,20210208,092500,8.2,8.2,8.2,8.2,400,0
DUA,5,20210208,093000,8.2,8.2,8.2,8.2,1815,0
DUA,5,20210208,093500,8.2,8.29,8.2,8.29,259,0
DUA,5,20210208,094500,8.2,8.2,8.2,8.2,941,0
DUA,5,20210208,095000,8.2,8.2,8.2,8.2,304,0
DUA,5,20210208,095500,8.18,8.18,8.18,8.18,500,0
DUA,5,20210208,100000,8.17,8.17,8.15,8.15,1411,0
DUA,5,20210208,100500,8.18,8.18,8.18,8.18,620,0
DUA,5,20210208,104500,8.18,8.18,8.18,8.18,1430,0
DUA,5,20210208,105000,8.18,8.2,8.18,8.2,858,0
DUA,5,20210208,111500,8.2,8.2,8.19,8.19,270,0
DUA,5,20210208,114000,8.2,8.2,8.2,8.2,330,0
DUA,5,20210208,120500,8.21,8.21,8.21,8.21,128,0
DUA,5,20210208,121500,8.2,8.2,8.19,8.19,1300,0
DUA,5,20210208,123000,8.2,8.2,8.2,8.2,270,0
DUA,5,20210208,123500,8.19,8.19,8.18,8.18,600,0
DUA,5,20210208,124500,8.2,8.2,8.2,8.2,190,0
DUA,5,20210208,125500,8.18,8.18,8.15,8.15,120,0
DUA,5,20210208,130500,8.19,8.19,8.19,8.19,115,0
DUA,5,20210208,132500,8.2,8.2,8.2,8.2,100,0
DUA,5,20210208,133000,8.15,8.15,8.15,8.15,2,0
DUA,5,20210208,135000,8.124,8.124,8.123,8.123,400,0
DUA,5,20210208,135500,8.15,8.15,8.15,8.15,120,0
DUA,5,20210208,142500,8.15,8.15,8.123,8.123,297,0
DUA,5,20210208,143000,8.15,8.2,8.15,8.2,840,0
DUA,5,20210208,153500,8.2,8.2,8.2,8.2,160,0
DUA,5,20210208,160500,8.2,8.2,8.2,8.2,140,0
DUA,5,20210208,161000,8.21,8.21,8.21,8.21,100,0
DUA,5,20210208,161500,8.21,8.25,8.21,8.25,222,0
DUA,5,20210208,162000,8.25,8.25,8.25,8.25,50,0
DUA,5,20210209,091000,8.26,8.26,8.05,8.05,2182,0
DUA,5,20210209,094000,8.1,8.1,8.07,8.07,750,0
DUA,5,20210209,094500,8.06,8.06,8.06,8.06,412,0
DUA,5,20210209,095000,8.06,8.06,8.06,8.06,490,0
DUA,5,20210209,100500,8.06,8.06,8.06,8.06,500,0
DUA,5,20210209,103000,8.15,8.15,8.15,8.15,50,0
DUA,5,20210209,105000,8.07,8.15,8.07,8.15,174,0
DUA,5,20210209,105500,8.15,8.15,8.15,8.15,150,0
DUA,5,20210209,115000,8.1,8.1,8.1,8.1,275,0
DUA,5,20210209,115500,8.1,8.1,8.1,8.1,323,0
DUA,5,20210209,121000,8.15,8.15,8.15,8.15,100,0
DUA,5,20210209,130000,8.1,8.1,8.1,8.1,399,0
DUA,5,20210209,130500,8.1,8.1,8.1,8.1,785,0
DUA,5,20210209,131500,8.1,8.1,8.1,8.1,118,0
DUA,5,20210209,132000,8.1,8.1,8.04,8.04,3118,0
DUA,5,20210209,133000,8.15,8.15,8.15,8.15,156,0
DUA,5,20210209,140500,8.2,8.2,8.2,8.2,200,0
DUA,5,20210209,141500,8.19,8.2,8.19,8.2,200,0
DUA,5,20210209,143500,8.15,8.15,8.03,8.03,1800,0
DUA,5,20210209,153000,8.2,8.2,8.2,8.2,150,0
DUA,5,20210209,153500,8.1,8.1,8.1,8.1,684,0
DUA,5,20210209,154000,8.1,8.1,8.1,8.1,200,0
DUA,5,20210209,161000,8.07,8.07,8.06,8.06,350,0
DUA,5,20210209,162500,8.06,8.06,8.06,8.06,300,0
DUA,5,20210209,163000,8.06,8.06,8.06,8.06,190,0
DUA,5,20210209,164000,8.06,8.06,8.06,8.06,380,0
DUA,5,20210209,164500,8.05,8.05,8.05,8.05,142,0
DUA,5,20210210,090000,8.05,8.05,8.05,8.05,622,0
DUA,5,20210210,091000,8.15,8.15,8.15,8.15,200,0
DUA,5,20210210,091500,8.2,8.2,8.2,8.2,180,0
DUA,5,20210210,092000,8.2,8.2,8.05,8.05,800,0
DUA,5,20210210,092500,8.15,8.15,8.15,8.15,100,0
DUA,5,20210210,093000,8.15,8.15,8.15,8.15,100,0
DUA,5,20210210,102500,8.15,8.15,8.15,8.15,500,0
DUA,5,20210210,104500,8.15,8.15,8.15,8.15,100,0
DUA,5,20210210,110000,8.249,8.249,8.249,8.249,122,0
DUA,5,20210210,112500,8.15,8.15,8.1,8.1,900,0
DUA,5,20210210,113000,8.1,8.15,8.1,8.1,678,0
DUA,5,20210210,113500,8.1,8.1,8.1,8.1,262,0
DUA,5,20210210,114000,8.15,8.15,8.15,8.15,770,0
DUA,5,20210210,120500,8.15,8.15,8.15,8.15,100,0
DUA,5,20210210,122000,8.25,8.25,8.25,8.25,250,0
DUA,5,20210210,123000,8.25,8.25,8.25,8.25,140,0
DUA,5,20210210,123500,8.27,8.27,8.27,8.27,585,0
DUA,5,20210210,124000,8.27,8.3,8.27,8.3,400,0
DUA,5,20210210,133500,8.22,8.22,8.2,8.2,790,0
DUA,5,20210210,134000,8.2,8.2,8.2,8.2,1100,0
DUA,5,20210210,135500,8.28,8.28,8.28,8.28,3,0
DUA,5,20210210,143500,8.21,8.21,8.2,8.2,818,0
DUA,5,20210210,144500,8.2,8.2,8.2,8.2,500,0
DUA,5,20210210,150000,8.13,8.13,8.13,8.13,500,0
DUA,5,20210210,151500,8.19,8.19,8.19,8.19,58,0
DUA,5,20210210,153000,8.19,8.19,8.19,8.19,182,0
DUA,5,20210210,153500,8.2,8.2,8.2,8.2,684,0
DUA,5,20210210,155000,8.19,8.23,8.19,8.23,290,0
DUA,5,20210210,160000,8.2,8.2,8.2,8.2,500,0
DUA,5,20210210,161000,8.2,8.2,8.2,8.2,400,0
DUA,5,20210210,163000,8.19,8.19,8.12,8.12,500,0
DUA,5,20210211,090000,8.052,8.052,8.052,8.052,369,0
DUA,5,20210211,092000,8.119,8.119,8.119,8.119,96,0
DUA,5,20210211,093000,8.12,8.12,8.12,8.12,300,0
DUA,5,20210211,100000,8.11,8.11,8.11,8.11,100,0
DUA,5,20210211,105500,8.1,8.12,8.1,8.12,150,0
DUA,5,20210211,110000,8.2,8.2,8.2,8.2,3,0
DUA,5,20210211,121000,8.199,8.199,8.199,8.199,135,0
DUA,5,20210211,125000,8.1,8.1,8.1,8.1,50,0
DUA,5,20210211,125500,8.1,8.199,8.1,8.199,450,0
DUA,5,20210211,132000,8.199,8.2,8.199,8.2,910,0
DUA,5,20210211,135000,8.2,8.2,8.2,8.2,38,0
DUA,5,20210211,140000,8.238,8.238,8.238,8.238,200,0
DUA,5,20210211,151500,8.24,8.24,8.24,8.24,362,0
DUA,5,20210211,152000,8.24,8.248,8.24,8.248,316,0
DUA,5,20210211,163000,8.2,8.2,8.2,8.2,167,0
DUA,5,20210211,163500,8.1,8.1,8.1,8.1,550,0
DUA,5,20210211,164000,8.1,8.1,8.1,8.1,83,0
DUA,5,20210211,164500,8.248,8.248,8.248,8.248,3,0
DUA,5,20210212,090000,8.06,8.06,8.06,8.06,466,0
DUA,5,20210212,092000,8.1,8.1,8.1,8.1,600,0
DUA,5,20210212,092500,8.23,8.23,8.23,8.23,2,0
DUA,5,20210212,103000,8.11,8.11,8.11,8.11,100,0
DUA,5,20210212,103500,8.1,8.1,8.1,8.1,100,0
DUA,5,20210212,104500,8.1,8.1,8.1,8.1,800,0
DUA,5,20210212,105000,8.06,8.06,8.06,8.06,137,0
DUA,5,20210212,112500,8.1,8.1,8.1,8.1,2000,0
DUA,5,20210212,142500,8.2,8.2,8.2,8.2,111,0
DUA,5,20210212,144500,8.1,8.1,8.01,8.02,2340,0
DUA,5,20210212,161000,8.05,8.05,8.05,8.05,319,0
DUA,5,20210212,161500,8.199,8.199,8.199,8.199,1,0
DUA,5,20210212,162500,8.1,8.1,8.1,8.1,400,0
DUA,5,20210212,164500,8.199,8.199,8.199,8.199,2,0
DUA,5,20210215,090000,8.1,8.1,8.1,8.1,450,0
DUA,5,20210215,090500,8.1,8.1,8.1,8.1,200,0
DUA,5,20210215,091500,8.1,8.1,8.1,8.1,200,0
DUA,5,20210215,092500,8.1,8.1,8.1,8.1,200,0
DUA,5,20210215,094000,8.1,8.1,8.1,8.1,325,0
DUA,5,20210215,094500,8.12,8.13,8.12,8.13,188,0
DUA,5,20210215,095000,8.13,8.13,8.13,8.13,199,0
DUA,5,20210215,100000,8.1,8.1,8.1,8.1,290,0
DUA,5,20210215,103500,8.12,8.12,8.12,8.12,100,0
DUA,5,20210215,104000,8.06,8.06,8.06,8.06,55,0
DUA,5,20210215,105500,8.1,8.1,8.1,8.1,200,0
DUA,5,20210215,113000,8.1,8.1,8.1,8.1,1,0
DUA,5,20210215,115000,8.061,8.061,8.05,8.05,2141,0
DUA,5,20210215,120000,8.05,8.05,8.05,8.05,220,0
DUA,5,20210215,121000,8.1,8.1,8.1,8.1,299,0
DUA,5,20210215,123000,8.1,8.1,8.1,8.1,9,0
DUA,5,20210215,124000,8.13,8.13,8.13,8.13,500,0
DUA,5,20210215,151500,8.1,8.1,8.1,8.1,72,0
DUA,5,20210215,154000,8.1,8.1,8.1,8.1,120,0
DUA,5,20210215,154500,8.1,8.1,8.1,8.1,127,0
DUA,5,20210215,160500,8.1,8.1,8.1,8.1,159,0
DUA,5,20210215,163500,8.13,8.13,8.13,8.13,500,0
DUA,5,20210215,164000,8.1,8.19,8.1,8.19,61,0
DUA,5,20210216,090000,8.07,8.07,8.07,8.07,208,0
DUA,5,20210216,090500,8.07,8.07,8.07,8.07,42,0
DUA,5,20210216,091000,8.07,8.07,8.07,8.07,81,0
DUA,5,20210216,091500,8.18,8.19,8.18,8.19,300,0
DUA,5,20210216,103000,8.19,8.228,8.19,8.228,300,0
DUA,5,20210216,103500,8.228,8.23,8.228,8.23,200,0
DUA,5,20210216,104000,8.23,8.23,8.23,8.23,350,0
DUA,5,20210216,105000,8.2,8.2,8.2,8.2,75,0
DUA,5,20210216,105500,8.18,8.18,8.1,8.1,210,0
DUA,5,20210216,110500,8.1,8.1,8.1,8.1,282,0
DUA,5,20210216,114500,8.11,8.11,8.1,8.11,600,0
DUA,5,20210216,115500,8.11,8.11,8.051,8.051,900,0
DUA,5,20210216,122500,8.17,8.17,8.17,8.17,2,0
DUA,5,20210216,130500,8.17,8.17,8.17,8.17,20,0
DUA,5,20210216,135500,8.17,8.17,8.17,8.17,200,0
DUA,5,20210216,140000,8.1,8.1,8.08,8.09,1100,0
DUA,5,20210216,143500,8.09,8.09,8.09,8.09,100,0
DUA,5,20210216,144500,8.09,8.09,8.08,8.08,300,0
DUA,5,20210216,145500,8.08,8.08,8.063,8.063,240,0
DUA,5,20210216,151500,8.07,8.07,8.07,8.07,171,0
DUA,5,20210216,153500,8.07,8.15,8.07,8.15,229,0
DUA,5,20210216,160000,8.08,8.08,8.07,8.07,300,0
DUA,5,20210216,164500,8.15,8.17,8.07,8.17,300,0
DUA,5,20210217,090500,8.23,8.23,8.23,8.23,3,0
DUA,5,20210217,093000,8.22,8.22,8.22,8.22,333,0
DUA,5,20210217,094000,8.22,8.22,8.22,8.22,100,0
DUA,5,20210217,095000,8.23,8.23,8.23,8.23,385,0
DUA,5,20210217,095500,8.23,8.23,8.23,8.23,295,0
DUA,5,20210217,101000,8.22,8.22,8.22,8.22,100,0
DUA,5,20210217,102000,8.22,8.22,8.22,8.22,30,0
DUA,5,20210217,102500,8.22,8.22,8.11,8.11,619,0
DUA,5,20210217,115000,8.21,8.21,8.21,8.21,300,0
DUA,5,20210217,124500,8.2,8.23,8.2,8.23,128,0
DUA,5,20210217,125500,8.23,8.23,8.23,8.23,455,0
DUA,5,20210217,132500,8.23,8.23,8.23,8.23,97,0
DUA,5,20210217,135000,8.24,8.26,8.24,8.26,2158,0
DUA,5,20210217,135500,8.26,8.26,8.26,8.26,250,0
DUA,5,20210217,141000,8.24,8.24,8.23,8.23,350,0
DUA,5,20210217,141500,8.23,8.23,8.2,8.2,178,0
DUA,5,20210217,142000,8.2,8.2,8.2,8.2,833,0
DUA,5,20210217,143000,8.15,8.15,8.15,8.15,150,0
DUA,5,20210217,144000,8.18,8.18,8.18,8.18,200,0
DUA,5,20210217,145500,8.2,8.2,8.2,8.2,2,0
DUA,5,20210217,164500,8.17,8.17,8.13,8.13,2641,0
DUA,5,20210218,090500,8.2,8.2,8.2,8.2,100,0
DUA,5,20210218,095000,8.17,8.18,8.17,8.18,483,0
DUA,5,20210218,100000,8.18,8.18,8.18,8.18,17,0
DUA,5,20210218,104000,8.12,8.12,8.12,8.12,150,0
DUA,5,20210218,104500,8.17,8.17,8.17,8.17,5,0
DUA,5,20210218,113000,8.11,8.11,8.11,8.11,10,0
DUA,5,20210218,121500,8.11,8.11,8.1,8.1,799,0
DUA,5,20210218,130000,8.11,8.11,8.1,8.1,500,0
DUA,5,20210218,144000,8.1,8.1,8.1,8.1,166,0
DUA,5,20210218,144500,8.09,8.09,8.05,8.05,2179,0
DUA,5,20210218,145000,8.05,8.05,8.05,8.05,1107,0
DUA,5,20210218,150500,8.05,8.05,8.05,8.05,500,0
DUA,5,20210218,153500,8.05,8.05,8.05,8.05,805,0
DUA,5,20210218,154000,8.04,8.04,8.04,8.04,200,0
DUA,5,20210218,162500,8.04,8.04,8.04,8.04,291,0
DUA,5,20210218,163000,8.15,8.15,8.15,8.15,2,0
DUA,5,20210218,163500,8.15,8.15,8.025,8.025,580,0
DUA,5,20210219,090000,8.025,8.025,8.025,8.025,100,0
DUA,5,20210219,093000,8.12,8.12,8.12,8.12,100,0
DUA,5,20210219,094000,8.11,8.11,8.11,8.11,100,0
DUA,5,20210219,100500,8.1,8.12,8.1,8.12,100,0
DUA,5,20210219,101500,8.12,8.12,8.12,8.12,100,0
DUA,5,20210219,104500,8.07,8.07,8.045,8.045,1878,0
DUA,5,20210219,114500,8.12,8.12,8.12,8.12,74,0
DUA,5,20210219,115500,8.12,8.12,8.12,8.12,69,0
DUA,5,20210219,122000,8.12,8.12,8.12,8.12,146,0
DUA,5,20210219,122500,8.12,8.17,8.12,8.17,605,0
DUA,5,20210219,123500,8.17,8.17,8.17,8.17,99,0
DUA,5,20210219,124000,8.2,8.22,8.2,8.22,1002,0
DUA,5,20210219,124500,8.26,8.26,8.26,8.26,259,0
DUA,5,20210219,125500,8.28,8.28,8.28,8.28,121,0
DUA,5,20210219,133500,8.28,8.28,8.28,8.28,230,0
DUA,5,20210219,140000,8.25,8.25,8.25,8.25,137,0
DUA,5,20210219,143000,8.28,8.28,8.28,8.28,504,0
DUA,5,20210219,145500,8.33,8.33,8.33,8.33,10,0
DUA,5,20210219,153500,8.3,8.38,8.3,8.38,1383,0
DUA,5,20210219,155500,8.38,8.38,8.38,8.38,116,0
DUA,5,20210219,160000,8.4,8.4,8.4,8.4,201,0
DUA,5,20210219,160500,8.42,8.42,8.42,8.42,5,0
DUA,5,20210219,161500,8.42,8.44,8.42,8.44,708,0
DUA,5,20210219,162500,8.44,8.44,8.4,8.4,252,0
DUA,5,20210219,164500,8.3,8.3,8.2,8.2,981,0
DUA,5,20210222,090000,8.15,8.15,8.13,8.13,500,0
DUA,5,20210222,092500,8.12,8.13,8.12,8.13,531,0
DUA,5,20210222,103500,8.1,8.1,8.1,8.1,280,0
DUA,5,20210222,112500,8.12,8.12,8.12,8.12,135,0
DUA,5,20210222,114500,8.12,8.12,8.12,8.12,165,0
DUA,5,20210222,115000,8.18,8.18,8.18,8.18,10,0
DUA,5,20210222,134000,8.13,8.13,8.1,8.1,370,0
DUA,5,20210222,141500,8.1,8.1,8.1,8.1,130,0
DUA,5,20210222,144000,8.1,8.1,8.1,8.1,170,0
DUA,5,20210222,144500,8.1,8.18,8.1,8.18,490,0
DUA,5,20210222,145500,8.18,8.2,8.18,8.2,420,0
DUA,5,20210222,160500,8.12,8.12,8.12,8.12,123,0
DUA,5,20210222,164000,8.18,8.2,8.18,8.2,845,0
DUA,5,20210223,090000,8.1,8.1,8.1,8.1,297,0
DUA,5,20210223,091000,8.1,8.1,8.066,8.066,300,0
DUA,5,20210223,092500,8.1,8.1,8.1,8.1,200,0
DUA,5,20210223,094500,8.1,8.1,8.1,8.1,300,0
DUA,5,20210223,101500,8.071,8.071,8.071,8.071,500,0
DUA,5,20210223,104500,8.09,8.09,8.09,8.09,304,0
DUA,5,20210223,124500,8.09,8.09,7.96,7.96,7376,0
DUA,5,20210223,125000,7.96,8,7.82,8,3778,0
DUA,5,20210223,130000,8,8,8,8,170,0
DUA,5,20210223,131000,7.9,7.9,7.822,7.822,3600,0
DUA,5,20210223,131500,7.822,8.14,7.822,8.14,2900,0
DUA,5,20210223,134000,8,8,8,8,50,0
DUA,5,20210223,140500,8,8,8,8,74,0
DUA,5,20210223,145500,8,8,8,8,100,0
DUA,5,20210223,151000,8,8.25,8,8.25,2783,0
DUA,5,20210223,151500,8.25,8.38,8,8,6258,0
DUA,5,20210223,152000,8.01,8.01,8,8,900,0
DUA,5,20210223,152500,8,8.14,8,8.12,1150,0
DUA,5,20210223,153500,8,8,8,8,901,0
DUA,5,20210223,155500,7.85,7.85,7.85,7.85,400,0
DUA,5,20210223,160000,7.99,7.99,7.99,7.99,2,0
DUA,5,20210223,161000,7.85,7.85,7.836,7.836,307,0
DUA,5,20210223,161500,7.837,7.837,7.836,7.836,290,0
DUA,5,20210223,162000,7.836,7.85,7.836,7.85,181,0
DUA,5,20210223,162500,7.85,7.99,7.85,7.99,1910,0
DUA,5,20210223,163500,7.99,7.99,7.99,7.99,200,0
DUA,5,20210223,164000,7.99,7.99,7.8,7.8,4785,0
DUA,5,20210223,164500,7.8,8,7.8,8,1385,0
DUA,5,20210224,090000,8,8,8,8,41,0
DUA,5,20210224,091000,8.04,8.04,8.04,8.04,200,0
DUA,5,20210224,094000,8.1,8.1,8,8,1385,0
DUA,5,20210224,095500,8,8,8,8,1052,0
DUA,5,20210224,100000,8.11,8.11,8.11,8.11,20,0
DUA,5,20210224,101000,8.11,8.11,8.11,8.11,98,0
DUA,5,20210224,103000,8.1,8.1,8.1,8.1,170,0
DUA,5,20210224,105500,8,8,8,8,200,0
DUA,5,20210224,111000,7.9,7.9,7.9,7.9,300,0
DUA,5,20210224,114000,8.11,8.11,8.11,8.11,10,0
DUA,5,20210224,115000,8,8,8,8,750,0
DUA,5,20210224,115500,8.11,8.11,8.11,8.11,10,0
DUA,5,20210224,132000,8.02,8.02,8.02,8.02,113,0
DUA,5,20210224,133000,8.11,8.11,8.11,8.11,265,0
DUA,5,20210224,135000,8.02,8.02,8.02,8.02,50,0
DUA,5,20210224,142500,8.02,8.02,8,8,400,0
DUA,5,20210224,145000,8.11,8.11,8.088,8.088,612,0
DUA,5,20210225,090500,8,8,8,8,155,0
DUA,5,20210225,093000,8.02,8.02,8.01,8.01,200,0
DUA,5,20210225,094500,8.09,8.09,8.01,8.01,150,0
DUA,5,20210225,095000,8.01,8.01,8,8,565,0
DUA,5,20210225,095500,7.95,7.95,7.95,7.95,100,0
DUA,5,20210225,103000,8,8,8,8,40,0
DUA,5,20210225,104500,8.05,8.05,8.05,8.05,120,0
DUA,5,20210225,123500,8,8,8,8,100,0
DUA,5,20210225,125500,7.95,7.95,7.95,7.95,320,0
DUA,5,20210225,134000,7.95,7.95,7.9,7.9,300,0
DUA,5,20210225,145500,7.9,7.9,7.9,7.9,60,0
DUA,5,20210225,150500,7.9,7.9,7.9,7.9,110,0
DUA,5,20210225,151000,7.9,7.9,7.9,7.9,22,0
DUA,5,20210225,155000,7.9,7.9,7.9,7.9,60,0
DUA,5,20210226,090000,7.85,7.85,7.85,7.85,200,0
DUA,5,20210226,090500,8,8,8,8,5,0
DUA,5,20210226,091500,7.851,7.851,7.851,7.851,140,0
DUA,5,20210226,093500,7.851,7.851,7.85,7.85,100,0
DUA,5,20210226,112500,7.98,7.98,7.98,7.98,100,0
DUA,5,20210226,120500,8,8,8,8,373,0
DUA,5,20210226,124000,7.98,7.98,7.9,7.9,37,0
DUA,5,20210226,124500,7.9,8.36,7.9,8.36,6229,0
DUA,5,20210226,130500,8.34,8.36,8.34,8.36,3273,0
DUA,5,20210226,131000,8.36,8.36,8.36,8.36,1727,0
DUA,5,20210226,132000,8.32,8.32,8.32,8.32,250,0
DUA,5,20210226,133000,8.3,8.3,8.3,8.3,240,0
DUA,5,20210226,144000,8.105,8.105,8.105,8.105,110,0
DUA,5,20210226,151500,8.115,8.115,8.115,8.115,100,0
DUA,5,20210226,152500,8.36,8.36,8.36,8.36,10,0
DUA,5,20210301,092000,8.16,8.2,8.1,8.2,1101,0
DUA,5,20210301,093500,8.2,8.2,8.2,8.2,300,0
DUA,5,20210301,095000,8.11,8.11,8.11,8.11,242,0
DUA,5,20210301,101500,8.25,8.25,8.25,8.25,580,0
DUA,5,20210301,113000,8.25,8.3,8.25,8.3,416,0
DUA,5,20210301,115000,8.37,8.4,8.37,8.4,720,0
DUA,5,20210301,115500,8.43,8.45,8.43,8.45,6795,0
DUA,5,20210301,120000,8.459,8.459,8.45,8.45,519,0
DUA,5,20210301,124000,8.45,8.45,8.45,8.45,30,0
DUA,5,20210301,124500,8.44,8.44,8.44,8.44,30,0
DUA,5,20210301,125000,8.44,8.44,8.44,8.44,20,0
DUA,5,20210301,145500,8.4,8.4,8.4,8.4,310,0
DUA,5,20210301,150000,8.39,8.4,8.39,8.4,622,0
DUA,5,20210301,153500,8.39,8.39,8.39,8.39,65,0
DUA,5,20210301,160000,8.39,8.39,8.39,8.39,50,0
DUA,5,20210301,162000,8.39,8.39,8.39,8.39,540,0
DUA,5,20210301,162500,8.4,8.4,8.4,8.4,228,0
DUA,5,20210301,164500,8.32,8.32,8.32,8.32,50,0
DUA,5,20210302,091500,8.2,8.2,8.2,8.2,400,0
DUA,5,20210302,094000,8.15,8.15,8.15,8.15,100,0
DUA,5,20210302,111000,8.2,8.2,8.2,8.2,5,0
DUA,5,20210302,125000,8.16,8.16,8.16,8.16,100,0
DUA,5,20210302,131500,8.19,8.2,8.19,8.2,995,0
DUA,5,20210302,134000,8.36,8.36,8.36,8.36,5,0
DUA,5,20210302,135000,8.36,8.48,8.36,8.48,3500,0
DUA,5,20210302,135500,8.48,8.48,8.46,8.46,600,0
DUA,5,20210302,140000,8.48,8.5,8.48,8.5,2084,0
DUA,5,20210302,141000,8.49,8.5,8.49,8.5,1525,0
DUA,5,20210302,145000,8.22,8.22,8.22,8.22,880,0
DUA,5,20210302,150000,8.2,8.2,8.2,8.2,5,0
DUA,5,20210302,160500,8.2,8.2,8.2,8.2,20,0
DUA,5,20210302,164500,8.375,8.5,8.375,8.5,1860,0
DUA,5,20210303,090000,8.497,8.5,8.497,8.5,1800,0
DUA,5,20210303,093000,8.49,8.5,8.49,8.5,90,0
DUA,5,20210303,094000,8.5,8.5,8.5,8.5,1810,0
DUA,5,20210303,094500,8.5,8.5,8.5,8.5,234,0
DUA,5,20210303,100500,8.49,8.49,8.4,8.4,279,0
DUA,5,20210303,101500,8.4,8.4,8.4,8.4,131,0
DUA,5,20210303,102000,8.32,8.32,8.32,8.32,100,0
DUA,5,20210303,110500,8.32,8.4,8.32,8.4,200,0
DUA,5,20210303,111000,8.25,8.25,8.25,8.25,125,0
DUA,5,20210303,113500,8.4,8.696,8.4,8.696,4928,0
DUA,5,20210303,114000,8.56,8.59,8.56,8.59,394,0
DUA,5,20210303,114500,8.629,8.695,8.5,8.695,2194,0
DUA,5,20210303,115500,8.689,8.69,8.689,8.69,405,0
DUA,5,20210303,120000,8.66,8.8,8.66,8.8,6402,0
DUA,5,20210303,120500,8.75,8.8,8.75,8.8,1890,0
DUA,5,20210303,122000,8.62,8.62,8.5,8.5,801,0
DUA,5,20210303,122500,8.5,8.5,8.5,8.5,301,0
DUA,5,20210303,125500,8.72,8.72,8.72,8.72,500,0
DUA,5,20210303,130000,8.72,8.72,8.72,8.72,500,0
DUA,5,20210303,131000,8.7,8.7,8.7,8.7,192,0
DUA,5,20210303,131500,8.6,8.7,8.6,8.7,1759,0
DUA,5,20210303,132500,8.7,8.7,8.7,8.7,191,0
DUA,5,20210303,135500,8.68,8.68,8.68,8.68,838,0
DUA,5,20210303,140000,8.68,8.68,8.68,8.68,220,0
DUA,5,20210303,140500,8.68,8.8,8.68,8.8,4505,0
DUA,5,20210303,141000,8.799,8.8,8.799,8.8,1000,0
DUA,5,20210303,141500,8.78,8.799,8.78,8.799,114,0
DUA,5,20210303,142000,8.78,8.79,8.78,8.79,644,0
DUA,5,20210303,142500,8.79,8.79,8.79,8.79,500,0
DUA,5,20210303,144000,8.71,8.79,8.71,8.79,357,0
DUA,5,20210303,144500,8.79,8.79,8.79,8.79,1252,0
DUA,5,20210303,145000,8.75,8.75,8.58,8.58,1810,0
DUA,5,20210303,150500,8.68,8.68,8.68,8.68,700,0
DUA,5,20210303,151000,8.68,8.68,8.68,8.68,300,0
DUA,5,20210303,151500,8.68,8.68,8.68,8.68,1000,0
DUA,5,20210303,154500,8.6,8.6,8.6,8.6,1079,0
DUA,5,20210303,155500,8.57,8.57,8.55,8.55,241,0
DUA,5,20210303,161500,8.69,8.69,8.69,8.69,310,0
DUA,5,20210303,164000,8.68,8.69,8.68,8.69,300,0
DUA,5,20210304,090000,8.68,8.68,8.5,8.5,414,0
DUA,5,20210304,091000,8.62,8.62,8.62,8.62,100,0
DUA,5,20210304,092500,8.62,8.62,8.62,8.62,50,0
DUA,5,20210304,093500,8.6,8.6,8.6,8.6,100,0
DUA,5,20210304,094000,8.52,8.52,8.52,8.52,95,0
DUA,5,20210304,100500,8.52,8.52,8.52,8.52,173,0
DUA,5,20210304,104500,8.52,8.52,8.5,8.5,591,0
DUA,5,20210304,113000,8.5,8.5,8.5,8.5,200,0
DUA,5,20210304,114500,8.5,8.5,8.5,8.5,400,0
DUA,5,20210304,121000,8.5,8.5,8.5,8.5,100,0
DUA,5,20210304,121500,8.44,8.44,8.44,8.44,100,0
DUA,5,20210304,124500,8.44,8.44,8.44,8.44,100,0
DUA,5,20210304,125500,8.5,8.5,8.5,8.5,600,0
DUA,5,20210304,130000,8.5,8.5,8.5,8.5,200,0
DUA,5,20210304,131500,8.5,8.5,8.5,8.5,40,0
DUA,5,20210304,141500,8.45,8.45,8.4,8.4,270,0
DUA,5,20210304,142500,8.36,8.36,8.36,8.36,200,0
DUA,5,20210304,143000,8.35,8.35,8.35,8.35,800,0
DUA,5,20210304,144000,8.35,8.35,8.35,8.35,64,0
DUA,5,20210304,144500,8.34,8.34,8.34,8.34,576,0
DUA,5,20210304,145500,8.34,8.4,8.34,8.4,882,0
DUA,5,20210304,161500,8.4,8.4,8.4,8.4,200,0
DUA,5,20210305,090000,8.27,8.27,8.2,8.21,900,0
DUA,5,20210305,092500,8.2,8.2,8.2,8.2,150,0
DUA,5,20210305,093000,8.2,8.2,8.16,8.16,579,0
DUA,5,20210305,104000,8.24,8.24,8.24,8.24,60,0
DUA,5,20210305,104500,8.25,8.25,8.25,8.25,250,0
DUA,5,20210305,105500,8.25,8.25,8.25,8.25,800,0
DUA,5,20210305,113000,8.25,8.25,8.25,8.25,393,0
DUA,5,20210305,120500,8.25,8.25,8.25,8.25,57,0
DUA,5,20210305,121000,8.25,8.25,8.25,8.25,333,0
DUA,5,20210305,122500,8.25,8.38,8.25,8.38,167,0
DUA,5,20210305,124000,8.4,8.4,8.4,8.4,3000,0
DUA,5,20210305,124500,8.4,8.4,8.4,8.4,3859,0
DUA,5,20210305,125000,8.49,8.49,8.49,8.49,5,0
DUA,5,20210305,134000,8.4,8.4,8.4,8.4,591,0
DUA,5,20210305,135500,8.4,8.4,8.4,8.4,60,0
DUA,5,20210305,140000,8.4,8.4,8.4,8.4,40,0
DUA,5,20210305,140500,8.4,8.4,8.4,8.4,1000,0
DUA,5,20210305,141500,8.4,8.4,8.4,8.4,830,0
DUA,5,20210305,145500,8.4,8.4,8.4,8.4,100,0
DUA,5,20210305,155500,8.45,8.45,8.45,8.45,15,0
DUA,5,20210308,090000,8.45,8.45,8.45,8.45,1000,0
DUA,5,20210308,092000,8.58,8.58,8.58,8.58,78,0
DUA,5,20210308,094500,8.5,8.6,8.5,8.6,800,0
DUA,5,20210308,112500,8.57,8.57,8.57,8.57,339,0
DUA,5,20210308,121000,8.58,8.58,8.58,8.58,50,0
DUA,5,20210308,130000,8.5,8.5,8.5,8.5,1539,0
DUA,5,20210308,132000,8.54,8.54,8.54,8.54,13,0
DUA,5,20210308,145000,8.5,8.5,8.5,8.5,150,0
DUA,5,20210308,161500,8.42,8.42,8.42,8.42,96,0
DUA,5,20210308,163000,8.5,8.5,8.5,8.5,500,0
DUA,5,20210308,164500,8.5,8.5,8.5,8.5,200,0
DUA,5,20210309,090000,8.5,8.5,8.5,8.5,250,0
DUA,5,20210309,093500,8.5,8.5,8.5,8.5,3,0
DUA,5,20210309,105500,8.5,8.5,8.5,8.5,1000,0
DUA,5,20210309,111000,8.5,8.5,8.5,8.5,50,0
DUA,5,20210309,113000,8.5,8.5,8.5,8.5,110,0
DUA,5,20210309,115000,8.5,8.5,8.5,8.5,160,0
DUA,5,20210309,115500,8.42,8.42,8.42,8.42,200,0
DUA,5,20210309,123500,8.48,8.48,8.48,8.48,100,0
DUA,5,20210309,152500,8.42,8.42,8.42,8.42,229,0
DUA,5,20210309,153000,8.4,8.4,8.4,8.4,1251,0
DUA,5,20210309,155000,8.4,8.4,8.4,8.4,129,0
DUA,5,20210309,155500,8.32,8.32,8.32,8.32,300,0
DUA,5,20210309,161000,8.4,8.4,8.4,8.4,5,0
DUA,5,20210309,164500,8.3,8.3,8.3,8.3,350,0
DUA,5,20210310,121000,8.32,8.32,8.32,8.32,49,0
DUA,5,20210310,122000,8.39,8.39,8.39,8.39,20,0
DUA,5,20210310,134000,8.35,8.35,8.35,8.35,150,0
DUA,5,20210310,134500,8.33,8.33,8.33,8.33,70,0
DUA,5,20210310,142000,8.32,8.32,8.32,8.32,50,0
DUA,5,20210310,154000,8.33,8.33,8.31,8.31,281,0
DUA,5,20210311,093500,8.37,8.37,8.37,8.37,40,0
DUA,5,20210311,094000,8.38,8.38,8.38,8.38,20,0
DUA,5,20210311,101500,8.32,8.39,8.32,8.39,5967,0
DUA,5,20210311,103000,8.39,8.39,8.39,8.39,505,0
DUA,5,20210311,113000,8.32,8.32,8.31,8.31,258,0
DUA,5,20210311,114500,8.31,8.31,8.31,8.31,1292,0
DUA,5,20210311,131000,8.25,8.25,8.25,8.25,200,0
DUA,5,20210311,135500,8.3,8.3,8.3,8.3,900,0
DUA,5,20210312,090000,8.29,8.29,8.26,8.26,357,0
DUA,5,20210312,095500,8.49,8.5,8.49,8.5,450,0
DUA,5,20210312,102500,8.26,8.26,8.26,8.26,181,0
DUA,5,20210312,103000,8.251,8.26,8.25,8.26,836,0
DUA,5,20210312,104000,8.3,8.3,8.3,8.3,250,0
DUA,5,20210312,133000,8.3,8.3,8.3,8.3,250,0
DUA,5,20210312,134000,8.3,8.3,8.25,8.25,589,0
DUA,5,20210312,134500,8.24,8.24,8.21,8.21,1000,0
DUA,5,20210312,135000,8.21,8.21,8.161,8.161,708,0
DUA,5,20210312,140000,8.162,8.162,8.161,8.161,288,0
DUA,5,20210312,152500,8.28,8.28,8.28,8.28,200,0
DUA,5,20210312,153000,8.2,8.2,8.2,8.2,50,0
DUA,5,20210312,160000,8.28,8.28,8.25,8.25,360,0
DUA,5,20210312,163000,8.28,8.28,8.28,8.28,500,0
DUA,5,20210312,163500,8.26,8.28,8.161,8.161,3771,0
DUA,5,20210312,164500,8.25,8.25,8.161,8.161,305,0
DUA,5,20210315,090000,8.16,8.16,8.16,8.16,290,0
DUA,5,20210315,090500,8.16,8.16,8.16,8.16,400,0
DUA,5,20210315,091000,8.183,8.2,8.183,8.2,1000,0
DUA,5,20210315,091500,8.25,8.25,8.25,8.25,450,0
DUA,5,20210315,092000,8.25,8.25,8.25,8.25,200,0
DUA,5,20210315,094000,8.25,8.25,8.25,8.25,100,0
DUA,5,20210315,095000,8.25,8.25,8.25,8.25,210,0
DUA,5,20210315,100000,8.25,8.25,8.25,8.25,240,0
DUA,5,20210315,103500,8.279,8.28,8.279,8.28,250,0
DUA,5,20210315,104000,8.28,8.28,8.28,8.28,300,0
DUA,5,20210315,110500,8.21,8.21,8.21,8.21,115,0
DUA,5,20210315,111000,8.21,8.21,8.21,8.21,264,0
DUA,5,20210315,111500,8.21,8.21,8.16,8.16,2316,0
DUA,5,20210315,121500,8.2,8.2,8.2,8.2,10,0
DUA,5,20210315,123000,8.2,8.2,8.2,8.2,100,0
DUA,5,20210315,124000,8.16,8.16,8.16,8.16,200,0
DUA,5,20210315,132500,8.16,8.16,8.12,8.12,640,0
DUA,5,20210315,140000,8.2,8.2,8.2,8.2,150,0
DUA,5,20210315,142000,8.12,8.12,8.12,8.12,269,0
DUA,5,20210315,144000,8.12,8.12,8.1,8.1,231,0
DUA,5,20210315,150500,8.12,8.12,8.1,8.1,493,0
DUA,5,20210315,151500,8.1,8.1,8.1,8.1,162,0
DUA,5,20210315,153000,8.1,8.1,8.1,8.1,196,0
DUA,5,20210315,155500,8.1,8.1,8.1,8.1,200,0
DUA,5,20210315,161000,8.2,8.2,8.2,8.2,10,0
DUA,5,20210315,162000,8.2,8.2,8.2,8.2,4,0
DUA,5,20210315,163500,8.1,8.1,8.1,8.1,500,0
DUA,5,20210315,164000,8.1,8.1,8.1,8.1,500,0
DUA,5,20210316,090500,8.1,8.1,8.1,8.1,120,0
DUA,5,20210316,110500,8.14,8.14,8.14,8.14,200,0
DUA,5,20210316,111500,8.18,8.18,8.18,8.18,5,0
DUA,5,20210316,120000,8.14,8.14,8.14,8.14,150,0
DUA,5,20210316,122500,8.18,8.2,8.14,8.14,1000,0
DUA,5,20210316,123500,8.12,8.12,8.12,8.12,100,0
DUA,5,20210316,124500,8.12,8.12,8.12,8.12,100,0
DUA,5,20210316,130000,8.104,8.104,8.102,8.102,170,0
DUA,5,20210316,140000,8.102,8.102,8.102,8.102,100,0
DUA,5,20210316,142500,8.102,8.102,8.1,8.1,472,0
DUA,5,20210316,143500,8.07,8.07,8.07,8.07,56,0
DUA,5,20210316,145000,8.07,8.07,8.07,8.07,944,0
DUA,5,20210316,150500,8.07,8.07,8.07,8.07,333,0
DUA,5,20210316,153000,8.07,8.07,8.07,8.07,45,0
DUA,5,20210316,155500,8.06,8.06,8.06,8.06,400,0
DUA,5,20210316,160000,8.06,8.06,8.001,8.001,1767,0
DUA,5,20210316,161500,8.1,8.1,8.1,8.1,200,0
DUA,5,20210316,164500,8.1,8.299,8.1,8.18,505,0
DUA,5,20210317,091000,8.29,8.29,8.29,8.29,2,0
DUA,5,20210317,101500,8.28,8.28,8.28,8.28,41,0
DUA,5,20210317,112000,8.26,8.26,8.26,8.26,3600,0
DUA,5,20210317,113500,8.1,8.1,8.1,8.1,700,0
DUA,5,20210317,114500,8.1,8.1,8.1,8.1,200,0
DUA,5,20210317,132000,8.1,8.1,8.04,8.04,400,0
DUA,5,20210317,135000,8.2,8.2,8.2,8.2,10,0
DUA,5,20210317,153500,8.1,8.1,8.1,8.1,50,0
DUA,5,20210317,154000,8.1,8.1,8.1,8.1,200,0
DUA,5,20210317,163500,8.08,8.08,8.08,8.08,15,0
DUA,5,20210317,165500,8.1,8.1,8.1,8.1,2440,0
DUA,5,20210318,090000,8.05,8.05,8.05,8.05,400,0
DUA,5,20210318,094500,8.06,8.06,8.01,8.01,623,0
DUA,5,20210318,095500,8.001,8.001,8.001,8.001,300,0
DUA,5,20210318,100500,8.05,8.05,8.05,8.05,75,0
DUA,5,20210318,103000,8,8,8,8,4710,0
DUA,5,20210318,103500,8.1,8.1,8.1,8.1,1000,0
DUA,5,20210318,125500,8.1,8.1,8.1,8.1,500,0
DUA,5,20210318,140500,8.1,8.1,8.1,8.1,100,0
DUA,5,20210318,142000,8.16,8.16,8.16,8.16,5,0
DUA,5,20210318,163500,8.16,8.16,8.16,8.16,52,0
DUA,5,20210318,164000,8.17,8.186,8.17,8.186,98,0
DUA,5,20210319,090000,7.8,7.95,7.8,7.95,4058,0
DUA,5,20210319,090500,7.903,7.95,7.903,7.95,327,0
DUA,5,20210319,092000,8,8,7.9,7.9,932,0
DUA,5,20210319,092500,7.9,7.9,7.8,7.8,2419,0
DUA,5,20210319,093000,7.8,7.8,7.6,7.6,2907,0
DUA,5,20210319,094000,7.84,7.84,7.7,7.84,170,0
DUA,5,20210319,094500,7.75,7.75,7.61,7.61,2873,0
DUA,5,20210319,095000,7.839,7.84,7.839,7.84,300,0
DUA,5,20210319,100000,7.835,7.835,7.68,7.68,1465,0
DUA,5,20210319,100500,7.68,7.68,7.68,7.68,135,0
DUA,5,20210319,101500,7.78,7.78,7.7,7.7,2500,0
DUA,5,20210319,104000,7.82,7.82,7.82,7.82,100,0
DUA,5,20210319,104500,7.84,7.84,7.84,7.84,110,0
DUA,5,20210319,110000,7.895,7.9,7.895,7.9,785,0
DUA,5,20210319,111000,7.9,7.939,7.9,7.939,354,0
DUA,5,20210319,112000,7.939,7.939,7.939,7.939,100,0
DUA,5,20210319,113000,7.93,7.93,7.93,7.93,250,0
DUA,5,20210319,120000,7.91,7.91,7.91,7.91,600,0
DUA,5,20210319,120500,7.841,7.841,7.82,7.82,5840,0
DUA,5,20210319,121000,7.83,7.83,7.82,7.82,2496,0
DUA,5,20210319,121500,7.8,7.8,7.8,7.8,253,0
DUA,5,20210319,124000,7.887,7.887,7.887,7.887,2,0
DUA,5,20210319,124500,7.82,7.82,7.81,7.82,785,0
DUA,5,20210319,131500,7.887,7.887,7.887,7.887,10,0
DUA,5,20210319,132000,7.887,7.887,7.88,7.88,156,0
DUA,5,20210319,133500,7.888,7.888,7.888,7.888,384,0
DUA,5,20210319,135000,7.888,7.888,7.888,7.888,10,0
DUA,5,20210319,135500,7.888,8,7.888,8,1470,0
DUA,5,20210319,140500,8,8,8,8,162,0
DUA,5,20210319,144000,7.95,7.95,7.95,7.95,299,0
DUA,5,20210319,144500,7.95,7.95,7.95,7.95,190,0
DUA,5,20210319,145500,7.95,7.95,7.95,7.95,344,0
DUA,5,20210319,151000,7.9,7.9,7.9,7.9,50,0
DUA,5,20210319,151500,7.9,7.9,7.9,7.9,500,0
DUA,5,20210319,152500,8,8,8,8,200,0
DUA,5,20210319,154500,7.9,7.9,7.9,7.9,100,0
DUA,5,20210319,155500,7.9,7.9,7.9,7.9,150,0
DUA,5,20210319,160500,7.85,7.85,7.85,7.85,100,0
DUA,5,20210319,161000,7.85,7.85,7.85,7.85,50,0
DUA,5,20210319,163500,7.999,7.999,7.999,7.999,4,0
DUA,5,20210319,164500,7.85,7.999,7.85,7.999,260,0
DUA,5,20210322,090000,7.999,7.999,7.999,7.999,100,0
DUA,5,20210322,091500,7.801,7.801,7.8,7.8,192,0
DUA,5,20210322,094000,7.98,7.98,7.81,7.81,81,0
DUA,5,20210322,094500,7.989,7.989,7.989,7.989,109,0
DUA,5,20210322,095000,7.821,7.821,7.821,7.821,100,0
DUA,5,20210322,104500,7.96,7.96,7.96,7.96,10,0
DUA,5,20210322,105500,7.9,7.9,7.83,7.83,340,0
DUA,5,20210322,121500,7.89,7.89,7.89,7.89,100,0
DUA,5,20210322,122500,7.89,7.89,7.89,7.89,170,0
DUA,5,20210322,130000,7.9,7.9,7.9,7.9,200,0
DUA,5,20210322,131000,7.9,7.96,7.9,7.96,300,0
DUA,5,20210322,134000,7.891,7.891,7.85,7.85,431,0
DUA,5,20210322,135000,7.85,7.85,7.85,7.85,635,0
DUA,5,20210322,145000,7.83,7.83,7.75,7.75,1772,0
DUA,5,20210322,161000,7.8,7.8,7.8,7.8,190,0
DUA,5,20210322,161500,7.92,7.92,7.92,7.92,10,0
DUA,5,20210323,090000,7.9,7.9,7.9,7.9,345,0
DUA,5,20210323,092000,7.9,7.9,7.9,7.9,445,0
DUA,5,20210323,094000,7.9,7.9,7.9,7.9,55,0
DUA,5,20210323,094500,7.9,7.9,7.9,7.9,155,0
DUA,5,20210323,095000,7.92,7.92,7.9,7.9,334,0
DUA,5,20210323,101500,7.9,7.9,7.9,7.9,140,0
DUA,5,20210323,103500,7.9,7.9,7.9,7.9,10,0
DUA,5,20210323,105500,7.94,7.94,7.94,7.94,100,0
DUA,5,20210323,125500,7.95,7.95,7.95,7.95,395,0
DUA,5,20210323,131500,7.9,7.9,7.762,7.762,317,0
DUA,5,20210323,133500,7.95,7.95,7.95,7.95,4,0
DUA,5,20210323,134500,7.95,7.95,7.95,7.95,1,0
DUA,5,20210323,135000,7.96,7.96,7.96,7.96,55,0
DUA,5,20210323,140500,7.989,7.989,7.96,7.96,100,0
DUA,5,20210323,152000,7.96,7.96,7.96,7.96,50,0
DUA,5,20210323,162000,7.85,7.85,7.85,7.85,50,0
DUA,5,20210323,164000,7.95,7.95,7.95,7.95,50,0
DUA,5,20210324,090000,7.92,7.92,7.92,7.92,100,0
DUA,5,20210324,091000,7.92,7.92,7.92,7.92,125,0
DUA,5,20210324,094000,7.821,7.821,7.82,7.82,472,0
DUA,5,20210324,094500,7.8,7.8,7.8,7.8,700,0
DUA,5,20210324,095000,7.78,7.78,7.78,7.78,70,0
DUA,5,20210324,103500,7.89,7.89,7.89,7.89,126,0
DUA,5,20210324,104500,7.8,7.8,7.8,7.8,10,0
DUA,5,20210324,111000,7.78,7.78,7.701,7.701,2066,0
DUA,5,20210324,113000,7.74,7.74,7.74,7.74,135,0
DUA,5,20210324,113500,7.74,7.88,7.74,7.88,125,0
DUA,5,20210324,115000,7.88,7.88,7.88,7.88,200,0
DUA,5,20210324,133000,7.74,7.878,7.74,7.878,30,0
DUA,5,20210324,144000,7.86,7.9,7.86,7.9,2140,0
DUA,5,20210325,090500,7.724,7.724,7.7,7.7,480,0
DUA,5,20210325,091000,7.7,7.7,7.7,7.7,520,0
DUA,5,20210325,091500,7.898,7.898,7.898,7.898,5,0
DUA,5,20210325,103000,7.88,7.958,7.88,7.958,711,0
DUA,5,20210325,105500,7.72,7.72,7.7,7.7,712,0
DUA,5,20210325,122500,7.8,7.8,7.8,7.8,200,0
DUA,5,20210325,132000,7.72,7.72,7.7,7.7,755,0
DUA,5,20210325,154500,7.865,7.865,7.865,7.865,5,0
DUA,5,20210326,090000,7.85,7.85,7.85,7.85,202,0
DUA,5,20210326,091500,7.85,7.85,7.85,7.85,98,0
DUA,5,20210326,093000,7.74,7.74,7.74,7.74,64,0
DUA,5,20210326,104500,7.8,7.87,7.8,7.87,1032,0
DUA,5,20210326,135000,7.88,7.88,7.88,7.88,146,0
DUA,5,20210326,145000,7.88,7.894,7.88,7.894,63,0
DUA,5,20210326,153000,7.894,7.894,7.894,7.894,127,0
DUA,5,20210326,162000,7.894,7.894,7.894,7.894,27,0
DUA,5,20210326,164500,7.933,7.933,7.933,7.933,1,0
