<TICKER>,<PER>,<DATE>,<TIME>,<OPEN>,<HIGH>,<LOW>,<CLOSE>,<VOL>,<OPENINT>
EC2,5,20210204,153000,2.58,2.58,2.58,2.58,210,0
EC2,5,20210204,164500,2.6,2.6,2.6,2.6,5,0
EC2,5,20210205,093500,2.5,2.5,2.5,2.5,200,0
EC2,5,20210205,095000,2.48,2.48,2.48,2.48,400,0
EC2,5,20210205,111000,2.48,2.48,2.48,2.48,300,0
EC2,5,20210205,114500,2.48,2.48,2.48,2.48,555,0
EC2,5,20210205,120000,2.48,2.58,2.48,2.58,1200,0
EC2,5,20210209,104500,2.52,2.52,2.52,2.52,5,0
EC2,5,20210210,134000,2.42,2.42,2.4,2.4,2010,0
EC2,5,20210210,135000,2.42,2.46,2.42,2.46,16996,0
EC2,5,20210210,135500,2.52,2.52,2.52,2.52,100,0
EC2,5,20210210,164500,2.52,2.52,2.52,2.52,1091,0
EC2,5,20210211,124000,2.54,2.54,2.54,2.54,50,0
EC2,5,20210211,163000,2.46,2.46,2.34,2.34,5000,0
EC2,5,20210211,163500,2.48,2.48,2.48,2.48,5,0
EC2,5,20210212,095000,2.44,2.44,2.44,2.44,350,0
EC2,5,20210212,100000,2.44,2.44,2.44,2.44,73,0
EC2,5,20210212,112500,2.46,2.5,2.46,2.5,2850,0
EC2,5,20210212,113000,2.58,2.58,2.58,2.58,15,0
EC2,5,20210212,131000,2.5,2.5,2.5,2.5,569,0
EC2,5,20210212,135500,2.56,2.56,2.56,2.56,10,0
EC2,5,20210212,144500,2.5,2.5,2.5,2.5,4581,0
EC2,5,20210212,151500,2.5,2.5,2.5,2.5,429,0
EC2,5,20210212,161000,2.56,2.56,2.56,2.56,500,0
EC2,5,20210212,164500,2.56,2.64,2.56,2.64,4871,0
EC2,5,20210215,090000,2.56,2.56,2.28,2.28,3558,0
EC2,5,20210215,091000,2.46,2.64,2.46,2.64,6600,0
EC2,5,20210215,092000,2.5,2.5,2.5,2.5,1100,0
EC2,5,20210215,093000,2.5,2.5,2.5,2.5,10,0
EC2,5,20210215,094000,2.44,2.44,2.42,2.42,2107,0
EC2,5,20210215,094500,2.5,2.5,2.5,2.5,600,0
EC2,5,20210215,095000,2.42,2.42,2.36,2.36,960,0
EC2,5,20210215,095500,2.46,2.5,2.4,2.5,2400,0
EC2,5,20210215,100500,2.42,2.5,2.4,2.5,2590,0
EC2,5,20210215,101000,2.4,2.4,2.4,2.4,1850,0
EC2,5,20210215,101500,2.5,2.5,2.4,2.4,8150,0
EC2,5,20210215,102000,2.46,2.6,2.44,2.6,3150,0
EC2,5,20210215,103500,2.48,2.5,2.48,2.5,1850,0
EC2,5,20210215,104000,2.5,2.58,2.5,2.58,1200,0
EC2,5,20210215,113000,2.52,2.52,2.52,2.52,1000,0
EC2,5,20210215,113500,2.54,2.58,2.54,2.58,900,0
EC2,5,20210215,114000,2.52,2.52,2.52,2.52,850,0
EC2,5,20210215,114500,2.58,2.58,2.58,2.58,200,0
EC2,5,20210215,144000,2.48,2.48,2.48,2.48,1800,0
EC2,5,20210215,150500,2.52,2.54,2.52,2.54,610,0
EC2,5,20210215,162000,2.52,2.58,2.52,2.58,4979,0
EC2,5,20210215,162500,2.6,2.6,2.6,2.6,2619,0
EC2,5,20210215,163000,2.6,2.6,2.6,2.6,700,0
EC2,5,20210215,164500,2.64,2.7,2.64,2.7,16462,0
EC2,5,20210216,090000,2.7,2.86,2.7,2.86,6671,0
EC2,5,20210216,090500,2.86,2.86,2.86,2.86,460,0
EC2,5,20210216,091000,2.84,2.86,2.84,2.86,3616,0
EC2,5,20210216,091500,2.86,2.86,2.86,2.86,750,0
EC2,5,20210216,092000,2.86,2.86,2.86,2.86,605,0
EC2,5,20210216,092500,2.86,2.86,2.8,2.8,1409,0
EC2,5,20210216,093000,2.84,2.84,2.84,2.84,200,0
EC2,5,20210216,093500,2.82,2.84,2.82,2.84,310,0
EC2,5,20210216,094000,2.8,2.8,2.7,2.74,8779,0
EC2,5,20210216,095500,2.84,2.94,2.84,2.94,2304,0
EC2,5,20210216,101000,2.94,3.24,2.94,3.24,16372,0
EC2,5,20210216,102500,3.24,3.24,3.24,3.24,4195,0
EC2,5,20210216,103000,3.24,3.24,3.24,3.24,2000,0
EC2,5,20210216,105000,3.3,3.46,3.3,3.4,5641,0
EC2,5,20210216,105500,3.4,3.4,3,3,6665,0
EC2,5,20210216,110000,3.4,3.4,3.4,3.4,200,0
EC2,5,20210216,111000,3.36,3.36,3.36,3.36,1262,0
EC2,5,20210216,111500,3.04,3.32,3.02,3.32,4550,0
EC2,5,20210216,112500,3.08,3.08,3.08,3.08,1000,0
EC2,5,20210216,113000,3.08,3.26,3,3.26,1517,0
EC2,5,20210216,113500,3.26,3.26,3.26,3.26,250,0
EC2,5,20210216,114500,3.2,3.2,3.2,3.2,38,0
EC2,5,20210216,115500,3.1,3.1,3.1,3.1,343,0
EC2,5,20210216,120000,3.2,3.2,3.2,3.2,1359,0
EC2,5,20210216,120500,3.2,3.2,3.2,3.2,3,0
EC2,5,20210216,121000,3.26,3.28,3.26,3.28,705,0
EC2,5,20210216,121500,3.14,3.14,3.1,3.1,4127,0
EC2,5,20210216,122000,3.1,3.12,3.1,3.12,100,0
EC2,5,20210216,122500,3.12,3.12,3.12,3.12,1060,0
EC2,5,20210216,124000,3.08,3.12,3.04,3.06,1388,0
EC2,5,20210216,124500,3.04,3.04,3.04,3.04,38,0
EC2,5,20210216,125500,3.04,3.04,3,3,2373,0
EC2,5,20210216,130000,3.04,3.12,2.86,3.12,2423,0
EC2,5,20210216,131500,3.08,3.08,3.08,3.08,134,0
EC2,5,20210216,132500,3.08,3.08,3.08,3.08,226,0
EC2,5,20210216,133000,3.1,3.1,3.1,3.1,1200,0
EC2,5,20210216,133500,3.08,3.08,3.08,3.08,400,0
EC2,5,20210216,135000,3.08,3.08,3.08,3.08,500,0
EC2,5,20210216,135500,3.1,3.1,3.1,3.1,200,0
EC2,5,20210216,141000,3.12,3.12,3.12,3.12,395,0
EC2,5,20210216,141500,3.12,3.12,3.12,3.12,3340,0
EC2,5,20210216,142000,3.12,3.16,3.12,3.16,5513,0
EC2,5,20210216,142500,3.22,3.22,3.14,3.14,2050,0
EC2,5,20210216,143000,3.16,3.16,3.16,3.16,500,0
EC2,5,20210216,143500,3.16,3.16,3.16,3.16,47,0
EC2,5,20210216,144000,3.18,3.18,3.18,3.18,817,0
EC2,5,20210216,144500,3.2,3.2,3.2,3.2,320,0
EC2,5,20210216,145000,3.2,3.28,3.2,3.26,5081,0
EC2,5,20210216,145500,3.26,3.28,3.26,3.26,2730,0
EC2,5,20210216,150000,3.2,3.24,3.2,3.24,3292,0
EC2,5,20210216,150500,3.24,3.28,3.2,3.28,3762,0
EC2,5,20210216,151000,3.28,3.28,3.28,3.28,330,0
EC2,5,20210216,151500,3.28,3.3,3.2,3.2,2984,0
EC2,5,20210216,152000,3.16,3.16,3.1,3.1,5507,0
EC2,5,20210216,152500,3.2,3.2,3.2,3.2,200,0
EC2,5,20210216,153000,3.2,3.2,3.2,3.2,400,0
EC2,5,20210216,154500,3.16,3.18,3.1,3.1,1506,0
EC2,5,20210216,155000,3.1,3.1,3.04,3.04,936,0
EC2,5,20210216,155500,3.04,3.04,2.74,3,9936,0
EC2,5,20210216,160000,2.82,3.1,2.82,3.1,1910,0
EC2,5,20210216,160500,2.82,2.82,2.82,2.82,1000,0
EC2,5,20210216,161000,2.92,3.18,2.92,3.18,5116,0
EC2,5,20210216,162000,3.18,3.2,3.1,3.16,31410,0
EC2,5,20210216,163500,3.12,3.12,3.12,3.12,386,0
EC2,5,20210216,164000,3.12,3.2,3.12,3.2,3913,0
EC2,5,20210217,090000,3.18,3.2,3.18,3.2,1976,0
EC2,5,20210217,091500,3.2,3.2,3.2,3.2,311,0
EC2,5,20210217,092000,3.2,3.2,3.2,3.2,933,0
EC2,5,20210217,092500,3.1,3.1,3.1,3.1,321,0
EC2,5,20210217,093500,3.1,3.1,3.1,3.1,679,0
EC2,5,20210217,094500,3.2,3.2,3.2,3.2,2,0
EC2,5,20210217,095000,3.2,3.2,3.2,3.2,1042,0
EC2,5,20210217,100000,3.14,3.2,3.14,3.2,201,0
EC2,5,20210217,101500,3.2,3.2,3.14,3.14,514,0
EC2,5,20210217,102000,3.2,3.24,3.2,3.24,381,0
EC2,5,20210217,103000,3.2,3.22,3.18,3.22,300,0
EC2,5,20210217,103500,3.22,3.22,3.16,3.16,1700,0
EC2,5,20210217,104500,3.24,3.24,3.24,3.24,3,0
EC2,5,20210217,110500,3.2,3.2,3.2,3.2,183,0
EC2,5,20210217,112000,3.2,3.24,3.2,3.24,137,0
EC2,5,20210217,113000,3.16,3.16,3.16,3.16,25,0
EC2,5,20210217,113500,3.16,3.22,3.16,3.22,100,0
EC2,5,20210217,120000,3.22,3.22,3.22,3.22,200,0
EC2,5,20210217,125500,3.2,3.2,3.2,3.2,594,0
EC2,5,20210217,141000,3.14,3.14,3.1,3.1,320,0
EC2,5,20210217,141500,3.2,3.2,3.2,3.2,200,0
EC2,5,20210217,142500,3.1,3.1,3.1,3.1,5427,0
EC2,5,20210217,144500,3.06,3.06,3.06,3.06,660,0
EC2,5,20210217,145000,3.02,3.2,3.02,3.2,3226,0
EC2,5,20210217,150500,3.06,3.06,3.06,3.06,400,0
EC2,5,20210217,151500,3.14,3.14,3.14,3.14,3,0
EC2,5,20210217,163000,3.1,3.1,3.1,3.1,120,0
EC2,5,20210218,090000,3.1,3.1,3.1,3.1,332,0
EC2,5,20210218,090500,3.02,3.02,3.02,3.02,202,0
EC2,5,20210218,091000,3.1,3.1,3.1,3.1,3,0
EC2,5,20210218,091500,3.02,3.02,3.02,3.02,858,0
EC2,5,20210218,092000,3.02,3.02,3,3,1000,0
EC2,5,20210218,092500,3,3,3,3,1665,0
EC2,5,20210218,093500,3.08,3.24,3.08,3.24,2986,0
EC2,5,20210218,094000,3.12,3.12,3.12,3.12,320,0
EC2,5,20210218,102000,3.2,3.2,3.2,3.2,370,0
EC2,5,20210218,104500,3.24,3.24,3.24,3.24,4,0
EC2,5,20210218,110500,3.12,3.12,3.1,3.1,2350,0
EC2,5,20210218,115000,3.08,3.08,3.08,3.08,381,0
EC2,5,20210218,123500,3.08,3.08,3.06,3.06,1000,0
EC2,5,20210218,132000,3.06,3.06,3.06,3.06,2452,0
EC2,5,20210218,135500,3.1,3.1,3.1,3.1,27,0
EC2,5,20210218,140500,3.04,3.04,3.02,3.02,1834,0
EC2,5,20210218,142500,3.1,3.1,3.1,3.1,471,0
EC2,5,20210218,162500,3.1,3.1,3.1,3.1,292,0
EC2,5,20210219,092500,3.1,3.1,3.1,3.1,100,0
EC2,5,20210219,100000,3.02,3.02,3.02,3.02,366,0
EC2,5,20210219,100500,3,3,2.9,2.9,9474,0
EC2,5,20210219,101000,2.96,3.1,2.96,3.1,994,0
EC2,5,20210219,102000,2.98,2.98,2.98,2.98,700,0
EC2,5,20210219,102500,3.08,3.1,3.08,3.1,510,0
EC2,5,20210219,104500,3.06,3.06,3.06,3.06,190,0
EC2,5,20210219,110000,3.06,3.08,3.06,3.08,250,0
EC2,5,20210219,111000,3.1,3.3,3.1,3.22,5256,0
EC2,5,20210219,111500,3.24,3.28,3.2,3.28,5865,0
EC2,5,20210219,121500,3.12,3.26,3.12,3.26,4250,0
EC2,5,20210219,123500,3.14,3.14,3.14,3.14,650,0
EC2,5,20210219,130500,3.1,3.1,3.1,3.1,1160,0
EC2,5,20210219,141000,3.14,3.14,3.14,3.14,40,0
EC2,5,20210219,143500,3.08,3.08,3.08,3.08,500,0
EC2,5,20210219,153500,3.08,3.08,3.08,3.08,324,0
EC2,5,20210219,164500,3.08,3.1,3.04,3.04,2240,0
EC2,5,20210222,090000,3,3,3,3,1210,0
EC2,5,20210222,090500,3.14,3.14,3.14,3.14,5,0
EC2,5,20210222,091500,2.98,2.98,2.98,2.98,500,0
EC2,5,20210222,092000,3.04,3.04,3.04,3.04,500,0
EC2,5,20210222,092500,3,3,2.98,2.98,340,0
EC2,5,20210222,094000,2.98,2.98,2.98,2.98,1210,0
EC2,5,20210222,101000,2.98,3,2.98,3,200,0
EC2,5,20210222,102500,2.9,2.9,2.9,2.9,775,0
EC2,5,20210222,103000,2.9,2.96,2.8,2.8,6000,0
EC2,5,20210222,103500,2.9,2.96,2.9,2.96,1400,0
EC2,5,20210222,104500,2.84,2.84,2.84,2.84,2020,0
EC2,5,20210222,105500,2.88,2.88,2.88,2.88,500,0
EC2,5,20210222,110500,2.84,2.88,2.82,2.88,1030,0
EC2,5,20210222,111000,2.9,2.96,2.9,2.96,1300,0
EC2,5,20210222,120000,2.9,2.9,2.9,2.9,500,0
EC2,5,20210222,122000,2.9,2.9,2.9,2.9,1,0
EC2,5,20210222,130000,2.94,2.94,2.94,2.94,10,0
EC2,5,20210222,131500,2.94,2.94,2.94,2.94,1016,0
EC2,5,20210222,132000,2.94,2.96,2.94,2.96,300,0
EC2,5,20210222,134000,2.94,2.94,2.94,2.94,200,0
EC2,5,20210222,153500,2.86,2.86,2.86,2.86,744,0
EC2,5,20210222,154500,2.9,2.92,2.9,2.92,800,0
EC2,5,20210222,155000,2.92,2.96,2.92,2.96,1700,0
EC2,5,20210223,090000,2.94,2.94,2.86,2.86,727,0
EC2,5,20210223,090500,2.94,2.94,2.94,2.94,5,0
EC2,5,20210223,092000,2.94,3,2.94,3,1085,0
EC2,5,20210223,114500,2.86,2.86,2.74,2.74,3046,0
EC2,5,20210223,115000,2.78,2.78,2.78,2.78,770,0
EC2,5,20210223,115500,2.88,2.9,2.84,2.9,1700,0
EC2,5,20210223,122000,2.76,2.76,2.74,2.74,1119,0
EC2,5,20210223,122500,2.88,2.9,2.86,2.9,1800,0
EC2,5,20210223,132500,2.88,2.9,2.88,2.9,1382,0
EC2,5,20210223,134500,2.78,2.78,2.76,2.76,16110,0
EC2,5,20210223,140000,2.84,2.98,2.84,2.98,2600,0
EC2,5,20210223,141000,2.8,2.8,2.8,2.8,500,0
EC2,5,20210223,143500,2.84,2.98,2.84,2.98,1000,0
EC2,5,20210223,151500,2.78,2.78,2.76,2.76,3570,0
EC2,5,20210223,152000,2.82,2.98,2.82,2.98,800,0
EC2,5,20210223,162000,2.88,2.88,2.88,2.88,500,0
EC2,5,20210223,162500,2.9,2.98,2.9,2.98,6111,0
EC2,5,20210223,164000,2.86,2.86,2.86,2.86,500,0
EC2,5,20210223,164500,2.96,2.96,2.96,2.96,500,0
EC2,5,20210224,090000,2.96,3,2.96,3,833,0
EC2,5,20210224,094000,2.92,2.92,2.92,2.92,720,0
EC2,5,20210224,094500,2.96,2.96,2.96,2.96,1500,0
EC2,5,20210224,123000,2.94,2.94,2.94,2.94,6,0
EC2,5,20210224,135500,2.94,2.94,2.94,2.94,249,0
EC2,5,20210224,140000,2.9,2.9,2.88,2.88,3500,0
EC2,5,20210224,142000,2.9,2.9,2.9,2.9,500,0
EC2,5,20210224,150000,2.9,2.9,2.9,2.9,500,0
EC2,5,20210224,150500,2.9,2.98,2.9,2.98,750,0
EC2,5,20210224,152500,2.88,2.88,2.88,2.88,1,0
EC2,5,20210224,162500,2.98,2.98,2.98,2.98,100,0
EC2,5,20210224,165500,2.98,2.98,2.98,2.98,500,0
EC2,5,20210225,090000,2.88,2.88,2.88,2.88,594,0
EC2,5,20210225,091000,2.84,2.84,2.84,2.84,510,0
EC2,5,20210225,091500,2.96,2.96,2.96,2.96,10,0
EC2,5,20210225,092000,2.96,2.96,2.96,2.96,1129,0
EC2,5,20210225,105000,2.88,2.88,2.88,2.88,403,0
EC2,5,20210225,110000,2.94,2.94,2.94,2.94,200,0
EC2,5,20210225,113500,2.94,2.96,2.94,2.96,500,0
EC2,5,20210226,105500,2.94,2.94,2.94,2.94,100,0
EC2,5,20210226,154000,2.84,2.84,2.84,2.84,1374,0
EC2,5,20210226,164500,2.9,2.9,2.9,2.9,5,0
EC2,5,20210301,103500,2.9,2.9,2.9,2.9,300,0
EC2,5,20210301,120500,2.9,2.94,2.9,2.94,985,0
EC2,5,20210301,121500,2.94,2.96,2.94,2.96,700,0
EC2,5,20210301,122000,2.9,2.96,2.9,2.96,1010,0
EC2,5,20210301,125000,2.9,2.9,2.9,2.9,2000,0
EC2,5,20210301,130000,2.96,2.96,2.96,2.96,500,0
EC2,5,20210301,140000,2.94,2.96,2.94,2.96,4544,0
EC2,5,20210301,143500,2.9,2.9,2.9,2.9,750,0
EC2,5,20210301,152000,2.96,2.98,2.96,2.98,300,0
EC2,5,20210302,094500,2.94,2.94,2.94,2.94,550,0
EC2,5,20210302,095000,2.86,2.86,2.72,2.72,4643,0
EC2,5,20210302,095500,2.88,2.88,2.84,2.84,806,0
EC2,5,20210302,120500,2.88,2.88,2.88,2.88,10,0
EC2,5,20210302,121500,2.84,2.84,2.84,2.84,294,0
EC2,5,20210302,123000,2.76,2.76,2.76,2.76,500,0
EC2,5,20210302,123500,2.84,2.88,2.84,2.88,400,0
EC2,5,20210302,131000,2.88,2.88,2.88,2.88,2400,0
EC2,5,20210302,132500,2.88,2.9,2.88,2.9,3056,0
EC2,5,20210302,140000,2.9,2.9,2.9,2.9,650,0
EC2,5,20210303,091000,2.78,2.88,2.78,2.88,4500,0
EC2,5,20210303,091500,2.76,2.86,2.76,2.86,467,0
EC2,5,20210304,094500,2.74,2.74,2.74,2.74,345,0
EC2,5,20210304,095000,2.74,2.74,2.74,2.74,500,0
EC2,5,20210304,095500,2.8,2.8,2.8,2.8,500,0
EC2,5,20210304,113500,2.74,2.74,2.62,2.62,2680,0
EC2,5,20210304,115000,2.76,2.8,2.76,2.8,1800,0
EC2,5,20210304,150000,2.74,2.76,2.74,2.76,500,0
EC2,5,20210304,154000,2.76,2.76,2.76,2.76,874,0
EC2,5,20210304,162500,2.78,2.8,2.78,2.8,600,0
EC2,5,20210304,163500,2.68,2.68,2.66,2.66,2600,0
EC2,5,20210304,164500,2.72,2.8,2.72,2.8,908,0
EC2,5,20210305,094500,2.66,2.66,2.66,2.66,800,0
EC2,5,20210305,101500,2.7,2.7,2.7,2.7,501,0
EC2,5,20210305,110000,2.7,2.7,2.7,2.7,800,0
EC2,5,20210305,115000,2.64,2.64,2.64,2.64,800,0
EC2,5,20210305,120000,2.72,2.8,2.72,2.8,1400,0
EC2,5,20210305,121500,2.66,2.66,2.66,2.66,200,0
EC2,5,20210305,123500,2.76,2.76,2.76,2.76,500,0
EC2,5,20210305,164000,2.7,2.8,2.7,2.8,900,0
EC2,5,20210308,111000,2.64,2.8,2.64,2.8,1360,0
EC2,5,20210308,130000,2.68,2.68,2.68,2.68,1,0
EC2,5,20210308,131000,2.8,2.8,2.8,2.8,10,0
EC2,5,20210308,151500,2.7,2.7,2.64,2.64,3839,0
EC2,5,20210308,152000,2.6,2.78,2.6,2.78,2138,0
EC2,5,20210308,152500,2.7,2.7,2.68,2.68,4117,0
EC2,5,20210308,153000,2.66,2.66,2.56,2.56,1136,0
EC2,5,20210308,153500,2.6,2.6,2.58,2.6,1400,0
EC2,5,20210308,154000,2.62,2.66,2.58,2.66,1130,0
EC2,5,20210308,155000,2.72,2.8,2.72,2.8,1300,0
EC2,5,20210309,104500,2.78,2.96,2.78,2.96,8000,0
EC2,5,20210309,105500,2.8,2.8,2.8,2.8,3000,0
EC2,5,20210309,110500,2.88,2.94,2.88,2.94,800,0
EC2,5,20210309,114000,2.86,2.86,2.86,2.86,1000,0
EC2,5,20210309,114500,2.84,2.84,2.82,2.82,1000,0
EC2,5,20210309,115000,2.92,2.94,2.92,2.94,1100,0
EC2,5,20210309,163500,2.92,2.92,2.92,2.92,750,0
EC2,5,20210310,091000,2.94,2.94,2.94,2.94,5,0
EC2,5,20210310,123500,2.82,2.94,2.82,2.94,805,0
EC2,5,20210311,102500,2.76,2.76,2.74,2.74,623,0
EC2,5,20210311,104500,2.7,2.7,2.56,2.56,4000,0
EC2,5,20210311,105000,2.58,2.58,2.54,2.54,2000,0
EC2,5,20210311,105500,2.58,2.7,2.5,2.64,8700,0
EC2,5,20210311,110000,2.68,2.7,2.52,2.7,4420,0
EC2,5,20210311,111500,2.56,2.7,2.56,2.7,1100,0
EC2,5,20210311,112000,2.7,2.9,2.7,2.9,5500,0
EC2,5,20210311,112500,2.82,2.96,2.8,2.96,2250,0
EC2,5,20210311,114500,2.78,2.78,2.78,2.78,500,0
EC2,5,20210311,120500,2.84,2.88,2.84,2.88,1000,0
EC2,5,20210311,121000,2.86,2.94,2.86,2.94,3000,0
EC2,5,20210311,124500,2.88,2.88,2.88,2.88,241,0
EC2,5,20210311,130500,2.84,2.84,2.84,2.84,800,0
EC2,5,20210311,164000,2.82,2.84,2.82,2.84,581,0
EC2,5,20210312,090000,2.84,2.84,2.84,2.84,562,0
EC2,5,20210312,090500,2.84,2.84,2.84,2.84,1000,0
EC2,5,20210312,094000,2.84,2.9,2.84,2.9,2226,0
EC2,5,20210312,094500,2.92,2.92,2.9,2.9,382,0
EC2,5,20210312,095000,2.9,2.9,2.9,2.9,42,0
EC2,5,20210312,100500,2.94,2.94,2.94,2.94,2000,0
EC2,5,20210312,104000,2.94,3,2.94,3,11990,0
EC2,5,20210312,104500,3.08,3.1,3.06,3.06,8974,0
EC2,5,20210312,105000,3.12,3.16,3.12,3.14,9735,0
EC2,5,20210312,110000,3.1,3.1,3.1,3.1,256,0
EC2,5,20210312,110500,3.1,3.14,3.1,3.14,644,0
EC2,5,20210312,115000,3.12,3.12,3.12,3.12,500,0
EC2,5,20210312,120000,3.08,3.08,3.08,3.08,323,0
EC2,5,20210312,123500,3.08,3.08,3.08,3.08,152,0
EC2,5,20210312,125500,3.08,3.08,3.08,3.08,207,0
EC2,5,20210312,130000,3.12,3.12,3.12,3.12,406,0
EC2,5,20210312,130500,3.06,3.06,3.06,3.06,4694,0
EC2,5,20210312,131000,3.14,3.16,3.14,3.16,600,0
EC2,5,20210312,132500,3.1,3.1,3.1,3.1,700,0
EC2,5,20210312,134000,3.04,3.12,3.04,3.12,3100,0
EC2,5,20210312,142500,3.08,3.08,3.04,3.04,1577,0
EC2,5,20210312,150000,3.08,3.08,3.08,3.08,66,0
EC2,5,20210312,154500,3.1,3.1,3.1,3.1,1238,0
EC2,5,20210312,155000,3.1,3.1,3.1,3.1,1713,0
EC2,5,20210312,155500,3.12,3.12,3.02,3.02,2000,0
EC2,5,20210312,160000,3.02,3.14,3.02,3.02,2680,0
EC2,5,20210312,160500,3.02,3.12,3.02,3.08,21400,0
EC2,5,20210312,162500,3.08,3.1,3.08,3.08,2729,0
EC2,5,20210312,164000,3.08,3.1,3.08,3.1,4553,0
EC2,5,20210312,164500,3.1,3.1,3.1,3.1,650,0
EC2,5,20210315,090000,3.16,3.16,3.02,3.02,3350,0
EC2,5,20210315,090500,3.16,3.16,3.16,3.16,162,0
EC2,5,20210315,091500,3.16,3.16,3.16,3.16,285,0
EC2,5,20210315,092000,3.16,3.18,3.16,3.18,3063,0
EC2,5,20210315,093500,3.14,3.14,3.12,3.12,860,0
EC2,5,20210315,094000,3.2,3.2,3.2,3.2,100,0
EC2,5,20210315,103500,3.18,3.18,3.18,3.18,300,0
EC2,5,20210315,115000,3.1,3.1,3.1,3.1,224,0
EC2,5,20210315,115500,3.1,3.16,3.1,3.16,200,0
EC2,5,20210315,130000,3.12,3.16,3.12,3.16,1500,0
EC2,5,20210315,135500,3.1,3.1,3.1,3.1,400,0
EC2,5,20210315,143000,3.06,3.06,3.06,3.06,11954,0
EC2,5,20210315,153500,3.06,3.06,3.06,3.06,1500,0
EC2,5,20210315,161000,3.12,3.14,3.08,3.14,5000,0
EC2,5,20210315,164500,3.16,3.16,3.16,3.16,100,0
EC2,5,20210316,102000,3.18,3.18,3.18,3.18,6,0
EC2,5,20210316,103000,3.08,3.08,3.02,3.02,6200,0
EC2,5,20210316,110000,3.16,3.16,3.16,3.16,200,0
EC2,5,20210316,115500,3.02,3.16,2.84,2.84,1702,0
EC2,5,20210316,120500,3.08,3.16,3.08,3.16,750,0
EC2,5,20210316,141000,3,3,2.96,2.96,710,0
EC2,5,20210316,142500,3,3,2.96,2.96,1000,0
EC2,5,20210316,143500,3.08,3.08,3.08,3.08,200,0
EC2,5,20210316,154500,2.96,3.06,2.96,3.06,785,0
EC2,5,20210316,163000,3.02,3.12,3.02,3.12,1400,0
EC2,5,20210317,095500,3,3,3,3,1500,0
EC2,5,20210317,102000,3,3,3,3,500,0
EC2,5,20210317,105500,3.04,3.12,3.04,3.12,500,0
EC2,5,20210317,110000,2.98,2.98,2.98,2.98,250,0
EC2,5,20210317,112000,3.1,3.1,3.1,3.1,100,0
EC2,5,20210317,130500,2.98,2.98,2.98,2.98,700,0
EC2,5,20210317,142500,2.98,2.98,2.98,2.98,1246,0
EC2,5,20210317,143500,3.02,3.02,3.02,3.02,100,0
EC2,5,20210318,090000,3.02,3.02,3.02,3.02,15,0
EC2,5,20210318,092500,2.9,2.9,2.9,2.9,1700,0
EC2,5,20210318,095000,2.98,3.16,2.98,3.16,1600,0
EC2,5,20210318,100000,3.02,3.02,3.02,3.02,3000,0
EC2,5,20210318,104500,3,3,3,3,500,0
EC2,5,20210318,134500,2.98,2.98,2.98,2.98,5000,0
EC2,5,20210318,135000,2.98,2.98,2.92,2.92,500,0
EC2,5,20210318,141000,3.04,3.04,3.04,3.04,300,0
EC2,5,20210318,161000,3.04,3.12,3.04,3.12,1700,0
EC2,5,20210319,111500,3.1,3.1,3.1,3.1,100,0
EC2,5,20210319,112000,3,3,3,3,700,0
EC2,5,20210319,123000,3.08,3.08,3.08,3.08,400,0
EC2,5,20210319,130500,2.96,2.96,2.96,2.96,700,0
EC2,5,20210319,132000,3.04,3.1,3.04,3.1,705,0
EC2,5,20210319,135000,3,3,3,3,1700,0
EC2,5,20210319,152500,2.98,2.98,2.98,2.98,3000,0
EC2,5,20210319,153000,3.08,3.08,3.08,3.08,200,0
EC2,5,20210322,094500,3.08,3.08,3.08,3.08,800,0
EC2,5,20210322,100500,3.1,3.1,3.1,3.1,5,0
EC2,5,20210322,101000,3.1,3.1,3.1,3.1,323,0
EC2,5,20210322,104500,3,3,3,3,950,0
EC2,5,20210322,105000,3.1,3.1,3.1,3.1,10,0
EC2,5,20210322,154000,3.06,3.06,3.06,3.06,460,0
EC2,5,20210322,160000,3.08,3.1,3.08,3.1,800,0
EC2,5,20210322,163000,3.1,3.1,3.1,3.1,150,0
EC2,5,20210323,092000,2.96,2.96,2.96,2.96,218,0
EC2,5,20210323,093500,3.06,3.06,3.06,3.06,100,0
EC2,5,20210323,103500,2.96,3.06,2.96,3.06,163,0
EC2,5,20210323,131500,2.96,3.06,2.96,3.06,1217,0
EC2,5,20210325,090000,2.94,3.06,2.94,3.06,260,0
EC2,5,20210325,100500,2.94,2.94,2.94,2.94,250,0
EC2,5,20210325,101000,3.04,3.04,3.04,3.04,40,0
EC2,5,20210325,105500,2.92,2.92,2.92,2.92,700,0
EC2,5,20210325,122000,2.98,3.04,2.98,3.04,800,0
EC2,5,20210326,115000,3.02,3.16,3.02,3.16,1100,0
EC2,5,20210326,134000,3.1,3.1,3.1,3.1,300,0
EC2,5,20210326,160500,3,3.12,3,3.12,3523,0
