<TICKER>,<PER>,<DATE>,<TIME>,<OPEN>,<HIGH>,<LOW>,<CLOSE>,<VOL>,<OPENINT>
ECK,5,20210204,090000,0.72,0.72,0.72,0.72,1575,0
ECK,5,20210204,100500,0.72,0.72,0.72,0.72,1000,0
ECK,5,20210204,112500,0.72,0.72,0.7,0.7,7925,0
ECK,5,20210204,162500,0.7,0.7,0.7,0.7,1000,0
ECK,5,20210205,144500,0.67,0.67,0.67,0.67,500,0
ECK,5,20210205,162000,0.72,0.72,0.67,0.67,2100,0
ECK,5,20210205,162500,0.67,0.67,0.67,0.67,3000,0
ECK,5,20210205,163000,0.66,0.66,0.66,0.66,5075,0
ECK,5,20210208,103500,0.68,0.68,0.68,0.68,2000,0
ECK,5,20210208,111000,0.68,0.68,0.68,0.68,500,0
ECK,5,20210208,112000,0.68,0.68,0.68,0.68,107,0
ECK,5,20210208,151500,0.68,0.68,0.68,0.68,111,0
ECK,5,20210209,090000,0.68,0.68,0.68,0.68,2416,0
ECK,5,20210210,144500,0.68,0.68,0.68,0.68,4000,0
ECK,5,20210210,154000,0.71,0.71,0.71,0.71,2000,0
ECK,5,20210211,092000,0.71,0.73,0.71,0.73,770,0
ECK,5,20210211,140000,0.73,0.73,0.73,0.73,1500,0
ECK,5,20210211,164000,0.72,0.73,0.72,0.73,5700,0
ECK,5,20210212,091500,0.73,0.73,0.73,0.73,3300,0
ECK,5,20210212,111500,0.75,0.75,0.75,0.75,200,0
ECK,5,20210212,144000,0.75,0.75,0.75,0.75,1349,0
ECK,5,20210212,164500,0.73,0.73,0.71,0.71,1160,0
ECK,5,20210215,090000,0.76,0.76,0.76,0.76,3304,0
ECK,5,20210215,123500,0.75,0.75,0.75,0.75,1500,0
ECK,5,20210215,124000,0.76,0.8,0.76,0.8,8147,0
ECK,5,20210215,124500,0.85,0.89,0.85,0.89,22200,0
ECK,5,20210215,125000,0.89,0.89,0.89,0.89,18274,0
ECK,5,20210215,125500,0.85,0.89,0.81,0.89,9000,0
ECK,5,20210215,130500,0.89,0.89,0.89,0.89,245,0
ECK,5,20210215,131000,0.89,0.89,0.89,0.89,2000,0
ECK,5,20210215,134000,0.89,0.89,0.89,0.89,2000,0
ECK,5,20210215,141000,0.89,0.89,0.89,0.89,25400,0
ECK,5,20210215,141500,0.89,0.89,0.89,0.89,3899,0
ECK,5,20210215,142000,0.89,0.89,0.89,0.89,1200,0
ECK,5,20210215,143000,0.89,0.89,0.89,0.89,2739,0
ECK,5,20210215,144000,0.89,0.89,0.89,0.89,2899,0
ECK,5,20210215,151000,0.855,0.89,0.85,0.89,7238,0
ECK,5,20210215,154500,0.85,0.85,0.85,0.85,2000,0
ECK,5,20210215,161000,0.85,0.85,0.85,0.85,3000,0
ECK,5,20210215,164000,0.895,0.895,0.895,0.895,2297,0
ECK,5,20210215,164500,0.895,0.95,0.895,0.95,14825,0
ECK,5,20210216,090000,0.95,0.95,0.9,0.9,6825,0
ECK,5,20210216,092500,0.86,0.86,0.86,0.86,1349,0
ECK,5,20210216,093000,0.91,0.91,0.91,0.91,11,0
ECK,5,20210216,094500,0.86,0.86,0.86,0.86,3000,0
ECK,5,20210216,095000,0.85,0.9,0.78,0.9,7133,0
ECK,5,20210216,095500,0.88,0.88,0.88,0.88,2000,0
ECK,5,20210216,135000,0.88,0.88,0.88,0.88,1650,0
ECK,5,20210216,140000,0.84,0.88,0.82,0.88,11011,0
ECK,5,20210216,155500,0.84,0.84,0.84,0.84,400,0
ECK,5,20210216,161000,0.84,0.9,0.84,0.9,2500,0
ECK,5,20210217,092000,0.85,0.85,0.85,0.85,2000,0
ECK,5,20210217,092500,0.85,0.85,0.85,0.85,230,0
ECK,5,20210217,093000,0.83,0.83,0.83,0.83,670,0
ECK,5,20210217,101500,0.83,0.83,0.83,0.83,3000,0
ECK,5,20210217,112000,0.825,0.83,0.825,0.83,1423,0
ECK,5,20210217,114500,0.8,0.8,0.8,0.8,989,0
ECK,5,20210217,115000,0.8,0.8,0.8,0.8,750,0
ECK,5,20210217,124000,0.8,0.8,0.8,0.8,1152,0
ECK,5,20210217,134500,0.83,0.83,0.83,0.83,11,0
ECK,5,20210217,160000,0.83,0.83,0.83,0.83,2000,0
ECK,5,20210217,162500,0.8,0.8,0.77,0.8,17391,0
ECK,5,20210217,163000,0.76,0.76,0.75,0.75,6890,0
ECK,5,20210217,164500,0.77,0.77,0.77,0.77,2000,0
ECK,5,20210218,090000,0.77,0.77,0.77,0.77,1298,0
ECK,5,20210218,094500,0.77,0.77,0.75,0.75,9526,0
ECK,5,20210218,100500,0.75,0.77,0.75,0.77,3000,0
ECK,5,20210218,103000,0.77,0.77,0.77,0.77,1785,0
ECK,5,20210218,121000,0.77,0.77,0.77,0.77,1329,0
ECK,5,20210218,125500,0.77,0.77,0.77,0.77,200,0
ECK,5,20210218,135000,0.77,0.77,0.77,0.77,902,0
ECK,5,20210218,143500,0.77,0.77,0.77,0.77,3000,0
ECK,5,20210218,152000,0.8,0.815,0.8,0.815,5222,0
ECK,5,20210218,153000,0.8,0.83,0.8,0.83,1220,0
ECK,5,20210218,155000,0.83,0.835,0.83,0.835,5110,0
ECK,5,20210218,164000,0.85,0.85,0.85,0.85,3000,0
ECK,5,20210218,164500,0.88,0.88,0.81,0.81,3329,0
ECK,5,20210219,095500,0.88,0.88,0.88,0.88,100,0
ECK,5,20210219,103500,0.88,0.88,0.88,0.88,560,0
ECK,5,20210219,143500,0.84,0.84,0.84,0.84,3000,0
ECK,5,20210219,154500,0.85,0.865,0.85,0.865,6344,0
ECK,5,20210219,155000,0.865,0.865,0.865,0.865,156,0
ECK,5,20210222,090000,0.87,0.87,0.85,0.85,5500,0
ECK,5,20210222,100500,0.87,0.87,0.87,0.87,902,0
ECK,5,20210222,102000,0.875,0.875,0.875,0.875,110,0
ECK,5,20210222,103000,0.88,0.88,0.88,0.88,1520,0
ECK,5,20210222,112000,0.88,0.915,0.88,0.915,2929,0
ECK,5,20210222,123500,0.88,0.88,0.88,0.88,93,0
ECK,5,20210222,135500,0.88,0.88,0.88,0.88,1132,0
ECK,5,20210222,142500,0.88,0.88,0.88,0.88,3402,0
ECK,5,20210222,145500,0.83,0.83,0.83,0.83,2414,0
ECK,5,20210224,102000,0.83,0.83,0.83,0.83,2000,0
ECK,5,20210224,112500,0.83,0.83,0.83,0.83,846,0
ECK,5,20210225,090000,0.83,0.83,0.83,0.83,73,0
ECK,5,20210225,092500,0.83,0.83,0.83,0.83,3291,0
ECK,5,20210225,093500,0.83,0.83,0.83,0.83,3000,0
ECK,5,20210225,150000,0.8,0.8,0.8,0.8,245,0
ECK,5,20210225,162500,0.85,0.85,0.85,0.85,300,0
ECK,5,20210226,090000,0.83,0.83,0.83,0.83,1000,0
ECK,5,20210226,111500,0.8,0.8,0.8,0.8,2755,0
ECK,5,20210226,112000,0.78,0.78,0.77,0.77,5585,0
ECK,5,20210226,112500,0.77,0.77,0.77,0.77,415,0
ECK,5,20210226,122500,0.78,0.78,0.78,0.78,3000,0
ECK,5,20210226,131500,0.8,0.8,0.8,0.8,36,0
ECK,5,20210226,160500,0.77,0.77,0.77,0.77,879,0
ECK,5,20210301,090000,0.75,0.75,0.74,0.74,5769,0
ECK,5,20210301,092000,0.75,0.75,0.75,0.75,889,0
ECK,5,20210301,102500,0.75,0.75,0.75,0.75,1100,0
ECK,5,20210301,115500,0.75,0.75,0.75,0.75,212,0
ECK,5,20210301,164500,0.75,0.75,0.75,0.75,1692,0
ECK,5,20210302,155000,0.75,0.75,0.75,0.75,1,0
ECK,5,20210303,094000,0.75,0.75,0.75,0.75,128,0
ECK,5,20210303,100500,0.74,0.74,0.74,0.74,36,0
ECK,5,20210303,102000,0.74,0.74,0.74,0.74,2190,0
ECK,5,20210303,103500,0.73,0.73,0.73,0.73,810,0
ECK,5,20210304,090000,0.73,0.73,0.73,0.73,1500,0
ECK,5,20210304,100000,0.73,0.73,0.72,0.72,7000,0
ECK,5,20210304,101500,0.74,0.74,0.74,0.74,1248,0
ECK,5,20210304,145500,0.74,0.74,0.74,0.74,3000,0
ECK,5,20210304,160000,0.78,0.78,0.78,0.78,100,0
ECK,5,20210304,160500,0.73,0.73,0.73,0.73,5,0
ECK,5,20210304,161500,0.78,0.79,0.73,0.73,2980,0
ECK,5,20210304,162500,0.77,0.77,0.77,0.77,2645,0
ECK,5,20210304,163000,0.79,0.79,0.79,0.79,800,0
ECK,5,20210304,163500,0.77,0.77,0.77,0.77,250,0
ECK,5,20210304,164500,0.77,0.77,0.77,0.77,3000,0
ECK,5,20210305,135500,0.81,0.815,0.81,0.815,2000,0
ECK,5,20210305,151000,0.815,0.82,0.815,0.82,200,0
ECK,5,20210305,152000,0.82,0.82,0.82,0.82,2957,0
ECK,5,20210308,164500,0.805,0.845,0.805,0.845,497,0
ECK,5,20210309,112000,0.84,0.85,0.84,0.85,2000,0
ECK,5,20210309,120000,0.85,0.85,0.85,0.85,1580,0
ECK,5,20210309,143000,0.85,0.85,0.85,0.85,1176,0
ECK,5,20210309,143500,0.84,0.84,0.84,0.84,3126,0
ECK,5,20210311,123500,0.81,0.81,0.81,0.81,160,0
ECK,5,20210311,160000,0.85,0.85,0.85,0.85,200,0
ECK,5,20210312,112500,0.85,0.88,0.85,0.88,3000,0
ECK,5,20210312,163000,0.88,0.88,0.88,0.88,300,0
ECK,5,20210315,125500,0.88,0.88,0.88,0.88,2200,0
ECK,5,20210315,145000,0.88,0.88,0.88,0.88,621,0
ECK,5,20210315,151000,0.84,0.84,0.84,0.84,3900,0
ECK,5,20210316,090000,0.83,0.83,0.83,0.83,3000,0
ECK,5,20210316,092000,0.83,0.83,0.83,0.83,3000,0
ECK,5,20210316,101000,0.81,0.81,0.81,0.81,1,0
ECK,5,20210316,113500,0.81,0.81,0.74,0.74,4881,0
ECK,5,20210316,164500,0.82,0.82,0.82,0.82,5030,0
ECK,5,20210318,094000,0.825,0.825,0.825,0.825,1400,0
ECK,5,20210318,094500,0.85,0.85,0.85,0.85,3000,0
ECK,5,20210318,101000,0.875,0.875,0.875,0.875,5000,0
ECK,5,20210318,135500,0.85,0.85,0.8,0.8,3001,0
ECK,5,20210318,143500,0.8,0.8,0.8,0.8,350,0
ECK,5,20210318,152000,0.86,0.86,0.86,0.86,3000,0
ECK,5,20210318,155500,0.9,0.9,0.9,0.9,3000,0
ECK,5,20210319,123000,0.85,0.85,0.85,0.85,2000,0
ECK,5,20210319,142500,0.85,0.85,0.85,0.85,3000,0
ECK,5,20210319,153500,0.895,0.9,0.895,0.9,4000,0
ECK,5,20210319,154000,0.9,0.9,0.9,0.9,3600,0
ECK,5,20210319,155000,0.9,0.94,0.9,0.94,300,0
ECK,5,20210319,163000,0.94,0.95,0.94,0.95,10542,0
ECK,5,20210319,163500,0.965,0.965,0.965,0.965,6450,0
ECK,5,20210319,164000,0.965,0.97,0.965,0.97,50720,0
ECK,5,20210319,164500,0.97,0.975,0.93,0.975,5320,0
ECK,5,20210322,090000,0.975,0.975,0.975,0.975,123,0
ECK,5,20210322,090500,0.93,0.93,0.93,0.93,2800,0
ECK,5,20210322,124000,0.93,0.93,0.93,0.93,1298,0
ECK,5,20210322,124500,0.94,0.94,0.94,0.94,1002,0
ECK,5,20210322,164000,0.93,0.94,0.93,0.94,5000,0
ECK,5,20210323,090000,0.95,0.95,0.95,0.95,5500,0
ECK,5,20210323,091500,0.95,0.95,0.95,0.95,560,0
ECK,5,20210323,105000,0.97,0.97,0.97,0.97,722,0
ECK,5,20210323,110000,0.955,0.955,0.955,0.955,1200,0
ECK,5,20210323,121500,0.95,0.95,0.95,0.95,236,0
ECK,5,20210323,125500,0.93,0.93,0.93,0.93,3000,0
ECK,5,20210324,093500,0.93,0.93,0.93,0.93,5240,0
ECK,5,20210324,150000,0.93,0.93,0.93,0.93,20,0
ECK,5,20210324,152500,0.9,0.9,0.9,0.9,3000,0
ECK,5,20210325,111000,0.91,0.91,0.91,0.91,3000,0
ECK,5,20210325,121500,0.91,0.91,0.91,0.91,601,0
ECK,5,20210325,141500,0.91,0.91,0.91,0.91,747,0
ECK,5,20210325,165500,0.91,0.91,0.91,0.91,77,0
ECK,5,20210326,141000,0.91,0.91,0.91,0.91,649,0
ECK,5,20210326,151500,0.91,0.91,0.91,0.91,774,0
