<TICKER>,<PER>,<DATE>,<TIME>,<OPEN>,<HIGH>,<LOW>,<CLOSE>,<VOL>,<OPENINT>
EFE,5,20210204,090500,0.502,0.504,0.502,0.504,600,0
EFE,5,20210204,091000,0.504,0.508,0.504,0.508,10320,0
EFE,5,20210204,091500,0.52,0.52,0.52,0.52,2963,0
EFE,5,20210204,092000,0.53,0.53,0.52,0.52,4173,0
EFE,5,20210204,092500,0.53,0.53,0.53,0.53,2500,0
EFE,5,20210204,094500,0.5,0.5,0.5,0.5,4400,0
EFE,5,20210204,102000,0.5,0.5,0.5,0.5,1,0
EFE,5,20210204,103000,0.5,0.5,0.5,0.5,527,0
EFE,5,20210204,105000,0.5,0.5,0.5,0.5,71,0
EFE,5,20210204,111000,0.493,0.493,0.49,0.49,2500,0
EFE,5,20210204,111500,0.49,0.49,0.49,0.49,1134,0
EFE,5,20210204,121500,0.49,0.49,0.49,0.49,466,0
EFE,5,20210204,122000,0.482,0.482,0.482,0.482,2676,0
EFE,5,20210204,154500,0.482,0.482,0.482,0.482,1000,0
EFE,5,20210204,164500,0.49,0.499,0.49,0.499,1300,0
EFE,5,20210205,091500,0.497,0.497,0.497,0.497,300,0
EFE,5,20210205,093000,0.478,0.478,0.475,0.475,1500,0
EFE,5,20210205,110500,0.497,0.51,0.497,0.51,7600,0
EFE,5,20210205,115500,0.508,0.508,0.508,0.508,400,0
EFE,5,20210205,131500,0.475,0.475,0.475,0.475,4600,0
EFE,5,20210205,145000,0.475,0.475,0.475,0.475,2340,0
EFE,5,20210205,154000,0.499,0.499,0.499,0.499,100,0
EFE,5,20210208,090000,0.499,0.52,0.499,0.52,8000,0
EFE,5,20210208,090500,0.52,0.528,0.49,0.49,17151,0
EFE,5,20210208,091000,0.528,0.528,0.528,0.528,2000,0
EFE,5,20210208,092500,0.512,0.512,0.512,0.512,1,0
EFE,5,20210208,094500,0.52,0.52,0.52,0.52,1000,0
EFE,5,20210208,100500,0.52,0.52,0.512,0.512,19854,0
EFE,5,20210208,101000,0.512,0.52,0.5,0.5,17147,0
EFE,5,20210208,103000,0.518,0.52,0.502,0.502,8701,0
EFE,5,20210208,122000,0.52,0.52,0.52,0.52,10100,0
EFE,5,20210208,124000,0.526,0.526,0.526,0.526,1202,0
EFE,5,20210208,124500,0.528,0.528,0.528,0.528,11787,0
EFE,5,20210208,125000,0.53,0.54,0.53,0.54,5050,0
EFE,5,20210208,132000,0.528,0.528,0.528,0.528,1500,0
EFE,5,20210208,135500,0.538,0.538,0.538,0.538,240,0
EFE,5,20210208,142500,0.526,0.526,0.526,0.526,2100,0
EFE,5,20210208,145500,0.526,0.526,0.526,0.526,698,0
EFE,5,20210208,151000,0.512,0.52,0.51,0.52,4182,0
EFE,5,20210208,151500,0.534,0.534,0.534,0.534,100,0
EFE,5,20210208,152500,0.52,0.52,0.52,0.52,14500,0
EFE,5,20210208,163000,0.52,0.52,0.52,0.52,3700,0
EFE,5,20210208,163500,0.52,0.52,0.52,0.52,3500,0
EFE,5,20210209,090000,0.512,0.512,0.5,0.5,14000,0
EFE,5,20210209,090500,0.528,0.528,0.528,0.528,100,0
EFE,5,20210209,110000,0.524,0.524,0.524,0.524,2000,0
EFE,5,20210209,112000,0.502,0.502,0.502,0.502,500,0
EFE,5,20210209,133000,0.502,0.504,0.5,0.504,7000,0
EFE,5,20210209,141500,0.522,0.522,0.522,0.522,1,0
EFE,5,20210209,153000,0.504,0.504,0.47,0.47,11000,0
EFE,5,20210209,153500,0.518,0.518,0.518,0.518,100,0
EFE,5,20210209,163500,0.484,0.484,0.484,0.484,1072,0
EFE,5,20210209,164500,0.518,0.518,0.518,0.518,200,0
EFE,5,20210210,094000,0.512,0.512,0.512,0.512,100,0
EFE,5,20210210,095000,0.49,0.514,0.49,0.514,9658,0
EFE,5,20210210,131000,0.482,0.482,0.48,0.48,5000,0
EFE,5,20210210,132000,0.514,0.514,0.514,0.514,1,0
EFE,5,20210210,153500,0.491,0.491,0.491,0.491,1000,0
EFE,5,20210210,154000,0.512,0.512,0.512,0.512,1,0
EFE,5,20210210,164500,0.518,0.518,0.518,0.518,3730,0
EFE,5,20210211,094000,0.492,0.514,0.47,0.514,50001,0
EFE,5,20210211,115500,0.514,0.518,0.514,0.518,2000,0
EFE,5,20210211,120000,0.518,0.518,0.518,0.518,3000,0
EFE,5,20210211,125000,0.518,0.52,0.518,0.52,2000,0
EFE,5,20210211,132500,0.52,0.52,0.52,0.52,1000,0
EFE,5,20210211,161000,0.5,0.518,0.5,0.518,2001,0
EFE,5,20210211,164500,0.518,0.518,0.518,0.518,100,0
EFE,5,20210212,090000,0.484,0.534,0.484,0.534,2302,0
EFE,5,20210212,101500,0.518,0.518,0.518,0.518,2000,0
EFE,5,20210212,113500,0.52,0.52,0.52,0.52,9050,0
EFE,5,20210212,121500,0.52,0.52,0.52,0.52,732,0
EFE,5,20210212,123000,0.52,0.52,0.52,0.52,2500,0
EFE,5,20210212,125500,0.52,0.528,0.52,0.528,550,0
EFE,5,20210212,153000,0.526,0.526,0.5,0.5,4100,0
EFE,5,20210212,153500,0.524,0.524,0.524,0.524,100,0
EFE,5,20210215,090000,0.5,0.5,0.5,0.5,2500,0
EFE,5,20210215,090500,0.52,0.52,0.52,0.52,200,0
EFE,5,20210215,091000,0.522,0.522,0.522,0.522,500,0
EFE,5,20210215,092500,0.524,0.524,0.524,0.524,500,0
EFE,5,20210215,094500,0.524,0.56,0.522,0.522,45377,0
EFE,5,20210215,095000,0.562,0.562,0.532,0.532,3400,0
EFE,5,20210215,101000,0.536,0.564,0.53,0.53,14701,0
EFE,5,20210215,101500,0.564,0.564,0.564,0.564,100,0
EFE,5,20210215,102500,0.564,0.564,0.564,0.564,1000,0
EFE,5,20210215,112500,0.554,0.554,0.554,0.554,4641,0
EFE,5,20210215,113500,0.558,0.558,0.558,0.558,2500,0
EFE,5,20210215,123500,0.56,0.56,0.56,0.56,1416,0
EFE,5,20210215,133000,0.54,0.54,0.54,0.54,1000,0
EFE,5,20210215,141500,0.554,0.554,0.554,0.554,2000,0
EFE,5,20210215,144000,0.54,0.54,0.532,0.532,3510,0
EFE,5,20210215,145000,0.532,0.532,0.532,0.532,6072,0
EFE,5,20210215,152000,0.532,0.532,0.53,0.53,1421,0
EFE,5,20210215,153000,0.548,0.548,0.548,0.548,100,0
EFE,5,20210215,164000,0.538,0.538,0.538,0.538,1000,0
EFE,5,20210215,164500,0.538,0.548,0.538,0.548,420,0
EFE,5,20210216,090000,0.548,0.548,0.548,0.548,895,0
EFE,5,20210216,094500,0.556,0.556,0.556,0.556,100,0
EFE,5,20210216,095000,0.548,0.548,0.548,0.548,1064,0
EFE,5,20210216,095500,0.548,0.548,0.548,0.548,1000,0
EFE,5,20210216,103500,0.534,0.534,0.532,0.532,1416,0
EFE,5,20210216,104000,0.548,0.548,0.548,0.548,3736,0
EFE,5,20210216,110000,0.556,0.556,0.556,0.556,100,0
EFE,5,20210216,113500,0.554,0.556,0.554,0.556,4000,0
EFE,5,20210216,122500,0.556,0.556,0.556,0.556,9100,0
EFE,5,20210216,123000,0.558,0.558,0.558,0.558,8250,0
EFE,5,20210216,123500,0.56,0.56,0.56,0.56,80,0
EFE,5,20210216,124000,0.558,0.558,0.558,0.558,935,0
EFE,5,20210216,125000,0.558,0.566,0.558,0.566,17815,0
EFE,5,20210216,132000,0.56,0.56,0.56,0.56,2700,0
EFE,5,20210216,134000,0.56,0.56,0.56,0.56,85,0
EFE,5,20210216,135500,0.566,0.58,0.566,0.58,54638,0
EFE,5,20210216,140000,0.58,0.656,0.58,0.656,241722,0
EFE,5,20210216,141000,0.676,0.678,0.67,0.676,44806,0
EFE,5,20210216,141500,0.676,0.698,0.676,0.692,67347,0
EFE,5,20210216,142000,0.692,0.698,0.67,0.67,32228,0
EFE,5,20210216,142500,0.694,0.696,0.69,0.69,9688,0
EFE,5,20210216,143000,0.69,0.694,0.69,0.69,24188,0
EFE,5,20210216,143500,0.684,0.684,0.64,0.67,33624,0
EFE,5,20210216,144000,0.67,0.678,0.67,0.678,22045,0
EFE,5,20210216,144500,0.684,0.684,0.678,0.678,12290,0
EFE,5,20210216,145000,0.68,0.69,0.67,0.67,15500,0
EFE,5,20210216,145500,0.67,0.67,0.67,0.67,6199,0
EFE,5,20210216,150000,0.68,0.688,0.67,0.67,14356,0
EFE,5,20210216,150500,0.67,0.67,0.66,0.67,7407,0
EFE,5,20210216,151000,0.66,0.66,0.65,0.65,9848,0
EFE,5,20210216,151500,0.654,0.684,0.654,0.684,14066,0
EFE,5,20210216,152500,0.684,0.718,0.684,0.702,106967,0
EFE,5,20210216,153000,0.702,0.718,0.7,0.7,32097,0
EFE,5,20210216,153500,0.7,0.7,0.65,0.688,15276,0
EFE,5,20210216,154000,0.688,0.716,0.688,0.714,47693,0
EFE,5,20210216,154500,0.712,0.714,0.708,0.714,16226,0
EFE,5,20210216,155000,0.714,0.714,0.702,0.702,8989,0
EFE,5,20210216,155500,0.71,0.714,0.702,0.702,29778,0
EFE,5,20210216,160000,0.702,0.708,0.702,0.708,5270,0
EFE,5,20210216,160500,0.708,0.714,0.708,0.71,14751,0
EFE,5,20210216,161000,0.71,0.75,0.71,0.74,142627,0
EFE,5,20210216,161500,0.748,0.78,0.748,0.75,109798,0
EFE,5,20210216,162000,0.768,0.786,0.73,0.786,156978,0
EFE,5,20210216,164500,0.82,0.82,0.82,0.82,210212,0
EFE,5,20210217,090000,0.9,0.9,0.724,0.83,395673,0
EFE,5,20210217,090500,0.818,0.82,0.742,0.75,171698,0
EFE,5,20210217,091000,0.75,0.78,0.75,0.774,84883,0
EFE,5,20210217,091500,0.77,0.77,0.722,0.736,221333,0
EFE,5,20210217,092000,0.736,0.75,0.732,0.732,105510,0
EFE,5,20210217,092500,0.762,0.8,0.748,0.8,189012,0
EFE,5,20210217,093000,0.8,0.84,0.8,0.8,164774,0
EFE,5,20210217,093500,0.786,0.8,0.746,0.788,41368,0
EFE,5,20210217,094000,0.754,0.77,0.752,0.77,12556,0
EFE,5,20210217,094500,0.76,0.77,0.76,0.77,6998,0
EFE,5,20210217,095000,0.77,0.78,0.77,0.78,29566,0
EFE,5,20210217,095500,0.78,0.78,0.75,0.75,10600,0
EFE,5,20210217,100000,0.75,0.766,0.734,0.766,40521,0
EFE,5,20210217,100500,0.76,0.76,0.76,0.76,1000,0
EFE,5,20210217,101000,0.74,0.74,0.734,0.74,4581,0
EFE,5,20210217,101500,0.74,0.74,0.74,0.74,1000,0
EFE,5,20210217,102000,0.74,0.77,0.74,0.77,39168,0
EFE,5,20210217,102500,0.74,0.74,0.732,0.732,8437,0
EFE,5,20210217,103000,0.732,0.756,0.732,0.732,3221,0
EFE,5,20210217,103500,0.734,0.734,0.724,0.724,37334,0
EFE,5,20210217,104000,0.73,0.73,0.72,0.73,11298,0
EFE,5,20210217,104500,0.73,0.73,0.73,0.73,160,0
EFE,5,20210217,105000,0.706,0.73,0.682,0.686,42212,0
EFE,5,20210217,105500,0.686,0.718,0.682,0.692,142492,0
EFE,5,20210217,110000,0.694,0.716,0.694,0.71,8192,0
EFE,5,20210217,110500,0.716,0.72,0.7,0.7,6080,0
EFE,5,20210217,111000,0.698,0.698,0.698,0.698,2178,0
EFE,5,20210217,112500,0.698,0.698,0.698,0.698,2202,0
EFE,5,20210217,113000,0.696,0.7,0.69,0.7,20165,0
EFE,5,20210217,113500,0.716,0.72,0.716,0.72,4791,0
EFE,5,20210217,114000,0.71,0.722,0.7,0.71,28432,0
EFE,5,20210217,114500,0.724,0.724,0.724,0.724,2052,0
EFE,5,20210217,115500,0.724,0.724,0.724,0.724,4000,0
EFE,5,20210217,120000,0.71,0.71,0.71,0.71,5610,0
EFE,5,20210217,120500,0.71,0.718,0.71,0.718,4542,0
EFE,5,20210217,121500,0.706,0.706,0.706,0.706,250,0
EFE,5,20210217,122000,0.706,0.71,0.7,0.71,28284,0
EFE,5,20210217,122500,0.692,0.692,0.692,0.692,7701,0
EFE,5,20210217,124000,0.696,0.696,0.666,0.666,79280,0
EFE,5,20210217,124500,0.672,0.672,0.67,0.67,2000,0
EFE,5,20210217,125000,0.672,0.688,0.668,0.672,51258,0
EFE,5,20210217,130000,0.674,0.69,0.67,0.67,14110,0
EFE,5,20210217,130500,0.67,0.67,0.67,0.67,8371,0
EFE,5,20210217,131000,0.676,0.676,0.676,0.676,1481,0
EFE,5,20210217,131500,0.676,0.68,0.676,0.68,2200,0
EFE,5,20210217,133000,0.68,0.68,0.68,0.68,700,0
EFE,5,20210217,133500,0.672,0.68,0.672,0.68,8500,0
EFE,5,20210217,134000,0.674,0.674,0.674,0.674,147,0
EFE,5,20210217,134500,0.68,0.68,0.68,0.68,5000,0
EFE,5,20210217,135000,0.68,0.68,0.664,0.664,36557,0
EFE,5,20210217,135500,0.666,0.688,0.666,0.688,5253,0
EFE,5,20210217,140500,0.688,0.7,0.688,0.7,14135,0
EFE,5,20210217,141000,0.706,0.708,0.706,0.708,3300,0
EFE,5,20210217,142000,0.708,0.71,0.708,0.71,17643,0
EFE,5,20210217,143500,0.698,0.698,0.66,0.66,140000,0
EFE,5,20210217,144000,0.69,0.69,0.69,0.69,3000,0
EFE,5,20210217,145000,0.67,0.684,0.67,0.684,1300,0
EFE,5,20210217,150000,0.67,0.67,0.67,0.67,1080,0
EFE,5,20210217,151000,0.668,0.668,0.64,0.65,37378,0
EFE,5,20210217,151500,0.66,0.66,0.66,0.66,1000,0
EFE,5,20210217,152000,0.65,0.666,0.65,0.666,2695,0
EFE,5,20210217,153500,0.66,0.66,0.65,0.65,3967,0
EFE,5,20210217,154000,0.644,0.644,0.642,0.642,4645,0
EFE,5,20210217,154500,0.65,0.66,0.642,0.66,5640,0
EFE,5,20210217,155000,0.66,0.66,0.66,0.66,2255,0
EFE,5,20210217,155500,0.65,0.65,0.65,0.65,2000,0
EFE,5,20210217,160000,0.65,0.65,0.65,0.65,7299,0
EFE,5,20210217,160500,0.65,0.65,0.65,0.65,2000,0
EFE,5,20210217,161000,0.656,0.682,0.656,0.682,15072,0
EFE,5,20210217,161500,0.682,0.69,0.682,0.69,13709,0
EFE,5,20210217,162000,0.682,0.682,0.682,0.682,658,0
EFE,5,20210217,162500,0.682,0.682,0.682,0.682,500,0
EFE,5,20210217,163000,0.66,0.66,0.658,0.658,4500,0
EFE,5,20210217,163500,0.656,0.66,0.652,0.66,8810,0
EFE,5,20210217,164000,0.66,0.666,0.66,0.666,7166,0
EFE,5,20210217,164500,0.666,0.68,0.666,0.674,12025,0
EFE,5,20210218,090000,0.676,0.69,0.676,0.69,4067,0
EFE,5,20210218,090500,0.69,0.698,0.69,0.69,10170,0
EFE,5,20210218,091000,0.698,0.698,0.698,0.698,63,0
EFE,5,20210218,091500,0.676,0.676,0.676,0.676,966,0
EFE,5,20210218,092000,0.676,0.676,0.65,0.65,10461,0
EFE,5,20210218,092500,0.65,0.65,0.61,0.64,66627,0
EFE,5,20210218,093000,0.644,0.644,0.644,0.644,700,0
EFE,5,20210218,093500,0.63,0.63,0.614,0.614,11506,0
EFE,5,20210218,094000,0.63,0.642,0.614,0.64,29823,0
EFE,5,20210218,094500,0.624,0.624,0.624,0.624,4040,0
EFE,5,20210218,095000,0.638,0.638,0.63,0.63,5600,0
EFE,5,20210218,095500,0.624,0.626,0.624,0.626,13061,0
EFE,5,20210218,100000,0.628,0.636,0.626,0.636,8550,0
EFE,5,20210218,100500,0.626,0.628,0.624,0.624,20206,0
EFE,5,20210218,101000,0.628,0.64,0.624,0.64,44034,0
EFE,5,20210218,102500,0.63,0.63,0.63,0.63,1222,0
EFE,5,20210218,103000,0.628,0.628,0.62,0.62,39766,0
EFE,5,20210218,103500,0.62,0.62,0.59,0.59,55498,0
EFE,5,20210218,104000,0.618,0.618,0.618,0.618,3256,0
EFE,5,20210218,104500,0.618,0.618,0.618,0.618,740,0
EFE,5,20210218,105000,0.618,0.63,0.618,0.63,16559,0
EFE,5,20210218,105500,0.622,0.638,0.62,0.636,8111,0
EFE,5,20210218,110000,0.636,0.636,0.636,0.636,755,0
EFE,5,20210218,110500,0.638,0.638,0.638,0.638,3212,0
EFE,5,20210218,111000,0.636,0.638,0.636,0.638,5600,0
EFE,5,20210218,111500,0.64,0.64,0.624,0.624,5803,0
EFE,5,20210218,112000,0.624,0.65,0.624,0.624,31595,0
EFE,5,20210218,113000,0.63,0.648,0.63,0.648,1518,0
EFE,5,20210218,113500,0.63,0.63,0.622,0.622,22588,0
EFE,5,20210218,114000,0.632,0.644,0.63,0.644,6604,0
EFE,5,20210218,115500,0.632,0.632,0.63,0.63,6133,0
EFE,5,20210218,121000,0.63,0.63,0.63,0.63,317,0
EFE,5,20210218,121500,0.64,0.65,0.64,0.65,9572,0
EFE,5,20210218,122000,0.648,0.648,0.648,0.648,3143,0
EFE,5,20210218,123500,0.648,0.648,0.648,0.648,114,0
EFE,5,20210218,124500,0.65,0.65,0.65,0.65,1533,0
EFE,5,20210218,125000,0.65,0.65,0.65,0.65,2000,0
EFE,5,20210218,125500,0.65,0.65,0.65,0.65,44,0
EFE,5,20210218,131500,0.65,0.654,0.65,0.65,4456,0
EFE,5,20210218,133000,0.65,0.65,0.65,0.65,5000,0
EFE,5,20210218,133500,0.65,0.65,0.65,0.65,250,0
EFE,5,20210218,134000,0.64,0.64,0.64,0.64,170,0
EFE,5,20210218,134500,0.64,0.64,0.64,0.64,4324,0
EFE,5,20210218,135000,0.636,0.636,0.636,0.636,500,0
EFE,5,20210218,141000,0.634,0.634,0.634,0.634,3333,0
EFE,5,20210218,142000,0.632,0.632,0.632,0.632,2048,0
EFE,5,20210218,142500,0.636,0.648,0.636,0.648,2767,0
EFE,5,20210218,143000,0.636,0.636,0.624,0.63,15565,0
EFE,5,20210218,144500,0.63,0.63,0.63,0.63,4998,0
EFE,5,20210218,152000,0.628,0.628,0.6,0.6,26295,0
EFE,5,20210218,152500,0.604,0.604,0.604,0.604,3000,0
EFE,5,20210218,153500,0.62,0.624,0.62,0.624,2555,0
EFE,5,20210218,154500,0.624,0.636,0.624,0.636,10450,0
EFE,5,20210218,155500,0.606,0.606,0.606,0.606,1279,0
EFE,5,20210218,161500,0.612,0.612,0.61,0.61,6369,0
EFE,5,20210218,162000,0.62,0.62,0.62,0.62,639,0
EFE,5,20210218,162500,0.63,0.63,0.63,0.63,320,0
EFE,5,20210218,163000,0.628,0.628,0.628,0.628,973,0
EFE,5,20210218,164500,0.624,0.624,0.624,0.624,2260,0
EFE,5,20210219,090000,0.626,0.626,0.626,0.626,100,0
EFE,5,20210219,090500,0.614,0.614,0.6,0.6,15317,0
EFE,5,20210219,091000,0.626,0.626,0.602,0.602,3900,0
EFE,5,20210219,091500,0.602,0.626,0.6,0.626,5111,0
EFE,5,20210219,092500,0.624,0.628,0.624,0.628,9796,0
EFE,5,20210219,093000,0.628,0.628,0.628,0.628,1516,0
EFE,5,20210219,093500,0.636,0.67,0.636,0.65,24034,0
EFE,5,20210219,094000,0.666,0.668,0.626,0.626,13878,0
EFE,5,20210219,100000,0.628,0.65,0.626,0.65,3024,0
EFE,5,20210219,102000,0.648,0.648,0.648,0.648,1450,0
EFE,5,20210219,103500,0.63,0.63,0.61,0.61,9468,0
EFE,5,20210219,104000,0.612,0.612,0.612,0.612,674,0
EFE,5,20210219,105500,0.624,0.624,0.624,0.624,4000,0
EFE,5,20210219,110000,0.624,0.624,0.624,0.624,8350,0
EFE,5,20210219,110500,0.618,0.618,0.602,0.602,20000,0
EFE,5,20210219,112500,0.61,0.61,0.61,0.61,5067,0
EFE,5,20210219,115000,0.61,0.61,0.61,0.61,389,0
EFE,5,20210219,115500,0.624,0.624,0.624,0.624,230,0
EFE,5,20210219,121500,0.624,0.624,0.624,0.624,206,0
EFE,5,20210219,122000,0.616,0.616,0.616,0.616,200,0
EFE,5,20210219,125000,0.616,0.616,0.616,0.616,594,0
EFE,5,20210219,125500,0.604,0.604,0.6,0.602,17062,0
EFE,5,20210219,130000,0.61,0.61,0.61,0.61,100,0
EFE,5,20210219,132000,0.61,0.61,0.61,0.61,3000,0
EFE,5,20210219,133000,0.61,0.61,0.602,0.602,8000,0
EFE,5,20210219,133500,0.6,0.6,0.6,0.6,5823,0
EFE,5,20210219,143500,0.6,0.6,0.6,0.6,2000,0
EFE,5,20210219,152500,0.604,0.604,0.604,0.604,2300,0
EFE,5,20210219,154000,0.6,0.6,0.6,0.6,6000,0
EFE,5,20210219,155500,0.6,0.6,0.6,0.6,1700,0
EFE,5,20210219,160500,0.6,0.6,0.6,0.6,1913,0
EFE,5,20210219,161000,0.6,0.6,0.6,0.6,2500,0
EFE,5,20210219,162500,0.6,0.6,0.6,0.6,2500,0
EFE,5,20210219,164500,0.62,0.62,0.61,0.61,7002,0
EFE,5,20210222,090000,0.622,0.622,0.622,0.622,999,0
EFE,5,20210222,091500,0.622,0.622,0.622,0.622,20,0
EFE,5,20210222,092000,0.62,0.62,0.62,0.62,75,0
EFE,5,20210222,092500,0.61,0.61,0.61,0.61,10634,0
EFE,5,20210222,095000,0.61,0.61,0.592,0.592,2154,0
EFE,5,20210222,095500,0.61,0.61,0.61,0.61,1434,0
EFE,5,20210222,100000,0.61,0.61,0.61,0.61,3025,0
EFE,5,20210222,102000,0.61,0.61,0.61,0.61,141,0
EFE,5,20210222,102500,0.61,0.61,0.61,0.61,2602,0
EFE,5,20210222,111000,0.61,0.61,0.61,0.61,1000,0
EFE,5,20210222,112500,0.6,0.6,0.6,0.6,100,0
EFE,5,20210222,113000,0.6,0.6,0.598,0.598,1000,0
EFE,5,20210222,113500,0.61,0.62,0.61,0.62,258,0
EFE,5,20210222,135500,0.61,0.61,0.61,0.61,1,0
EFE,5,20210222,140000,0.62,0.62,0.62,0.62,349,0
EFE,5,20210222,142500,0.618,0.618,0.618,0.618,3333,0
EFE,5,20210222,144500,0.618,0.618,0.618,0.618,1650,0
EFE,5,20210222,145000,0.62,0.62,0.62,0.62,161,0
EFE,5,20210222,145500,0.62,0.648,0.62,0.648,10774,0
EFE,5,20210222,150000,0.606,0.606,0.606,0.606,1,0
EFE,5,20210222,160500,0.64,0.64,0.64,0.64,710,0
EFE,5,20210222,162000,0.63,0.63,0.63,0.63,4000,0
EFE,5,20210222,163500,0.63,0.63,0.63,0.63,726,0
EFE,5,20210222,164500,0.63,0.63,0.63,0.63,1237,0
EFE,5,20210223,090000,0.648,0.648,0.64,0.64,10400,0
EFE,5,20210223,090500,0.64,0.64,0.64,0.64,1700,0
EFE,5,20210223,091000,0.64,0.64,0.64,0.64,100,0
EFE,5,20210223,092500,0.638,0.638,0.638,0.638,1528,0
EFE,5,20210223,095500,0.62,0.62,0.62,0.62,973,0
EFE,5,20210223,100000,0.62,0.62,0.62,0.62,2600,0
EFE,5,20210223,101500,0.62,0.62,0.618,0.618,3136,0
EFE,5,20210223,103000,0.618,0.618,0.614,0.614,3794,0
EFE,5,20210223,104000,0.608,0.608,0.608,0.608,3333,0
EFE,5,20210223,104500,0.62,0.62,0.62,0.62,1000,0
EFE,5,20210223,105000,0.62,0.62,0.62,0.62,1600,0
EFE,5,20210223,122000,0.614,0.614,0.614,0.614,500,0
EFE,5,20210223,123500,0.61,0.61,0.61,0.61,5800,0
EFE,5,20210223,124000,0.61,0.61,0.61,0.61,1878,0
EFE,5,20210223,124500,0.606,0.606,0.606,0.606,4500,0
EFE,5,20210223,125000,0.604,0.604,0.604,0.604,1322,0
EFE,5,20210223,125500,0.626,0.628,0.626,0.628,6000,0
EFE,5,20210223,134000,0.618,0.618,0.606,0.606,8811,0
EFE,5,20210223,134500,0.626,0.626,0.626,0.626,11,0
EFE,5,20210223,141000,0.604,0.604,0.604,0.604,5189,0
EFE,5,20210223,141500,0.604,0.606,0.602,0.606,4221,0
EFE,5,20210223,145000,0.606,0.606,0.606,0.606,222,0
EFE,5,20210223,152500,0.626,0.626,0.606,0.606,3200,0
EFE,5,20210223,162000,0.606,0.606,0.606,0.606,1000,0
EFE,5,20210223,164500,0.618,0.618,0.618,0.618,569,0
EFE,5,20210224,090000,0.618,0.618,0.602,0.602,3262,0
EFE,5,20210224,091500,0.608,0.608,0.608,0.608,7907,0
EFE,5,20210224,092500,0.618,0.62,0.618,0.62,444,0
EFE,5,20210224,095500,0.618,0.618,0.61,0.61,5073,0
EFE,5,20210224,110000,0.61,0.61,0.61,0.61,400,0
EFE,5,20210224,113000,0.606,0.606,0.594,0.594,20500,0
EFE,5,20210224,114000,0.61,0.61,0.606,0.606,90,0
EFE,5,20210224,115000,0.6,0.6,0.6,0.6,230,0
EFE,5,20210224,120500,0.604,0.604,0.59,0.59,15337,0
EFE,5,20210224,121500,0.59,0.59,0.59,0.59,261,0
EFE,5,20210224,132500,0.594,0.594,0.592,0.592,4000,0
EFE,5,20210224,134000,0.592,0.592,0.592,0.592,2000,0
EFE,5,20210224,135500,0.598,0.598,0.598,0.598,1158,0
EFE,5,20210224,141000,0.598,0.598,0.598,0.598,842,0
EFE,5,20210224,142500,0.598,0.598,0.598,0.598,1825,0
EFE,5,20210224,143000,0.592,0.592,0.59,0.59,3400,0
EFE,5,20210224,152000,0.596,0.606,0.596,0.606,5600,0
EFE,5,20210224,152500,0.606,0.61,0.59,0.61,5000,0
EFE,5,20210224,160500,0.59,0.59,0.59,0.59,1700,0
EFE,5,20210224,161000,0.59,0.606,0.584,0.606,4100,0
EFE,5,20210224,163500,0.584,0.606,0.584,0.606,101,0
EFE,5,20210224,164000,0.584,0.606,0.584,0.606,101,0
EFE,5,20210224,165500,0.606,0.606,0.606,0.606,1111,0
EFE,5,20210225,090000,0.616,0.616,0.616,0.616,121,0
EFE,5,20210225,093500,0.586,0.586,0.586,0.586,1676,0
EFE,5,20210225,094500,0.586,0.586,0.586,0.586,500,0
EFE,5,20210225,100000,0.586,0.586,0.586,0.586,5000,0
EFE,5,20210225,110000,0.61,0.61,0.61,0.61,100,0
EFE,5,20210225,113500,0.61,0.61,0.61,0.61,3260,0
EFE,5,20210225,114500,0.616,0.616,0.616,0.616,100,0
EFE,5,20210225,115500,0.616,0.63,0.616,0.63,6500,0
EFE,5,20210225,120500,0.63,0.64,0.63,0.64,19750,0
EFE,5,20210225,132000,0.622,0.622,0.62,0.62,1600,0
EFE,5,20210225,134000,0.634,0.636,0.634,0.636,150,0
EFE,5,20210225,150000,0.632,0.632,0.632,0.632,5984,0
EFE,5,20210225,155500,0.632,0.632,0.632,0.632,910,0
EFE,5,20210225,160000,0.62,0.62,0.62,0.62,1000,0
EFE,5,20210225,164500,0.62,0.62,0.62,0.62,1211,0
EFE,5,20210226,090000,0.608,0.608,0.608,0.608,490,0
EFE,5,20210226,094000,0.596,0.608,0.596,0.608,1700,0
EFE,5,20210226,101500,0.596,0.608,0.596,0.608,2100,0
EFE,5,20210226,103500,0.592,0.592,0.59,0.59,5783,0
EFE,5,20210226,105500,0.6,0.6,0.584,0.584,6500,0
EFE,5,20210226,112500,0.586,0.586,0.586,0.586,3444,0
EFE,5,20210226,113000,0.584,0.584,0.584,0.584,757,0
EFE,5,20210226,114000,0.584,0.584,0.584,0.584,1,0
EFE,5,20210226,114500,0.584,0.584,0.582,0.582,1999,0
EFE,5,20210226,121500,0.582,0.582,0.582,0.582,2000,0
EFE,5,20210226,122500,0.582,0.582,0.582,0.582,1500,0
EFE,5,20210226,124000,0.598,0.598,0.598,0.598,100,0
EFE,5,20210226,131000,0.58,0.58,0.57,0.57,20000,0
EFE,5,20210226,132000,0.596,0.596,0.596,0.596,25,0
EFE,5,20210226,135000,0.578,0.578,0.576,0.576,800,0
EFE,5,20210226,135500,0.576,0.576,0.57,0.57,54330,0
EFE,5,20210226,140000,0.57,0.57,0.57,0.57,2000,0
EFE,5,20210226,140500,0.564,0.596,0.56,0.596,33679,0
EFE,5,20210226,142500,0.572,0.59,0.57,0.59,3000,0
EFE,5,20210226,150500,0.572,0.572,0.572,0.572,2000,0
EFE,5,20210226,154000,0.556,0.556,0.556,0.556,3400,0
EFE,5,20210226,155500,0.56,0.56,0.56,0.56,2000,0
EFE,5,20210226,161500,0.554,0.554,0.554,0.554,2000,0
EFE,5,20210226,162000,0.552,0.552,0.55,0.55,12000,0
EFE,5,20210226,163500,0.552,0.552,0.552,0.552,4520,0
EFE,5,20210226,164000,0.552,0.552,0.552,0.552,7611,0
EFE,5,20210226,164500,0.55,0.55,0.55,0.55,7300,0
EFE,5,20210301,090000,0.55,0.55,0.54,0.54,6000,0
EFE,5,20210301,090500,0.566,0.566,0.566,0.566,314,0
EFE,5,20210301,102000,0.56,0.56,0.56,0.56,171,0
EFE,5,20210301,114000,0.554,0.554,0.554,0.554,10,0
EFE,5,20210301,115500,0.554,0.554,0.554,0.554,1584,0
EFE,5,20210301,120000,0.554,0.554,0.554,0.554,416,0
EFE,5,20210301,121000,0.554,0.56,0.554,0.56,858,0
EFE,5,20210301,124000,0.568,0.568,0.568,0.568,100,0
EFE,5,20210301,142000,0.566,0.566,0.566,0.566,700,0
EFE,5,20210301,150000,0.564,0.564,0.564,0.564,2000,0
EFE,5,20210301,150500,0.564,0.566,0.564,0.566,2000,0
EFE,5,20210301,153000,0.566,0.574,0.566,0.574,7217,0
EFE,5,20210302,094000,0.574,0.574,0.574,0.574,3470,0
EFE,5,20210302,095000,0.574,0.574,0.574,0.574,1500,0
EFE,5,20210302,100000,0.584,0.584,0.584,0.584,100,0
EFE,5,20210302,100500,0.584,0.584,0.584,0.584,1400,0
EFE,5,20210302,103500,0.584,0.584,0.584,0.584,1601,0
EFE,5,20210302,105000,0.584,0.584,0.584,0.584,269,0
EFE,5,20210302,111000,0.586,0.586,0.586,0.586,3100,0
EFE,5,20210302,111500,0.592,0.592,0.592,0.592,100,0
EFE,5,20210302,115000,0.58,0.58,0.58,0.58,1700,0
EFE,5,20210302,120500,0.58,0.58,0.58,0.58,3200,0
EFE,5,20210302,131500,0.576,0.576,0.576,0.576,1200,0
EFE,5,20210302,143500,0.576,0.576,0.576,0.576,2500,0
EFE,5,20210302,155000,0.576,0.576,0.576,0.576,5466,0
EFE,5,20210302,160500,0.574,0.574,0.574,0.574,3433,0
EFE,5,20210302,162500,0.574,0.582,0.57,0.582,3047,0
EFE,5,20210302,164500,0.582,0.582,0.582,0.582,1450,0
EFE,5,20210303,090000,0.562,0.562,0.562,0.562,5350,0
EFE,5,20210303,090500,0.58,0.58,0.58,0.58,100,0
EFE,5,20210303,091500,0.56,0.56,0.56,0.56,4500,0
EFE,5,20210303,100000,0.578,0.578,0.578,0.578,700,0
EFE,5,20210303,101000,0.56,0.56,0.56,0.56,2000,0
EFE,5,20210303,105500,0.558,0.568,0.558,0.568,1203,0
EFE,5,20210303,110500,0.568,0.568,0.568,0.568,837,0
EFE,5,20210303,113500,0.556,0.556,0.556,0.556,600,0
EFE,5,20210303,114000,0.55,0.55,0.55,0.55,1996,0
EFE,5,20210303,114500,0.55,0.55,0.54,0.54,11684,0
EFE,5,20210303,115000,0.54,0.54,0.54,0.54,8316,0
EFE,5,20210303,121000,0.54,0.54,0.54,0.54,1300,0
EFE,5,20210303,121500,0.532,0.54,0.532,0.54,5700,0
EFE,5,20210303,122000,0.566,0.566,0.566,0.566,100,0
EFE,5,20210303,130500,0.54,0.54,0.54,0.54,2000,0
EFE,5,20210303,131000,0.54,0.564,0.54,0.564,4363,0
EFE,5,20210303,141000,0.54,0.54,0.54,0.54,2000,0
EFE,5,20210303,142500,0.536,0.536,0.536,0.536,600,0
EFE,5,20210303,144000,0.534,0.534,0.534,0.534,1400,0
EFE,5,20210303,145000,0.534,0.534,0.534,0.534,1100,0
EFE,5,20210303,151500,0.554,0.558,0.554,0.558,5500,0
EFE,5,20210303,164500,0.536,0.536,0.536,0.536,1500,0
EFE,5,20210304,091000,0.536,0.536,0.534,0.534,1821,0
EFE,5,20210304,092000,0.536,0.536,0.536,0.536,500,0
EFE,5,20210304,092500,0.534,0.534,0.534,0.534,300,0
EFE,5,20210304,093000,0.536,0.536,0.536,0.536,479,0
EFE,5,20210304,094000,0.55,0.55,0.55,0.55,100,0
EFE,5,20210304,094500,0.55,0.55,0.55,0.55,780,0
EFE,5,20210304,095000,0.54,0.54,0.54,0.54,800,0
EFE,5,20210304,100000,0.54,0.54,0.54,0.54,700,0
EFE,5,20210304,101500,0.54,0.54,0.54,0.54,4000,0
EFE,5,20210304,142500,0.532,0.532,0.532,0.532,528,0
EFE,5,20210304,143500,0.548,0.548,0.548,0.548,100,0
EFE,5,20210304,145000,0.532,0.532,0.53,0.53,7800,0
EFE,5,20210304,154000,0.53,0.53,0.53,0.53,5000,0
EFE,5,20210304,163000,0.548,0.548,0.548,0.548,2000,0
EFE,5,20210304,164500,0.548,0.55,0.548,0.55,9000,0
EFE,5,20210305,090000,0.53,0.55,0.53,0.55,912,0
EFE,5,20210305,094000,0.522,0.522,0.522,0.522,600,0
EFE,5,20210305,094500,0.546,0.548,0.546,0.548,300,0
EFE,5,20210305,103500,0.524,0.524,0.524,0.524,1600,0
EFE,5,20210305,104000,0.53,0.548,0.53,0.548,1550,0
EFE,5,20210305,104500,0.53,0.548,0.53,0.548,2003,0
EFE,5,20210305,115000,0.526,0.526,0.51,0.51,15969,0
EFE,5,20210305,120000,0.512,0.512,0.512,0.512,1903,0
EFE,5,20210305,121000,0.514,0.514,0.514,0.514,1450,0
EFE,5,20210305,121500,0.514,0.514,0.514,0.514,869,0
EFE,5,20210305,133500,0.538,0.538,0.538,0.538,100,0
EFE,5,20210305,134000,0.514,0.514,0.514,0.514,1600,0
EFE,5,20210305,134500,0.538,0.538,0.538,0.538,100,0
EFE,5,20210305,144000,0.532,0.532,0.532,0.532,1795,0
EFE,5,20210305,144500,0.536,0.54,0.536,0.54,6550,0
EFE,5,20210305,152500,0.538,0.54,0.538,0.538,3900,0
EFE,5,20210305,153500,0.538,0.538,0.538,0.538,800,0
EFE,5,20210305,154500,0.538,0.538,0.538,0.538,2200,0
EFE,5,20210305,160500,0.54,0.546,0.54,0.546,3000,0
EFE,5,20210305,163500,0.544,0.544,0.544,0.544,100,0
EFE,5,20210305,164500,0.542,0.542,0.542,0.542,550,0
EFE,5,20210308,091000,0.542,0.542,0.542,0.542,700,0
EFE,5,20210308,091500,0.538,0.544,0.538,0.544,1300,0
EFE,5,20210308,094500,0.538,0.538,0.538,0.538,2500,0
EFE,5,20210308,112000,0.534,0.534,0.534,0.534,500,0
EFE,5,20210308,112500,0.532,0.532,0.532,0.532,2139,0
EFE,5,20210308,150000,0.542,0.542,0.542,0.542,50,0
EFE,5,20210308,163000,0.534,0.542,0.522,0.542,16550,0
EFE,5,20210308,164500,0.52,0.542,0.52,0.542,2200,0
EFE,5,20210309,092000,0.53,0.53,0.53,0.53,250,0
EFE,5,20210309,095000,0.542,0.544,0.542,0.544,550,0
EFE,5,20210309,121500,0.53,0.53,0.53,0.53,3000,0
EFE,5,20210309,124000,0.52,0.52,0.52,0.52,6195,0
EFE,5,20210309,131500,0.516,0.516,0.512,0.512,10000,0
EFE,5,20210309,132500,0.512,0.52,0.504,0.52,7875,0
EFE,5,20210309,133000,0.538,0.538,0.538,0.538,100,0
EFE,5,20210309,133500,0.52,0.52,0.52,0.52,800,0
EFE,5,20210309,140500,0.538,0.542,0.538,0.542,6000,0
EFE,5,20210309,143000,0.522,0.522,0.52,0.52,2566,0
EFE,5,20210309,151500,0.522,0.522,0.522,0.522,2000,0
EFE,5,20210309,161000,0.522,0.522,0.522,0.522,6000,0
EFE,5,20210309,162500,0.53,0.53,0.53,0.53,1259,0
EFE,5,20210309,163000,0.52,0.52,0.52,0.52,2800,0
EFE,5,20210309,163500,0.52,0.52,0.52,0.52,200,0
EFE,5,20210309,164000,0.53,0.538,0.53,0.538,2000,0
EFE,5,20210309,165500,0.538,0.538,0.538,0.538,750,0
EFE,5,20210310,090000,0.538,0.538,0.538,0.538,4691,0
EFE,5,20210310,091000,0.542,0.542,0.542,0.542,100,0
EFE,5,20210310,091500,0.542,0.542,0.542,0.542,1300,0
EFE,5,20210310,092000,0.544,0.544,0.544,0.544,1800,0
EFE,5,20210310,092500,0.546,0.57,0.546,0.57,23374,0
EFE,5,20210310,093000,0.57,0.576,0.57,0.576,6998,0
EFE,5,20210310,094000,0.576,0.576,0.57,0.57,2002,0
EFE,5,20210310,100000,0.554,0.554,0.554,0.554,200,0
EFE,5,20210310,100500,0.564,0.564,0.564,0.564,2407,0
EFE,5,20210310,102500,0.566,0.566,0.566,0.566,1190,0
EFE,5,20210310,122000,0.56,0.56,0.554,0.554,5000,0
EFE,5,20210310,123000,0.554,0.554,0.544,0.544,9767,0
EFE,5,20210310,123500,0.564,0.564,0.564,0.564,100,0
EFE,5,20210310,125500,0.544,0.544,0.524,0.524,36267,0
EFE,5,20210310,145000,0.558,0.558,0.558,0.558,2000,0
EFE,5,20210310,150000,0.558,0.558,0.558,0.558,3000,0
EFE,5,20210310,150500,0.542,0.542,0.53,0.53,19000,0
EFE,5,20210310,151500,0.53,0.53,0.53,0.53,657,0
EFE,5,20210310,152000,0.538,0.538,0.538,0.538,1000,0
EFE,5,20210311,110000,0.546,0.546,0.546,0.546,1197,0
EFE,5,20210311,122500,0.536,0.536,0.536,0.536,2674,0
EFE,5,20210311,132000,0.54,0.54,0.536,0.536,2000,0
EFE,5,20210311,134000,0.532,0.532,0.532,0.532,2100,0
EFE,5,20210311,151000,0.528,0.528,0.526,0.526,3000,0
EFE,5,20210311,160000,0.538,0.538,0.538,0.538,4643,0
EFE,5,20210311,161000,0.538,0.54,0.538,0.54,200,0
EFE,5,20210311,164500,0.54,0.54,0.54,0.54,5400,0
EFE,5,20210312,091500,0.542,0.548,0.542,0.548,3800,0
EFE,5,20210312,094000,0.528,0.528,0.526,0.526,1000,0
EFE,5,20210312,095500,0.528,0.546,0.522,0.546,5550,0
EFE,5,20210312,104000,0.54,0.54,0.54,0.54,5500,0
EFE,5,20210312,112000,0.544,0.544,0.544,0.544,100,0
EFE,5,20210312,113000,0.53,0.53,0.53,0.53,5825,0
EFE,5,20210312,113500,0.53,0.53,0.53,0.53,2504,0
EFE,5,20210312,115000,0.544,0.544,0.544,0.544,100,0
EFE,5,20210312,124000,0.526,0.526,0.526,0.526,3500,0
EFE,5,20210312,150000,0.53,0.53,0.53,0.53,140,0
EFE,5,20210312,153500,0.54,0.54,0.54,0.54,10000,0
EFE,5,20210312,154500,0.542,0.542,0.542,0.542,1879,0
EFE,5,20210315,095500,0.54,0.54,0.54,0.54,1000,0
EFE,5,20210315,102000,0.54,0.542,0.52,0.542,10034,0
EFE,5,20210315,122000,0.514,0.546,0.514,0.546,104,0
EFE,5,20210315,125000,0.546,0.548,0.546,0.548,1450,0
EFE,5,20210315,143000,0.514,0.514,0.514,0.514,1966,0
EFE,5,20210315,150500,0.514,0.514,0.514,0.514,3000,0
EFE,5,20210315,151000,0.512,0.512,0.51,0.51,3260,0
EFE,5,20210315,152000,0.514,0.514,0.514,0.514,2250,0
EFE,5,20210315,152500,0.51,0.51,0.51,0.51,250,0
EFE,5,20210315,155500,0.52,0.52,0.5,0.5,22000,0
EFE,5,20210315,162000,0.5,0.5,0.5,0.5,8000,0
EFE,5,20210315,163500,0.51,0.51,0.51,0.51,1000,0
EFE,5,20210315,164000,0.51,0.52,0.51,0.52,1490,0
EFE,5,20210316,090500,0.52,0.52,0.52,0.52,2000,0
EFE,5,20210316,092500,0.51,0.51,0.51,0.51,4000,0
EFE,5,20210316,110000,0.52,0.528,0.52,0.528,1311,0
EFE,5,20210316,111500,0.528,0.528,0.528,0.528,1900,0
EFE,5,20210316,112500,0.528,0.53,0.528,0.53,500,0
EFE,5,20210316,123500,0.52,0.52,0.52,0.52,186,0
EFE,5,20210316,125000,0.51,0.51,0.506,0.506,4952,0
EFE,5,20210316,125500,0.506,0.51,0.506,0.51,100,0
EFE,5,20210316,131000,0.51,0.51,0.51,0.51,5058,0
EFE,5,20210316,134000,0.51,0.51,0.51,0.51,2000,0
EFE,5,20210316,141000,0.51,0.51,0.51,0.51,5300,0
EFE,5,20210316,142000,0.51,0.526,0.51,0.526,510,0
EFE,5,20210316,150000,0.504,0.504,0.504,0.504,24,0
EFE,5,20210316,154500,0.504,0.504,0.5,0.5,6376,0
EFE,5,20210316,155000,0.5,0.514,0.5,0.514,4100,0
EFE,5,20210316,160500,0.5,0.5,0.5,0.5,4000,0
EFE,5,20210316,161500,0.5,0.514,0.5,0.514,6000,0
EFE,5,20210316,162000,0.5,0.5,0.5,0.5,7000,0
EFE,5,20210316,163000,0.514,0.516,0.514,0.516,2860,0
EFE,5,20210316,163500,0.52,0.52,0.52,0.52,100,0
EFE,5,20210317,090000,0.495,0.518,0.495,0.518,1000,0
EFE,5,20210317,091000,0.516,0.516,0.516,0.516,102,0
EFE,5,20210317,092000,0.5,0.5,0.5,0.5,2900,0
EFE,5,20210317,103000,0.5,0.5,0.495,0.495,6900,0
EFE,5,20210317,104500,0.5,0.5,0.5,0.5,594,0
EFE,5,20210317,115500,0.5,0.5,0.5,0.5,1300,0
EFE,5,20210317,120000,0.5,0.5,0.5,0.5,5000,0
EFE,5,20210317,122500,0.5,0.5,0.5,0.5,700,0
EFE,5,20210317,123000,0.5,0.5,0.5,0.5,300,0
EFE,5,20210317,140000,0.5,0.512,0.5,0.512,1300,0
EFE,5,20210318,090000,0.499,0.514,0.499,0.514,1300,0
EFE,5,20210318,091000,0.514,0.514,0.514,0.514,2000,0
EFE,5,20210318,120500,0.495,0.495,0.495,0.495,1800,0
EFE,5,20210318,121000,0.512,0.512,0.512,0.512,100,0
EFE,5,20210318,140500,0.5,0.5,0.5,0.5,8000,0
EFE,5,20210318,153500,0.5,0.5,0.5,0.5,1000,0
EFE,5,20210318,163500,0.5,0.512,0.5,0.512,1100,0
EFE,5,20210319,090500,0.496,0.496,0.49,0.49,7770,0
EFE,5,20210319,101500,0.504,0.504,0.504,0.504,100,0
EFE,5,20210319,111000,0.491,0.491,0.49,0.49,12001,0
EFE,5,20210319,111500,0.49,0.49,0.49,0.49,4484,0
EFE,5,20210319,112000,0.49,0.49,0.49,0.49,515,0
EFE,5,20210319,113000,0.49,0.49,0.483,0.483,10000,0
EFE,5,20210319,115500,0.504,0.504,0.504,0.504,60,0
EFE,5,20210319,121500,0.492,0.492,0.49,0.49,6051,0
EFE,5,20210319,123500,0.483,0.483,0.483,0.483,900,0
EFE,5,20210319,130000,0.49,0.49,0.49,0.49,3000,0
EFE,5,20210319,132500,0.49,0.49,0.49,0.49,949,0
EFE,5,20210319,134000,0.504,0.512,0.504,0.512,3489,0
EFE,5,20210319,134500,0.512,0.512,0.512,0.512,1000,0
EFE,5,20210319,135000,0.51,0.51,0.51,0.51,3360,0
EFE,5,20210319,153000,0.494,0.494,0.494,0.494,500,0
EFE,5,20210319,153500,0.494,0.494,0.494,0.494,3971,0
EFE,5,20210319,161500,0.488,0.488,0.488,0.488,1600,0
EFE,5,20210319,162000,0.488,0.488,0.488,0.488,2900,0
EFE,5,20210319,162500,0.495,0.495,0.488,0.488,5427,0
EFE,5,20210319,164500,0.495,0.51,0.495,0.51,500,0
EFE,5,20210322,090000,0.51,0.51,0.51,0.51,185,0
EFE,5,20210322,100500,0.49,0.49,0.49,0.49,811,0
EFE,5,20210322,114500,0.5,0.508,0.5,0.508,5000,0
EFE,5,20210322,131000,0.5,0.5,0.5,0.5,4000,0
EFE,5,20210322,132500,0.492,0.492,0.49,0.49,3000,0
EFE,5,20210322,145500,0.49,0.49,0.49,0.49,620,0
EFE,5,20210322,162500,0.508,0.508,0.508,0.508,100,0
EFE,5,20210323,091500,0.5,0.5,0.5,0.5,100,0
EFE,5,20210323,100000,0.499,0.499,0.499,0.499,750,0
EFE,5,20210323,121500,0.5,0.508,0.5,0.508,100,0
EFE,5,20210323,132500,0.5,0.5,0.5,0.5,505,0
EFE,5,20210323,140500,0.5,0.5,0.5,0.5,1500,0
EFE,5,20210323,142000,0.5,0.5,0.5,0.5,2000,0
EFE,5,20210323,160500,0.499,0.499,0.499,0.499,250,0
EFE,5,20210323,162000,0.5,0.5,0.5,0.5,2311,0
EFE,5,20210323,164000,0.495,0.495,0.495,0.495,5000,0
EFE,5,20210323,164500,0.495,0.495,0.495,0.495,2000,0
EFE,5,20210324,090000,0.493,0.493,0.491,0.491,5319,0
EFE,5,20210324,090500,0.491,0.491,0.491,0.491,3285,0
EFE,5,20210324,091000,0.491,0.508,0.491,0.508,5750,0
EFE,5,20210324,091500,0.508,0.508,0.508,0.508,1,0
EFE,5,20210324,093500,0.491,0.506,0.491,0.506,3552,0
EFE,5,20210324,094000,0.49,0.506,0.49,0.506,4600,0
EFE,5,20210324,095000,0.504,0.504,0.504,0.504,4000,0
EFE,5,20210324,102000,0.498,0.498,0.498,0.498,9348,0
EFE,5,20210324,105000,0.498,0.498,0.498,0.498,152,0
EFE,5,20210324,112000,0.49,0.49,0.49,0.49,2727,0
EFE,5,20210324,112500,0.489,0.498,0.489,0.498,5350,0
EFE,5,20210325,090000,0.5,0.5,0.49,0.49,13105,0
EFE,5,20210325,091000,0.49,0.5,0.49,0.5,750,0
EFE,5,20210325,094500,0.499,0.499,0.499,0.499,2500,0
EFE,5,20210325,100000,0.499,0.5,0.499,0.5,400,0
EFE,5,20210325,102000,0.488,0.488,0.487,0.487,1800,0
EFE,5,20210325,104500,0.482,0.482,0.482,0.482,2700,0
EFE,5,20210325,105000,0.482,0.482,0.48,0.48,10500,0
EFE,5,20210325,114500,0.496,0.497,0.496,0.497,1237,0
EFE,5,20210325,121500,0.496,0.496,0.496,0.496,248,0
EFE,5,20210325,151500,0.496,0.496,0.496,0.496,500,0
EFE,5,20210325,165500,0.496,0.496,0.496,0.496,1000,0
EFE,5,20210326,090000,0.496,0.497,0.496,0.497,60,0
EFE,5,20210326,103500,0.496,0.496,0.496,0.496,1000,0
EFE,5,20210326,110500,0.49,0.49,0.49,0.49,2500,0
EFE,5,20210326,113000,0.49,0.49,0.49,0.49,2000,0
EFE,5,20210326,123500,0.49,0.49,0.49,0.49,7000,0
EFE,5,20210326,125000,0.49,0.49,0.49,0.49,2500,0
EFE,5,20210326,125500,0.49,0.49,0.49,0.49,2500,0
EFE,5,20210326,140500,0.49,0.49,0.49,0.49,3200,0
EFE,5,20210326,152500,0.486,0.486,0.486,0.486,267,0
EFE,5,20210326,153000,0.49,0.49,0.49,0.49,2000,0
EFE,5,20210326,163500,0.49,0.49,0.49,0.49,3000,0
EFE,5,20210326,164000,0.49,0.49,0.49,0.49,650,0
EFE,5,20210326,164500,0.49,0.497,0.49,0.497,1000,0
