<TICKER>,<PER>,<DATE>,<TIME>,<OPEN>,<HIGH>,<LOW>,<CLOSE>,<VOL>,<OPENINT>
ELQ,5,20210204,090000,2.9,2.9,2.9,2.9,223,0
ELQ,5,20210204,090500,2.9,2.9,2.9,2.9,252,0
ELQ,5,20210204,124500,2.86,2.86,2.86,2.86,200,0
ELQ,5,20210204,130000,2.86,2.86,2.86,2.86,296,0
ELQ,5,20210204,142500,2.8,2.8,2.8,2.8,100,0
ELQ,5,20210204,143000,2.76,2.76,2.74,2.74,400,0
ELQ,5,20210204,145000,2.74,2.74,2.74,2.74,20,0
ELQ,5,20210204,145500,2.7,2.7,2.7,2.7,128,0
ELQ,5,20210204,150000,2.7,2.7,2.7,2.7,200,0
ELQ,5,20210205,100000,2.62,2.62,2.6,2.6,74,0
ELQ,5,20210205,100500,2.6,2.6,2.6,2.6,366,0
ELQ,5,20210205,101000,2.6,2.6,2.6,2.6,550,0
ELQ,5,20210205,112500,2.52,2.52,2.52,2.52,25,0
ELQ,5,20210205,115000,2.52,2.52,2.52,2.52,845,0
ELQ,5,20210205,134500,2.52,2.52,2.52,2.52,430,0
ELQ,5,20210205,164500,2.54,2.54,2.54,2.54,100,0
ELQ,5,20210208,091000,2.6,2.6,2.6,2.6,1,0
ELQ,5,20210208,092500,2.6,2.6,2.6,2.6,100,0
ELQ,5,20210208,112500,2.64,2.64,2.64,2.64,100,0
ELQ,5,20210208,123000,2.7,2.74,2.68,2.74,400,0
ELQ,5,20210208,161000,2.7,2.7,2.7,2.7,60,0
ELQ,5,20210209,101500,2.62,2.62,2.6,2.6,1000,0
ELQ,5,20210209,102000,2.68,2.7,2.68,2.7,344,0
ELQ,5,20210209,111000,2.7,2.7,2.7,2.7,1,0
ELQ,5,20210209,154500,2.7,2.7,2.7,2.7,95,0
ELQ,5,20210211,090000,2.36,2.36,2.36,2.36,1000,0
ELQ,5,20210211,110000,2.6,2.64,2.6,2.64,100,0
ELQ,5,20210211,111000,2.64,2.64,2.58,2.58,489,0
ELQ,5,20210211,150500,2.54,2.58,2.54,2.58,344,0
ELQ,5,20210211,154500,2.5,2.5,2.5,2.5,40,0
ELQ,5,20210211,162500,2.58,2.58,2.58,2.58,113,0
ELQ,5,20210211,163000,2.6,2.68,2.6,2.68,110,0
ELQ,5,20210211,163500,2.68,2.68,2.68,2.68,293,0
ELQ,5,20210212,101500,2.68,2.68,2.68,2.68,200,0
ELQ,5,20210212,121500,2.6,2.6,2.6,2.6,400,0
ELQ,5,20210212,133000,2.68,2.68,2.68,2.68,333,0
ELQ,5,20210212,163500,2.62,2.62,2.6,2.6,350,0
ELQ,5,20210215,114000,2.62,2.62,2.6,2.6,1213,0
ELQ,5,20210215,115500,2.48,2.48,2.48,2.48,15,0
ELQ,5,20210215,132500,2.62,2.62,2.62,2.62,452,0
ELQ,5,20210215,144500,2.6,2.6,2.6,2.6,567,0
ELQ,5,20210215,163000,2.66,2.66,2.66,2.66,183,0
ELQ,5,20210215,163500,2.66,2.66,2.66,2.66,217,0
ELQ,5,20210216,090000,2.68,2.68,2.66,2.66,1163,0
ELQ,5,20210216,090500,2.6,2.6,2.6,2.6,150,0
ELQ,5,20210216,111500,2.58,2.6,2.58,2.6,766,0
ELQ,5,20210216,113000,2.48,2.48,2.46,2.46,357,0
ELQ,5,20210216,121000,2.58,2.6,2.58,2.6,484,0
ELQ,5,20210216,122000,2.6,2.6,2.56,2.56,520,0
ELQ,5,20210217,145500,2.6,2.6,2.6,2.6,50,0
ELQ,5,20210218,091500,2.58,2.58,2.56,2.56,500,0
ELQ,5,20210218,092500,2.48,2.48,2.3,2.3,3910,0
ELQ,5,20210218,101500,2.34,2.34,2.34,2.34,400,0
ELQ,5,20210218,161000,2.4,2.4,2.4,2.4,1000,0
ELQ,5,20210218,161500,2.38,2.38,2.38,2.38,100,0
ELQ,5,20210219,093000,2.4,2.4,2.4,2.4,50,0
ELQ,5,20210219,105500,2.4,2.4,2.4,2.4,11,0
ELQ,5,20210219,133000,2.4,2.4,2.4,2.4,463,0
ELQ,5,20210219,154000,2.4,2.4,2.4,2.4,577,0
ELQ,5,20210219,164500,2.44,2.44,2.44,2.44,400,0
ELQ,5,20210222,094000,2.46,2.52,2.46,2.52,260,0
ELQ,5,20210222,113000,2.56,2.56,2.56,2.56,39,0
ELQ,5,20210222,143500,2.52,2.52,2.52,2.52,70,0
ELQ,5,20210222,144000,2.52,2.52,2.46,2.46,556,0
ELQ,5,20210223,091000,2.52,2.52,2.52,2.52,50,0
ELQ,5,20210223,093500,2.5,2.52,2.5,2.52,763,0
ELQ,5,20210223,094000,2.56,2.56,2.56,2.56,100,0
ELQ,5,20210223,145000,2.52,2.52,2.52,2.52,412,0
ELQ,5,20210224,090000,2.52,2.52,2.52,2.52,20,0
ELQ,5,20210224,162500,2.52,2.52,2.52,2.52,80,0
ELQ,5,20210224,164500,2.56,2.56,2.56,2.56,61,0
ELQ,5,20210224,165500,2.56,2.56,2.56,2.56,39,0
ELQ,5,20210225,094000,2.68,2.68,2.68,2.68,400,0
ELQ,5,20210225,164500,2.66,2.66,2.66,2.66,725,0
ELQ,5,20210226,092000,2.66,2.66,2.66,2.66,50,0
ELQ,5,20210226,115500,2.64,2.64,2.64,2.64,1800,0
ELQ,5,20210226,123500,2.64,2.64,2.64,2.64,200,0
ELQ,5,20210301,090000,2.64,2.64,2.64,2.64,170,0
ELQ,5,20210301,092500,2.66,2.66,2.64,2.64,465,0
ELQ,5,20210301,102000,2.64,2.64,2.64,2.64,200,0
ELQ,5,20210301,154500,2.6,2.6,2.6,2.6,340,0
ELQ,5,20210302,094000,2.7,2.7,2.7,2.7,10,0
ELQ,5,20210302,102000,2.7,2.7,2.7,2.7,3955,0
ELQ,5,20210302,104500,2.7,2.7,2.7,2.7,1045,0
ELQ,5,20210302,131500,2.7,2.7,2.7,2.7,700,0
ELQ,5,20210302,160000,2.7,2.7,2.7,2.7,923,0
ELQ,5,20210303,090000,2.98,2.98,2.86,2.86,1600,0
ELQ,5,20210303,094000,2.8,2.8,2.8,2.8,100,0
ELQ,5,20210303,120500,2.8,2.8,2.8,2.8,100,0
ELQ,5,20210303,150000,2.8,2.8,2.8,2.8,60,0
ELQ,5,20210304,091000,2.78,3,2.78,3,200,0
ELQ,5,20210304,134000,2.94,2.94,2.94,2.94,66,0
ELQ,5,20210304,145500,2.9,2.9,2.9,2.9,5,0
ELQ,5,20210305,092000,2.76,2.76,2.76,2.76,100,0
ELQ,5,20210308,094000,2.86,2.86,2.86,2.86,100,0
ELQ,5,20210308,105000,2.84,2.84,2.84,2.84,150,0
ELQ,5,20210309,095000,2.8,2.8,2.8,2.8,20,0
ELQ,5,20210309,103000,2.8,2.8,2.8,2.8,187,0
ELQ,5,20210309,120000,2.88,2.88,2.88,2.88,100,0
ELQ,5,20210309,120500,2.9,2.9,2.9,2.9,800,0
ELQ,5,20210309,133500,2.8,2.8,2.8,2.8,5,0
ELQ,5,20210310,090500,2.9,2.9,2.9,2.9,33,0
ELQ,5,20210310,093000,2.82,2.82,2.82,2.82,424,0
ELQ,5,20210310,100000,2.82,2.82,2.82,2.82,10,0
ELQ,5,20210311,092500,2.82,2.86,2.82,2.86,100,0
ELQ,5,20210311,131500,2.86,2.86,2.86,2.86,100,0
ELQ,5,20210312,090000,2.9,2.9,2.9,2.9,220,0
ELQ,5,20210312,102000,2.88,2.9,2.88,2.9,169,0
ELQ,5,20210312,104000,2.9,2.9,2.9,2.9,77,0
ELQ,5,20210312,124000,2.82,2.82,2.82,2.82,76,0
ELQ,5,20210312,150500,2.82,2.82,2.82,2.82,50,0
ELQ,5,20210312,162500,2.9,2.9,2.9,2.9,75,0
ELQ,5,20210315,091000,2.84,2.84,2.84,2.84,50,0
ELQ,5,20210315,104000,2.82,2.82,2.82,2.82,1000,0
ELQ,5,20210316,090000,2.82,2.82,2.82,2.82,190,0
ELQ,5,20210316,093500,2.84,2.84,2.8,2.8,2043,0
ELQ,5,20210316,100500,2.8,2.8,2.8,2.8,1000,0
ELQ,5,20210317,090000,2.8,2.8,2.8,2.8,300,0
ELQ,5,20210317,100000,2.8,2.9,2.8,2.9,200,0
ELQ,5,20210317,145500,2.7,2.7,2.7,2.7,30,0
ELQ,5,20210317,152500,2.7,2.7,2.7,2.7,30,0
ELQ,5,20210318,095500,2.78,2.8,2.78,2.8,460,0
ELQ,5,20210318,101500,2.8,2.8,2.8,2.8,5000,0
ELQ,5,20210318,123500,2.82,2.82,2.8,2.8,3090,0
ELQ,5,20210319,090000,2.8,2.8,2.8,2.8,50,0
ELQ,5,20210319,092500,2.88,2.88,2.88,2.88,80,0
ELQ,5,20210319,093000,2.9,2.9,2.9,2.9,100,0
ELQ,5,20210319,100500,2.86,2.86,2.78,2.78,170,0
ELQ,5,20210319,145000,2.7,2.7,2.7,2.7,54,0
ELQ,5,20210319,163500,2.7,2.7,2.7,2.7,486,0
ELQ,5,20210322,090500,2.84,2.84,2.84,2.84,50,0
ELQ,5,20210322,111500,2.7,2.7,2.7,2.7,50,0
ELQ,5,20210322,112000,2.68,2.68,2.68,2.68,405,0
ELQ,5,20210322,124000,2.66,2.66,2.66,2.66,533,0
ELQ,5,20210322,131000,2.8,2.8,2.8,2.8,100,0
ELQ,5,20210322,140500,2.66,2.66,2.66,2.66,70,0
ELQ,5,20210322,153500,2.76,2.8,2.76,2.8,60,0
ELQ,5,20210323,092000,2.8,2.8,2.8,2.8,1,0
ELQ,5,20210323,150500,2.74,2.74,2.74,2.74,25,0
ELQ,5,20210323,155500,2.78,2.78,2.78,2.78,50,0
ELQ,5,20210325,101500,2.68,2.68,2.68,2.68,40,0
ELQ,5,20210325,103000,2.66,2.66,2.36,2.36,1461,0
ELQ,5,20210325,122500,2.58,2.58,2.58,2.58,100,0
ELQ,5,20210325,124000,2.58,2.58,2.58,2.58,49,0
ELQ,5,20210326,160000,2.5,2.5,2.5,2.5,10,0
