<TICKER>,<PER>,<DATE>,<TIME>,<OPEN>,<HIGH>,<LOW>,<CLOSE>,<VOL>,<OPENINT>
EPR,5,20210204,095500,3.5,3.5,3.5,3.5,20,0
EPR,5,20210204,100500,3.5,3.5,3.5,3.5,284,0
EPR,5,20210204,105000,3.5,3.5,3.5,3.5,1,0
EPR,5,20210204,130500,3.48,3.48,3.48,3.48,1,0
EPR,5,20210204,142000,3.48,3.48,3.34,3.34,1053,0
EPR,5,20210204,144500,3.4,3.7,3.4,3.7,2950,0
EPR,5,20210204,160500,3.42,3.42,3.4,3.4,2450,0
EPR,5,20210204,161000,3.4,3.4,3.4,3.4,50,0
EPR,5,20210204,162500,3.6,3.6,3.6,3.6,1,0
EPR,5,20210204,164500,3.68,3.68,3.68,3.68,1,0
EPR,5,20210205,093500,3.64,3.64,3.64,3.64,200,0
EPR,5,20210205,110000,3.66,3.66,3.66,3.66,1000,0
EPR,5,20210205,140500,3.56,3.56,3.56,3.56,498,0
EPR,5,20210208,090500,3.56,3.56,3.56,3.56,10,0
EPR,5,20210208,100500,3.56,3.64,3.44,3.44,1970,0
EPR,5,20210208,124500,3.64,3.64,3.64,3.64,50,0
EPR,5,20210208,141000,3.44,3.44,3.44,3.44,500,0
EPR,5,20210208,150000,3.44,3.44,3.44,3.44,499,0
EPR,5,20210208,151500,3.64,3.64,3.64,3.64,1,0
EPR,5,20210209,090500,3.6,3.6,3.6,3.6,30,0
EPR,5,20210209,091500,3.5,3.5,3.4,3.4,420,0
EPR,5,20210209,092000,3.38,3.38,3.06,3.24,5080,0
EPR,5,20210209,095000,3.32,3.5,3.32,3.5,233,0
EPR,5,20210209,100500,3.4,3.4,3.4,3.4,5,0
EPR,5,20210209,102500,3.4,3.42,3.4,3.42,795,0
EPR,5,20210209,122500,3.42,3.42,3.42,3.42,28,0
EPR,5,20210209,123000,3.42,3.42,3.42,3.42,272,0
EPR,5,20210209,124000,3.42,3.42,3.42,3.42,164,0
EPR,5,20210209,142500,3.46,3.58,3.46,3.56,2805,0
EPR,5,20210210,090000,3.56,3.56,3.56,3.56,10,0
EPR,5,20210210,091000,3.54,3.54,3.54,3.54,20,0
EPR,5,20210210,093500,3.54,3.56,3.54,3.56,1732,0
EPR,5,20210210,135000,3.5,3.5,3.5,3.5,661,0
EPR,5,20210211,124500,3.56,3.56,3.56,3.56,1,0
EPR,5,20210212,092000,3.56,3.56,3.56,3.56,1,0
EPR,5,20210212,101500,3.56,3.58,3.56,3.58,1000,0
EPR,5,20210212,151500,3.58,3.6,3.58,3.6,300,0
EPR,5,20210212,161000,3.58,3.58,3.58,3.58,207,0
EPR,5,20210215,090000,3.64,3.64,3.64,3.64,10,0
EPR,5,20210215,101000,3.62,3.64,3.62,3.64,1500,0
EPR,5,20210215,113500,3.46,3.46,3.46,3.46,300,0
EPR,5,20210215,115000,3.48,3.48,3.46,3.46,1000,0
EPR,5,20210215,120000,3.46,3.46,3.24,3.24,1500,0
EPR,5,20210215,122000,3.3,3.3,3.3,3.3,10,0
EPR,5,20210215,122500,3.3,3.3,3.26,3.26,1143,0
EPR,5,20210215,123500,3.26,3.26,3.2,3.2,1882,0
EPR,5,20210215,130000,3.26,3.26,3.26,3.26,10,0
EPR,5,20210215,160000,3.26,3.26,3.26,3.26,530,0
EPR,5,20210215,164500,3.36,3.36,3.36,3.36,30,0
EPR,5,20210216,090000,3.4,3.4,3.4,3.4,40,0
EPR,5,20210216,104500,3.3,3.3,3.3,3.3,480,0
EPR,5,20210216,112000,3.3,3.3,3.3,3.3,410,0
EPR,5,20210216,112500,3.4,3.42,3.4,3.42,20,0
EPR,5,20210216,133500,3.4,3.4,3.4,3.4,1356,0
EPR,5,20210217,090000,3.42,3.42,3.42,3.42,10,0
EPR,5,20210217,124500,3.4,3.4,3.4,3.4,300,0
EPR,5,20210217,135000,3.3,3.3,3.28,3.28,700,0
EPR,5,20210217,142000,3.28,3.28,3.28,3.28,300,0
EPR,5,20210217,144000,3.28,3.28,3.2,3.2,1000,0
EPR,5,20210217,152500,3.2,3.2,3.12,3.14,1500,0
EPR,5,20210217,154000,3.08,3.08,2.74,2.74,5285,0
EPR,5,20210217,155500,3,3.12,3,3.12,1930,0
EPR,5,20210217,160000,3.14,3.14,3.14,3.14,370,0
EPR,5,20210217,160500,3.14,3.14,3.14,3.14,340,0
EPR,5,20210217,163500,3.14,3.2,3.1,3.1,4290,0
EPR,5,20210217,164000,3.16,3.2,3.16,3.2,50,0
EPR,5,20210217,164500,3.22,3.22,3.22,3.22,40,0
EPR,5,20210218,090000,3.22,3.22,3.22,3.22,10,0
EPR,5,20210218,090500,3.22,3.22,3.22,3.22,165,0
EPR,5,20210218,094000,3.2,3.2,3.2,3.2,300,0
EPR,5,20210218,115000,3.2,3.2,3.2,3.2,350,0
EPR,5,20210219,151000,3.16,3.2,3.16,3.2,1049,0
EPR,5,20210219,151500,3.2,3.2,3.2,3.2,892,0
EPR,5,20210219,152500,3.2,3.2,3.2,3.2,59,0
EPR,5,20210219,155000,3.26,3.34,3.26,3.34,400,0
EPR,5,20210222,092500,3.16,3.16,3.1,3.1,800,0
EPR,5,20210222,100500,3.2,3.2,3.2,3.2,10,0
EPR,5,20210222,102500,3.2,3.2,3.2,3.2,10,0
EPR,5,20210222,110500,3.2,3.2,3.1,3.1,500,0
EPR,5,20210222,115000,3.22,3.22,3.22,3.22,10,0
EPR,5,20210222,151000,3.2,3.2,3.2,3.2,200,0
EPR,5,20210223,090000,3.28,3.28,3.28,3.28,20,0
EPR,5,20210223,093500,3.28,3.3,3.28,3.3,20,0
EPR,5,20210223,144000,3.3,3.3,3.3,3.3,3383,0
EPR,5,20210223,154500,3.2,3.2,3.2,3.2,20,0
EPR,5,20210223,164500,3.24,3.24,3.24,3.24,30,0
EPR,5,20210224,093000,3.3,3.3,3.3,3.3,10,0
EPR,5,20210224,143000,3.22,3.22,3.14,3.14,3290,0
EPR,5,20210224,152500,3.3,3.3,3.3,3.3,10,0
EPR,5,20210224,161000,3.32,3.34,3.32,3.34,415,0
EPR,5,20210224,161500,3.34,3.34,3.34,3.34,85,0
EPR,5,20210225,090000,3.36,3.36,3.36,3.36,20,0
EPR,5,20210225,112500,3.36,3.36,3.36,3.36,321,0
EPR,5,20210225,153500,3.3,3.3,3.3,3.3,300,0
EPR,5,20210225,163000,3.38,3.38,3.38,3.38,20,0
EPR,5,20210226,091000,3.24,3.24,3.24,3.24,500,0
EPR,5,20210226,141000,3.22,3.22,3.22,3.22,1500,0
EPR,5,20210226,142000,3.22,3.22,3.22,3.22,2000,0
EPR,5,20210226,153500,3.22,3.22,3.22,3.22,2727,0
EPR,5,20210301,090500,3.38,3.38,3.38,3.38,10,0
EPR,5,20210301,093000,3.38,3.38,3.38,3.38,310,0
EPR,5,20210301,093500,3.38,3.38,3.38,3.38,100,0
EPR,5,20210301,094000,3.38,3.38,3.38,3.38,474,0
EPR,5,20210301,112500,3.36,3.36,3.36,3.36,260,0
EPR,5,20210301,115500,3.24,3.24,3.24,3.24,20,0
EPR,5,20210301,120000,3.24,3.24,3.24,3.24,880,0
EPR,5,20210301,121500,3.32,3.32,3.22,3.22,1410,0
EPR,5,20210301,122000,3.3,3.3,3.3,3.3,20,0
EPR,5,20210301,155000,3.3,3.32,3.22,3.32,2030,0
EPR,5,20210302,090000,3.2,3.2,3.2,3.2,20,0
EPR,5,20210302,091500,3.2,3.2,3.2,3.2,1680,0
EPR,5,20210302,093000,3.32,3.34,3.32,3.34,30,0
EPR,5,20210303,090000,3.34,3.36,3.34,3.36,20,0
EPR,5,20210303,164500,3.4,3.4,3.4,3.4,20,0
EPR,5,20210304,090000,3.42,3.44,3.42,3.44,30,0
EPR,5,20210304,123000,3.3,3.42,3.3,3.42,1400,0
EPR,5,20210305,105000,3.36,3.36,3.36,3.36,10,0
EPR,5,20210305,150500,3.36,3.36,3.36,3.36,33,0
EPR,5,20210305,164500,3.46,3.46,3.46,3.46,20,0
EPR,5,20210308,154500,3.46,3.48,3.46,3.48,20,0
EPR,5,20210308,162500,3.48,3.48,3.48,3.48,10,0
EPR,5,20210308,164500,3.48,3.48,3.48,3.48,98,0
EPR,5,20210309,092500,3.5,3.52,3.5,3.52,30,0
EPR,5,20210309,103000,3.52,3.52,3.52,3.52,274,0
EPR,5,20210309,145500,3.52,3.58,3.4,3.58,4650,0
EPR,5,20210310,121000,3.38,3.5,3.32,3.5,2470,0
EPR,5,20210310,133000,3.5,3.5,3.5,3.5,11,0
EPR,5,20210311,090000,3.5,3.5,3.5,3.5,10,0
EPR,5,20210311,090500,3.5,3.5,3.5,3.5,20,0
EPR,5,20210311,093500,3.5,3.5,3.5,3.5,569,0
EPR,5,20210311,124500,3.48,3.52,3.48,3.52,2012,0
EPR,5,20210312,092000,3.54,3.56,3.54,3.56,25,0
EPR,5,20210312,111000,3.56,3.6,3.56,3.6,40,0
EPR,5,20210312,114500,3.66,3.66,3.66,3.66,20,0
EPR,5,20210312,134500,3.46,3.46,3.46,3.46,20,0
EPR,5,20210312,141500,3.46,3.46,3.46,3.46,480,0
EPR,5,20210312,143500,3.64,3.64,3.64,3.64,10,0
EPR,5,20210312,163500,3.46,3.46,3.46,3.46,20,0
EPR,5,20210312,164000,3.64,3.64,3.64,3.64,5,0
EPR,5,20210315,091500,3.68,3.68,3.68,3.68,20,0
EPR,5,20210315,092500,3.5,3.68,3.46,3.68,343,0
EPR,5,20210315,141000,3.46,3.46,3.46,3.46,1000,0
EPR,5,20210315,150000,3.66,3.66,3.66,3.66,10,0
EPR,5,20210316,090500,3.64,3.64,3.64,3.64,10,0
EPR,5,20210316,134000,3.5,3.5,3.5,3.5,350,0
EPR,5,20210316,145500,3.64,3.64,3.64,3.64,10,0
EPR,5,20210316,155500,3.5,3.5,3.5,3.5,710,0
EPR,5,20210316,161000,3.62,3.62,3.62,3.62,20,0
EPR,5,20210316,164000,3.62,3.62,3.62,3.62,9,0
EPR,5,20210317,090000,3.62,3.62,3.62,3.62,10,0
EPR,5,20210317,120000,3.56,3.56,3.56,3.56,400,0
EPR,5,20210317,120500,3.5,3.5,3.5,3.5,600,0
EPR,5,20210317,122000,3.56,3.62,3.56,3.62,20,0
EPR,5,20210317,133000,3.62,3.76,3.62,3.76,1404,0
EPR,5,20210317,133500,3.6,3.7,3.6,3.7,649,0
EPR,5,20210317,134000,3.7,4,3.7,4,4555,0
EPR,5,20210317,134500,4.02,4.28,3.94,4.28,2989,0
EPR,5,20210317,135000,4.24,4.24,4.2,4.24,530,0
EPR,5,20210317,135500,4.2,4.2,4.2,4.2,199,0
EPR,5,20210317,140000,4.06,4.22,4.06,4.16,2372,0
EPR,5,20210317,140500,4.12,4.28,4.12,4.28,1300,0
EPR,5,20210317,141000,4.26,4.34,4.2,4.34,2887,0
EPR,5,20210317,141500,4.34,4.34,4.34,4.34,400,0
EPR,5,20210317,142000,4.08,4.32,3.9,4.32,521,0
EPR,5,20210317,142500,4.32,4.34,4.32,4.34,2147,0
EPR,5,20210317,143500,4.4,4.46,4.4,4.46,2453,0
EPR,5,20210317,144000,4.6,5.15,4.58,5.15,14047,0
EPR,5,20210317,144500,5.15,5.15,5.15,5.15,1000,0
EPR,5,20210317,145500,4.8,5.2,4.8,5.2,4454,0
EPR,5,20210317,150000,5.1,5.2,5.1,5.2,4588,0
EPR,5,20210317,165500,5.5,5.5,5.5,5.5,4618,0
EPR,5,20210318,090000,6,6,5,5.15,13772,0
EPR,5,20210318,092000,5,5,5,5,800,0
EPR,5,20210318,092500,4.94,5.15,4.84,5.15,1012,0
EPR,5,20210318,093500,5.1,5.15,5.1,5.15,200,0
EPR,5,20210318,095000,4.88,4.88,4.88,4.88,330,0
EPR,5,20210318,095500,5.1,5.1,5.1,5.1,10,0
EPR,5,20210318,100000,5.1,5.15,4.9,4.9,583,0
EPR,5,20210318,100500,4.9,4.92,4.9,4.92,250,0
EPR,5,20210318,101500,5.1,5.1,5.1,5.1,10,0
EPR,5,20210318,102000,4.92,4.92,4.9,4.9,517,0
EPR,5,20210318,103000,4.88,5.1,4.82,5.1,684,0
EPR,5,20210318,103500,5.1,5.1,5.1,5.1,69,0
EPR,5,20210318,105000,4.9,4.9,4.9,4.9,60,0
EPR,5,20210318,105500,4.82,4.82,4.8,4.8,2404,0
EPR,5,20210318,110500,4.66,4.66,4.66,4.66,500,0
EPR,5,20210318,111000,4.54,4.54,4.52,4.54,499,0
EPR,5,20210318,111500,4.58,4.6,4.5,4.5,2041,0
EPR,5,20210318,112000,4.42,4.6,4.26,4.26,3439,0
EPR,5,20210318,112500,4.5,4.56,4.5,4.56,250,0
EPR,5,20210318,113000,4.56,4.58,4.46,4.58,230,0
EPR,5,20210318,113500,4.58,4.6,4.58,4.6,500,0
EPR,5,20210318,115500,4.5,4.56,4.48,4.56,476,0
EPR,5,20210318,123000,4.52,4.54,4.52,4.54,329,0
EPR,5,20210318,124500,4.54,4.54,4.54,4.54,260,0
EPR,5,20210318,125000,4.56,4.6,4.56,4.6,255,0
EPR,5,20210318,130000,4.68,4.68,4.68,4.68,25,0
EPR,5,20210318,130500,4.68,4.68,4.68,4.68,128,0
EPR,5,20210318,131000,4.68,4.7,4.68,4.7,1424,0
EPR,5,20210318,131500,4.7,4.7,4.7,4.7,100,0
EPR,5,20210318,134000,4.7,4.7,4.7,4.7,25,0
EPR,5,20210318,135000,4.7,4.7,4.7,4.7,112,0
EPR,5,20210318,135500,4.56,4.56,4.56,4.56,710,0
EPR,5,20210318,140000,4.68,4.68,4.68,4.68,25,0
EPR,5,20210318,154000,4.56,4.56,4.56,4.56,2,0
EPR,5,20210318,155500,4.52,4.52,4.5,4.52,423,0
EPR,5,20210318,160000,4.5,4.5,4.4,4.4,1568,0
EPR,5,20210318,161500,4.44,4.44,4.44,4.44,350,0
EPR,5,20210318,163000,4.5,4.5,4.5,4.5,50,0
EPR,5,20210318,163500,4.46,4.5,4.46,4.5,1150,0
EPR,5,20210318,164500,4.4,4.4,4.4,4.4,1200,0
EPR,5,20210319,090000,4.42,4.42,4.42,4.42,450,0
EPR,5,20210319,091500,4.42,4.42,4.4,4.4,26,0
EPR,5,20210319,092000,4.2,4.2,4.2,4.2,1000,0
EPR,5,20210319,092500,4.4,4.4,4.4,4.4,25,0
EPR,5,20210319,100500,4.4,4.4,4.4,4.4,10,0
EPR,5,20210319,101000,4.18,4.18,4.16,4.16,69,0
EPR,5,20210319,101500,4.4,4.4,4.4,4.4,10,0
EPR,5,20210319,113000,4.4,4.4,4.4,4.4,29,0
EPR,5,20210319,114500,4.16,4.16,4.14,4.14,450,0
EPR,5,20210319,115000,4.4,4.4,4.4,4.4,25,0
EPR,5,20210319,121000,4.14,4.14,4.14,4.14,105,0
EPR,5,20210319,121500,4.4,4.4,4.4,4.4,25,0
EPR,5,20210319,130500,4.16,4.4,4.16,4.4,1025,0
EPR,5,20210319,144500,4.4,4.46,4.4,4.46,385,0
EPR,5,20210319,153000,4.44,4.44,4.44,4.44,100,0
EPR,5,20210319,164000,4.4,4.4,4.4,4.4,100,0
EPR,5,20210319,164500,4.1,4.1,4.1,4.1,3024,0
EPR,5,20210322,090000,4,4,4,4,200,0
EPR,5,20210322,093000,4,4,4,4,1200,0
EPR,5,20210322,105500,4.08,4.08,4.08,4.08,370,0
EPR,5,20210322,110500,4.08,4.1,4.08,4.1,300,0
EPR,5,20210322,112000,4.08,4.1,4.08,4.1,2106,0
EPR,5,20210322,114000,4.4,4.4,4.4,4.4,50,0
EPR,5,20210322,124000,4.4,4.4,4.4,4.4,10,0
EPR,5,20210322,125500,4.4,4.4,4.4,4.4,25,0
EPR,5,20210322,154000,4.4,4.4,4.4,4.4,1,0
EPR,5,20210323,090000,4.48,4.48,4.48,4.48,125,0
EPR,5,20210323,090500,4.44,4.46,4.44,4.46,198,0
EPR,5,20210323,091000,4.48,4.48,4.48,4.48,102,0
EPR,5,20210323,092500,4.48,4.48,4.48,4.48,500,0
EPR,5,20210323,100000,4.46,4.46,4.46,4.46,10,0
EPR,5,20210323,100500,4.3,4.32,3.96,3.96,385,0
EPR,5,20210323,101000,3.96,4.2,3.92,4.2,160,0
EPR,5,20210323,102000,4,4.2,3.92,4.2,1740,0
EPR,5,20210323,104000,3.94,3.94,3.92,3.92,1000,0
EPR,5,20210323,105000,4.16,4.44,4.16,4.44,766,0
EPR,5,20210323,155000,4.4,4.4,4.4,4.4,100,0
EPR,5,20210323,160000,4.34,4.34,4.34,4.34,100,0
EPR,5,20210323,164000,4.34,4.34,4.34,4.34,26,0
EPR,5,20210324,090000,4.34,4.34,4.34,4.34,5,0
EPR,5,20210324,102500,4.4,4.4,4.4,4.4,20,0
EPR,5,20210324,153500,4.2,4.2,4.12,4.12,580,0
EPR,5,20210324,162000,4.26,4.28,4.26,4.28,25,0
EPR,5,20210325,092000,4.1,4.1,4.1,4.1,1230,0
EPR,5,20210325,094000,4.28,4.28,4.28,4.28,15,0
EPR,5,20210325,104000,4.3,4.38,4.3,4.38,25,0
EPR,5,20210325,120500,4.38,4.38,4.38,4.38,15,0
EPR,5,20210325,132500,4.38,4.38,4.38,4.38,10,0
EPR,5,20210325,134000,4.4,4.42,4.4,4.42,22,0
EPR,5,20210325,142500,4.2,4.2,4.02,4.02,500,0
EPR,5,20210325,145000,4.02,4.38,4.02,4.02,9917,0
EPR,5,20210325,150000,4.38,4.38,4.38,4.38,20,0
EPR,5,20210325,163000,4,4,4,4,5000,0
EPR,5,20210325,165500,4.3,4.3,4.3,4.3,31,0
EPR,5,20210326,090000,4.3,4.7,4.3,4.66,678,0
EPR,5,20210326,150000,4.5,4.5,4.5,4.5,12,0
