<TICKER>,<PER>,<DATE>,<TIME>,<OPEN>,<HIGH>,<LOW>,<CLOSE>,<VOL>,<OPENINT>
F51,5,20210204,090000,53.5,53.7,53.5,53.7,709,0
F51,5,20210204,090500,53.7,53.7,53.7,53.7,30,0
F51,5,20210204,092500,53.2,53.2,53.2,53.2,100,0
F51,5,20210204,093500,53.7,54,53.7,54,1948,0
F51,5,20210204,094000,54.2,54.5,54.2,54.5,621,0
F51,5,20210204,094500,54.4,54.5,54.4,54.5,100,0
F51,5,20210204,095000,54.5,54.6,54.5,54.6,990,0
F51,5,20210204,095500,54.7,54.7,54.7,54.7,90,0
F51,5,20210204,100500,54.8,54.9,54.6,54.6,272,0
F51,5,20210204,101000,54.6,54.6,54.6,54.6,75,0
F51,5,20210204,101500,54.6,54.6,54.6,54.6,77,0
F51,5,20210204,102000,54.6,54.6,54.6,54.6,100,0
F51,5,20210204,102500,54.7,54.7,54.7,54.7,41,0
F51,5,20210204,103000,54.8,54.8,54.6,54.6,160,0
F51,5,20210204,103500,54.6,54.6,54.6,54.6,96,0
F51,5,20210204,105500,54.4,54.4,54.3,54.3,243,0
F51,5,20210204,111000,54.7,54.7,54.7,54.7,15,0
F51,5,20210204,112000,54.6,54.7,54.6,54.7,273,0
F51,5,20210204,113000,54.6,54.6,54.6,54.6,30,0
F51,5,20210204,114500,54.5,54.5,54.2,54.2,120,0
F51,5,20210204,115500,54.6,54.6,54.6,54.6,2,0
F51,5,20210204,120500,54.6,54.6,54.6,54.6,100,0
F51,5,20210204,122000,54.6,54.6,54.6,54.6,4,0
F51,5,20210204,122500,54.6,54.6,54.6,54.6,175,0
F51,5,20210204,123000,54.6,54.6,54.3,54.3,50,0
F51,5,20210204,124500,54.6,54.6,54.6,54.6,9,0
F51,5,20210204,125000,54.3,54.3,54.3,54.3,3,0
F51,5,20210204,131000,54.3,54.3,54.2,54.2,93,0
F51,5,20210204,131500,54.2,54.2,54.2,54.2,7,0
F51,5,20210204,132000,54.4,54.4,54.4,54.4,12,0
F51,5,20210204,132500,54.2,54.2,54.2,54.2,90,0
F51,5,20210204,133000,54.4,54.4,54.4,54.4,183,0
F51,5,20210204,134000,54.1,54.1,54.1,54.1,30,0
F51,5,20210204,143500,54.4,54.6,54.4,54.6,667,0
F51,5,20210204,150000,54.5,54.7,54.5,54.7,179,0
F51,5,20210204,150500,54.8,54.8,54.8,54.8,300,0
F51,5,20210204,152500,54.7,54.7,54.1,54.4,682,0
F51,5,20210204,153500,54.4,54.8,54.1,54.8,195,0
F51,5,20210204,160000,54.6,54.6,54.6,54.6,5,0
F51,5,20210204,161000,54.8,55,54.8,55,784,0
F51,5,20210204,161500,55,55.3,55,55.3,378,0
F51,5,20210204,162000,55.5,55.7,55.5,55.7,825,0
F51,5,20210204,162500,55.7,55.7,55.2,55.2,337,0
F51,5,20210204,163000,55.6,55.7,55.6,55.7,150,0
F51,5,20210204,163500,55.7,55.7,55.7,55.7,75,0
F51,5,20210204,164500,55.7,55.7,55.7,55.7,280,0
F51,5,20210205,090000,55.5,55.5,55.5,55.5,100,0
F51,5,20210205,091000,55.4,55.6,55.4,55.5,169,0
F51,5,20210205,091500,54.7,54.7,54.4,54.5,273,0
F51,5,20210205,092000,55.5,55.5,55.5,55.5,10,0
F51,5,20210205,095500,55.3,55.3,55.3,55.3,5,0
F51,5,20210205,100500,55,55,55,55,10,0
F51,5,20210205,101000,55.3,55.3,55.3,55.3,1,0
F51,5,20210205,103500,55.3,55.5,54.5,55.4,70,0
F51,5,20210205,105500,54.9,54.9,54.9,54.9,140,0
F51,5,20210205,110000,54.9,55.2,54.9,55.2,30,0
F51,5,20210205,112000,55.3,55.3,55.3,55.3,60,0
F51,5,20210205,112500,55.3,55.4,55.3,55.4,130,0
F51,5,20210205,113000,55,55.4,54.9,55.4,60,0
F51,5,20210205,114500,55.4,55.4,55.4,55.4,15,0
F51,5,20210205,115000,55.4,55.4,55.4,55.4,32,0
F51,5,20210205,124000,55.3,55.3,55.3,55.3,200,0
F51,5,20210205,124500,55.4,55.4,55.4,55.4,54,0
F51,5,20210205,130000,55.4,55.4,55.4,55.4,128,0
F51,5,20210205,130500,55.4,55.4,55,55,13,0
F51,5,20210205,131000,54.9,55.3,54.9,55.3,62,0
F51,5,20210205,131500,55.3,55.5,55.3,55.5,19,0
F51,5,20210205,133000,55.5,55.6,55.5,55.6,100,0
F51,5,20210205,134500,55,55,55,55,70,0
F51,5,20210205,135000,55.6,55.6,55.6,55.6,5,0
F51,5,20210205,135500,55.5,55.5,55.5,55.5,50,0
F51,5,20210205,140000,55.5,55.5,55.5,55.5,9,0
F51,5,20210205,141500,55.1,55.1,55.1,55.1,100,0
F51,5,20210205,144000,55.1,55.1,55.1,55.1,93,0
F51,5,20210205,145500,55.1,55.1,55,55,132,0
F51,5,20210205,152000,55,55,55,55,10,0
F51,5,20210205,154500,54.9,54.9,54.6,54.6,116,0
F51,5,20210205,155000,54.6,54.6,54.6,54.6,1,0
F51,5,20210205,161500,55.3,55.3,55.3,55.3,50,0
F51,5,20210205,162000,55.4,55.5,55.4,55.5,325,0
F51,5,20210205,162500,55.5,55.8,55.5,55.8,920,0
F51,5,20210205,163000,55.8,55.8,55.8,55.8,293,0
F51,5,20210205,163500,56,56.5,56,56.5,810,0
F51,5,20210205,164000,56,56,56,56,1494,0
F51,5,20210205,164500,56.5,56.5,56.5,56.5,248,0
F51,5,20210208,090000,57.8,57.8,56.6,56.8,1748,0
F51,5,20210208,090500,57.1,58,57.1,58,915,0
F51,5,20210208,091000,56.8,57.8,56.8,57.8,39,0
F51,5,20210208,092000,57,57,57,57,260,0
F51,5,20210208,092500,57,57,57,57,40,0
F51,5,20210208,093000,57.5,57.5,57.5,57.5,200,0
F51,5,20210208,094500,56.8,56.8,56.8,56.8,10,0
F51,5,20210208,095500,57.2,57.2,56.8,57.2,225,0
F51,5,20210208,100000,56.9,56.9,56.9,56.9,25,0
F51,5,20210208,100500,56.9,56.9,56.9,56.9,100,0
F51,5,20210208,101000,56.9,56.9,56.9,56.9,24,0
F51,5,20210208,101500,57,57,57,57,37,0
F51,5,20210208,102000,57,57.1,57,57.1,190,0
F51,5,20210208,102500,57.1,57.2,57.1,57.2,15,0
F51,5,20210208,104000,56.9,56.9,56.7,56.7,285,0
F51,5,20210208,104500,56.7,56.7,56.6,56.6,114,0
F51,5,20210208,105000,56.7,56.7,56.7,56.7,3,0
F51,5,20210208,105500,56.5,56.5,56.5,56.5,196,0
F51,5,20210208,110000,56.5,56.5,56.2,56.2,275,0
F51,5,20210208,110500,56.5,57,56.5,56.8,20,0
F51,5,20210208,111500,56.5,56.5,56.5,56.5,10,0
F51,5,20210208,112000,56.5,56.8,56.5,56.8,120,0
F51,5,20210208,112500,57,57,57,57,100,0
F51,5,20210208,113000,57,57,57,57,440,0
F51,5,20210208,113500,57.2,57.4,57,57,603,0
F51,5,20210208,114000,57,57,57,57,15,0
F51,5,20210208,114500,57,57,57,57,95,0
F51,5,20210208,115000,57.4,57.4,57.4,57.4,10,0
F51,5,20210208,115500,57,57,57,57,14,0
F51,5,20210208,120000,57.1,57.4,57.1,57.4,111,0
F51,5,20210208,121500,57.4,57.4,57.4,57.4,39,0
F51,5,20210208,122000,57.1,57.1,57.1,57.1,5,0
F51,5,20210208,124000,57.1,57.1,57,57,263,0
F51,5,20210208,124500,57,57,57,57,55,0
F51,5,20210208,125000,57,57,56.9,57,23,0
F51,5,20210208,125500,56.6,57,56.6,57,135,0
F51,5,20210208,131500,57,57,57,57,40,0
F51,5,20210208,132000,56.5,56.5,56.5,56.5,200,0
F51,5,20210208,132500,56.6,56.6,56.6,56.6,119,0
F51,5,20210208,133000,56.5,56.5,56.5,56.5,1440,0
F51,5,20210208,133500,56.5,56.5,56,56,306,0
F51,5,20210208,134000,56.6,56.6,56.6,56.6,250,0
F51,5,20210208,134500,56.6,56.6,56,56,110,0
F51,5,20210208,140500,56.7,56.7,56.7,56.7,10,0
F51,5,20210208,150000,56.1,56.1,56.1,56.1,10,0
F51,5,20210208,150500,56.7,56.7,56.1,56.7,51,0
F51,5,20210208,151500,56.7,56.7,56.7,56.7,79,0
F51,5,20210208,152000,56.9,56.9,56.2,56.2,60,0
F51,5,20210208,152500,56.9,56.9,56.9,56.9,336,0
F51,5,20210208,155000,56.5,56.9,56.5,56.9,163,0
F51,5,20210208,160500,56.8,56.8,56.8,56.8,8,0
F51,5,20210208,162500,56.5,56.5,56.3,56.5,244,0
F51,5,20210208,163000,56.7,56.8,56.2,56.2,141,0
F51,5,20210208,164000,56.7,56.7,56.7,56.7,5,0
F51,5,20210208,164500,56.8,56.8,56.8,56.8,20,0
F51,5,20210209,090000,56,56,56,56,217,0
F51,5,20210209,090500,55.1,56,54,55.9,547,0
F51,5,20210209,091000,55.6,55.8,55.6,55.8,61,0
F51,5,20210209,091500,55,55,55,55,100,0
F51,5,20210209,092000,55.4,55.4,55.4,55.4,15,0
F51,5,20210209,092500,55.4,55.4,55.4,55.4,8,0
F51,5,20210209,093000,55.4,55.4,54.8,54.8,160,0
F51,5,20210209,093500,55,55,54.1,54.5,804,0
F51,5,20210209,094000,54.1,54.1,54,54,1503,0
F51,5,20210209,094500,54.7,54.7,54.7,54.7,3,0
F51,5,20210209,095000,54.7,54.8,54.7,54.8,72,0
F51,5,20210209,095500,54.8,54.8,53.9,53.9,992,0
F51,5,20210209,100000,53.8,54,53,53.1,2590,0
F51,5,20210209,100500,53.9,53.9,53.7,53.7,76,0
F51,5,20210209,101000,54,54.5,54,54.5,288,0
F51,5,20210209,102000,54.5,54.5,54.5,54.5,20,0
F51,5,20210209,102500,54.4,54.4,54,54,28,0
F51,5,20210209,103500,54.6,54.7,54.3,54.3,106,0
F51,5,20210209,104500,54.5,54.8,53.9,53.9,392,0
F51,5,20210209,110000,54.1,54.1,54,54,100,0
F51,5,20210209,110500,54,54,54,54,665,0
F51,5,20210209,112000,54.7,54.7,54,54,52,0
F51,5,20210209,114000,54.7,54.7,54.7,54.7,20,0
F51,5,20210209,114500,54.7,54.7,54.7,54.7,110,0
F51,5,20210209,115000,54.8,54.8,54.1,54.1,133,0
F51,5,20210209,120000,54.7,54.7,54.7,54.7,5,0
F51,5,20210209,121000,54.7,54.7,54.7,54.7,20,0
F51,5,20210209,122000,54.7,54.8,54.7,54.7,84,0
F51,5,20210209,124000,54.5,54.5,54.5,54.5,175,0
F51,5,20210209,130000,54.7,54.7,54.7,54.7,73,0
F51,5,20210209,130500,54.2,54.2,54.2,54.2,150,0
F51,5,20210209,131500,54.7,54.7,54.5,54.7,117,0
F51,5,20210209,134000,54.5,54.5,54.5,54.5,289,0
F51,5,20210209,140000,54.6,54.6,54.5,54.5,150,0
F51,5,20210209,140500,54.6,54.6,54.5,54.5,351,0
F51,5,20210209,141000,54.2,54.5,54.2,54.5,43,0
F51,5,20210209,141500,54.2,54.2,53.7,53.7,578,0
F51,5,20210209,142500,54.2,54.2,54.2,54.2,14,0
F51,5,20210209,143500,54.3,54.3,54.3,54.3,123,0
F51,5,20210209,145500,54,54,54,54,16,0
F51,5,20210209,151500,53.6,53.6,53.6,53.6,98,0
F51,5,20210209,152000,53.5,54,53.4,53.9,325,0
F51,5,20210209,152500,53.9,54,53.9,54,163,0
F51,5,20210209,153000,54,54,54,54,29,0
F51,5,20210209,155000,53.8,53.8,53.8,53.8,100,0
F51,5,20210209,160500,54,54,53.9,53.9,157,0
F51,5,20210209,161500,53.8,54,53.8,54,244,0
F51,5,20210209,162000,54,55,54,55,1574,0
F51,5,20210209,162500,54.9,55.8,54.8,55.8,600,0
F51,5,20210209,163000,55.7,55.8,55.7,55.8,170,0
F51,5,20210209,163500,55.3,55.5,55.3,55.5,600,0
F51,5,20210209,164500,55.5,55.8,55.5,55.5,193,0
F51,5,20210210,090000,54.1,55,53.9,53.9,672,0
F51,5,20210210,090500,53.7,54.9,53.7,54.9,74,0
F51,5,20210210,091000,54.9,55,54.1,54.1,96,0
F51,5,20210210,091500,54.1,54.1,54,54,20,0
F51,5,20210210,093500,55,55.8,55,55.8,150,0
F51,5,20210210,094000,54.2,54.2,54.2,54.2,5,0
F51,5,20210210,094500,55.4,55.5,54.3,54.3,339,0
F51,5,20210210,095500,54.2,54.2,54.2,54.2,1,0
F51,5,20210210,100000,54.2,54.2,54.1,54.1,150,0
F51,5,20210210,101000,54,54,54,54,133,0
F51,5,20210210,102000,54.9,54.9,54.9,54.9,10,0
F51,5,20210210,102500,54.9,54.9,54.9,54.9,48,0
F51,5,20210210,103500,54,54,54,54,100,0
F51,5,20210210,105000,54,54,54,54,20,0
F51,5,20210210,110500,54,54,53.8,54,830,0
F51,5,20210210,111500,53.8,53.8,53.7,53.7,100,0
F51,5,20210210,113000,54,54,54,54,100,0
F51,5,20210210,113500,54.2,54.2,54.2,54.2,80,0
F51,5,20210210,114000,54.4,54.4,54.4,54.4,44,0
F51,5,20210210,115000,54,54,54,54,20,0
F51,5,20210210,121500,54,54.3,54,54.3,120,0
F51,5,20210210,123500,54.4,54.5,54.4,54.5,105,0
F51,5,20210210,124500,53.8,53.8,53.8,53.8,30,0
F51,5,20210210,130000,53.7,53.7,53.7,53.7,110,0
F51,5,20210210,130500,54,54,54,54,3,0
F51,5,20210210,132000,53.7,53.7,53.6,53.6,200,0
F51,5,20210210,132500,53.7,54.2,53.7,54.2,207,0
F51,5,20210210,133500,54,54.1,54,54.1,240,0
F51,5,20210210,134000,54.1,54.2,54,54.2,112,0
F51,5,20210210,135000,54.5,54.8,54.5,54.8,10,0
F51,5,20210210,141500,54.8,54.9,54.8,54.9,440,0
F51,5,20210210,142000,54.9,54.9,54.9,54.9,40,0
F51,5,20210210,142500,54.9,54.9,53.9,53.9,151,0
F51,5,20210210,143000,54,54,54,54,18,0
F51,5,20210210,143500,54.1,54.1,54.1,54.1,57,0
F51,5,20210210,144000,54.8,54.8,54.8,54.8,3,0
F51,5,20210210,151500,55,55,55,55,5,0
F51,5,20210210,152000,55,55,55,55,45,0
F51,5,20210210,152500,54.2,54.2,54.2,54.2,5,0
F51,5,20210210,154000,54.9,54.9,54.9,54.9,15,0
F51,5,20210210,154500,54.8,54.8,54.8,54.8,31,0
F51,5,20210210,160000,54.2,54.2,54.1,54.1,25,0
F51,5,20210210,160500,54.1,54.1,54.1,54.1,50,0
F51,5,20210210,161500,54.3,54.3,54.3,54.3,9,0
F51,5,20210210,162500,54.1,54.2,53.6,53.6,1180,0
F51,5,20210210,163000,54.1,54.1,54.1,54.1,1,0
F51,5,20210210,164000,53.7,53.7,53.5,53.5,457,0
F51,5,20210210,164500,54,54,52.9,53.9,2513,0
F51,5,20210211,090000,53.7,53.7,52.9,53,377,0
F51,5,20210211,090500,53,53,53,53,75,0
F51,5,20210211,091000,52.9,53,52.9,53,50,0
F51,5,20210211,091500,53.1,53.1,53.1,53.1,10,0
F51,5,20210211,092000,53.1,53.1,53.1,53.1,10,0
F51,5,20210211,092500,53.7,54.4,53.3,53.3,1126,0
F51,5,20210211,095000,53.6,53.6,53.6,53.6,15,0
F51,5,20210211,095500,54.5,54.5,54.5,54.5,3,0
F51,5,20210211,101000,54,54.5,54,54.5,100,0
F51,5,20210211,101500,53.6,53.6,53.6,53.6,22,0
F51,5,20210211,102500,53.6,53.6,53.1,53.1,500,0
F51,5,20210211,103000,53.2,53.2,53,53,450,0
F51,5,20210211,103500,54.1,54.1,54.1,54.1,2,0
F51,5,20210211,104500,53.1,53.1,53,53,993,0
F51,5,20210211,112000,53.9,54,53.9,54,80,0
F51,5,20210211,114500,54,54,54,54,30,0
F51,5,20210211,121000,54,54,53.2,53.2,159,0
F51,5,20210211,121500,53.3,54.3,53.3,54.3,97,0
F51,5,20210211,122500,54,54,54,54,199,0
F51,5,20210211,123500,53.5,53.5,53.5,53.5,171,0
F51,5,20210211,130000,53.6,53.6,53.5,53.5,200,0
F51,5,20210211,132500,53.5,53.5,53.5,53.5,100,0
F51,5,20210211,134000,53.9,53.9,53.9,53.9,19,0
F51,5,20210211,135500,53.9,54.4,53.9,54.4,100,0
F51,5,20210211,140500,53.9,53.9,53.9,53.9,8,0
F51,5,20210211,141500,54,54,53.9,53.9,150,0
F51,5,20210211,142500,54.1,55,53.5,53.5,458,0
F51,5,20210211,144000,54,54,54,54,200,0
F51,5,20210211,144500,54,54.6,54,54.6,198,0
F51,5,20210211,152000,54.6,54.6,54.6,54.6,10,0
F51,5,20210211,153000,54,54,54,54,30,0
F51,5,20210211,161000,54.4,54.4,54.4,54.4,1,0
F51,5,20210211,162500,54,54,53.7,53.7,220,0
F51,5,20210211,164500,54,54,53.9,53.9,261,0
F51,5,20210212,090000,53.8,53.8,53.5,53.5,54,0
F51,5,20210212,090500,53.5,53.5,53.2,53.2,56,0
F51,5,20210212,091500,54.5,54.6,54.5,54.6,50,0
F51,5,20210212,092500,54.6,54.6,54.6,54.6,5,0
F51,5,20210212,093500,54,54,54,54,85,0
F51,5,20210212,094000,54,54,53.9,53.9,193,0
F51,5,20210212,095500,54.3,54.3,54.3,54.3,36,0
F51,5,20210212,100000,54.3,54.3,54.3,54.3,16,0
F51,5,20210212,102000,54.2,54.4,54.2,54.4,294,0
F51,5,20210212,103000,54.4,54.5,54.4,54.5,603,0
F51,5,20210212,103500,54.4,54.4,54.4,54.4,152,0
F51,5,20210212,104000,54.4,54.5,54.4,54.5,146,0
F51,5,20210212,104500,54.5,54.5,54.5,54.5,19,0
F51,5,20210212,105000,54.6,54.6,54.6,54.6,92,0
F51,5,20210212,105500,54.6,54.6,54.6,54.6,47,0
F51,5,20210212,110000,54.6,54.6,54,54,63,0
F51,5,20210212,110500,53.6,53.6,53.6,53.6,102,0
F51,5,20210212,111000,54.6,54.6,54.6,54.6,9,0
F51,5,20210212,114500,54,54,54,54,500,0
F51,5,20210212,120000,53.7,53.7,53.5,53.5,220,0
F51,5,20210212,122000,53.7,53.7,53.7,53.7,50,0
F51,5,20210212,122500,53.6,53.6,53.5,53.5,690,0
F51,5,20210212,123000,53.5,53.5,53.5,53.5,400,0
F51,5,20210212,123500,54.1,54.1,54.1,54.1,30,0
F51,5,20210212,133000,54,54,54,54,110,0
F51,5,20210212,134500,54.4,54.4,54.4,54.4,28,0
F51,5,20210212,135000,54.5,54.5,54.5,54.5,30,0
F51,5,20210212,135500,54.5,54.5,54.5,54.5,3,0
F51,5,20210212,141000,54.4,54.4,54,54,69,0
F51,5,20210212,142000,54,54,54,54,100,0
F51,5,20210212,142500,54,54,53.9,53.9,141,0
F51,5,20210212,145500,54.5,54.5,54.5,54.5,33,0
F51,5,20210212,150500,54.5,54.5,54.5,54.5,15,0
F51,5,20210212,151000,54.5,55.3,54.5,55.3,816,0
F51,5,20210212,152000,55,55,55,55,14,0
F51,5,20210212,153500,54.5,54.5,54.1,54.1,35,0
F51,5,20210212,155000,55,55,55,55,10,0
F51,5,20210212,160500,55,55,55,55,80,0
F51,5,20210212,161000,54.6,54.6,54.6,54.6,225,0
F51,5,20210212,162000,54.5,54.5,54.5,54.5,200,0
F51,5,20210212,162500,54.5,54.5,54.5,54.5,300,0
F51,5,20210212,164500,55.2,55.2,55.2,55.2,321,0
F51,5,20210215,090000,55.3,56,54,55.8,1899,0
F51,5,20210215,090500,55,55,55,55,155,0
F51,5,20210215,091000,55,55,55,55,841,0
F51,5,20210215,092000,55,56,55,56,390,0
F51,5,20210215,092500,56,56,56,56,30,0
F51,5,20210215,093000,55.8,55.8,55.8,55.8,15,0
F51,5,20210215,093500,55.9,55.9,55,55,256,0
F51,5,20210215,094000,55.8,55.8,55.8,55.8,48,0
F51,5,20210215,094500,55.8,55.8,54.8,54.8,141,0
F51,5,20210215,095000,55.8,55.8,55.8,55.8,3,0
F51,5,20210215,095500,55,55,55,55,20,0
F51,5,20210215,100000,55.6,55.6,55.6,55.6,10,0
F51,5,20210215,100500,55,55,55,55,60,0
F51,5,20210215,101000,55,55,54.8,54.8,50,0
F51,5,20210215,102000,55,55,54.8,54.8,150,0
F51,5,20210215,103000,54.8,54.8,54,54,420,0
F51,5,20210215,103500,54.2,54.2,54,54,280,0
F51,5,20210215,104000,54.1,54.1,54,54,125,0
F51,5,20210215,104500,54.9,54.9,54.9,54.9,10,0
F51,5,20210215,105500,55,55,55,55,4,0
F51,5,20210215,111000,55,55,55,55,16,0
F51,5,20210215,112500,55,55,55,55,29,0
F51,5,20210215,113000,55,55,55,55,86,0
F51,5,20210215,114000,55,55,55,55,4,0
F51,5,20210215,115000,54.6,54.6,54.6,54.6,196,0
F51,5,20210215,122500,54.8,54.8,54.4,54.4,233,0
F51,5,20210215,124500,55,55,55,55,3,0
F51,5,20210215,125500,54.6,55.4,54.4,55.3,324,0
F51,5,20210215,130000,55.4,55.4,55.4,55.4,250,0
F51,5,20210215,131500,55.6,55.6,55.6,55.6,10,0
F51,5,20210215,142000,55,55,55,55,45,0
F51,5,20210215,143000,55.5,55.6,55.5,55.6,30,0
F51,5,20210215,150000,55.6,55.7,55.6,55.7,70,0
F51,5,20210215,152000,55.7,55.7,55.7,55.7,130,0
F51,5,20210215,153000,55.5,55.8,55.5,55.8,22,0
F51,5,20210215,153500,55.5,55.5,55.5,55.5,84,0
F51,5,20210215,155500,55.6,55.6,55.6,55.6,20,0
F51,5,20210215,160000,55,55,55,55,4,0
F51,5,20210215,160500,55,55,55,55,100,0
F51,5,20210215,161000,55,55,55,55,114,0
F51,5,20210215,161500,55,55,55,55,200,0
F51,5,20210215,162000,55.1,55.1,55,55,100,0
F51,5,20210215,163000,55.5,55.5,55.5,55.5,9,0
F51,5,20210215,163500,55.5,55.5,55.5,55.5,256,0
F51,5,20210215,164500,55.6,55.6,55.6,55.6,35,0
F51,5,20210216,090500,55.6,55.6,55.6,55.6,60,0
F51,5,20210216,091000,55.6,55.6,55.1,55.1,100,0
F51,5,20210216,091500,55,55.8,55,55.1,258,0
F51,5,20210216,092000,55.5,55.8,55.5,55.8,407,0
F51,5,20210216,092500,55.8,55.9,55.8,55.9,8,0
F51,5,20210216,093000,55.2,55.6,55.2,55.6,74,0
F51,5,20210216,094000,55.9,55.9,55.9,55.9,100,0
F51,5,20210216,094500,56,56,55.6,55.6,95,0
F51,5,20210216,095000,55.5,55.5,55.5,55.5,50,0
F51,5,20210216,101000,55.9,55.9,55.9,55.9,89,0
F51,5,20210216,101500,55.5,55.9,55.5,55.9,104,0
F51,5,20210216,102000,56,56,56,56,380,0
F51,5,20210216,102500,55.8,56.1,55.8,56.1,2804,0
F51,5,20210216,103000,56,56.9,56,56.9,276,0
F51,5,20210216,103500,56.9,57,56.9,56.9,544,0
F51,5,20210216,104000,56.9,57,56.9,57,40,0
F51,5,20210216,104500,57,57.2,57,57.2,120,0
F51,5,20210216,105000,57.2,57.8,57.2,57.8,160,0
F51,5,20210216,105500,57.6,57.7,57.5,57.7,115,0
F51,5,20210216,110000,57.7,58,57.5,58,405,0
F51,5,20210216,110500,57.9,58.8,57.9,58.8,798,0
F51,5,20210216,111000,58.4,58.4,58.2,58.2,50,0
F51,5,20210216,111500,58.3,58.7,58.2,58.7,540,0
F51,5,20210216,112000,58.7,58.7,58.4,58.4,114,0
F51,5,20210216,112500,58.2,58.2,58.2,58.2,50,0
F51,5,20210216,113500,58.2,58.5,56.7,56.8,481,0
F51,5,20210216,114500,57.3,57.3,57.1,57.1,70,0
F51,5,20210216,115500,57.3,57.4,57.3,57.4,40,0
F51,5,20210216,120000,57.3,57.4,57.3,57.4,110,0
F51,5,20210216,120500,57.4,58,57.4,58,65,0
F51,5,20210216,121500,58,58,58,58,9,0
F51,5,20210216,123000,57.6,57.6,57.3,57.3,50,0
F51,5,20210216,123500,57.3,57.9,57.3,57.9,56,0
F51,5,20210216,125000,58,58,58,58,46,0
F51,5,20210216,125500,57.3,57.3,57.3,57.3,75,0
F51,5,20210216,130000,57.4,57.4,57.4,57.4,50,0
F51,5,20210216,131500,57.4,57.4,57.4,57.4,72,0
F51,5,20210216,135000,57.9,57.9,57.9,57.9,10,0
F51,5,20210216,140000,57.9,57.9,57.9,57.9,17,0
F51,5,20210216,140500,57.9,57.9,57.9,57.9,23,0
F51,5,20210216,141000,57.9,57.9,57.9,57.9,2,0
F51,5,20210216,142000,57.8,57.8,57.8,57.8,50,0
F51,5,20210216,145000,57.9,58.2,57.9,58.2,390,0
F51,5,20210216,145500,57.9,57.9,57.9,57.9,58,0
F51,5,20210216,150500,57.9,57.9,57.9,57.9,17,0
F51,5,20210216,151000,58,58,57.5,57.5,860,0
F51,5,20210216,151500,58.2,58.2,58.1,58.2,140,0
F51,5,20210216,152500,58.1,58.3,58,58,419,0
F51,5,20210216,153000,58,58,58,58,123,0
F51,5,20210216,153500,58,58,58,58,10,0
F51,5,20210216,154500,58,58,57.8,57.8,57,0
F51,5,20210216,155000,57.8,58.3,57.8,58.3,60,0
F51,5,20210216,155500,58.3,58.3,57.7,57.7,183,0
F51,5,20210216,160000,57.6,57.6,57.6,57.6,117,0
F51,5,20210216,160500,58,58,58,58,34,0
F51,5,20210216,161500,58.2,58.3,58.2,58.3,85,0
F51,5,20210216,162000,58.3,58.5,58.1,58.5,290,0
F51,5,20210216,162500,58.4,58.4,58.4,58.4,100,0
F51,5,20210216,163000,58.3,58.3,57.8,57.8,259,0
F51,5,20210216,163500,57.8,58.3,57.8,58.3,101,0
F51,5,20210216,164000,58.1,58.3,58,58.3,290,0
F51,5,20210216,164500,58.3,58.3,58.3,58.3,60,0
F51,5,20210217,090000,59,59,58.6,58.6,1458,0
F51,5,20210217,091000,59,59,58.1,59,383,0
F51,5,20210217,092000,58.7,58.7,58.7,58.7,49,0
F51,5,20210217,092500,58.4,58.4,58.4,58.4,100,0
F51,5,20210217,094000,58.6,58.7,58.6,58.7,100,0
F51,5,20210217,094500,58.7,58.9,58.5,58.9,305,0
F51,5,20210217,095500,59,59.3,59,59.3,1172,0
F51,5,20210217,100500,59.3,59.3,59.3,59.3,150,0
F51,5,20210217,102000,58.6,58.6,58.6,58.6,100,0
F51,5,20210217,103000,59.2,59.2,59.2,59.2,25,0
F51,5,20210217,104500,59.1,59.1,58.6,58.6,518,0
F51,5,20210217,105000,59,59,59,59,13,0
F51,5,20210217,110000,59,59,59,59,150,0
F51,5,20210217,111500,59,59,59,59,33,0
F51,5,20210217,113500,59,59,59,59,1155,0
F51,5,20210217,114500,59,59,59,59,44,0
F51,5,20210217,120500,58.6,59.1,58.6,59.1,60,0
F51,5,20210217,121000,59,59,59,59,5,0
F51,5,20210217,121500,58.5,58.5,58.5,58.5,1,0
F51,5,20210217,122000,59,59,59,59,14,0
F51,5,20210217,122500,59,59,59,59,203,0
F51,5,20210217,123000,58.5,58.5,58.5,58.5,120,0
F51,5,20210217,123500,59.1,59.1,59.1,59.1,30,0
F51,5,20210217,124500,59.1,59.1,59.1,59.1,700,0
F51,5,20210217,125500,58.7,58.7,58.5,58.5,500,0
F51,5,20210217,130000,58.4,59,58.4,59,70,0
F51,5,20210217,130500,58.4,58.4,58.4,58.4,30,0
F51,5,20210217,131000,58.8,58.8,58.8,58.8,10,0
F51,5,20210217,131500,58.5,58.5,58.5,58.5,60,0
F51,5,20210217,132500,58.5,58.5,58.5,58.5,40,0
F51,5,20210217,133000,58.5,58.5,58.5,58.5,10,0
F51,5,20210217,134500,58.7,58.8,58.7,58.8,79,0
F51,5,20210217,135500,58.9,58.9,58.9,58.9,108,0
F51,5,20210217,141000,58.9,59,58.9,59,20,0
F51,5,20210217,142000,58.5,58.5,58.5,58.5,200,0
F51,5,20210217,143000,58.5,58.5,58.5,58.5,67,0
F51,5,20210217,144500,58.5,58.5,58.5,58.5,223,0
F51,5,20210217,145000,58.4,58.4,58.4,58.4,50,0
F51,5,20210217,145500,58.4,58.4,58.4,58.4,100,0
F51,5,20210217,150500,58.3,58.9,58.3,58.9,114,0
F51,5,20210217,151000,58.3,58.3,58.3,58.3,158,0
F51,5,20210217,153000,58.2,58.2,57.7,57.7,1589,0
F51,5,20210217,153500,57.7,58.1,57.5,58.1,319,0
F51,5,20210217,154000,58.1,58.1,58.1,58.1,32,0
F51,5,20210217,154500,58,58,57.6,57.6,203,0
F51,5,20210217,155000,57.6,57.6,57.6,57.6,95,0
F51,5,20210217,160500,58,58,58,58,88,0
F51,5,20210217,161000,58.4,58.4,58.4,58.4,25,0
F51,5,20210217,163000,58.6,58.6,58.6,58.6,15,0
F51,5,20210217,164000,58,58,58,58,100,0
F51,5,20210217,164500,58.6,58.9,58.6,58.9,285,0
F51,5,20210218,090000,59,59,58.9,58.9,380,0
F51,5,20210218,090500,58.9,58.9,58.9,58.9,120,0
F51,5,20210218,091000,58.7,59,58.7,59,1457,0
F51,5,20210218,091500,59,59.5,59,59.5,990,0
F51,5,20210218,092000,58.7,59.3,58.7,59.3,125,0
F51,5,20210218,092500,59.1,59.1,58.7,58.7,70,0
F51,5,20210218,093000,59.1,59.4,59.1,59.4,143,0
F51,5,20210218,093500,59,59.4,59,59.4,174,0
F51,5,20210218,094000,59.5,59.5,59.5,59.5,39,0
F51,5,20210218,094500,59.5,59.5,59.5,59.5,80,0
F51,5,20210218,095000,59.5,59.6,59,59.6,1598,0
F51,5,20210218,095500,59.6,59.6,59.6,59.6,20,0
F51,5,20210218,100500,59.5,59.5,59.5,59.5,130,0
F51,5,20210218,101000,59.5,60.7,59.5,60.7,6614,0
F51,5,20210218,101500,60.7,61.2,60.7,61.2,596,0
F51,5,20210218,102000,61,61.1,60,61.1,1031,0
F51,5,20210218,102500,61.1,61.1,61,61.1,410,0
F51,5,20210218,103000,61,61,61,61,82,0
F51,5,20210218,103500,61,61,61,61,618,0
F51,5,20210218,104000,60.8,60.8,60.1,60.1,337,0
F51,5,20210218,104500,60.1,60.6,60,60.6,270,0
F51,5,20210218,105000,60.6,60.6,60.1,60.1,61,0
F51,5,20210218,110000,60.6,60.6,60,60,706,0
F51,5,20210218,110500,60.2,60.8,60,60.8,345,0
F51,5,20210218,111000,60.8,60.8,60.8,60.8,48,0
F51,5,20210218,111500,60.8,60.9,60.5,60.5,433,0
F51,5,20210218,112000,60.6,60.6,60.5,60.5,140,0
F51,5,20210218,113000,60.6,60.9,60.5,60.9,410,0
F51,5,20210218,113500,60.5,60.5,60.2,60.2,359,0
F51,5,20210218,114000,60.9,60.9,60.9,60.9,75,0
F51,5,20210218,114500,60.9,61,60.9,60.9,557,0
F51,5,20210218,115000,60.3,61.1,60.2,60.2,592,0
F51,5,20210218,115500,61.1,61.1,61.1,61.1,25,0
F51,5,20210218,120000,61.1,61.1,61.1,61.1,15,0
F51,5,20210218,122000,61,61.4,61,61.2,1724,0
F51,5,20210218,122500,61.4,61.4,61,61,417,0
F51,5,20210218,123000,61.4,61.5,61.4,61.5,150,0
F51,5,20210218,123500,61.5,61.5,61.5,61.5,24,0
F51,5,20210218,124000,61.4,61.4,61,61,399,0
F51,5,20210218,124500,61.3,61.4,61,61,500,0
F51,5,20210218,125000,61.4,61.4,61.4,61.4,30,0
F51,5,20210218,125500,61.3,61.3,61.3,61.3,23,0
F51,5,20210218,131000,61.1,61.2,61.1,61.2,50,0
F51,5,20210218,131500,61.2,61.2,61.2,61.2,17,0
F51,5,20210218,132500,61,61,61,61,175,0
F51,5,20210218,133000,61,61,60.9,60.9,245,0
F51,5,20210218,133500,61,61,61,61,136,0
F51,5,20210218,134000,61,61,61,61,10,0
F51,5,20210218,134500,61,61,61,61,9,0
F51,5,20210218,140500,60.8,60.8,60.6,60.6,128,0
F51,5,20210218,141000,61,61,61,61,97,0
F51,5,20210218,142000,60.6,60.6,60.5,60.5,444,0
F51,5,20210218,142500,60.9,60.9,60.9,60.9,29,0
F51,5,20210218,150000,60.5,60.9,60.3,60.3,365,0
F51,5,20210218,150500,60.3,60.3,60.3,60.3,3,0
F51,5,20210218,151000,60.2,60.8,60.2,60.8,205,0
F51,5,20210218,151500,60.5,60.5,60.1,60.1,180,0
F51,5,20210218,152000,60.1,60.1,60,60,300,0
F51,5,20210218,152500,60.5,60.5,60,60,90,0
F51,5,20210218,153000,60.1,60.1,60,60,144,0
F51,5,20210218,154000,59.1,59.4,59.1,59.4,83,0
F51,5,20210218,154500,59.7,59.7,59.7,59.7,188,0
F51,5,20210218,155000,59.7,59.7,59.7,59.7,20,0
F51,5,20210218,160500,59.7,59.7,59.2,59.2,127,0
F51,5,20210218,161000,59.2,59.5,59,59.5,420,0
F51,5,20210218,161500,59.4,59.6,59.4,59.6,110,0
F51,5,20210218,162000,59.1,59.1,59,59,462,0
F51,5,20210218,162500,59,59.7,58.9,59.7,1567,0
F51,5,20210218,163000,59.7,59.9,59.7,59.9,30,0
F51,5,20210218,163500,58.8,59.8,58.8,59.7,220,0
F51,5,20210218,164000,59,59.7,59,59.7,39,0
F51,5,20210218,164500,59,59.8,59,59.8,631,0
F51,5,20210219,090000,58,60.3,58,60.3,2047,0
F51,5,20210219,090500,60,61,60,61,110,0
F51,5,20210219,091000,60.5,60.5,60,60,214,0
F51,5,20210219,091500,60,60.9,60,60.9,98,0
F51,5,20210219,092000,60,60,60,60,10,0
F51,5,20210219,092500,60,60,60,60,810,0
F51,5,20210219,093500,59.9,59.9,59.6,59.6,192,0
F51,5,20210219,094000,59.3,59.9,59.3,59.9,34,0
F51,5,20210219,094500,59.3,59.3,59.3,59.3,31,0
F51,5,20210219,095000,59.9,59.9,59.9,59.9,100,0
F51,5,20210219,100000,59.8,59.8,59.8,59.8,17,0
F51,5,20210219,100500,59.8,59.8,59.8,59.8,34,0
F51,5,20210219,101000,59.9,60.5,59.9,60.5,360,0
F51,5,20210219,101500,60.4,60.4,60.4,60.4,10,0
F51,5,20210219,103000,59.1,59.1,59.1,59.1,67,0
F51,5,20210219,103500,59.5,59.5,59,59,95,0
F51,5,20210219,104000,59.1,59.4,59.1,59.4,13,0
F51,5,20210219,104500,59.1,59.5,59.1,59.5,25,0
F51,5,20210219,105000,59.5,59.5,59.5,59.5,72,0
F51,5,20210219,112000,59.8,59.8,59.8,59.8,99,0
F51,5,20210219,113000,59.8,59.8,59.8,59.8,1,0
F51,5,20210219,113500,59.2,59.2,59.2,59.2,29,0
F51,5,20210219,115000,59.8,59.8,59.8,59.8,20,0
F51,5,20210219,115500,59.2,59.9,59.2,59.9,21,0
F51,5,20210219,131000,59.7,59.7,59.7,59.7,12,0
F51,5,20210219,131500,59.5,59.7,58.5,58.5,573,0
F51,5,20210219,132000,59.3,59.5,59.3,59.5,25,0
F51,5,20210219,134500,59,59.5,59,59.5,138,0
F51,5,20210219,141500,59.4,59.4,59.4,59.4,83,0
F51,5,20210219,142500,59,59,59,59,97,0
F51,5,20210219,143000,59.5,59.5,59.5,59.5,2,0
F51,5,20210219,143500,58.9,58.9,58.9,58.9,5,0
F51,5,20210219,144500,58.9,59.5,58.7,59.5,200,0
F51,5,20210219,145000,59.5,59.5,59.5,59.5,84,0
F51,5,20210219,151500,58.7,59,58.7,59,169,0
F51,5,20210219,152000,59.4,59.4,59.4,59.4,52,0
F51,5,20210219,155000,58.6,58.6,58.6,58.6,9,0
F51,5,20210219,155500,59.3,59.4,59.3,59.4,27,0
F51,5,20210219,160500,59.3,59.3,59.3,59.3,10,0
F51,5,20210219,161500,58.6,58.6,58.2,58.2,320,0
F51,5,20210219,162000,58.2,58.2,58.1,58.1,100,0
F51,5,20210219,163000,58.1,58.1,58.1,58.1,250,0
F51,5,20210219,163500,58.2,58.8,58,58.8,2003,0
F51,5,20210219,164000,58.6,59.2,58.6,59.2,110,0
F51,5,20210219,164500,59,59,58.9,58.9,367,0
F51,5,20210222,090000,58.9,58.9,57.4,58,626,0
F51,5,20210222,090500,57.4,57.4,57.4,57.4,50,0
F51,5,20210222,091000,58,58,58,58,322,0
F51,5,20210222,091500,58,58.5,57.7,57.7,104,0
F51,5,20210222,092500,57.7,57.7,57.7,57.7,314,0
F51,5,20210222,093000,57.7,57.7,57.6,57.6,167,0
F51,5,20210222,093500,57.6,57.7,57.5,57.5,263,0
F51,5,20210222,094000,58,58.4,58,58.4,70,0
F51,5,20210222,101500,57.7,57.7,57.7,57.7,20,0
F51,5,20210222,102000,58.6,58.6,58.6,58.6,20,0
F51,5,20210222,113000,57.6,57.6,57.5,57.5,120,0
F51,5,20210222,113500,57.5,57.5,57.5,57.5,280,0
F51,5,20210222,114000,58,58.7,58,58.7,250,0
F51,5,20210222,115500,58,58,58,58,50,0
F51,5,20210222,121000,58,58,58,58,35,0
F51,5,20210222,121500,58,58,58,58,10,0
F51,5,20210222,123000,58.1,58.1,58.1,58.1,85,0
F51,5,20210222,130500,58,58,58,58,25,0
F51,5,20210222,131500,57.6,57.6,57.5,57.5,300,0
F51,5,20210222,132500,58,58,58,58,10,0
F51,5,20210222,134000,58,58,58,58,20,0
F51,5,20210222,134500,58.2,58.2,58.2,58.2,5,0
F51,5,20210222,142000,58,58,58,58,330,0
F51,5,20210222,144500,57.6,57.6,57.5,57.5,217,0
F51,5,20210222,145000,58,58.3,57.5,58.3,170,0
F51,5,20210222,152000,57.5,57.5,57.5,57.5,450,0
F51,5,20210222,152500,57.5,57.5,57.5,57.5,40,0
F51,5,20210222,153000,57.9,57.9,57.9,57.9,1,0
F51,5,20210222,154000,57.4,57.4,57.4,57.4,100,0
F51,5,20210222,155000,57.4,57.4,57.4,57.4,6,0
F51,5,20210222,161000,57.4,57.4,57.4,57.4,100,0
F51,5,20210222,163000,57.8,57.8,57.8,57.8,10,0
F51,5,20210222,163500,57.9,58.3,57.9,58.3,320,0
F51,5,20210222,164000,58,58,58,58,50,0
F51,5,20210222,164500,58.3,59.3,58.3,59.3,3393,0
F51,5,20210223,090000,59.7,59.7,59.7,59.7,10,0
F51,5,20210223,090500,58.8,58.8,58.8,58.8,160,0
F51,5,20210223,091000,59.6,59.6,59.6,59.6,160,0
F51,5,20210223,091500,58.2,59,58,59,109,0
F51,5,20210223,092000,58.9,59,58.9,59,70,0
F51,5,20210223,093000,59,59,58.9,59,360,0
F51,5,20210223,093500,58.8,59.6,58.8,59.6,210,0
F51,5,20210223,095000,58.2,58.2,57.6,57.6,500,0
F51,5,20210223,095500,57.7,58.7,57.7,58.7,240,0
F51,5,20210223,100500,57.6,57.6,57.5,57.5,293,0
F51,5,20210223,101500,57.6,57.6,57.6,57.6,9,0
F51,5,20210223,102000,57.6,58.3,57.2,58.3,711,0
F51,5,20210223,104500,58.1,58.1,57.3,57.3,117,0
F51,5,20210223,105000,58,58,58,58,10,0
F51,5,20210223,111500,57.4,57.4,57.4,57.4,110,0
F51,5,20210223,112000,57.8,57.8,57.8,57.8,39,0
F51,5,20210223,112500,57.4,58,57.4,58,163,0
F51,5,20210223,115500,57.5,57.5,57.1,57.1,520,0
F51,5,20210223,120500,57.9,57.9,57.9,57.9,17,0
F51,5,20210223,122000,57.2,57.2,57.1,57.1,100,0
F51,5,20210223,123000,57.4,57.4,57.4,57.4,17,0
F51,5,20210223,124500,57.4,57.4,57.4,57.4,27,0
F51,5,20210223,125000,57.4,57.8,57.4,57.8,61,0
F51,5,20210223,131000,57.4,57.4,57,57,388,0
F51,5,20210223,131500,57.8,57.9,57.8,57.9,170,0
F51,5,20210223,132000,57.4,58.2,57.4,58.2,205,0
F51,5,20210223,133000,58.1,58.1,58.1,58.1,500,0
F51,5,20210223,133500,58.1,58.1,58.1,58.1,10,0
F51,5,20210223,134500,57.5,57.5,57.5,57.5,46,0
F51,5,20210223,135500,57.2,57.2,57,57,705,0
F51,5,20210223,140500,57,57.7,57,57.3,605,0
F51,5,20210223,141000,57.2,57.3,57.2,57.3,80,0
F51,5,20210223,143000,57,57,57,57,21,0
F51,5,20210223,143500,57,57,56.6,56.8,695,0
F51,5,20210223,144000,56.6,57,56.5,57,595,0
F51,5,20210223,144500,57,57,56.5,56.5,559,0
F51,5,20210223,145000,56.8,56.9,56.8,56.9,411,0
F51,5,20210223,145500,56.5,56.5,56.5,56.5,15,0
F51,5,20210223,150000,56.5,56.5,56.1,56.1,300,0
F51,5,20210223,150500,56.2,56.2,56,56,269,0
F51,5,20210223,151000,57,57,57,57,1,0
F51,5,20210223,151500,56.1,56.1,56.1,56.1,95,0
F51,5,20210223,152500,57,57,57,57,10,0
F51,5,20210223,153500,57,57,57,57,9,0
F51,5,20210223,155000,56.9,56.9,56.8,56.8,6,0
F51,5,20210223,155500,56,56,55.4,55.4,15,0
F51,5,20210223,160000,55.6,57.3,55.6,57,828,0
F51,5,20210223,160500,56.5,56.5,56.5,56.5,100,0
F51,5,20210223,162000,57.2,57.3,56.3,56.3,250,0
F51,5,20210223,162500,56.3,56.3,56,56,1000,0
F51,5,20210223,163000,56.1,56.1,56,56,100,0
F51,5,20210223,163500,56.9,56.9,56.9,56.9,85,0
F51,5,20210223,164000,57.2,57.2,56,56,320,0
F51,5,20210223,164500,57.2,57.5,56,57.5,505,0
F51,5,20210224,090000,57,57,57,57,100,0
F51,5,20210224,091000,57,57,57,57,5,0
F51,5,20210224,091500,56.9,57,56,56,241,0
F51,5,20210224,092000,55.6,56.5,55.5,56.5,505,0
F51,5,20210224,092500,55.8,55.8,55.8,55.8,20,0
F51,5,20210224,093000,56.4,56.4,56,56,99,0
F51,5,20210224,093500,55.9,56.4,55.9,56.4,41,0
F51,5,20210224,095000,56.4,56.4,56.4,56.4,10,0
F51,5,20210224,100500,55.8,55.8,55.8,55.8,20,0
F51,5,20210224,101000,56.3,56.3,56.3,56.3,15,0
F51,5,20210224,102000,55.8,55.8,55.7,55.7,200,0
F51,5,20210224,103000,56,56,56,56,50,0
F51,5,20210224,103500,56,56,56,56,68,0
F51,5,20210224,105000,56,56.4,56,56.4,132,0
F51,5,20210224,105500,56.4,57,55.9,57,199,0
F51,5,20210224,110000,56.9,56.9,56.9,56.9,20,0
F51,5,20210224,110500,56.1,56.1,55.9,55.9,60,0
F51,5,20210224,111500,56.8,57,56.8,57,305,0
F51,5,20210224,112000,56.9,56.9,56.9,56.9,50,0
F51,5,20210224,113500,56.3,56.3,56.2,56.2,80,0
F51,5,20210224,122000,56.2,56.2,56.2,56.2,21,0
F51,5,20210224,125500,56.2,56.2,56.1,56.1,188,0
F51,5,20210224,130500,56.2,56.2,56.2,56.2,34,0
F51,5,20210224,131000,56.2,56.7,56.2,56.7,267,0
F51,5,20210224,131500,56,56,56,56,69,0
F51,5,20210224,132000,56,56,56,56,75,0
F51,5,20210224,133000,56,56,56,56,616,0
F51,5,20210224,134500,56,56,56,56,2,0
F51,5,20210224,135500,56,56,56,56,26,0
F51,5,20210224,140500,56,56,56,56,100,0
F51,5,20210224,142500,56,56,56,56,125,0
F51,5,20210224,143500,56,56,56,56,100,0
F51,5,20210224,144000,56.4,56.4,56.1,56.1,178,0
F51,5,20210224,144500,56.1,56.1,56.1,56.1,49,0
F51,5,20210224,145000,56.1,56.1,56.1,56.1,82,0
F51,5,20210224,145500,56.1,56.1,55.9,55.9,390,0
F51,5,20210224,150000,56,56,56,56,250,0
F51,5,20210224,150500,56,56,56,56,38,0
F51,5,20210224,151000,56.1,56.4,56.1,56.4,100,0
F51,5,20210224,152000,56.4,56.4,56.4,56.4,30,0
F51,5,20210224,152500,56.7,56.9,56.7,56.9,120,0
F51,5,20210224,153500,56.6,56.6,56.4,56.4,148,0
F51,5,20210224,154000,56.2,56.2,56.2,56.2,15,0
F51,5,20210224,154500,56.2,56.2,56.2,56.2,105,0
F51,5,20210224,155000,56.6,56.6,56.6,56.6,80,0
F51,5,20210224,160000,56.1,56.1,56.1,56.1,17,0
F51,5,20210224,162000,56.5,56.6,56.5,56.6,125,0
F51,5,20210224,162500,56,56,56,56,18,0
F51,5,20210224,163500,56.4,56.4,56,56,45,0
F51,5,20210224,164500,56,56,56,56,127,0
F51,5,20210224,165500,56.4,56.4,56.4,56.4,10,0
F51,5,20210225,090000,56.4,56.4,56.4,56.4,180,0
F51,5,20210225,091000,56.2,56.2,56.2,56.2,25,0
F51,5,20210225,092500,56.5,57,56.5,57,480,0
F51,5,20210225,093000,57,57.6,57,57.6,510,0
F51,5,20210225,094000,57,57.8,57,57.8,210,0
F51,5,20210225,095000,57.5,57.5,57.5,57.5,30,0
F51,5,20210225,095500,57.5,57.5,56.5,56.5,58,0
F51,5,20210225,100000,57.5,57.8,57.5,57.8,292,0
F51,5,20210225,100500,57.7,57.7,57.7,57.7,8,0
F51,5,20210225,102500,57.2,57.2,57.2,57.2,500,0
F51,5,20210225,103500,57.7,57.7,57.7,57.7,5,0
F51,5,20210225,105500,57.3,57.3,57.3,57.3,40,0
F51,5,20210225,110000,57.2,57.2,57,57,170,0
F51,5,20210225,110500,57.3,57.5,57.3,57.5,35,0
F51,5,20210225,113000,57,57,57,57,24,0
F51,5,20210225,113500,57,57.5,56.8,57.5,206,0
F51,5,20210225,124000,57.4,57.5,57.4,57.5,27,0
F51,5,20210225,125000,57.4,57.4,57.4,57.4,65,0
F51,5,20210225,131500,56.7,56.7,56.6,56.6,21,0
F51,5,20210225,132000,56.7,56.7,56.6,56.6,100,0
F51,5,20210225,141000,57,57.5,57,57.5,50,0
F51,5,20210225,143500,56.6,56.6,56.6,56.6,25,0
F51,5,20210225,153500,56.6,56.6,56.6,56.6,3,0
F51,5,20210225,154000,56.5,56.5,56.5,56.5,20,0
F51,5,20210225,154500,56.5,57,56.4,57,380,0
F51,5,20210225,162000,56.8,56.8,56.8,56.8,50,0
F51,5,20210225,162500,56.8,56.8,56.8,56.8,45,0
F51,5,20210225,163500,56.8,56.8,56.3,56.3,415,0
F51,5,20210225,164000,56.7,56.8,56.7,56.8,25,0
F51,5,20210225,164500,56.1,56.1,56.1,56.1,511,0
F51,5,20210226,090000,55.9,55.9,55.6,55.6,635,0
F51,5,20210226,090500,55.7,55.7,53.7,55,1776,0
F51,5,20210226,091000,55,55.5,55,55.4,138,0
F51,5,20210226,091500,55.5,55.5,55.2,55.5,480,0
F51,5,20210226,092000,55.5,55.5,55.5,55.5,20,0
F51,5,20210226,093000,55.1,55.6,55.1,55.6,98,0
F51,5,20210226,094000,55.6,55.6,55.1,55.1,242,0
F51,5,20210226,094500,55.5,55.5,55.1,55.1,260,0
F51,5,20210226,095000,55.1,55.5,55.1,55.5,348,0
F51,5,20210226,095500,55.5,55.5,55.4,55.4,115,0
F51,5,20210226,101000,55.5,55.6,55.5,55.6,503,0
F51,5,20210226,102000,55.8,55.8,55.8,55.8,8,0
F51,5,20210226,102500,55.5,55.5,55.5,55.5,30,0
F51,5,20210226,104000,55.6,55.6,55.6,55.6,70,0
F51,5,20210226,110500,55.5,55.5,55.2,55.2,249,0
F51,5,20210226,111000,55.5,55.5,55.5,55.5,30,0
F51,5,20210226,112500,55.5,55.5,55.5,55.5,10,0
F51,5,20210226,114500,55.5,55.5,55.2,55.2,291,0
F51,5,20210226,115000,55.1,55.5,55.1,55.5,65,0
F51,5,20210226,123500,55.2,55.5,55,55.5,689,0
F51,5,20210226,125000,55,55.4,54.5,55.4,1580,0
F51,5,20210226,125500,54.5,54.5,54,54.1,3054,0
F51,5,20210226,130000,55.1,55.1,55.1,55.1,100,0
F51,5,20210226,131500,54.8,54.8,54.8,54.8,34,0
F51,5,20210226,132500,54.8,54.8,54.8,54.8,244,0
F51,5,20210226,133000,55,55,55,55,62,0
F51,5,20210226,133500,55.2,55.2,55.1,55.1,46,0
F51,5,20210226,134000,55.1,55.1,54.6,54.6,164,0
F51,5,20210226,134500,54.8,55.5,54.8,55.5,1015,0
F51,5,20210226,135000,55,55,55,55,50,0
F51,5,20210226,140500,55,55,55,55,65,0
F51,5,20210226,141000,55.5,55.5,55.5,55.5,10,0
F51,5,20210226,142000,55,55,55,55,36,0
F51,5,20210226,143500,55.4,55.4,55.4,55.4,85,0
F51,5,20210226,144500,55.4,55.5,55.4,55.5,25,0
F51,5,20210226,145000,55.5,55.5,55.5,55.5,564,0
F51,5,20210226,145500,55.5,55.5,55.5,55.5,196,0
F51,5,20210226,150000,55.5,55.6,55.5,55.6,179,0
F51,5,20210226,154000,55.2,55.2,55.2,55.2,40,0
F51,5,20210226,161500,55.2,55.2,55.2,55.2,100,0
F51,5,20210226,162000,55.2,55.5,55,55.5,131,0
F51,5,20210226,162500,55.5,55.5,55,55,6,0
F51,5,20210226,163500,55,55,55,55,100,0
F51,5,20210226,164000,55.5,55.6,55.5,55.6,214,0
F51,5,20210226,164500,55.6,55.8,55.1,55.6,271,0
F51,5,20210301,090000,55.6,55.8,55.6,55.8,1306,0
F51,5,20210301,090500,55.8,55.8,55.8,55.8,244,0
F51,5,20210301,091500,55.7,55.7,55.7,55.7,42,0
F51,5,20210301,092000,55.4,55.4,55.4,55.4,20,0
F51,5,20210301,092500,55.4,55.4,54,54.1,1584,0
F51,5,20210301,093000,55.2,55.2,55.2,55.2,5,0
F51,5,20210301,094000,54.6,54.6,54.5,54.5,70,0
F51,5,20210301,094500,55.2,55.6,55.2,55.6,200,0
F51,5,20210301,095000,55,55,55,55,10,0
F51,5,20210301,095500,55,55,55,55,139,0
F51,5,20210301,100500,55,55.5,54.5,55.5,222,0
F51,5,20210301,103500,54.8,55.4,54.8,55.4,126,0
F51,5,20210301,111000,55,55,54.9,54.9,51,0
F51,5,20210301,112500,55.2,55.2,55.2,55.2,50,0
F51,5,20210301,113000,55,55,55,55,100,0
F51,5,20210301,113500,54.9,54.9,54.9,54.9,200,0
F51,5,20210301,114000,55,55,55,55,167,0
F51,5,20210301,114500,55,55.5,55,55.5,469,0
F51,5,20210301,115500,54.9,54.9,54.9,54.9,70,0
F51,5,20210301,121000,55.3,55.3,55.3,55.3,10,0
F51,5,20210301,122500,55,55,55,55,68,0
F51,5,20210301,123000,55.3,55.4,55.3,55.4,90,0
F51,5,20210301,124500,55.4,55.5,55.4,55.5,63,0
F51,5,20210301,125000,55.6,55.8,55.6,55.8,177,0
F51,5,20210301,130000,56,57.4,56,57.2,430,0
F51,5,20210301,130500,57.2,57.2,57.2,57.2,10,0
F51,5,20210301,131000,55.7,55.7,55.7,55.7,2,0
F51,5,20210301,131500,57.2,57.2,57.2,57.2,310,0
F51,5,20210301,132000,55.8,55.8,55.2,55.2,225,0
F51,5,20210301,133500,55.2,55.2,55.2,55.2,15,0
F51,5,20210301,134000,56.8,56.8,56.8,56.8,10,0
F51,5,20210301,141500,56.8,56.8,56.8,56.8,41,0
F51,5,20210301,144500,57,57,57,57,29,0
F51,5,20210301,152000,56.9,56.9,56.9,56.9,45,0
F51,5,20210301,161000,56.1,56.1,56.1,56.1,3,0
F51,5,20210301,161500,56.8,56.8,56.8,56.8,1,0
F51,5,20210301,162500,56.1,56.8,56.1,56.8,19,0
F51,5,20210301,163000,56.8,56.9,56.8,56.9,44,0
F51,5,20210301,163500,57,57,57,57,1,0
F51,5,20210301,164500,57,57,57,57,15,0
F51,5,20210302,090000,57.3,57.3,57.1,57.1,296,0
F51,5,20210302,090500,57.1,57.4,56,57.4,214,0
F51,5,20210302,091000,57.4,57.4,57.3,57.4,549,0
F51,5,20210302,092000,57.3,57.4,57.3,57.4,249,0
F51,5,20210302,092500,57.5,57.5,57.5,57.5,121,0
F51,5,20210302,093000,57.5,58.3,57.5,58.3,300,0
F51,5,20210302,095000,58,58,58,58,40,0
F51,5,20210302,095500,58,58,57,57,1890,0
F51,5,20210302,100000,58,58,57.8,57.9,164,0
F51,5,20210302,102000,56.7,56.7,56.7,56.7,14,0
F51,5,20210302,102500,57.8,57.8,57.8,57.8,1,0
F51,5,20210302,103500,57.8,57.8,57,57,40,0
F51,5,20210302,105500,57.8,57.8,57.8,57.8,67,0
F51,5,20210302,110000,57.8,57.9,57.8,57.9,212,0
F51,5,20210302,111000,57.8,57.9,57.8,57.9,33,0
F51,5,20210302,112500,57.9,57.9,57.9,57.9,80,0
F51,5,20210302,113000,57.9,57.9,57.1,57.9,122,0
F51,5,20210302,113500,57.9,57.9,57.9,57.9,10,0
F51,5,20210302,115500,57.8,57.8,57.8,57.8,8,0
F51,5,20210302,120000,57.7,58,57.7,58,1390,0
F51,5,20210302,120500,58.3,58.5,58.2,58.5,1863,0
F51,5,20210302,121500,58.4,58.5,58.4,58.5,500,0
F51,5,20210302,122500,58,58,58,58,530,0
F51,5,20210302,123000,58.5,58.5,58.5,58.5,170,0
F51,5,20210302,123500,57.3,57.3,57.3,57.3,147,0
F51,5,20210302,124000,58.4,58.4,58.4,58.4,20,0
F51,5,20210302,125000,58.4,58.4,58.4,58.4,100,0
F51,5,20210302,131500,58,58,58,58,200,0
F51,5,20210302,134000,58.3,58.3,58.2,58.3,53,0
F51,5,20210302,134500,58.3,58.3,58.3,58.3,30,0
F51,5,20210302,140000,58,58,58,58,150,0
F51,5,20210302,141000,58.2,58.2,58.2,58.2,50,0
F51,5,20210302,141500,58.3,58.3,58.3,58.3,100,0
F51,5,20210302,143500,57.7,57.7,57.7,57.7,38,0
F51,5,20210302,145500,57.3,58,57.3,58,227,0
F51,5,20210302,150000,57.3,58.1,57.3,58,269,0
F51,5,20210302,152500,57.3,57.3,57.3,57.3,100,0
F51,5,20210302,153500,58,58.1,58,58.1,935,0
F51,5,20210302,154000,58.1,58.4,58.1,58.4,230,0
F51,5,20210302,154500,58.4,58.4,58.4,58.4,65,0
F51,5,20210302,155000,58.4,58.4,58.4,58.4,150,0
F51,5,20210302,155500,58.5,58.6,58.5,58.6,426,0
F51,5,20210302,160000,58.5,58.5,58.5,58.5,100,0
F51,5,20210302,160500,58.5,58.5,58.5,58.5,50,0
F51,5,20210302,161000,58.5,58.5,58.5,58.5,50,0
F51,5,20210302,162000,58.4,58.4,58.4,58.4,100,0
F51,5,20210302,164000,58.2,58.2,58,58,210,0
F51,5,20210302,164500,58,58.8,58,58.8,329,0
F51,5,20210303,090000,58.9,58.9,58.9,58.9,100,0
F51,5,20210303,090500,58.8,58.8,58.8,58.8,51,0
F51,5,20210303,091500,59,59.1,59,59.1,190,0
F51,5,20210303,092000,59,59,59,59,98,0
F51,5,20210303,093500,58.6,59,58.6,59,105,0
F51,5,20210303,094500,58.2,58.3,58.2,58.3,301,0
F51,5,20210303,095500,58,58,57.3,57.3,272,0
F51,5,20210303,100500,58.2,58.2,58.2,58.2,20,0
F51,5,20210303,101500,57.3,57.3,57.3,57.3,115,0
F51,5,20210303,102500,58,58,58,58,10,0
F51,5,20210303,110500,57.3,57.3,57.1,57.1,122,0
F51,5,20210303,111000,58.2,58.2,58.2,58.2,70,0
F51,5,20210303,111500,58,58,58,58,150,0
F51,5,20210303,113500,57.2,57.2,57.2,57.2,30,0
F51,5,20210303,114500,57.2,57.2,57.2,57.2,20,0
F51,5,20210303,115000,57.4,57.4,57.4,57.4,20,0
F51,5,20210303,120000,57.4,57.4,56.8,56.8,357,0
F51,5,20210303,121000,57.2,57.2,57.2,57.2,6,0
F51,5,20210303,121500,57,57,56.1,56.1,619,0
F51,5,20210303,122000,57,57.7,57,57.7,480,0
F51,5,20210303,122500,57.9,57.9,57.9,57.9,100,0
F51,5,20210303,124000,57.2,57.2,57.2,57.2,25,0
F51,5,20210303,125000,57.2,57.2,57,57,50,0
F51,5,20210303,130000,56.6,57.3,56.2,57.3,680,0
F51,5,20210303,130500,56.3,56.3,56.3,56.3,250,0
F51,5,20210303,131000,57.4,57.4,57.4,57.4,114,0
F51,5,20210303,131500,56.5,56.5,56.5,56.5,30,0
F51,5,20210303,132000,57.3,57.3,57.3,57.3,10,0
F51,5,20210303,133000,57.3,57.4,56.6,56.6,1010,0
F51,5,20210303,133500,57.6,57.6,57.6,57.6,300,0
F51,5,20210303,134000,57.5,57.5,57.5,57.5,420,0
F51,5,20210303,134500,56.6,56.6,56.4,56.4,400,0
F51,5,20210303,142000,57.2,57.2,57.2,57.2,15,0
F51,5,20210303,143500,56.6,56.6,56.6,56.6,50,0
F51,5,20210303,145000,56.6,56.6,56.2,56.2,450,0
F51,5,20210303,150000,56.5,56.5,56.5,56.5,10,0
F51,5,20210303,150500,56.5,56.5,56.2,56.5,379,0
F51,5,20210303,151000,56.5,56.5,56.5,56.5,148,0
F51,5,20210303,151500,56.5,56.5,56.1,56.1,500,0
F51,5,20210303,152000,56.1,56.1,56.1,56.1,30,0
F51,5,20210303,152500,56.1,56.1,56.1,56.1,140,0
F51,5,20210303,153000,56.1,56.1,56.1,56.1,16,0
F51,5,20210303,153500,56.2,56.2,55.6,55.6,1010,0
F51,5,20210303,154000,56,56,56,56,30,0
F51,5,20210303,154500,56,56.8,56,56.8,11,0
F51,5,20210303,155000,56,56,56,56,9,0
F51,5,20210303,155500,56.8,56.8,56.8,56.8,82,0
F51,5,20210303,160000,56,56,56,56,200,0
F51,5,20210303,160500,56.5,56.5,56.5,56.5,1,0
F51,5,20210303,161000,56.4,56.4,56.4,56.4,20,0
F51,5,20210303,161500,56,56,55.9,56,157,0
F51,5,20210303,162000,56.4,56.4,56.4,56.4,20,0
F51,5,20210303,163000,56,56,55.8,55.8,378,0
F51,5,20210303,163500,55.8,55.9,55.8,55.9,161,0
F51,5,20210303,164000,56.4,56.5,56.4,56.5,90,0
F51,5,20210303,164500,55.6,55.6,55.6,55.6,1152,0
F51,5,20210304,090000,56,56,55.5,55.5,807,0
F51,5,20210304,090500,55.5,56,55.1,55.1,455,0
F51,5,20210304,091000,56.9,56.9,56.9,56.9,20,0
F51,5,20210304,091500,56.8,56.8,55.5,56.5,981,0
F51,5,20210304,092000,56.6,56.8,56.6,56.8,281,0
F51,5,20210304,093000,56.7,56.8,56.7,56.8,230,0
F51,5,20210304,093500,57.3,57.9,57,57.8,768,0
F51,5,20210304,094000,57.7,57.8,57.7,57.8,230,0
F51,5,20210304,094500,57.2,57.2,57.2,57.2,20,0
F51,5,20210304,100500,57.2,57.2,57.2,57.2,26,0
F51,5,20210304,101000,57.3,57.3,56.8,56.8,437,0
F51,5,20210304,101500,57.2,57.2,56.8,56.8,115,0
F51,5,20210304,102000,56.8,56.8,56.8,56.8,100,0
F51,5,20210304,102500,57.1,57.1,57.1,57.1,40,0
F51,5,20210304,103500,56.8,56.8,56.8,56.8,256,0
F51,5,20210304,110500,56.6,56.6,56.6,56.6,35,0
F51,5,20210304,111000,56.2,56.2,56,56,442,0
F51,5,20210304,111500,56.4,56.6,56.4,56.6,25,0
F51,5,20210304,112500,56.7,56.7,56.6,56.6,28,0
F51,5,20210304,114500,56,56,55.9,55.9,40,0
F51,5,20210304,115000,55.9,55.9,55.9,55.9,40,0
F51,5,20210304,121500,55.9,55.9,55.9,55.9,18,0
F51,5,20210304,123000,55.9,55.9,55.8,55.8,116,0
F51,5,20210304,123500,55.8,55.8,55.8,55.8,30,0
F51,5,20210304,124000,56.5,56.5,56.5,56.5,3,0
F51,5,20210304,125500,56.5,56.5,56.5,56.5,5,0
F51,5,20210304,130000,56.5,56.5,56.5,56.5,77,0
F51,5,20210304,130500,56.5,56.5,56.5,56.5,113,0
F51,5,20210304,131000,56.5,56.5,56.5,56.5,10,0
F51,5,20210304,132000,56.6,56.6,56.6,56.6,40,0
F51,5,20210304,132500,56.7,56.8,56.7,56.8,236,0
F51,5,20210304,133000,56.8,57,56.8,57,124,0
F51,5,20210304,135000,57,58,57,58,1083,0
F51,5,20210304,142500,56.7,56.7,56.7,56.7,15,0
F51,5,20210304,150500,57.6,57.6,57.6,57.6,5,0
F51,5,20210304,152500,57.5,57.6,57.5,57.6,256,0
F51,5,20210304,153000,57.9,57.9,57.9,57.9,94,0
F51,5,20210304,161500,57.4,57.4,57.4,57.4,20,0
F51,5,20210304,162000,57.4,57.4,57.4,57.4,5,0
F51,5,20210304,164000,56.8,56.8,56.7,56.7,134,0
F51,5,20210304,164500,56.7,57.4,56.7,57.4,63,0
F51,5,20210305,090000,56.8,57.4,56.8,57.4,39,0
F51,5,20210305,090500,56.8,56.8,56.8,56.8,100,0
F51,5,20210305,091000,56.8,57.3,56,57.3,317,0
F51,5,20210305,091500,56.2,56.2,56.2,56.2,22,0
F51,5,20210305,092000,56.2,56.2,56,56,200,0
F51,5,20210305,092500,56,56.2,55,56.2,10050,0
F51,5,20210305,093000,56.2,56.2,55.4,55.4,85,0
F51,5,20210305,093500,55.4,55.4,55.3,55.3,220,0
F51,5,20210305,094000,56.1,56.1,56.1,56.1,5,0
F51,5,20210305,094500,56.1,56.1,56.1,56.1,10,0
F51,5,20210305,095000,56.1,56.1,56.1,56.1,35,0
F51,5,20210305,095500,55.6,55.6,55.6,55.6,35,0
F51,5,20210305,102500,56.2,56.2,56.2,56.2,20,0
F51,5,20210305,103000,56.2,56.4,56.2,56.4,73,0
F51,5,20210305,103500,56.4,56.4,56.4,56.4,50,0
F51,5,20210305,104000,56.5,56.5,56.5,56.5,150,0
F51,5,20210305,104500,56.5,56.6,56.5,56.6,79,0
F51,5,20210305,105000,56.6,56.6,56.6,56.6,46,0
F51,5,20210305,110000,55.9,55.9,55.7,55.7,100,0
F51,5,20210305,110500,56.4,56.4,56.4,56.4,1,0
F51,5,20210305,115500,56.4,56.9,56.4,56.8,126,0
F51,5,20210305,123000,56.7,56.7,56.7,56.7,30,0
F51,5,20210305,123500,56.1,56.1,56,56,50,0
F51,5,20210305,124500,56,56,56,56,958,0
F51,5,20210305,125000,56,56.5,56,56.5,50,0
F51,5,20210305,125500,56,56,56,56,1,0
F51,5,20210305,130000,56.5,56.5,56.5,56.5,25,0
F51,5,20210305,130500,56,56,55,55,4250,0
F51,5,20210305,131000,55,56,55,56,1021,0
F51,5,20210305,131500,55.1,55.7,54.8,55.7,867,0
F51,5,20210305,132500,55,55,54.1,55,2414,0
F51,5,20210305,133000,54.7,55,54,54.9,2034,0
F51,5,20210305,133500,54.9,54.9,54.9,54.9,50,0
F51,5,20210305,134000,54.9,55,54.9,55,100,0
F51,5,20210305,134500,54.5,54.8,54,54.8,1027,0
F51,5,20210305,135000,54.8,54.8,54.1,54.1,85,0
F51,5,20210305,135500,54.2,54.2,54,54,3000,0
F51,5,20210305,140000,54.1,54.7,54,54.7,828,0
F51,5,20210305,140500,54.9,55,54.9,54.9,80,0
F51,5,20210305,141000,54.5,54.5,54,54,2000,0
F51,5,20210305,141500,54.8,55,54.2,54.9,290,0
F51,5,20210305,142500,54.7,54.8,54.7,54.8,100,0
F51,5,20210305,143000,54.2,54.4,53.8,54.3,2229,0
F51,5,20210305,143500,54,54,54,54,160,0
F51,5,20210305,144500,54.3,54.3,53.3,53.3,3471,0
F51,5,20210305,145000,53.3,53.5,53,53.4,1247,0
F51,5,20210305,145500,53.1,53.1,52.3,53,3642,0
F51,5,20210305,150000,53,53.3,52.9,53,1201,0
F51,5,20210305,150500,53,53,52.7,52.7,510,0
F51,5,20210305,151000,52.8,52.9,52.4,52.9,2430,0
F51,5,20210305,151500,53,53,53,53,1763,0
F51,5,20210305,152000,52.9,53.3,52.9,53.3,1403,0
F51,5,20210305,152500,53.2,53.6,53.2,53.6,1066,0
F51,5,20210305,153000,53.6,53.7,53.6,53.7,455,0
F51,5,20210305,153500,53.8,53.8,53.8,53.8,118,0
F51,5,20210305,154000,53.9,53.9,53.9,53.9,9,0
F51,5,20210305,154500,53.9,53.9,53.5,53.5,1231,0
F51,5,20210305,155000,53.3,53.6,53.3,53.6,294,0
F51,5,20210305,155500,53.5,53.5,53.3,53.3,118,0
F51,5,20210305,160000,53.5,53.6,53.5,53.6,161,0
F51,5,20210305,160500,53.6,53.8,53.4,53.4,204,0
F51,5,20210305,161000,53.4,53.4,53.2,53.2,815,0
F51,5,20210305,161500,53.2,53.8,53.2,53.8,915,0
F51,5,20210305,162500,53.3,53.3,53.3,53.3,100,0
F51,5,20210305,163000,53.5,53.5,53.4,53.4,250,0
F51,5,20210305,163500,53.4,53.6,53.4,53.6,405,0
F51,5,20210305,164000,53.5,53.5,53.3,53.5,712,0
F51,5,20210305,164500,53.3,53.5,53,53,3281,0
F51,5,20210308,090000,53.8,53.8,53,53.6,532,0
F51,5,20210308,090500,53.1,53.6,53,53,585,0
F51,5,20210308,091000,53.1,53.1,53,53,200,0
F51,5,20210308,091500,53.2,53.8,53.2,53.8,15,0
F51,5,20210308,092000,53.8,53.8,53.8,53.8,36,0
F51,5,20210308,093000,53.8,53.8,53.8,53.8,100,0
F51,5,20210308,093500,53.8,54,53.6,54,919,0
F51,5,20210308,094000,54,54.2,54,54.2,80,0
F51,5,20210308,094500,54.7,54.7,54.7,54.7,50,0
F51,5,20210308,095000,54.7,54.7,54.7,54.7,50,0
F51,5,20210308,095500,54.7,54.7,54.2,54.2,212,0
F51,5,20210308,100500,54.2,54.2,54.2,54.2,20,0
F51,5,20210308,101000,54.2,54.2,54.2,54.2,300,0
F51,5,20210308,101500,54.2,54.2,54.2,54.2,22,0
F51,5,20210308,104500,53.9,53.9,53.9,53.9,34,0
F51,5,20210308,105500,54.2,54.2,54.2,54.2,10,0
F51,5,20210308,111000,54,54,54,54,10,0
F51,5,20210308,112500,53.9,53.9,53.9,53.9,127,0
F51,5,20210308,114000,53.9,53.9,53.9,53.9,40,0
F51,5,20210308,114500,53.9,53.9,53.9,53.9,130,0
F51,5,20210308,121000,53.9,53.9,53.9,53.9,20,0
F51,5,20210308,125000,53.9,53.9,53.9,53.9,20,0
F51,5,20210308,133000,53.6,53.6,53.6,53.6,70,0
F51,5,20210308,133500,53.5,53.5,53.5,53.5,135,0
F51,5,20210308,134500,53.6,53.6,53.6,53.6,180,0
F51,5,20210308,135000,53.7,53.7,53.7,53.7,12,0
F51,5,20210308,135500,53.6,53.6,53.6,53.6,130,0
F51,5,20210308,140000,53.4,53.4,53.4,53.4,110,0
F51,5,20210308,141500,53.1,53.1,53.1,53.1,100,0
F51,5,20210308,142500,53.1,53.1,53.1,53.1,200,0
F51,5,20210308,143500,53.1,53.1,53.1,53.1,202,0
F51,5,20210308,144000,53.1,53.1,53.1,53.1,175,0
F51,5,20210308,145000,53.1,53.1,53.1,53.1,50,0
F51,5,20210308,145500,53.5,53.5,53.5,53.5,50,0
F51,5,20210308,152000,53.5,53.5,53.5,53.5,49,0
F51,5,20210308,153000,53.5,53.6,53.5,53.6,188,0
F51,5,20210308,153500,53.3,53.3,53.2,53.2,269,0
F51,5,20210308,154500,53.2,53.2,53.2,53.2,108,0
F51,5,20210308,160000,53.6,53.6,53.6,53.6,24,0
F51,5,20210308,161500,53.5,53.5,53.5,53.5,15,0
F51,5,20210308,163500,53.7,53.7,53.7,53.7,202,0
F51,5,20210308,164500,53.7,53.8,53.7,53.8,164,0
F51,5,20210309,090000,53.1,53.1,53.1,53.1,518,0
F51,5,20210309,090500,53.8,53.8,53,53,1070,0
F51,5,20210309,091000,53,53,53,53,100,0
F51,5,20210309,091500,53.3,53.3,53.3,53.3,290,0
F51,5,20210309,092000,53.3,53.3,53.3,53.3,90,0
F51,5,20210309,092500,53.3,53.3,53.2,53.2,297,0
F51,5,20210309,093000,53.2,53.3,53.1,53.3,718,0
F51,5,20210309,093500,53.3,53.3,53.3,53.3,502,0
F51,5,20210309,094000,53.5,53.5,53.5,53.5,75,0
F51,5,20210309,095000,53.4,53.4,53.4,53.4,107,0
F51,5,20210309,100000,53.5,53.5,53.3,53.3,50,0
F51,5,20210309,101000,53.5,53.5,53.3,53.3,360,0
F51,5,20210309,102000,53.8,53.8,53.8,53.8,3,0
F51,5,20210309,102500,53.4,53.4,53.4,53.4,107,0
F51,5,20210309,103000,53.3,53.3,53.3,53.3,19,0
F51,5,20210309,104000,53.3,53.3,53.3,53.3,174,0
F51,5,20210309,104500,53.3,53.3,53.3,53.3,57,0
F51,5,20210309,112000,53.7,53.7,53.7,53.7,123,0
F51,5,20210309,112500,53.7,53.7,53.7,53.7,404,0
F51,5,20210309,113500,53.7,53.8,53.4,53.8,211,0
F51,5,20210309,114000,53.8,53.8,53.8,53.8,99,0
F51,5,20210309,115000,53.8,53.8,53.8,53.8,34,0
F51,5,20210309,115500,53.8,54.2,53.8,54.2,1661,0
F51,5,20210309,120000,54.2,54.2,54.2,54.2,130,0
F51,5,20210309,121500,53.9,53.9,53.9,53.9,1,0
F51,5,20210309,122500,54.2,54.2,54.2,54.2,40,0
F51,5,20210309,123000,54.2,54.2,54.2,54.2,77,0
F51,5,20210309,125000,54.7,54.7,54.7,54.7,100,0
F51,5,20210309,130000,54.2,54.2,54,54,200,0
F51,5,20210309,135500,54.6,54.7,54.6,54.7,170,0
F51,5,20210309,140000,54.2,54.2,54,54,234,0
F51,5,20210309,141500,54,54,54,54,38,0
F51,5,20210309,150500,54.1,54.1,54.1,54.1,120,0
F51,5,20210309,151000,54,54,54,54,6,0
F51,5,20210309,151500,54.4,54.4,54.4,54.4,1,0
F51,5,20210309,153500,54.4,54.4,54.4,54.4,200,0
F51,5,20210309,160000,54.5,54.6,54.5,54.6,220,0
F51,5,20210309,161000,54.6,54.6,54.6,54.6,50,0
F51,5,20210309,161500,54.6,54.7,54,54,320,0
F51,5,20210309,163500,54.5,54.5,54.5,54.5,1,0
F51,5,20210309,164500,54.1,54.1,54,54,398,0
F51,5,20210309,165500,54,54,54,54,41,0
F51,5,20210310,090000,54,54,53.5,53.5,149,0
F51,5,20210310,090500,53.5,54,53.5,53.5,404,0
F51,5,20210310,091000,53.6,53.6,53.6,53.6,98,0
F51,5,20210310,091500,53.6,53.6,53.6,53.6,100,0
F51,5,20210310,093000,53.7,53.7,53.6,53.6,200,0
F51,5,20210310,093500,53.6,53.9,53.5,53.9,700,0
F51,5,20210310,094000,53.6,53.6,53.5,53.5,310,0
F51,5,20210310,094500,53.5,53.5,53.5,53.5,57,0
F51,5,20210310,095000,53.5,53.5,53.5,53.5,133,0
F51,5,20210310,095500,54,54,53.5,53.5,124,0
F51,5,20210310,101000,54,54,54,54,10,0
F51,5,20210310,101500,54,54,54,54,10,0
F51,5,20210310,104500,53.9,53.9,53.9,53.9,60,0
F51,5,20210310,113000,53.8,53.8,53.8,53.8,65,0
F51,5,20210310,113500,53.8,53.8,53.8,53.8,75,0
F51,5,20210310,115000,53.7,53.7,53.6,53.6,187,0
F51,5,20210310,115500,53.7,53.7,53.7,53.7,100,0
F51,5,20210310,120000,53.5,53.5,53.5,53.5,77,0
F51,5,20210310,130000,53.7,53.7,53.7,53.7,104,0
F51,5,20210310,132000,53.8,53.8,53.8,53.8,13,0
F51,5,20210310,132500,53.7,53.7,53.7,53.7,50,0
F51,5,20210310,133000,53.6,53.6,53.6,53.6,100,0
F51,5,20210310,133500,53.6,53.7,53.6,53.7,161,0
F51,5,20210310,134000,53.5,53.5,53.5,53.5,100,0
F51,5,20210310,140000,53.7,54,53.7,54,100,0
F51,5,20210310,140500,54,54.4,54,54.4,140,0
F51,5,20210310,143500,54.4,54.9,54.4,54.9,50,0
F51,5,20210310,150500,54.8,54.8,54.8,54.8,10,0
F51,5,20210310,153500,54.1,54.1,54.1,54.1,5,0
F51,5,20210310,154500,54.1,54.1,54,54,20,0
F51,5,20210310,155500,54,54,54,54,300,0
F51,5,20210310,160500,54,54,54,54,40,0
F51,5,20210310,162500,54.1,54.1,54,54,91,0
F51,5,20210310,163000,54.6,54.6,54,54,71,0
F51,5,20210310,163500,54,54,54,54,110,0
F51,5,20210310,164500,54.5,54.5,54.5,54.5,41,0
F51,5,20210311,090000,54,54,54,54,21,0
F51,5,20210311,090500,54.5,54.5,54.5,54.5,14,0
F51,5,20210311,091000,54.5,55,53.5,53.5,800,0
F51,5,20210311,091500,54.7,54.7,54.6,54.7,302,0
F51,5,20210311,092000,54.9,55.8,54.9,55.8,182,0
F51,5,20210311,093000,54.9,54.9,54.9,54.9,15,0
F51,5,20210311,093500,55,55,55,55,10,0
F51,5,20210311,094000,55.5,55.5,55.5,55.5,32,0
F51,5,20210311,094500,55.5,55.5,55.5,55.5,36,0
F51,5,20210311,095000,55.5,55.5,55.5,55.5,25,0
F51,5,20210311,095500,55.5,55.5,55.5,55.5,87,0
F51,5,20210311,100000,55.3,55.3,55.3,55.3,10,0
F51,5,20210311,100500,55.1,55.6,55,55.6,579,0
F51,5,20210311,101000,55.6,55.6,55.6,55.6,95,0
F51,5,20210311,101500,55.6,55.6,55.6,55.6,44,0
F51,5,20210311,102500,55.8,55.8,55.1,55.1,194,0
F51,5,20210311,103500,55.9,55.9,55.6,55.6,129,0
F51,5,20210311,104000,55.2,55.2,55.2,55.2,30,0
F51,5,20210311,104500,55.3,55.3,55.3,55.3,30,0
F51,5,20210311,105000,55.6,55.6,55.6,55.6,13,0
F51,5,20210311,110000,55.1,55.1,55.1,55.1,16,0
F51,5,20210311,111000,55.6,55.6,55.6,55.6,10,0
F51,5,20210311,112500,55.2,55.2,54.6,54.6,255,0
F51,5,20210311,113500,54.8,54.8,54.8,54.8,2,0
F51,5,20210311,115500,54.9,54.9,54.8,54.8,25,0
F51,5,20210311,120500,55,55,55,55,50,0
F51,5,20210311,121000,54.8,54.8,54.6,54.6,74,0
F51,5,20210311,122000,54.6,54.6,54.6,54.6,9,0
F51,5,20210311,122500,54.8,54.8,54.8,54.8,3,0
F51,5,20210311,130000,55.1,55.1,55.1,55.1,10,0
F51,5,20210311,131500,55.3,55.3,55.3,55.3,2,0
F51,5,20210311,133500,55,55,55,55,50,0
F51,5,20210311,140500,55,55,55,55,100,0
F51,5,20210311,142500,55.3,55.3,55.3,55.3,43,0
F51,5,20210311,144000,55,55,54.8,54.8,165,0
F51,5,20210311,145000,54.8,54.8,54.7,54.7,136,0
F51,5,20210311,145500,54.6,54.6,54.6,54.6,195,0
F51,5,20210311,150000,54.6,54.6,54.5,54.5,129,0
F51,5,20210311,151000,54.5,54.5,54.1,54.1,444,0
F51,5,20210311,151500,54.1,54.1,54,54,100,0
F51,5,20210311,152000,54,54,54,54,50,0
F51,5,20210311,152500,54.1,54.1,54.1,54.1,175,0
F51,5,20210311,153000,55,55,55,55,231,0
F51,5,20210311,153500,55,55,54.6,54.6,169,0
F51,5,20210311,154500,55.3,55.3,55,55,155,0
F51,5,20210311,155000,55.2,55.3,55.2,55.3,40,0
F51,5,20210311,160500,55.4,55.6,55.4,55.6,246,0
F51,5,20210311,161000,55.5,55.6,55.5,55.6,38,0
F51,5,20210312,090000,55.5,55.5,55.5,55.5,185,0
F51,5,20210312,091500,55,55,54.5,54.5,150,0
F51,5,20210312,092500,54.5,54.5,54.5,54.5,35,0
F51,5,20210312,093000,54.5,54.5,54.5,54.5,65,0
F51,5,20210312,093500,54.6,55.2,54,54.1,304,0
F51,5,20210312,094000,55.1,55.1,55.1,55.1,63,0
F51,5,20210312,094500,55.2,55.2,55.2,55.2,70,0
F51,5,20210312,095000,55,55,55,55,26,0
F51,5,20210312,095500,55,55,55,55,74,0
F51,5,20210312,100000,55.3,55.4,53,55.1,4260,0
F51,5,20210312,101000,54.5,54.5,54.5,54.5,5,0
F51,5,20210312,101500,54,54,54,54,100,0
F51,5,20210312,103000,54,54,54,54,117,0
F51,5,20210312,104000,54,54,54,54,1,0
F51,5,20210312,104500,54,54,53.9,53.9,100,0
F51,5,20210312,105500,54,54,54,54,50,0
F51,5,20210312,110000,54.2,54.2,54.2,54.2,10,0
F51,5,20210312,110500,53.9,54.3,53.9,54.3,60,0
F51,5,20210312,111000,53.9,53.9,53.9,53.9,100,0
F51,5,20210312,111500,53.9,53.9,53.9,53.9,120,0
F51,5,20210312,112000,53.9,53.9,53.9,53.9,180,0
F51,5,20210312,112500,53.9,53.9,53.9,53.9,10,0
F51,5,20210312,113500,54.2,54.2,53.9,53.9,128,0
F51,5,20210312,120000,54.2,54.2,54.2,54.2,10,0
F51,5,20210312,120500,54,54,54,54,100,0
F51,5,20210312,121000,54,54,53.9,53.9,15,0
F51,5,20210312,121500,54.2,54.2,54.2,54.2,62,0
F51,5,20210312,122000,54.2,54.2,54.2,54.2,58,0
F51,5,20210312,124500,54.3,54.3,54.3,54.3,20,0
F51,5,20210312,132500,54.2,54.4,54.2,54.4,350,0
F51,5,20210312,133000,54.1,54.1,54.1,54.1,50,0
F51,5,20210312,140500,54.2,54.2,54.1,54.1,100,0
F51,5,20210312,141500,54.4,54.5,54.4,54.5,238,0
F51,5,20210312,142000,55,55,55,55,100,0
F51,5,20210312,142500,54.5,54.5,54.5,54.5,112,0
F51,5,20210312,145000,54.4,54.5,54.4,54.5,187,0
F51,5,20210312,150000,54.8,54.9,54.8,54.9,200,0
F51,5,20210312,151000,54.9,54.9,54.9,54.9,100,0
F51,5,20210312,154000,54.9,54.9,54.5,54.5,112,0
F51,5,20210312,155500,54.6,54.6,54.5,54.6,181,0
F51,5,20210312,160500,54.6,54.8,54.6,54.8,27,0
F51,5,20210312,162500,54.6,54.6,54.6,54.6,20,0
F51,5,20210312,163000,54.8,54.8,54.8,54.8,50,0
F51,5,20210312,164000,54.5,54.5,54.5,54.5,50,0
F51,5,20210312,164500,54.8,54.8,54.8,54.8,20,0
F51,5,20210315,090000,55.8,55.8,54.9,54.9,490,0
F51,5,20210315,090500,55,55,55,55,170,0
F51,5,20210315,091000,55,55.8,55,55.8,13,0
F51,5,20210315,091500,55.7,55.7,55.5,55.5,94,0
F51,5,20210315,092000,55.5,55.5,55.5,55.5,125,0
F51,5,20210315,093000,55.5,55.5,54.9,54.9,83,0
F51,5,20210315,094000,55.5,55.7,55.5,55.7,9,0
F51,5,20210315,095000,55.7,55.7,55.7,55.7,44,0
F51,5,20210315,102000,55.5,55.5,55.5,55.5,10,0
F51,5,20210315,103500,55.1,55.1,54.9,54.9,359,0
F51,5,20210315,110000,54.9,54.9,54.8,54.8,100,0
F51,5,20210315,112000,55,55.3,55,55.3,184,0
F51,5,20210315,113000,55,55.4,55,55.3,41,0
F51,5,20210315,114500,55.3,55.3,55.3,55.3,100,0
F51,5,20210315,115500,55,55,55,55,100,0
F51,5,20210315,120500,55.3,55.3,55.3,55.3,92,0
F51,5,20210315,122000,55.1,55.1,55.1,55.1,28,0
F51,5,20210315,125000,55.3,55.4,55.3,55.4,198,0
F51,5,20210315,125500,55.4,55.4,55.4,55.4,24,0
F51,5,20210315,130000,55.1,55.1,55.1,55.1,197,0
F51,5,20210315,131000,55.1,55.1,55.1,55.1,120,0
F51,5,20210315,132000,55.1,55.1,55.1,55.1,58,0
F51,5,20210315,132500,55,55,55,55,100,0
F51,5,20210315,133500,55,55,55,55,40,0
F51,5,20210315,134500,55.3,55.3,55.3,55.3,253,0
F51,5,20210315,135000,55.3,55.3,55,55,1347,0
F51,5,20210315,140000,55.1,55.1,55.1,55.1,10,0
F51,5,20210315,143500,55.1,55.1,55,55,620,0
F51,5,20210315,144000,55,55,55,55,10,0
F51,5,20210315,145000,54.8,54.8,54.8,54.8,100,0
F51,5,20210315,145500,54.8,54.8,54.7,54.7,150,0
F51,5,20210315,151000,54.8,54.8,54.8,54.8,1,0
F51,5,20210315,151500,54.7,54.7,54.5,54.5,176,0
F51,5,20210315,152000,54.4,54.4,54.3,54.3,130,0
F51,5,20210315,152500,54.4,54.4,54.3,54.3,208,0
F51,5,20210315,153000,54.3,54.3,54.3,54.3,60,0
F51,5,20210315,154000,54.2,54.2,54.2,54.2,50,0
F51,5,20210315,154500,54.3,54.3,54.3,54.3,71,0
F51,5,20210315,155500,54.2,54.3,54,54,323,0
F51,5,20210315,160000,54.1,54.1,54,54,489,0
F51,5,20210315,160500,54,54.3,53.9,53.9,498,0
F51,5,20210315,161000,53.7,53.7,53.5,53.6,382,0
F51,5,20210315,161500,53.7,53.7,53.7,53.7,50,0
F51,5,20210315,162500,54.3,54.3,53.9,53.9,88,0
F51,5,20210315,163000,54.3,54.3,54.3,54.3,80,0
F51,5,20210315,163500,54.3,54.8,54.3,54.8,422,0
F51,5,20210315,164000,54.2,54.7,54.2,54.7,82,0
F51,5,20210315,164500,54.4,54.7,54.4,54.7,196,0
F51,5,20210316,090000,54.5,54.5,54.3,54.3,721,0
F51,5,20210316,090500,54.2,54.3,54.2,54.3,260,0
F51,5,20210316,091000,54.3,54.3,54.3,54.3,185,0
F51,5,20210316,091500,54.3,54.3,54.2,54.3,174,0
F51,5,20210316,092000,54.2,54.9,54.2,54.2,310,0
F51,5,20210316,092500,54.5,54.5,54.5,54.5,73,0
F51,5,20210316,093000,54.6,54.7,54.6,54.7,87,0
F51,5,20210316,093500,54.5,54.5,54.5,54.5,427,0
F51,5,20210316,095500,54.7,55,54.7,55,448,0
F51,5,20210316,100000,55,55.2,55,55.2,330,0
F51,5,20210316,102000,55.2,55.7,55.2,55.7,1413,0
F51,5,20210316,103000,55.5,55.5,55.5,55.5,2,0
F51,5,20210316,103500,55.4,55.5,55,55.5,765,0
F51,5,20210316,104000,55.6,55.6,55.6,55.6,20,0
F51,5,20210316,104500,55,55,55,55,300,0
F51,5,20210316,111000,55,55,55,55,150,0
F51,5,20210316,111500,55,55,54.7,54.7,31,0
F51,5,20210316,114000,55,55,55,55,70,0
F51,5,20210316,115500,55,55,55,55,80,0
F51,5,20210316,125500,54.8,54.8,54.8,54.8,60,0
F51,5,20210316,130000,54.8,54.8,54.7,54.7,140,0
F51,5,20210316,130500,54.6,54.6,54.6,54.6,200,0
F51,5,20210316,132500,54.6,54.6,54.6,54.6,23,0
F51,5,20210316,133000,54.6,54.6,54.5,54.5,200,0
F51,5,20210316,135000,54.5,54.5,54.5,54.5,257,0
F51,5,20210316,140500,54.3,54.3,54.3,54.3,40,0
F51,5,20210316,142000,54.2,54.2,54.2,54.2,50,0
F51,5,20210316,144500,54.3,54.3,54.2,54.2,105,0
F51,5,20210316,151500,54.2,54.4,54.2,54.4,260,0
F51,5,20210316,152500,54.5,54.5,54.5,54.5,8,0
F51,5,20210316,154500,54.5,54.5,54.5,54.5,1,0
F51,5,20210316,160000,55,55,55,55,30,0
F51,5,20210316,161500,54.5,54.5,54.5,54.5,8,0
F51,5,20210316,163000,54.5,54.5,54,54,1000,0
F51,5,20210316,164500,54.1,54.7,54.1,54.7,105,0
F51,5,20210317,090000,53.9,54.5,53.9,54.5,110,0
F51,5,20210317,090500,53.9,53.9,53.5,53.5,200,0
F51,5,20210317,091500,54,54,54,54,612,0
F51,5,20210317,094000,54.1,54.1,53.7,53.7,263,0
F51,5,20210317,094500,53.8,53.8,53.8,53.8,49,0
F51,5,20210317,095500,53.8,54.9,53.8,54.9,80,0
F51,5,20210317,103000,54.9,54.9,54.9,54.9,55,0
F51,5,20210317,104000,54.4,54.4,54.1,54.1,6,0
F51,5,20210317,105500,54.1,54.1,54.1,54.1,356,0
F51,5,20210317,112000,54.5,54.5,54.5,54.5,25,0
F51,5,20210317,114500,54.1,54.1,53.8,53.8,1000,0
F51,5,20210317,115000,54.7,54.7,54.7,54.7,5,0
F51,5,20210317,120000,54.5,54.6,54.5,54.6,400,0
F51,5,20210317,120500,54.2,54.2,54.2,54.2,100,0
F51,5,20210317,121500,54.3,54.3,54.3,54.3,629,0
F51,5,20210317,122000,54.2,54.2,54.2,54.2,100,0
F51,5,20210317,123000,54.1,54.1,54,54,50,0
F51,5,20210317,124000,54.1,54.1,53.8,53.8,320,0
F51,5,20210317,131500,53.9,53.9,53.9,53.9,48,0
F51,5,20210317,132000,53.9,53.9,53.9,53.9,25,0
F51,5,20210317,132500,54.2,54.2,54.2,54.2,6,0
F51,5,20210317,133500,54,54,53.7,53.7,100,0
F51,5,20210317,134000,53.7,53.7,53.6,53.6,190,0
F51,5,20210317,134500,54,54,53.6,53.6,108,0
F51,5,20210317,135500,53.6,53.6,53.6,53.6,1,0
F51,5,20210317,140500,54,54,54,54,50,0
F51,5,20210317,141000,53.6,53.6,53.6,53.6,35,0
F51,5,20210317,141500,54,54,53.5,53.5,960,0
F51,5,20210317,142000,53.5,53.5,53.5,53.5,292,0
F51,5,20210317,143500,53.4,53.4,53.4,53.4,12,0
F51,5,20210317,144000,53.7,53.7,53.4,53.4,82,0
F51,5,20210317,144500,53.4,53.4,53.2,53.2,300,0
F51,5,20210317,145000,53.3,53.3,53.1,53.1,200,0
F51,5,20210317,151000,53.4,53.4,53.1,53.1,200,0
F51,5,20210317,151500,53.1,53.1,53,53,209,0
F51,5,20210317,152500,53.2,53.2,53.2,53.2,30,0
F51,5,20210317,153000,53.2,53.2,53.2,53.2,44,0
F51,5,20210317,153500,53.2,53.2,53.2,53.2,100,0
F51,5,20210317,154000,53.1,53.1,53.1,53.1,179,0
F51,5,20210317,155000,53.1,53.1,53.1,53.1,35,0
F51,5,20210317,155500,53.5,53.5,53.5,53.5,100,0
F51,5,20210317,160500,53.5,53.7,53.1,53.7,108,0
F51,5,20210317,161500,53.7,53.7,53.2,53.2,350,0
F51,5,20210317,164500,53.4,53.8,53.4,53.8,175,0
F51,5,20210317,165500,53.8,53.8,53.8,53.8,47,0
F51,5,20210318,090000,54,54.3,53.2,54.3,462,0
F51,5,20210318,091000,54,54,54,54,166,0
F51,5,20210318,091500,54,54,54,54,50,0
F51,5,20210318,092500,54,54,54,54,247,0
F51,5,20210318,094500,54,54,53.8,53.8,210,0
F51,5,20210318,095000,53.6,53.6,53.5,53.5,75,0
F51,5,20210318,095500,53.9,53.9,53.9,53.9,92,0
F51,5,20210318,102500,53.7,53.9,53.7,53.9,62,0
F51,5,20210318,105000,53.9,53.9,53.9,53.9,96,0
F51,5,20210318,105500,53.7,53.7,53.7,53.7,200,0
F51,5,20210318,110000,53.7,53.7,53.7,53.7,15,0
F51,5,20210318,112000,53.7,53.7,53.5,53.7,506,0
F51,5,20210318,114000,53.5,53.7,53.5,53.7,249,0
F51,5,20210318,115000,53.6,53.6,53.6,53.6,100,0
F51,5,20210318,115500,53.6,53.6,53.6,53.6,100,0
F51,5,20210318,120500,53.5,53.5,53.5,53.5,100,0
F51,5,20210318,121000,53.5,53.5,53.5,53.5,42,0
F51,5,20210318,121500,53.6,53.6,53.6,53.6,100,0
F51,5,20210318,122000,53.6,53.7,53.6,53.7,57,0
F51,5,20210318,123000,53.7,53.7,53.7,53.7,177,0
F51,5,20210318,125500,53.9,54,53.9,54,400,0
F51,5,20210318,130000,54,54,54,54,10,0
F51,5,20210318,130500,54,54.2,54,54.2,3,0
F51,5,20210318,132000,54,54,54,54,160,0
F51,5,20210318,133500,53.9,53.9,53.6,53.6,375,0
F51,5,20210318,134000,53.6,53.6,53.5,53.5,75,0
F51,5,20210318,140000,54,54,54,54,20,0
F51,5,20210318,142500,53.6,53.6,53.6,53.6,100,0
F51,5,20210318,143000,53.5,53.5,53.4,53.4,155,0
F51,5,20210318,144000,54,54,54,54,226,0
F51,5,20210318,144500,54,54,54,54,98,0
F51,5,20210318,145000,54,54,54,54,30,0
F51,5,20210318,145500,53.6,53.6,53.5,53.5,100,0
F51,5,20210318,151500,54,54,54,54,500,0
F51,5,20210318,152500,54,54,54,54,200,0
F51,5,20210318,154500,54,54,54,54,60,0
F51,5,20210318,155500,54,54,54,54,20,0
F51,5,20210318,162500,54,54.1,54,54.1,200,0
F51,5,20210318,164500,54.2,54.2,54.2,54.2,50,0
F51,5,20210319,090000,53.1,54,53.1,54,1010,0
F51,5,20210319,090500,53.5,53.5,53.5,53.5,145,0
F51,5,20210319,091000,53.5,53.5,53.4,53.4,130,0
F51,5,20210319,091500,53.4,53.4,53.3,53.3,100,0
F51,5,20210319,092500,53.3,53.5,52.8,53.5,1983,0
F51,5,20210319,093000,53,53.5,52.7,52.7,555,0
F51,5,20210319,093500,53,53,52.7,52.7,225,0
F51,5,20210319,094000,53,53.4,52.7,53.4,258,0
F51,5,20210319,094500,53,53,53,53,1,0
F51,5,20210319,095500,53.4,53.4,53.4,53.4,20,0
F51,5,20210319,101500,53.1,53.1,52.7,52.7,236,0
F51,5,20210319,102000,52.8,52.8,52.8,52.8,50,0
F51,5,20210319,102500,53,53,52.8,52.8,200,0
F51,5,20210319,103000,52.9,52.9,52.9,52.9,50,0
F51,5,20210319,103500,53,53,53,53,19,0
F51,5,20210319,104500,53.3,53.3,53.3,53.3,295,0
F51,5,20210319,105000,53.4,53.4,53.4,53.4,30,0
F51,5,20210319,110000,53.4,53.4,53.4,53.4,29,0
F51,5,20210319,111000,53.4,53.4,53.4,53.4,19,0
F51,5,20210319,111500,53.3,53.3,53.3,53.3,235,0
F51,5,20210319,112500,53,53,53,53,100,0
F51,5,20210319,113000,53,53,52.8,53,701,0
F51,5,20210319,113500,53,53,53,53,75,0
F51,5,20210319,114000,52.9,53,52.9,52.9,116,0
F51,5,20210319,114500,53,53.3,52.9,53.2,431,0
F51,5,20210319,115500,53.3,53.3,53.3,53.3,220,0
F51,5,20210319,121000,53.3,53.3,53.3,53.3,101,0
F51,5,20210319,122500,53.3,53.3,53.3,53.3,100,0
F51,5,20210319,123000,53.3,53.3,53.3,53.3,24,0
F51,5,20210319,123500,53.2,53.2,53.2,53.2,76,0
F51,5,20210319,124000,53.2,53.2,53.2,53.2,100,0
F51,5,20210319,124500,53.2,53.3,53,53,350,0
F51,5,20210319,125500,53.3,53.4,53.3,53.4,54,0
F51,5,20210319,133000,53.4,53.4,53.4,53.4,20,0
F51,5,20210319,134000,53.4,53.4,53.4,53.4,33,0
F51,5,20210319,141000,53.4,53.4,53.4,53.4,29,0
F51,5,20210319,141500,53,53,52.9,52.9,130,0
F51,5,20210319,142000,53,53,53,53,50,0
F51,5,20210319,142500,53,53,52.9,52.9,214,0
F51,5,20210319,143000,52.9,52.9,52.9,52.9,30,0
F51,5,20210319,143500,52.8,52.8,52.8,52.8,200,0
F51,5,20210319,144000,52.9,53,52.7,52.7,150,0
F51,5,20210319,144500,52.9,52.9,52.9,52.9,6,0
F51,5,20210319,151000,53.4,53.4,53.4,53.4,10,0
F51,5,20210319,154500,53.4,53.6,53.4,53.6,10,0
F51,5,20210319,160000,53.6,53.6,53.5,53.5,31,0
F51,5,20210319,161500,53.6,53.8,53.6,53.8,77,0
F51,5,20210319,162000,54,54.3,53.1,54.3,509,0
F51,5,20210319,162500,54.3,54.3,54.3,54.3,8,0
F51,5,20210319,164500,54.2,54.2,54.2,54.2,204,0
F51,5,20210322,090000,55,55,54.5,54.5,490,0
F51,5,20210322,090500,54.3,54.3,54.2,54.2,172,0
F51,5,20210322,091000,54,54,54,54,61,0
F51,5,20210322,091500,54,54,53.8,53.8,189,0
F51,5,20210322,094000,54.1,54.1,54.1,54.1,30,0
F51,5,20210322,094500,54,54,54,54,20,0
F51,5,20210322,095500,53.9,53.9,53.9,53.9,11,0
F51,5,20210322,100000,53.9,53.9,53.9,53.9,45,0
F51,5,20210322,101000,53.8,53.8,53.8,53.8,54,0
F51,5,20210322,102000,53.9,53.9,53.9,53.9,30,0
F51,5,20210322,104000,53.8,53.8,53.8,53.8,67,0
F51,5,20210322,104500,53.9,53.9,53.9,53.9,37,0
F51,5,20210322,105500,53.8,53.9,53.8,53.9,75,0
F51,5,20210322,111500,53.8,53.8,53.8,53.8,63,0
F51,5,20210322,113000,53.6,53.6,53.6,53.6,75,0
F51,5,20210322,113500,53.6,53.6,53.6,53.6,448,0
F51,5,20210322,114000,53.5,53.5,53.5,53.5,50,0
F51,5,20210322,114500,53.5,53.5,53.5,53.5,40,0
F51,5,20210322,115000,53.5,53.5,53.5,53.5,151,0
F51,5,20210322,120000,53.8,53.8,53.5,53.5,194,0
F51,5,20210322,122000,53.9,54.2,53.9,54.2,868,0
F51,5,20210322,122500,54.5,54.6,54.5,54.5,1004,0
F51,5,20210322,124500,54.6,54.6,54.6,54.6,50,0
F51,5,20210322,135500,53.8,53.8,53.8,53.8,20,0
F51,5,20210322,142500,53.9,53.9,53.6,53.6,235,0
F51,5,20210322,143000,53.9,53.9,53.9,53.9,2,0
F51,5,20210322,144500,53.9,53.9,53.9,53.9,25,0
F51,5,20210322,150000,53.7,53.7,53.6,53.6,125,0
F51,5,20210322,153000,53.6,53.8,53.6,53.8,104,0
F51,5,20210322,155000,53.9,53.9,53.9,53.9,12,0
F51,5,20210322,161000,53.6,53.6,53.6,53.6,172,0
F51,5,20210322,162000,53.6,53.6,53.5,53.5,179,0
F51,5,20210322,162500,53.4,53.4,53.3,53.3,44,0
F51,5,20210322,163000,53.2,53.2,53.2,53.2,202,0
F51,5,20210322,163500,53.3,53.3,53.2,53.2,100,0
F51,5,20210322,164500,53.4,53.4,53.3,53.3,250,0
F51,5,20210323,090000,53.3,53.8,53.3,53.4,147,0
F51,5,20210323,091000,53.4,53.4,53.4,53.4,105,0
F51,5,20210323,092000,54,54,54,54,61,0
F51,5,20210323,092500,54.2,54.2,54.2,54.2,66,0
F51,5,20210323,093500,53.7,53.7,53.7,53.7,200,0
F51,5,20210323,095000,54,54,53.8,53.8,250,0
F51,5,20210323,100000,53.8,53.8,53.8,53.8,150,0
F51,5,20210323,101000,53.8,53.8,53.8,53.8,50,0
F51,5,20210323,101500,53.7,53.7,53.5,53.5,200,0
F51,5,20210323,102000,54,54,53.6,53.6,65,0
F51,5,20210323,102500,53.6,53.6,53.4,53.4,150,0
F51,5,20210323,103500,53.5,53.5,53.5,53.5,30,0
F51,5,20210323,104500,53.6,53.6,53.6,53.6,30,0
F51,5,20210323,110500,53.7,53.7,53.7,53.7,150,0
F51,5,20210323,112000,53.6,53.6,53.6,53.6,16,0
F51,5,20210323,113500,53.6,54.4,53.6,54.4,500,0
F51,5,20210323,114000,54.4,55,54.4,55,902,0
F51,5,20210323,114500,55,55,55,55,7,0
F51,5,20210323,115500,54.9,55,54.9,55,52,0
F51,5,20210323,122500,54.7,54.7,54.7,54.7,16,0
F51,5,20210323,124000,54.5,54.5,54.5,54.5,30,0
F51,5,20210323,124500,54.2,54.2,54,54,100,0
F51,5,20210323,130000,54,54,54,54,199,0
F51,5,20210323,131500,53.8,53.8,53.8,53.8,10,0
F51,5,20210323,132000,53.8,53.8,53.8,53.8,140,0
F51,5,20210323,133500,53.8,53.8,53.8,53.8,160,0
F51,5,20210323,142500,54,54,54,54,101,0
F51,5,20210323,143500,53.8,53.8,53.8,53.8,60,0
F51,5,20210323,145000,53.8,53.8,53.8,53.8,17,0
F51,5,20210323,145500,54.2,54.2,54.2,54.2,10,0
F51,5,20210323,150500,54.1,54.1,54.1,54.1,40,0
F51,5,20210323,151000,54.2,54.2,54.2,54.2,13,0
F51,5,20210323,151500,54,54,53.8,53.8,175,0
F51,5,20210323,152000,54,54,54,54,175,0
F51,5,20210323,153000,53.9,53.9,53.8,53.8,94,0
F51,5,20210323,154000,53.8,53.8,53.8,53.8,100,0
F51,5,20210323,154500,53.8,53.8,53.8,53.8,10,0
F51,5,20210323,155000,53.8,53.8,53.8,53.8,100,0
F51,5,20210323,160000,53.8,53.8,53.6,53.6,764,0
F51,5,20210323,160500,53.6,53.6,53,53,2632,0
F51,5,20210323,161000,53.9,54,53.9,54,145,0
F51,5,20210323,164000,54,54.3,54,54.3,100,0
F51,5,20210323,165500,54,54,54,54,36,0
F51,5,20210324,091000,54.5,54.5,54.5,54.5,15,0
F51,5,20210324,093500,53.5,53.5,53.2,53.2,400,0
F51,5,20210324,095000,53.6,53.6,53.6,53.6,20,0
F51,5,20210324,095500,53.4,54.1,53.3,54.1,89,0
F51,5,20210324,100500,53.5,54.2,53.5,54.2,275,0
F51,5,20210324,101000,54.2,54.4,54,54,425,0
F51,5,20210324,104000,54.4,54.4,54.4,54.4,138,0
F51,5,20210324,104500,54.4,54.4,54,54,619,0
F51,5,20210324,105000,54,54,54,54,41,0
F51,5,20210324,105500,54,54.1,54,54.1,182,0
F51,5,20210324,110000,54,54,54,54,200,0
F51,5,20210324,110500,54,54,53.5,53.5,100,0
F51,5,20210324,114000,53.8,53.8,53.8,53.8,3,0
F51,5,20210324,132500,54.3,54.3,54.3,54.3,16,0
F51,5,20210324,141000,54,54,54,54,44,0
F51,5,20210324,142000,53.8,53.8,53.8,53.8,13,0
F51,5,20210324,143000,54.3,54.3,54.2,54.2,49,0
F51,5,20210324,143500,54,54,54,54,191,0
F51,5,20210324,153000,53.8,53.8,53.8,53.8,9,0
F51,5,20210324,154000,53.7,53.7,53.7,53.7,70,0
F51,5,20210324,154500,54,54,54,54,10,0
F51,5,20210324,155000,53.6,53.6,53.6,53.6,24,0
F51,5,20210324,155500,54,54,54,54,18,0
F51,5,20210324,160500,53.7,54,53.6,54,176,0
F51,5,20210324,161000,53.6,53.6,53.6,53.6,50,0
F51,5,20210324,162000,53.6,53.6,53.6,53.6,50,0
F51,5,20210324,162500,53.6,53.6,53.6,53.6,107,0
F51,5,20210324,163500,53.7,53.7,53.7,53.7,5,0
F51,5,20210324,164000,54,54,54,54,104,0
F51,5,20210324,164500,53.7,53.7,53.7,53.7,33,0
F51,5,20210324,165500,54,54,54,54,40,0
F51,5,20210325,091500,54,54,54,54,2,0
F51,5,20210325,092000,54,54,54,54,30,0
F51,5,20210325,092500,54.3,54.3,54.3,54.3,54,0
F51,5,20210325,095500,53.6,53.6,53.6,53.6,100,0
F51,5,20210325,100500,53.6,53.6,53.6,53.6,123,0
F51,5,20210325,101000,54.2,54.2,54.2,54.2,100,0
F51,5,20210325,102500,53.5,53.5,53.5,53.5,1000,0
F51,5,20210325,103000,53.5,53.5,53.4,53.4,60,0
F51,5,20210325,104000,53.3,53.3,52.6,52.6,2741,0
F51,5,20210325,104500,52.8,52.8,52.7,52.7,30,0
F51,5,20210325,110000,53.3,53.3,53,53,127,0
F51,5,20210325,111000,53,53,53,53,37,0
F51,5,20210325,112000,52.9,52.9,52.9,52.9,19,0
F51,5,20210325,112500,53,53,53,53,13,0
F51,5,20210325,113000,53.3,54.3,53,53,2364,0
F51,5,20210325,113500,53,53.1,53,53.1,47,0
F51,5,20210325,115000,53.2,53.2,53.1,53.1,355,0
F51,5,20210325,120000,53.6,53.6,53.6,53.6,11,0
F51,5,20210325,120500,53.1,53.1,53.1,53.1,51,0
F51,5,20210325,121000,53.6,53.6,53.6,53.6,18,0
F51,5,20210325,121500,53.1,53.1,53,53,183,0
F51,5,20210325,123500,53,53,52.9,52.9,150,0
F51,5,20210325,124000,52.9,52.9,52.9,52.9,1,0
F51,5,20210325,125000,52.9,52.9,52.7,52.9,771,0
F51,5,20210325,125500,52.9,52.9,52.9,52.9,120,0
F51,5,20210325,131000,53,53,52.8,52.8,200,0
F51,5,20210325,131500,52.8,52.8,52.8,52.8,3,0
F51,5,20210325,132500,53.4,53.4,53.4,53.4,1,0
F51,5,20210325,135500,53.5,53.5,53.5,53.5,125,0
F51,5,20210325,141000,53.5,53.5,53.5,53.5,25,0
F51,5,20210325,141500,53.5,53.5,53.5,53.5,88,0
F51,5,20210325,143000,53.1,53.6,53.1,53.6,17,0
F51,5,20210325,145000,53.1,53.1,52.8,52.8,200,0
F51,5,20210325,152500,53,53,53,53,15,0
F51,5,20210325,154500,53.5,53.6,53.5,53.6,40,0
F51,5,20210325,155000,53.6,53.6,53.6,53.6,17,0
F51,5,20210325,160500,53.5,53.5,53.5,53.5,100,0
F51,5,20210325,162000,53.3,53.3,53.3,53.3,18,0
F51,5,20210325,163500,53.1,53.1,53.1,53.1,30,0
F51,5,20210325,164500,53.4,53.4,53.4,53.4,10,0
F51,5,20210325,165500,53.4,53.4,53.4,53.4,115,0
F51,5,20210326,090000,53,53.4,53,53.4,57,0
F51,5,20210326,090500,53.5,53.8,52.5,52.7,597,0
F51,5,20210326,091000,53.7,53.7,53.7,53.7,1,0
F51,5,20210326,091500,53.5,53.5,53.5,53.5,60,0
F51,5,20210326,093500,53.5,53.5,53.3,53.3,62,0
F51,5,20210326,095000,53.5,53.5,53.5,53.5,145,0
F51,5,20210326,095500,53.5,53.7,53.5,53.7,70,0
F51,5,20210326,101500,53.3,53.3,53.1,53.1,250,0
F51,5,20210326,104500,53.6,53.6,53.6,53.6,5,0
F51,5,20210326,110000,53.1,53.1,53.1,53.1,70,0
F51,5,20210326,111000,53.3,53.3,53.2,53.2,85,0
F51,5,20210326,111500,53.2,53.2,53.2,53.2,15,0
F51,5,20210326,112000,53.2,53.2,53.1,53.1,100,0
F51,5,20210326,112500,53.1,53.1,53.1,53.1,49,0
F51,5,20210326,113000,53.1,53.1,53.1,53.1,51,0
F51,5,20210326,114500,53.6,53.6,53.1,53.1,236,0
F51,5,20210326,115000,53.1,53.1,53.1,53.1,69,0
F51,5,20210326,120000,53,53,53,53,747,0
F51,5,20210326,122000,52.9,52.9,52.9,52.9,100,0
F51,5,20210326,122500,53,53,53,53,50,0
F51,5,20210326,125000,53,53.1,53,53.1,50,0
F51,5,20210326,130500,52.9,52.9,52.7,52.7,200,0
F51,5,20210326,132500,52.8,52.8,52.7,52.7,200,0
F51,5,20210326,133000,52.7,52.7,52.7,52.7,49,0
F51,5,20210326,140000,52.8,52.8,52.8,52.8,61,0
F51,5,20210326,141000,52.9,52.9,52.7,52.7,67,0
F51,5,20210326,141500,53,53,52.6,52.9,88,0
F51,5,20210326,142000,52.9,53.1,52.6,53.1,54,0
F51,5,20210326,142500,52.9,52.9,52.9,52.9,23,0
F51,5,20210326,143000,53.1,53.4,53.1,53.4,250,0
F51,5,20210326,143500,53.4,53.5,53.4,53.4,250,0
F51,5,20210326,144000,53.5,54,53.5,54,500,0
F51,5,20210326,144500,54,54,54,54,127,0
F51,5,20210326,145000,54,54.2,54,54.2,65,0
F51,5,20210326,145500,54.2,55,54.2,55,600,0
F51,5,20210326,150000,54.8,55,54.8,55,50,0
F51,5,20210326,151000,53.5,54.4,53.5,54.4,313,0
F51,5,20210326,152500,54.4,54.4,54.4,54.4,10,0
F51,5,20210326,164500,54.3,54.5,54.3,54.5,245,0
