<TICKER>,<PER>,<DATE>,<TIME>,<OPEN>,<HIGH>,<LOW>,<CLOSE>,<VOL>,<OPENINT>
FIV,5,20210204,090000,0.988,0.988,0.988,0.988,20,0
FIV,5,20210204,091000,0.98,0.99,0.98,0.99,6680,0
FIV,5,20210204,091500,1.01,1.01,1.01,1.01,15,0
FIV,5,20210204,093000,1.01,1.02,1.01,1.02,7975,0
FIV,5,20210204,095000,1,1.01,1,1.01,900,0
FIV,5,20210204,103500,1.02,1.02,1.02,1.02,490,0
FIV,5,20210204,112000,1.02,1.02,1.02,1.02,41,0
FIV,5,20210204,125500,1.01,1.01,1,1,6260,0
FIV,5,20210204,130000,1.02,1.02,1.02,1.02,1,0
FIV,5,20210204,135500,1,1,0.98,0.98,1000,0
FIV,5,20210204,140000,1.02,1.02,1.02,1.02,10,0
FIV,5,20210205,101500,1.02,1.02,1.02,1.02,10,0
FIV,5,20210205,102000,1.02,1.03,1.02,1.03,3810,0
FIV,5,20210205,103000,0.98,1.04,0.98,1.04,6190,0
FIV,5,20210205,105000,1.03,1.03,1.03,1.03,474,0
FIV,5,20210205,112500,1.02,1.02,1.02,1.02,938,0
FIV,5,20210205,132000,1,1,1,1,1500,0
FIV,5,20210205,132500,1,1.02,1,1.02,311,0
FIV,5,20210208,091000,1,1,1,1,20,0
FIV,5,20210208,092000,0.972,0.972,0.972,0.972,3113,0
FIV,5,20210208,092500,0.972,0.972,0.972,0.972,1025,0
FIV,5,20210208,101000,0.95,0.95,0.95,0.95,1000,0
FIV,5,20210208,102000,0.95,0.95,0.95,0.95,3000,0
FIV,5,20210208,103000,0.94,0.94,0.94,0.94,980,0
FIV,5,20210208,103500,0.972,1.01,0.972,1.01,962,0
FIV,5,20210208,110500,1.01,1.02,1.01,1.02,542,0
FIV,5,20210208,163500,0.99,0.99,0.99,0.99,1890,0
FIV,5,20210208,164000,1.02,1.02,1.02,1.02,1,0
FIV,5,20210209,090000,1.03,1.03,1.03,1.03,13,0
FIV,5,20210209,104500,1.02,1.03,1.02,1.03,1000,0
FIV,5,20210209,105000,0.96,0.96,0.96,0.96,3252,0
FIV,5,20210209,110000,1.03,1.03,1.03,1.03,18,0
FIV,5,20210209,110500,1.02,1.02,1.02,1.02,14,0
FIV,5,20210210,091000,1.02,1.02,1.02,1.02,20,0
FIV,5,20210210,095000,0.96,0.96,0.95,0.95,3000,0
FIV,5,20210210,100000,1.02,1.02,1.02,1.02,1,0
FIV,5,20210210,121000,0.96,0.96,0.96,0.96,1800,0
FIV,5,20210210,122000,0.99,0.99,0.99,0.99,10,0
FIV,5,20210210,153000,0.96,0.96,0.852,0.852,10000,0
FIV,5,20210210,153500,0.93,0.96,0.93,0.96,1314,0
FIV,5,20210210,155000,0.96,0.99,0.96,0.99,2046,0
FIV,5,20210210,162500,0.97,0.97,0.97,0.97,338,0
FIV,5,20210211,090000,0.98,0.98,0.98,0.98,1,0
FIV,5,20210211,152500,0.96,0.96,0.96,0.96,800,0
FIV,5,20210212,095000,0.96,0.96,0.96,0.96,100,0
FIV,5,20210212,110500,0.96,0.96,0.96,0.96,1270,0
FIV,5,20210212,115500,0.95,0.96,0.95,0.96,2100,0
FIV,5,20210212,125000,0.958,0.958,0.958,0.958,467,0
FIV,5,20210212,131500,0.958,0.958,0.958,0.958,80,0
FIV,5,20210212,144000,0.9,0.9,0.9,0.9,3900,0
FIV,5,20210212,144500,0.9,0.9,0.9,0.9,210,0
FIV,5,20210212,150000,0.958,0.958,0.958,0.958,1,0
FIV,5,20210212,155500,0.892,0.958,0.882,0.958,5699,0
FIV,5,20210215,090000,0.98,0.98,0.98,0.98,3060,0
FIV,5,20210215,090500,0.98,0.98,0.98,0.98,1820,0
FIV,5,20210215,102000,0.97,0.97,0.97,0.97,734,0
FIV,5,20210215,103500,0.97,0.97,0.97,0.97,281,0
FIV,5,20210215,104500,0.97,0.97,0.97,0.97,219,0
FIV,5,20210215,121000,0.96,0.98,0.96,0.98,194,0
FIV,5,20210215,152500,0.97,0.98,0.97,0.98,5000,0
FIV,5,20210215,153000,0.98,1.02,0.98,1.02,3350,0
FIV,5,20210215,155000,0.99,0.99,0.99,0.99,1750,0
FIV,5,20210215,155500,1.01,1.01,1.01,1.01,50,0
FIV,5,20210216,090000,1.02,1.02,1,1,1500,0
FIV,5,20210216,090500,0.92,0.94,0.92,0.94,3256,0
FIV,5,20210216,091000,0.99,1,0.99,1,804,0
FIV,5,20210216,152000,0.96,0.96,0.93,0.93,10913,0
FIV,5,20210216,152500,0.93,0.998,0.93,0.998,129,0
FIV,5,20210216,153000,0.94,0.94,0.94,0.94,100,0
FIV,5,20210216,153500,0.998,0.998,0.95,0.998,1925,0
FIV,5,20210216,160000,0.99,0.99,0.99,0.99,105,0
FIV,5,20210217,090000,0.99,0.99,0.99,0.99,20,0
FIV,5,20210217,092000,0.988,0.99,0.988,0.99,5035,0
FIV,5,20210217,095500,0.996,0.996,0.996,0.996,500,0
FIV,5,20210217,102000,0.996,0.996,0.996,0.996,587,0
FIV,5,20210217,112500,0.996,0.998,0.996,0.998,201,0
FIV,5,20210217,125500,0.98,0.98,0.98,0.98,4000,0
FIV,5,20210217,132000,0.954,0.954,0.954,0.954,200,0
FIV,5,20210217,132500,0.952,0.952,0.94,0.94,2800,0
FIV,5,20210217,133500,0.98,0.98,0.98,0.98,1,0
FIV,5,20210217,145500,0.98,0.98,0.98,0.98,199,0
FIV,5,20210217,150500,0.982,0.986,0.982,0.986,500,0
FIV,5,20210217,160500,0.986,0.988,0.986,0.988,300,0
FIV,5,20210217,163500,0.99,0.99,0.99,0.99,500,0
FIV,5,20210217,164500,0.99,0.996,0.99,0.996,1200,0
FIV,5,20210218,090000,0.996,0.998,0.996,0.998,444,0
FIV,5,20210218,095500,0.994,0.994,0.99,0.99,4440,0
FIV,5,20210218,133000,0.998,0.998,0.998,0.998,1,0
FIV,5,20210218,135000,0.98,0.98,0.98,0.98,1300,0
FIV,5,20210218,135500,0.998,0.998,0.998,0.998,1,0
FIV,5,20210218,145500,0.98,0.99,0.96,0.99,14223,0
FIV,5,20210218,150500,0.96,0.96,0.96,0.96,10000,0
FIV,5,20210218,151500,0.96,0.996,0.96,0.996,10001,0
FIV,5,20210218,155000,0.99,0.99,0.99,0.99,101,0
FIV,5,20210219,100000,0.99,0.99,0.99,0.99,20,0
FIV,5,20210219,102500,0.97,0.97,0.97,0.97,1297,0
FIV,5,20210219,105500,0.99,0.99,0.99,0.99,1079,0
FIV,5,20210219,110000,0.99,0.99,0.99,0.99,2028,0
FIV,5,20210219,113000,0.99,0.99,0.99,0.99,1937,0
FIV,5,20210219,122500,0.994,0.998,0.994,0.998,1000,0
FIV,5,20210219,133500,0.99,0.99,0.99,0.99,913,0
FIV,5,20210219,135500,0.99,0.998,0.99,0.998,167,0
FIV,5,20210219,155500,0.998,0.998,0.998,0.998,2000,0
FIV,5,20210219,164000,0.97,0.97,0.97,0.97,1703,0
FIV,5,20210219,164500,0.998,0.998,0.998,0.998,1000,0
FIV,5,20210222,091000,0.972,0.972,0.972,0.972,4000,0
FIV,5,20210222,092000,0.97,0.998,0.97,0.998,1560,0
FIV,5,20210222,093500,1,1,1,1,24,0
FIV,5,20210222,101000,1,1,1,1,1000,0
FIV,5,20210222,102000,0.98,1.03,0.98,1.03,7102,0
FIV,5,20210222,102500,1.03,1.07,1.03,1.07,8594,0
FIV,5,20210222,103000,1.07,1.07,1.07,1.07,885,0
FIV,5,20210222,103500,1.01,1.01,1.01,1.01,1000,0
FIV,5,20210222,104000,1.045,1.045,1.045,1.045,10,0
FIV,5,20210222,105500,1.01,1.01,1,1,3992,0
FIV,5,20210222,141000,1,1,1,1,2040,0
FIV,5,20210222,141500,1,1,1,1,70,0
FIV,5,20210222,155500,0.998,1,0.998,1,3559,0
FIV,5,20210222,161500,1,1.05,1,1.05,8346,0
FIV,5,20210222,162000,1.05,1.06,1.05,1.05,5550,0
FIV,5,20210222,162500,1.05,1.05,1.05,1.05,1500,0
FIV,5,20210222,163500,1.05,1.05,1.05,1.05,1395,0
FIV,5,20210222,164000,1.06,1.06,1.06,1.06,1,0
FIV,5,20210223,090000,1.07,1.07,1.03,1.03,5010,0
FIV,5,20210223,090500,1.07,1.07,1.07,1.07,20,0
FIV,5,20210223,093500,1.02,1.05,1.02,1.05,1340,0
FIV,5,20210223,094500,1.02,1.05,1.02,1.05,1671,0
FIV,5,20210223,102500,1.02,1.03,0.974,1.03,20010,0
FIV,5,20210223,110000,1,1,1,1,100,0
FIV,5,20210223,110500,1.03,1.03,1.03,1.03,1,0
FIV,5,20210223,113000,1.01,1.01,1.01,1.01,3000,0
FIV,5,20210223,114000,1,1,1,1,787,0
FIV,5,20210223,121500,1,1,1,1,1788,0
FIV,5,20210223,125000,1.02,1.03,1.02,1.03,1041,0
FIV,5,20210223,130500,1.03,1.03,1.03,1.03,940,0
FIV,5,20210223,131000,1.03,1.03,1.03,1.03,996,0
FIV,5,20210223,143000,1.015,1.025,0.972,1.025,7111,0
FIV,5,20210223,162500,0.98,0.98,0.98,0.98,1750,0
FIV,5,20210223,163000,0.98,0.98,0.98,0.98,3717,0
FIV,5,20210223,164000,0.98,1.02,0.98,1.02,4001,0
FIV,5,20210224,090000,1.02,1.02,1.02,1.02,2000,0
FIV,5,20210224,091500,1.02,1.02,1.02,1.02,51,0
FIV,5,20210224,110500,0.99,0.99,0.99,0.99,1000,0
FIV,5,20210224,111500,1,1,1,1,1,0
FIV,5,20210224,112500,1,1,1,1,929,0
FIV,5,20210224,113000,0.98,0.98,0.98,0.98,1000,0
FIV,5,20210224,113500,1,1,1,1,1,0
FIV,5,20210224,125000,0.98,0.98,0.98,0.98,2048,0
FIV,5,20210224,134500,0.98,0.98,0.97,0.97,5000,0
FIV,5,20210224,140500,0.998,0.998,0.998,0.998,24,0
FIV,5,20210224,141500,0.976,0.976,0.976,0.976,1427,0
FIV,5,20210224,144500,0.998,0.998,0.998,0.998,242,0
FIV,5,20210224,164500,0.976,0.976,0.976,0.976,1113,0
FIV,5,20210224,165500,0.976,0.976,0.976,0.976,887,0
FIV,5,20210225,091500,0.98,0.98,0.98,0.98,31,0
FIV,5,20210225,092000,0.972,0.972,0.97,0.97,2470,0
FIV,5,20210225,094500,0.97,0.98,0.97,0.98,561,0
FIV,5,20210225,100500,0.962,0.962,0.96,0.96,1710,0
FIV,5,20210225,102500,0.96,0.96,0.96,0.96,940,0
FIV,5,20210225,103500,0.978,0.978,0.978,0.978,100,0
FIV,5,20210225,115000,0.978,0.978,0.978,0.978,300,0
FIV,5,20210225,115500,0.98,0.98,0.98,0.98,150,0
FIV,5,20210225,120500,0.97,0.97,0.96,0.96,1820,0
FIV,5,20210225,135500,0.98,0.98,0.98,0.98,1,0
FIV,5,20210225,151500,0.98,0.98,0.98,0.98,1505,0
FIV,5,20210226,090500,0.998,0.998,0.998,0.998,21,0
FIV,5,20210226,092000,0.966,0.966,0.966,0.966,1500,0
FIV,5,20210226,095000,0.966,0.966,0.966,0.966,3048,0
FIV,5,20210226,101000,0.99,0.99,0.99,0.99,50,0
FIV,5,20210226,110500,0.964,0.964,0.958,0.958,3551,0
FIV,5,20210226,141500,0.966,0.966,0.966,0.966,1,0
FIV,5,20210226,144000,0.966,0.966,0.966,0.966,2269,0
FIV,5,20210226,152500,0.966,0.966,0.966,0.966,2800,0
FIV,5,20210226,153000,0.966,0.966,0.966,0.966,1930,0
FIV,5,20210226,154000,0.954,0.954,0.954,0.954,1000,0
FIV,5,20210226,160000,0.978,0.978,0.952,0.952,2208,0
FIV,5,20210226,162000,0.952,0.952,0.952,0.952,2000,0
FIV,5,20210226,162500,0.978,0.978,0.978,0.978,20,0
FIV,5,20210301,091500,0.97,0.97,0.97,0.97,20,0
FIV,5,20210301,102500,0.95,0.97,0.95,0.97,2915,0
FIV,5,20210301,103000,0.95,0.95,0.95,0.95,7000,0
FIV,5,20210301,103500,0.95,0.95,0.95,0.95,840,0
FIV,5,20210301,104500,0.97,0.97,0.97,0.97,16,0
FIV,5,20210301,122500,0.968,0.97,0.968,0.97,2654,0
FIV,5,20210301,123500,0.97,0.97,0.97,0.97,5000,0
FIV,5,20210301,124000,0.97,0.97,0.97,0.97,2346,0
FIV,5,20210301,125000,0.972,0.972,0.972,0.972,20,0
FIV,5,20210301,152500,0.952,0.952,0.952,0.952,1980,0
FIV,5,20210301,153500,0.978,0.99,0.978,0.99,624,0
FIV,5,20210301,162000,0.99,0.99,0.99,0.99,1305,0
FIV,5,20210301,163500,0.994,0.998,0.994,0.998,4701,0
FIV,5,20210302,092000,1,1,1,1,100,0
FIV,5,20210302,092500,1,1.03,1,1.03,8326,0
FIV,5,20210302,093000,1.03,1.045,1.03,1.045,3861,0
FIV,5,20210302,094500,0.99,0.99,0.99,0.99,2000,0
FIV,5,20210302,095000,0.99,1.04,0.99,1.04,1130,0
FIV,5,20210302,095500,1.02,1.02,1.02,1.02,11500,0
FIV,5,20210302,114000,0.99,0.99,0.99,0.99,1000,0
FIV,5,20210302,115500,0.99,1.02,0.99,1.02,1001,0
FIV,5,20210302,143000,1,1,1,1,1000,0
FIV,5,20210302,152500,1.015,1.015,1.015,1.015,1,0
FIV,5,20210302,154500,1,1,0.988,0.988,1840,0
FIV,5,20210302,160000,1,1,1,1,1,0
FIV,5,20210302,161500,1,1,1,1,999,0
FIV,5,20210302,164000,1.015,1.015,1.015,1.015,1,0
FIV,5,20210303,091500,1,1.01,0.942,1.01,1063,0
FIV,5,20210303,092000,0.952,1.01,0.952,1.01,2053,0
FIV,5,20210303,111000,0.96,1,0.958,0.958,2650,0
FIV,5,20210303,112000,1,1,1,1,10,0
FIV,5,20210303,124000,0.958,0.958,0.95,0.95,3300,0
FIV,5,20210303,124500,0.942,0.942,0.91,0.91,8000,0
FIV,5,20210303,125000,0.91,0.91,0.91,0.91,6977,0
FIV,5,20210303,130500,0.94,0.94,0.94,0.94,390,0
FIV,5,20210303,131000,0.92,0.92,0.91,0.91,2500,0
FIV,5,20210303,131500,0.94,0.94,0.94,0.94,1,0
FIV,5,20210303,132500,0.94,0.95,0.94,0.95,2411,0
FIV,5,20210303,133500,0.95,0.95,0.91,0.91,2038,0
FIV,5,20210303,134000,0.95,0.95,0.95,0.95,2142,0
FIV,5,20210303,144500,0.95,0.99,0.95,0.99,545,0
FIV,5,20210303,163000,0.93,0.93,0.92,0.92,1200,0
FIV,5,20210303,163500,0.978,0.978,0.978,0.978,30,0
FIV,5,20210304,090000,0.978,0.978,0.978,0.978,20,0
FIV,5,20210304,132000,0.976,0.976,0.97,0.97,900,0
FIV,5,20210304,153000,0.94,0.94,0.916,0.916,1500,0
FIV,5,20210304,154500,0.968,0.968,0.968,0.968,10,0
FIV,5,20210304,164000,0.922,0.922,0.918,0.918,4200,0
FIV,5,20210304,164500,0.918,0.95,0.918,0.95,2290,0
FIV,5,20210305,103000,0.93,0.96,0.93,0.96,800,0
FIV,5,20210305,134000,0.93,0.93,0.93,0.93,448,0
FIV,5,20210305,134500,0.92,0.96,0.92,0.96,476,0
FIV,5,20210305,140500,0.92,0.92,0.88,0.88,6000,0
FIV,5,20210305,141000,0.94,0.94,0.94,0.94,121,0
FIV,5,20210305,142500,0.92,0.94,0.92,0.94,600,0
FIV,5,20210305,145500,0.93,0.93,0.93,0.93,1,0
FIV,5,20210305,150000,0.94,0.94,0.93,0.93,300,0
FIV,5,20210305,164500,0.938,0.94,0.938,0.94,3500,0
FIV,5,20210308,090500,0.95,0.95,0.95,0.95,41,0
FIV,5,20210308,101000,0.916,0.92,0.852,0.92,4520,0
FIV,5,20210308,110000,0.9,0.9,0.9,0.9,150,0
FIV,5,20210308,113000,0.9,0.9,0.9,0.9,353,0
FIV,5,20210308,113500,0.92,0.938,0.92,0.938,531,0
FIV,5,20210308,120000,0.93,0.93,0.93,0.93,40,0
FIV,5,20210308,140500,0.92,0.92,0.91,0.91,1300,0
FIV,5,20210308,143500,0.93,0.93,0.93,0.93,75,0
FIV,5,20210308,144500,0.91,0.91,0.91,0.91,1853,0
FIV,5,20210308,151500,0.93,0.93,0.93,0.93,1,0
FIV,5,20210308,164500,0.91,0.91,0.91,0.91,681,0
FIV,5,20210309,090000,0.94,1,0.94,1,8489,0
FIV,5,20210309,090500,1,1.01,0.97,0.97,11420,0
FIV,5,20210309,091000,0.998,0.998,0.998,0.998,19,0
FIV,5,20210309,092000,0.962,0.998,0.96,0.96,5960,0
FIV,5,20210309,092500,0.94,0.98,0.912,0.98,5750,0
FIV,5,20210309,093000,0.97,0.97,0.97,0.97,1000,0
FIV,5,20210309,094500,0.96,0.964,0.96,0.964,500,0
FIV,5,20210309,095500,0.922,0.922,0.922,0.922,1000,0
FIV,5,20210309,100500,0.96,0.96,0.96,0.96,300,0
FIV,5,20210309,114000,0.926,0.926,0.922,0.922,500,0
FIV,5,20210309,114500,0.964,0.968,0.964,0.968,500,0
FIV,5,20210309,124000,0.96,0.96,0.96,0.96,1000,0
FIV,5,20210309,125000,0.93,0.93,0.93,0.93,8800,0
FIV,5,20210309,130500,0.96,0.96,0.96,0.96,1,0
FIV,5,20210309,162500,0.96,0.98,0.96,0.98,13000,0
FIV,5,20210309,163000,0.98,0.98,0.98,0.98,837,0
FIV,5,20210310,092000,0.98,0.98,0.98,0.98,20,0
FIV,5,20210310,102000,0.98,0.98,0.98,0.98,547,0
FIV,5,20210310,120500,0.952,0.952,0.952,0.952,3000,0
FIV,5,20210310,123500,0.95,0.98,0.95,0.98,650,0
FIV,5,20210311,090000,0.978,0.978,0.978,0.978,20,0
FIV,5,20210311,103000,0.948,0.948,0.94,0.94,3000,0
FIV,5,20210311,103500,0.97,0.97,0.97,0.97,50,0
FIV,5,20210311,113000,0.93,0.93,0.93,0.93,10010,0
FIV,5,20210311,114500,0.97,0.97,0.97,0.97,1,0
FIV,5,20210311,134000,0.93,0.968,0.93,0.968,221,0
FIV,5,20210311,140000,0.93,0.968,0.93,0.968,2004,0
FIV,5,20210311,141500,0.93,0.93,0.924,0.924,1500,0
FIV,5,20210311,142500,0.95,0.95,0.95,0.95,200,0
FIV,5,20210311,145000,0.924,0.924,0.92,0.92,1000,0
FIV,5,20210311,145500,0.95,0.95,0.95,0.95,2,0
FIV,5,20210311,164500,0.922,0.948,0.92,0.948,4002,0
FIV,5,20210312,091500,0.92,0.92,0.912,0.912,2792,0
FIV,5,20210312,092000,0.912,0.948,0.912,0.948,209,0
FIV,5,20210312,102000,0.932,0.936,0.932,0.936,500,0
FIV,5,20210312,112500,0.93,0.93,0.93,0.93,327,0
FIV,5,20210312,121000,0.91,0.91,0.91,0.91,216,0
FIV,5,20210312,121500,0.92,0.92,0.92,0.92,4673,0
FIV,5,20210312,122500,0.936,0.936,0.936,0.936,40,0
FIV,5,20210312,130500,0.92,0.92,0.92,0.92,2510,0
FIV,5,20210312,131500,0.92,0.92,0.92,0.92,1000,0
FIV,5,20210312,132000,0.92,0.92,0.92,0.92,2000,0
FIV,5,20210312,134000,0.92,0.92,0.92,0.92,5327,0
FIV,5,20210312,134500,0.92,0.92,0.92,0.92,3500,0
FIV,5,20210312,142000,0.9,0.9,0.9,0.9,1040,0
FIV,5,20210312,142500,0.92,0.92,0.92,0.92,1,0
FIV,5,20210312,150000,0.902,0.902,0.9,0.9,1794,0
FIV,5,20210312,150500,0.89,0.92,0.88,0.92,11072,0
FIV,5,20210312,153000,0.9,0.9,0.9,0.9,4000,0
FIV,5,20210312,154500,0.882,0.882,0.86,0.882,25191,0
FIV,5,20210312,155000,0.88,0.88,0.88,0.88,6608,0
FIV,5,20210312,155500,0.9,0.9,0.9,0.9,4313,0
FIV,5,20210312,160000,0.9,0.9,0.9,0.9,225,0
FIV,5,20210312,161000,0.9,0.9,0.9,0.9,221,0
FIV,5,20210312,162000,0.9,0.9,0.9,0.9,1500,0
FIV,5,20210312,162500,0.908,0.908,0.908,0.908,1347,0
FIV,5,20210315,090000,0.908,0.908,0.908,0.908,1283,0
FIV,5,20210315,090500,0.91,0.912,0.91,0.912,400,0
FIV,5,20210315,091000,0.914,0.92,0.914,0.92,1110,0
FIV,5,20210315,092000,0.92,0.92,0.92,0.92,517,0
FIV,5,20210315,104500,0.914,0.914,0.884,0.884,2675,0
FIV,5,20210315,105500,0.88,0.88,0.88,0.88,3647,0
FIV,5,20210315,110500,0.9,0.9,0.9,0.9,1,0
FIV,5,20210315,144000,0.88,0.9,0.88,0.9,3066,0
FIV,5,20210315,151000,0.864,0.864,0.864,0.864,2690,0
FIV,5,20210315,153000,0.862,0.862,0.862,0.862,4000,0
FIV,5,20210315,154000,0.886,0.886,0.856,0.856,870,0
FIV,5,20210315,154500,0.854,0.854,0.854,0.854,304,0
FIV,5,20210315,155500,0.88,0.884,0.85,0.85,3602,0
FIV,5,20210315,160000,0.88,0.88,0.88,0.88,1,0
FIV,5,20210315,161000,0.852,0.852,0.852,0.852,1877,0
FIV,5,20210315,162500,0.88,0.88,0.88,0.88,100,0
FIV,5,20210316,090000,0.88,0.88,0.834,0.88,2125,0
FIV,5,20210316,091500,0.87,0.88,0.87,0.88,10000,0
FIV,5,20210316,092500,0.88,0.88,0.88,0.88,1547,0
FIV,5,20210316,093000,0.884,0.888,0.884,0.888,2000,0
FIV,5,20210316,094000,0.884,0.884,0.884,0.884,549,0
FIV,5,20210316,102000,0.884,0.884,0.88,0.88,1130,0
FIV,5,20210316,105000,0.886,0.94,0.886,0.94,13071,0
FIV,5,20210316,110500,0.926,0.926,0.9,0.9,929,0
FIV,5,20210316,111000,0.9,0.93,0.9,0.93,323,0
FIV,5,20210316,122000,0.932,0.934,0.932,0.934,279,0
FIV,5,20210316,133500,0.9,0.9,0.9,0.9,100,0
FIV,5,20210316,143000,0.886,0.898,0.85,0.85,10427,0
FIV,5,20210316,143500,0.85,0.85,0.83,0.83,1295,0
FIV,5,20210316,144000,0.852,0.852,0.852,0.852,1560,0
FIV,5,20210316,145000,0.862,0.862,0.862,0.862,1560,0
FIV,5,20210316,152500,0.888,0.888,0.888,0.888,1,0
FIV,5,20210316,162500,0.888,0.89,0.888,0.89,1105,0
FIV,5,20210316,164500,0.864,0.864,0.864,0.864,4673,0
FIV,5,20210317,090000,0.888,0.888,0.888,0.888,1,0
FIV,5,20210317,125000,0.88,0.88,0.88,0.88,1500,0
FIV,5,20210317,130000,0.838,0.838,0.82,0.82,21288,0
FIV,5,20210317,131000,0.82,0.858,0.82,0.858,7412,0
FIV,5,20210317,132000,0.86,0.864,0.86,0.864,500,0
FIV,5,20210317,132500,0.864,0.87,0.864,0.87,700,0
FIV,5,20210317,133000,0.87,0.87,0.87,0.87,300,0
FIV,5,20210317,140500,0.872,0.872,0.872,0.872,200,0
FIV,5,20210317,142500,0.85,0.85,0.85,0.85,100,0
FIV,5,20210317,145500,0.85,0.85,0.85,0.85,20,0
FIV,5,20210317,151000,0.832,0.832,0.832,0.832,1500,0
FIV,5,20210317,152500,0.85,0.85,0.85,0.85,1,0
FIV,5,20210317,154000,0.85,0.85,0.85,0.85,500,0
FIV,5,20210317,154500,0.83,0.83,0.83,0.83,2379,0
FIV,5,20210317,161000,0.84,0.854,0.84,0.854,1421,0
FIV,5,20210317,162000,0.85,0.85,0.85,0.85,401,0
FIV,5,20210317,164000,0.852,0.852,0.852,0.852,1,0
FIV,5,20210318,091000,0.852,0.852,0.852,0.852,20,0
FIV,5,20210318,103500,0.852,0.852,0.852,0.852,1278,0
FIV,5,20210318,113500,0.85,0.852,0.85,0.852,5000,0
FIV,5,20210318,114500,0.83,0.83,0.83,0.83,88,0
FIV,5,20210318,120500,0.854,0.854,0.854,0.854,1,0
FIV,5,20210318,121000,0.854,0.854,0.854,0.854,178,0
FIV,5,20210318,121500,0.858,0.858,0.858,0.858,200,0
FIV,5,20210318,122000,0.86,0.86,0.86,0.86,1,0
FIV,5,20210318,124000,0.86,0.864,0.86,0.864,500,0
FIV,5,20210318,125500,0.84,0.866,0.84,0.866,2600,0
FIV,5,20210318,132500,0.866,0.868,0.866,0.868,219,0
FIV,5,20210318,133500,0.84,0.84,0.84,0.84,76,0
FIV,5,20210318,144500,0.84,0.84,0.84,0.84,475,0
FIV,5,20210318,145000,0.868,0.89,0.868,0.888,5000,0
FIV,5,20210318,145500,0.89,0.9,0.89,0.9,3000,0
FIV,5,20210318,153000,0.9,0.938,0.9,0.938,10400,0
FIV,5,20210318,155500,0.93,0.93,0.93,0.93,10,0
FIV,5,20210318,160000,0.93,0.936,0.93,0.93,1028,0
FIV,5,20210318,161000,0.92,0.92,0.92,0.92,10,0
FIV,5,20210319,100000,0.88,0.88,0.88,0.88,2440,0
FIV,5,20210319,102500,0.914,0.914,0.914,0.914,200,0
FIV,5,20210319,105000,0.916,0.916,0.916,0.916,200,0
FIV,5,20210319,143500,0.882,0.882,0.88,0.88,2260,0
FIV,5,20210319,153000,0.88,0.88,0.88,0.88,7,0
FIV,5,20210319,155500,0.866,0.866,0.86,0.86,1600,0
FIV,5,20210319,160500,0.86,0.86,0.86,0.86,30,0
FIV,5,20210319,161500,0.86,0.86,0.86,0.86,3370,0
FIV,5,20210319,162000,0.87,0.87,0.87,0.87,3500,0
FIV,5,20210319,163000,0.88,0.88,0.88,0.88,2433,0
FIV,5,20210322,092000,0.88,0.88,0.88,0.88,10,0
FIV,5,20210322,092500,0.858,0.87,0.846,0.846,15300,0
FIV,5,20210322,094500,0.846,0.88,0.846,0.88,2432,0
FIV,5,20210322,102500,0.878,0.88,0.878,0.88,500,0
FIV,5,20210322,112500,0.84,0.84,0.84,0.84,350,0
FIV,5,20210322,113000,0.87,0.87,0.87,0.87,2,0
FIV,5,20210322,132500,0.87,0.87,0.87,0.87,198,0
FIV,5,20210322,135500,0.872,0.872,0.872,0.872,11,0
FIV,5,20210322,143000,0.872,0.872,0.872,0.872,189,0
FIV,5,20210322,144000,0.874,0.874,0.874,0.874,200,0
FIV,5,20210322,155000,0.84,0.84,0.84,0.84,2748,0
FIV,5,20210322,164000,0.87,0.87,0.87,0.87,10,0
FIV,5,20210323,090000,0.84,0.87,0.84,0.87,20,0
FIV,5,20210323,164500,0.84,0.84,0.84,0.84,223,0
FIV,5,20210324,090500,0.84,0.84,0.84,0.84,10,0
FIV,5,20210324,102000,0.864,0.864,0.864,0.864,2,0
FIV,5,20210324,115500,0.846,0.846,0.846,0.846,3551,0
FIV,5,20210324,124000,0.842,0.842,0.842,0.842,300,0
FIV,5,20210324,131500,0.842,0.842,0.842,0.842,70,0
FIV,5,20210324,134500,0.86,0.86,0.86,0.86,1,0
FIV,5,20210325,111000,0.85,0.85,0.85,0.85,20,0
FIV,5,20210325,113000,0.854,0.856,0.854,0.856,1200,0
FIV,5,20210326,093500,0.854,0.854,0.854,0.854,20,0
FIV,5,20210326,130500,0.832,0.852,0.804,0.852,5001,0
