<TICKER>,<PER>,<DATE>,<TIME>,<OPEN>,<HIGH>,<LOW>,<CLOSE>,<VOL>,<OPENINT>
FOR,5,20210204,090000,8.5,8.5,8.44,8.44,1274,0
FOR,5,20210204,090500,8.44,8.44,8.3,8.3,1000,0
FOR,5,20210204,091000,8.46,8.46,8.46,8.46,150,0
FOR,5,20210204,091500,8.4,8.4,8.4,8.4,10,0
FOR,5,20210204,092500,8.4,8.4,8.4,8.4,237,0
FOR,5,20210204,093000,8.34,8.34,8.32,8.32,502,0
FOR,5,20210204,094000,8.33,8.33,8.33,8.33,249,0
FOR,5,20210204,094500,8.34,8.34,8.34,8.34,204,0
FOR,5,20210204,095000,8.35,8.38,8.35,8.38,259,0
FOR,5,20210204,095500,8.39,8.39,8.35,8.35,291,0
FOR,5,20210204,100500,8.35,8.39,8.35,8.39,1000,0
FOR,5,20210204,102000,8.39,8.39,8.39,8.39,113,0
FOR,5,20210204,104000,8.35,8.35,8.35,8.35,1000,0
FOR,5,20210204,105500,8.37,8.38,8.37,8.38,480,0
FOR,5,20210204,112000,8.38,8.38,8.38,8.38,831,0
FOR,5,20210204,112500,8.38,8.38,8.35,8.35,2847,0
FOR,5,20210204,114000,8.36,8.36,8.36,8.36,596,0
FOR,5,20210204,114500,8.36,8.36,8.36,8.36,841,0
FOR,5,20210204,120000,8.4,8.4,8.35,8.35,610,0
FOR,5,20210204,122000,8.35,8.35,8.33,8.33,400,0
FOR,5,20210204,123000,8.33,8.33,8.3,8.3,3000,0
FOR,5,20210204,123500,8.38,8.38,8.23,8.33,360,0
FOR,5,20210204,124500,8.33,8.33,8.33,8.33,76,0
FOR,5,20210204,125000,8.25,8.25,8.24,8.24,160,0
FOR,5,20210204,130000,8.3,8.3,8.3,8.3,200,0
FOR,5,20210204,130500,8.35,8.35,8.35,8.35,87,0
FOR,5,20210204,132500,8.35,8.35,8.35,8.35,597,0
FOR,5,20210204,133000,8.35,8.35,8.35,8.35,364,0
FOR,5,20210204,134500,8.27,8.27,8.27,8.27,500,0
FOR,5,20210204,135500,8.35,8.35,8.35,8.35,100,0
FOR,5,20210204,140000,8.35,8.35,8.35,8.35,300,0
FOR,5,20210204,151500,8.35,8.35,8.35,8.35,10,0
FOR,5,20210204,153000,8.35,8.35,8.35,8.35,300,0
FOR,5,20210204,153500,8.35,8.35,8.35,8.35,100,0
FOR,5,20210204,155000,8.35,8.35,8.35,8.35,696,0
FOR,5,20210204,161000,8.33,8.33,8.33,8.33,90,0
FOR,5,20210204,161500,8.31,8.31,8.3,8.3,458,0
FOR,5,20210204,162000,8.27,8.27,8.27,8.27,200,0
FOR,5,20210204,162500,8.27,8.3,8.27,8.3,53,0
FOR,5,20210204,163000,8.3,8.3,8.3,8.3,240,0
FOR,5,20210204,163500,8.3,8.3,8.3,8.3,150,0
FOR,5,20210204,164000,8.3,8.3,8.3,8.3,630,0
FOR,5,20210204,164500,8.3,8.35,8.3,8.35,385,0
FOR,5,20210205,090000,8.21,8.21,8.21,8.21,2070,0
FOR,5,20210205,090500,8.26,8.26,8.26,8.26,160,0
FOR,5,20210205,091000,8.26,8.26,8.26,8.26,1000,0
FOR,5,20210205,091500,8.33,8.33,8.32,8.33,376,0
FOR,5,20210205,092000,8.33,8.33,8.3,8.3,150,0
FOR,5,20210205,092500,8.26,8.3,8.22,8.22,1000,0
FOR,5,20210205,093000,8.22,8.22,8.21,8.21,200,0
FOR,5,20210205,100500,8.25,8.25,8.25,8.25,90,0
FOR,5,20210205,101000,8.25,8.25,8.25,8.25,310,0
FOR,5,20210205,102000,8.3,8.3,8.3,8.3,100,0
FOR,5,20210205,104000,8.3,8.32,8.3,8.32,171,0
FOR,5,20210205,105500,8.29,8.29,8.29,8.29,200,0
FOR,5,20210205,110000,8.29,8.29,8.29,8.29,29,0
FOR,5,20210205,110500,8.3,8.3,8.3,8.3,482,0
FOR,5,20210205,111000,8.3,8.3,8.3,8.3,160,0
FOR,5,20210205,112500,8.26,8.3,8.26,8.3,1010,0
FOR,5,20210205,113000,8.3,8.36,8.3,8.36,1032,0
FOR,5,20210205,114000,8.37,8.37,8.37,8.37,4,0
FOR,5,20210205,114500,8.37,8.39,8.37,8.39,405,0
FOR,5,20210205,115000,8.39,8.4,8.39,8.4,230,0
FOR,5,20210205,115500,8.32,8.32,8.32,8.32,400,0
FOR,5,20210205,121000,8.4,8.4,8.35,8.35,160,0
FOR,5,20210205,125500,8.35,8.35,8.35,8.35,611,0
FOR,5,20210205,133000,8.39,8.4,8.39,8.4,118,0
FOR,5,20210205,134500,8.4,8.44,8.4,8.44,403,0
FOR,5,20210205,135000,8.44,8.47,8.44,8.47,1000,0
FOR,5,20210205,140000,8.47,8.48,8.47,8.48,128,0
FOR,5,20210205,141000,8.48,8.5,8.48,8.5,962,0
FOR,5,20210205,141500,8.54,8.55,8.54,8.55,60,0
FOR,5,20210205,142500,8.54,8.55,8.54,8.55,329,0
FOR,5,20210205,143000,8.55,8.55,8.55,8.55,60,0
FOR,5,20210205,145000,8.5,8.5,8.5,8.5,318,0
FOR,5,20210205,145500,8.54,8.55,8.54,8.55,290,0
FOR,5,20210205,150000,8.58,8.64,8.58,8.64,500,0
FOR,5,20210205,151000,8.64,8.64,8.64,8.64,197,0
FOR,5,20210205,151500,8.6,8.65,8.6,8.65,175,0
FOR,5,20210205,152000,8.65,8.68,8.65,8.67,989,0
FOR,5,20210205,152500,8.67,8.68,8.67,8.68,1700,0
FOR,5,20210205,153000,8.67,8.67,8.67,8.67,200,0
FOR,5,20210205,154500,8.67,8.67,8.67,8.67,600,0
FOR,5,20210205,155500,8.67,8.67,8.67,8.67,100,0
FOR,5,20210205,160000,8.56,8.56,8.56,8.56,130,0
FOR,5,20210205,160500,8.66,8.66,8.66,8.66,3,0
FOR,5,20210205,164500,8.56,8.66,8.56,8.66,1300,0
FOR,5,20210208,090000,8.85,8.85,8.66,8.7,4578,0
FOR,5,20210208,090500,8.83,8.83,8.66,8.82,1855,0
FOR,5,20210208,091000,8.8,8.82,8.8,8.8,460,0
FOR,5,20210208,093000,8.7,8.7,8.61,8.61,542,0
FOR,5,20210208,094000,8.6,8.6,8.6,8.6,420,0
FOR,5,20210208,095000,8.76,8.76,8.76,8.76,10,0
FOR,5,20210208,095500,8.76,8.8,8.76,8.8,777,0
FOR,5,20210208,100000,8.66,8.66,8.62,8.62,241,0
FOR,5,20210208,101500,8.63,8.63,8.63,8.63,300,0
FOR,5,20210208,103000,8.63,8.63,8.6,8.6,1156,0
FOR,5,20210208,110000,8.6,8.6,8.55,8.55,742,0
FOR,5,20210208,113500,8.55,8.55,8.55,8.55,250,0
FOR,5,20210208,120500,8.56,8.56,8.56,8.56,1300,0
FOR,5,20210208,121000,8.6,8.6,8.55,8.55,250,0
FOR,5,20210208,121500,8.55,8.55,8.54,8.54,158,0
FOR,5,20210208,122500,8.54,8.54,8.54,8.54,60,0
FOR,5,20210208,125000,8.56,8.56,8.56,8.56,150,0
FOR,5,20210208,125500,8.6,8.6,8.6,8.6,120,0
FOR,5,20210208,131500,8.6,8.6,8.6,8.6,65,0
FOR,5,20210208,132000,8.55,8.6,8.52,8.6,1535,0
FOR,5,20210208,134500,8.6,8.6,8.6,8.6,160,0
FOR,5,20210208,140500,8.6,8.6,8.6,8.6,22,0
FOR,5,20210208,142000,8.6,8.6,8.6,8.6,118,0
FOR,5,20210208,143500,8.61,8.61,8.61,8.61,82,0
FOR,5,20210208,150500,8.55,8.55,8.54,8.54,1050,0
FOR,5,20210208,151500,8.52,8.52,8.52,8.52,926,0
FOR,5,20210208,152500,8.54,8.54,8.54,8.54,623,0
FOR,5,20210208,153000,8.54,8.54,8.54,8.54,300,0
FOR,5,20210208,153500,8.46,8.46,8.4,8.4,8901,0
FOR,5,20210208,160500,8.49,8.49,8.49,8.49,50,0
FOR,5,20210208,161000,8.5,8.5,8.5,8.5,750,0
FOR,5,20210208,162500,8.54,8.54,8.54,8.54,180,0
FOR,5,20210208,163000,8.5,8.5,8.46,8.46,438,0
FOR,5,20210208,163500,8.46,8.46,8.46,8.46,195,0
FOR,5,20210208,164500,8.42,8.42,8.4,8.4,853,0
FOR,5,20210209,090000,8.4,8.4,8.4,8.4,776,0
FOR,5,20210209,090500,8.4,8.56,8.4,8.56,1420,0
FOR,5,20210209,092000,8.56,8.56,8.56,8.56,100,0
FOR,5,20210209,092500,8.42,8.42,8.42,8.42,400,0
FOR,5,20210209,093000,8.52,8.52,8.52,8.52,120,0
FOR,5,20210209,095000,8.49,8.49,8.49,8.49,24,0
FOR,5,20210209,100000,8.43,8.43,8.42,8.42,120,0
FOR,5,20210209,100500,8.46,8.46,8.4,8.4,17374,0
FOR,5,20210209,102500,8.4,8.4,8.4,8.4,82,0
FOR,5,20210209,104000,8.44,8.45,8.44,8.45,700,0
FOR,5,20210209,104500,8.4,8.4,8.38,8.38,2492,0
FOR,5,20210209,105000,8.38,8.38,8.38,8.38,1000,0
FOR,5,20210209,105500,8.4,8.46,8.4,8.46,278,0
FOR,5,20210209,111000,8.4,8.4,8.35,8.35,623,0
FOR,5,20210209,113500,8.36,8.43,8.36,8.43,131,0
FOR,5,20210209,114500,8.43,8.43,8.43,8.43,623,0
FOR,5,20210209,120000,8.35,8.35,8.35,8.35,2505,0
FOR,5,20210209,120500,8.35,8.35,8.35,8.35,200,0
FOR,5,20210209,121500,8.36,8.36,8.35,8.35,1006,0
FOR,5,20210209,122000,8.32,8.39,8.3,8.39,1236,0
FOR,5,20210209,123000,8.35,8.35,8.25,8.25,1840,0
FOR,5,20210209,123500,8.3,8.3,8.3,8.3,16,0
FOR,5,20210209,125500,8.3,8.3,8.3,8.3,75,0
FOR,5,20210209,130000,8.34,8.35,8.34,8.35,1529,0
FOR,5,20210209,130500,8.35,8.35,8.35,8.35,100,0
FOR,5,20210209,131000,8.3,8.3,8.3,8.3,100,0
FOR,5,20210209,132000,8.3,8.3,8.3,8.3,152,0
FOR,5,20210209,133000,8.28,8.28,8.28,8.28,424,0
FOR,5,20210209,134000,8.3,8.3,8.3,8.3,25,0
FOR,5,20210209,134500,8.3,8.3,8.3,8.3,220,0
FOR,5,20210209,135000,8.28,8.28,8.26,8.26,368,0
FOR,5,20210209,135500,8.26,8.26,8.26,8.26,1060,0
FOR,5,20210209,140000,8.29,8.29,8.29,8.29,150,0
FOR,5,20210209,140500,8.29,8.29,8.29,8.29,450,0
FOR,5,20210209,141000,8.3,8.3,8.3,8.3,200,0
FOR,5,20210209,142000,8.28,8.28,8.28,8.28,250,0
FOR,5,20210209,144000,8.29,8.29,8.29,8.29,120,0
FOR,5,20210209,144500,8.26,8.26,8.26,8.26,705,0
FOR,5,20210209,145500,8.26,8.29,8.26,8.29,1400,0
FOR,5,20210209,150000,8.29,8.29,8.26,8.26,488,0
FOR,5,20210209,154500,8.28,8.3,8.28,8.3,518,0
FOR,5,20210209,155000,8.3,8.3,8.3,8.3,1000,0
FOR,5,20210209,155500,8.3,8.3,8.3,8.3,520,0
FOR,5,20210209,160500,8.28,8.28,8.28,8.28,101,0
FOR,5,20210209,161000,8.3,8.3,8.3,8.3,417,0
FOR,5,20210209,161500,8.3,8.3,8.28,8.3,534,0
FOR,5,20210209,162000,8.28,8.3,8.05,8.05,11863,0
FOR,5,20210209,162500,8.15,8.19,8.15,8.19,1421,0
FOR,5,20210209,163000,8.18,8.18,8.11,8.11,915,0
FOR,5,20210209,163500,8.12,8.27,8.08,8.1,3400,0
FOR,5,20210209,164000,8.06,8.06,8.06,8.06,16,0
FOR,5,20210209,164500,8.22,8.24,8.07,8.07,4874,0
FOR,5,20210210,090000,8.11,8.11,8.11,8.11,50,0
FOR,5,20210210,090500,8.12,8.15,8.12,8.15,203,0
FOR,5,20210210,091500,8.23,8.24,8.15,8.15,499,0
FOR,5,20210210,092000,8.15,8.15,8.12,8.12,100,0
FOR,5,20210210,092500,8.13,8.13,8.12,8.12,300,0
FOR,5,20210210,100500,8.24,8.25,8.24,8.25,680,0
FOR,5,20210210,101000,8.25,8.25,8.17,8.17,3208,0
FOR,5,20210210,101500,8.17,8.17,8.11,8.11,2000,0
FOR,5,20210210,103500,8.12,8.12,8.11,8.11,550,0
FOR,5,20210210,111000,8.17,8.17,8.17,8.17,170,0
FOR,5,20210210,111500,8.15,8.17,8.15,8.17,4485,0
FOR,5,20210210,112000,8.17,8.17,8.17,8.17,220,0
FOR,5,20210210,112500,8.15,8.19,8.15,8.19,1130,0
FOR,5,20210210,113500,8.19,8.19,8.12,8.19,300,0
FOR,5,20210210,114500,8.19,8.19,8.19,8.19,126,0
FOR,5,20210210,115000,8.18,8.18,8.1,8.1,4185,0
FOR,5,20210210,115500,8.08,8.08,8.07,8.07,3382,0
FOR,5,20210210,122500,8.17,8.17,8.17,8.17,100,0
FOR,5,20210210,130000,8.12,8.12,8.07,8.07,2968,0
FOR,5,20210210,131000,8.08,8.08,8.08,8.08,64,0
FOR,5,20210210,133000,8.1,8.1,8.07,8.07,1139,0
FOR,5,20210210,134000,8.07,8.07,8.07,8.07,1000,0
FOR,5,20210210,135000,8.14,8.14,8.14,8.14,250,0
FOR,5,20210210,135500,8.14,8.14,8.14,8.14,250,0
FOR,5,20210210,140000,8.08,8.08,8.05,8.05,2500,0
FOR,5,20210210,140500,8.14,8.14,8.14,8.14,420,0
FOR,5,20210210,141000,8.13,8.13,8.05,8.05,6830,0
FOR,5,20210210,141500,8.04,8.04,8.01,8.01,3100,0
FOR,5,20210210,143000,8.05,8.12,7.99,8.12,9406,0
FOR,5,20210210,144000,8,8,8,8,300,0
FOR,5,20210210,144500,8.11,8.11,8.11,8.11,500,0
FOR,5,20210210,145000,8.1,8.1,8.1,8.1,300,0
FOR,5,20210210,145500,8.02,8.13,7.98,7.98,5355,0
FOR,5,20210210,151500,8.02,8.02,8,8,912,0
FOR,5,20210210,152000,8.02,8.02,8.02,8.02,100,0
FOR,5,20210210,152500,8.02,8.02,8.02,8.02,41,0
FOR,5,20210210,153500,8.11,8.11,8.11,8.11,3350,0
FOR,5,20210210,154000,8.04,8.04,8,8,762,0
FOR,5,20210210,154500,8.11,8.11,8,8,919,0
FOR,5,20210210,161000,8.11,8.12,8.11,8.12,680,0
FOR,5,20210210,162000,8.1,8.12,8.1,8.12,350,0
FOR,5,20210210,163000,8,8,7.98,7.98,2000,0
FOR,5,20210210,163500,8.09,8.09,8.09,8.09,500,0
FOR,5,20210211,090000,8.09,8.16,8.09,8.15,1425,0
FOR,5,20210211,092000,8.03,8.03,7.98,7.98,2849,0
FOR,5,20210211,092500,7.98,7.98,7.96,7.96,600,0
FOR,5,20210211,093000,8.03,8.03,8.03,8.03,99,0
FOR,5,20210211,094000,8.04,8.04,8.04,8.04,70,0
FOR,5,20210211,095500,8.04,8.04,8.03,8.03,310,0
FOR,5,20210211,100500,8.02,8.02,7.96,7.96,540,0
FOR,5,20210211,101000,8,8.03,8,8.03,320,0
FOR,5,20210211,101500,8.03,8.04,8.03,8.04,618,0
FOR,5,20210211,102500,8.04,8.08,8.04,8.08,738,0
FOR,5,20210211,103000,8.05,8.05,8.04,8.04,150,0
FOR,5,20210211,103500,8.04,8.04,8.04,8.04,1525,0
FOR,5,20210211,104000,8.09,8.09,8.09,8.09,1840,0
FOR,5,20210211,105000,8.02,8.08,8,8.08,2206,0
FOR,5,20210211,105500,8.08,8.08,8.07,8.07,674,0
FOR,5,20210211,112000,8,8,7.97,7.97,1380,0
FOR,5,20210211,115000,8,8,8,8,222,0
FOR,5,20210211,115500,8,8,8,8,278,0
FOR,5,20210211,121000,8.01,8.01,8,8,552,0
FOR,5,20210211,121500,8.06,8.06,8.05,8.05,900,0
FOR,5,20210211,122000,8,8,8,8,130,0
FOR,5,20210211,124500,8.06,8.06,7.99,7.99,1500,0
FOR,5,20210211,125500,8.06,8.06,8.06,8.06,300,0
FOR,5,20210211,130000,8.06,8.06,8.06,8.06,365,0
FOR,5,20210211,130500,8.06,8.06,8.06,8.06,100,0
FOR,5,20210211,131500,8.01,8.01,8.01,8.01,1250,0
FOR,5,20210211,132000,8.01,8.05,8.01,8.05,1000,0
FOR,5,20210211,133500,8.05,8.05,8.05,8.05,7,0
FOR,5,20210211,134000,8.05,8.05,8.05,8.05,250,0
FOR,5,20210211,134500,8.05,8.05,8.05,8.05,100,0
FOR,5,20210211,135000,8.05,8.06,8.05,8.06,370,0
FOR,5,20210211,135500,8.06,8.06,8.06,8.06,508,0
FOR,5,20210211,140500,8.06,8.06,8.06,8.06,606,0
FOR,5,20210211,141000,8.06,8.06,8.06,8.06,1101,0
FOR,5,20210211,141500,8.04,8.06,8.04,8.06,600,0
FOR,5,20210211,143000,8.04,8.04,8,8,4468,0
FOR,5,20210211,144500,8,8.07,8,8.07,2709,0
FOR,5,20210211,145500,8.07,8.07,8.07,8.07,100,0
FOR,5,20210211,150000,8.07,8.07,8.07,8.07,63,0
FOR,5,20210211,150500,8,8,8,8,900,0
FOR,5,20210211,151500,8.16,8.16,8.16,8.16,1,0
FOR,5,20210211,152000,8.01,8.01,8,8,1479,0
FOR,5,20210211,154000,8.11,8.12,8.11,8.12,348,0
FOR,5,20210211,154500,8.12,8.12,8.1,8.1,2073,0
FOR,5,20210211,155500,8.1,8.1,8,8,5687,0
FOR,5,20210211,161000,8.01,8.01,8,8,1063,0
FOR,5,20210211,162000,8.02,8.09,8.01,8.09,3186,0
FOR,5,20210211,162500,8.02,8.02,7.99,7.99,3345,0
FOR,5,20210211,163500,8.02,8.02,7.97,7.97,3000,0
FOR,5,20210211,164000,8.01,8.01,8.01,8.01,100,0
FOR,5,20210211,164500,8.03,8.03,8,8,3376,0
FOR,5,20210212,090000,7.95,8,7.91,8,3060,0
FOR,5,20210212,090500,8.06,8.15,8.06,8.14,820,0
FOR,5,20210212,091500,8.11,8.12,8.11,8.12,65,0
FOR,5,20210212,092000,8.12,8.12,8.12,8.12,832,0
FOR,5,20210212,093000,8.1,8.12,8.1,8.12,607,0
FOR,5,20210212,093500,8.14,8.14,8.1,8.1,159,0
FOR,5,20210212,102000,8.08,8.08,8.08,8.08,500,0
FOR,5,20210212,102500,8.06,8.06,8.06,8.06,113,0
FOR,5,20210212,104000,8.06,8.14,8.04,8.04,817,0
FOR,5,20210212,104500,8.04,8.16,8.04,8.16,1053,0
FOR,5,20210212,105500,8.1,8.1,8.02,8.02,2500,0
FOR,5,20210212,110000,8.03,8.03,8.01,8.01,5554,0
FOR,5,20210212,110500,8.01,8.01,8,8,1112,0
FOR,5,20210212,111000,8.1,8.15,8,8,1882,0
FOR,5,20210212,112000,8,8,8,8,250,0
FOR,5,20210212,113000,8.08,8.08,8,8,914,0
FOR,5,20210212,113500,7.99,7.99,7.98,7.98,680,0
FOR,5,20210212,114000,7.98,8,7.98,8,850,0
FOR,5,20210212,115500,8,8,8,8,63,0
FOR,5,20210212,120000,8,8,8,8,200,0
FOR,5,20210212,120500,8,8,8,8,63,0
FOR,5,20210212,121000,8,8,8,8,300,0
FOR,5,20210212,123000,8,8,7.97,7.97,1650,0
FOR,5,20210212,124000,8,8,8,8,150,0
FOR,5,20210212,124500,7.97,8.03,7.97,8.03,1120,0
FOR,5,20210212,125000,7.96,7.96,7.96,7.96,120,0
FOR,5,20210212,132000,7.98,7.98,7.98,7.98,662,0
FOR,5,20210212,132500,7.97,7.97,7.97,7.97,238,0
FOR,5,20210212,133000,7.98,7.98,7.98,7.98,300,0
FOR,5,20210212,134000,7.98,7.98,7.98,7.98,80,0
FOR,5,20210212,140000,7.98,8,7.98,8,270,0
FOR,5,20210212,141000,8,8,8,8,400,0
FOR,5,20210212,142500,8,8,8,8,200,0
FOR,5,20210212,143000,8,8,8,8,200,0
FOR,5,20210212,143500,8,8.07,8,8,601,0
FOR,5,20210212,144500,8,8,8,8,400,0
FOR,5,20210212,150500,8,8,8,8,400,0
FOR,5,20210212,151000,7.99,7.99,7.97,7.97,800,0
FOR,5,20210212,151500,7.96,7.96,7.96,7.96,660,0
FOR,5,20210212,152000,7.96,7.96,7.95,7.95,250,0
FOR,5,20210212,153000,8,8,8,8,336,0
FOR,5,20210212,161000,8.05,8.15,8.01,8.01,2850,0
FOR,5,20210212,161500,8,8,8,8,200,0
FOR,5,20210212,162000,8,8,8,8,996,0
FOR,5,20210212,162500,8,8,8,8,888,0
FOR,5,20210212,163000,8.05,8.05,8.05,8.05,800,0
FOR,5,20210212,163500,7.99,7.99,7.98,7.98,1000,0
FOR,5,20210212,164000,8,8,8,8,604,0
FOR,5,20210212,164500,8.08,8.08,8,8,2493,0
FOR,5,20210215,090000,7.99,8,7.99,7.99,1525,0
FOR,5,20210215,090500,7.99,7.99,7.99,7.99,139,0
FOR,5,20210215,091000,8,8,8,8,2500,0
FOR,5,20210215,091500,7.99,8,7.99,8,2190,0
FOR,5,20210215,092000,8.02,8.02,8.02,8.02,200,0
FOR,5,20210215,092500,8.14,8.35,8.14,8.25,2299,0
FOR,5,20210215,093000,8.28,8.28,8.1,8.1,410,0
FOR,5,20210215,095000,8.24,8.28,8.24,8.28,1878,0
FOR,5,20210215,095500,8.2,8.2,8.12,8.12,500,0
FOR,5,20210215,101000,8.12,8.12,8.08,8.08,700,0
FOR,5,20210215,101500,8.08,8.14,8.07,8.14,865,0
FOR,5,20210215,102500,8.26,8.28,8.26,8.28,1000,0
FOR,5,20210215,104500,8.24,8.24,8.24,8.24,700,0
FOR,5,20210215,111000,8.23,8.25,8.23,8.25,344,0
FOR,5,20210215,111500,8.23,8.23,8.23,8.23,130,0
FOR,5,20210215,112000,8.23,8.23,8.23,8.23,103,0
FOR,5,20210215,112500,8.23,8.24,8.23,8.24,300,0
FOR,5,20210215,113500,8.16,8.16,8.08,8.08,1173,0
FOR,5,20210215,114000,8.22,8.22,8.22,8.22,100,0
FOR,5,20210215,115500,8.2,8.2,8.2,8.2,90,0
FOR,5,20210215,120000,8.2,8.2,8.2,8.2,1215,0
FOR,5,20210215,120500,8.2,8.2,8.2,8.2,450,0
FOR,5,20210215,121000,8.16,8.16,8,8,11758,0
FOR,5,20210215,121500,8,8.08,8,8.08,660,0
FOR,5,20210215,122000,8.01,8.01,8,8,700,0
FOR,5,20210215,123000,8.03,8.03,8,8,999,0
FOR,5,20210215,123500,8.01,8.01,8,8,697,0
FOR,5,20210215,124000,8,8.08,8,8.08,1190,0
FOR,5,20210215,125500,8.01,8.01,7.99,7.99,2963,0
FOR,5,20210215,130000,8.07,8.07,8.07,8.07,500,0
FOR,5,20210215,130500,8.07,8.07,8.07,8.07,200,0
FOR,5,20210215,131500,8.07,8.07,8.07,8.07,176,0
FOR,5,20210215,132500,8.07,8.07,8.07,8.07,120,0
FOR,5,20210215,133500,8.07,8.08,8.07,8.08,88,0
FOR,5,20210215,134000,8.05,8.11,8,8.11,2492,0
FOR,5,20210215,134500,8.11,8.11,8.11,8.11,299,0
FOR,5,20210215,135000,8.12,8.12,8.12,8.12,200,0
FOR,5,20210215,135500,8.11,8.14,8,8.14,5057,0
FOR,5,20210215,140000,8.02,8.02,8,8,8412,0
FOR,5,20210215,141000,8.01,8.01,8,8.01,5516,0
FOR,5,20210215,142000,8.09,8.09,8.09,8.09,1138,0
FOR,5,20210215,143000,8.09,8.09,8.09,8.09,100,0
FOR,5,20210215,143500,8.03,8.03,8,8,2981,0
FOR,5,20210215,144500,8.01,8.08,8,8.08,1100,0
FOR,5,20210215,150000,8.08,8.08,8.08,8.08,500,0
FOR,5,20210215,150500,8.09,8.09,8.01,8.01,820,0
FOR,5,20210215,151000,8,8,8,8,3001,0
FOR,5,20210215,152000,8,8,8,8,350,0
FOR,5,20210215,152500,8,8.07,8,8.07,2450,0
FOR,5,20210215,153500,8.07,8.07,8.07,8.07,400,0
FOR,5,20210215,155000,8.02,8.02,8,8,1795,0
FOR,5,20210215,155500,8.05,8.05,8.05,8.05,50,0
FOR,5,20210215,160000,8,8,8,8,2600,0
FOR,5,20210215,160500,8.05,8.05,8.05,8.05,50,0
FOR,5,20210215,161000,8.05,8.05,8.05,8.05,2861,0
FOR,5,20210215,163000,8.01,8.05,8,8,5030,0
FOR,5,20210215,164000,8.07,8.07,7.99,7.99,1045,0
FOR,5,20210215,164500,8.07,8.08,8.07,8.08,827,0
FOR,5,20210216,090000,8.08,8.08,8.08,8.08,100,0
FOR,5,20210216,090500,8.02,8.02,8,8,1139,0
FOR,5,20210216,091000,8.1,8.11,8.1,8.11,201,0
FOR,5,20210216,091500,8.05,8.05,7.99,7.99,5000,0
FOR,5,20210216,092000,8.09,8.09,8.05,8.05,324,0
FOR,5,20210216,092500,8.06,8.06,8.06,8.06,110,0
FOR,5,20210216,093000,8.07,8.07,8.07,8.07,1450,0
FOR,5,20210216,093500,8.07,8.07,8,8,1100,0
FOR,5,20210216,094000,7.99,8,7.99,8,1100,0
FOR,5,20210216,094500,8.06,8.06,8.06,8.06,234,0
FOR,5,20210216,095000,8.08,8.08,8.08,8.08,200,0
FOR,5,20210216,095500,8.01,8.01,7.98,8,850,0
FOR,5,20210216,100500,7.98,8,7.98,8,480,0
FOR,5,20210216,101000,7.98,7.98,7.89,7.89,9538,0
FOR,5,20210216,101500,7.89,7.99,7.83,7.83,12471,0
FOR,5,20210216,102000,7.85,7.86,7.83,7.86,2000,0
FOR,5,20210216,102500,7.98,7.99,7.98,7.99,393,0
FOR,5,20210216,103000,7.98,7.98,7.96,7.96,690,0
FOR,5,20210216,103500,7.96,7.96,7.96,7.96,171,0
FOR,5,20210216,104500,7.96,7.99,7.96,7.99,1295,0
FOR,5,20210216,105000,7.96,7.96,7.89,7.89,1000,0
FOR,5,20210216,110500,7.89,7.99,7.88,7.95,3258,0
FOR,5,20210216,111500,7.95,7.95,7.9,7.9,2203,0
FOR,5,20210216,112000,7.95,7.98,7.9,7.95,442,0
FOR,5,20210216,113500,7.9,7.9,7.87,7.87,1000,0
FOR,5,20210216,115000,7.9,7.9,7.9,7.9,1000,0
FOR,5,20210216,115500,7.98,7.98,7.95,7.95,300,0
FOR,5,20210216,120000,7.95,7.98,7.95,7.98,905,0
FOR,5,20210216,121500,7.96,7.96,7.96,7.96,250,0
FOR,5,20210216,122000,7.95,7.95,7.95,7.95,100,0
FOR,5,20210216,122500,7.95,7.95,7.95,7.95,410,0
FOR,5,20210216,124000,7.98,7.98,7.98,7.98,666,0
FOR,5,20210216,124500,7.95,7.95,7.94,7.94,950,0
FOR,5,20210216,125000,7.95,7.95,7.95,7.95,339,0
FOR,5,20210216,125500,7.95,7.98,7.95,7.98,591,0
FOR,5,20210216,130500,7.98,7.98,7.98,7.98,80,0
FOR,5,20210216,132000,7.98,7.98,7.98,7.98,180,0
FOR,5,20210216,132500,7.98,7.98,7.98,7.98,797,0
FOR,5,20210216,133000,7.94,7.94,7.94,7.94,39,0
FOR,5,20210216,135000,7.94,7.95,7.9,7.95,4177,0
FOR,5,20210216,140000,7.9,7.9,7.9,7.9,113,0
FOR,5,20210216,141000,7.9,7.9,7.9,7.9,160,0
FOR,5,20210216,143000,7.95,7.95,7.95,7.95,1000,0
FOR,5,20210216,143500,7.95,7.96,7.95,7.96,200,0
FOR,5,20210216,144500,7.9,7.9,7.9,7.9,200,0
FOR,5,20210216,145000,7.9,7.97,7.9,7.97,1136,0
FOR,5,20210216,150000,7.9,7.9,7.9,7.9,1000,0
FOR,5,20210216,151000,7.9,7.9,7.85,7.85,5478,0
FOR,5,20210216,151500,7.85,7.85,7.84,7.84,500,0
FOR,5,20210216,152500,7.86,7.86,7.81,7.81,12688,0
FOR,5,20210216,153000,7.9,7.99,7.9,7.99,2000,0
FOR,5,20210216,154500,7.95,7.95,7.95,7.95,943,0
FOR,5,20210216,155000,7.98,7.98,7.98,7.98,872,0
FOR,5,20210216,155500,7.9,7.95,7.9,7.95,311,0
FOR,5,20210216,161000,7.95,7.95,7.95,7.95,150,0
FOR,5,20210216,161500,7.95,7.95,7.95,7.95,155,0
FOR,5,20210216,162000,7.98,7.98,7.98,7.98,300,0
FOR,5,20210216,162500,7.95,7.95,7.95,7.95,370,0
FOR,5,20210216,163000,7.9,7.95,7.81,7.95,5100,0
FOR,5,20210216,163500,7.95,7.97,7.95,7.97,670,0
FOR,5,20210216,164500,7.95,7.95,7.81,7.81,3298,0
FOR,5,20210217,090000,8,8.11,8,8,4264,0
FOR,5,20210217,090500,8,8.07,8,8.07,341,0
FOR,5,20210217,091000,8.07,8.09,8.07,8.09,414,0
FOR,5,20210217,091500,8.09,8.09,8.09,8.09,374,0
FOR,5,20210217,092000,8.1,8.1,8.09,8.1,1687,0
FOR,5,20210217,092500,8.1,8.13,8.1,8.13,2084,0
FOR,5,20210217,093000,8.13,8.13,8.1,8.12,3122,0
FOR,5,20210217,093500,8.06,8.06,8.06,8.06,712,0
FOR,5,20210217,094000,8.11,8.11,8.06,8.06,870,0
FOR,5,20210217,094500,8.1,8.1,8.1,8.1,480,0
FOR,5,20210217,095000,8.06,8.06,8.05,8.05,1194,0
FOR,5,20210217,095500,8.05,8.05,8.05,8.05,420,0
FOR,5,20210217,100000,8.05,8.06,8,8.06,5041,0
FOR,5,20210217,100500,8.06,8.08,7.99,8.08,624,0
FOR,5,20210217,101500,8,8.08,8,8.08,1180,0
FOR,5,20210217,102500,8.05,8.08,8.05,8.08,276,0
FOR,5,20210217,103000,8.09,8.1,8.01,8.01,158,0
FOR,5,20210217,103500,8.02,8.02,7.99,7.99,1773,0
FOR,5,20210217,104000,7.99,8,7.98,8,726,0
FOR,5,20210217,104500,8,8.01,8,8.01,210,0
FOR,5,20210217,105000,8,8.04,8,8.04,2978,0
FOR,5,20210217,105500,8.06,8.06,8.06,8.06,835,0
FOR,5,20210217,110000,8.06,8.06,8.06,8.06,283,0
FOR,5,20210217,110500,8.06,8.08,8.06,8.08,315,0
FOR,5,20210217,111000,8.08,8.09,8.08,8.09,250,0
FOR,5,20210217,111500,8.01,8.01,8,8,1004,0
FOR,5,20210217,112000,8,8,8,8,740,0
FOR,5,20210217,112500,8.09,8.1,8.09,8.1,2000,0
FOR,5,20210217,113000,8.09,8.09,8.09,8.09,500,0
FOR,5,20210217,113500,8.09,8.09,8.06,8.06,1514,0
FOR,5,20210217,114000,8.04,8.08,8,8,3634,0
FOR,5,20210217,114500,8,8.09,8,8.09,2848,0
FOR,5,20210217,115000,8.09,8.09,8.08,8.08,4104,0
FOR,5,20210217,115500,8.06,8.06,8.06,8.06,673,0
FOR,5,20210217,120000,8.06,8.06,8.06,8.06,100,0
FOR,5,20210217,120500,8.06,8.06,8.06,8.06,1393,0
FOR,5,20210217,121000,8.05,8.05,8.05,8.05,118,0
FOR,5,20210217,121500,8,8,8,8,2704,0
FOR,5,20210217,122000,8.01,8.01,8,8,1265,0
FOR,5,20210217,122500,8,8.09,8,8.09,6000,0
FOR,5,20210217,123000,8.09,8.09,8.09,8.09,1000,0
FOR,5,20210217,124000,8.09,8.09,8.05,8.05,2846,0
FOR,5,20210217,124500,8.05,8.05,8.05,8.05,1569,0
FOR,5,20210217,125000,8.09,8.09,8.05,8.09,3933,0
FOR,5,20210217,125500,8.09,8.09,8.09,8.09,1023,0
FOR,5,20210217,130000,8.08,8.09,8.08,8.09,1600,0
FOR,5,20210217,130500,8.09,8.09,8.09,8.09,630,0
FOR,5,20210217,133500,8.05,8.05,8.05,8.05,1256,0
FOR,5,20210217,134000,8.05,8.09,8.05,8.09,1213,0
FOR,5,20210217,134500,8.09,8.09,8.09,8.09,680,0
FOR,5,20210217,135500,8.09,8.09,8.08,8.08,1479,0
FOR,5,20210217,140500,8.08,8.08,8.08,8.08,186,0
FOR,5,20210217,141000,8.08,8.08,8.08,8.08,1300,0
FOR,5,20210217,141500,8.08,8.08,8.08,8.08,369,0
FOR,5,20210217,142500,8.06,8.06,8.05,8.05,788,0
FOR,5,20210217,143500,8.1,8.1,8.1,8.1,125,0
FOR,5,20210217,144500,8.06,8.08,8.06,8.08,916,0
FOR,5,20210217,145000,8.06,8.06,8.06,8.06,100,0
FOR,5,20210217,145500,8.06,8.09,8.06,8.09,700,0
FOR,5,20210217,150000,8.09,8.09,8.09,8.09,230,0
FOR,5,20210217,151000,8.09,8.09,8.09,8.09,42,0
FOR,5,20210217,151500,8.1,8.1,8.1,8.1,815,0
FOR,5,20210217,152000,8.1,8.1,8.1,8.1,458,0
FOR,5,20210217,152500,8.1,8.1,8.1,8.1,1000,0
FOR,5,20210217,153000,8.07,8.07,8.07,8.07,125,0
FOR,5,20210217,154000,8.07,8.07,8.04,8.04,1063,0
FOR,5,20210217,154500,8.04,8.07,8.04,8.07,1000,0
FOR,5,20210217,155000,8.07,8.1,8.05,8.1,3364,0
FOR,5,20210217,155500,8.1,8.1,8.1,8.1,85,0
FOR,5,20210217,160000,8.1,8.11,8.1,8.11,3612,0
FOR,5,20210217,160500,8.11,8.11,8.11,8.11,2773,0
FOR,5,20210217,161000,8.12,8.15,8.12,8.15,3387,0
FOR,5,20210217,161500,8.15,8.27,8.15,8.25,7652,0
FOR,5,20210217,162000,8.24,8.3,8.16,8.21,7999,0
FOR,5,20210217,162500,8.16,8.26,8.16,8.25,4150,0
FOR,5,20210217,163000,8.25,8.25,8.1,8.24,8924,0
FOR,5,20210217,163500,8.18,8.18,8.06,8.06,2432,0
FOR,5,20210217,164000,8.08,8.13,8.04,8.07,8147,0
FOR,5,20210217,164500,8.07,8.1,8,8,14319,0
FOR,5,20210218,090000,8.14,8.14,8.05,8.1,13283,0
FOR,5,20210218,090500,8.11,8.15,8.1,8.1,5453,0
FOR,5,20210218,091000,8.1,8.13,8.1,8.13,1286,0
FOR,5,20210218,091500,8.1,8.13,8.05,8.13,1656,0
FOR,5,20210218,092000,8.13,8.14,8.04,8.1,2730,0
FOR,5,20210218,092500,8.12,8.13,8.1,8.1,422,0
FOR,5,20210218,093500,8.1,8.1,8.01,8.01,2986,0
FOR,5,20210218,095000,8.06,8.06,8.02,8.02,1380,0
FOR,5,20210218,100000,8.02,8.02,7.95,7.95,4024,0
FOR,5,20210218,100500,7.95,8,7.94,8,2018,0
FOR,5,20210218,101000,7.94,7.98,7.92,7.98,1340,0
FOR,5,20210218,101500,7.92,7.99,7.91,7.99,2474,0
FOR,5,20210218,102500,8,8,8,8,71,0
FOR,5,20210218,103000,8.04,8.05,8.04,8.05,205,0
FOR,5,20210218,103500,8.05,8.07,8.05,8.07,470,0
FOR,5,20210218,104000,8.06,8.06,8.05,8.05,357,0
FOR,5,20210218,104500,8.06,8.07,8.05,8.05,1854,0
FOR,5,20210218,105500,8.07,8.1,8.07,8.1,2885,0
FOR,5,20210218,110500,8.12,8.13,8.12,8.13,1165,0
FOR,5,20210218,111000,8.14,8.14,8.1,8.1,1394,0
FOR,5,20210218,111500,8.1,8.15,8.1,8.15,4350,0
FOR,5,20210218,113000,8.14,8.15,8.1,8.15,3029,0
FOR,5,20210218,113500,8.15,8.18,8.15,8.18,670,0
FOR,5,20210218,114000,8.18,8.2,8.18,8.2,5062,0
FOR,5,20210218,114500,8.2,8.2,8.2,8.2,410,0
FOR,5,20210218,115000,8.2,8.21,8.2,8.21,2472,0
FOR,5,20210218,115500,8.21,8.21,8.16,8.2,861,0
FOR,5,20210218,120000,8.16,8.16,8.12,8.12,1450,0
FOR,5,20210218,120500,8.15,8.15,8.1,8.1,4355,0
FOR,5,20210218,121500,8.1,8.1,8.09,8.09,1338,0
FOR,5,20210218,122500,8.15,8.15,8.08,8.08,473,0
FOR,5,20210218,123500,8.08,8.08,8.05,8.05,1330,0
FOR,5,20210218,125000,8.06,8.06,8.06,8.06,510,0
FOR,5,20210218,130000,8.1,8.1,8.08,8.08,739,0
FOR,5,20210218,131500,8.07,8.07,8.07,8.07,2000,0
FOR,5,20210218,132000,8.07,8.07,8.06,8.06,500,0
FOR,5,20210218,132500,8.06,8.06,8.05,8.05,1500,0
FOR,5,20210218,133000,8.05,8.05,8.05,8.05,2000,0
FOR,5,20210218,133500,8.05,8.05,8.04,8.04,490,0
FOR,5,20210218,134000,8.04,8.04,8.04,8.04,250,0
FOR,5,20210218,135000,8.05,8.05,8.05,8.05,222,0
FOR,5,20210218,140000,8.09,8.14,8.09,8.14,1127,0
FOR,5,20210218,140500,8.04,8.13,8.01,8.13,1860,0
FOR,5,20210218,141000,8.01,8.01,8.01,8.01,35,0
FOR,5,20210218,143000,8.01,8.1,8.01,8.1,970,0
FOR,5,20210218,143500,8.09,8.09,8.09,8.09,133,0
FOR,5,20210218,144500,8.09,8.09,8.09,8.09,125,0
FOR,5,20210218,150500,8.06,8.06,8.05,8.06,419,0
FOR,5,20210218,151000,8.02,8.09,8.02,8.09,945,0
FOR,5,20210218,154500,8.03,8.03,8.03,8.03,500,0
FOR,5,20210218,155000,8.03,8.03,8.03,8.03,266,0
FOR,5,20210218,160000,8.03,8.03,8.03,8.03,425,0
FOR,5,20210218,160500,8.03,8.03,8,8,2261,0
FOR,5,20210218,161000,7.99,7.99,7.96,7.96,2794,0
FOR,5,20210218,161500,7.99,7.99,7.98,7.98,1000,0
FOR,5,20210218,162000,7.99,7.99,7.99,7.99,350,0
FOR,5,20210218,162500,7.99,7.99,7.95,7.95,6380,0
FOR,5,20210218,163000,7.95,7.95,7.94,7.94,1427,0
FOR,5,20210218,163500,7.95,8,7.95,8,420,0
FOR,5,20210218,164000,8.05,8.08,8.05,8.08,789,0
FOR,5,20210218,164500,8,8.05,7.92,8,5743,0
FOR,5,20210219,090000,8,8.05,7.92,7.96,1964,0
FOR,5,20210219,090500,7.96,8.1,7.92,8.1,4649,0
FOR,5,20210219,091500,8.08,8.08,8.04,8.08,270,0
FOR,5,20210219,092000,8.08,8.08,8.08,8.08,1250,0
FOR,5,20210219,092500,8.08,8.08,8,8,891,0
FOR,5,20210219,093000,8,8,7.99,7.99,200,0
FOR,5,20210219,093500,7.99,7.99,7.96,7.96,830,0
FOR,5,20210219,094000,7.99,8,7.96,7.96,2954,0
FOR,5,20210219,094500,7.95,8.06,7.95,8.06,230,0
FOR,5,20210219,100000,8.08,8.08,8.08,8.08,200,0
FOR,5,20210219,100500,8.06,8.08,8.06,8.08,250,0
FOR,5,20210219,101000,8,8,7.95,7.95,758,0
FOR,5,20210219,102000,8.05,8.05,8.05,8.05,500,0
FOR,5,20210219,103500,8.04,8.04,8.04,8.04,1000,0
FOR,5,20210219,104000,8.05,8.05,8.05,8.05,150,0
FOR,5,20210219,105000,8,8,7.96,7.96,2100,0
FOR,5,20210219,105500,7.97,7.97,7.97,7.97,130,0
FOR,5,20210219,110000,8.05,8.05,8.05,8.05,200,0
FOR,5,20210219,111000,7.97,7.97,7.97,7.97,1000,0
FOR,5,20210219,111500,7.96,7.96,7.96,7.96,125,0
FOR,5,20210219,113000,8.02,8.02,8.02,8.02,50,0
FOR,5,20210219,114000,8.01,8.01,8.01,8.01,150,0
FOR,5,20210219,120500,7.99,7.99,7.99,7.99,300,0
FOR,5,20210219,121000,7.99,7.99,7.99,7.99,170,0
FOR,5,20210219,122000,7.96,7.96,7.96,7.96,54,0
FOR,5,20210219,123500,8.02,8.02,8.02,8.02,80,0
FOR,5,20210219,124000,8.05,8.05,8.02,8.02,220,0
FOR,5,20210219,124500,7.99,7.99,7.96,7.96,302,0
FOR,5,20210219,125000,7.97,7.97,7.97,7.97,270,0
FOR,5,20210219,130500,7.96,8.04,7.96,8.04,625,0
FOR,5,20210219,131000,8,8,8,8,500,0
FOR,5,20210219,132000,8.02,8.04,8.02,8.04,2675,0
FOR,5,20210219,133500,8.06,8.07,8.06,8.07,350,0
FOR,5,20210219,134000,8.07,8.07,8.07,8.07,30,0
FOR,5,20210219,141000,8,8,8,8,353,0
FOR,5,20210219,142000,8,8,8,8,200,0
FOR,5,20210219,142500,8.07,8.07,8.07,8.07,310,0
FOR,5,20210219,145500,8.01,8.01,8,8,270,0
FOR,5,20210219,151500,8.06,8.06,8.06,8.06,50,0
FOR,5,20210219,152000,8.06,8.06,8.06,8.06,50,0
FOR,5,20210219,153000,8.06,8.06,8.06,8.06,100,0
FOR,5,20210219,153500,8.05,8.05,8.05,8.05,1500,0
FOR,5,20210219,154000,8.05,8.05,8.05,8.05,100,0
FOR,5,20210219,155000,8.06,8.06,8.06,8.06,43,0
FOR,5,20210219,155500,8.07,8.07,8.07,8.07,788,0
FOR,5,20210219,160500,8.07,8.07,8.07,8.07,217,0
FOR,5,20210219,161000,8.08,8.08,8.08,8.08,500,0
FOR,5,20210219,162000,8.07,8.07,8.06,8.06,3089,0
FOR,5,20210219,162500,8.06,8.08,8.06,8.08,1142,0
FOR,5,20210219,163000,8.05,8.05,8.05,8.05,4920,0
FOR,5,20210219,164000,8.02,8.04,7.96,7.96,1603,0
FOR,5,20210219,164500,8.05,8.05,8.05,8.05,150,0
FOR,5,20210222,090000,8.04,8.05,7.98,7.98,2301,0
FOR,5,20210222,090500,7.98,7.98,7.98,7.98,200,0
FOR,5,20210222,091000,8.04,8.05,8.02,8.02,450,0
FOR,5,20210222,091500,8.02,8.02,8.02,8.02,1227,0
FOR,5,20210222,092000,8.02,8.05,8.01,8.01,2337,0
FOR,5,20210222,092500,8.05,8.09,8.05,8.09,648,0
FOR,5,20210222,093000,8.03,8.1,8,8,7498,0
FOR,5,20210222,094000,8.05,8.06,8.05,8.06,250,0
FOR,5,20210222,095000,8.01,8.01,8,8,327,0
FOR,5,20210222,095500,8,8,8,8,1400,0
FOR,5,20210222,100000,8,8,8,8,12,0
FOR,5,20210222,100500,7.99,7.99,7.99,7.99,35,0
FOR,5,20210222,101500,8.04,8.04,8.04,8.04,100,0
FOR,5,20210222,103000,8,8,7.99,7.99,610,0
FOR,5,20210222,104000,7.99,8.06,7.99,8,1926,0
FOR,5,20210222,105000,8,8.05,7.98,7.98,2708,0
FOR,5,20210222,110500,8.04,8.06,8.04,8.06,980,0
FOR,5,20210222,111500,8.05,8.05,8.05,8.05,50,0
FOR,5,20210222,112500,8.05,8.05,8.05,8.05,140,0
FOR,5,20210222,113500,8.03,8.03,7.98,7.98,2000,0
FOR,5,20210222,115500,8,8.02,7.98,7.98,1300,0
FOR,5,20210222,120000,7.98,7.98,7.98,7.98,385,0
FOR,5,20210222,122500,7.98,7.98,7.98,7.98,120,0
FOR,5,20210222,123500,7.99,7.99,7.99,7.99,1000,0
FOR,5,20210222,124500,8,8,8,8,130,0
FOR,5,20210222,125000,7.99,7.99,7.98,7.98,762,0
FOR,5,20210222,130000,7.97,7.97,7.96,7.96,2014,0
FOR,5,20210222,131000,7.97,7.97,7.97,7.97,145,0
FOR,5,20210222,132500,8,8,8,8,52,0
FOR,5,20210222,133500,8.03,8.06,8.03,8.06,1419,0
FOR,5,20210222,134000,8,8,8,8,125,0
FOR,5,20210222,140000,8.04,8.06,8.04,8.06,894,0
FOR,5,20210222,141000,8.06,8.06,8.06,8.06,200,0
FOR,5,20210222,145000,8,8,7.96,7.96,2000,0
FOR,5,20210222,153500,8.02,8.03,8.02,8.03,234,0
FOR,5,20210222,154000,8.03,8.03,8.03,8.03,16,0
FOR,5,20210222,155000,8,8,7.99,7.99,300,0
FOR,5,20210222,160500,7.99,7.99,7.99,7.99,52,0
FOR,5,20210222,162000,8,8,7.99,7.99,970,0
FOR,5,20210222,164000,7.99,7.99,7.92,7.92,3206,0
FOR,5,20210222,164500,7.93,7.99,7.92,7.99,3640,0
FOR,5,20210223,090000,7.99,7.99,7.93,7.93,70,0
FOR,5,20210223,090500,7.93,7.93,7.93,7.93,85,0
FOR,5,20210223,091500,7.95,7.95,7.9,7.9,10015,0
FOR,5,20210223,092000,7.9,7.9,7.87,7.87,1600,0
FOR,5,20210223,093000,7.88,7.88,7.85,7.85,2580,0
FOR,5,20210223,093500,7.85,7.85,7.84,7.84,3000,0
FOR,5,20210223,094000,7.84,7.84,7.84,7.84,646,0
FOR,5,20210223,094500,7.84,7.84,7.84,7.84,506,0
FOR,5,20210223,095000,7.86,7.86,7.86,7.86,100,0
FOR,5,20210223,095500,7.86,7.99,7.86,7.99,1708,0
FOR,5,20210223,100000,7.99,8,7.99,8,210,0
FOR,5,20210223,101500,7.99,7.99,7.88,7.99,1151,0
FOR,5,20210223,102000,7.88,7.88,7.86,7.86,1000,0
FOR,5,20210223,110500,7.97,7.97,7.97,7.97,200,0
FOR,5,20210223,111000,7.9,7.9,7.9,7.9,187,0
FOR,5,20210223,111500,7.87,7.87,7.87,7.87,445,0
FOR,5,20210223,112000,7.87,7.87,7.87,7.87,500,0
FOR,5,20210223,112500,7.86,7.87,7.85,7.87,1050,0
FOR,5,20210223,114000,7.87,7.9,7.85,7.85,320,0
FOR,5,20210223,114500,7.9,7.9,7.9,7.9,200,0
FOR,5,20210223,115000,7.9,7.9,7.9,7.9,29,0
FOR,5,20210223,115500,7.9,7.9,7.9,7.9,479,0
FOR,5,20210223,120500,7.9,7.95,7.9,7.95,571,0
FOR,5,20210223,121500,7.96,7.96,7.96,7.96,12,0
FOR,5,20210223,122000,7.9,7.9,7.9,7.9,100,0
FOR,5,20210223,122500,7.9,7.9,7.9,7.9,250,0
FOR,5,20210223,123500,7.96,7.96,7.96,7.96,25,0
FOR,5,20210223,124000,7.96,7.97,7.96,7.97,100,0
FOR,5,20210223,125000,7.96,7.96,7.85,7.85,2050,0
FOR,5,20210223,131500,7.86,7.86,7.84,7.84,3000,0
FOR,5,20210223,133000,7.9,7.9,7.9,7.9,100,0
FOR,5,20210223,133500,7.95,7.95,7.95,7.95,100,0
FOR,5,20210223,134000,7.95,7.95,7.9,7.9,1150,0
FOR,5,20210223,134500,7.9,7.9,7.9,7.9,1950,0
FOR,5,20210223,141500,7.9,7.9,7.9,7.9,100,0
FOR,5,20210223,142000,7.88,7.88,7.88,7.88,150,0
FOR,5,20210223,142500,7.9,7.9,7.9,7.9,100,0
FOR,5,20210223,143000,7.9,7.9,7.9,7.9,103,0
FOR,5,20210223,143500,7.9,7.9,7.9,7.9,24,0
FOR,5,20210223,144000,7.88,7.88,7.88,7.88,1000,0
FOR,5,20210223,145000,7.88,7.88,7.85,7.85,3000,0
FOR,5,20210223,145500,7.85,7.85,7.85,7.85,181,0
FOR,5,20210223,150000,7.86,7.86,7.82,7.82,2505,0
FOR,5,20210223,150500,7.89,7.89,7.89,7.89,30,0
FOR,5,20210223,152500,7.82,7.89,7.81,7.89,950,0
FOR,5,20210223,155000,7.76,7.89,7.68,7.89,2665,0
FOR,5,20210223,155500,7.84,7.84,7.84,7.84,499,0
FOR,5,20210223,160000,7.75,7.75,7.73,7.73,2500,0
FOR,5,20210223,160500,7.73,7.89,7.73,7.89,630,0
FOR,5,20210223,161500,7.89,7.89,7.89,7.89,500,0
FOR,5,20210223,162000,7.85,7.85,7.85,7.85,70,0
FOR,5,20210223,162500,7.89,7.89,7.89,7.89,30,0
FOR,5,20210223,164000,7.75,7.75,7.75,7.75,100,0
FOR,5,20210223,164500,7.86,7.88,7.86,7.88,337,0
FOR,5,20210224,090000,7.85,7.86,7.85,7.86,502,0
FOR,5,20210224,090500,7.86,7.86,7.86,7.86,100,0
FOR,5,20210224,091500,7.86,7.86,7.85,7.85,1567,0
FOR,5,20210224,092000,7.85,7.91,7.85,7.91,564,0
FOR,5,20210224,092500,7.91,7.91,7.91,7.91,75,0
FOR,5,20210224,093000,7.81,7.81,7.81,7.81,215,0
FOR,5,20210224,094000,7.9,7.91,7.9,7.91,300,0
FOR,5,20210224,095000,7.9,7.9,7.9,7.9,250,0
FOR,5,20210224,101500,7.9,7.9,7.9,7.9,400,0
FOR,5,20210224,102000,7.86,7.86,7.86,7.86,189,0
FOR,5,20210224,104000,7.86,7.86,7.8,7.81,810,0
FOR,5,20210224,104500,7.81,7.81,7.81,7.81,100,0
FOR,5,20210224,110000,7.82,7.82,7.8,7.8,1500,0
FOR,5,20210224,110500,7.8,7.8,7.8,7.8,600,0
FOR,5,20210224,111000,7.81,7.81,7.81,7.81,650,0
FOR,5,20210224,113500,7.86,7.86,7.86,7.86,282,0
FOR,5,20210224,114500,7.89,7.89,7.89,7.89,116,0
FOR,5,20210224,115000,7.87,7.87,7.87,7.87,234,0
FOR,5,20210224,120000,7.85,7.85,7.85,7.85,500,0
FOR,5,20210224,121000,7.88,7.88,7.88,7.88,300,0
FOR,5,20210224,121500,7.89,7.9,7.89,7.89,500,0
FOR,5,20210224,122000,7.89,7.89,7.89,7.89,75,0
FOR,5,20210224,130500,7.89,7.89,7.89,7.89,27,0
FOR,5,20210224,131000,7.89,7.89,7.89,7.89,973,0
FOR,5,20210224,131500,7.85,7.85,7.85,7.85,400,0
FOR,5,20210224,132000,7.89,7.9,7.89,7.9,700,0
FOR,5,20210224,133000,7.85,7.85,7.8,7.8,3000,0
FOR,5,20210224,133500,7.8,7.8,7.8,7.8,600,0
FOR,5,20210224,134000,7.82,7.82,7.82,7.82,221,0
FOR,5,20210224,134500,7.8,7.8,7.8,7.8,529,0
FOR,5,20210224,135500,7.89,7.94,7.89,7.94,1500,0
FOR,5,20210224,140500,7.81,7.81,7.81,7.81,800,0
FOR,5,20210224,142000,7.91,7.91,7.86,7.86,400,0
FOR,5,20210224,143000,7.86,7.86,7.82,7.82,571,0
FOR,5,20210224,144000,7.82,7.82,7.8,7.8,1000,0
FOR,5,20210224,145500,7.91,7.91,7.91,7.91,200,0
FOR,5,20210224,150500,7.81,7.81,7.81,7.81,500,0
FOR,5,20210224,151000,7.8,7.8,7.76,7.76,1320,0
FOR,5,20210224,151500,7.78,7.78,7.77,7.77,125,0
FOR,5,20210224,152000,7.89,7.89,7.89,7.89,80,0
FOR,5,20210224,152500,7.79,7.79,7.77,7.77,1300,0
FOR,5,20210224,153000,7.89,7.89,7.89,7.89,177,0
FOR,5,20210224,154000,7.79,7.79,7.78,7.78,200,0
FOR,5,20210224,155000,7.9,7.91,7.9,7.91,430,0
FOR,5,20210224,160000,7.88,7.88,7.88,7.88,386,0
FOR,5,20210224,160500,7.88,7.88,7.88,7.88,602,0
FOR,5,20210224,161000,7.88,7.88,7.88,7.88,186,0
FOR,5,20210224,162000,7.88,7.88,7.8,7.8,1350,0
FOR,5,20210224,163500,7.81,7.81,7.81,7.81,300,0
FOR,5,20210224,165500,7.82,7.82,7.82,7.82,601,0
FOR,5,20210225,090000,7.89,7.99,7.89,7.95,1370,0
FOR,5,20210225,090500,7.97,7.98,7.97,7.98,166,0
FOR,5,20210225,091000,7.97,7.97,7.93,7.93,2170,0
FOR,5,20210225,091500,7.93,7.93,7.93,7.93,9,0
FOR,5,20210225,092000,7.96,7.96,7.96,7.96,75,0
FOR,5,20210225,092500,7.96,7.96,7.85,7.85,2568,0
FOR,5,20210225,093000,7.85,7.85,7.8,7.8,1500,0
FOR,5,20210225,094000,7.8,7.8,7.79,7.79,1000,0
FOR,5,20210225,100000,7.94,7.94,7.94,7.94,300,0
FOR,5,20210225,100500,7.9,7.9,7.9,7.9,100,0
FOR,5,20210225,101000,7.94,7.94,7.94,7.94,100,0
FOR,5,20210225,101500,7.94,7.94,7.93,7.93,500,0
FOR,5,20210225,102000,7.94,7.94,7.94,7.94,180,0
FOR,5,20210225,103000,7.9,7.9,7.83,7.83,785,0
FOR,5,20210225,103500,7.83,7.89,7.83,7.89,115,0
FOR,5,20210225,104500,7.9,7.9,7.9,7.9,120,0
FOR,5,20210225,105000,7.94,7.94,7.94,7.94,100,0
FOR,5,20210225,105500,7.94,7.94,7.9,7.9,1112,0
FOR,5,20210225,110000,7.94,7.94,7.9,7.9,173,0
FOR,5,20210225,111500,7.91,7.91,7.91,7.91,160,0
FOR,5,20210225,112000,7.95,7.95,7.95,7.95,20,0
FOR,5,20210225,113500,7.9,7.9,7.81,7.81,1000,0
FOR,5,20210225,114500,7.94,7.97,7.94,7.97,2000,0
FOR,5,20210225,115500,7.94,7.95,7.94,7.95,1000,0
FOR,5,20210225,121000,7.96,8,7.96,8,5500,0
FOR,5,20210225,121500,8,8.06,8,8.06,1205,0
FOR,5,20210225,122000,8.05,8.07,8.05,8.07,1050,0
FOR,5,20210225,122500,8.07,8.09,8.07,8.09,1000,0
FOR,5,20210225,123000,8.08,8.1,8.08,8.1,4040,0
FOR,5,20210225,124000,8.08,8.08,8.08,8.08,50,0
FOR,5,20210225,124500,8.01,8.01,8,8,1125,0
FOR,5,20210225,125500,8,8,8,8,653,0
FOR,5,20210225,130000,8,8,8,8,100,0
FOR,5,20210225,130500,8,8,8,8,247,0
FOR,5,20210225,131500,8,8,7.95,7.95,159,0
FOR,5,20210225,132500,8,8,8,8,700,0
FOR,5,20210225,133000,8,8,8,8,147,0
FOR,5,20210225,133500,8,8,8,8,183,0
FOR,5,20210225,142000,8,8,8,8,382,0
FOR,5,20210225,144000,8,8,8,8,390,0
FOR,5,20210225,145500,8,8.04,8,8.04,200,0
FOR,5,20210225,150500,8,8,8,8,187,0
FOR,5,20210225,151000,8,8,8,8,1000,0
FOR,5,20210225,151500,8,8,8,8,290,0
FOR,5,20210225,152000,8,8,8,8,130,0
FOR,5,20210225,153000,7.95,7.95,7.95,7.95,343,0
FOR,5,20210225,153500,7.95,7.95,7.95,7.95,450,0
FOR,5,20210225,154500,7.95,7.95,7.84,7.84,2156,0
FOR,5,20210225,163000,7.96,7.96,7.96,7.96,39,0
FOR,5,20210225,163500,7.96,7.97,7.96,7.97,1399,0
FOR,5,20210225,164000,7.87,7.87,7.85,7.85,500,0
FOR,5,20210225,164500,7.86,7.95,7.86,7.9,509,0
FOR,5,20210226,090000,7.9,7.9,7.8,7.83,6210,0
FOR,5,20210226,090500,7.82,7.88,7.8,7.8,3047,0
FOR,5,20210226,091000,7.8,7.8,7.8,7.8,200,0
FOR,5,20210226,091500,7.8,7.8,7.8,7.8,240,0
FOR,5,20210226,092000,7.89,7.89,7.89,7.89,125,0
FOR,5,20210226,092500,7.81,7.81,7.81,7.81,222,0
FOR,5,20210226,094000,7.89,7.89,7.89,7.89,150,0
FOR,5,20210226,101000,7.88,7.89,7.88,7.89,200,0
FOR,5,20210226,103000,7.89,7.89,7.89,7.89,25,0
FOR,5,20210226,103500,7.9,7.99,7.9,7.99,565,0
FOR,5,20210226,104000,7.99,7.99,7.99,7.99,300,0
FOR,5,20210226,104500,7.88,7.88,7.88,7.88,300,0
FOR,5,20210226,105000,7.89,7.89,7.88,7.88,2127,0
FOR,5,20210226,110500,7.86,7.86,7.86,7.86,65,0
FOR,5,20210226,111000,7.88,7.88,7.88,7.88,1337,0
FOR,5,20210226,111500,7.88,7.88,7.88,7.88,1000,0
FOR,5,20210226,113500,7.88,7.98,7.88,7.98,127,0
FOR,5,20210226,121500,7.98,7.99,7.98,7.99,283,0
FOR,5,20210226,122000,7.88,7.96,7.81,7.96,10803,0
FOR,5,20210226,122500,7.96,7.96,7.96,7.96,4,0
FOR,5,20210226,123500,7.94,7.94,7.8,7.8,5150,0
FOR,5,20210226,124500,7.83,7.83,7.83,7.83,150,0
FOR,5,20210226,125000,7.83,7.83,7.83,7.83,140,0
FOR,5,20210226,133000,7.89,7.89,7.89,7.89,219,0
FOR,5,20210226,142000,7.89,7.89,7.89,7.89,250,0
FOR,5,20210226,150500,7.85,7.85,7.84,7.84,300,0
FOR,5,20210226,152500,7.84,7.84,7.84,7.84,239,0
FOR,5,20210226,153500,7.84,7.84,7.84,7.84,400,0
FOR,5,20210226,154000,7.89,7.89,7.89,7.89,126,0
FOR,5,20210226,162000,7.86,7.86,7.86,7.86,126,0
FOR,5,20210226,163000,7.83,7.83,7.8,7.8,2600,0
FOR,5,20210226,163500,7.8,7.89,7.8,7.89,1067,0
FOR,5,20210226,164500,7.89,7.9,7.82,7.82,1680,0
FOR,5,20210301,090000,7.89,7.89,7.89,7.89,220,0
FOR,5,20210301,090500,7.91,7.92,7.91,7.92,166,0
FOR,5,20210301,091000,7.95,7.97,7.95,7.97,230,0
FOR,5,20210301,091500,7.97,7.99,7.97,7.99,1020,0
FOR,5,20210301,092500,7.98,7.98,7.92,7.98,336,0
FOR,5,20210301,093000,7.97,7.97,7.97,7.97,329,0
FOR,5,20210301,093500,7.97,7.97,7.97,7.97,250,0
FOR,5,20210301,094000,7.97,7.97,7.97,7.97,500,0
FOR,5,20210301,094500,7.92,7.92,7.92,7.92,1200,0
FOR,5,20210301,095000,7.92,7.92,7.92,7.92,200,0
FOR,5,20210301,100500,7.96,7.97,7.91,7.91,661,0
FOR,5,20210301,101000,7.9,7.9,7.9,7.9,66,0
FOR,5,20210301,102500,7.89,7.89,7.88,7.88,1500,0
FOR,5,20210301,103000,7.92,7.92,7.92,7.92,250,0
FOR,5,20210301,103500,7.92,7.92,7.92,7.92,943,0
FOR,5,20210301,104000,7.89,7.89,7.88,7.88,210,0
FOR,5,20210301,110000,7.88,8,7.88,8,4573,0
FOR,5,20210301,110500,8,8,8,8,238,0
FOR,5,20210301,111000,8,8,8,8,462,0
FOR,5,20210301,111500,8.03,8.03,8.03,8.03,200,0
FOR,5,20210301,113500,8.02,8.03,8.02,8.03,102,0
FOR,5,20210301,114500,8.05,8.05,8.05,8.05,125,0
FOR,5,20210301,121500,8.04,8.04,8.04,8.04,250,0
FOR,5,20210301,122000,8.04,8.29,8.04,8.2,23256,0
FOR,5,20210301,122500,8.2,8.4,8.2,8.38,17533,0
FOR,5,20210301,123000,8.3,8.8,8.26,8.72,24784,0
FOR,5,20210301,123500,8.6,8.63,8.54,8.63,4001,0
FOR,5,20210301,124000,8.63,8.7,8.42,8.6,5020,0
FOR,5,20210301,124500,8.62,8.69,8.62,8.66,4856,0
FOR,5,20210301,125000,8.66,8.8,8.66,8.8,8567,0
FOR,5,20210301,125500,8.82,9.4,8.82,9.4,17055,0
FOR,5,20210301,130000,9.2,9.38,9,9.19,9651,0
FOR,5,20210301,130500,9.17,9.21,8.9,9.09,8150,0
FOR,5,20210301,131000,9.05,9.12,9.02,9.1,7873,0
FOR,5,20210301,131500,9.1,9.1,8.9,9,4581,0
FOR,5,20210301,132000,9,9,8.98,9,7172,0
FOR,5,20210301,132500,8.99,8.99,8.7,8.94,4660,0
FOR,5,20210301,133000,8.94,9.11,8.92,9.11,7601,0
FOR,5,20210301,133500,9.12,9.17,9.08,9.1,3914,0
FOR,5,20210301,134000,9.09,9.09,8.94,9,1931,0
FOR,5,20210301,134500,9,9.06,9,9,1194,0
FOR,5,20210301,135000,9,9,8.9,8.9,1003,0
FOR,5,20210301,135500,8.89,8.99,8.83,8.99,1840,0
FOR,5,20210301,140000,8.99,8.99,8.98,8.98,353,0
FOR,5,20210301,140500,8.85,8.85,8.84,8.84,350,0
FOR,5,20210301,141000,8.95,8.95,8.85,8.95,241,0
FOR,5,20210301,141500,8.85,8.85,8.85,8.85,139,0
FOR,5,20210301,142000,8.85,8.95,8.81,8.95,2335,0
FOR,5,20210301,142500,8.85,8.85,8.85,8.85,225,0
FOR,5,20210301,143000,8.85,8.85,8.72,8.84,6440,0
FOR,5,20210301,143500,8.75,8.8,8.68,8.68,3786,0
FOR,5,20210301,144000,8.79,8.8,8.7,8.8,1286,0
FOR,5,20210301,144500,8.84,8.95,8.84,8.94,6407,0
FOR,5,20210301,145000,8.94,8.94,8.94,8.94,132,0
FOR,5,20210301,145500,8.84,8.84,8.84,8.84,300,0
FOR,5,20210301,150500,8.92,8.96,8.92,8.96,2450,0
FOR,5,20210301,151000,8.96,9,8.96,9,732,0
FOR,5,20210301,151500,9,9,8.92,8.99,1140,0
FOR,5,20210301,152000,8.92,9,8.92,9,1126,0
FOR,5,20210301,152500,9,9.07,9,9.06,4844,0
FOR,5,20210301,153000,9.05,9.06,9.05,9.06,70,0
FOR,5,20210301,153500,9.01,9.01,9.01,9.01,600,0
FOR,5,20210301,154000,9,9.06,9,9.06,1419,0
FOR,5,20210301,154500,9.06,9.06,9.04,9.06,858,0
FOR,5,20210301,155000,9.07,9.07,8.92,9,1561,0
FOR,5,20210301,155500,9,9.07,9,9.07,273,0
FOR,5,20210301,160000,9,9.05,8.94,8.94,1098,0
FOR,5,20210301,160500,8.92,8.94,8.9,8.94,1589,0
FOR,5,20210301,161000,8.94,9,8.92,8.92,529,0
FOR,5,20210301,162000,8.92,8.92,8.92,8.92,141,0
FOR,5,20210301,162500,8.92,8.92,8.9,8.9,668,0
FOR,5,20210301,163000,8.9,8.9,8.88,8.88,244,0
FOR,5,20210301,163500,8.96,8.96,8.96,8.96,100,0
FOR,5,20210301,164000,8.9,8.9,8.8,8.8,1600,0
FOR,5,20210301,164500,8.81,8.92,8.76,8.86,3186,0
FOR,5,20210302,090000,9,9.56,9,9.49,65400,0
FOR,5,20210302,090500,9.46,9.5,9.2,9.4,19086,0
FOR,5,20210302,091000,9.4,9.4,9.33,9.34,5003,0
FOR,5,20210302,091500,9.34,9.35,9.3,9.31,12482,0
FOR,5,20210302,092000,9.33,9.43,9.31,9.42,8441,0
FOR,5,20210302,092500,9.42,9.42,9.3,9.33,4231,0
FOR,5,20210302,093000,9.33,9.38,9.21,9.29,6112,0
FOR,5,20210302,093500,9.25,9.28,9.2,9.2,1808,0
FOR,5,20210302,094000,9.16,9.2,9.05,9.19,4830,0
FOR,5,20210302,094500,9.14,9.2,9.14,9.19,2208,0
FOR,5,20210302,095000,9.14,9.18,9.1,9.1,1172,0
FOR,5,20210302,095500,9.11,9.12,9,9,9293,0
FOR,5,20210302,100000,9,9.14,8.99,9.14,6767,0
FOR,5,20210302,100500,9,9,8.9,8.91,8108,0
FOR,5,20210302,101000,8.91,8.95,8.9,8.9,6435,0
FOR,5,20210302,101500,8.9,8.97,8.86,8.88,11208,0
FOR,5,20210302,102000,8.9,8.96,8.89,8.96,482,0
FOR,5,20210302,102500,8.96,9.08,8.94,9.08,2894,0
FOR,5,20210302,103000,9.08,9.09,9,9.09,746,0
FOR,5,20210302,103500,9.09,9.14,9.09,9.1,1989,0
FOR,5,20210302,104000,9.1,9.1,9.02,9.02,385,0
FOR,5,20210302,104500,9.06,9.12,9,9.03,2468,0
FOR,5,20210302,105000,9.08,9.12,9,9.08,2728,0
FOR,5,20210302,105500,9.04,9.08,9,9,447,0
FOR,5,20210302,110000,9,9,9,9,222,0
FOR,5,20210302,110500,9,9.08,9,9.08,865,0
FOR,5,20210302,111000,9,9,8.99,8.99,1531,0
FOR,5,20210302,111500,8.99,9.14,8.99,9,3362,0
FOR,5,20210302,112000,9,9,8.99,8.99,1758,0
FOR,5,20210302,112500,9.01,9.01,9,9,500,0
FOR,5,20210302,113000,9.08,9.14,9.08,9.14,1094,0
FOR,5,20210302,113500,9,9,9,9,1084,0
FOR,5,20210302,115000,9,9,9,9,310,0
FOR,5,20210302,115500,9,9,9,9,333,0
FOR,5,20210302,121000,9.08,9.08,9,9,3135,0
FOR,5,20210302,121500,8.99,9,8.99,9,706,0
FOR,5,20210302,122000,9,9,9,9,250,0
FOR,5,20210302,123000,9,9,9,9,44,0
FOR,5,20210302,124000,9.07,9.08,9.07,9.08,111,0
FOR,5,20210302,124500,9,9,9,9,82,0
FOR,5,20210302,125000,9,9,9,9,924,0
FOR,5,20210302,125500,9,9,8.99,8.99,2624,0
FOR,5,20210302,130000,9.07,9.07,9.07,9.07,50,0
FOR,5,20210302,130500,9.08,9.08,8.99,9.05,660,0
FOR,5,20210302,131500,9.05,9.05,9,9,533,0
FOR,5,20210302,132000,9,9,9,9,267,0
FOR,5,20210302,132500,8.99,8.99,8.99,8.99,894,0
FOR,5,20210302,133500,8.98,8.98,8.9,8.9,3809,0
FOR,5,20210302,140000,8.95,8.95,8.9,8.92,770,0
FOR,5,20210302,140500,8.9,8.98,8.9,8.98,251,0
FOR,5,20210302,141000,8.9,8.9,8.8,8.81,10531,0
FOR,5,20210302,141500,8.81,8.84,8.8,8.8,600,0
FOR,5,20210302,142000,8.84,8.98,8.84,8.98,850,0
FOR,5,20210302,142500,8.98,8.98,8.95,8.95,1808,0
FOR,5,20210302,143000,8.95,8.95,8.95,8.95,3,0
FOR,5,20210302,143500,8.95,8.95,8.85,8.85,67,0
FOR,5,20210302,144000,8.95,8.95,8.95,8.95,150,0
FOR,5,20210302,144500,8.97,8.98,8.97,8.98,702,0
FOR,5,20210302,145000,8.98,8.98,8.95,8.97,800,0
FOR,5,20210302,145500,8.86,8.95,8.8,8.8,11951,0
FOR,5,20210302,150500,8.82,8.82,8.82,8.82,175,0
FOR,5,20210302,151000,8.8,8.8,8.8,8.8,3623,0
FOR,5,20210302,151500,8.8,8.8,8.8,8.8,100,0
FOR,5,20210302,152000,8.8,8.8,8.8,8.8,283,0
FOR,5,20210302,152500,8.85,8.85,8.85,8.85,45,0
FOR,5,20210302,154000,8.85,8.85,8.85,8.85,337,0
FOR,5,20210302,155000,8.73,8.79,8.73,8.73,740,0
FOR,5,20210302,155500,8.73,8.73,8.72,8.72,299,0
FOR,5,20210302,160000,8.71,8.79,8.71,8.74,2175,0
FOR,5,20210302,160500,8.76,8.76,8.74,8.74,174,0
FOR,5,20210302,161000,8.71,8.71,8.71,8.71,212,0
FOR,5,20210302,161500,8.71,8.74,8.71,8.71,462,0
FOR,5,20210302,162500,8.72,8.72,8.71,8.71,800,0
FOR,5,20210302,163000,8.74,8.74,8.74,8.74,280,0
FOR,5,20210302,163500,8.74,8.74,8.74,8.74,132,0
FOR,5,20210302,164000,8.74,8.74,8.74,8.74,80,0
FOR,5,20210302,164500,8.74,8.74,8.73,8.74,2558,0
FOR,5,20210303,090000,8.7,8.79,8.62,8.79,4413,0
FOR,5,20210303,091500,8.74,8.76,8.74,8.76,300,0
FOR,5,20210303,092000,8.67,8.83,8.6,8.83,11959,0
FOR,5,20210303,092500,8.65,8.65,8.56,8.56,1712,0
FOR,5,20210303,093000,8.58,8.58,8.57,8.57,1022,0
FOR,5,20210303,093500,8.56,8.65,8.53,8.54,1685,0
FOR,5,20210303,094500,8.55,8.59,8.55,8.59,67,0
FOR,5,20210303,095000,8.58,8.58,8.58,8.58,50,0
FOR,5,20210303,095500,8.6,8.65,8.6,8.65,220,0
FOR,5,20210303,100500,8.7,8.7,8.7,8.7,12,0
FOR,5,20210303,102000,8.7,8.7,8.7,8.7,88,0
FOR,5,20210303,102500,8.7,8.7,8.7,8.7,700,0
FOR,5,20210303,103000,8.7,8.7,8.7,8.7,207,0
FOR,5,20210303,103500,8.7,8.7,8.7,8.7,700,0
FOR,5,20210303,104000,8.7,8.7,8.7,8.7,398,0
FOR,5,20210303,104500,8.61,8.61,8.6,8.6,150,0
FOR,5,20210303,105500,8.65,8.65,8.56,8.56,133,0
FOR,5,20210303,111500,8.56,8.56,8.56,8.56,215,0
FOR,5,20210303,112000,8.56,8.56,8.55,8.55,550,0
FOR,5,20210303,113500,8.6,8.6,8.56,8.56,1123,0
FOR,5,20210303,114000,8.56,8.56,8.55,8.56,1370,0
FOR,5,20210303,115000,8.55,8.56,8.55,8.56,128,0
FOR,5,20210303,120000,8.56,8.56,8.56,8.56,70,0
FOR,5,20210303,120500,8.56,8.56,8.56,8.56,402,0
FOR,5,20210303,122500,8.54,8.54,8.53,8.53,1156,0
FOR,5,20210303,123000,8.53,8.53,8.52,8.52,650,0
FOR,5,20210303,123500,8.52,8.52,8.52,8.52,244,0
FOR,5,20210303,124500,8.6,8.6,8.6,8.6,485,0
FOR,5,20210303,130000,8.58,8.58,8.58,8.58,600,0
FOR,5,20210303,130500,8.53,8.53,8.52,8.52,110,0
FOR,5,20210303,131500,8.52,8.52,8.52,8.52,500,0
FOR,5,20210303,132000,8.52,8.52,8.52,8.52,60,0
FOR,5,20210303,133500,8.52,8.52,8.52,8.52,500,0
FOR,5,20210303,134000,8.52,8.52,8.52,8.52,1023,0
FOR,5,20210303,134500,8.52,8.52,8.5,8.5,5193,0
FOR,5,20210303,135000,8.5,8.51,8.5,8.5,2713,0
FOR,5,20210303,140000,8.5,8.51,8.5,8.51,800,0
FOR,5,20210303,140500,8.5,8.51,8.5,8.51,520,0
FOR,5,20210303,141000,8.5,8.51,8.5,8.51,1300,0
FOR,5,20210303,141500,8.51,8.6,8.51,8.6,788,0
FOR,5,20210303,142000,8.52,8.52,8.5,8.5,1579,0
FOR,5,20210303,142500,8.5,8.5,8.5,8.5,500,0
FOR,5,20210303,143500,8.52,8.52,8.52,8.52,1000,0
FOR,5,20210303,150000,8.52,8.52,8.52,8.52,100,0
FOR,5,20210303,150500,8.5,8.59,8.5,8.59,1670,0
FOR,5,20210303,151000,8.6,8.67,8.6,8.67,4098,0
FOR,5,20210303,151500,8.67,8.67,8.67,8.67,20,0
FOR,5,20210303,152000,8.67,8.7,8.67,8.7,566,0
FOR,5,20210303,152500,8.67,8.73,8.65,8.65,771,0
FOR,5,20210303,153000,8.65,8.74,8.65,8.74,284,0
FOR,5,20210303,153500,8.7,8.7,8.7,8.7,161,0
FOR,5,20210303,154000,8.55,8.55,8.55,8.55,17,0
FOR,5,20210303,161000,8.68,8.68,8.55,8.68,109,0
FOR,5,20210303,161500,8.55,8.55,8.55,8.55,723,0
FOR,5,20210303,162500,8.68,8.69,8.68,8.69,1200,0
FOR,5,20210303,163500,8.68,8.7,8.68,8.7,1200,0
FOR,5,20210303,164000,8.7,8.7,8.7,8.7,10,0
FOR,5,20210303,164500,8.69,8.69,8.69,8.69,190,0
FOR,5,20210304,090000,8.68,8.68,8.68,8.68,350,0
FOR,5,20210304,090500,8.59,8.59,8.5,8.5,850,0
FOR,5,20210304,091000,8.5,8.5,8.5,8.5,1969,0
FOR,5,20210304,091500,8.5,8.5,8.5,8.5,98,0
FOR,5,20210304,092000,8.55,8.55,8.55,8.55,500,0
FOR,5,20210304,092500,8.6,8.6,8.6,8.6,358,0
FOR,5,20210304,093000,8.51,8.51,8.5,8.5,1510,0
FOR,5,20210304,093500,8.5,8.5,8.5,8.5,272,0
FOR,5,20210304,094000,8.6,8.6,8.6,8.6,63,0
FOR,5,20210304,094500,8.55,8.55,8.55,8.55,236,0
FOR,5,20210304,095000,8.55,8.55,8.5,8.5,500,0
FOR,5,20210304,095500,8.6,8.6,8.6,8.6,352,0
FOR,5,20210304,101000,8.56,8.56,8.39,8.39,1610,0
FOR,5,20210304,102000,8.4,8.4,8.4,8.4,340,0
FOR,5,20210304,104500,8.55,8.55,8.42,8.42,125,0
FOR,5,20210304,105000,8.45,8.45,8.41,8.41,150,0
FOR,5,20210304,105500,8.42,8.55,8.42,8.55,890,0
FOR,5,20210304,110000,8.55,8.55,8.55,8.55,150,0
FOR,5,20210304,110500,8.55,8.55,8.55,8.55,260,0
FOR,5,20210304,112500,8.54,8.54,8.54,8.54,350,0
FOR,5,20210304,113500,8.54,8.54,8.54,8.54,200,0
FOR,5,20210304,114000,8.55,8.55,8.55,8.55,200,0
FOR,5,20210304,114500,8.54,8.54,8.54,8.54,62,0
FOR,5,20210304,120000,8.54,8.54,8.5,8.5,718,0
FOR,5,20210304,121000,8.5,8.5,8.46,8.46,150,0
FOR,5,20210304,121500,8.5,8.54,8.5,8.54,1532,0
FOR,5,20210304,122000,8.54,8.55,8.54,8.55,450,0
FOR,5,20210304,123000,8.55,8.55,8.55,8.55,300,0
FOR,5,20210304,123500,8.55,8.55,8.55,8.55,1264,0
FOR,5,20210304,125000,8.5,8.5,8.5,8.5,500,0
FOR,5,20210304,130500,8.5,8.5,8.5,8.5,330,0
FOR,5,20210304,131000,8.5,8.5,8.5,8.5,483,0
FOR,5,20210304,131500,8.5,8.5,8.5,8.5,493,0
FOR,5,20210304,133500,8.52,8.52,8.5,8.5,1000,0
FOR,5,20210304,140000,8.55,8.6,8.55,8.6,1592,0
FOR,5,20210304,140500,8.67,8.67,8.62,8.62,1550,0
FOR,5,20210304,143500,8.67,8.67,8.66,8.67,648,0
FOR,5,20210304,144500,8.69,8.69,8.67,8.67,162,0
FOR,5,20210304,145000,8.67,8.67,8.5,8.5,25858,0
FOR,5,20210304,151000,8.5,8.5,8.5,8.5,170,0
FOR,5,20210304,153500,8.67,8.67,8.67,8.67,100,0
FOR,5,20210304,160500,8.5,8.5,8.42,8.42,850,0
FOR,5,20210304,162000,8.44,8.44,8.44,8.44,500,0
FOR,5,20210304,163500,8.44,8.44,8.44,8.44,264,0
FOR,5,20210304,164500,8.46,8.54,8.46,8.54,11,0
FOR,5,20210305,090000,8.54,8.67,8.54,8.54,1570,0
FOR,5,20210305,100000,8.53,8.6,8.53,8.6,100,0
FOR,5,20210305,101000,8.6,8.6,8.6,8.6,39,0
FOR,5,20210305,103000,8.44,8.59,8.44,8.59,651,0
FOR,5,20210305,103500,8.45,8.45,8.45,8.45,100,0
FOR,5,20210305,104500,8.55,8.55,8.38,8.38,3627,0
FOR,5,20210305,105000,8.38,8.53,8.36,8.53,689,0
FOR,5,20210305,110000,8.38,8.5,8.35,8.5,1755,0
FOR,5,20210305,111000,8.45,8.45,8.45,8.45,100,0
FOR,5,20210305,112500,8.45,8.45,8.3,8.3,1210,0
FOR,5,20210305,114000,8.46,8.46,8.46,8.46,1,0
FOR,5,20210305,115500,8.45,8.48,8.45,8.48,30000,0
FOR,5,20210305,120000,8.31,8.49,8.31,8.49,1047,0
FOR,5,20210305,120500,8.3,8.49,8.3,8.3,221,0
FOR,5,20210305,121000,8.3,8.3,8.3,8.3,501,0
FOR,5,20210305,123500,8.32,8.32,8.26,8.28,1000,0
FOR,5,20210305,124000,8.44,8.45,8.44,8.45,500,0
FOR,5,20210305,124500,8.28,8.28,8.26,8.26,500,0
FOR,5,20210305,125000,8.27,8.27,8.25,8.25,500,0
FOR,5,20210305,131000,8.26,8.26,8.23,8.23,1500,0
FOR,5,20210305,131500,8.24,8.24,8.21,8.21,2000,0
FOR,5,20210305,134000,8.22,8.22,8.22,8.22,70,0
FOR,5,20210305,134500,8.32,8.32,8.32,8.32,100,0
FOR,5,20210305,135500,8.23,8.23,8.2,8.2,1125,0
FOR,5,20210305,141500,8.29,8.3,8.29,8.3,199,0
FOR,5,20210305,144000,8.29,8.29,8.29,8.29,100,0
FOR,5,20210305,144500,8.29,8.29,8.29,8.29,20,0
FOR,5,20210305,145000,8.22,8.22,8.2,8.2,2297,0
FOR,5,20210305,150500,8.24,8.24,8.16,8.16,865,0
FOR,5,20210305,152000,8.18,8.24,8.17,8.24,560,0
FOR,5,20210305,153000,8.24,8.24,8.24,8.24,50,0
FOR,5,20210305,153500,8.22,8.22,8.22,8.22,70,0
FOR,5,20210305,154500,8.18,8.18,8.17,8.17,270,0
FOR,5,20210305,155000,8.18,8.2,8.18,8.2,318,0
FOR,5,20210305,155500,8.2,8.2,8.2,8.2,21,0
FOR,5,20210305,160500,8.22,8.22,8.22,8.22,54,0
FOR,5,20210305,161000,8.23,8.23,8.23,8.23,48,0
FOR,5,20210305,163000,8.2,8.2,8.2,8.2,200,0
FOR,5,20210305,163500,8.21,8.21,8.21,8.21,50,0
FOR,5,20210308,090000,8.22,8.23,8.22,8.23,200,0
FOR,5,20210308,090500,8.27,8.28,8.06,8.06,1868,0
FOR,5,20210308,091000,8.06,8.1,8.05,8.1,10526,0
FOR,5,20210308,092000,8.07,8.07,8.03,8.03,1518,0
FOR,5,20210308,092500,8.05,8.08,8.05,8.08,793,0
FOR,5,20210308,093000,8.09,8.09,8.09,8.09,130,0
FOR,5,20210308,093500,8.06,8.06,8.03,8.03,1500,0
FOR,5,20210308,094000,8.03,8.03,8,8,7099,0
FOR,5,20210308,094500,8,8,7.98,8,7299,0
FOR,5,20210308,095000,8.07,8.07,8.07,8.07,50,0
FOR,5,20210308,100000,8.08,8.08,8.08,8.08,220,0
FOR,5,20210308,100500,8.09,8.09,8.09,8.09,250,0
FOR,5,20210308,101500,8.08,8.08,8.08,8.08,280,0
FOR,5,20210308,103500,8.09,8.09,8,8,1208,0
FOR,5,20210308,105500,8.02,8.08,8.02,8.08,1221,0
FOR,5,20210308,110000,8.08,8.08,8.08,8.08,215,0
FOR,5,20210308,110500,8.08,8.08,8.08,8.08,198,0
FOR,5,20210308,111000,8.08,8.08,8.08,8.08,200,0
FOR,5,20210308,112000,8.06,8.06,8.03,8.03,500,0
FOR,5,20210308,112500,8.07,8.09,8.07,8.09,200,0
FOR,5,20210308,113000,8.09,8.09,8.09,8.09,249,0
FOR,5,20210308,113500,8.09,8.09,8.09,8.09,340,0
FOR,5,20210308,114500,8.08,8.09,8.08,8.09,200,0
FOR,5,20210308,120000,8.09,8.09,8.09,8.09,250,0
FOR,5,20210308,121500,8.09,8.09,8.09,8.09,250,0
FOR,5,20210308,122000,8.09,8.09,8.09,8.09,118,0
FOR,5,20210308,124000,8.07,8.07,8.07,8.07,130,0
FOR,5,20210308,124500,8.04,8.04,8.04,8.04,199,0
FOR,5,20210308,130500,8.08,8.09,8.08,8.09,700,0
FOR,5,20210308,131000,8.09,8.09,8.09,8.09,100,0
FOR,5,20210308,133000,8.04,8.08,8,8.08,13557,0
FOR,5,20210308,140500,8.07,8.08,8.07,8.08,250,0
FOR,5,20210308,141000,8.04,8.04,8,8,1337,0
FOR,5,20210308,141500,8,8,8,8,1080,0
FOR,5,20210308,142000,8.06,8.06,8.06,8.06,1,0
FOR,5,20210308,143500,8,8,8,8,1120,0
FOR,5,20210308,144000,7.99,7.99,7.99,7.99,90,0
FOR,5,20210308,144500,8,8.02,8,8.02,200,0
FOR,5,20210308,145000,8.02,8.06,8.02,8.06,252,0
FOR,5,20210308,145500,8.06,8.06,8.06,8.06,1900,0
FOR,5,20210308,150000,8,8,8,8,150,0
FOR,5,20210308,151000,8.06,8.06,8.06,8.06,520,0
FOR,5,20210308,151500,8.06,8.06,8.06,8.06,200,0
FOR,5,20210308,152000,8.06,8.06,8.06,8.06,66,0
FOR,5,20210308,152500,8.06,8.06,8.06,8.06,200,0
FOR,5,20210308,153000,8.06,8.06,8.06,8.06,100,0
FOR,5,20210308,153500,8.03,8.03,8,8,1747,0
FOR,5,20210308,154000,8.06,8.06,8.06,8.06,200,0
FOR,5,20210308,160000,8.08,8.08,8.08,8.08,70,0
FOR,5,20210308,160500,8.1,8.1,8.1,8.1,55,0
FOR,5,20210308,161500,8.07,8.07,8.07,8.07,450,0
FOR,5,20210308,162000,8.04,8.04,8.04,8.04,300,0
FOR,5,20210308,163000,8.03,8.1,8,8.02,1500,0
FOR,5,20210308,163500,8.01,8.01,8,8.01,2295,0
FOR,5,20210308,164000,8,8,8,8,1131,0
FOR,5,20210308,164500,8.06,8.06,8.06,8.06,5,0
FOR,5,20210309,090000,8.09,8.19,8.09,8.17,2117,0
FOR,5,20210309,090500,8.18,8.18,8.18,8.18,62,0
FOR,5,20210309,091000,8.12,8.12,8.1,8.1,1065,0
FOR,5,20210309,091500,8.1,8.15,8.1,8.15,497,0
FOR,5,20210309,092000,8.14,8.14,8.12,8.14,1319,0
FOR,5,20210309,092500,8.16,8.17,8.16,8.17,104,0
FOR,5,20210309,093000,8.17,8.19,8.16,8.19,1578,0
FOR,5,20210309,093500,8.19,8.19,8.19,8.19,400,0
FOR,5,20210309,094500,8.19,8.19,8.19,8.19,392,0
FOR,5,20210309,095000,8.19,8.25,8.19,8.25,910,0
FOR,5,20210309,095500,8.25,8.25,8.25,8.25,66,0
FOR,5,20210309,100000,8.25,8.25,8.25,8.25,710,0
FOR,5,20210309,101000,8.26,8.26,8.26,8.26,325,0
FOR,5,20210309,101500,8.25,8.25,8.25,8.25,200,0
FOR,5,20210309,102000,8.24,8.25,8.24,8.25,307,0
FOR,5,20210309,104000,8.19,8.22,8.19,8.22,325,0
FOR,5,20210309,104500,8.22,8.22,8.22,8.22,130,0
FOR,5,20210309,105000,8.2,8.2,8.2,8.2,270,0
FOR,5,20210309,105500,8.2,8.2,8.2,8.2,100,0
FOR,5,20210309,110000,8.19,8.19,8.19,8.19,125,0
FOR,5,20210309,112500,8.19,8.19,8.19,8.19,507,0
FOR,5,20210309,113500,8.17,8.17,8.17,8.17,120,0
FOR,5,20210309,114000,8.18,8.18,8.18,8.18,100,0
FOR,5,20210309,114500,8.17,8.18,8.17,8.18,2060,0
FOR,5,20210309,115500,8.17,8.17,8.17,8.17,562,0
FOR,5,20210309,120500,8.17,8.17,8.15,8.15,468,0
FOR,5,20210309,121000,8.15,8.15,8.14,8.14,393,0
FOR,5,20210309,121500,8.15,8.15,8.14,8.14,1000,0
FOR,5,20210309,122000,8.14,8.14,8.14,8.14,420,0
FOR,5,20210309,123500,8.14,8.14,8.14,8.14,1,0
FOR,5,20210309,124500,8.17,8.19,8.17,8.19,488,0
FOR,5,20210309,125000,8.19,8.2,8.19,8.2,150,0
FOR,5,20210309,125500,8.2,8.2,8.2,8.2,509,0
FOR,5,20210309,130000,8.2,8.2,8.2,8.2,250,0
FOR,5,20210309,130500,8.2,8.2,8.2,8.2,999,0
FOR,5,20210309,131000,8.2,8.2,8.2,8.2,392,0
FOR,5,20210309,131500,8.2,8.2,8.2,8.2,398,0
FOR,5,20210309,133500,8.2,8.2,8.2,8.2,4,0
FOR,5,20210309,135000,8.2,8.25,8.2,8.25,3196,0
FOR,5,20210309,135500,8.25,8.25,8.25,8.25,300,0
FOR,5,20210309,140000,8.25,8.25,8.25,8.25,165,0
FOR,5,20210309,141000,8.21,8.36,8.21,8.36,2261,0
FOR,5,20210309,142000,8.36,8.37,8.36,8.37,274,0
FOR,5,20210309,144000,8.27,8.27,8.25,8.25,950,0
FOR,5,20210309,144500,8.27,8.27,8.27,8.27,470,0
FOR,5,20210309,151500,8.3,8.3,8.3,8.3,100,0
FOR,5,20210309,152500,8.27,8.27,8.27,8.27,120,0
FOR,5,20210309,154500,8.27,8.27,8.27,8.27,96,0
FOR,5,20210309,161000,8.27,8.27,8.27,8.27,170,0
FOR,5,20210309,161500,8.28,8.28,8.25,8.25,1000,0
FOR,5,20210309,163500,8.3,8.37,8.3,8.37,2411,0
FOR,5,20210309,164000,8.38,8.38,8.38,8.38,835,0
FOR,5,20210309,164500,8.38,8.38,8.37,8.38,3022,0
FOR,5,20210309,165500,8.37,8.37,8.37,8.37,1000,0
FOR,5,20210310,090000,8.3,8.3,8.21,8.21,2856,0
FOR,5,20210310,090500,8.2,8.32,8.15,8.32,1132,0
FOR,5,20210310,091000,8.32,8.42,8.32,8.4,2867,0
FOR,5,20210310,091500,8.42,8.42,8.42,8.42,100,0
FOR,5,20210310,092000,8.48,8.5,8.42,8.5,1664,0
FOR,5,20210310,092500,8.57,8.59,8.57,8.59,700,0
FOR,5,20210310,093000,8.58,8.58,8.58,8.58,100,0
FOR,5,20210310,094000,8.55,8.55,8.55,8.55,800,0
FOR,5,20210310,094500,8.57,8.59,8.57,8.57,1170,0
FOR,5,20210310,095000,8.59,8.59,8.57,8.57,1453,0
FOR,5,20210310,095500,8.6,8.6,8.5,8.5,530,0
FOR,5,20210310,100000,8.5,8.55,8.49,8.55,262,0
FOR,5,20210310,100500,8.55,8.55,8.5,8.5,850,0
FOR,5,20210310,101000,8.5,8.5,8.5,8.5,150,0
FOR,5,20210310,101500,8.49,8.49,8.49,8.49,492,0
FOR,5,20210310,102000,8.5,8.57,8.5,8.57,59,0
FOR,5,20210310,102500,8.5,8.57,8.5,8.5,350,0
FOR,5,20210310,103000,8.5,8.5,8.45,8.45,10300,0
FOR,5,20210310,103500,8.46,8.46,8.46,8.46,10,0
FOR,5,20210310,104000,8.46,8.46,8.42,8.45,3300,0
FOR,5,20210310,105000,8.45,8.45,8.32,8.32,79,0
FOR,5,20210310,111000,8.44,8.44,8.44,8.44,265,0
FOR,5,20210310,112000,8.33,8.33,8.3,8.3,1549,0
FOR,5,20210310,112500,8.3,8.3,8.3,8.3,150,0
FOR,5,20210310,113000,8.22,8.3,8.22,8.3,1298,0
FOR,5,20210310,114500,8.3,8.3,8.26,8.26,450,0
FOR,5,20210310,115000,8.26,8.26,8.26,8.26,91,0
FOR,5,20210310,115500,8.26,8.26,8.26,8.26,458,0
FOR,5,20210310,121000,8.26,8.26,8.26,8.26,240,0
FOR,5,20210310,121500,8.3,8.3,8.3,8.3,61,0
FOR,5,20210310,125500,8.3,8.3,8.3,8.3,500,0
FOR,5,20210310,132500,8.26,8.26,8.26,8.26,173,0
FOR,5,20210310,133000,8.27,8.27,8.27,8.27,2366,0
FOR,5,20210310,133500,8.35,8.35,8.35,8.35,1,0
FOR,5,20210310,134000,8.26,8.26,8.26,8.26,22,0
FOR,5,20210310,134500,8.35,8.35,8.35,8.35,200,0
FOR,5,20210310,152500,8.34,8.34,8.34,8.34,1,0
FOR,5,20210310,153500,8.28,8.28,8.28,8.28,40,0
FOR,5,20210310,154500,8.28,8.28,8.28,8.28,450,0
FOR,5,20210310,155000,8.3,8.3,8.24,8.24,460,0
FOR,5,20210310,155500,8.24,8.3,8.24,8.24,1455,0
FOR,5,20210310,160000,8.28,8.28,8.28,8.28,20,0
FOR,5,20210310,161000,8.26,8.26,8.26,8.26,100,0
FOR,5,20210310,161500,8.26,8.26,8.26,8.26,125,0
FOR,5,20210310,162000,8.28,8.28,8.26,8.26,51,0
FOR,5,20210310,162500,8.26,8.26,8.24,8.24,200,0
FOR,5,20210310,164000,8.28,8.28,8.28,8.28,400,0
FOR,5,20210310,164500,8.24,8.24,8.22,8.22,623,0
FOR,5,20210311,090000,8.2,8.2,8.16,8.16,1780,0
FOR,5,20210311,090500,8.16,8.16,8.16,8.16,63,0
FOR,5,20210311,091000,8.17,8.17,8.17,8.17,150,0
FOR,5,20210311,091500,8.26,8.26,8.26,8.26,188,0
FOR,5,20210311,092000,8.26,8.26,8.24,8.24,164,0
FOR,5,20210311,093000,8.25,8.25,8.25,8.25,72,0
FOR,5,20210311,093500,8.25,8.25,8.25,8.25,20,0
FOR,5,20210311,094000,8.24,8.24,7.92,8.02,11130,0
FOR,5,20210311,094500,8.16,8.22,8.16,8.2,639,0
FOR,5,20210311,095500,8.17,8.19,8.17,8.19,950,0
FOR,5,20210311,100000,8.12,8.18,8.12,8.18,250,0
FOR,5,20210311,101500,8.16,8.16,8.16,8.16,466,0
FOR,5,20210311,103500,8.16,8.16,8.16,8.16,139,0
FOR,5,20210311,104000,8.18,8.19,8.18,8.19,100,0
FOR,5,20210311,110000,8.19,8.2,8.19,8.2,371,0
FOR,5,20210311,111500,8.16,8.16,8.16,8.16,110,0
FOR,5,20210311,112000,8.16,8.16,8.16,8.16,271,0
FOR,5,20210311,112500,8.1,8.1,8.1,8.1,6,0
FOR,5,20210311,114000,8.1,8.1,8.1,8.1,150,0
FOR,5,20210311,115000,8.07,8.07,8.07,8.07,400,0
FOR,5,20210311,115500,8.16,8.16,8.16,8.16,177,0
FOR,5,20210311,120000,8.16,8.16,8.16,8.16,5,0
FOR,5,20210311,120500,8.08,8.08,8.08,8.08,200,0
FOR,5,20210311,121000,8.16,8.19,8.16,8.19,1120,0
FOR,5,20210311,121500,8.19,8.19,8.19,8.19,100,0
FOR,5,20210311,122000,8.19,8.19,8.17,8.17,550,0
FOR,5,20210311,123000,8.1,8.1,8.08,8.08,130,0
FOR,5,20210311,124000,8.19,8.19,8.19,8.19,550,0
FOR,5,20210311,124500,8.19,8.19,8.19,8.19,950,0
FOR,5,20210311,125500,8.19,8.2,8.19,8.19,2424,0
FOR,5,20210311,130500,8.19,8.19,8.19,8.19,190,0
FOR,5,20210311,132500,8.12,8.12,8.12,8.12,444,0
FOR,5,20210311,135500,8.18,8.2,8.18,8.2,100,0
FOR,5,20210311,141000,8.13,8.13,8.12,8.12,500,0
FOR,5,20210311,142500,8.19,8.2,8.19,8.2,4959,0
FOR,5,20210311,143000,8.15,8.15,8.15,8.15,98,0
FOR,5,20210311,144500,8.15,8.15,8.14,8.14,2303,0
FOR,5,20210311,145000,8.18,8.18,8.18,8.18,125,0
FOR,5,20210311,151500,8.18,8.18,8.17,8.17,130,0
FOR,5,20210311,152500,8.2,8.21,8.2,8.21,130,0
FOR,5,20210311,160000,8.21,8.21,8.21,8.21,18,0
FOR,5,20210311,162500,8.21,8.21,8.21,8.21,82,0
FOR,5,20210311,164000,8.21,8.21,8.21,8.21,100,0
FOR,5,20210311,164500,8.23,8.23,8.23,8.23,1162,0
FOR,5,20210312,090000,8.2,8.2,8.2,8.2,400,0
FOR,5,20210312,090500,8.19,8.19,8.19,8.19,40,0
FOR,5,20210312,091000,8.17,8.24,8.15,8.24,2052,0
FOR,5,20210312,091500,8.2,8.25,8.2,8.25,1661,0
FOR,5,20210312,092000,8.25,8.25,8.25,8.25,50,0
FOR,5,20210312,092500,8.2,8.2,8.2,8.2,1450,0
FOR,5,20210312,093000,8.2,8.25,8.2,8.25,400,0
FOR,5,20210312,093500,8.2,8.2,8.2,8.2,1250,0
FOR,5,20210312,094000,8.2,8.25,8.2,8.25,461,0
FOR,5,20210312,095500,8.2,8.25,8.2,8.25,700,0
FOR,5,20210312,100000,8.25,8.28,8.2,8.2,1081,0
FOR,5,20210312,100500,8.3,8.43,8.3,8.43,1349,0
FOR,5,20210312,101000,8.38,8.38,8.26,8.26,167,0
FOR,5,20210312,101500,8.26,8.26,8.26,8.26,150,0
FOR,5,20210312,102000,8.26,8.26,8.26,8.26,52,0
FOR,5,20210312,102500,8.25,8.25,8.22,8.22,250,0
FOR,5,20210312,103000,8.21,8.21,8.2,8.2,360,0
FOR,5,20210312,103500,8.2,8.2,8.2,8.2,1450,0
FOR,5,20210312,104000,8.2,8.2,8.2,8.2,469,0
FOR,5,20210312,105500,8.2,8.2,8.2,8.2,200,0
FOR,5,20210312,111500,8.22,8.22,8.22,8.22,50,0
FOR,5,20210312,113000,8.21,8.21,8.21,8.21,161,0
FOR,5,20210312,114500,8.22,8.22,8.2,8.2,967,0
FOR,5,20210312,121500,8.22,8.22,8.22,8.22,277,0
FOR,5,20210312,130000,8.23,8.23,8.23,8.23,90,0
FOR,5,20210312,130500,8.23,8.23,8.23,8.23,21,0
FOR,5,20210312,132000,8.33,8.33,8.33,8.33,1,0
FOR,5,20210312,133500,8.33,8.33,8.33,8.33,1199,0
FOR,5,20210312,134000,8.34,8.38,8.34,8.38,940,0
FOR,5,20210312,140500,8.33,8.33,8.33,8.33,492,0
FOR,5,20210312,145000,8.38,8.38,8.38,8.38,200,0
FOR,5,20210312,150500,8.38,8.38,8.33,8.33,700,0
FOR,5,20210312,151000,8.39,8.39,8.39,8.39,145,0
FOR,5,20210312,152000,8.39,8.4,8.39,8.4,410,0
FOR,5,20210312,152500,8.39,8.39,8.33,8.33,53,0
FOR,5,20210312,153000,8.33,8.33,8.33,8.33,150,0
FOR,5,20210312,154000,8.4,8.4,8.4,8.4,180,0
FOR,5,20210312,154500,8.4,8.4,8.4,8.4,230,0
FOR,5,20210312,160500,8.4,8.53,8.4,8.53,6049,0
FOR,5,20210312,161000,8.53,8.53,8.53,8.53,500,0
FOR,5,20210312,161500,8.53,8.58,8.53,8.58,1041,0
FOR,5,20210312,162000,8.55,8.55,8.33,8.33,26240,0
FOR,5,20210312,162500,8.54,8.54,8.54,8.54,1,0
FOR,5,20210312,163000,8.35,8.35,8.35,8.35,119,0
FOR,5,20210312,163500,8.52,8.52,8.52,8.52,1,0
FOR,5,20210312,164000,8.5,8.53,8.5,8.53,598,0
FOR,5,20210312,164500,8.54,8.54,8.36,8.36,345,0
FOR,5,20210315,090000,8.6,8.6,8.55,8.55,631,0
FOR,5,20210315,091000,8.55,8.55,8.55,8.55,497,0
FOR,5,20210315,091500,8.5,8.5,8.5,8.5,477,0
FOR,5,20210315,093000,8.41,8.41,8.41,8.41,300,0
FOR,5,20210315,094000,8.41,8.5,8.41,8.41,767,0
FOR,5,20210315,101000,8.53,8.53,8.5,8.5,450,0
FOR,5,20210315,102000,8.52,8.52,8.43,8.43,1054,0
FOR,5,20210315,102500,8.5,8.5,8.5,8.5,97,0
FOR,5,20210315,103000,8.5,8.5,8.5,8.5,800,0
FOR,5,20210315,103500,8.5,8.5,8.5,8.5,310,0
FOR,5,20210315,104000,8.42,8.48,8.41,8.48,1788,0
FOR,5,20210315,104500,8.48,8.48,8.48,8.48,2000,0
FOR,5,20210315,105500,8.5,8.5,8.5,8.5,330,0
FOR,5,20210315,110500,8.49,8.49,8.48,8.48,1000,0
FOR,5,20210315,111000,8.48,8.48,8.48,8.48,400,0
FOR,5,20210315,112000,8.5,8.5,8.5,8.5,330,0
FOR,5,20210315,112500,8.52,8.52,8.52,8.52,200,0
FOR,5,20210315,113000,8.54,8.54,8.54,8.54,450,0
FOR,5,20210315,113500,8.54,8.54,8.48,8.48,446,0
FOR,5,20210315,115000,8.5,8.53,8.48,8.48,927,0
FOR,5,20210315,120000,8.54,8.54,8.54,8.54,120,0
FOR,5,20210315,121500,8.51,8.51,8.51,8.51,79,0
FOR,5,20210315,122000,8.54,8.54,8.54,8.54,500,0
FOR,5,20210315,122500,8.54,8.55,8.54,8.55,558,0
FOR,5,20210315,124500,8.55,8.55,8.55,8.55,1000,0
FOR,5,20210315,131500,8.51,8.53,8.5,8.53,250,0
FOR,5,20210315,132000,8.5,8.5,8.5,8.5,992,0
FOR,5,20210315,133000,8.5,8.5,8.48,8.48,900,0
FOR,5,20210315,134500,8.54,8.54,8.54,8.54,30,0
FOR,5,20210315,142000,8.52,8.52,8.5,8.5,579,0
FOR,5,20210315,144000,8.54,8.54,8.54,8.54,249,0
FOR,5,20210315,144500,8.55,8.55,8.55,8.55,100,0
FOR,5,20210315,145000,8.55,8.55,8.55,8.55,100,0
FOR,5,20210315,150000,8.55,8.55,8.55,8.55,475,0
FOR,5,20210315,151000,8.57,8.57,8.57,8.57,50,0
FOR,5,20210315,154500,8.55,8.55,8.54,8.54,320,0
FOR,5,20210315,160000,8.52,8.54,8.5,8.54,239,0
FOR,5,20210315,160500,8.56,8.56,8.56,8.56,50,0
FOR,5,20210315,162500,8.51,8.51,8.51,8.51,100,0
FOR,5,20210315,163500,8.51,8.51,8.51,8.51,265,0
FOR,5,20210315,164000,8.54,8.55,8.54,8.55,350,0
FOR,5,20210316,090000,8.55,8.55,8.49,8.49,451,0
FOR,5,20210316,092000,8.42,8.42,8.42,8.42,500,0
FOR,5,20210316,092500,8.42,8.42,8.42,8.42,800,0
FOR,5,20210316,093000,8.5,8.5,8.5,8.5,80,0
FOR,5,20210316,093500,8.5,8.5,8.5,8.5,3,0
FOR,5,20210316,095000,8.5,8.5,8.5,8.5,132,0
FOR,5,20210316,100000,8.5,8.5,8.5,8.5,118,0
FOR,5,20210316,100500,8.53,8.53,8.53,8.53,215,0
FOR,5,20210316,101000,8.53,8.54,8.53,8.54,1750,0
FOR,5,20210316,101500,8.53,8.53,8.53,8.53,50,0
FOR,5,20210316,102000,8.54,8.54,8.54,8.54,200,0
FOR,5,20210316,104500,8.53,8.53,8.53,8.53,50,0
FOR,5,20210316,110000,8.54,8.55,8.53,8.53,1600,0
FOR,5,20210316,110500,8.54,8.54,8.54,8.54,300,0
FOR,5,20210316,111000,8.53,8.53,8.53,8.53,160,0
FOR,5,20210316,112000,8.53,8.53,8.53,8.53,117,0
FOR,5,20210316,113000,8.53,8.53,8.53,8.53,2632,0
FOR,5,20210316,113500,8.54,8.59,8.54,8.57,1122,0
FOR,5,20210316,114000,8.58,8.58,8.58,8.58,38,0
FOR,5,20210316,115000,8.58,8.58,8.58,8.58,400,0
FOR,5,20210316,120500,8.54,8.54,8.54,8.54,150,0
FOR,5,20210316,122500,8.54,8.56,8.54,8.56,500,0
FOR,5,20210316,123000,8.56,8.56,8.56,8.56,140,0
FOR,5,20210316,124500,8.52,8.52,8.5,8.5,782,0
FOR,5,20210316,125500,8.44,8.44,8.42,8.42,300,0
FOR,5,20210316,130000,8.49,8.49,8.49,8.49,235,0
FOR,5,20210316,133000,8.42,8.42,8.4,8.4,524,0
FOR,5,20210316,134000,8.41,8.45,8.41,8.45,60,0
FOR,5,20210316,134500,8.5,8.5,8.5,8.5,300,0
FOR,5,20210316,135000,8.57,8.57,8.57,8.57,200,0
FOR,5,20210316,135500,8.5,8.5,8.5,8.5,400,0
FOR,5,20210316,142500,8.5,8.5,8.5,8.5,710,0
FOR,5,20210316,143000,8.45,8.45,8.4,8.4,300,0
FOR,5,20210316,145500,8.5,8.5,8.5,8.5,490,0
FOR,5,20210316,154000,8.5,8.5,8.5,8.5,800,0
FOR,5,20210316,161500,8.5,8.5,8.5,8.5,280,0
FOR,5,20210316,164500,8.43,8.43,8.43,8.43,150,0
FOR,5,20210317,090000,8.43,8.43,8.43,8.43,250,0
FOR,5,20210317,090500,8.53,8.53,8.53,8.53,50,0
FOR,5,20210317,092500,8.5,8.53,8.5,8.53,435,0
FOR,5,20210317,093000,8.53,8.53,8.5,8.5,150,0
FOR,5,20210317,093500,8.51,8.51,8.51,8.51,350,0
FOR,5,20210317,094000,8.51,8.51,8.51,8.51,330,0
FOR,5,20210317,094500,8.51,8.51,8.51,8.51,400,0
FOR,5,20210317,095000,8.52,8.52,8.52,8.52,50,0
FOR,5,20210317,095500,8.53,8.53,8.5,8.5,3651,0
FOR,5,20210317,100000,8.52,8.52,8.5,8.5,885,0
FOR,5,20210317,101000,8.5,8.5,8.5,8.5,370,0
FOR,5,20210317,101500,8.52,8.52,8.52,8.52,140,0
FOR,5,20210317,102000,8.52,8.52,8.52,8.52,4,0
FOR,5,20210317,103500,8.5,8.5,8.45,8.45,1350,0
FOR,5,20210317,105500,8.46,8.46,8.42,8.42,501,0
FOR,5,20210317,110000,8.42,8.42,8.42,8.42,310,0
FOR,5,20210317,112500,8.42,8.42,8.4,8.4,800,0
FOR,5,20210317,120500,8.45,8.45,8.45,8.45,80,0
FOR,5,20210317,122500,8.45,8.45,8.45,8.45,8,0
FOR,5,20210317,123500,8.48,8.51,8.48,8.51,2510,0
FOR,5,20210317,124000,8.45,8.45,8.45,8.45,400,0
FOR,5,20210317,124500,8.45,8.45,8.4,8.4,370,0
FOR,5,20210317,125000,8.34,8.34,8.33,8.33,1100,0
FOR,5,20210317,125500,8.34,8.34,8.33,8.33,1000,0
FOR,5,20210317,130000,8.33,8.33,8.33,8.33,200,0
FOR,5,20210317,130500,8.31,8.31,8.3,8.3,1100,0
FOR,5,20210317,131500,8.3,8.3,8.3,8.3,10,0
FOR,5,20210317,132000,8.4,8.4,8.4,8.4,300,0
FOR,5,20210317,132500,8.32,8.45,8.32,8.45,379,0
FOR,5,20210317,133500,8.38,8.38,8.32,8.32,1850,0
FOR,5,20210317,134500,8.32,8.32,8.32,8.32,491,0
FOR,5,20210317,140500,8.32,8.32,8.32,8.32,500,0
FOR,5,20210317,141500,8.32,8.32,8.32,8.32,1100,0
FOR,5,20210317,142500,8.32,8.32,8.3,8.3,2388,0
FOR,5,20210317,143000,8.28,8.38,8.03,8.38,8401,0
FOR,5,20210317,143500,8.37,8.37,8.37,8.37,162,0
FOR,5,20210317,144000,8.18,8.18,8.18,8.18,77,0
FOR,5,20210317,144500,8.2,8.2,8.2,8.2,300,0
FOR,5,20210317,151000,8.29,8.29,8.29,8.29,10,0
FOR,5,20210317,152000,8.29,8.29,8.29,8.29,213,0
FOR,5,20210317,153000,8.3,8.3,8.29,8.29,151,0
FOR,5,20210317,153500,8.3,8.3,8.3,8.3,2405,0
FOR,5,20210317,155000,8.3,8.3,8.29,8.29,1500,0
FOR,5,20210317,155500,8.3,8.3,8.3,8.3,321,0
FOR,5,20210317,160500,8.37,8.37,8.37,8.37,70,0
FOR,5,20210317,162000,8.4,8.4,8.4,8.4,100,0
FOR,5,20210317,165500,8.4,8.4,8.4,8.4,100,0
FOR,5,20210318,090000,8.4,8.4,8.4,8.4,50,0
FOR,5,20210318,092500,8.3,8.3,8.3,8.3,110,0
FOR,5,20210318,093000,8.3,8.3,8.3,8.3,110,0
FOR,5,20210318,095500,8.24,8.24,8.23,8.23,200,0
FOR,5,20210318,100500,8.25,8.25,8.25,8.25,100,0
FOR,5,20210318,102500,8.3,8.3,8.3,8.3,141,0
FOR,5,20210318,103000,8.3,8.3,8.3,8.3,63,0
FOR,5,20210318,104000,8.3,8.36,8.3,8.36,172,0
FOR,5,20210318,111000,8.36,8.36,8.36,8.36,269,0
FOR,5,20210318,111500,8.26,8.39,8.26,8.39,265,0
FOR,5,20210318,122000,8.39,8.39,8.39,8.39,105,0
FOR,5,20210318,122500,8.42,8.42,8.42,8.42,100,0
FOR,5,20210318,123500,8.48,8.48,8.48,8.48,20,0
FOR,5,20210318,135500,8.48,8.49,8.48,8.49,539,0
FOR,5,20210318,140000,8.49,8.5,8.49,8.5,604,0
FOR,5,20210318,141000,8.5,8.5,8.5,8.5,137,0
FOR,5,20210318,144500,8.35,8.35,8.31,8.31,345,0
FOR,5,20210318,154500,8.46,8.46,8.46,8.46,1,0
FOR,5,20210318,163000,8.4,8.4,8.4,8.4,281,0
FOR,5,20210318,164500,8.46,8.46,8.46,8.46,20,0
FOR,5,20210319,090000,8.45,8.45,8.35,8.35,210,0
FOR,5,20210319,093500,8.4,8.4,8.4,8.4,132,0
FOR,5,20210319,094500,8.35,8.35,8.33,8.33,2000,0
FOR,5,20210319,100000,8.38,8.4,8.38,8.4,1968,0
FOR,5,20210319,100500,8.41,8.43,8.41,8.43,20,0
FOR,5,20210319,101000,8.43,8.45,8.43,8.45,120,0
FOR,5,20210319,102500,8.46,8.48,8.46,8.48,310,0
FOR,5,20210319,103000,8.48,8.48,8.48,8.48,830,0
FOR,5,20210319,103500,8.49,8.49,8.49,8.49,318,0
FOR,5,20210319,104000,8.49,8.49,8.49,8.49,856,0
FOR,5,20210319,105000,8.49,8.49,8.49,8.49,936,0
FOR,5,20210319,105500,8.49,8.5,8.49,8.5,491,0
FOR,5,20210319,110000,8.49,8.5,8.49,8.5,1178,0
FOR,5,20210319,110500,8.48,8.48,8.48,8.48,110,0
FOR,5,20210319,111000,8.5,8.51,8.5,8.51,200,0
FOR,5,20210319,111500,8.54,8.54,8.54,8.54,490,0
FOR,5,20210319,112000,8.51,8.51,8.5,8.5,2812,0
FOR,5,20210319,113000,8.55,8.55,8.55,8.55,50,0
FOR,5,20210319,113500,8.57,8.58,8.55,8.55,750,0
FOR,5,20210319,114000,8.52,8.52,8.52,8.52,300,0
FOR,5,20210319,121000,8.52,8.52,8.52,8.52,535,0
FOR,5,20210319,123500,8.52,8.52,8.52,8.52,9,0
FOR,5,20210319,124000,8.52,8.52,8.52,8.52,291,0
FOR,5,20210319,125000,8.54,8.54,8.54,8.54,445,0
FOR,5,20210319,125500,8.5,8.5,8.5,8.5,2000,0
FOR,5,20210319,133500,8.52,8.52,8.52,8.52,265,0
FOR,5,20210319,135500,8.52,8.52,8.5,8.5,1500,0
FOR,5,20210319,140500,8.5,8.5,8.5,8.5,500,0
FOR,5,20210319,141500,8.5,8.5,8.48,8.48,2000,0
FOR,5,20210319,143000,8.48,8.48,8.48,8.48,320,0
FOR,5,20210319,151500,8.48,8.48,8.48,8.48,200,0
FOR,5,20210319,153000,8.5,8.5,8.5,8.5,1000,0
FOR,5,20210319,154000,8.5,8.5,8.5,8.5,766,0
FOR,5,20210319,154500,8.5,8.5,8.5,8.5,60,0
FOR,5,20210319,155000,8.52,8.52,8.52,8.52,358,0
FOR,5,20210319,160000,8.52,8.54,8.52,8.54,204,0
FOR,5,20210319,160500,8.52,8.52,8.52,8.52,719,0
FOR,5,20210319,161500,8.54,8.54,8.54,8.54,507,0
FOR,5,20210319,163000,8.54,8.56,8.54,8.56,616,0
FOR,5,20210319,163500,8.53,8.53,8.5,8.5,500,0
FOR,5,20210319,164500,8.55,8.55,8.55,8.55,10,0
FOR,5,20210322,090000,8.6,8.79,8.6,8.79,6725,0
FOR,5,20210322,090500,8.68,8.68,8.68,8.68,1500,0
FOR,5,20210322,091000,8.54,8.7,8.54,8.69,191,0
FOR,5,20210322,091500,8.68,8.68,8.68,8.68,225,0
FOR,5,20210322,092000,8.68,8.69,8.68,8.69,575,0
FOR,5,20210322,092500,8.69,8.69,8.69,8.69,115,0
FOR,5,20210322,093500,8.69,8.69,8.69,8.69,382,0
FOR,5,20210322,094000,8.69,8.69,8.69,8.69,129,0
FOR,5,20210322,094500,8.69,8.7,8.69,8.7,340,0
FOR,5,20210322,095000,8.7,8.7,8.69,8.69,550,0
FOR,5,20210322,100500,8.61,8.61,8.6,8.6,70,0
FOR,5,20210322,101000,8.7,8.77,8.7,8.77,1220,0
FOR,5,20210322,102000,8.75,8.76,8.75,8.76,571,0
FOR,5,20210322,102500,8.75,8.75,8.75,8.75,500,0
FOR,5,20210322,103500,8.75,8.76,8.6,8.6,2200,0
FOR,5,20210322,105000,8.74,8.74,8.74,8.74,70,0
FOR,5,20210322,105500,8.7,8.7,8.7,8.7,500,0
FOR,5,20210322,110500,8.72,8.76,8.7,8.7,1152,0
FOR,5,20210322,112000,8.7,8.7,8.7,8.7,28,0
FOR,5,20210322,113500,8.64,8.64,8.63,8.63,250,0
FOR,5,20210322,114000,8.63,8.7,8.6,8.7,1595,0
FOR,5,20210322,114500,8.7,8.7,8.7,8.7,452,0
FOR,5,20210322,115000,8.7,8.75,8.7,8.75,188,0
FOR,5,20210322,115500,8.75,8.75,8.75,8.75,502,0
FOR,5,20210322,120500,8.74,8.74,8.74,8.74,300,0
FOR,5,20210322,122000,8.7,8.7,8.7,8.7,58,0
FOR,5,20210322,122500,8.65,8.65,8.65,8.65,100,0
FOR,5,20210322,123500,8.65,8.65,8.65,8.65,55,0
FOR,5,20210322,125500,8.7,8.74,8.7,8.74,300,0
FOR,5,20210322,132000,8.7,8.7,8.7,8.7,100,0
FOR,5,20210322,134500,8.7,8.7,8.7,8.7,200,0
FOR,5,20210322,135000,8.66,8.66,8.65,8.65,662,0
FOR,5,20210322,135500,8.65,8.65,8.63,8.63,939,0
FOR,5,20210322,140500,8.63,8.63,8.63,8.63,1397,0
FOR,5,20210322,143000,8.63,8.63,8.62,8.62,120,0
FOR,5,20210322,144000,8.62,8.62,8.62,8.62,1259,0
FOR,5,20210322,144500,8.61,8.61,8.6,8.61,1810,0
FOR,5,20210322,145500,8.61,8.61,8.61,8.61,76,0
FOR,5,20210322,150000,8.61,8.61,8.6,8.6,349,0
FOR,5,20210322,154500,8.6,8.6,8.6,8.6,100,0
FOR,5,20210322,155500,8.65,8.65,8.6,8.6,260,0
FOR,5,20210322,160000,8.6,8.6,8.6,8.6,800,0
FOR,5,20210322,162000,8.6,8.6,8.6,8.6,748,0
FOR,5,20210322,163000,8.51,8.51,8.51,8.51,281,0
FOR,5,20210322,164000,8.51,8.51,8.51,8.51,270,0
FOR,5,20210322,164500,8.51,8.66,8.5,8.66,621,0
FOR,5,20210323,090000,8.14,8.49,8.14,8.25,14749,0
FOR,5,20210323,090500,8.25,8.29,8.22,8.25,2361,0
FOR,5,20210323,091000,8.25,8.25,8.16,8.16,5253,0
FOR,5,20210323,091500,8.2,8.2,8.16,8.2,1223,0
FOR,5,20210323,092000,8.2,8.29,8.18,8.28,1537,0
FOR,5,20210323,092500,8.28,8.33,8.25,8.25,4145,0
FOR,5,20210323,093000,8.24,8.34,8.24,8.34,2303,0
FOR,5,20210323,093500,8.34,8.37,8.34,8.37,427,0
FOR,5,20210323,094000,8.37,8.37,8.34,8.34,723,0
FOR,5,20210323,094500,8.31,8.31,8.28,8.28,712,0
FOR,5,20210323,095000,8.32,8.32,8.3,8.32,811,0
FOR,5,20210323,095500,8.32,8.32,8.27,8.27,2284,0
FOR,5,20210323,100000,8.3,8.3,8.3,8.3,310,0
FOR,5,20210323,100500,8.3,8.3,8.3,8.3,290,0
FOR,5,20210323,101000,8.3,8.3,8.3,8.3,200,0
FOR,5,20210323,101500,8.27,8.27,8.27,8.27,532,0
FOR,5,20210323,102000,8.27,8.27,8.24,8.24,1600,0
FOR,5,20210323,102500,8.23,8.23,8.2,8.2,2203,0
FOR,5,20210323,103000,8.29,8.29,8.29,8.29,100,0
FOR,5,20210323,103500,8.28,8.28,8.28,8.28,400,0
FOR,5,20210323,105000,8.25,8.25,8.25,8.25,2660,0
FOR,5,20210323,105500,8.25,8.27,8.25,8.25,1026,0
FOR,5,20210323,110000,8.28,8.4,8.28,8.4,4451,0
FOR,5,20210323,110500,8.4,8.4,8.4,8.4,200,0
FOR,5,20210323,111000,8.39,8.39,8.39,8.39,7,0
FOR,5,20210323,111500,8.36,8.36,8.36,8.36,200,0
FOR,5,20210323,112000,8.37,8.37,8.37,8.37,830,0
FOR,5,20210323,112500,8.37,8.43,8.37,8.43,5238,0
FOR,5,20210323,113000,8.43,8.45,8.43,8.45,264,0
FOR,5,20210323,114000,8.43,8.43,8.4,8.4,11264,0
FOR,5,20210323,114500,8.4,8.4,8.4,8.4,2200,0
FOR,5,20210323,115000,8.4,8.4,8.4,8.4,238,0
FOR,5,20210323,120500,8.32,8.32,8.32,8.32,221,0
FOR,5,20210323,121000,8.4,8.4,8.4,8.4,12,0
FOR,5,20210323,121500,8.42,8.42,8.42,8.42,2,0
FOR,5,20210323,123000,8.4,8.4,8.4,8.4,2200,0
FOR,5,20210323,130500,8.41,8.42,8.41,8.42,120,0
FOR,5,20210323,131000,8.41,8.41,8.41,8.41,75,0
FOR,5,20210323,133000,8.42,8.42,8.42,8.42,120,0
FOR,5,20210323,135000,8.43,8.43,8.43,8.43,119,0
FOR,5,20210323,140500,8.41,8.41,8.41,8.41,150,0
FOR,5,20210323,143000,8.43,8.43,8.43,8.43,329,0
FOR,5,20210323,143500,8.44,8.44,8.44,8.44,1,0
FOR,5,20210323,144500,8.41,8.41,8.41,8.41,108,0
FOR,5,20210323,150500,8.41,8.41,8.4,8.4,1000,0
FOR,5,20210323,152500,8.42,8.42,8.42,8.42,300,0
FOR,5,20210323,153000,8.44,8.49,8.44,8.49,470,0
FOR,5,20210323,155500,8.43,8.43,8.43,8.43,1000,0
FOR,5,20210323,160000,8.43,8.43,8.42,8.42,470,0
FOR,5,20210323,161500,8.42,8.42,8.4,8.4,500,0
FOR,5,20210323,165500,8.4,8.4,8.4,8.4,1153,0
FOR,5,20210324,090000,8.43,8.5,8.43,8.44,3350,0
FOR,5,20210324,090500,8.44,8.44,8.44,8.44,1000,0
FOR,5,20210324,091000,8.43,8.43,8.43,8.43,2013,0
FOR,5,20210324,092000,8.41,8.43,8.41,8.41,739,0
FOR,5,20210324,093500,8.41,8.41,8.4,8.41,1187,0
FOR,5,20210324,094500,8.4,8.5,8.4,8.5,5000,0
FOR,5,20210324,095500,8.48,8.48,8.48,8.48,50,0
FOR,5,20210324,100000,8.48,8.48,8.48,8.48,350,0
FOR,5,20210324,101500,8.49,8.5,8.49,8.5,1000,0
FOR,5,20210324,102000,8.5,8.5,8.5,8.5,1033,0
FOR,5,20210324,102500,8.5,8.5,8.4,8.4,121,0
FOR,5,20210324,103000,8.53,8.53,8.53,8.53,50,0
FOR,5,20210324,104000,8.53,8.53,8.45,8.45,210,0
FOR,5,20210324,110500,8.5,8.5,8.5,8.5,1,0
FOR,5,20210324,120000,8.5,8.5,8.5,8.5,359,0
FOR,5,20210324,121000,8.52,8.52,8.52,8.52,93,0
FOR,5,20210324,121500,8.5,8.5,8.4,8.4,97,0
FOR,5,20210324,123500,8.41,8.41,8.41,8.41,640,0
FOR,5,20210324,124500,8.4,8.41,8.4,8.41,660,0
FOR,5,20210324,125000,8.41,8.53,8.41,8.53,5006,0
FOR,5,20210324,125500,8.54,8.56,8.51,8.51,2609,0
FOR,5,20210324,130000,8.56,8.6,8.52,8.59,2032,0
FOR,5,20210324,131000,8.58,8.58,8.58,8.58,360,0
FOR,5,20210324,131500,8.58,8.58,8.58,8.58,400,0
FOR,5,20210324,132000,8.58,8.58,8.58,8.58,3000,0
FOR,5,20210324,132500,8.58,8.59,8.58,8.59,1530,0
FOR,5,20210324,133000,8.58,8.58,8.58,8.58,50,0
FOR,5,20210324,133500,8.58,8.58,8.53,8.58,823,0
FOR,5,20210324,135500,8.58,8.59,8.58,8.59,3400,0
FOR,5,20210324,140000,8.59,8.59,8.59,8.59,60,0
FOR,5,20210324,141000,8.59,8.59,8.59,8.59,150,0
FOR,5,20210324,141500,8.59,8.59,8.59,8.59,950,0
FOR,5,20210324,144000,8.57,8.57,8.57,8.57,418,0
FOR,5,20210324,145000,8.57,8.58,8.57,8.58,100,0
FOR,5,20210324,152000,8.55,8.55,8.53,8.55,841,0
FOR,5,20210324,153000,8.55,8.55,8.55,8.55,1000,0
FOR,5,20210324,153500,8.54,8.54,8.54,8.54,1000,0
FOR,5,20210324,154500,8.54,8.54,8.54,8.54,85,0
FOR,5,20210324,155000,8.54,8.54,8.54,8.54,84,0
FOR,5,20210324,160500,8.53,8.53,8.5,8.5,1000,0
FOR,5,20210324,161500,8.5,8.5,8.5,8.5,513,0
FOR,5,20210324,162000,8.54,8.54,8.54,8.54,1331,0
FOR,5,20210324,162500,8.5,8.5,8.5,8.5,100,0
FOR,5,20210324,163000,8.51,8.51,8.51,8.51,72,0
FOR,5,20210324,164000,8.5,8.5,8.5,8.5,130,0
FOR,5,20210324,165500,8.55,8.55,8.55,8.55,822,0
FOR,5,20210325,090000,8.54,8.54,8.54,8.54,500,0
FOR,5,20210325,090500,8.54,8.54,8.54,8.54,385,0
FOR,5,20210325,091000,8.54,8.54,8.54,8.54,115,0
FOR,5,20210325,091500,8.54,8.54,8.54,8.54,85,0
FOR,5,20210325,092500,8.5,8.5,8.5,8.5,230,0
FOR,5,20210325,094000,8.54,8.54,8.54,8.54,64,0
FOR,5,20210325,094500,8.5,8.5,8.5,8.5,1950,0
FOR,5,20210325,095000,8.43,8.43,8.4,8.4,2200,0
FOR,5,20210325,100000,8.4,8.4,8.3,8.3,1530,0
FOR,5,20210325,102000,8.36,8.4,8.36,8.4,800,0
FOR,5,20210325,103000,8.45,8.5,8.45,8.5,620,0
FOR,5,20210325,103500,8.5,8.53,8.5,8.53,1002,0
FOR,5,20210325,104000,8.5,8.5,8.5,8.5,5020,0
FOR,5,20210325,104500,8.42,8.42,8.42,8.42,392,0
FOR,5,20210325,105000,8.42,8.42,8.41,8.41,400,0
FOR,5,20210325,112000,8.4,8.4,8.4,8.4,555,0
FOR,5,20210325,121000,8.43,8.43,8.42,8.42,550,0
FOR,5,20210325,125500,8.46,8.46,8.46,8.46,101,0
FOR,5,20210325,131000,8.4,8.4,8.4,8.4,235,0
FOR,5,20210325,131500,8.4,8.4,8.4,8.4,15,0
FOR,5,20210325,133000,8.42,8.42,8.42,8.42,60,0
FOR,5,20210325,134500,8.4,8.4,8.24,8.24,2338,0
FOR,5,20210325,135500,8.4,8.4,8.4,8.4,10,0
FOR,5,20210325,140000,8.25,8.25,8.25,8.25,1000,0
FOR,5,20210325,142000,8.27,8.27,8.27,8.27,150,0
FOR,5,20210325,142500,8.37,8.37,8.27,8.27,140,0
FOR,5,20210325,144000,8.28,8.38,8.28,8.38,805,0
FOR,5,20210325,144500,8.39,8.39,8.39,8.39,50,0
FOR,5,20210325,145000,8.38,8.38,8.3,8.3,350,0
FOR,5,20210325,150500,8.4,8.4,8.4,8.4,1,0
FOR,5,20210325,151000,8.33,8.33,8.32,8.32,1378,0
FOR,5,20210325,152000,8.32,8.32,8.3,8.3,2288,0
FOR,5,20210325,154500,8.32,8.32,8.3,8.3,2325,0
FOR,5,20210325,155000,8.3,8.3,8.3,8.3,300,0
FOR,5,20210325,161000,8.3,8.3,8.3,8.3,577,0
FOR,5,20210325,164000,8.3,8.3,8.3,8.3,150,0
FOR,5,20210325,165500,8.39,8.39,8.39,8.39,1001,0
FOR,5,20210326,091000,8.26,8.36,8.26,8.36,421,0
FOR,5,20210326,093000,8.29,8.29,8.29,8.29,1123,0
FOR,5,20210326,094000,8.28,8.28,8.28,8.28,400,0
FOR,5,20210326,094500,8.36,8.39,8.36,8.39,200,0
FOR,5,20210326,100000,8.39,8.39,8.39,8.39,10,0
FOR,5,20210326,101000,8.3,8.3,8.3,8.3,60,0
FOR,5,20210326,103000,8.32,8.32,8.32,8.32,1000,0
FOR,5,20210326,111000,8.33,8.33,8.3,8.3,7552,0
FOR,5,20210326,111500,8.27,8.27,8.27,8.27,10,0
FOR,5,20210326,112000,8.3,8.3,8.3,8.3,59,0
FOR,5,20210326,112500,8.3,8.3,8.3,8.3,478,0
FOR,5,20210326,115000,8.29,8.29,8.28,8.28,1760,0
FOR,5,20210326,120000,8.27,8.27,8.25,8.25,814,0
FOR,5,20210326,120500,8.26,8.26,8.2,8.2,1050,0
FOR,5,20210326,121000,8.21,8.21,8.2,8.2,1800,0
FOR,5,20210326,121500,8.28,8.28,8.28,8.28,50,0
FOR,5,20210326,122000,8.25,8.25,8.25,8.25,150,0
FOR,5,20210326,122500,8.25,8.25,8.25,8.25,500,0
FOR,5,20210326,123000,8.21,8.21,8.2,8.2,607,0
FOR,5,20210326,130000,8.21,8.21,8.21,8.21,800,0
FOR,5,20210326,130500,8.25,8.25,8.25,8.25,700,0
FOR,5,20210326,131500,8.24,8.24,8.22,8.22,3135,0
FOR,5,20210326,133500,8.2,8.2,8.2,8.2,60,0
FOR,5,20210326,135000,8.21,8.21,8.2,8.2,1350,0
FOR,5,20210326,135500,8.22,8.22,8.22,8.22,1973,0
FOR,5,20210326,140500,8.21,8.21,8.2,8.2,750,0
FOR,5,20210326,141500,8.29,8.29,8.29,8.29,302,0
FOR,5,20210326,144500,8.2,8.2,8.2,8.2,99,0
FOR,5,20210326,152000,8.3,8.31,8.2,8.2,3459,0
FOR,5,20210326,153000,8.2,8.2,8.2,8.2,400,0
FOR,5,20210326,154000,8.2,8.2,8.2,8.2,155,0
FOR,5,20210326,154500,8.2,8.21,8.2,8.2,670,0
FOR,5,20210326,155000,8.3,8.3,8.2,8.3,311,0
FOR,5,20210326,162500,8.2,8.2,8.18,8.18,853,0
FOR,5,20210326,163000,8.19,8.19,8.19,8.19,1085,0
FOR,5,20210326,163500,8.19,8.19,8.19,8.19,282,0
FOR,5,20210326,164500,8.25,8.28,8.25,8.27,748,0
