<TICKER>,<PER>,<DATE>,<TIME>,<OPEN>,<HIGH>,<LOW>,<CLOSE>,<VOL>,<OPENINT>
FPO,5,20210204,095500,1.53,1.53,1.53,1.53,1000,0
FPO,5,20210204,100000,1.53,1.53,1.53,1.53,4274,0
FPO,5,20210204,100500,1.53,1.53,1.53,1.53,2000,0
FPO,5,20210204,113000,1.53,1.53,1.53,1.53,1953,0
FPO,5,20210204,125500,1.53,1.58,1.53,1.58,123,0
FPO,5,20210204,131500,1.62,1.62,1.62,1.62,700,0
FPO,5,20210204,132000,1.62,1.62,1.62,1.62,300,0
FPO,5,20210205,092000,1.5,1.5,1.5,1.5,50,0
FPO,5,20210205,092500,1.48,1.48,1.46,1.46,1949,0
FPO,5,20210205,100000,1.47,1.47,1.45,1.45,346,0
FPO,5,20210205,164500,1.53,1.53,1.53,1.53,1,0
FPO,5,20210208,090500,1.49,1.49,1.47,1.47,1995,0
FPO,5,20210208,091000,1.42,1.42,1.42,1.42,50,0
FPO,5,20210208,131500,1.49,1.5,1.49,1.5,50,0
FPO,5,20210209,090000,1.49,1.49,1.49,1.49,400,0
FPO,5,20210209,094000,1.42,1.42,1.42,1.42,20,0
FPO,5,20210209,095500,1.42,1.42,1.42,1.42,20,0
FPO,5,20210209,104000,1.42,1.42,1.42,1.42,50,0
FPO,5,20210209,104500,1.41,1.41,1.41,1.41,100,0
FPO,5,20210209,110000,1.41,1.41,1.41,1.41,120,0
FPO,5,20210209,112500,1.37,1.37,1.37,1.37,610,0
FPO,5,20210209,114000,1.37,1.37,1.37,1.37,614,0
FPO,5,20210209,121500,1.37,1.37,1.37,1.37,900,0
FPO,5,20210209,130000,1.41,1.41,1.41,1.41,400,0
FPO,5,20210210,101500,1.46,1.48,1.46,1.48,130,0
FPO,5,20210210,115000,1.4,1.4,1.4,1.4,174,0
FPO,5,20210210,131500,1.47,1.49,1.47,1.49,1000,0
FPO,5,20210210,132000,1.49,1.53,1.49,1.53,516,0
FPO,5,20210210,142000,1.54,1.54,1.43,1.43,351,0
FPO,5,20210210,160000,1.49,1.5,1.49,1.5,500,0
FPO,5,20210210,161000,1.5,1.5,1.5,1.5,321,0
FPO,5,20210210,162500,1.54,1.55,1.54,1.55,150,0
FPO,5,20210210,163000,1.57,1.58,1.57,1.58,200,0
FPO,5,20210210,163500,1.56,1.56,1.56,1.56,665,0
FPO,5,20210210,164500,1.58,1.58,1.56,1.56,500,0
FPO,5,20210211,090000,1.51,1.51,1.51,1.51,500,0
FPO,5,20210211,091000,1.51,1.51,1.51,1.51,218,0
FPO,5,20210211,091500,1.55,1.66,1.55,1.66,1716,0
FPO,5,20210211,105000,1.58,1.58,1.55,1.55,80,0
FPO,5,20210211,105500,1.55,1.55,1.55,1.55,1,0
FPO,5,20210211,112500,1.55,1.55,1.55,1.55,19,0
FPO,5,20210211,113000,1.64,1.65,1.64,1.65,52,0
FPO,5,20210211,115500,1.65,1.65,1.65,1.65,2500,0
FPO,5,20210211,120000,1.66,1.67,1.66,1.67,1028,0
FPO,5,20210211,132000,1.61,1.61,1.61,1.61,500,0
FPO,5,20210211,134500,1.65,1.67,1.65,1.67,1200,0
FPO,5,20210211,141500,1.67,1.68,1.67,1.68,942,0
FPO,5,20210211,143500,1.68,1.7,1.68,1.7,400,0
FPO,5,20210211,153500,1.7,1.7,1.7,1.7,2000,0
FPO,5,20210211,154000,1.7,1.7,1.7,1.7,365,0
FPO,5,20210211,154500,1.74,1.74,1.74,1.74,10,0
FPO,5,20210211,155000,1.7,1.7,1.7,1.7,1735,0
FPO,5,20210211,160500,1.74,1.79,1.74,1.79,1500,0
FPO,5,20210211,161000,1.79,1.79,1.79,1.79,200,0
FPO,5,20210212,090000,1.76,1.76,1.76,1.76,500,0
FPO,5,20210212,091000,1.7,1.7,1.7,1.7,90,0
FPO,5,20210212,091500,1.7,1.7,1.7,1.7,180,0
FPO,5,20210212,092500,1.79,1.79,1.79,1.79,10,0
FPO,5,20210212,093000,1.77,1.77,1.77,1.77,10,0
FPO,5,20210212,093500,1.71,1.71,1.71,1.71,20,0
FPO,5,20210212,100000,1.77,1.77,1.77,1.77,50,0
FPO,5,20210212,101500,1.77,1.77,1.77,1.77,627,0
FPO,5,20210212,102000,1.77,1.77,1.77,1.77,150,0
FPO,5,20210212,102500,1.77,1.79,1.77,1.79,346,0
FPO,5,20210212,103000,1.79,1.82,1.79,1.82,1000,0
FPO,5,20210212,103500,1.82,1.87,1.82,1.87,104,0
FPO,5,20210212,104500,1.83,1.87,1.83,1.87,1100,0
FPO,5,20210212,121000,1.86,1.98,1.86,1.96,4141,0
FPO,5,20210212,122000,2.1,2.1,2.1,2.1,50,0
FPO,5,20210212,123500,2.08,2.08,2.08,2.08,1000,0
FPO,5,20210212,124500,1.86,2.02,1.86,2.02,1565,0
FPO,5,20210212,125000,2.02,2.02,2.02,2.02,30,0
FPO,5,20210212,132500,1.92,1.92,1.88,1.88,590,0
FPO,5,20210212,133000,2,2,2,2,500,0
FPO,5,20210212,141000,1.9,2.02,1.9,2.02,7091,0
FPO,5,20210212,141500,2.04,2.04,2.04,2.04,50,0
FPO,5,20210212,142500,2.02,2.02,2.02,2.02,2394,0
FPO,5,20210212,145500,2.06,2.1,2.06,2.1,1025,0
FPO,5,20210212,161000,2.06,2.06,2.06,2.06,42,0
FPO,5,20210212,161500,2.06,2.06,2.06,2.06,50,0
FPO,5,20210212,163500,1.98,1.98,1.96,1.96,473,0
FPO,5,20210212,164500,1.96,1.96,1.96,1.96,178,0
FPO,5,20210215,090000,2,2,2,2,100,0
FPO,5,20210215,092500,1.96,2,1.96,2,2369,0
FPO,5,20210215,093000,2.06,2.06,2.06,2.06,426,0
FPO,5,20210215,094000,2.06,2.06,2.06,2.06,301,0
FPO,5,20210215,100500,2,2,2,2,3173,0
FPO,5,20210215,101000,2,2.16,2,2.16,2510,0
FPO,5,20210215,102000,2.16,2.16,2.16,2.16,100,0
FPO,5,20210215,103000,2.16,2.4,2.16,2.4,886,0
FPO,5,20210215,112000,2.34,2.34,2.34,2.34,282,0
FPO,5,20210215,112500,2.4,2.4,2.4,2.4,1250,0
FPO,5,20210215,113000,2.4,2.4,2.4,2.4,980,0
FPO,5,20210215,114500,2.34,2.34,2.34,2.34,2003,0
FPO,5,20210215,115500,2.34,2.34,2.34,2.34,750,0
FPO,5,20210215,123500,2.2,2.2,2.2,2.2,1000,0
FPO,5,20210215,125000,2.2,2.2,2.12,2.12,1000,0
FPO,5,20210215,162500,2.28,2.28,2.28,2.28,10,0
FPO,5,20210215,164500,2.28,2.28,2.28,2.28,10,0
FPO,5,20210216,093000,2.2,2.2,1.9,1.9,2220,0
FPO,5,20210216,093500,1.9,2.14,1.86,2.14,1301,0
FPO,5,20210216,095000,1.85,1.85,1.81,1.81,3000,0
FPO,5,20210216,101500,1.99,1.99,1.99,1.99,80,0
FPO,5,20210216,102500,1.84,1.84,1.84,1.84,1,0
FPO,5,20210216,104500,1.84,1.84,1.84,1.84,90,0
FPO,5,20210216,110500,1.84,1.84,1.81,1.81,2000,0
FPO,5,20210216,112500,1.84,1.84,1.84,1.84,120,0
FPO,5,20210216,113000,1.9,1.9,1.9,1.9,204,0
FPO,5,20210216,115000,1.85,1.85,1.85,1.85,655,0
FPO,5,20210216,121500,1.86,1.86,1.81,1.81,1445,0
FPO,5,20210216,124000,1.82,1.82,1.82,1.82,50,0
FPO,5,20210216,124500,1.82,1.82,1.82,1.82,27,0
FPO,5,20210216,125000,1.88,1.98,1.88,1.98,1005,0
FPO,5,20210216,152500,1.83,1.83,1.76,1.76,5523,0
FPO,5,20210216,154500,1.65,1.66,1.62,1.62,5004,0
FPO,5,20210216,155000,1.65,1.65,1.64,1.64,1545,0
FPO,5,20210216,155500,1.7,1.77,1.7,1.77,3150,0
FPO,5,20210216,161000,1.76,1.76,1.76,1.76,300,0
FPO,5,20210216,161500,1.77,1.8,1.77,1.8,895,0
FPO,5,20210216,164000,1.79,1.79,1.79,1.79,450,0
FPO,5,20210217,090500,1.79,1.8,1.79,1.8,600,0
FPO,5,20210217,091000,1.79,1.8,1.79,1.8,850,0
FPO,5,20210217,092500,1.79,1.79,1.76,1.76,450,0
FPO,5,20210217,101500,1.76,1.8,1.75,1.8,1087,0
FPO,5,20210217,115000,1.8,1.8,1.8,1.8,488,0
FPO,5,20210217,141500,1.91,1.91,1.91,1.91,10,0
FPO,5,20210217,145000,1.89,1.92,1.89,1.92,827,0
FPO,5,20210218,095000,1.78,1.78,1.78,1.78,800,0
FPO,5,20210218,095500,1.87,1.89,1.87,1.89,100,0
FPO,5,20210218,102000,1.81,1.81,1.81,1.81,50,0
FPO,5,20210218,105500,1.89,1.89,1.89,1.89,6,0
FPO,5,20210218,110000,1.89,1.89,1.89,1.89,650,0
FPO,5,20210218,112500,1.89,1.89,1.89,1.89,807,0
FPO,5,20210218,114500,1.83,1.83,1.83,1.83,1000,0
FPO,5,20210218,154500,1.83,1.83,1.82,1.82,700,0
FPO,5,20210218,155000,1.88,1.88,1.88,1.88,60,0
FPO,5,20210218,164500,1.82,1.82,1.82,1.82,566,0
FPO,5,20210219,091500,1.77,1.77,1.77,1.77,7,0
FPO,5,20210219,092500,1.87,1.88,1.8,1.8,1130,0
FPO,5,20210219,093000,1.88,1.93,1.88,1.93,1370,0
FPO,5,20210219,101500,1.81,1.81,1.81,1.81,110,0
FPO,5,20210219,124000,1.91,1.93,1.91,1.93,898,0
FPO,5,20210219,164000,1.92,1.94,1.92,1.94,2913,0
FPO,5,20210222,090000,2,2,2,2,4,0
FPO,5,20210222,090500,2,2.12,2,2.12,81,0
FPO,5,20210222,091500,2.06,2.08,2.06,2.08,80,0
FPO,5,20210222,093000,2.08,2.1,2.08,2.1,100,0
FPO,5,20210222,112500,2.04,2.04,2.04,2.04,900,0
FPO,5,20210222,130500,1.91,1.91,1.91,1.91,1500,0
FPO,5,20210222,142000,1.99,2,1.99,2,60,0
FPO,5,20210222,150000,1.91,1.91,1.8,1.8,456,0
FPO,5,20210222,152000,1.96,1.96,1.96,1.96,80,0
FPO,5,20210222,155000,1.95,1.95,1.95,1.95,4,0
FPO,5,20210223,091000,1.93,2.2,1.93,2.2,7000,0
FPO,5,20210223,091500,1.9,1.9,1.9,1.9,10,0
FPO,5,20210223,094500,2.12,2.12,2.12,2.12,10,0
FPO,5,20210223,114000,1.85,1.85,1.85,1.85,10,0
FPO,5,20210223,121000,2.06,2.06,2.06,2.06,33,0
FPO,5,20210223,164500,2.02,2.02,2.02,2.02,42,0
FPO,5,20210224,100000,2.02,2.1,2.02,2.1,1415,0
FPO,5,20210224,100500,1.82,1.82,1.82,1.82,10,0
FPO,5,20210224,104500,2.2,2.3,2.2,2.3,60,0
FPO,5,20210224,111500,2.28,2.3,2.28,2.3,1237,0
FPO,5,20210224,112500,2.3,2.3,2.3,2.3,162,0
FPO,5,20210224,120500,2.26,2.26,2.26,2.26,78,0
FPO,5,20210224,121000,2.26,2.26,2.26,2.26,50,0
FPO,5,20210224,123500,2.1,2.1,2,2,1050,0
FPO,5,20210224,133500,2.2,2.24,2.2,2.24,30,0
FPO,5,20210224,141000,2.2,2.24,2.2,2.24,20,0
FPO,5,20210224,161000,2.1,2.1,2.1,2.1,500,0
FPO,5,20210224,162500,2.02,2.02,2,2,914,0
FPO,5,20210225,104500,2.1,2.18,2.1,2.18,722,0
FPO,5,20210225,111500,2.18,2.18,2.18,2.18,50,0
FPO,5,20210225,141500,2.18,2.36,2.18,2.36,228,0
FPO,5,20210226,090000,2.2,2.2,2.1,2.1,1131,0
FPO,5,20210226,090500,2.08,2.32,2.06,2.32,869,0
FPO,5,20210226,104500,2.08,2.08,2.08,2.08,169,0
FPO,5,20210226,110000,2.1,2.1,2.08,2.08,800,0
FPO,5,20210226,110500,2.08,2.08,2.08,2.08,589,0
FPO,5,20210226,122000,2.02,2.24,2.02,2.24,611,0
FPO,5,20210226,124000,2.12,2.12,2,2,500,0
FPO,5,20210226,131000,2.2,2.2,2.2,2.2,50,0
FPO,5,20210226,141000,2.06,2.06,2.06,2.06,80,0
FPO,5,20210226,142000,2.24,2.34,2.24,2.34,5518,0
FPO,5,20210226,142500,2.32,2.32,2.32,2.32,1482,0
FPO,5,20210301,090000,2.34,2.34,2.34,2.34,10,0
FPO,5,20210301,091000,2.34,2.34,2.34,2.34,440,0
FPO,5,20210301,092500,2.38,2.4,2.38,2.4,450,0
FPO,5,20210301,093000,2.4,2.62,2.4,2.62,569,0
FPO,5,20210301,093500,2.62,2.74,2.62,2.74,26,0
FPO,5,20210301,095500,2.34,2.34,2.34,2.34,500,0
FPO,5,20210301,104500,2.28,2.28,2.28,2.28,20,0
FPO,5,20210301,105000,2.28,2.28,2.28,2.28,80,0
FPO,5,20210301,110000,2.42,2.42,2.42,2.42,500,0
FPO,5,20210301,121500,2.32,2.32,2.32,2.32,2541,0
FPO,5,20210301,122000,2.48,2.48,2.48,2.48,10,0
FPO,5,20210301,153000,2.44,2.44,2.44,2.44,25,0
FPO,5,20210301,154000,2.44,2.44,2.44,2.44,375,0
FPO,5,20210301,163000,2.48,2.5,2.48,2.5,16,0
FPO,5,20210302,090000,2.2,2.2,2.2,2.2,50,0
FPO,5,20210302,094000,2.34,2.5,2.34,2.5,100,0
FPO,5,20210302,095500,2.48,2.48,2.48,2.48,20,0
FPO,5,20210302,100500,2.48,2.48,2.48,2.48,80,0
FPO,5,20210302,101500,2.32,2.32,2.32,2.32,5,0
FPO,5,20210302,102000,2.32,2.32,2.32,2.32,45,0
FPO,5,20210302,105000,2.46,2.46,2.46,2.46,20,0
FPO,5,20210302,113000,2.32,2.32,2.32,2.32,1000,0
FPO,5,20210302,125500,2.44,2.44,2.44,2.44,6,0
FPO,5,20210302,130000,2.2,2.2,2.04,2.04,2100,0
FPO,5,20210302,130500,2.06,2.06,2,2,4215,0
FPO,5,20210302,134500,2.28,2.28,2.28,2.28,55,0
FPO,5,20210302,154500,2.16,2.16,2.16,2.16,431,0
FPO,5,20210302,162000,2.2,2.28,2.2,2.28,550,0
FPO,5,20210302,164000,2.28,2.28,2.28,2.28,200,0
FPO,5,20210303,101500,2.14,2.14,2.14,2.14,5,0
FPO,5,20210303,102000,2.14,2.14,2.14,2.14,104,0
FPO,5,20210303,102500,2.14,2.14,2.14,2.14,360,0
FPO,5,20210303,120500,2.1,2.1,2.1,2.1,23,0
FPO,5,20210303,135000,2.1,2.1,2.1,2.1,50,0
FPO,5,20210303,152500,2.1,2.1,2.1,2.1,500,0
FPO,5,20210304,090000,2.02,2.02,2.02,2.02,50,0
FPO,5,20210304,124000,2.02,2.08,2.02,2.08,50,0
FPO,5,20210304,161500,2.2,2.2,2.2,2.2,4,0
FPO,5,20210305,114500,2.18,2.18,2.18,2.18,2000,0
FPO,5,20210305,120000,2.04,2.04,1.9,1.9,1000,0
FPO,5,20210305,120500,2.1,2.16,2.1,2.16,100,0
FPO,5,20210305,152500,2.16,2.3,2.16,2.3,1800,0
FPO,5,20210305,155000,2.3,2.3,2.3,2.3,100,0
FPO,5,20210305,160000,2.12,2.14,2.12,2.14,995,0
FPO,5,20210305,164500,2.28,2.28,2.28,2.28,1,0
FPO,5,20210308,095000,2.28,2.3,2.28,2.3,66,0
FPO,5,20210308,095500,2.28,2.3,2.28,2.3,536,0
FPO,5,20210308,123500,2.28,2.3,2.28,2.3,36,0
FPO,5,20210308,135500,2.24,2.24,2.22,2.22,600,0
FPO,5,20210308,140000,2.2,2.2,2,2,1400,0
FPO,5,20210308,153000,2.06,2.2,2.06,2.16,645,0
FPO,5,20210309,102000,2.16,2.16,2.16,2.16,10,0
FPO,5,20210309,112500,2.16,2.16,2.16,2.16,505,0
FPO,5,20210309,123500,2.1,2.1,1.98,2.02,1473,0
FPO,5,20210309,142500,2.1,2.12,2.1,2.12,22,0
FPO,5,20210309,151500,2.14,2.16,2.14,2.16,500,0
FPO,5,20210310,091000,2.16,2.16,2.16,2.16,20,0
FPO,5,20210310,095500,2.08,2.08,2.06,2.06,3000,0
FPO,5,20210310,100000,2.16,2.16,2.16,2.16,4840,0
FPO,5,20210310,101500,2.26,2.3,2.26,2.3,50,0
FPO,5,20210310,124000,2.28,2.5,2.28,2.5,2390,0
FPO,5,20210310,125500,2.5,2.5,2.5,2.5,50,0
FPO,5,20210310,133000,2.48,2.5,2.48,2.5,195,0
FPO,5,20210310,141500,2.5,2.5,2.5,2.5,25,0
FPO,5,20210310,160000,2.5,2.5,2.48,2.48,110,0
FPO,5,20210311,090000,2.4,2.4,2.4,2.4,20,0
FPO,5,20210311,113500,2.3,2.3,2.26,2.26,25,0
FPO,5,20210311,130500,2.26,2.26,2.26,2.26,20,0
FPO,5,20210311,152000,2.22,2.22,2.2,2.2,200,0
FPO,5,20210311,152500,2.26,2.26,2.26,2.26,444,0
FPO,5,20210311,160500,2.26,2.26,2.26,2.26,10,0
FPO,5,20210311,163500,2.26,2.26,2.26,2.26,1,0
FPO,5,20210311,164000,2.3,2.42,2.3,2.42,205,0
FPO,5,20210312,095000,2.42,2.6,2.42,2.6,4595,0
FPO,5,20210312,101000,2.64,2.9,2.64,2.9,1600,0
FPO,5,20210312,102000,3,3,2.98,3,11330,0
FPO,5,20210312,102500,3,3,3,3,128,0
FPO,5,20210312,103000,3,3,3,3,500,0
FPO,5,20210312,105500,2.88,2.88,2.88,2.88,100,0
FPO,5,20210312,111000,2.88,2.88,2.88,2.88,40,0
FPO,5,20210312,111500,2.88,3.48,2.88,3.48,6427,0
FPO,5,20210312,112000,3.46,3.46,3.44,3.46,366,0
FPO,5,20210312,112500,3.46,3.48,3.46,3.48,6037,0
FPO,5,20210312,114000,3.48,3.48,3.48,3.48,1500,0
FPO,5,20210312,114500,3.48,3.48,3.48,3.48,940,0
FPO,5,20210312,115000,3.48,3.48,3.48,3.48,555,0
FPO,5,20210312,115500,3.48,3.48,3.04,3.04,1568,0
FPO,5,20210312,120500,3.2,3.2,3.2,3.2,333,0
FPO,5,20210312,121500,3.3,3.36,3.3,3.36,539,0
FPO,5,20210312,123000,3.14,3.14,3.14,3.14,200,0
FPO,5,20210312,124000,3.36,3.36,3.36,3.36,1000,0
FPO,5,20210312,133000,3.16,3.16,3.16,3.16,14,0
FPO,5,20210312,135500,3.16,3.16,3,3,1060,0
FPO,5,20210312,140000,3.1,3.4,3.1,3.4,812,0
FPO,5,20210312,142000,3.1,3.1,3.1,3.1,461,0
FPO,5,20210312,144500,3.36,3.38,3.36,3.38,30,0
FPO,5,20210312,163000,3.38,3.4,3.38,3.4,500,0
FPO,5,20210312,164500,3.4,3.48,3.4,3.48,665,0
FPO,5,20210315,090000,3.54,3.54,3.54,3.54,540,0
FPO,5,20210315,090500,3.5,3.5,3.2,3.2,2053,0
FPO,5,20210315,092000,3.48,3.48,3.3,3.48,400,0
FPO,5,20210315,092500,3.48,3.48,3.48,3.48,100,0
FPO,5,20210315,094000,3.48,3.48,3.48,3.48,600,0
FPO,5,20210315,094500,3.48,3.48,3.48,3.48,614,0
FPO,5,20210315,095500,3.48,3.48,3.48,3.48,300,0
FPO,5,20210315,101000,3.46,3.46,3.46,3.46,90,0
FPO,5,20210315,102000,3.46,3.48,3.46,3.48,690,0
FPO,5,20210315,115500,3.46,3.46,3.46,3.46,365,0
FPO,5,20210315,120000,3.3,3.3,3.2,3.2,592,0
FPO,5,20210315,121000,3.2,3.2,3.2,3.2,310,0
FPO,5,20210315,123000,3.06,3.06,2.9,2.9,2200,0
FPO,5,20210315,124000,3.1,3.1,3.1,3.1,554,0
FPO,5,20210315,124500,2.94,2.94,2.94,2.94,700,0
FPO,5,20210315,125000,2.96,2.96,2.9,2.9,1336,0
FPO,5,20210315,130000,2.92,2.92,2.9,2.9,759,0
FPO,5,20210315,131000,2.9,2.92,2.9,2.92,141,0
FPO,5,20210315,141500,2.98,2.98,2.98,2.98,20,0
FPO,5,20210315,142000,2.98,3.14,2.98,3.14,315,0
FPO,5,20210315,151500,2.98,2.98,2.98,2.98,140,0
FPO,5,20210315,164500,3.14,3.14,3.14,3.14,1,0
FPO,5,20210316,093000,3,3,2.96,2.96,25,0
FPO,5,20210316,093500,2.8,2.8,2.62,2.62,275,0
FPO,5,20210316,095500,2.9,3.1,2.9,3.1,152,0
FPO,5,20210316,100000,3.1,3.1,3.1,3.1,238,0
FPO,5,20210316,102500,3,3,2.9,2.9,45,0
FPO,5,20210316,105500,2.72,2.72,2.7,2.7,790,0
FPO,5,20210316,110000,2.66,2.66,2.62,2.62,1230,0
FPO,5,20210316,112500,2.66,2.66,2.66,2.66,1000,0
FPO,5,20210316,113000,2.7,2.7,2.7,2.7,499,0
FPO,5,20210316,113500,2.7,2.7,2.7,2.7,2050,0
FPO,5,20210316,114000,2.7,2.7,2.7,2.7,150,0
FPO,5,20210316,114500,2.68,2.8,2.68,2.8,1289,0
FPO,5,20210316,123000,2.8,2.8,2.8,2.8,15,0
FPO,5,20210316,123500,2.96,3.1,2.96,3.1,1000,0
FPO,5,20210316,130000,2.88,2.88,2.64,2.64,1000,0
FPO,5,20210316,131000,2.96,2.96,2.96,2.96,1,0
FPO,5,20210316,134000,2.96,2.96,2.96,2.96,400,0
FPO,5,20210316,135500,2.96,2.96,2.66,2.66,10,0
FPO,5,20210316,155000,2.8,2.8,2.8,2.8,460,0
FPO,5,20210316,161500,2.8,2.8,2.8,2.8,12,0
FPO,5,20210316,164500,2.66,2.66,2.66,2.66,5,0
FPO,5,20210317,090000,2.44,2.44,2.44,2.44,235,0
FPO,5,20210317,095500,2.48,2.6,2.48,2.6,30,0
FPO,5,20210317,100000,2.7,2.8,2.7,2.8,40,0
FPO,5,20210317,100500,2.86,2.9,2.86,2.9,22,0
FPO,5,20210317,111500,2.88,2.88,2.88,2.88,20,0
FPO,5,20210317,123500,2.9,2.92,2.9,2.92,630,0
FPO,5,20210317,134000,3.04,3.04,3.04,3.04,85,0
FPO,5,20210317,165500,2.76,2.76,2.76,2.76,10,0
FPO,5,20210318,093000,3.08,3.08,3.08,3.08,5,0
FPO,5,20210318,095000,3,3,3,3,470,0
FPO,5,20210318,100000,3,3,2.98,3,1731,0
FPO,5,20210318,103000,3,3.14,2.86,2.86,53,0
FPO,5,20210318,104500,3.14,3.3,3.14,3.3,108,0
FPO,5,20210318,111000,3.06,3.06,3.06,3.06,5,0
FPO,5,20210318,120000,3,3,3,3,206,0
FPO,5,20210318,120500,3,3.06,3,3.06,1725,0
FPO,5,20210318,121500,3.06,3.06,3.06,3.06,5,0
FPO,5,20210318,122500,3.3,3.3,3.3,3.3,20,0
FPO,5,20210318,123000,3.06,3.06,3.06,3.06,26,0
FPO,5,20210318,124000,3,3,3,3,400,0
FPO,5,20210319,142500,3.18,3.2,3.18,3.2,30,0
FPO,5,20210319,164500,2.8,2.8,2.8,2.8,30,0
FPO,5,20210322,143500,3.2,3.2,3.2,3.2,1,0
FPO,5,20210323,092000,3.2,3.2,3.2,3.2,5,0
FPO,5,20210324,095500,3.2,3.2,3.2,3.2,5,0
FPO,5,20210324,140000,3,3,3,3,20,0
FPO,5,20210324,165500,2.62,2.62,2.62,2.62,100,0
FPO,5,20210325,095000,2.7,2.7,2.7,2.7,15,0
FPO,5,20210325,101000,2.9,2.9,2.9,2.9,79,0
FPO,5,20210325,102500,2.88,2.88,2.34,2.34,600,0
FPO,5,20210325,104500,2.4,2.46,2.4,2.46,40,0
FPO,5,20210325,113500,2.74,2.74,2.74,2.74,5,0
FPO,5,20210325,115000,2.74,2.74,2.74,2.74,170,0
FPO,5,20210325,120500,2.98,3,2.98,3,40,0
FPO,5,20210325,130000,2.74,2.74,2.74,2.74,225,0
FPO,5,20210325,150500,2.7,2.76,2.7,2.76,380,0
FPO,5,20210325,164500,3,3,3,3,1,0
FPO,5,20210326,090000,3,3,3,3,230,0
FPO,5,20210326,092500,3,3,2.44,2.44,784,0
FPO,5,20210326,094000,2.7,2.7,2.7,2.7,124,0
FPO,5,20210326,111000,2.72,2.72,2.72,2.72,78,0
FPO,5,20210326,115000,2.72,2.72,2.72,2.72,116,0
FPO,5,20210326,121000,2.9,3,2.9,3,59,0
FPO,5,20210326,121500,3.08,3.1,3.08,3.1,329,0
FPO,5,20210326,122000,3.18,3.2,3.18,3.2,78,0
FPO,5,20210326,125000,3.2,3.2,3.2,3.2,556,0
FPO,5,20210326,125500,3.3,3.3,3.3,3.3,20,0
FPO,5,20210326,131000,3.4,3.44,3.4,3.44,123,0
FPO,5,20210326,131500,3.44,3.56,3.44,3.56,32,0
FPO,5,20210326,134500,3.56,3.56,3.56,3.56,33,0
FPO,5,20210326,141000,3.5,3.5,3.5,3.5,831,0
FPO,5,20210326,145500,3.6,3.6,3.6,3.6,1,0
FPO,5,20210326,150500,3.04,3.04,3.04,3.04,5,0
FPO,5,20210326,153000,3.06,3.06,3.06,3.06,30,0
FPO,5,20210326,161500,3.58,3.58,3.54,3.58,1944,0
FPO,5,20210326,163000,3.66,3.76,3.66,3.76,253,0
FPO,5,20210326,163500,3.76,4.16,3.58,4.16,1738,0
