<TICKER>,<PER>,<DATE>,<TIME>,<OPEN>,<HIGH>,<LOW>,<CLOSE>,<VOL>,<OPENINT>
GNG,5,20210204,091000,0.636,0.636,0.636,0.636,2000,0
GNG,5,20210204,093000,0.638,0.686,0.638,0.686,20000,0
GNG,5,20210204,093500,0.676,0.686,0.676,0.686,20000,0
GNG,5,20210204,094000,0.676,0.676,0.676,0.676,1800,0
GNG,5,20210204,095000,0.638,0.638,0.638,0.638,918,0
GNG,5,20210204,095500,0.682,0.682,0.682,0.682,1,0
GNG,5,20210204,100500,0.676,0.676,0.676,0.676,351,0
GNG,5,20210204,110000,0.67,0.67,0.67,0.67,740,0
GNG,5,20210204,114000,0.67,0.67,0.67,0.67,1040,0
GNG,5,20210204,124000,0.65,0.65,0.65,0.65,1915,0
GNG,5,20210204,124500,0.66,0.66,0.66,0.66,1,0
GNG,5,20210204,133500,0.658,0.658,0.658,0.658,1,0
GNG,5,20210204,143500,0.65,0.65,0.65,0.65,3856,0
GNG,5,20210204,145000,0.658,0.66,0.658,0.66,5000,0
GNG,5,20210204,164000,0.652,0.652,0.65,0.65,6223,0
GNG,5,20210204,164500,0.65,0.65,0.65,0.65,1571,0
GNG,5,20210205,091000,0.65,0.65,0.63,0.63,1600,0
GNG,5,20210205,103500,0.64,0.64,0.64,0.64,1,0
GNG,5,20210205,122500,0.64,0.646,0.64,0.646,1557,0
GNG,5,20210205,133500,0.64,0.64,0.64,0.64,1000,0
GNG,5,20210205,151500,0.63,0.63,0.63,0.63,2351,0
GNG,5,20210205,152000,0.63,0.63,0.61,0.61,21891,0
GNG,5,20210205,162500,0.64,0.64,0.64,0.64,1000,0
GNG,5,20210205,163500,0.62,0.62,0.62,0.62,1800,0
GNG,5,20210205,164000,0.644,0.644,0.644,0.644,1,0
GNG,5,20210208,090000,0.644,0.644,0.644,0.644,100,0
GNG,5,20210208,094500,0.628,0.628,0.628,0.628,4739,0
GNG,5,20210208,103500,0.628,0.628,0.628,0.628,5261,0
GNG,5,20210208,104000,0.62,0.62,0.62,0.62,600,0
GNG,5,20210208,104500,0.628,0.628,0.628,0.628,4339,0
GNG,5,20210208,115000,0.64,0.64,0.64,0.64,3100,0
GNG,5,20210208,123000,0.63,0.63,0.63,0.63,2000,0
GNG,5,20210208,144500,0.644,0.644,0.644,0.644,1,0
GNG,5,20210208,153000,0.644,0.644,0.644,0.644,598,0
GNG,5,20210208,153500,0.672,0.672,0.672,0.672,402,0
GNG,5,20210208,161500,0.672,0.672,0.672,0.672,1000,0
GNG,5,20210209,090000,0.672,0.672,0.672,0.672,200,0
GNG,5,20210209,091000,0.672,0.672,0.672,0.672,3222,0
GNG,5,20210209,092000,0.682,0.682,0.682,0.682,1,0
GNG,5,20210209,093000,0.65,0.65,0.65,0.65,9000,0
GNG,5,20210209,100500,0.66,0.66,0.66,0.66,3000,0
GNG,5,20210209,113000,0.674,0.674,0.674,0.674,1400,0
GNG,5,20210209,121500,0.65,0.65,0.65,0.65,1000,0
GNG,5,20210209,122500,0.65,0.65,0.65,0.65,500,0
GNG,5,20210209,124000,0.65,0.65,0.65,0.65,3000,0
GNG,5,20210209,130500,0.65,0.65,0.65,0.65,1500,0
GNG,5,20210209,164500,0.67,0.67,0.67,0.67,591,0
GNG,5,20210210,090000,0.67,0.67,0.67,0.67,525,0
GNG,5,20210210,091500,0.676,0.676,0.676,0.676,1000,0
GNG,5,20210210,092000,0.66,0.66,0.66,0.66,100,0
GNG,5,20210210,092500,0.64,0.64,0.64,0.64,19751,0
GNG,5,20210210,093000,0.64,0.64,0.64,0.64,250,0
GNG,5,20210210,100500,0.64,0.64,0.64,0.64,2550,0
GNG,5,20210210,103500,0.652,0.652,0.652,0.652,340,0
GNG,5,20210210,104000,0.64,0.64,0.64,0.64,2100,0
GNG,5,20210210,111000,0.66,0.66,0.66,0.66,340,0
GNG,5,20210210,114500,0.64,0.64,0.64,0.64,3800,0
GNG,5,20210210,121000,0.636,0.636,0.63,0.63,1900,0
GNG,5,20210210,122000,0.654,0.654,0.654,0.654,1,0
GNG,5,20210210,141000,0.654,0.654,0.654,0.654,10000,0
GNG,5,20210210,150000,0.64,0.64,0.64,0.64,3800,0
GNG,5,20210210,154500,0.648,0.648,0.648,0.648,1659,0
GNG,5,20210211,090000,0.628,0.67,0.628,0.67,6001,0
GNG,5,20210211,092500,0.628,0.628,0.628,0.628,3063,0
GNG,5,20210211,112000,0.634,0.634,0.634,0.634,2000,0
GNG,5,20210211,113000,0.63,0.63,0.63,0.63,1845,0
GNG,5,20210211,121500,0.646,0.65,0.646,0.65,4942,0
GNG,5,20210211,132500,0.656,0.656,0.656,0.656,2200,0
GNG,5,20210211,133000,0.65,0.65,0.65,0.65,5700,0
GNG,5,20210211,134500,0.63,0.63,0.63,0.63,3000,0
GNG,5,20210211,135000,0.648,0.65,0.648,0.65,29633,0
GNG,5,20210211,141000,0.656,0.66,0.656,0.66,6816,0
GNG,5,20210211,144000,0.666,0.666,0.666,0.666,230,0
GNG,5,20210211,150000,0.66,0.66,0.66,0.66,484,0
GNG,5,20210211,154000,0.658,0.658,0.658,0.658,3000,0
GNG,5,20210211,164000,0.666,0.666,0.666,0.666,14,0
GNG,5,20210211,164500,0.666,0.666,0.666,0.666,39,0
GNG,5,20210212,090000,0.668,0.668,0.668,0.668,4070,0
GNG,5,20210212,090500,0.67,0.67,0.67,0.67,15000,0
GNG,5,20210212,091500,0.67,0.676,0.67,0.676,21200,0
GNG,5,20210212,092000,0.676,0.676,0.67,0.676,9105,0
GNG,5,20210212,092500,0.674,0.674,0.67,0.67,11654,0
GNG,5,20210212,094500,0.676,0.676,0.676,0.676,1000,0
GNG,5,20210212,095500,0.676,0.71,0.676,0.7,33164,0
GNG,5,20210212,100000,0.698,0.7,0.69,0.7,11603,0
GNG,5,20210212,100500,0.71,0.71,0.71,0.71,3600,0
GNG,5,20210212,101000,0.7,0.7,0.684,0.684,3610,0
GNG,5,20210212,101500,0.684,0.684,0.672,0.672,11348,0
GNG,5,20210212,102500,0.672,0.68,0.672,0.68,15555,0
GNG,5,20210212,103000,0.68,0.68,0.68,0.68,597,0
GNG,5,20210212,104500,0.68,0.68,0.68,0.68,2000,0
GNG,5,20210212,110500,0.698,0.698,0.698,0.698,396,0
GNG,5,20210212,112500,0.698,0.698,0.698,0.698,4500,0
GNG,5,20210212,115000,0.68,0.68,0.68,0.68,6000,0
GNG,5,20210212,115500,0.68,0.7,0.68,0.7,2002,0
GNG,5,20210212,120000,0.678,0.678,0.678,0.678,8794,0
GNG,5,20210212,123000,0.68,0.68,0.68,0.68,3000,0
GNG,5,20210212,124000,0.68,0.68,0.68,0.68,2700,0
GNG,5,20210212,132500,0.68,0.7,0.68,0.7,3300,0
GNG,5,20210212,133000,0.7,0.7,0.7,0.7,1700,0
GNG,5,20210212,145500,0.68,0.68,0.68,0.68,2500,0
GNG,5,20210212,151000,0.68,0.68,0.68,0.68,2100,0
GNG,5,20210212,152500,0.676,0.676,0.672,0.672,9593,0
GNG,5,20210212,155000,0.68,0.68,0.68,0.68,4480,0
GNG,5,20210212,160000,0.68,0.68,0.67,0.67,5231,0
GNG,5,20210212,160500,0.66,0.66,0.66,0.66,2700,0
GNG,5,20210212,161500,0.65,0.688,0.65,0.688,901,0
GNG,5,20210212,163000,0.668,0.668,0.668,0.668,700,0
GNG,5,20210212,164500,0.686,0.686,0.686,0.686,690,0
GNG,5,20210215,090000,0.686,0.686,0.686,0.686,5857,0
GNG,5,20210215,090500,0.686,0.686,0.686,0.686,3000,0
GNG,5,20210215,092000,0.668,0.668,0.668,0.668,1310,0
GNG,5,20210215,095500,0.686,0.686,0.686,0.686,3000,0
GNG,5,20210215,100500,0.686,0.688,0.686,0.688,2000,0
GNG,5,20210215,101000,0.688,0.688,0.688,0.688,500,0
GNG,5,20210215,102500,0.688,0.688,0.688,0.688,4481,0
GNG,5,20210215,103000,0.69,0.69,0.69,0.69,3000,0
GNG,5,20210215,105000,0.69,0.698,0.69,0.698,908,0
GNG,5,20210215,105500,0.698,0.7,0.698,0.7,3500,0
GNG,5,20210215,111000,0.69,0.7,0.69,0.7,3491,0
GNG,5,20210215,111500,0.7,0.7,0.7,0.7,604,0
GNG,5,20210215,114500,0.7,0.71,0.7,0.71,6592,0
GNG,5,20210215,115000,0.71,0.712,0.71,0.71,5073,0
GNG,5,20210215,120000,0.69,0.71,0.69,0.71,1100,0
GNG,5,20210215,125000,0.71,0.71,0.7,0.7,4100,0
GNG,5,20210215,133000,0.7,0.7,0.7,0.7,100,0
GNG,5,20210215,133500,0.7,0.7,0.7,0.7,1700,0
GNG,5,20210215,134000,0.71,0.71,0.7,0.7,1001,0
GNG,5,20210215,140500,0.71,0.71,0.71,0.71,1000,0
GNG,5,20210215,141000,0.71,0.71,0.71,0.71,700,0
GNG,5,20210215,152500,0.71,0.71,0.71,0.71,2000,0
GNG,5,20210215,154000,0.71,0.71,0.71,0.71,100,0
GNG,5,20210215,154500,0.7,0.7,0.7,0.7,200,0
GNG,5,20210215,160000,0.7,0.71,0.7,0.71,5000,0
GNG,5,20210215,162000,0.69,0.69,0.684,0.684,2400,0
GNG,5,20210215,164000,0.71,0.71,0.71,0.71,1,0
GNG,5,20210216,092000,0.69,0.69,0.69,0.69,5000,0
GNG,5,20210216,092500,0.71,0.71,0.71,0.71,500,0
GNG,5,20210216,093500,0.7,0.7,0.7,0.7,1500,0
GNG,5,20210216,103500,0.69,0.69,0.69,0.69,845,0
GNG,5,20210216,104500,0.69,0.69,0.69,0.69,155,0
GNG,5,20210216,124000,0.682,0.682,0.68,0.68,1000,0
GNG,5,20210216,134000,0.69,0.69,0.69,0.69,500,0
GNG,5,20210216,151000,0.68,0.68,0.68,0.68,5000,0
GNG,5,20210216,151500,0.69,0.69,0.69,0.69,1500,0
GNG,5,20210216,152000,0.68,0.68,0.68,0.68,2971,0
GNG,5,20210216,160000,0.67,0.67,0.67,0.67,3000,0
GNG,5,20210216,162500,0.67,0.67,0.67,0.67,1500,0
GNG,5,20210216,163500,0.686,0.686,0.686,0.686,100,0
GNG,5,20210217,090000,0.704,0.704,0.704,0.704,1000,0
GNG,5,20210217,090500,0.706,0.706,0.706,0.706,666,0
GNG,5,20210217,100000,0.68,0.68,0.68,0.68,84,0
GNG,5,20210217,120500,0.68,0.68,0.68,0.68,354,0
GNG,5,20210217,121000,0.674,0.674,0.674,0.674,998,0
GNG,5,20210217,133500,0.69,0.69,0.69,0.69,290000,0
GNG,5,20210217,134000,0.696,0.696,0.696,0.696,1,0
GNG,5,20210217,135500,0.696,0.696,0.696,0.696,100,0
GNG,5,20210217,141500,0.696,0.7,0.696,0.7,7724,0
GNG,5,20210217,161000,0.698,0.7,0.698,0.7,3000,0
GNG,5,20210217,163500,0.698,0.698,0.68,0.68,2477,0
GNG,5,20210217,164500,0.7,0.7,0.7,0.7,2,0
GNG,5,20210218,090000,0.69,0.69,0.69,0.69,33,0
GNG,5,20210218,090500,0.7,0.7,0.7,0.7,2992,0
GNG,5,20210218,091000,0.706,0.706,0.706,0.706,5,0
GNG,5,20210218,091500,0.702,0.706,0.7,0.7,4017,0
GNG,5,20210218,092000,0.7,0.7,0.7,0.7,14000,0
GNG,5,20210218,094500,0.7,0.7,0.68,0.68,3008,0
GNG,5,20210218,095000,0.68,0.68,0.68,0.68,92,0
GNG,5,20210218,095500,0.706,0.706,0.706,0.706,1,0
GNG,5,20210218,132500,0.68,0.68,0.68,0.68,2340,0
GNG,5,20210218,133500,0.702,0.702,0.702,0.702,121,0
GNG,5,20210218,155500,0.698,0.698,0.698,0.698,1288,0
GNG,5,20210218,161000,0.68,0.68,0.68,0.68,1500,0
GNG,5,20210218,161500,0.698,0.698,0.698,0.698,712,0
GNG,5,20210219,090000,0.702,0.702,0.702,0.702,202,0
GNG,5,20210219,114000,0.678,0.678,0.678,0.678,1500,0
GNG,5,20210219,131500,0.678,0.678,0.678,0.678,100,0
GNG,5,20210219,134500,0.698,0.698,0.698,0.698,390,0
GNG,5,20210219,150000,0.698,0.7,0.698,0.7,5000,0
GNG,5,20210219,151500,0.678,0.678,0.678,0.678,150,0
GNG,5,20210219,154500,0.68,0.68,0.68,0.68,1436,0
GNG,5,20210219,155000,0.68,0.68,0.678,0.678,12794,0
GNG,5,20210219,160000,0.67,0.67,0.668,0.668,7000,0
GNG,5,20210219,163000,0.678,0.678,0.678,0.678,250,0
GNG,5,20210219,163500,0.678,0.678,0.678,0.678,2000,0
GNG,5,20210222,090000,0.67,0.67,0.67,0.67,1474,0
GNG,5,20210222,091000,0.702,0.702,0.702,0.702,1,0
GNG,5,20210222,092000,0.67,0.67,0.67,0.67,200,0
GNG,5,20210222,101500,0.68,0.68,0.68,0.68,300,0
GNG,5,20210222,114000,0.67,0.67,0.668,0.668,4746,0
GNG,5,20210222,115000,0.668,0.668,0.668,0.668,4954,0
GNG,5,20210222,120500,0.67,0.67,0.67,0.67,1,0
GNG,5,20210222,121500,0.67,0.67,0.67,0.67,1000,0
GNG,5,20210222,122000,0.67,0.67,0.67,0.67,4255,0
GNG,5,20210222,123500,0.68,0.68,0.68,0.68,1,0
GNG,5,20210222,124000,0.68,0.68,0.68,0.68,1199,0
GNG,5,20210222,125000,0.698,0.698,0.698,0.698,1001,0
GNG,5,20210222,125500,0.696,0.7,0.696,0.7,1599,0
GNG,5,20210222,144500,0.69,0.69,0.69,0.69,300,0
GNG,5,20210222,154000,0.69,0.69,0.69,0.69,725,0
GNG,5,20210223,104000,0.66,0.66,0.654,0.654,6465,0
GNG,5,20210223,104500,0.654,0.688,0.654,0.688,397,0
GNG,5,20210223,122000,0.66,0.66,0.652,0.652,8209,0
GNG,5,20210223,123000,0.686,0.686,0.686,0.686,1,0
GNG,5,20210223,162000,0.68,0.68,0.68,0.68,4000,0
GNG,5,20210223,163000,0.68,0.68,0.68,0.68,4507,0
GNG,5,20210224,090000,0.68,0.68,0.652,0.676,6822,0
GNG,5,20210224,101500,0.664,0.664,0.664,0.664,900,0
GNG,5,20210224,103500,0.664,0.664,0.664,0.664,500,0
GNG,5,20210224,105500,0.652,0.652,0.652,0.652,4809,0
GNG,5,20210224,111000,0.652,0.652,0.652,0.652,1398,0
GNG,5,20210224,112500,0.652,0.652,0.652,0.652,400,0
GNG,5,20210224,114000,0.652,0.652,0.652,0.652,1781,0
GNG,5,20210224,115000,0.652,0.652,0.652,0.652,119,0
GNG,5,20210224,120000,0.664,0.664,0.664,0.664,1525,0
GNG,5,20210224,132500,0.652,0.668,0.652,0.668,4129,0
GNG,5,20210224,142000,0.66,0.66,0.66,0.66,1420,0
GNG,5,20210224,144500,0.66,0.66,0.66,0.66,19,0
GNG,5,20210224,145500,0.65,0.65,0.64,0.64,5391,0
GNG,5,20210224,150000,0.65,0.668,0.65,0.668,2462,0
GNG,5,20210224,165500,0.64,0.64,0.64,0.64,8000,0
GNG,5,20210225,090000,0.666,0.666,0.666,0.666,1,0
GNG,5,20210225,091500,0.666,0.668,0.666,0.668,1500,0
GNG,5,20210225,094500,0.64,0.64,0.64,0.64,4500,0
GNG,5,20210225,100000,0.66,0.66,0.66,0.66,760,0
GNG,5,20210225,100500,0.64,0.64,0.64,0.64,8000,0
GNG,5,20210225,101000,0.64,0.64,0.64,0.64,1548,0
GNG,5,20210225,102500,0.64,0.64,0.64,0.64,1100,0
GNG,5,20210225,103500,0.64,0.66,0.64,0.66,2500,0
GNG,5,20210225,161500,0.64,0.64,0.64,0.64,200,0
GNG,5,20210226,090000,0.65,0.65,0.65,0.65,7630,0
GNG,5,20210226,103500,0.638,0.638,0.632,0.632,5420,0
GNG,5,20210226,104500,0.64,0.65,0.64,0.65,500,0
GNG,5,20210226,163000,0.64,0.64,0.64,0.64,1806,0
GNG,5,20210301,093500,0.63,0.63,0.63,0.63,4563,0
GNG,5,20210301,101000,0.63,0.63,0.63,0.63,3500,0
GNG,5,20210301,102000,0.63,0.64,0.63,0.64,2000,0
GNG,5,20210301,112500,0.64,0.64,0.64,0.64,2300,0
GNG,5,20210301,124500,0.64,0.64,0.64,0.64,10000,0
GNG,5,20210301,131000,0.64,0.678,0.64,0.678,13133,0
GNG,5,20210301,131500,0.67,0.692,0.67,0.692,3510,0
GNG,5,20210301,140000,0.68,0.68,0.68,0.68,1300,0
GNG,5,20210301,141500,0.66,0.66,0.66,0.66,1000,0
GNG,5,20210301,142000,0.65,0.65,0.65,0.65,1350,0
GNG,5,20210301,145000,0.668,0.668,0.668,0.668,1,0
GNG,5,20210301,151000,0.64,0.64,0.64,0.64,400,0
GNG,5,20210301,160500,0.668,0.668,0.668,0.668,1,0
GNG,5,20210301,161500,0.668,0.668,0.668,0.668,3833,0
GNG,5,20210301,162000,0.67,0.67,0.67,0.67,12801,0
GNG,5,20210302,090500,0.64,0.64,0.64,0.64,1563,0
GNG,5,20210302,091000,0.63,0.668,0.63,0.668,738,0
GNG,5,20210302,105500,0.66,0.66,0.66,0.66,44,0
GNG,5,20210302,112500,0.66,0.666,0.66,0.666,1473,0
GNG,5,20210302,115500,0.66,0.66,0.66,0.66,100,0
GNG,5,20210302,154500,0.64,0.64,0.64,0.64,674,0
GNG,5,20210302,163000,0.65,0.65,0.64,0.64,2429,0
GNG,5,20210303,094000,0.64,0.64,0.632,0.632,4212,0
GNG,5,20210303,102500,0.656,0.656,0.656,0.656,1,0
GNG,5,20210303,111500,0.64,0.64,0.64,0.64,2000,0
GNG,5,20210303,115000,0.632,0.632,0.632,0.632,1000,0
GNG,5,20210303,115500,0.632,0.632,0.632,0.632,4459,0
GNG,5,20210303,120500,0.632,0.632,0.63,0.63,1470,0
GNG,5,20210303,121000,0.632,0.632,0.63,0.63,2000,0
GNG,5,20210303,121500,0.654,0.66,0.654,0.66,10000,0
GNG,5,20210303,122000,0.658,0.672,0.658,0.668,8954,0
GNG,5,20210303,122500,0.67,0.686,0.67,0.686,12873,0
GNG,5,20210303,123000,0.686,0.686,0.668,0.668,6362,0
GNG,5,20210303,123500,0.668,0.672,0.668,0.672,6291,0
GNG,5,20210303,132500,0.672,0.672,0.672,0.672,4040,0
GNG,5,20210303,133000,0.678,0.678,0.678,0.678,100,0
GNG,5,20210303,135000,0.678,0.678,0.678,0.678,500,0
GNG,5,20210303,135500,0.678,0.678,0.678,0.678,1700,0
GNG,5,20210303,150000,0.68,0.68,0.68,0.68,1,0
GNG,5,20210303,152500,0.676,0.676,0.676,0.676,242,0
GNG,5,20210303,160000,0.672,0.672,0.66,0.66,1799,0
GNG,5,20210303,161000,0.676,0.676,0.676,0.676,150,0
GNG,5,20210303,164500,0.676,0.676,0.676,0.676,10,0
GNG,5,20210304,093500,0.64,0.64,0.64,0.64,4816,0
GNG,5,20210304,104500,0.674,0.674,0.674,0.674,1,0
GNG,5,20210304,112500,0.65,0.65,0.64,0.64,8364,0
GNG,5,20210304,115000,0.66,0.66,0.66,0.66,1,0
GNG,5,20210304,120000,0.65,0.65,0.65,0.65,200,0
GNG,5,20210304,123500,0.66,0.66,0.66,0.66,1874,0
GNG,5,20210304,124000,0.672,0.672,0.672,0.672,4211,0
GNG,5,20210304,153000,0.67,0.67,0.67,0.67,15,0
GNG,5,20210305,114500,0.65,0.65,0.65,0.65,2133,0
GNG,5,20210305,115000,0.66,0.66,0.66,0.66,1,0
GNG,5,20210305,120000,0.66,0.66,0.66,0.66,2000,0
GNG,5,20210305,123500,0.66,0.66,0.66,0.66,500,0
GNG,5,20210305,132500,0.642,0.642,0.642,0.642,2000,0
GNG,5,20210305,141000,0.642,0.642,0.642,0.642,15,0
GNG,5,20210305,152000,0.642,0.642,0.642,0.642,100,0
GNG,5,20210305,154500,0.66,0.67,0.66,0.67,2500,0
GNG,5,20210305,160000,0.66,0.66,0.66,0.66,17501,0
GNG,5,20210305,160500,0.642,0.642,0.642,0.642,550,0
GNG,5,20210305,164500,0.666,0.666,0.666,0.666,275,0
GNG,5,20210308,090000,0.668,0.668,0.668,0.668,230,0
GNG,5,20210308,113000,0.646,0.646,0.646,0.646,230,0
GNG,5,20210308,115000,0.662,0.662,0.662,0.662,10,0
GNG,5,20210308,115500,0.662,0.662,0.662,0.662,3750,0
GNG,5,20210308,134500,0.648,0.648,0.648,0.648,132,0
GNG,5,20210308,152000,0.66,0.66,0.66,0.66,168,0
GNG,5,20210309,094500,0.66,0.66,0.66,0.66,2000,0
GNG,5,20210309,114500,0.65,0.66,0.64,0.64,15053,0
GNG,5,20210309,115000,0.64,0.64,0.64,0.64,4408,0
GNG,5,20210309,115500,0.658,0.658,0.658,0.658,1,0
GNG,5,20210309,134000,0.658,0.658,0.658,0.658,10000,0
GNG,5,20210309,142000,0.65,0.65,0.64,0.64,1137,0
GNG,5,20210309,151000,0.65,0.65,0.65,0.65,5000,0
GNG,5,20210310,094500,0.64,0.64,0.632,0.632,31083,0
GNG,5,20210310,095000,0.66,0.66,0.66,0.66,1,0
GNG,5,20210310,100000,0.634,0.634,0.632,0.632,3000,0
GNG,5,20210310,101000,0.632,0.632,0.632,0.632,1900,0
GNG,5,20210310,103500,0.64,0.64,0.634,0.634,1500,0
GNG,5,20210310,105000,0.66,0.66,0.66,0.66,1,0
GNG,5,20210310,122000,0.634,0.634,0.63,0.63,6000,0
GNG,5,20210310,123500,0.648,0.648,0.648,0.648,2870,0
GNG,5,20210310,130500,0.648,0.648,0.648,0.648,130,0
GNG,5,20210310,135000,0.648,0.65,0.648,0.65,1000,0
GNG,5,20210310,135500,0.65,0.65,0.65,0.65,41500,0
GNG,5,20210310,142500,0.65,0.66,0.65,0.66,6900,0
GNG,5,20210310,143500,0.65,0.65,0.65,0.65,5000,0
GNG,5,20210310,144000,0.65,0.65,0.65,0.65,9000,0
GNG,5,20210310,144500,0.65,0.65,0.65,0.65,6000,0
GNG,5,20210310,154000,0.66,0.66,0.66,0.66,6000,0
GNG,5,20210310,154500,0.65,0.65,0.65,0.65,5000,0
GNG,5,20210310,160000,0.65,0.65,0.65,0.65,14000,0
GNG,5,20210310,162000,0.65,0.65,0.65,0.65,200,0
GNG,5,20210310,162500,0.66,0.66,0.66,0.66,600,0
GNG,5,20210310,164000,0.66,0.66,0.66,0.66,3500,0
GNG,5,20210311,090000,0.67,0.67,0.67,0.67,1,0
GNG,5,20210311,090500,0.67,0.676,0.67,0.676,3498,0
GNG,5,20210311,091000,0.678,0.678,0.678,0.678,1,0
GNG,5,20210311,095000,0.686,0.686,0.686,0.686,1,0
GNG,5,20210311,104000,0.684,0.684,0.684,0.684,100,0
GNG,5,20210311,112500,0.682,0.684,0.682,0.684,17900,0
GNG,5,20210311,115000,0.684,0.684,0.67,0.67,15000,0
GNG,5,20210311,132000,0.676,0.676,0.676,0.676,1,0
GNG,5,20210311,133500,0.67,0.67,0.67,0.67,3749,0
GNG,5,20210311,141500,0.654,0.654,0.654,0.654,1343,0
GNG,5,20210311,142000,0.684,0.684,0.684,0.684,218,0
GNG,5,20210311,153500,0.682,0.682,0.682,0.682,500,0
GNG,5,20210311,161000,0.68,0.68,0.68,0.68,200,0
GNG,5,20210312,090000,0.678,0.678,0.678,0.678,900,0
GNG,5,20210312,090500,0.678,0.68,0.678,0.68,3000,0
GNG,5,20210312,111000,0.65,0.65,0.65,0.65,1500,0
GNG,5,20210312,133000,0.65,0.65,0.65,0.65,1400,0
GNG,5,20210312,140500,0.67,0.67,0.67,0.67,3,0
GNG,5,20210312,141000,0.67,0.67,0.67,0.67,269,0
GNG,5,20210312,142000,0.65,0.65,0.65,0.65,289,0
GNG,5,20210312,143000,0.65,0.65,0.65,0.65,380,0
GNG,5,20210312,144000,0.65,0.65,0.65,0.65,300,0
GNG,5,20210312,145000,0.65,0.65,0.65,0.65,155,0
GNG,5,20210312,150500,0.65,0.65,0.65,0.65,416,0
GNG,5,20210312,155500,0.67,0.67,0.67,0.67,1000,0
GNG,5,20210315,091000,0.65,0.65,0.65,0.65,84,0
GNG,5,20210315,092000,0.65,0.68,0.65,0.68,245,0
GNG,5,20210315,094000,0.642,0.642,0.642,0.642,800,0
GNG,5,20210315,102500,0.676,0.676,0.676,0.676,1,0
GNG,5,20210315,104000,0.65,0.65,0.65,0.65,299,0
GNG,5,20210315,104500,0.65,0.65,0.65,0.65,1494,0
GNG,5,20210315,105000,0.64,0.64,0.64,0.64,2500,0
GNG,5,20210315,111500,0.642,0.642,0.64,0.64,12163,0
GNG,5,20210315,113500,0.64,0.64,0.64,0.64,5300,0
GNG,5,20210315,114500,0.64,0.64,0.64,0.64,1000,0
GNG,5,20210315,115000,0.64,0.64,0.64,0.64,1794,0
GNG,5,20210315,121500,0.64,0.64,0.64,0.64,941,0
GNG,5,20210315,122000,0.64,0.64,0.64,0.64,1563,0
GNG,5,20210315,122500,0.636,0.636,0.634,0.634,5555,0
GNG,5,20210315,123000,0.64,0.64,0.634,0.634,2957,0
GNG,5,20210315,123500,0.634,0.634,0.634,0.634,506,0
GNG,5,20210315,124000,0.634,0.634,0.634,0.634,600,0
GNG,5,20210315,124500,0.634,0.634,0.634,0.634,2437,0
GNG,5,20210315,125500,0.64,0.64,0.64,0.64,1560,0
GNG,5,20210315,130000,0.64,0.64,0.64,0.64,3866,0
GNG,5,20210315,132000,0.65,0.65,0.65,0.65,6567,0
GNG,5,20210315,134000,0.65,0.65,0.65,0.65,3,0
GNG,5,20210315,150000,0.65,0.65,0.65,0.65,15000,0
GNG,5,20210315,150500,0.66,0.66,0.66,0.66,1200,0
GNG,5,20210315,151000,0.66,0.66,0.66,0.66,2535,0
GNG,5,20210315,151500,0.66,0.66,0.66,0.66,465,0
GNG,5,20210315,162000,0.65,0.65,0.65,0.65,9700,0
GNG,5,20210315,163500,0.65,0.65,0.65,0.65,300,0
GNG,5,20210315,164500,0.66,0.66,0.66,0.66,2900,0
GNG,5,20210316,092000,0.64,0.64,0.64,0.64,1150,0
GNG,5,20210316,093500,0.66,0.66,0.66,0.66,5935,0
GNG,5,20210316,094000,0.67,0.67,0.67,0.67,500,0
GNG,5,20210316,095500,0.676,0.676,0.676,0.676,2028,0
GNG,5,20210316,100000,0.66,0.66,0.66,0.66,5000,0
GNG,5,20210316,100500,0.66,0.66,0.66,0.66,5000,0
GNG,5,20210316,101000,0.66,0.66,0.66,0.66,7100,0
GNG,5,20210316,103000,0.66,0.66,0.66,0.66,262,0
GNG,5,20210316,103500,0.642,0.642,0.642,0.642,323,0
GNG,5,20210316,110500,0.642,0.642,0.642,0.642,4850,0
GNG,5,20210316,115500,0.65,0.65,0.65,0.65,1533,0
GNG,5,20210316,120000,0.658,0.66,0.658,0.66,2200,0
GNG,5,20210316,134000,0.656,0.656,0.656,0.656,1000,0
GNG,5,20210316,145500,0.642,0.642,0.642,0.642,2500,0
GNG,5,20210316,151500,0.656,0.658,0.656,0.658,7500,0
GNG,5,20210316,152500,0.642,0.642,0.642,0.642,1000,0
GNG,5,20210316,154500,0.65,0.65,0.65,0.65,1640,0
GNG,5,20210316,155500,0.65,0.65,0.65,0.65,960,0
GNG,5,20210316,161500,0.642,0.642,0.642,0.642,4000,0
GNG,5,20210316,163500,0.65,0.65,0.65,0.65,3500,0
GNG,5,20210317,091500,0.642,0.642,0.642,0.642,3000,0
GNG,5,20210317,093500,0.644,0.644,0.642,0.642,3500,0
GNG,5,20210317,100500,0.642,0.642,0.64,0.64,3700,0
GNG,5,20210317,101000,0.64,0.64,0.64,0.64,1000,0
GNG,5,20210317,102500,0.65,0.654,0.65,0.654,5000,0
GNG,5,20210317,104500,0.654,0.656,0.654,0.656,4000,0
GNG,5,20210317,114500,0.65,0.65,0.65,0.65,230,0
GNG,5,20210317,115500,0.654,0.654,0.654,0.654,1109,0
GNG,5,20210317,120000,0.65,0.65,0.65,0.65,670,0
GNG,5,20210317,120500,0.65,0.654,0.65,0.654,5000,0
GNG,5,20210317,121000,0.654,0.66,0.654,0.66,11402,0
GNG,5,20210317,122500,0.666,0.666,0.666,0.666,600,0
GNG,5,20210317,123500,0.664,0.664,0.664,0.664,10010,0
GNG,5,20210317,142000,0.65,0.65,0.65,0.65,10000,0
GNG,5,20210317,142500,0.65,0.65,0.642,0.642,4063,0
GNG,5,20210317,163500,0.66,0.66,0.66,0.66,1,0
GNG,5,20210318,090000,0.658,0.658,0.658,0.658,81,0
GNG,5,20210318,101000,0.648,0.648,0.648,0.648,3234,0
GNG,5,20210318,102500,0.65,0.65,0.63,0.63,11150,0
GNG,5,20210318,105500,0.642,0.642,0.64,0.64,5000,0
GNG,5,20210318,110000,0.64,0.64,0.634,0.634,6550,0
GNG,5,20210318,113000,0.64,0.64,0.64,0.64,150,0
GNG,5,20210318,123500,0.65,0.65,0.65,0.65,1994,0
GNG,5,20210318,124000,0.642,0.642,0.642,0.642,1700,0
GNG,5,20210318,125000,0.65,0.65,0.65,0.65,3006,0
GNG,5,20210318,130500,0.65,0.65,0.65,0.65,2984,0
GNG,5,20210318,133500,0.642,0.642,0.642,0.642,1650,0
GNG,5,20210318,140500,0.64,0.642,0.64,0.642,31400,0
GNG,5,20210318,151000,0.642,0.642,0.642,0.642,10000,0
GNG,5,20210318,153500,0.642,0.65,0.642,0.65,4930,0
GNG,5,20210318,155500,0.64,0.64,0.63,0.63,10000,0
GNG,5,20210318,160500,0.648,0.648,0.648,0.648,3,0
GNG,5,20210319,091500,0.64,0.64,0.64,0.64,25,0
GNG,5,20210319,092500,0.64,0.64,0.64,0.64,4200,0
GNG,5,20210319,102000,0.63,0.63,0.63,0.63,2500,0
GNG,5,20210319,104500,0.63,0.63,0.63,0.63,3500,0
GNG,5,20210319,112500,0.626,0.626,0.626,0.626,5000,0
GNG,5,20210319,125500,0.64,0.64,0.64,0.64,500,0
GNG,5,20210319,130000,0.64,0.64,0.64,0.64,1838,0
GNG,5,20210319,134500,0.64,0.64,0.64,0.64,86,0
GNG,5,20210319,140000,0.64,0.64,0.64,0.64,830,0
GNG,5,20210319,164500,0.656,0.656,0.656,0.656,1510,0
GNG,5,20210322,090000,0.642,0.642,0.642,0.642,370,0
GNG,5,20210322,090500,0.642,0.642,0.642,0.642,1000,0
GNG,5,20210322,101000,0.65,0.65,0.65,0.65,4000,0
GNG,5,20210322,113000,0.65,0.65,0.65,0.65,190,0
GNG,5,20210322,132000,0.644,0.644,0.642,0.642,2900,0
GNG,5,20210322,150000,0.632,0.632,0.632,0.632,1750,0
GNG,5,20210322,150500,0.648,0.648,0.648,0.648,2900,0
GNG,5,20210322,162500,0.632,0.65,0.63,0.65,4010,0
GNG,5,20210323,090000,0.63,0.64,0.59,0.64,50272,0
GNG,5,20210323,090500,0.638,0.638,0.638,0.638,2000,0
GNG,5,20210323,092500,0.62,0.62,0.618,0.618,2688,0
GNG,5,20210323,093000,0.61,0.61,0.608,0.608,3442,0
GNG,5,20210323,093500,0.61,0.61,0.61,0.61,1500,0
GNG,5,20210323,094500,0.61,0.61,0.61,0.61,1500,0
GNG,5,20210323,100000,0.61,0.61,0.61,0.61,5500,0
GNG,5,20210323,100500,0.61,0.61,0.592,0.592,11863,0
GNG,5,20210323,101000,0.6,0.6,0.6,0.6,3137,0
GNG,5,20210323,101500,0.6,0.6,0.59,0.59,13219,0
GNG,5,20210323,102000,0.616,0.618,0.6,0.616,15200,0
GNG,5,20210323,102500,0.6,0.6,0.6,0.6,2000,0
GNG,5,20210323,103000,0.6,0.6,0.6,0.6,5000,0
GNG,5,20210323,104000,0.6,0.602,0.6,0.6,18000,0
GNG,5,20210323,104500,0.6,0.6,0.6,0.6,5000,0
GNG,5,20210323,105000,0.6,0.6,0.6,0.6,7600,0
GNG,5,20210323,105500,0.6,0.6,0.6,0.6,1289,0
GNG,5,20210323,110000,0.6,0.6,0.6,0.6,865,0
GNG,5,20210323,111000,0.6,0.6,0.6,0.6,574,0
GNG,5,20210323,111500,0.6,0.6,0.6,0.6,926,0
GNG,5,20210323,112500,0.6,0.6,0.6,0.6,3600,0
GNG,5,20210323,120500,0.596,0.596,0.596,0.596,8000,0
GNG,5,20210323,123500,0.6,0.6,0.6,0.6,2500,0
GNG,5,20210323,124000,0.6,0.6,0.6,0.6,100,0
GNG,5,20210323,124500,0.6,0.6,0.6,0.6,1790,0
GNG,5,20210323,130000,0.6,0.6,0.6,0.6,210,0
GNG,5,20210323,134500,0.598,0.598,0.598,0.598,2000,0
GNG,5,20210323,135000,0.598,0.598,0.598,0.598,1000,0
GNG,5,20210323,140000,0.6,0.6,0.6,0.6,1000,0
GNG,5,20210323,143000,0.6,0.6,0.598,0.598,6700,0
GNG,5,20210323,143500,0.598,0.6,0.598,0.6,888,0
GNG,5,20210323,150000,0.6,0.61,0.6,0.61,2286,0
GNG,5,20210323,153000,0.6,0.6,0.6,0.6,11000,0
GNG,5,20210323,155500,0.608,0.61,0.608,0.61,6126,0
GNG,5,20210323,160000,0.61,0.61,0.61,0.61,3874,0
GNG,5,20210323,161000,0.61,0.61,0.61,0.61,1400,0
GNG,5,20210323,162500,0.602,0.602,0.6,0.6,9000,0
GNG,5,20210323,163000,0.6,0.6,0.6,0.6,3443,0
GNG,5,20210323,163500,0.598,0.598,0.596,0.596,5000,0
GNG,5,20210323,164000,0.596,0.596,0.582,0.582,40815,0
GNG,5,20210323,164500,0.59,0.59,0.59,0.59,9999,0
GNG,5,20210323,165500,0.59,0.59,0.59,0.59,1,0
GNG,5,20210324,090000,0.59,0.616,0.584,0.584,12704,0
GNG,5,20210324,091000,0.6,0.616,0.6,0.616,3500,0
GNG,5,20210324,092000,0.594,0.594,0.594,0.594,3660,0
GNG,5,20210324,092500,0.59,0.59,0.59,0.59,1037,0
GNG,5,20210324,093000,0.59,0.59,0.59,0.59,5818,0
GNG,5,20210324,101500,0.596,0.596,0.596,0.596,4148,0
GNG,5,20210324,104000,0.596,0.596,0.596,0.596,6386,0
GNG,5,20210324,115500,0.596,0.596,0.596,0.596,5614,0
GNG,5,20210324,121000,0.596,0.596,0.596,0.596,2,0
GNG,5,20210324,143000,0.59,0.59,0.58,0.58,5463,0
GNG,5,20210324,143500,0.576,0.576,0.572,0.572,16187,0
GNG,5,20210324,145500,0.574,0.574,0.574,0.574,1,0
GNG,5,20210324,152500,0.574,0.574,0.574,0.574,12225,0
GNG,5,20210324,153500,0.572,0.572,0.57,0.57,16150,0
GNG,5,20210324,154500,0.57,0.57,0.57,0.57,4150,0
GNG,5,20210324,155500,0.57,0.57,0.57,0.57,10000,0
GNG,5,20210324,160000,0.57,0.586,0.562,0.586,7000,0
GNG,5,20210325,090000,0.598,0.598,0.598,0.598,60,0
GNG,5,20210325,093500,0.596,0.596,0.596,0.596,1727,0
GNG,5,20210325,095000,0.59,0.59,0.59,0.59,2310,0
GNG,5,20210325,105000,0.588,0.588,0.588,0.588,1000,0
GNG,5,20210325,111500,0.586,0.586,0.586,0.586,1000,0
GNG,5,20210325,114000,0.58,0.58,0.57,0.57,1727,0
GNG,5,20210325,114500,0.59,0.596,0.59,0.596,6763,0
GNG,5,20210325,115000,0.598,0.598,0.598,0.598,1670,0
GNG,5,20210325,123000,0.588,0.588,0.588,0.588,2000,0
GNG,5,20210325,131000,0.588,0.588,0.588,0.588,1,0
GNG,5,20210325,144000,0.586,0.586,0.586,0.586,537,0
GNG,5,20210325,144500,0.586,0.586,0.586,0.586,1500,0
GNG,5,20210325,151000,0.586,0.586,0.586,0.586,300,0
GNG,5,20210325,153000,0.576,0.576,0.574,0.574,11300,0
GNG,5,20210325,153500,0.59,0.59,0.586,0.586,665,0
GNG,5,20210325,160000,0.576,0.576,0.576,0.576,58,0
GNG,5,20210325,161500,0.576,0.576,0.576,0.576,940,0
GNG,5,20210325,164000,0.576,0.576,0.57,0.57,6713,0
GNG,5,20210325,164500,0.57,0.57,0.57,0.57,1517,0
GNG,5,20210325,165500,0.588,0.588,0.588,0.588,60,0
GNG,5,20210326,090000,0.598,0.598,0.598,0.598,1500,0
GNG,5,20210326,091500,0.6,0.6,0.6,0.6,700,0
GNG,5,20210326,095500,0.592,0.592,0.592,0.592,1420,0
GNG,5,20210326,100000,0.59,0.59,0.572,0.572,1780,0
GNG,5,20210326,111000,0.596,0.596,0.596,0.596,10,0
GNG,5,20210326,124500,0.594,0.594,0.594,0.594,1,0
GNG,5,20210326,144000,0.59,0.594,0.59,0.594,1300,0
GNG,5,20210326,154000,0.594,0.594,0.594,0.594,1500,0
