<TICKER>,<PER>,<DATE>,<TIME>,<OPEN>,<HIGH>,<LOW>,<CLOSE>,<VOL>,<OPENINT>
GOV,5,20210204,090000,0.1115,0.1145,0.1115,0.114,240392,0
GOV,5,20210204,090500,0.114,0.117,0.114,0.117,556636,0
GOV,5,20210204,091000,0.117,0.125,0.117,0.125,647327,0
GOV,5,20210204,091500,0.125,0.1255,0.1185,0.1185,623294,0
GOV,5,20210204,092000,0.1185,0.12,0.117,0.12,266478,0
GOV,5,20210204,092500,0.118,0.1195,0.117,0.119,75504,0
GOV,5,20210204,093000,0.1175,0.1215,0.117,0.1215,152670,0
GOV,5,20210204,093500,0.1215,0.1215,0.117,0.12,120517,0
GOV,5,20210204,094000,0.12,0.121,0.12,0.121,27613,0
GOV,5,20210204,094500,0.121,0.121,0.1175,0.12,138773,0
GOV,5,20210204,095000,0.118,0.12,0.118,0.118,100564,0
GOV,5,20210204,095500,0.118,0.1195,0.1175,0.1175,62633,0
GOV,5,20210204,100000,0.1175,0.1175,0.113,0.113,587114,0
GOV,5,20210204,100500,0.118,0.118,0.118,0.118,1000,0
GOV,5,20210204,101000,0.117,0.117,0.117,0.117,11450,0
GOV,5,20210204,101500,0.116,0.116,0.1135,0.1135,192430,0
GOV,5,20210204,102000,0.1135,0.114,0.109,0.109,312576,0
GOV,5,20210204,102500,0.1095,0.1095,0.1095,0.1095,6924,0
GOV,5,20210204,103000,0.1095,0.1095,0.1085,0.1085,164076,0
GOV,5,20210204,103500,0.1085,0.11,0.107,0.11,319407,0
GOV,5,20210204,104000,0.11,0.11,0.11,0.11,20000,0
GOV,5,20210204,104500,0.11,0.11,0.11,0.11,24100,0
GOV,5,20210204,105000,0.1095,0.11,0.1095,0.11,22000,0
GOV,5,20210204,105500,0.11,0.11,0.11,0.11,10000,0
GOV,5,20210204,110000,0.11,0.11,0.11,0.11,344385,0
GOV,5,20210204,110500,0.1095,0.1155,0.1085,0.109,279499,0
GOV,5,20210204,111000,0.1095,0.1095,0.1095,0.1095,2764,0
GOV,5,20210204,111500,0.109,0.114,0.109,0.114,112000,0
GOV,5,20210204,112000,0.114,0.114,0.114,0.114,10000,0
GOV,5,20210204,112500,0.1135,0.1135,0.1135,0.1135,33155,0
GOV,5,20210204,113000,0.111,0.111,0.111,0.111,9000,0
GOV,5,20210204,113500,0.1135,0.1135,0.1135,0.1135,5704,0
GOV,5,20210204,114500,0.111,0.111,0.11,0.11,9000,0
GOV,5,20210204,115000,0.1135,0.1135,0.1135,0.1135,8000,0
GOV,5,20210204,120000,0.1135,0.1135,0.1135,0.1135,20000,0
GOV,5,20210204,120500,0.1135,0.1135,0.1135,0.1135,9310,0
GOV,5,20210204,121000,0.11,0.11,0.107,0.108,280232,0
GOV,5,20210204,122000,0.111,0.113,0.111,0.113,80321,0
GOV,5,20210204,122500,0.1135,0.1135,0.1135,0.1135,17714,0
GOV,5,20210204,123000,0.1135,0.114,0.1135,0.1135,29000,0
GOV,5,20210204,123500,0.111,0.111,0.111,0.111,8884,0
GOV,5,20210204,124000,0.1135,0.1135,0.1135,0.1135,912,0
GOV,5,20210204,124500,0.1135,0.1135,0.1135,0.1135,15000,0
GOV,5,20210204,125000,0.1135,0.1135,0.1135,0.1135,8000,0
GOV,5,20210204,125500,0.1135,0.114,0.1135,0.114,1000,0
GOV,5,20210204,130000,0.111,0.111,0.111,0.111,100,0
GOV,5,20210204,130500,0.111,0.111,0.111,0.111,10000,0
GOV,5,20210204,131000,0.111,0.111,0.108,0.108,44516,0
GOV,5,20210204,131500,0.113,0.113,0.113,0.113,4138,0
GOV,5,20210204,132000,0.108,0.108,0.108,0.108,5100,0
GOV,5,20210204,134000,0.113,0.113,0.113,0.113,8848,0
GOV,5,20210204,135000,0.11,0.11,0.11,0.11,6000,0
GOV,5,20210204,135500,0.112,0.113,0.11,0.113,168683,0
GOV,5,20210204,141500,0.1115,0.1115,0.1115,0.1115,481,0
GOV,5,20210204,142000,0.1115,0.1115,0.108,0.108,92515,0
GOV,5,20210204,143000,0.108,0.108,0.108,0.108,12221,0
GOV,5,20210204,144000,0.108,0.108,0.107,0.107,105659,0
GOV,5,20210204,145500,0.1105,0.1105,0.11,0.11,9000,0
GOV,5,20210204,151500,0.108,0.108,0.108,0.108,1079,0
GOV,5,20210204,152000,0.11,0.11,0.11,0.11,4972,0
GOV,5,20210204,152500,0.11,0.11,0.11,0.11,33776,0
GOV,5,20210204,153000,0.11,0.11,0.11,0.11,5000,0
GOV,5,20210204,153500,0.111,0.112,0.111,0.112,35000,0
GOV,5,20210204,154500,0.11,0.1115,0.107,0.107,44542,0
GOV,5,20210204,155500,0.108,0.108,0.107,0.107,173553,0
GOV,5,20210204,160000,0.111,0.111,0.111,0.111,1213,0
GOV,5,20210204,160500,0.11,0.11,0.11,0.11,3000,0
GOV,5,20210204,162000,0.1075,0.1075,0.1065,0.1065,63275,0
GOV,5,20210204,162500,0.1065,0.1065,0.1065,0.1065,40000,0
GOV,5,20210204,163000,0.1075,0.1075,0.1075,0.1075,4300,0
GOV,5,20210204,163500,0.108,0.108,0.108,0.108,20800,0
GOV,5,20210204,164000,0.1075,0.1075,0.1075,0.1075,11700,0
GOV,5,20210204,164500,0.108,0.108,0.108,0.108,16000,0
GOV,5,20210205,090000,0.108,0.11,0.108,0.11,25101,0
GOV,5,20210205,091000,0.11,0.111,0.11,0.111,40000,0
GOV,5,20210205,091500,0.107,0.107,0.1065,0.1065,41275,0
GOV,5,20210205,092000,0.1065,0.11,0.106,0.11,291324,0
GOV,5,20210205,092500,0.107,0.109,0.107,0.109,51250,0
GOV,5,20210205,093000,0.11,0.11,0.11,0.11,33911,0
GOV,5,20210205,093500,0.1095,0.11,0.1095,0.11,98113,0
GOV,5,20210205,094000,0.111,0.112,0.111,0.112,86740,0
GOV,5,20210205,095000,0.11,0.11,0.11,0.11,50000,0
GOV,5,20210205,095500,0.109,0.109,0.109,0.109,4194,0
GOV,5,20210205,100000,0.109,0.109,0.109,0.109,53842,0
GOV,5,20210205,100500,0.111,0.1115,0.111,0.1115,35000,0
GOV,5,20210205,101000,0.11,0.11,0.11,0.11,12500,0
GOV,5,20210205,102000,0.1095,0.1095,0.109,0.109,31000,0
GOV,5,20210205,102500,0.1095,0.11,0.1085,0.1085,40948,0
GOV,5,20210205,104000,0.11,0.11,0.11,0.11,3800,0
GOV,5,20210205,105500,0.1085,0.1085,0.108,0.108,49000,0
GOV,5,20210205,110500,0.11,0.11,0.11,0.11,37102,0
GOV,5,20210205,112000,0.11,0.11,0.11,0.11,7663,0
GOV,5,20210205,113000,0.11,0.11,0.11,0.11,100000,0
GOV,5,20210205,113500,0.108,0.108,0.108,0.108,23033,0
GOV,5,20210205,115000,0.108,0.108,0.108,0.108,32005,0
GOV,5,20210205,115500,0.11,0.11,0.11,0.11,4500,0
GOV,5,20210205,120500,0.11,0.11,0.11,0.11,1500,0
GOV,5,20210205,121500,0.108,0.108,0.108,0.108,10000,0
GOV,5,20210205,122500,0.1095,0.11,0.1095,0.11,58000,0
GOV,5,20210205,123000,0.11,0.11,0.11,0.11,5150,0
GOV,5,20210205,123500,0.11,0.11,0.11,0.11,450,0
GOV,5,20210205,125500,0.108,0.108,0.108,0.108,10000,0
GOV,5,20210205,130000,0.108,0.108,0.108,0.108,11550,0
GOV,5,20210205,131000,0.108,0.108,0.108,0.108,9186,0
GOV,5,20210205,133000,0.108,0.108,0.1075,0.1075,13000,0
GOV,5,20210205,134500,0.11,0.1105,0.11,0.11,105000,0
GOV,5,20210205,135500,0.11,0.11,0.11,0.11,2300,0
GOV,5,20210205,140500,0.11,0.11,0.11,0.11,73172,0
GOV,5,20210205,141500,0.111,0.1115,0.111,0.111,177951,0
GOV,5,20210205,142000,0.112,0.112,0.112,0.112,21120,0
GOV,5,20210205,143000,0.111,0.111,0.111,0.111,50000,0
GOV,5,20210205,143500,0.112,0.112,0.111,0.111,40000,0
GOV,5,20210205,145000,0.111,0.111,0.111,0.111,15000,0
GOV,5,20210205,145500,0.111,0.111,0.11,0.11,50000,0
GOV,5,20210205,150000,0.11,0.11,0.1085,0.1085,15710,0
GOV,5,20210205,151500,0.109,0.109,0.109,0.109,5000,0
GOV,5,20210205,152000,0.11,0.11,0.11,0.11,15000,0
GOV,5,20210205,154000,0.11,0.11,0.11,0.11,1000,0
GOV,5,20210205,155000,0.109,0.109,0.1085,0.1085,31181,0
GOV,5,20210205,155500,0.11,0.11,0.11,0.11,100000,0
GOV,5,20210205,160500,0.109,0.109,0.109,0.109,18000,0
GOV,5,20210205,161500,0.11,0.1115,0.11,0.1115,74077,0
GOV,5,20210205,162000,0.1115,0.115,0.11,0.11,567541,0
GOV,5,20210205,162500,0.112,0.114,0.112,0.114,185613,0
GOV,5,20210205,163000,0.113,0.114,0.113,0.1135,161128,0
GOV,5,20210205,163500,0.1135,0.1135,0.113,0.113,77000,0
GOV,5,20210205,164000,0.113,0.113,0.109,0.109,122000,0
GOV,5,20210205,164500,0.1115,0.112,0.1115,0.112,105100,0
GOV,5,20210208,090000,0.114,0.114,0.112,0.113,121256,0
GOV,5,20210208,090500,0.113,0.113,0.113,0.113,25791,0
GOV,5,20210208,091000,0.111,0.113,0.111,0.113,6967,0
GOV,5,20210208,091500,0.113,0.113,0.11,0.11,76703,0
GOV,5,20210208,092000,0.111,0.111,0.108,0.109,85235,0
GOV,5,20210208,092500,0.109,0.109,0.109,0.109,6480,0
GOV,5,20210208,093000,0.1085,0.1085,0.108,0.108,30221,0
GOV,5,20210208,093500,0.112,0.112,0.1115,0.1115,14655,0
GOV,5,20210208,094000,0.112,0.112,0.112,0.112,9000,0
GOV,5,20210208,094500,0.11,0.112,0.11,0.112,37750,0
GOV,5,20210208,101500,0.1115,0.1115,0.1115,0.1115,500,0
GOV,5,20210208,104500,0.11,0.11,0.1095,0.1095,9000,0
GOV,5,20210208,105000,0.111,0.112,0.11,0.11,66427,0
GOV,5,20210208,105500,0.11,0.111,0.11,0.111,39535,0
GOV,5,20210208,110500,0.1095,0.1095,0.1095,0.1095,2,0
GOV,5,20210208,111500,0.11,0.11,0.11,0.11,9399,0
GOV,5,20210208,112000,0.11,0.11,0.11,0.11,10601,0
GOV,5,20210208,113000,0.11,0.11,0.11,0.11,3399,0
GOV,5,20210208,114500,0.1105,0.1105,0.1105,0.1105,4430,0
GOV,5,20210208,120500,0.1095,0.1095,0.109,0.109,49415,0
GOV,5,20210208,121000,0.1085,0.1085,0.108,0.108,133733,0
GOV,5,20210208,121500,0.109,0.109,0.108,0.108,84526,0
GOV,5,20210208,122000,0.108,0.109,0.1065,0.109,49968,0
GOV,5,20210208,122500,0.107,0.107,0.1065,0.1065,50613,0
GOV,5,20210208,123000,0.107,0.1085,0.107,0.1085,5001,0
GOV,5,20210208,123500,0.107,0.107,0.107,0.107,1,0
GOV,5,20210208,124000,0.107,0.107,0.105,0.105,91907,0
GOV,5,20210208,124500,0.106,0.107,0.105,0.1055,23436,0
GOV,5,20210208,125000,0.107,0.1085,0.106,0.1085,88810,0
GOV,5,20210208,125500,0.1095,0.1095,0.1095,0.1095,1095,0
GOV,5,20210208,130000,0.1095,0.1105,0.1065,0.109,84106,0
GOV,5,20210208,130500,0.109,0.109,0.109,0.109,3500,0
GOV,5,20210208,131000,0.1065,0.1065,0.1065,0.1065,28499,0
GOV,5,20210208,131500,0.106,0.106,0.106,0.106,97500,0
GOV,5,20210208,132000,0.1055,0.1055,0.1055,0.1055,9400,0
GOV,5,20210208,133500,0.1055,0.1055,0.1045,0.1045,80563,0
GOV,5,20210208,134000,0.104,0.11,0.102,0.11,222303,0
GOV,5,20210208,135000,0.109,0.109,0.1055,0.1055,21000,0
GOV,5,20210208,135500,0.1055,0.1055,0.1055,0.1055,1800,0
GOV,5,20210208,140000,0.1055,0.1055,0.1055,0.1055,3200,0
GOV,5,20210208,141000,0.1045,0.1045,0.1045,0.1045,2500,0
GOV,5,20210208,141500,0.105,0.105,0.105,0.105,2500,0
GOV,5,20210208,143000,0.108,0.1085,0.108,0.1085,30200,0
GOV,5,20210208,144000,0.1085,0.1085,0.108,0.108,1441,0
GOV,5,20210208,145000,0.108,0.1085,0.108,0.1085,35000,0
GOV,5,20210208,145500,0.108,0.108,0.108,0.108,209999,0
GOV,5,20210208,150000,0.108,0.109,0.108,0.109,18668,0
GOV,5,20210208,150500,0.109,0.109,0.106,0.106,31373,0
GOV,5,20210208,151000,0.109,0.109,0.109,0.109,1,0
GOV,5,20210208,152500,0.109,0.1095,0.109,0.1095,65644,0
GOV,5,20210208,153000,0.106,0.1095,0.106,0.1095,5079,0
GOV,5,20210208,153500,0.1095,0.1095,0.1095,0.1095,24556,0
GOV,5,20210208,154000,0.1095,0.1095,0.1095,0.1095,4444,0
GOV,5,20210208,154500,0.1095,0.1095,0.1095,0.1095,2000,0
GOV,5,20210208,155000,0.109,0.11,0.109,0.11,20000,0
GOV,5,20210208,155500,0.11,0.11,0.11,0.11,9845,0
GOV,5,20210208,161000,0.1065,0.1065,0.1065,0.1065,52500,0
GOV,5,20210208,162000,0.1085,0.1085,0.1085,0.1085,18378,0
GOV,5,20210208,163000,0.1085,0.1095,0.1085,0.1095,8500,0
GOV,5,20210208,163500,0.1095,0.11,0.107,0.107,91648,0
GOV,5,20210208,164000,0.1095,0.1105,0.1095,0.1105,54758,0
GOV,5,20210208,164500,0.1065,0.1065,0.1065,0.1065,72100,0
GOV,5,20210209,090000,0.1045,0.105,0.1045,0.105,89168,0
GOV,5,20210209,090500,0.104,0.104,0.102,0.102,161465,0
GOV,5,20210209,091000,0.103,0.103,0.103,0.103,27000,0
GOV,5,20210209,091500,0.1025,0.1025,0.1025,0.1025,26267,0
GOV,5,20210209,092000,0.1025,0.1025,0.1025,0.1025,8072,0
GOV,5,20210209,092500,0.102,0.1025,0.102,0.1025,36928,0
GOV,5,20210209,093000,0.1025,0.1025,0.101,0.101,66385,0
GOV,5,20210209,093500,0.1045,0.1045,0.1045,0.1045,16000,0
GOV,5,20210209,095000,0.102,0.102,0.102,0.102,2481,0
GOV,5,20210209,095500,0.102,0.102,0.1015,0.102,44966,0
GOV,5,20210209,100000,0.102,0.102,0.102,0.102,2936,0
GOV,5,20210209,100500,0.1015,0.1015,0.1015,0.1015,11105,0
GOV,5,20210209,101000,0.102,0.102,0.102,0.102,1084,0
GOV,5,20210209,103000,0.103,0.103,0.103,0.103,20000,0
GOV,5,20210209,103500,0.104,0.1045,0.1025,0.104,6055,0
GOV,5,20210209,104500,0.1045,0.105,0.1045,0.105,30000,0
GOV,5,20210209,105000,0.105,0.105,0.105,0.105,19000,0
GOV,5,20210209,112000,0.1025,0.1025,0.1025,0.1025,15000,0
GOV,5,20210209,112500,0.105,0.105,0.105,0.105,11555,0
GOV,5,20210209,115000,0.104,0.104,0.104,0.104,5477,0
GOV,5,20210209,115500,0.102,0.102,0.102,0.102,100392,0
GOV,5,20210209,121000,0.102,0.102,0.1015,0.1015,40000,0
GOV,5,20210209,122500,0.104,0.104,0.104,0.104,25000,0
GOV,5,20210209,130000,0.1015,0.104,0.101,0.104,19500,0
GOV,5,20210209,130500,0.101,0.101,0.101,0.101,16000,0
GOV,5,20210209,131000,0.1015,0.1015,0.1015,0.1015,20000,0
GOV,5,20210209,131500,0.1015,0.1015,0.1015,0.1015,24000,0
GOV,5,20210209,132500,0.1035,0.1035,0.1035,0.1035,180,0
GOV,5,20210209,133500,0.1035,0.1035,0.1035,0.1035,917,0
GOV,5,20210209,134000,0.1035,0.1035,0.1035,0.1035,10000,0
GOV,5,20210209,141500,0.1035,0.104,0.1035,0.104,10000,0
GOV,5,20210209,142500,0.1015,0.1015,0.101,0.101,58800,0
GOV,5,20210209,144500,0.102,0.102,0.101,0.101,70000,0
GOV,5,20210209,145500,0.101,0.101,0.101,0.101,63307,0
GOV,5,20210209,150000,0.101,0.1035,0.101,0.1035,38937,0
GOV,5,20210209,151000,0.1035,0.1035,0.101,0.1035,22896,0
GOV,5,20210209,153000,0.1035,0.1035,0.1035,0.1035,144074,0
GOV,5,20210209,154500,0.1025,0.1025,0.1005,0.1005,50000,0
GOV,5,20210209,155000,0.1035,0.1035,0.1035,0.1035,41600,0
GOV,5,20210209,155500,0.1035,0.1035,0.1035,0.1035,2551,0
GOV,5,20210209,160500,0.101,0.103,0.1005,0.103,61131,0
GOV,5,20210209,161500,0.103,0.103,0.103,0.103,15175,0
GOV,5,20210209,162000,0.1035,0.1035,0.1035,0.1035,14825,0
GOV,5,20210209,163500,0.1035,0.1035,0.1035,0.1035,188,0
GOV,5,20210209,164500,0.104,0.104,0.104,0.104,8100,0
GOV,5,20210210,090000,0.1065,0.1065,0.102,0.104,232343,0
GOV,5,20210210,090500,0.102,0.104,0.102,0.104,29005,0
GOV,5,20210210,091000,0.102,0.102,0.1015,0.1015,23555,0
GOV,5,20210210,091500,0.1015,0.1015,0.1015,0.1015,4099,0
GOV,5,20210210,092500,0.102,0.102,0.102,0.102,52630,0
GOV,5,20210210,093000,0.1015,0.1015,0.1015,0.1015,11870,0
GOV,5,20210210,093500,0.1015,0.1015,0.101,0.101,35305,0
GOV,5,20210210,094000,0.103,0.103,0.103,0.103,16890,0
GOV,5,20210210,094500,0.102,0.102,0.102,0.102,3000,0
GOV,5,20210210,095500,0.102,0.102,0.102,0.102,10000,0
GOV,5,20210210,101000,0.103,0.103,0.103,0.103,40,0
GOV,5,20210210,101500,0.103,0.103,0.1015,0.1015,15000,0
GOV,5,20210210,102000,0.1015,0.1015,0.1015,0.1015,20659,0
GOV,5,20210210,103000,0.102,0.102,0.1015,0.1015,20400,0
GOV,5,20210210,103500,0.1025,0.103,0.1025,0.103,6479,0
GOV,5,20210210,105500,0.103,0.1035,0.103,0.1035,20000,0
GOV,5,20210210,110500,0.1015,0.1015,0.101,0.101,60000,0
GOV,5,20210210,112000,0.1015,0.1015,0.1015,0.1015,10000,0
GOV,5,20210210,113000,0.102,0.102,0.102,0.102,7000,0
GOV,5,20210210,114000,0.102,0.102,0.101,0.101,37890,0
GOV,5,20210210,115000,0.101,0.101,0.101,0.101,2000,0
GOV,5,20210210,115500,0.101,0.102,0.101,0.102,59360,0
GOV,5,20210210,120000,0.101,0.1035,0.101,0.103,48000,0
GOV,5,20210210,120500,0.103,0.103,0.103,0.103,30000,0
GOV,5,20210210,122000,0.103,0.103,0.103,0.103,10700,0
GOV,5,20210210,122500,0.103,0.103,0.103,0.103,48000,0
GOV,5,20210210,123000,0.103,0.103,0.103,0.103,6190,0
GOV,5,20210210,123500,0.103,0.103,0.103,0.103,13875,0
GOV,5,20210210,124500,0.103,0.103,0.103,0.103,10000,0
GOV,5,20210210,130000,0.102,0.102,0.102,0.102,38000,0
GOV,5,20210210,130500,0.102,0.102,0.102,0.102,1,0
GOV,5,20210210,135000,0.102,0.102,0.102,0.102,5000,0
GOV,5,20210210,140500,0.1025,0.1025,0.1025,0.1025,500,0
GOV,5,20210210,143000,0.1025,0.1025,0.1025,0.1025,29500,0
GOV,5,20210210,143500,0.103,0.103,0.1025,0.1025,24600,0
GOV,5,20210210,144000,0.103,0.1035,0.103,0.1035,26459,0
GOV,5,20210210,152000,0.102,0.102,0.102,0.102,4000,0
GOV,5,20210210,152500,0.103,0.103,0.103,0.103,41000,0
GOV,5,20210210,153000,0.1035,0.1035,0.1035,0.1035,103000,0
GOV,5,20210210,154500,0.1055,0.107,0.105,0.107,102550,0
GOV,5,20210210,155000,0.107,0.108,0.107,0.1075,90000,0
GOV,5,20210210,155500,0.105,0.105,0.1035,0.1035,160000,0
GOV,5,20210210,160000,0.107,0.107,0.107,0.107,2682,0
GOV,5,20210210,161000,0.1065,0.1065,0.1065,0.1065,10200,0
GOV,5,20210210,161500,0.107,0.1085,0.107,0.108,286491,0
GOV,5,20210210,163000,0.108,0.108,0.108,0.108,1,0
GOV,5,20210210,163500,0.1045,0.1045,0.1045,0.1045,27960,0
GOV,5,20210210,164500,0.106,0.106,0.106,0.106,5600,0
GOV,5,20210211,090000,0.1045,0.107,0.1045,0.107,3670,0
GOV,5,20210211,091000,0.1045,0.1045,0.1045,0.1045,7390,0
GOV,5,20210211,091500,0.104,0.104,0.104,0.104,3988,0
GOV,5,20210211,092500,0.105,0.105,0.105,0.105,24971,0
GOV,5,20210211,094000,0.1045,0.1045,0.104,0.104,28012,0
GOV,5,20210211,094500,0.103,0.106,0.103,0.106,50436,0
GOV,5,20210211,095000,0.103,0.103,0.1025,0.1025,90001,0
GOV,5,20210211,100500,0.1045,0.106,0.1045,0.106,114000,0
GOV,5,20210211,101000,0.106,0.109,0.106,0.109,216245,0
GOV,5,20210211,101500,0.109,0.11,0.108,0.108,61384,0
GOV,5,20210211,102000,0.11,0.113,0.1095,0.113,321730,0
GOV,5,20210211,102500,0.112,0.112,0.111,0.112,28000,0
GOV,5,20210211,103000,0.111,0.111,0.111,0.111,20000,0
GOV,5,20210211,103500,0.111,0.111,0.111,0.111,7000,0
GOV,5,20210211,104000,0.111,0.111,0.109,0.11,21866,0
GOV,5,20210211,104500,0.11,0.1115,0.11,0.1115,43267,0
GOV,5,20210211,105500,0.111,0.111,0.111,0.111,2245,0
GOV,5,20210211,112000,0.11,0.11,0.11,0.11,306,0
GOV,5,20210211,112500,0.1095,0.1095,0.1095,0.1095,8000,0
GOV,5,20210211,113000,0.1095,0.1095,0.1095,0.1095,419,0
GOV,5,20210211,113500,0.109,0.109,0.109,0.109,100000,0
GOV,5,20210211,114000,0.1085,0.1085,0.1085,0.1085,34755,0
GOV,5,20210211,114500,0.108,0.108,0.108,0.108,44040,0
GOV,5,20210211,122000,0.108,0.108,0.1075,0.1075,36949,0
GOV,5,20210211,122500,0.107,0.107,0.107,0.107,50000,0
GOV,5,20210211,124000,0.107,0.107,0.107,0.107,4200,0
GOV,5,20210211,124500,0.108,0.108,0.108,0.108,435,0
GOV,5,20210211,125500,0.108,0.108,0.108,0.108,5000,0
GOV,5,20210211,130000,0.108,0.108,0.107,0.107,41000,0
GOV,5,20210211,130500,0.108,0.108,0.108,0.108,1820,0
GOV,5,20210211,131500,0.109,0.109,0.107,0.107,28558,0
GOV,5,20210211,132500,0.1095,0.11,0.109,0.11,58178,0
GOV,5,20210211,133000,0.11,0.11,0.11,0.11,7172,0
GOV,5,20210211,134500,0.11,0.11,0.11,0.11,77306,0
GOV,5,20210211,135000,0.107,0.107,0.107,0.107,15170,0
GOV,5,20210211,140000,0.11,0.1105,0.11,0.1105,31500,0
GOV,5,20210211,140500,0.1075,0.111,0.1075,0.111,51000,0
GOV,5,20210211,141000,0.11,0.111,0.1075,0.1075,51809,0
GOV,5,20210211,142000,0.1075,0.1105,0.106,0.11,304000,0
GOV,5,20210211,142500,0.1105,0.111,0.1105,0.1105,66500,0
GOV,5,20210211,143000,0.111,0.111,0.1105,0.1105,18151,0
GOV,5,20210211,143500,0.11,0.11,0.11,0.11,768,0
GOV,5,20210211,144000,0.11,0.11,0.11,0.11,4500,0
GOV,5,20210211,144500,0.11,0.11,0.11,0.11,13835,0
GOV,5,20210211,145000,0.11,0.1105,0.11,0.1105,1000,0
GOV,5,20210211,145500,0.1105,0.1105,0.108,0.108,19940,0
GOV,5,20210211,150500,0.108,0.11,0.108,0.11,21253,0
GOV,5,20210211,152500,0.109,0.109,0.109,0.109,19000,0
GOV,5,20210211,153000,0.109,0.109,0.109,0.109,2652,0
GOV,5,20210211,153500,0.108,0.1095,0.108,0.1095,29903,0
GOV,5,20210211,154000,0.1095,0.11,0.1095,0.11,5500,0
GOV,5,20210211,154500,0.11,0.11,0.11,0.11,16000,0
GOV,5,20210211,155500,0.11,0.11,0.11,0.11,50000,0
GOV,5,20210211,160500,0.11,0.11,0.11,0.11,3636,0
GOV,5,20210211,161500,0.11,0.11,0.11,0.11,35889,0
GOV,5,20210211,162000,0.11,0.11,0.11,0.11,17369,0
GOV,5,20210211,162500,0.11,0.11,0.11,0.11,10631,0
GOV,5,20210211,163000,0.11,0.11,0.11,0.11,425,0
GOV,5,20210211,163500,0.108,0.108,0.108,0.108,2569,0
GOV,5,20210211,164500,0.11,0.11,0.11,0.11,1300,0
GOV,5,20210212,090000,0.1105,0.1105,0.11,0.1105,56821,0
GOV,5,20210212,090500,0.11,0.11,0.11,0.11,2000,0
GOV,5,20210212,091000,0.108,0.108,0.108,0.108,4360,0
GOV,5,20210212,091500,0.108,0.11,0.1065,0.11,84545,0
GOV,5,20210212,092000,0.1105,0.1105,0.1105,0.1105,3455,0
GOV,5,20210212,092500,0.108,0.108,0.1075,0.1075,40000,0
GOV,5,20210212,093500,0.1085,0.1085,0.1075,0.1075,50000,0
GOV,5,20210212,094500,0.108,0.108,0.108,0.108,100,0
GOV,5,20210212,095500,0.108,0.108,0.108,0.108,50000,0
GOV,5,20210212,100000,0.108,0.108,0.108,0.108,67000,0
GOV,5,20210212,100500,0.108,0.11,0.107,0.11,84000,0
GOV,5,20210212,102000,0.11,0.11,0.11,0.11,6641,0
GOV,5,20210212,103000,0.11,0.11,0.11,0.11,15100,0
GOV,5,20210212,105000,0.109,0.109,0.108,0.108,94520,0
GOV,5,20210212,105500,0.108,0.108,0.108,0.108,15756,0
GOV,5,20210212,110000,0.1095,0.1105,0.1095,0.1105,83675,0
GOV,5,20210212,110500,0.1105,0.111,0.11,0.11,52000,0
GOV,5,20210212,111000,0.11,0.11,0.11,0.11,5000,0
GOV,5,20210212,120500,0.111,0.1125,0.111,0.1125,142852,0
GOV,5,20210212,121000,0.1105,0.113,0.11,0.1125,40184,0
GOV,5,20210212,122000,0.1125,0.1125,0.1125,0.1125,10000,0
GOV,5,20210212,122500,0.1125,0.1125,0.1125,0.1125,9290,0
GOV,5,20210212,124000,0.11,0.11,0.11,0.11,24000,0
GOV,5,20210212,124500,0.109,0.1115,0.109,0.1115,23443,0
GOV,5,20210212,125000,0.1115,0.112,0.1115,0.112,20000,0
GOV,5,20210212,130000,0.111,0.111,0.111,0.111,2000,0
GOV,5,20210212,130500,0.111,0.111,0.111,0.111,10000,0
GOV,5,20210212,131000,0.109,0.109,0.1075,0.1075,143971,0
GOV,5,20210212,133500,0.108,0.108,0.1065,0.1065,233560,0
GOV,5,20210212,134000,0.107,0.107,0.107,0.107,15600,0
GOV,5,20210212,135000,0.11,0.11,0.1075,0.1075,104849,0
GOV,5,20210212,135500,0.11,0.1105,0.11,0.1105,37892,0
GOV,5,20210212,141000,0.11,0.11,0.11,0.11,16000,0
GOV,5,20210212,141500,0.1105,0.111,0.1105,0.111,47636,0
GOV,5,20210212,142000,0.111,0.112,0.111,0.112,128000,0
GOV,5,20210212,142500,0.111,0.111,0.111,0.111,9395,0
GOV,5,20210212,143000,0.111,0.111,0.111,0.111,18605,0
GOV,5,20210212,144000,0.112,0.112,0.112,0.112,8578,0
GOV,5,20210212,144500,0.11,0.11,0.11,0.11,20000,0
GOV,5,20210212,145000,0.1095,0.1095,0.1085,0.1085,61666,0
GOV,5,20210212,145500,0.108,0.108,0.1075,0.1075,128651,0
GOV,5,20210212,150000,0.1075,0.1075,0.1055,0.107,323000,0
GOV,5,20210212,150500,0.108,0.108,0.1065,0.108,44000,0
GOV,5,20210212,151500,0.108,0.108,0.1065,0.1065,44168,0
GOV,5,20210212,152500,0.107,0.107,0.107,0.107,1000,0
GOV,5,20210212,154000,0.1095,0.1095,0.1095,0.1095,1095,0
GOV,5,20210212,164000,0.1075,0.1085,0.1075,0.1085,29000,0
GOV,5,20210212,164500,0.109,0.1095,0.109,0.1095,25094,0
GOV,5,20210215,090000,0.1065,0.107,0.1055,0.1055,157237,0
GOV,5,20210215,090500,0.1055,0.107,0.105,0.107,50545,0
GOV,5,20210215,091000,0.1065,0.1065,0.1045,0.1045,27694,0
GOV,5,20210215,091500,0.104,0.1045,0.102,0.102,113755,0
GOV,5,20210215,092500,0.1045,0.107,0.1045,0.107,119730,0
GOV,5,20210215,093000,0.105,0.105,0.104,0.105,53000,0
GOV,5,20210215,093500,0.104,0.104,0.104,0.104,40000,0
GOV,5,20210215,094500,0.104,0.104,0.104,0.104,70030,0
GOV,5,20210215,095000,0.104,0.104,0.104,0.104,10274,0
GOV,5,20210215,100000,0.104,0.104,0.104,0.104,31321,0
GOV,5,20210215,101000,0.104,0.104,0.104,0.104,41327,0
GOV,5,20210215,101500,0.104,0.105,0.104,0.105,17000,0
GOV,5,20210215,102000,0.105,0.105,0.1025,0.1025,84000,0
GOV,5,20210215,102500,0.1025,0.1025,0.1025,0.1025,19504,0
GOV,5,20210215,103000,0.104,0.104,0.104,0.104,2001,0
GOV,5,20210215,104000,0.103,0.103,0.103,0.103,27000,0
GOV,5,20210215,105000,0.105,0.105,0.105,0.105,1,0
GOV,5,20210215,111000,0.105,0.105,0.105,0.105,16000,0
GOV,5,20210215,111500,0.104,0.104,0.104,0.104,15000,0
GOV,5,20210215,112000,0.104,0.104,0.103,0.103,50936,0
GOV,5,20210215,115500,0.1035,0.1035,0.103,0.103,80559,0
GOV,5,20210215,120000,0.103,0.103,0.103,0.103,1891,0
GOV,5,20210215,120500,0.103,0.106,0.101,0.1015,590889,0
GOV,5,20210215,121000,0.102,0.102,0.1015,0.1015,110800,0
GOV,5,20210215,122000,0.1035,0.106,0.1035,0.106,100000,0
GOV,5,20210215,122500,0.103,0.105,0.103,0.103,6116,0
GOV,5,20210215,123000,0.103,0.103,0.103,0.103,10789,0
GOV,5,20210215,124500,0.104,0.104,0.104,0.104,5000,0
GOV,5,20210215,125500,0.105,0.105,0.105,0.105,10000,0
GOV,5,20210215,130000,0.103,0.103,0.1025,0.1025,30000,0
GOV,5,20210215,131000,0.103,0.103,0.103,0.103,20000,0
GOV,5,20210215,132000,0.1045,0.1045,0.1045,0.1045,15304,0
GOV,5,20210215,133000,0.1045,0.1045,0.1045,0.1045,6696,0
GOV,5,20210215,133500,0.1045,0.1045,0.1045,0.1045,3304,0
GOV,5,20210215,134000,0.105,0.105,0.105,0.105,14242,0
GOV,5,20210215,134500,0.1045,0.1045,0.1045,0.1045,1500,0
GOV,5,20210215,135500,0.1045,0.105,0.1045,0.105,1749,0
GOV,5,20210215,140000,0.105,0.105,0.105,0.105,32251,0
GOV,5,20210215,144000,0.105,0.105,0.105,0.105,5000,0
GOV,5,20210215,145000,0.104,0.104,0.104,0.104,575,0
GOV,5,20210215,151000,0.1035,0.1035,0.1035,0.1035,2000,0
GOV,5,20210215,152000,0.1035,0.1035,0.103,0.103,70000,0
GOV,5,20210215,152500,0.104,0.104,0.104,0.104,4425,0
GOV,5,20210215,153500,0.104,0.104,0.103,0.103,58000,0
GOV,5,20210215,154000,0.105,0.105,0.105,0.105,13755,0
GOV,5,20210215,155500,0.104,0.104,0.104,0.104,43000,0
GOV,5,20210215,160000,0.1035,0.1035,0.1035,0.1035,8300,0
GOV,5,20210215,160500,0.104,0.104,0.104,0.104,7000,0
GOV,5,20210215,164500,0.1055,0.1055,0.104,0.105,85251,0
GOV,5,20210216,090000,0.1065,0.1065,0.106,0.106,34628,0
GOV,5,20210216,090500,0.106,0.106,0.1035,0.1035,51000,0
GOV,5,20210216,092500,0.104,0.104,0.104,0.104,20000,0
GOV,5,20210216,093000,0.1055,0.1055,0.1055,0.1055,2000,0
GOV,5,20210216,095000,0.105,0.106,0.105,0.106,25000,0
GOV,5,20210216,095500,0.1035,0.1035,0.1035,0.1035,102700,0
GOV,5,20210216,100000,0.1035,0.106,0.1035,0.106,93785,0
GOV,5,20210216,100500,0.1035,0.1035,0.1035,0.1035,50000,0
GOV,5,20210216,101500,0.105,0.105,0.1035,0.1035,75000,0
GOV,5,20210216,102500,0.1035,0.1035,0.103,0.103,90276,0
GOV,5,20210216,103500,0.103,0.103,0.102,0.102,109681,0
GOV,5,20210216,104500,0.104,0.1045,0.104,0.1045,3500,0
GOV,5,20210216,111000,0.1015,0.1015,0.1015,0.1015,37,0
GOV,5,20210216,112500,0.1015,0.104,0.1015,0.104,4000,0
GOV,5,20210216,113000,0.103,0.103,0.103,0.103,10000,0
GOV,5,20210216,115500,0.104,0.104,0.104,0.104,6220,0
GOV,5,20210216,120000,0.104,0.104,0.104,0.104,1000,0
GOV,5,20210216,124000,0.1045,0.1045,0.1045,0.1045,21500,0
GOV,5,20210216,124500,0.104,0.104,0.102,0.102,103530,0
GOV,5,20210216,125000,0.1045,0.1045,0.1045,0.1045,250,0
GOV,5,20210216,131000,0.1045,0.1045,0.1045,0.1045,10000,0
GOV,5,20210216,131500,0.1035,0.1035,0.1025,0.1025,11000,0
GOV,5,20210216,133000,0.1045,0.1045,0.1045,0.1045,1,0
GOV,5,20210216,135000,0.1035,0.1035,0.102,0.102,49500,0
GOV,5,20210216,140000,0.104,0.104,0.104,0.104,20000,0
GOV,5,20210216,140500,0.104,0.1055,0.104,0.1055,81640,0
GOV,5,20210216,141000,0.105,0.106,0.105,0.106,181135,0
GOV,5,20210216,142000,0.106,0.106,0.106,0.106,2000,0
GOV,5,20210216,142500,0.106,0.106,0.106,0.106,41440,0
GOV,5,20210216,143000,0.106,0.1065,0.106,0.106,52500,0
GOV,5,20210216,143500,0.106,0.106,0.106,0.106,4553,0
GOV,5,20210216,144000,0.106,0.109,0.106,0.109,199527,0
GOV,5,20210216,144500,0.109,0.1125,0.109,0.11,370755,0
GOV,5,20210216,145000,0.111,0.1115,0.111,0.111,61796,0
GOV,5,20210216,145500,0.11,0.11,0.11,0.11,120000,0
GOV,5,20210216,150000,0.1095,0.1095,0.109,0.1095,114578,0
GOV,5,20210216,150500,0.1095,0.1095,0.1095,0.1095,19000,0
GOV,5,20210216,151000,0.109,0.109,0.109,0.109,1000,0
GOV,5,20210216,151500,0.108,0.108,0.108,0.108,60000,0
GOV,5,20210216,152500,0.107,0.107,0.107,0.107,50000,0
GOV,5,20210216,153000,0.108,0.108,0.108,0.108,1500,0
GOV,5,20210216,154500,0.108,0.108,0.108,0.108,15000,0
GOV,5,20210216,155000,0.108,0.109,0.108,0.108,10222,0
GOV,5,20210216,155500,0.109,0.109,0.109,0.109,6000,0
GOV,5,20210216,160000,0.109,0.109,0.1085,0.1085,25000,0
GOV,5,20210216,160500,0.109,0.1095,0.109,0.109,69242,0
GOV,5,20210216,161000,0.106,0.109,0.106,0.107,24826,0
GOV,5,20210216,161500,0.109,0.11,0.107,0.11,63501,0
GOV,5,20210216,162000,0.1075,0.112,0.1075,0.112,130775,0
GOV,5,20210216,162500,0.1095,0.1125,0.1095,0.1125,234201,0
GOV,5,20210216,163000,0.113,0.119,0.113,0.119,953530,0
GOV,5,20210216,163500,0.115,0.1175,0.115,0.115,236203,0
GOV,5,20210216,164000,0.116,0.1175,0.116,0.116,162175,0
GOV,5,20210216,164500,0.117,0.1185,0.115,0.117,544124,0
GOV,5,20210217,090000,0.123,0.124,0.118,0.1235,811522,0
GOV,5,20210217,090500,0.1235,0.124,0.118,0.119,478044,0
GOV,5,20210217,091000,0.119,0.119,0.117,0.119,268850,0
GOV,5,20210217,091500,0.118,0.118,0.116,0.117,323415,0
GOV,5,20210217,092000,0.117,0.117,0.1155,0.1155,104771,0
GOV,5,20210217,092500,0.1155,0.116,0.1155,0.1155,93359,0
GOV,5,20210217,093000,0.1155,0.117,0.1155,0.117,61183,0
GOV,5,20210217,093500,0.118,0.119,0.118,0.119,39100,0
GOV,5,20210217,094000,0.119,0.12,0.119,0.1195,64138,0
GOV,5,20210217,094500,0.1195,0.1195,0.119,0.119,45350,0
GOV,5,20210217,095000,0.119,0.119,0.119,0.119,10000,0
GOV,5,20210217,095500,0.118,0.118,0.117,0.117,70000,0
GOV,5,20210217,100000,0.118,0.118,0.118,0.118,10000,0
GOV,5,20210217,100500,0.118,0.118,0.118,0.118,8547,0
GOV,5,20210217,101000,0.118,0.1195,0.118,0.1195,83000,0
GOV,5,20210217,101500,0.1185,0.1185,0.1185,0.1185,3836,0
GOV,5,20210217,103000,0.118,0.118,0.118,0.118,100000,0
GOV,5,20210217,103500,0.118,0.118,0.118,0.118,3571,0
GOV,5,20210217,104500,0.1175,0.1175,0.117,0.117,78843,0
GOV,5,20210217,105000,0.116,0.116,0.1155,0.1155,31000,0
GOV,5,20210217,105500,0.115,0.115,0.114,0.114,174764,0
GOV,5,20210217,110000,0.115,0.115,0.115,0.115,29675,0
GOV,5,20210217,110500,0.115,0.115,0.115,0.115,16132,0
GOV,5,20210217,111500,0.115,0.115,0.115,0.115,9400,0
GOV,5,20210217,112000,0.114,0.114,0.114,0.114,12236,0
GOV,5,20210217,112500,0.1135,0.1135,0.112,0.112,69263,0
GOV,5,20210217,114000,0.115,0.116,0.115,0.116,67598,0
GOV,5,20210217,114500,0.116,0.116,0.116,0.116,7000,0
GOV,5,20210217,115000,0.114,0.114,0.114,0.114,9000,0
GOV,5,20210217,115500,0.114,0.114,0.113,0.113,20264,0
GOV,5,20210217,120000,0.113,0.113,0.113,0.113,3000,0
GOV,5,20210217,122000,0.1155,0.1155,0.113,0.113,3661,0
GOV,5,20210217,123500,0.115,0.115,0.115,0.115,2000,0
GOV,5,20210217,125500,0.115,0.115,0.115,0.115,5000,0
GOV,5,20210217,131000,0.114,0.114,0.114,0.114,4688,0
GOV,5,20210217,132000,0.114,0.114,0.1125,0.1125,36000,0
GOV,5,20210217,132500,0.1125,0.1125,0.1125,0.1125,29000,0
GOV,5,20210217,133000,0.114,0.114,0.114,0.114,20000,0
GOV,5,20210217,133500,0.114,0.114,0.114,0.114,4417,0
GOV,5,20210217,134500,0.1125,0.1125,0.1125,0.1125,4326,0
GOV,5,20210217,135500,0.114,0.114,0.114,0.114,4440,0
GOV,5,20210217,140000,0.114,0.114,0.114,0.114,200,0
GOV,5,20210217,140500,0.1125,0.1125,0.1125,0.1125,1108,0
GOV,5,20210217,142000,0.114,0.115,0.114,0.115,90203,0
GOV,5,20210217,142500,0.1155,0.1155,0.1155,0.1155,20000,0
GOV,5,20210217,143000,0.115,0.115,0.1145,0.1145,33760,0
GOV,5,20210217,143500,0.114,0.114,0.114,0.114,40000,0
GOV,5,20210217,144500,0.114,0.114,0.113,0.113,36508,0
GOV,5,20210217,145000,0.114,0.114,0.114,0.114,4492,0
GOV,5,20210217,150000,0.115,0.115,0.115,0.115,250,0
GOV,5,20210217,150500,0.113,0.113,0.113,0.113,10000,0
GOV,5,20210217,151000,0.114,0.114,0.1115,0.113,92586,0
GOV,5,20210217,151500,0.111,0.1135,0.111,0.1135,64056,0
GOV,5,20210217,152000,0.1135,0.1135,0.113,0.113,2061,0
GOV,5,20210217,154500,0.1125,0.1125,0.1125,0.1125,10000,0
GOV,5,20210217,160500,0.1115,0.1115,0.1115,0.1115,9900,0
GOV,5,20210217,161000,0.1115,0.115,0.1115,0.115,150100,0
GOV,5,20210217,162000,0.1145,0.115,0.1145,0.115,83300,0
GOV,5,20210217,163000,0.115,0.115,0.115,0.115,6000,0
GOV,5,20210217,163500,0.115,0.115,0.115,0.115,15000,0
GOV,5,20210217,164000,0.115,0.115,0.115,0.115,7000,0
GOV,5,20210217,164500,0.1155,0.1155,0.1155,0.1155,13000,0
GOV,5,20210218,090000,0.1155,0.1155,0.1155,0.1155,870,0
GOV,5,20210218,091500,0.115,0.115,0.115,0.115,21000,0
GOV,5,20210218,092000,0.1125,0.1125,0.1125,0.1125,11057,0
GOV,5,20210218,092500,0.1125,0.1125,0.111,0.1115,71057,0
GOV,5,20210218,093000,0.1115,0.1115,0.1115,0.1115,10000,0
GOV,5,20210218,093500,0.114,0.114,0.112,0.112,19000,0
GOV,5,20210218,094000,0.1135,0.1135,0.1135,0.1135,20000,0
GOV,5,20210218,095500,0.1135,0.1135,0.111,0.111,100000,0
GOV,5,20210218,100000,0.1115,0.1115,0.1105,0.1105,62038,0
GOV,5,20210218,100500,0.1105,0.1105,0.1105,0.1105,106000,0
GOV,5,20210218,101500,0.112,0.1135,0.11,0.1135,20000,0
GOV,5,20210218,102500,0.1135,0.1135,0.1135,0.1135,1000,0
GOV,5,20210218,103500,0.1105,0.1105,0.1105,0.1105,8000,0
GOV,5,20210218,105000,0.1105,0.1105,0.1105,0.1105,8000,0
GOV,5,20210218,110000,0.111,0.111,0.1105,0.1105,23332,0
GOV,5,20210218,110500,0.1105,0.1105,0.1105,0.1105,40000,0
GOV,5,20210218,111000,0.113,0.113,0.113,0.113,39000,0
GOV,5,20210218,111500,0.1125,0.113,0.111,0.111,126000,0
GOV,5,20210218,112000,0.113,0.114,0.113,0.114,81482,0
GOV,5,20210218,121000,0.113,0.113,0.1105,0.1105,78732,0
GOV,5,20210218,131500,0.113,0.113,0.113,0.113,13250,0
GOV,5,20210218,135500,0.112,0.112,0.1105,0.1105,74370,0
GOV,5,20210218,140500,0.1105,0.1105,0.1105,0.1105,85000,0
GOV,5,20210218,145000,0.1105,0.1105,0.1105,0.1105,25610,0
GOV,5,20210218,150500,0.112,0.112,0.112,0.112,1,0
GOV,5,20210218,151500,0.112,0.112,0.112,0.112,524,0
GOV,5,20210218,154500,0.112,0.112,0.108,0.108,12003,0
GOV,5,20210218,155000,0.109,0.109,0.109,0.109,250,0
GOV,5,20210218,155500,0.112,0.112,0.112,0.112,250,0
GOV,5,20210218,160000,0.109,0.109,0.109,0.109,1,0
GOV,5,20210218,160500,0.112,0.112,0.112,0.112,250,0
GOV,5,20210218,161000,0.11,0.11,0.11,0.11,13779,0
GOV,5,20210218,163000,0.11,0.11,0.1085,0.1085,23000,0
GOV,5,20210218,163500,0.11,0.1115,0.11,0.1115,5001,0
GOV,5,20210218,164000,0.11,0.11,0.11,0.11,5000,0
GOV,5,20210218,164500,0.1115,0.1115,0.108,0.1115,7750,0
GOV,5,20210219,090000,0.1115,0.1115,0.111,0.111,15895,0
GOV,5,20210219,090500,0.108,0.108,0.108,0.108,8000,0
GOV,5,20210219,091500,0.11,0.11,0.11,0.11,20000,0
GOV,5,20210219,092000,0.11,0.11,0.108,0.108,20331,0
GOV,5,20210219,092500,0.1075,0.1075,0.105,0.105,114973,0
GOV,5,20210219,093000,0.1075,0.1075,0.1075,0.1075,1000,0
GOV,5,20210219,093500,0.1075,0.1075,0.1055,0.106,164841,0
GOV,5,20210219,094500,0.1095,0.1095,0.1095,0.1095,65000,0
GOV,5,20210219,095500,0.109,0.1095,0.109,0.1095,56860,0
GOV,5,20210219,100000,0.107,0.107,0.104,0.104,166300,0
GOV,5,20210219,101000,0.109,0.109,0.1055,0.1055,76188,0
GOV,5,20210219,102500,0.1095,0.1155,0.1095,0.115,198246,0
GOV,5,20210219,103000,0.115,0.116,0.1145,0.116,333269,0
GOV,5,20210219,103500,0.114,0.116,0.113,0.113,35992,0
GOV,5,20210219,104000,0.1145,0.1145,0.113,0.113,21900,0
GOV,5,20210219,105000,0.1145,0.1145,0.1145,0.1145,18788,0
GOV,5,20210219,105500,0.1145,0.1145,0.1145,0.1145,31212,0
GOV,5,20210219,110000,0.1145,0.1145,0.1145,0.1145,50000,0
GOV,5,20210219,112000,0.114,0.114,0.114,0.114,2136,0
GOV,5,20210219,113000,0.113,0.113,0.113,0.113,17000,0
GOV,5,20210219,113500,0.112,0.113,0.1105,0.113,37288,0
GOV,5,20210219,114000,0.113,0.113,0.113,0.113,3000,0
GOV,5,20210219,115500,0.113,0.113,0.111,0.111,300000,0
GOV,5,20210219,120000,0.111,0.111,0.111,0.111,5553,0
GOV,5,20210219,120500,0.111,0.111,0.1085,0.1085,31583,0
GOV,5,20210219,122000,0.11,0.11,0.11,0.11,45000,0
GOV,5,20210219,122500,0.111,0.111,0.11,0.11,48553,0
GOV,5,20210219,123000,0.1135,0.1135,0.1135,0.1135,50,0
GOV,5,20210219,125000,0.113,0.113,0.11,0.11,21000,0
GOV,5,20210219,125500,0.11,0.11,0.11,0.11,10000,0
GOV,5,20210219,133500,0.113,0.113,0.113,0.113,5525,0
GOV,5,20210219,135500,0.113,0.113,0.113,0.113,1700,0
GOV,5,20210219,140000,0.1105,0.1105,0.1105,0.1105,8000,0
GOV,5,20210219,140500,0.113,0.113,0.1105,0.1105,51325,0
GOV,5,20210219,142000,0.113,0.113,0.113,0.113,12000,0
GOV,5,20210219,142500,0.113,0.113,0.113,0.113,1200,0
GOV,5,20210219,150000,0.111,0.111,0.11,0.11,26445,0
GOV,5,20210219,150500,0.1125,0.1125,0.1125,0.1125,19001,0
GOV,5,20210219,152000,0.111,0.111,0.11,0.11,16000,0
GOV,5,20210219,153500,0.112,0.112,0.112,0.112,1,0
GOV,5,20210219,160500,0.1115,0.1115,0.1115,0.1115,850,0
GOV,5,20210219,161000,0.11,0.11,0.1085,0.1085,15000,0
GOV,5,20210219,161500,0.111,0.111,0.111,0.111,1,0
GOV,5,20210219,162500,0.111,0.1125,0.111,0.1125,24150,0
GOV,5,20210219,163000,0.11,0.11,0.11,0.11,104,0
GOV,5,20210219,163500,0.11,0.11,0.108,0.108,100000,0
GOV,5,20210219,164000,0.112,0.112,0.112,0.112,1,0
GOV,5,20210219,164500,0.112,0.112,0.112,0.112,21100,0
GOV,5,20210222,090000,0.108,0.1125,0.108,0.1125,6001,0
GOV,5,20210222,091000,0.1125,0.1125,0.1125,0.1125,8068,0
GOV,5,20210222,091500,0.11,0.11,0.11,0.11,1000,0
GOV,5,20210222,092000,0.11,0.11,0.11,0.11,8272,0
GOV,5,20210222,093000,0.109,0.109,0.109,0.109,15458,0
GOV,5,20210222,095500,0.109,0.109,0.109,0.109,100,0
GOV,5,20210222,100000,0.109,0.109,0.109,0.109,13270,0
GOV,5,20210222,101500,0.11,0.11,0.11,0.11,528,0
GOV,5,20210222,102000,0.11,0.11,0.11,0.11,10000,0
GOV,5,20210222,102500,0.111,0.111,0.111,0.111,2233,0
GOV,5,20210222,103000,0.11,0.11,0.11,0.11,25518,0
GOV,5,20210222,104500,0.109,0.109,0.108,0.108,90776,0
GOV,5,20210222,105000,0.1075,0.11,0.105,0.11,189992,0
GOV,5,20210222,110500,0.1095,0.1095,0.1095,0.1095,10000,0
GOV,5,20210222,111000,0.1095,0.1095,0.1095,0.1095,2876,0
GOV,5,20210222,113000,0.106,0.1095,0.106,0.106,11126,0
GOV,5,20210222,113500,0.1095,0.1095,0.1095,0.1095,10000,0
GOV,5,20210222,122000,0.1095,0.112,0.1095,0.112,102500,0
GOV,5,20210222,124500,0.11,0.11,0.11,0.11,1500,0
GOV,5,20210222,130000,0.1075,0.1075,0.1075,0.1075,10876,0
GOV,5,20210222,130500,0.1075,0.1075,0.1075,0.1075,45000,0
GOV,5,20210222,133000,0.11,0.11,0.11,0.11,2000,0
GOV,5,20210222,140500,0.1095,0.1095,0.1075,0.1075,20007,0
GOV,5,20210222,141000,0.1075,0.1075,0.107,0.107,20000,0
GOV,5,20210222,145000,0.109,0.1095,0.109,0.1095,37000,0
GOV,5,20210222,145500,0.1095,0.1095,0.1095,0.1095,1900,0
GOV,5,20210222,153000,0.108,0.108,0.1075,0.1075,25000,0
GOV,5,20210222,154000,0.107,0.107,0.106,0.106,21000,0
GOV,5,20210222,155000,0.108,0.108,0.108,0.108,283,0
GOV,5,20210222,155500,0.1075,0.1075,0.107,0.107,20000,0
GOV,5,20210222,160500,0.106,0.106,0.1055,0.1055,39568,0
GOV,5,20210222,161000,0.1055,0.107,0.1055,0.107,30249,0
GOV,5,20210222,161500,0.106,0.106,0.105,0.105,259718,0
GOV,5,20210222,162000,0.105,0.105,0.1045,0.1045,35004,0
GOV,5,20210222,162500,0.1045,0.1065,0.104,0.1065,129001,0
GOV,5,20210222,163500,0.105,0.105,0.105,0.105,10000,0
GOV,5,20210222,164000,0.1045,0.1045,0.1045,0.1045,36581,0
GOV,5,20210222,164500,0.104,0.1065,0.104,0.1065,115953,0
GOV,5,20210223,090000,0.1065,0.1065,0.104,0.104,69260,0
GOV,5,20210223,090500,0.1045,0.1045,0.1035,0.104,91204,0
GOV,5,20210223,091000,0.104,0.106,0.104,0.106,34754,0
GOV,5,20210223,091500,0.104,0.104,0.104,0.104,27000,0
GOV,5,20210223,092000,0.105,0.105,0.104,0.104,44786,0
GOV,5,20210223,092500,0.1035,0.104,0.103,0.104,25814,0
GOV,5,20210223,093000,0.105,0.107,0.105,0.107,92275,0
GOV,5,20210223,100500,0.1055,0.1055,0.1055,0.1055,50000,0
GOV,5,20210223,101000,0.1055,0.1055,0.1035,0.1035,20000,0
GOV,5,20210223,102500,0.106,0.106,0.1035,0.1035,25000,0
GOV,5,20210223,103000,0.1035,0.1035,0.103,0.103,25000,0
GOV,5,20210223,103500,0.106,0.106,0.106,0.106,250,0
GOV,5,20210223,104500,0.1055,0.1055,0.1055,0.1055,919,0
GOV,5,20210223,105500,0.1035,0.1055,0.103,0.1055,58250,0
GOV,5,20210223,110000,0.103,0.1055,0.103,0.1055,22736,0
GOV,5,20210223,110500,0.1025,0.105,0.1025,0.105,70002,0
GOV,5,20210223,111000,0.105,0.106,0.104,0.104,161002,0
GOV,5,20210223,111500,0.104,0.104,0.104,0.104,1,0
GOV,5,20210223,113000,0.106,0.106,0.105,0.105,44753,0
GOV,5,20210223,113500,0.105,0.105,0.105,0.105,20211,0
GOV,5,20210223,114000,0.105,0.1075,0.105,0.1075,304867,0
GOV,5,20210223,114500,0.1095,0.1095,0.1095,0.1095,1,0
GOV,5,20210223,115000,0.109,0.109,0.1075,0.1075,3878,0
GOV,5,20210223,120000,0.1075,0.1075,0.1075,0.1075,2319,0
GOV,5,20210223,120500,0.1075,0.1075,0.1075,0.1075,18610,0
GOV,5,20210223,122500,0.106,0.106,0.106,0.106,6000,0
GOV,5,20210223,123000,0.106,0.106,0.105,0.105,15000,0
GOV,5,20210223,123500,0.108,0.108,0.108,0.108,18483,0
GOV,5,20210223,124500,0.108,0.108,0.108,0.108,35000,0
GOV,5,20210223,125000,0.108,0.108,0.108,0.108,10000,0
GOV,5,20210223,130000,0.108,0.108,0.108,0.108,3960,0
GOV,5,20210223,130500,0.1055,0.1055,0.1055,0.1055,5000,0
GOV,5,20210223,131000,0.1055,0.1055,0.1055,0.1055,45200,0
GOV,5,20210223,131500,0.105,0.105,0.105,0.105,2000,0
GOV,5,20210223,132500,0.1055,0.1055,0.1055,0.1055,10000,0
GOV,5,20210223,133000,0.1055,0.1055,0.1055,0.1055,9914,0
GOV,5,20210223,134500,0.1055,0.1055,0.1055,0.1055,1000,0
GOV,5,20210223,140500,0.1055,0.1055,0.1055,0.1055,33886,0
GOV,5,20210223,141000,0.1055,0.1055,0.1055,0.1055,3000,0
GOV,5,20210223,142000,0.1055,0.1075,0.1055,0.1075,43364,0
GOV,5,20210223,144500,0.107,0.107,0.107,0.107,600,0
GOV,5,20210223,150000,0.105,0.107,0.1045,0.107,35100,0
GOV,5,20210223,151000,0.1045,0.1045,0.104,0.104,40000,0
GOV,5,20210223,151500,0.104,0.104,0.104,0.104,7100,0
GOV,5,20210223,152000,0.1045,0.1045,0.1045,0.1045,20000,0
GOV,5,20210223,152500,0.1045,0.1045,0.1045,0.1045,900,0
GOV,5,20210223,153000,0.1045,0.1045,0.104,0.104,11700,0
GOV,5,20210223,155000,0.105,0.105,0.105,0.105,930,0
GOV,5,20210223,160500,0.104,0.104,0.104,0.104,6099,0
GOV,5,20210223,161000,0.1035,0.1035,0.1035,0.1035,73599,0
GOV,5,20210223,161500,0.1025,0.1025,0.1,0.1,347704,0
GOV,5,20210223,162000,0.103,0.103,0.103,0.103,1030,0
GOV,5,20210223,162500,0.1015,0.1015,0.1015,0.1015,9600,0
GOV,5,20210223,163000,0.1015,0.102,0.1015,0.102,30000,0
GOV,5,20210223,163500,0.103,0.103,0.103,0.103,61000,0
GOV,5,20210223,164500,0.1035,0.1035,0.1035,0.1035,65000,0
GOV,5,20210224,090000,0.103,0.103,0.101,0.101,177011,0
GOV,5,20210224,090500,0.103,0.105,0.103,0.105,12810,0
GOV,5,20210224,091000,0.105,0.105,0.105,0.105,502,0
GOV,5,20210224,091500,0.104,0.104,0.1005,0.1005,129586,0
GOV,5,20210224,092500,0.104,0.104,0.104,0.104,3000,0
GOV,5,20210224,094000,0.102,0.102,0.102,0.102,2500,0
GOV,5,20210224,095000,0.104,0.104,0.104,0.104,2000,0
GOV,5,20210224,095500,0.104,0.104,0.104,0.104,10000,0
GOV,5,20210224,101500,0.102,0.104,0.102,0.104,23546,0
GOV,5,20210224,102500,0.102,0.102,0.102,0.102,1000,0
GOV,5,20210224,103500,0.1035,0.1035,0.1035,0.1035,12779,0
GOV,5,20210224,104000,0.1035,0.1035,0.1035,0.1035,2221,0
GOV,5,20210224,104500,0.102,0.102,0.102,0.102,732,0
GOV,5,20210224,105000,0.102,0.102,0.102,0.102,4859,0
GOV,5,20210224,110000,0.1015,0.1015,0.1015,0.1015,5000,0
GOV,5,20210224,110500,0.102,0.102,0.102,0.102,10000,0
GOV,5,20210224,111500,0.102,0.102,0.0994,0.1,224006,0
GOV,5,20210224,112000,0.1,0.1,0.0994,0.1,42195,0
GOV,5,20210224,112500,0.1,0.1,0.1,0.1,40969,0
GOV,5,20210224,113500,0.1,0.1,0.1,0.1,18000,0
GOV,5,20210224,114000,0.1,0.1,0.1,0.1,26908,0
GOV,5,20210224,115000,0.0998,0.1,0.0998,0.1,77231,0
GOV,5,20210224,115500,0.1025,0.1025,0.1025,0.1025,9726,0
GOV,5,20210224,121000,0.102,0.1025,0.102,0.1025,24104,0
GOV,5,20210224,121500,0.1035,0.1035,0.1035,0.1035,1,0
GOV,5,20210224,123500,0.1025,0.1025,0.1025,0.1025,4770,0
GOV,5,20210224,125000,0.1025,0.1025,0.1025,0.1025,3000,0
GOV,5,20210224,132500,0.101,0.1015,0.101,0.1015,10000,0
GOV,5,20210224,133500,0.101,0.101,0.101,0.101,20000,0
GOV,5,20210224,134500,0.101,0.101,0.101,0.101,10000,0
GOV,5,20210224,135000,0.101,0.101,0.1,0.1,50000,0
GOV,5,20210224,140000,0.1,0.1,0.1,0.1,10000,0
GOV,5,20210224,143000,0.1025,0.1025,0.1025,0.1025,1000,0
GOV,5,20210224,144500,0.1025,0.1035,0.1025,0.1035,48500,0
GOV,5,20210224,145500,0.101,0.101,0.101,0.101,24766,0
GOV,5,20210224,151500,0.101,0.103,0.101,0.101,9919,0
GOV,5,20210224,152000,0.101,0.101,0.101,0.101,7800,0
GOV,5,20210224,152500,0.101,0.101,0.1,0.1,160669,0
GOV,5,20210224,153000,0.101,0.101,0.101,0.101,250,0
GOV,5,20210224,155000,0.0998,0.0998,0.0994,0.0994,49612,0
GOV,5,20210224,155500,0.0992,0.0992,0.0992,0.0992,10000,0
GOV,5,20210224,161000,0.0988,0.0988,0.0988,0.0988,53200,0
GOV,5,20210224,161500,0.0986,0.0986,0.0986,0.0986,40000,0
GOV,5,20210224,162000,0.0984,0.0984,0.0972,0.098,339493,0
GOV,5,20210224,162500,0.0972,0.0972,0.097,0.097,4239,0
GOV,5,20210224,163500,0.1,0.1,0.097,0.097,4971,0
GOV,5,20210224,164000,0.0998,0.0998,0.097,0.0998,20001,0
GOV,5,20210224,164500,0.0972,0.0998,0.0972,0.0998,9002,0
GOV,5,20210224,165500,0.0998,0.0998,0.0998,0.0998,9000,0
GOV,5,20210225,090000,0.1015,0.1015,0.0974,0.0974,65000,0
GOV,5,20210225,090500,0.1015,0.1015,0.1015,0.1015,5001,0
GOV,5,20210225,093000,0.098,0.098,0.096,0.096,340849,0
GOV,5,20210225,093500,0.0988,0.0998,0.0988,0.0998,20,0
GOV,5,20210225,094000,0.0978,0.1,0.0978,0.1,19990,0
GOV,5,20210225,094500,0.1,0.1,0.1,0.1,1000,0
GOV,5,20210225,095500,0.1,0.1,0.1,0.1,3000,0
GOV,5,20210225,100500,0.1,0.1,0.1,0.1,2600,0
GOV,5,20210225,102000,0.098,0.098,0.098,0.098,13181,0
GOV,5,20210225,103500,0.0978,0.0978,0.0972,0.0972,10062,0
GOV,5,20210225,104500,0.0998,0.0998,0.0998,0.0998,23500,0
GOV,5,20210225,105500,0.1,0.1,0.1,0.1,100,0
GOV,5,20210225,110000,0.0998,0.0998,0.0998,0.0998,5500,0
GOV,5,20210225,113000,0.0998,0.0998,0.0998,0.0998,4000,0
GOV,5,20210225,113500,0.0996,0.0996,0.096,0.096,208000,0
GOV,5,20210225,114000,0.0996,0.0996,0.0996,0.0996,2500,0
GOV,5,20210225,114500,0.0996,0.1,0.0996,0.1,100000,0
GOV,5,20210225,120000,0.1,0.1,0.098,0.098,24000,0
GOV,5,20210225,121000,0.1,0.1,0.1,0.1,4619,0
GOV,5,20210225,122000,0.101,0.101,0.101,0.101,45000,0
GOV,5,20210225,130000,0.102,0.102,0.102,0.102,1000,0
GOV,5,20210225,130500,0.1,0.1,0.1,0.1,2000,0
GOV,5,20210225,131500,0.1,0.1,0.1,0.1,12000,0
GOV,5,20210225,133500,0.1,0.1,0.1,0.1,7500,0
GOV,5,20210225,142500,0.0992,0.101,0.099,0.101,6150,0
GOV,5,20210225,145000,0.101,0.102,0.101,0.102,37614,0
GOV,5,20210225,145500,0.102,0.1025,0.102,0.1025,67147,0
GOV,5,20210225,150000,0.102,0.102,0.102,0.102,10000,0
GOV,5,20210225,150500,0.1,0.1,0.0992,0.0992,13500,0
GOV,5,20210225,151000,0.0992,0.0992,0.099,0.099,23933,0
GOV,5,20210225,151500,0.0982,0.1015,0.098,0.1015,18963,0
GOV,5,20210225,152000,0.098,0.098,0.098,0.098,20000,0
GOV,5,20210225,153000,0.1005,0.1005,0.1005,0.1005,100,0
GOV,5,20210225,155500,0.1005,0.1005,0.1005,0.1005,12899,0
GOV,5,20210225,160000,0.1005,0.1005,0.1005,0.1005,2101,0
GOV,5,20210225,160500,0.1005,0.1005,0.1005,0.1005,2500,0
GOV,5,20210225,161500,0.1005,0.1005,0.1,0.1,1780,0
GOV,5,20210225,162000,0.0982,0.0982,0.0982,0.0982,8000,0
GOV,5,20210225,162500,0.098,0.1005,0.098,0.1005,1099,0
GOV,5,20210225,163000,0.1005,0.102,0.1005,0.102,111829,0
GOV,5,20210226,090000,0.1,0.1,0.0992,0.0992,61326,0
GOV,5,20210226,090500,0.099,0.099,0.097,0.097,64284,0
GOV,5,20210226,091000,0.097,0.097,0.097,0.097,7546,0
GOV,5,20210226,091500,0.101,0.101,0.101,0.101,10000,0
GOV,5,20210226,095500,0.1005,0.1005,0.1005,0.1005,15000,0
GOV,5,20210226,100500,0.1005,0.1015,0.1005,0.101,135298,0
GOV,5,20210226,101000,0.101,0.101,0.101,0.101,5000,0
GOV,5,20210226,101500,0.101,0.101,0.101,0.101,15000,0
GOV,5,20210226,103500,0.101,0.101,0.1,0.1,7202,0
GOV,5,20210226,104000,0.1,0.1,0.1,0.1,200,0
GOV,5,20210226,110500,0.1,0.1,0.098,0.098,38497,0
GOV,5,20210226,113000,0.1,0.101,0.1,0.101,65000,0
GOV,5,20210226,115000,0.101,0.101,0.101,0.101,12000,0
GOV,5,20210226,115500,0.1,0.1,0.098,0.098,183755,0
GOV,5,20210226,122500,0.099,0.099,0.099,0.099,10000,0
GOV,5,20210226,123000,0.099,0.099,0.0984,0.0984,9000,0
GOV,5,20210226,123500,0.0998,0.0998,0.0982,0.0996,12034,0
GOV,5,20210226,130000,0.0994,0.0994,0.0994,0.0994,1000,0
GOV,5,20210226,130500,0.0994,0.0994,0.0994,0.0994,440,0
GOV,5,20210226,132500,0.0984,0.0984,0.0982,0.0982,29866,0
GOV,5,20210226,133000,0.0982,0.0982,0.0982,0.0982,11930,0
GOV,5,20210226,133500,0.0982,0.0982,0.098,0.098,10500,0
GOV,5,20210226,135500,0.0982,0.0982,0.0982,0.0982,5030,0
GOV,5,20210226,140500,0.0994,0.0994,0.0994,0.0994,4400,0
GOV,5,20210226,141000,0.0982,0.0982,0.098,0.098,30000,0
GOV,5,20210226,142000,0.0994,0.0994,0.0994,0.0994,50,0
GOV,5,20210226,144000,0.0994,0.0994,0.0994,0.0994,115,0
GOV,5,20210226,144500,0.098,0.098,0.0974,0.0974,60000,0
GOV,5,20210226,145000,0.0974,0.0974,0.097,0.097,30349,0
GOV,5,20210226,145500,0.0994,0.0994,0.0974,0.0974,6610,0
GOV,5,20210226,150000,0.0996,0.0996,0.0996,0.0996,2000,0
GOV,5,20210226,152000,0.0996,0.0996,0.0996,0.0996,1000,0
GOV,5,20210226,153000,0.0996,0.0996,0.0996,0.0996,3000,0
GOV,5,20210226,154000,0.0996,0.0996,0.0996,0.0996,1000,0
GOV,5,20210226,160500,0.0996,0.1,0.0996,0.1,20000,0
GOV,5,20210226,161500,0.098,0.098,0.098,0.098,4619,0
GOV,5,20210226,164500,0.1,0.101,0.1,0.101,3070,0
GOV,5,20210301,090000,0.0978,0.1015,0.0978,0.1015,11950,0
GOV,5,20210301,092500,0.101,0.101,0.101,0.101,800,0
GOV,5,20210301,093000,0.101,0.101,0.101,0.101,1,0
GOV,5,20210301,094500,0.101,0.101,0.101,0.101,14988,0
GOV,5,20210301,095000,0.099,0.099,0.099,0.099,296,0
GOV,5,20210301,100000,0.099,0.099,0.099,0.099,11300,0
GOV,5,20210301,103000,0.099,0.099,0.099,0.099,8404,0
GOV,5,20210301,104000,0.0992,0.0992,0.099,0.099,19000,0
GOV,5,20210301,105000,0.101,0.101,0.101,0.101,100,0
GOV,5,20210301,112500,0.0992,0.101,0.099,0.101,91393,0
GOV,5,20210301,113000,0.101,0.101,0.101,0.101,18027,0
GOV,5,20210301,115000,0.101,0.101,0.0984,0.1005,2250,0
GOV,5,20210301,121500,0.0986,0.0986,0.0986,0.0986,1,0
GOV,5,20210301,123000,0.1005,0.1005,0.1005,0.1005,500,0
GOV,5,20210301,124000,0.1005,0.1005,0.1005,0.1005,5200,0
GOV,5,20210301,130000,0.1,0.1,0.1,0.1,31978,0
GOV,5,20210301,131500,0.1005,0.1005,0.1005,0.1005,150,0
GOV,5,20210301,134500,0.1,0.1,0.1,0.1,19800,0
GOV,5,20210301,135500,0.1,0.1,0.1,0.1,200,0
GOV,5,20210301,140500,0.1005,0.1005,0.1005,0.1005,3000,0
GOV,5,20210301,141500,0.1005,0.1005,0.1005,0.1005,15000,0
GOV,5,20210301,142500,0.1,0.101,0.1,0.101,15033,0
GOV,5,20210301,143000,0.1015,0.1015,0.1015,0.1015,5000,0
GOV,5,20210301,144000,0.1015,0.102,0.1015,0.102,9975,0
GOV,5,20210301,144500,0.102,0.102,0.102,0.102,24555,0
GOV,5,20210301,145000,0.1015,0.1015,0.1015,0.1015,20300,0
GOV,5,20210301,145500,0.1005,0.1005,0.1005,0.1005,4255,0
GOV,5,20210301,150000,0.101,0.101,0.1005,0.1005,10000,0
GOV,5,20210301,150500,0.1015,0.1015,0.1015,0.1015,5538,0
GOV,5,20210301,152500,0.1015,0.102,0.1015,0.102,34700,0
GOV,5,20210301,153000,0.102,0.102,0.102,0.102,10000,0
GOV,5,20210301,153500,0.102,0.102,0.102,0.102,69332,0
GOV,5,20210301,154000,0.103,0.104,0.103,0.104,50884,0
GOV,5,20210301,154500,0.104,0.1045,0.103,0.103,93954,0
GOV,5,20210301,155000,0.1045,0.105,0.103,0.105,91572,0
GOV,5,20210301,155500,0.105,0.105,0.105,0.105,53928,0
GOV,5,20210301,161000,0.1055,0.106,0.1055,0.106,36604,0
GOV,5,20210301,161500,0.1075,0.1075,0.1075,0.1075,5195,0
GOV,5,20210301,162500,0.105,0.105,0.105,0.105,30000,0
GOV,5,20210301,163500,0.105,0.105,0.105,0.105,18500,0
GOV,5,20210301,164000,0.105,0.1055,0.105,0.1055,31310,0
GOV,5,20210301,164500,0.1055,0.108,0.104,0.104,192448,0
GOV,5,20210302,090000,0.107,0.107,0.1035,0.1035,93000,0
GOV,5,20210302,091000,0.1035,0.1035,0.1035,0.1035,10000,0
GOV,5,20210302,091500,0.1035,0.106,0.103,0.106,93252,0
GOV,5,20210302,093500,0.105,0.105,0.1025,0.1025,30777,0
GOV,5,20210302,094000,0.1045,0.1045,0.1045,0.1045,5600,0
GOV,5,20210302,100000,0.105,0.105,0.105,0.105,40000,0
GOV,5,20210302,102000,0.104,0.104,0.103,0.103,200000,0
GOV,5,20210302,104000,0.103,0.103,0.103,0.103,10500,0
GOV,5,20210302,110000,0.103,0.103,0.103,0.103,4000,0
GOV,5,20210302,110500,0.103,0.103,0.103,0.103,7500,0
GOV,5,20210302,112000,0.103,0.105,0.103,0.105,29317,0
GOV,5,20210302,113500,0.103,0.103,0.1015,0.1015,195325,0
GOV,5,20210302,114500,0.1015,0.1015,0.1015,0.1015,6420,0
GOV,5,20210302,115000,0.102,0.102,0.102,0.102,45,0
GOV,5,20210302,121500,0.1025,0.1025,0.1025,0.1025,1000,0
GOV,5,20210302,123000,0.1035,0.1035,0.1035,0.1035,2000,0
GOV,5,20210302,124000,0.1025,0.1025,0.101,0.101,133000,0
GOV,5,20210302,130500,0.104,0.104,0.104,0.104,20,0
GOV,5,20210302,131000,0.1015,0.1015,0.1015,0.1015,5000,0
GOV,5,20210302,132000,0.1015,0.1015,0.1015,0.1015,4000,0
GOV,5,20210302,132500,0.1015,0.1015,0.1015,0.1015,40291,0
GOV,5,20210302,133000,0.1015,0.1015,0.101,0.101,3030,0
GOV,5,20210302,134500,0.1025,0.104,0.1025,0.104,10000,0
GOV,5,20210302,142000,0.104,0.104,0.104,0.104,10730,0
GOV,5,20210302,143500,0.103,0.103,0.103,0.103,20547,0
GOV,5,20210302,144000,0.1025,0.1025,0.1025,0.1025,14487,0
GOV,5,20210302,152000,0.1025,0.1035,0.1025,0.1035,12277,0
GOV,5,20210302,153500,0.1025,0.1025,0.1025,0.1025,4500,0
GOV,5,20210302,154500,0.1035,0.1035,0.1035,0.1035,20000,0
GOV,5,20210302,155000,0.1025,0.1025,0.1025,0.1025,4000,0
GOV,5,20210302,160500,0.1025,0.1025,0.1025,0.1025,1100,0
GOV,5,20210302,161000,0.1025,0.1025,0.102,0.102,15000,0
GOV,5,20210302,163500,0.102,0.102,0.102,0.102,13274,0
GOV,5,20210302,164000,0.1035,0.1035,0.1035,0.1035,100,0
GOV,5,20210303,090000,0.1035,0.1035,0.101,0.101,100073,0
GOV,5,20210303,090500,0.1015,0.1015,0.1015,0.1015,1677,0
GOV,5,20210303,091000,0.104,0.104,0.104,0.104,50,0
GOV,5,20210303,092000,0.1035,0.1035,0.1035,0.1035,10000,0
GOV,5,20210303,092500,0.1035,0.104,0.1035,0.104,93000,0
GOV,5,20210303,093500,0.103,0.103,0.1025,0.1025,20000,0
GOV,5,20210303,094500,0.104,0.104,0.104,0.104,3000,0
GOV,5,20210303,095000,0.104,0.104,0.104,0.104,2530,0
GOV,5,20210303,095500,0.105,0.105,0.105,0.105,7470,0
GOV,5,20210303,100500,0.103,0.103,0.103,0.103,2000,0
GOV,5,20210303,101000,0.1025,0.1025,0.1025,0.1025,18000,0
GOV,5,20210303,102000,0.103,0.103,0.103,0.103,8000,0
GOV,5,20210303,103000,0.103,0.104,0.103,0.104,91000,0
GOV,5,20210303,110500,0.104,0.104,0.104,0.104,668,0
GOV,5,20210303,112000,0.1025,0.104,0.1025,0.104,41540,0
GOV,5,20210303,113500,0.1025,0.1025,0.0992,0.0992,367551,0
GOV,5,20210303,114000,0.1,0.1,0.1,0.1,82780,0
GOV,5,20210303,114500,0.1,0.102,0.1,0.102,26306,0
GOV,5,20210303,115500,0.102,0.102,0.102,0.102,13000,0
GOV,5,20210303,120000,0.0998,0.0998,0.0998,0.0998,2000,0
GOV,5,20210303,120500,0.103,0.103,0.103,0.103,110,0
GOV,5,20210303,121000,0.1,0.1,0.1,0.1,5000,0
GOV,5,20210303,124000,0.0998,0.0998,0.0998,0.0998,940,0
GOV,5,20210303,124500,0.0996,0.0996,0.0996,0.0996,4060,0
GOV,5,20210303,125000,0.1015,0.1015,0.1015,0.1015,1500,0
GOV,5,20210303,130500,0.1,0.1,0.1,0.1,2000,0
GOV,5,20210303,133000,0.1015,0.1015,0.1,0.1,10000,0
GOV,5,20210303,134000,0.1015,0.1015,0.1015,0.1015,50,0
GOV,5,20210303,135000,0.1,0.1,0.1,0.1,4000,0
GOV,5,20210303,135500,0.0998,0.0998,0.0996,0.0996,30050,0
GOV,5,20210303,140000,0.101,0.101,0.101,0.101,2000,0
GOV,5,20210303,140500,0.0998,0.0998,0.0996,0.0996,11000,0
GOV,5,20210303,141000,0.1015,0.1015,0.1015,0.1015,10400,0
GOV,5,20210303,143000,0.0996,0.0996,0.0996,0.0996,27000,0
GOV,5,20210303,145500,0.1,0.1,0.0996,0.0996,34188,0
GOV,5,20210303,151500,0.1,0.1,0.1,0.1,10000,0
GOV,5,20210303,154000,0.0998,0.0998,0.0996,0.0996,15000,0
GOV,5,20210303,154500,0.0996,0.0996,0.0994,0.0994,16910,0
GOV,5,20210303,155500,0.0994,0.0994,0.0994,0.0994,3090,0
GOV,5,20210303,160000,0.1,0.1,0.1,0.1,20000,0
GOV,5,20210303,163000,0.1,0.1,0.1,0.1,22376,0
GOV,5,20210303,163500,0.101,0.101,0.101,0.101,200,0
GOV,5,20210303,164500,0.103,0.103,0.103,0.103,6666,0
GOV,5,20210304,090500,0.0992,0.1025,0.0982,0.1025,48564,0
GOV,5,20210304,091500,0.099,0.099,0.099,0.099,100000,0
GOV,5,20210304,092000,0.0982,0.0982,0.0982,0.0982,68215,0
GOV,5,20210304,092500,0.101,0.101,0.098,0.098,102300,0
GOV,5,20210304,093000,0.098,0.101,0.098,0.101,4000,0
GOV,5,20210304,094000,0.098,0.098,0.097,0.097,133302,0
GOV,5,20210304,094500,0.0972,0.0972,0.097,0.097,27000,0
GOV,5,20210304,095000,0.0998,0.0998,0.097,0.097,16000,0
GOV,5,20210304,095500,0.1,0.1,0.098,0.098,107858,0
GOV,5,20210304,100000,0.098,0.098,0.098,0.098,25983,0
GOV,5,20210304,100500,0.0982,0.0982,0.0982,0.0982,5858,0
GOV,5,20210304,101500,0.1,0.1,0.1,0.1,3517,0
GOV,5,20210304,105000,0.0982,0.0982,0.0982,0.0982,5706,0
GOV,5,20210304,110000,0.0998,0.1,0.0982,0.0982,25000,0
GOV,5,20210304,111000,0.0982,0.0982,0.0982,0.0982,21000,0
GOV,5,20210304,111500,0.0982,0.0982,0.098,0.098,30042,0
GOV,5,20210304,112000,0.098,0.098,0.098,0.098,25000,0
GOV,5,20210304,112500,0.0998,0.0998,0.0998,0.0998,1000,0
GOV,5,20210304,123500,0.0998,0.0998,0.0998,0.0998,1500,0
GOV,5,20210304,125000,0.0982,0.0982,0.0982,0.0982,5028,0
GOV,5,20210304,125500,0.099,0.099,0.099,0.099,5858,0
GOV,5,20210304,135500,0.0992,0.0992,0.0992,0.0992,18200,0
GOV,5,20210304,140000,0.0998,0.0998,0.0998,0.0998,100,0
GOV,5,20210304,141000,0.0998,0.0998,0.0998,0.0998,10000,0
GOV,5,20210304,142000,0.0998,0.1,0.0998,0.1,6871,0
GOV,5,20210304,144000,0.0998,0.0998,0.0998,0.0998,4100,0
GOV,5,20210304,153500,0.1,0.1,0.1,0.1,100,0
GOV,5,20210304,155000,0.1,0.1,0.1,0.1,700,0
GOV,5,20210304,161000,0.1,0.1,0.1,0.1,229,0
GOV,5,20210304,163000,0.1005,0.1005,0.1005,0.1005,100,0
GOV,5,20210304,163500,0.1,0.1,0.1,0.1,1621,0
GOV,5,20210304,164000,0.0992,0.0992,0.0992,0.0992,107,0
GOV,5,20210304,164500,0.0992,0.1,0.0992,0.1,5230,0
GOV,5,20210305,092000,0.1,0.1,0.1,0.1,6000,0
GOV,5,20210305,095500,0.1,0.1,0.1,0.1,10000,0
GOV,5,20210305,101000,0.0998,0.0998,0.0998,0.0998,4000,0
GOV,5,20210305,103000,0.0998,0.0998,0.098,0.098,12629,0
GOV,5,20210305,104000,0.098,0.098,0.096,0.096,50400,0
GOV,5,20210305,105500,0.0962,0.0962,0.096,0.0962,70890,0
GOV,5,20210305,110000,0.096,0.096,0.096,0.096,10000,0
GOV,5,20210305,113000,0.0964,0.0964,0.0964,0.0964,10000,0
GOV,5,20210305,114500,0.0978,0.0978,0.0978,0.0978,10000,0
GOV,5,20210305,121000,0.0966,0.0966,0.0964,0.0964,35200,0
GOV,5,20210305,121500,0.0964,0.0964,0.0962,0.0962,37700,0
GOV,5,20210305,122000,0.096,0.0978,0.096,0.0978,37700,0
GOV,5,20210305,122500,0.0978,0.0978,0.0978,0.0978,12000,0
GOV,5,20210305,130000,0.0978,0.0978,0.0978,0.0978,23000,0
GOV,5,20210305,134000,0.098,0.098,0.098,0.098,50000,0
GOV,5,20210305,140500,0.098,0.098,0.098,0.098,20000,0
GOV,5,20210305,141500,0.098,0.099,0.0966,0.0966,11418,0
GOV,5,20210305,144500,0.099,0.099,0.099,0.099,3000,0
GOV,5,20210305,150000,0.099,0.099,0.099,0.099,2750,0
GOV,5,20210305,151500,0.099,0.099,0.099,0.099,16705,0
GOV,5,20210305,154000,0.0994,0.0994,0.0994,0.0994,10000,0
GOV,5,20210305,154500,0.0994,0.0994,0.0994,0.0994,18000,0
GOV,5,20210305,160000,0.097,0.097,0.097,0.097,1000,0
GOV,5,20210305,161500,0.0996,0.0996,0.0968,0.0968,11059,0
GOV,5,20210305,162000,0.0968,0.0968,0.0968,0.0968,5000,0
GOV,5,20210305,163000,0.0968,0.0996,0.0966,0.0996,42472,0
GOV,5,20210305,164500,0.0994,0.1,0.097,0.1,110216,0
GOV,5,20210308,090000,0.1005,0.1005,0.1005,0.1005,19900,0
GOV,5,20210308,090500,0.1005,0.1005,0.1005,0.1005,10000,0
GOV,5,20210308,091500,0.1,0.1,0.1,0.1,1000,0
GOV,5,20210308,092000,0.1,0.1,0.0996,0.0996,13000,0
GOV,5,20210308,093000,0.0998,0.0998,0.098,0.098,51631,0
GOV,5,20210308,093500,0.097,0.097,0.097,0.097,32500,0
GOV,5,20210308,094000,0.1,0.1,0.098,0.098,20005,0
GOV,5,20210308,094500,0.1,0.1,0.1,0.1,250,0
GOV,5,20210308,095000,0.1,0.1,0.1,0.1,34498,0
GOV,5,20210308,100500,0.1,0.1,0.1,0.1,502,0
GOV,5,20210308,101500,0.1,0.1,0.1,0.1,1300,0
GOV,5,20210308,104500,0.0986,0.0986,0.0984,0.0984,25545,0
GOV,5,20210308,105000,0.1,0.1,0.1,0.1,3000,0
GOV,5,20210308,105500,0.1,0.1,0.1,0.1,4000,0
GOV,5,20210308,112000,0.0982,0.1,0.0982,0.0982,62000,0
GOV,5,20210308,112500,0.0982,0.0982,0.098,0.098,5650,0
GOV,5,20210308,115500,0.0982,0.0982,0.0982,0.0982,35000,0
GOV,5,20210308,120000,0.0982,0.0982,0.0982,0.0982,15000,0
GOV,5,20210308,122000,0.1,0.1,0.1,0.1,3000,0
GOV,5,20210308,123500,0.1,0.1,0.1,0.1,10000,0
GOV,5,20210308,130000,0.1005,0.1005,0.1005,0.1005,20000,0
GOV,5,20210308,130500,0.0986,0.0986,0.0986,0.0986,12000,0
GOV,5,20210308,140000,0.0992,0.0992,0.0992,0.0992,23,0
GOV,5,20210308,141500,0.101,0.101,0.101,0.101,250,0
GOV,5,20210308,142000,0.101,0.101,0.101,0.101,10000,0
GOV,5,20210308,145500,0.101,0.101,0.101,0.101,26205,0
GOV,5,20210308,150000,0.1015,0.1015,0.1015,0.1015,62772,0
GOV,5,20210308,153000,0.101,0.101,0.101,0.101,2500,0
GOV,5,20210308,154500,0.099,0.099,0.099,0.099,2900,0
GOV,5,20210308,161000,0.099,0.099,0.099,0.099,6790,0
GOV,5,20210308,161500,0.099,0.1015,0.099,0.1015,140960,0
GOV,5,20210308,163500,0.0986,0.0986,0.0986,0.0986,10000,0
GOV,5,20210308,164500,0.0984,0.0984,0.0984,0.0984,10000,0
GOV,5,20210309,090000,0.0972,0.0972,0.0972,0.0972,122250,0
GOV,5,20210309,090500,0.101,0.101,0.101,0.101,10009,0
GOV,5,20210309,093500,0.1005,0.1005,0.1005,0.1005,10000,0
GOV,5,20210309,094000,0.1005,0.1005,0.1005,0.1005,3000,0
GOV,5,20210309,103500,0.0984,0.0984,0.098,0.098,30000,0
GOV,5,20210309,104000,0.1,0.1,0.0978,0.0978,74000,0
GOV,5,20210309,110000,0.099,0.0998,0.099,0.0998,19999,0
GOV,5,20210309,110500,0.1,0.1,0.1,0.1,1007,0
GOV,5,20210309,111000,0.1,0.1,0.0998,0.0998,9300,0
GOV,5,20210309,112500,0.0998,0.0998,0.0998,0.0998,3000,0
GOV,5,20210309,113000,0.1005,0.1005,0.1005,0.1005,8350,0
GOV,5,20210309,113500,0.1005,0.1005,0.1,0.1,57649,0
GOV,5,20210309,114000,0.1005,0.1005,0.1005,0.1005,720,0
GOV,5,20210309,115500,0.1005,0.1005,0.0994,0.0994,26880,0
GOV,5,20210309,121000,0.0994,0.0994,0.0994,0.0994,25692,0
GOV,5,20210309,122000,0.1,0.1,0.1,0.1,100,0
GOV,5,20210309,123000,0.1,0.1,0.1,0.1,1500,0
GOV,5,20210309,123500,0.1,0.1,0.1,0.1,15176,0
GOV,5,20210309,124500,0.1,0.1,0.1,0.1,400,0
GOV,5,20210309,133500,0.0994,0.0994,0.0994,0.0994,971,0
GOV,5,20210309,135500,0.1,0.1,0.1,0.1,24824,0
GOV,5,20210309,140000,0.1005,0.1005,0.1005,0.1005,25000,0
GOV,5,20210309,140500,0.1005,0.1005,0.1005,0.1005,26714,0
GOV,5,20210309,141000,0.102,0.102,0.102,0.102,769,0
GOV,5,20210309,142000,0.101,0.101,0.101,0.101,250,0
GOV,5,20210309,142500,0.102,0.102,0.102,0.102,17844,0
GOV,5,20210309,143000,0.101,0.101,0.1,0.1,96427,0
GOV,5,20210309,144500,0.1,0.1,0.1,0.1,3573,0
GOV,5,20210309,162000,0.1,0.1,0.1,0.1,150000,0
GOV,5,20210309,163000,0.1005,0.1005,0.1005,0.1005,10000,0
GOV,5,20210310,090000,0.1,0.1,0.0988,0.0988,24000,0
GOV,5,20210310,090500,0.0986,0.0986,0.0974,0.0974,28583,0
GOV,5,20210310,091500,0.101,0.101,0.099,0.099,11000,0
GOV,5,20210310,092500,0.1005,0.1005,0.1005,0.1005,1,0
GOV,5,20210310,093000,0.1005,0.101,0.099,0.101,59377,0
GOV,5,20210310,095500,0.1015,0.1015,0.1015,0.1015,5000,0
GOV,5,20210310,100000,0.1015,0.1015,0.1015,0.1015,15000,0
GOV,5,20210310,101000,0.1015,0.102,0.1015,0.102,17000,0
GOV,5,20210310,101500,0.1015,0.1015,0.1015,0.1015,10000,0
GOV,5,20210310,102500,0.102,0.102,0.102,0.102,880,0
GOV,5,20210310,105500,0.1015,0.1015,0.1,0.1,50000,0
GOV,5,20210310,110000,0.1,0.1,0.1,0.1,1000,0
GOV,5,20210310,111000,0.1,0.1,0.1,0.1,880,0
GOV,5,20210310,112000,0.1015,0.1015,0.099,0.099,7896,0
GOV,5,20210310,115000,0.099,0.099,0.098,0.098,151747,0
GOV,5,20210310,120000,0.0978,0.0978,0.0976,0.0976,10000,0
GOV,5,20210310,123500,0.098,0.098,0.098,0.098,2000,0
GOV,5,20210310,130000,0.1005,0.1005,0.1005,0.1005,316,0
GOV,5,20210310,132500,0.098,0.098,0.098,0.098,60077,0
GOV,5,20210310,135000,0.098,0.098,0.098,0.098,10000,0
GOV,5,20210310,142500,0.0998,0.0998,0.0998,0.0998,1030,0
GOV,5,20210310,143000,0.098,0.098,0.097,0.097,292350,0
GOV,5,20210310,144000,0.098,0.098,0.098,0.098,8553,0
GOV,5,20210310,145500,0.098,0.098,0.098,0.098,24980,0
GOV,5,20210310,150000,0.0998,0.1005,0.0998,0.1005,38654,0
GOV,5,20210310,150500,0.101,0.101,0.101,0.101,50000,0
GOV,5,20210310,151000,0.101,0.101,0.101,0.101,252,0
GOV,5,20210310,154500,0.1,0.1,0.1,0.1,30000,0
GOV,5,20210310,160000,0.1,0.1,0.1,0.1,20000,0
GOV,5,20210310,162500,0.0984,0.0984,0.0984,0.0984,2500,0
GOV,5,20210310,163000,0.0984,0.0984,0.0982,0.0982,8526,0
GOV,5,20210311,090000,0.0982,0.0998,0.097,0.0998,31050,0
GOV,5,20210311,090500,0.1,0.1,0.1,0.1,15900,0
GOV,5,20210311,095000,0.0988,0.0988,0.0988,0.0988,10000,0
GOV,5,20210311,095500,0.0986,0.0986,0.0986,0.0986,20105,0
GOV,5,20210311,100000,0.0984,0.0984,0.0984,0.0984,24686,0
GOV,5,20210311,101500,0.0984,0.0984,0.0984,0.0984,8350,0
GOV,5,20210311,103500,0.0984,0.0984,0.0984,0.0984,19000,0
GOV,5,20210311,110000,0.0998,0.0998,0.0998,0.0998,16295,0
GOV,5,20210311,112500,0.0998,0.0998,0.0998,0.0998,2288,0
GOV,5,20210311,113500,0.0998,0.0998,0.0998,0.0998,46453,0
GOV,5,20210311,114000,0.0998,0.0998,0.0998,0.0998,5073,0
GOV,5,20210311,114500,0.0998,0.0998,0.099,0.099,3349,0
GOV,5,20210311,115000,0.0984,0.0984,0.0976,0.0976,24651,0
GOV,5,20210311,115500,0.0976,0.0976,0.097,0.097,115000,0
GOV,5,20210311,120500,0.0998,0.0998,0.0998,0.0998,10000,0
GOV,5,20210311,125500,0.098,0.098,0.098,0.098,19120,0
GOV,5,20210311,130000,0.0984,0.0984,0.0984,0.0984,3079,0
GOV,5,20210311,133000,0.098,0.098,0.098,0.098,20000,0
GOV,5,20210311,134500,0.098,0.098,0.098,0.098,16135,0
GOV,5,20210311,140000,0.098,0.098,0.098,0.098,4865,0
GOV,5,20210311,141000,0.098,0.098,0.098,0.098,15135,0
GOV,5,20210311,141500,0.0976,0.0976,0.0976,0.0976,30000,0
GOV,5,20210311,144500,0.0976,0.0976,0.0974,0.0974,20000,0
GOV,5,20210311,150500,0.0974,0.0974,0.0974,0.0974,53079,0
GOV,5,20210311,153000,0.098,0.098,0.098,0.098,400,0
GOV,5,20210311,153500,0.098,0.0984,0.098,0.0984,6234,0
GOV,5,20210311,154000,0.099,0.099,0.099,0.099,669,0
GOV,5,20210311,155500,0.099,0.099,0.0974,0.0974,20000,0
GOV,5,20210311,164000,0.0996,0.101,0.0996,0.101,189425,0
GOV,5,20210311,164500,0.101,0.101,0.101,0.101,98296,0
GOV,5,20210312,090500,0.1005,0.1025,0.1005,0.1025,200000,0
GOV,5,20210312,091000,0.101,0.104,0.101,0.103,280907,0
GOV,5,20210312,091500,0.104,0.107,0.104,0.107,191000,0
GOV,5,20210312,092000,0.107,0.107,0.102,0.102,129981,0
GOV,5,20210312,094500,0.1025,0.1025,0.102,0.102,57639,0
GOV,5,20210312,095000,0.102,0.102,0.102,0.102,7000,0
GOV,5,20210312,095500,0.1015,0.1015,0.1015,0.1015,20000,0
GOV,5,20210312,100000,0.1015,0.102,0.1015,0.102,19025,0
GOV,5,20210312,100500,0.1015,0.102,0.1015,0.102,47487,0
GOV,5,20210312,101000,0.1035,0.1035,0.1035,0.1035,8516,0
GOV,5,20210312,101500,0.1035,0.1035,0.1035,0.1035,10000,0
GOV,5,20210312,102500,0.1035,0.104,0.1035,0.104,56837,0
GOV,5,20210312,103000,0.104,0.104,0.104,0.104,43424,0
GOV,5,20210312,103500,0.104,0.104,0.102,0.102,109664,0
GOV,5,20210312,104000,0.102,0.103,0.102,0.103,125258,0
GOV,5,20210312,110500,0.103,0.103,0.103,0.103,2000,0
GOV,5,20210312,111000,0.1035,0.1035,0.1035,0.1035,17809,0
GOV,5,20210312,112000,0.1035,0.1035,0.1035,0.1035,4000,0
GOV,5,20210312,113500,0.1035,0.104,0.103,0.104,50264,0
GOV,5,20210312,114000,0.1045,0.1045,0.1045,0.1045,6500,0
GOV,5,20210312,114500,0.1035,0.1035,0.103,0.103,30000,0
GOV,5,20210312,121000,0.103,0.103,0.102,0.102,16345,0
GOV,5,20210312,121500,0.1035,0.1035,0.1035,0.1035,22000,0
GOV,5,20210312,122000,0.104,0.104,0.104,0.104,19142,0
GOV,5,20210312,123000,0.1025,0.1025,0.1025,0.1025,25000,0
GOV,5,20210312,124500,0.1025,0.1025,0.1025,0.1025,2000,0
GOV,5,20210312,130000,0.1035,0.1035,0.1035,0.1035,212,0
GOV,5,20210312,130500,0.103,0.103,0.1025,0.1025,19809,0
GOV,5,20210312,132000,0.1035,0.1035,0.1035,0.1035,2000,0
GOV,5,20210312,133000,0.1025,0.1025,0.1025,0.1025,10000,0
GOV,5,20210312,133500,0.1025,0.1025,0.102,0.102,49749,0
GOV,5,20210312,135500,0.103,0.103,0.103,0.103,15000,0
GOV,5,20210312,143000,0.102,0.102,0.102,0.102,41142,0
GOV,5,20210312,144500,0.102,0.102,0.102,0.102,632,0
GOV,5,20210312,145500,0.102,0.102,0.102,0.102,35754,0
GOV,5,20210312,150500,0.1015,0.1015,0.1015,0.1015,7100,0
GOV,5,20210312,151500,0.101,0.101,0.101,0.101,8310,0
GOV,5,20210312,153500,0.102,0.102,0.102,0.102,2824,0
GOV,5,20210312,154500,0.102,0.102,0.101,0.101,49600,0
GOV,5,20210312,155000,0.103,0.103,0.103,0.103,15000,0
GOV,5,20210312,162500,0.102,0.102,0.102,0.102,17727,0
GOV,5,20210312,163000,0.103,0.1035,0.103,0.1035,12000,0
GOV,5,20210312,164000,0.1035,0.1035,0.1035,0.1035,600,0
GOV,5,20210312,164500,0.102,0.102,0.102,0.102,10000,0
GOV,5,20210315,090000,0.1035,0.1035,0.1035,0.1035,20000,0
GOV,5,20210315,090500,0.1035,0.1035,0.1035,0.1035,3748,0
GOV,5,20210315,091500,0.1015,0.1015,0.1015,0.1015,6223,0
GOV,5,20210315,092000,0.1015,0.1015,0.101,0.1015,14601,0
GOV,5,20210315,092500,0.1015,0.1015,0.1015,0.1015,15532,0
GOV,5,20210315,093000,0.1015,0.1015,0.1015,0.1015,10000,0
GOV,5,20210315,094500,0.101,0.101,0.101,0.101,9999,0
GOV,5,20210315,102000,0.1015,0.1025,0.1015,0.1025,18000,0
GOV,5,20210315,104000,0.1025,0.1025,0.1025,0.1025,55,0
GOV,5,20210315,111500,0.1025,0.1025,0.1025,0.1025,11945,0
GOV,5,20210315,112000,0.1025,0.1025,0.1025,0.1025,3055,0
GOV,5,20210315,113500,0.1025,0.1025,0.1025,0.1025,3800,0
GOV,5,20210315,120500,0.1015,0.1015,0.1015,0.1015,14000,0
GOV,5,20210315,121000,0.1015,0.1015,0.1015,0.1015,1094,0
GOV,5,20210315,121500,0.1015,0.1015,0.1015,0.1015,4,0
GOV,5,20210315,132500,0.1015,0.1015,0.101,0.101,50000,0
GOV,5,20210315,133000,0.101,0.101,0.101,0.101,85000,0
GOV,5,20210315,133500,0.101,0.101,0.1,0.1,14350,0
GOV,5,20210315,134500,0.101,0.101,0.101,0.101,8190,0
GOV,5,20210315,142000,0.1,0.1,0.1,0.1,26000,0
GOV,5,20210315,143000,0.101,0.103,0.101,0.1025,7139,0
GOV,5,20210315,150500,0.1025,0.1025,0.1025,0.1025,11471,0
GOV,5,20210315,151500,0.101,0.101,0.1005,0.1005,26000,0
GOV,5,20210315,152000,0.1005,0.1005,0.1,0.1,116540,0
GOV,5,20210315,152500,0.099,0.1015,0.0942,0.1,285950,0
GOV,5,20210315,153500,0.0998,0.0998,0.0998,0.0998,11656,0
GOV,5,20210315,154000,0.0998,0.0998,0.095,0.0956,105995,0
GOV,5,20210315,154500,0.0994,0.0994,0.0958,0.0958,20170,0
GOV,5,20210315,155000,0.096,0.096,0.095,0.095,62665,0
GOV,5,20210315,155500,0.0986,0.0986,0.0956,0.0956,18000,0
GOV,5,20210315,160000,0.0984,0.0984,0.0954,0.098,49727,0
GOV,5,20210315,160500,0.0978,0.0984,0.0978,0.0984,13232,0
GOV,5,20210315,161000,0.0984,0.0988,0.0984,0.0988,25668,0
GOV,5,20210315,161500,0.0988,0.099,0.0988,0.099,21000,0
GOV,5,20210315,162000,0.0994,0.0994,0.0994,0.0994,2000,0
GOV,5,20210315,162500,0.099,0.099,0.099,0.099,19900,0
GOV,5,20210315,163500,0.099,0.099,0.099,0.099,9606,0
GOV,5,20210315,164000,0.099,0.0996,0.099,0.0996,4594,0
GOV,5,20210315,164500,0.0996,0.0996,0.0996,0.0996,2000,0
GOV,5,20210316,090000,0.0998,0.0998,0.0972,0.0972,90000,0
GOV,5,20210316,090500,0.0972,0.0972,0.0952,0.0952,193723,0
GOV,5,20210316,091000,0.0952,0.0978,0.0952,0.0978,46000,0
GOV,5,20210316,091500,0.098,0.098,0.098,0.098,107,0
GOV,5,20210316,092000,0.0978,0.0978,0.0978,0.0978,48640,0
GOV,5,20210316,092500,0.0958,0.0958,0.0954,0.0954,42200,0
GOV,5,20210316,093000,0.0954,0.0956,0.095,0.095,370000,0
GOV,5,20210316,093500,0.0952,0.0952,0.0952,0.0952,40000,0
GOV,5,20210316,094000,0.0952,0.0952,0.095,0.095,100000,0
GOV,5,20210316,094500,0.0968,0.0968,0.0968,0.0968,550,0
GOV,5,20210316,095000,0.0964,0.0964,0.0952,0.0952,152000,0
GOV,5,20210316,100000,0.0964,0.0964,0.0952,0.0954,45000,0
GOV,5,20210316,100500,0.0952,0.0952,0.095,0.095,20220,0
GOV,5,20210316,101000,0.096,0.0964,0.096,0.0964,36902,0
GOV,5,20210316,101500,0.0964,0.0964,0.0962,0.0962,30000,0
GOV,5,20210316,102000,0.0954,0.0964,0.0952,0.0952,146423,0
GOV,5,20210316,103500,0.096,0.096,0.096,0.096,7000,0
GOV,5,20210316,104500,0.0962,0.0962,0.0962,0.0962,25200,0
GOV,5,20210316,105000,0.0964,0.0964,0.0964,0.0964,41000,0
GOV,5,20210316,114000,0.0972,0.0972,0.0972,0.0972,20000,0
GOV,5,20210316,115000,0.0974,0.0974,0.0974,0.0974,7720,0
GOV,5,20210316,120000,0.0974,0.0974,0.0974,0.0974,10331,0
GOV,5,20210316,121000,0.0966,0.0976,0.0966,0.0976,28045,0
GOV,5,20210316,121500,0.0978,0.0978,0.0978,0.0978,16955,0
GOV,5,20210316,122000,0.0978,0.0978,0.0978,0.0978,40,0
GOV,5,20210316,124000,0.0968,0.0968,0.0968,0.0968,2500,0
GOV,5,20210316,125000,0.0968,0.0968,0.0968,0.0968,17500,0
GOV,5,20210316,125500,0.0968,0.0968,0.0968,0.0968,13640,0
GOV,5,20210316,135000,0.097,0.097,0.0964,0.0964,24222,0
GOV,5,20210316,140000,0.0964,0.0966,0.096,0.096,91000,0
GOV,5,20210316,141000,0.096,0.096,0.0952,0.0952,50999,0
GOV,5,20210316,141500,0.0956,0.0956,0.0956,0.0956,20000,0
GOV,5,20210316,142500,0.096,0.096,0.096,0.096,736,0
GOV,5,20210316,143500,0.096,0.096,0.096,0.096,10000,0
GOV,5,20210316,144000,0.096,0.096,0.0952,0.0952,13000,0
GOV,5,20210316,145000,0.096,0.096,0.096,0.096,30000,0
GOV,5,20210316,145500,0.0952,0.0966,0.0952,0.0966,32485,0
GOV,5,20210316,151500,0.0966,0.0966,0.0954,0.0954,52123,0
GOV,5,20210316,152500,0.096,0.096,0.0952,0.0952,70770,0
GOV,5,20210316,153000,0.096,0.096,0.0952,0.0952,60364,0
GOV,5,20210316,153500,0.0952,0.0952,0.0952,0.0952,38849,0
GOV,5,20210316,154000,0.0954,0.0962,0.0954,0.0962,22500,0
GOV,5,20210316,154500,0.0962,0.0962,0.0962,0.0962,8300,0
GOV,5,20210316,160500,0.0962,0.0962,0.0962,0.0962,16900,0
GOV,5,20210316,161000,0.0966,0.0968,0.0966,0.0968,41683,0
GOV,5,20210316,161500,0.0972,0.0972,0.0972,0.0972,4228,0
GOV,5,20210316,164500,0.0962,0.0962,0.096,0.096,37000,0
GOV,5,20210317,090000,0.097,0.097,0.095,0.095,322300,0
GOV,5,20210317,090500,0.095,0.095,0.095,0.095,29913,0
GOV,5,20210317,091500,0.095,0.095,0.0948,0.0948,12928,0
GOV,5,20210317,093000,0.0958,0.096,0.0958,0.096,40000,0
GOV,5,20210317,093500,0.096,0.0974,0.096,0.0974,17000,0
GOV,5,20210317,094000,0.096,0.096,0.096,0.096,5555,0
GOV,5,20210317,094500,0.0958,0.0958,0.0952,0.0952,15216,0
GOV,5,20210317,101500,0.096,0.096,0.096,0.096,25000,0
GOV,5,20210317,102000,0.0952,0.0952,0.0952,0.0952,11350,0
GOV,5,20210317,104000,0.0952,0.0952,0.0946,0.0946,61828,0
GOV,5,20210317,110500,0.0958,0.0958,0.0946,0.0946,16000,0
GOV,5,20210317,112000,0.0958,0.0958,0.0958,0.0958,1500,0
GOV,5,20210317,113000,0.0946,0.0946,0.0932,0.0932,107999,0
GOV,5,20210317,114000,0.0954,0.0954,0.095,0.095,16535,0
GOV,5,20210317,114500,0.095,0.095,0.095,0.095,26000,0
GOV,5,20210317,115500,0.095,0.095,0.095,0.095,507,0
GOV,5,20210317,120000,0.095,0.095,0.094,0.094,30193,0
GOV,5,20210317,123000,0.0942,0.0942,0.0942,0.0942,10000,0
GOV,5,20210317,124500,0.0942,0.0942,0.0942,0.0942,20000,0
GOV,5,20210317,130500,0.0946,0.0946,0.0946,0.0946,1807,0
GOV,5,20210317,131500,0.095,0.095,0.095,0.095,15154,0
GOV,5,20210317,132500,0.094,0.094,0.094,0.094,8860,0
GOV,5,20210317,133000,0.0946,0.0946,0.0946,0.0946,5000,0
GOV,5,20210317,134000,0.095,0.095,0.095,0.095,19361,0
GOV,5,20210317,135000,0.0954,0.0954,0.0954,0.0954,1,0
GOV,5,20210317,140000,0.0942,0.0942,0.0942,0.0942,10000,0
GOV,5,20210317,140500,0.0942,0.0942,0.0942,0.0942,10000,0
GOV,5,20210317,141000,0.094,0.094,0.094,0.094,24140,0
GOV,5,20210317,141500,0.0942,0.0942,0.0942,0.0942,16000,0
GOV,5,20210317,143000,0.0934,0.0934,0.0934,0.0934,10000,0
GOV,5,20210317,143500,0.0932,0.0932,0.0912,0.0912,100917,0
GOV,5,20210317,144000,0.091,0.0912,0.0904,0.0904,90990,0
GOV,5,20210317,144500,0.0928,0.0928,0.092,0.092,18000,0
GOV,5,20210317,145000,0.0934,0.0934,0.0934,0.0934,3000,0
GOV,5,20210317,150000,0.0934,0.0934,0.09,0.09,329397,0
GOV,5,20210317,150500,0.0918,0.0918,0.0918,0.0918,15246,0
GOV,5,20210317,151000,0.0918,0.0918,0.091,0.091,6754,0
GOV,5,20210317,152000,0.0918,0.0918,0.091,0.091,54803,0
GOV,5,20210317,152500,0.0918,0.0918,0.0918,0.0918,30500,0
GOV,5,20210317,153500,0.0912,0.0912,0.0906,0.0906,100000,0
GOV,5,20210317,154000,0.0906,0.0906,0.09,0.09,100000,0
GOV,5,20210317,155000,0.091,0.091,0.09,0.09,150000,0
GOV,5,20210317,155500,0.0902,0.0902,0.0902,0.0902,15000,0
GOV,5,20210317,160000,0.0916,0.0916,0.0916,0.0916,30000,0
GOV,5,20210317,160500,0.0916,0.0922,0.0916,0.0922,63222,0
GOV,5,20210317,161000,0.092,0.092,0.092,0.092,27000,0
GOV,5,20210317,162000,0.092,0.0928,0.092,0.0928,14208,0
GOV,5,20210317,164500,0.092,0.0926,0.092,0.0926,24491,0
GOV,5,20210317,165500,0.092,0.092,0.092,0.092,20000,0
GOV,5,20210318,090000,0.0926,0.0926,0.0926,0.0926,14614,0
GOV,5,20210318,090500,0.093,0.094,0.093,0.094,7000,0
GOV,5,20210318,091000,0.0926,0.0926,0.0926,0.0926,95386,0
GOV,5,20210318,091500,0.0926,0.0926,0.0906,0.0906,100000,0
GOV,5,20210318,092000,0.0906,0.0906,0.09,0.09,249004,0
GOV,5,20210318,092500,0.09,0.093,0.09,0.093,67162,0
GOV,5,20210318,093500,0.0928,0.0928,0.0928,0.0928,10000,0
GOV,5,20210318,094500,0.0924,0.0924,0.092,0.092,6600,0
GOV,5,20210318,100000,0.0924,0.0924,0.0924,0.0924,2093,0
GOV,5,20210318,100500,0.0924,0.0924,0.0908,0.0908,32624,0
GOV,5,20210318,101500,0.0922,0.0922,0.0922,0.0922,371,0
GOV,5,20210318,102000,0.091,0.091,0.091,0.091,400,0
GOV,5,20210318,103000,0.0922,0.0924,0.0922,0.0924,25000,0
GOV,5,20210318,104000,0.091,0.091,0.0908,0.0908,20000,0
GOV,5,20210318,105500,0.0908,0.0908,0.09,0.09,220100,0
GOV,5,20210318,110000,0.09,0.09,0.0896,0.0896,15000,0
GOV,5,20210318,110500,0.0896,0.0896,0.0896,0.0896,10000,0
GOV,5,20210318,111500,0.0896,0.09,0.0896,0.09,25000,0
GOV,5,20210318,115000,0.0914,0.0924,0.0914,0.0924,36200,0
GOV,5,20210318,115500,0.0924,0.0924,0.0924,0.0924,7000,0
GOV,5,20210318,120000,0.092,0.092,0.092,0.092,7500,0
GOV,5,20210318,120500,0.092,0.092,0.092,0.092,10070,0
GOV,5,20210318,121000,0.0922,0.0924,0.0922,0.0924,3929,0
GOV,5,20210318,121500,0.093,0.093,0.093,0.093,15000,0
GOV,5,20210318,125500,0.093,0.093,0.093,0.093,1100,0
GOV,5,20210318,130000,0.0924,0.0924,0.092,0.092,19000,0
GOV,5,20210318,130500,0.093,0.093,0.093,0.093,43900,0
GOV,5,20210318,133500,0.0932,0.0932,0.0932,0.0932,39400,0
GOV,5,20210318,134500,0.0932,0.0932,0.0932,0.0932,3007,0
GOV,5,20210318,135500,0.0938,0.094,0.0938,0.094,29000,0
GOV,5,20210318,140500,0.0944,0.0944,0.0944,0.0944,1000,0
GOV,5,20210318,141500,0.0936,0.0936,0.0934,0.0934,30790,0
GOV,5,20210318,143500,0.094,0.094,0.094,0.094,2950,0
GOV,5,20210318,144000,0.094,0.094,0.094,0.094,3024,0
GOV,5,20210318,144500,0.094,0.094,0.0902,0.0902,100700,0
GOV,5,20210318,155000,0.0928,0.0928,0.0928,0.0928,10840,0
GOV,5,20210318,160500,0.0928,0.0928,0.0928,0.0928,600,0
GOV,5,20210318,162000,0.0928,0.0928,0.0928,0.0928,950,0
GOV,5,20210319,090000,0.092,0.092,0.0902,0.0902,100000,0
GOV,5,20210319,095000,0.0912,0.0912,0.0902,0.0902,200000,0
GOV,5,20210319,095500,0.0902,0.0902,0.0902,0.0902,37618,0
GOV,5,20210319,100000,0.0902,0.0902,0.0902,0.0902,2382,0
GOV,5,20210319,102000,0.0904,0.0904,0.0904,0.0904,18,0
GOV,5,20210319,103000,0.0904,0.092,0.0904,0.092,29000,0
GOV,5,20210319,103500,0.0918,0.0918,0.0918,0.0918,15000,0
GOV,5,20210319,113000,0.0902,0.0902,0.0902,0.0902,14367,0
GOV,5,20210319,113500,0.0902,0.0902,0.0902,0.0902,20000,0
GOV,5,20210319,114500,0.091,0.091,0.091,0.091,10000,0
GOV,5,20210319,120000,0.0918,0.0918,0.0916,0.0916,7000,0
GOV,5,20210319,121500,0.091,0.091,0.091,0.091,10000,0
GOV,5,20210319,123000,0.091,0.091,0.091,0.091,10000,0
GOV,5,20210319,125000,0.091,0.091,0.0902,0.0902,50000,0
GOV,5,20210319,132000,0.0918,0.092,0.0918,0.092,22000,0
GOV,5,20210319,132500,0.0918,0.0918,0.0918,0.0918,7787,0
GOV,5,20210319,135500,0.0918,0.0918,0.09,0.09,100000,0
GOV,5,20210319,140000,0.0902,0.0902,0.09,0.09,55000,0
GOV,5,20210319,140500,0.09,0.09,0.09,0.09,35500,0
GOV,5,20210319,141500,0.0902,0.0902,0.09,0.09,100000,0
GOV,5,20210319,142000,0.0904,0.0904,0.0904,0.0904,367,0
GOV,5,20210319,144500,0.0904,0.0904,0.0904,0.0904,4000,0
GOV,5,20210319,145000,0.0904,0.0904,0.0902,0.0902,25633,0
GOV,5,20210319,145500,0.0902,0.0902,0.0902,0.0902,50367,0
GOV,5,20210319,152500,0.0902,0.0902,0.0902,0.0902,6000,0
GOV,5,20210319,160000,0.0912,0.0912,0.0912,0.0912,2180,0
GOV,5,20210319,160500,0.0912,0.0912,0.0912,0.0912,400,0
GOV,5,20210319,163000,0.0908,0.0908,0.0908,0.0908,3633,0
GOV,5,20210319,163500,0.0908,0.0908,0.09,0.09,55000,0
GOV,5,20210319,164000,0.0912,0.092,0.0912,0.092,25000,0
GOV,5,20210319,164500,0.0912,0.0912,0.09,0.09,10000,0
GOV,5,20210322,090000,0.09,0.09,0.0896,0.0896,37212,0
GOV,5,20210322,090500,0.089,0.089,0.088,0.088,172290,0
GOV,5,20210322,091000,0.088,0.088,0.088,0.088,15800,0
GOV,5,20210322,091500,0.0892,0.0892,0.088,0.088,4494,0
GOV,5,20210322,092000,0.087,0.087,0.087,0.087,1612,0
GOV,5,20210322,092500,0.0872,0.0872,0.0862,0.0862,59000,0
GOV,5,20210322,093000,0.0878,0.088,0.0862,0.0878,37569,0
GOV,5,20210322,093500,0.0878,0.0878,0.0878,0.0878,33000,0
GOV,5,20210322,094000,0.088,0.088,0.088,0.088,45208,0
GOV,5,20210322,094500,0.088,0.088,0.088,0.088,7000,0
GOV,5,20210322,095500,0.088,0.088,0.088,0.088,3936,0
GOV,5,20210322,100500,0.0894,0.0894,0.0894,0.0894,7300,0
GOV,5,20210322,101000,0.0898,0.09,0.0898,0.09,25700,0
GOV,5,20210322,102000,0.0898,0.09,0.0898,0.09,105000,0
GOV,5,20210322,102500,0.09,0.091,0.09,0.091,184318,0
GOV,5,20210322,103000,0.0918,0.0928,0.0918,0.0928,23318,0
GOV,5,20210322,103500,0.0928,0.0928,0.092,0.092,14351,0
GOV,5,20210322,104500,0.0912,0.0912,0.09,0.09,39636,0
GOV,5,20210322,105500,0.0912,0.0912,0.0912,0.0912,21855,0
GOV,5,20210322,110500,0.091,0.091,0.091,0.091,10000,0
GOV,5,20210322,112000,0.091,0.0912,0.091,0.0912,15090,0
GOV,5,20210322,114000,0.0912,0.0912,0.0912,0.0912,10000,0
GOV,5,20210322,120500,0.091,0.091,0.091,0.091,10000,0
GOV,5,20210322,122500,0.0902,0.0902,0.0902,0.0902,2200,0
GOV,5,20210322,123500,0.091,0.091,0.091,0.091,2105,0
GOV,5,20210322,130000,0.091,0.091,0.091,0.091,2414,0
GOV,5,20210322,132000,0.091,0.091,0.09,0.09,23823,0
GOV,5,20210322,132500,0.0898,0.0898,0.089,0.089,18961,0
GOV,5,20210322,133000,0.0882,0.0882,0.088,0.088,18354,0
GOV,5,20210322,133500,0.0898,0.0898,0.0898,0.0898,1500,0
GOV,5,20210322,134000,0.0898,0.0898,0.0898,0.0898,1633,0
GOV,5,20210322,135000,0.0898,0.0898,0.0898,0.0898,32692,0
GOV,5,20210322,143000,0.0898,0.0898,0.0898,0.0898,112308,0
GOV,5,20210322,150500,0.089,0.089,0.089,0.089,2000,0
GOV,5,20210322,155000,0.089,0.089,0.088,0.088,53318,0
GOV,5,20210322,155500,0.088,0.088,0.088,0.088,328,0
GOV,5,20210322,162500,0.091,0.091,0.091,0.091,1,0
GOV,5,20210322,163000,0.091,0.091,0.091,0.091,200,0
GOV,5,20210323,092500,0.09,0.09,0.09,0.09,6611,0
GOV,5,20210323,093000,0.088,0.088,0.088,0.088,568,0
GOV,5,20210323,094000,0.088,0.088,0.0876,0.0876,13500,0
GOV,5,20210323,094500,0.0898,0.09,0.0898,0.09,13000,0
GOV,5,20210323,101000,0.09,0.09,0.09,0.09,60000,0
GOV,5,20210323,102500,0.09,0.09,0.09,0.09,21000,0
GOV,5,20210323,103500,0.09,0.09,0.09,0.09,20000,0
GOV,5,20210323,104500,0.09,0.09,0.09,0.09,4411,0
GOV,5,20210323,105000,0.09,0.09,0.09,0.09,820,0
GOV,5,20210323,115000,0.0898,0.0898,0.0898,0.0898,1950,0
GOV,5,20210323,120000,0.0886,0.0886,0.0886,0.0886,1574,0
GOV,5,20210323,121500,0.09,0.09,0.09,0.09,800,0
GOV,5,20210323,122000,0.0888,0.0888,0.0888,0.0888,16000,0
GOV,5,20210323,123000,0.0888,0.0888,0.0888,0.0888,21200,0
GOV,5,20210323,124000,0.0898,0.09,0.0898,0.09,13323,0
GOV,5,20210323,132000,0.09,0.09,0.09,0.09,11077,0
GOV,5,20210323,153500,0.0898,0.09,0.0898,0.09,73765,0
GOV,5,20210323,154000,0.09,0.09,0.09,0.09,8000,0
GOV,5,20210323,155000,0.09,0.09,0.09,0.09,9600,0
GOV,5,20210323,160500,0.09,0.09,0.09,0.09,1400,0
GOV,5,20210323,163500,0.091,0.091,0.091,0.091,1,0
GOV,5,20210323,164500,0.09,0.09,0.09,0.09,10750,0
GOV,5,20210323,165500,0.0908,0.0908,0.0908,0.0908,10750,0
GOV,5,20210324,090000,0.0908,0.0908,0.09,0.09,48450,0
GOV,5,20210324,090500,0.09,0.09,0.09,0.09,10000,0
GOV,5,20210324,092000,0.09,0.09,0.09,0.09,8223,0
GOV,5,20210324,093000,0.0888,0.0888,0.0888,0.0888,560,0
GOV,5,20210324,094000,0.0886,0.0888,0.0886,0.0888,10000,0
GOV,5,20210324,094500,0.0886,0.0886,0.0886,0.0886,11256,0
GOV,5,20210324,100000,0.0888,0.0888,0.0888,0.0888,17464,0
GOV,5,20210324,102500,0.0896,0.0896,0.0882,0.0882,36028,0
GOV,5,20210324,103500,0.089,0.0894,0.089,0.0894,12000,0
GOV,5,20210324,104000,0.089,0.089,0.089,0.089,2929,0
GOV,5,20210324,110000,0.089,0.0898,0.089,0.0898,20000,0
GOV,5,20210324,114500,0.0898,0.0898,0.0884,0.0884,32735,0
GOV,5,20210324,115000,0.0898,0.0898,0.0898,0.0898,2000,0
GOV,5,20210324,120000,0.0898,0.0898,0.0898,0.0898,45000,0
GOV,5,20210324,121500,0.0884,0.09,0.0884,0.09,33215,0
GOV,5,20210324,124000,0.089,0.089,0.089,0.089,18000,0
GOV,5,20210324,125500,0.0898,0.0898,0.0898,0.0898,8701,0
GOV,5,20210324,130000,0.09,0.09,0.09,0.09,2000,0
GOV,5,20210324,131500,0.0898,0.0898,0.0898,0.0898,5799,0
GOV,5,20210324,134000,0.089,0.089,0.089,0.089,20000,0
GOV,5,20210324,134500,0.089,0.089,0.089,0.089,3333,0
GOV,5,20210324,140000,0.089,0.089,0.0886,0.0886,22200,0
GOV,5,20210324,140500,0.0886,0.0886,0.0886,0.0886,20000,0
GOV,5,20210324,141000,0.0884,0.0884,0.0884,0.0884,10090,0
GOV,5,20210324,141500,0.0884,0.0884,0.0882,0.0882,67177,0
GOV,5,20210324,143000,0.0898,0.09,0.0898,0.09,70000,0
GOV,5,20210324,144000,0.0898,0.0898,0.0884,0.0884,18042,0
GOV,5,20210324,144500,0.0898,0.0904,0.0898,0.0904,10000,0
GOV,5,20210324,145500,0.09,0.09,0.09,0.09,5000,0
GOV,5,20210324,152000,0.089,0.089,0.089,0.089,1000,0
GOV,5,20210324,153500,0.0902,0.0904,0.0902,0.0904,29000,0
GOV,5,20210324,155500,0.0902,0.0904,0.0902,0.0904,24143,0
GOV,5,20210324,160000,0.0918,0.0918,0.0918,0.0918,30,0
GOV,5,20210324,160500,0.0918,0.0918,0.0918,0.0918,20350,0
GOV,5,20210324,163500,0.0918,0.092,0.0918,0.092,3235,0
GOV,5,20210324,165500,0.0918,0.0918,0.0918,0.0918,631,0
GOV,5,20210325,091500,0.0914,0.0924,0.0914,0.0924,20487,0
GOV,5,20210325,092500,0.0924,0.0924,0.0924,0.0924,12500,0
GOV,5,20210325,094000,0.0924,0.0924,0.0924,0.0924,10790,0
GOV,5,20210325,094500,0.0924,0.093,0.0924,0.093,85000,0
GOV,5,20210325,095000,0.093,0.093,0.093,0.093,12500,0
GOV,5,20210325,100000,0.09,0.09,0.09,0.09,11111,0
GOV,5,20210325,103000,0.0928,0.0928,0.0928,0.0928,30000,0
GOV,5,20210325,104500,0.0902,0.0902,0.09,0.09,75386,0
GOV,5,20210325,105500,0.0896,0.0896,0.0894,0.0894,45567,0
GOV,5,20210325,110000,0.0918,0.0918,0.0918,0.0918,10000,0
GOV,5,20210325,114500,0.0894,0.0894,0.0892,0.0892,36100,0
GOV,5,20210325,125500,0.09,0.09,0.09,0.09,5000,0
GOV,5,20210325,131000,0.0906,0.0906,0.0906,0.0906,10000,0
GOV,5,20210325,143500,0.0896,0.0896,0.089,0.089,37000,0
GOV,5,20210325,150500,0.0898,0.09,0.0898,0.09,82840,0
GOV,5,20210325,152000,0.09,0.09,0.09,0.09,21560,0
GOV,5,20210325,154000,0.0906,0.0906,0.09,0.09,2960,0
GOV,5,20210325,162000,0.0906,0.0906,0.0906,0.0906,10000,0
GOV,5,20210325,162500,0.0908,0.0908,0.0908,0.0908,1571,0
GOV,5,20210325,164500,0.0908,0.0908,0.0908,0.0908,429,0
GOV,5,20210326,090000,0.0908,0.0908,0.0908,0.0908,1826,0
GOV,5,20210326,091500,0.0908,0.0908,0.0908,0.0908,8174,0
GOV,5,20210326,092000,0.09,0.09,0.09,0.09,3800,0
GOV,5,20210326,094000,0.0896,0.0896,0.0896,0.0896,2000,0
GOV,5,20210326,094500,0.0896,0.0896,0.0896,0.0896,24000,0
GOV,5,20210326,095500,0.0908,0.0908,0.0908,0.0908,2000,0
GOV,5,20210326,101500,0.089,0.089,0.089,0.089,1571,0
GOV,5,20210326,103000,0.089,0.089,0.089,0.089,33746,0
GOV,5,20210326,103500,0.0888,0.0888,0.0886,0.0886,6200,0
GOV,5,20210326,105000,0.0888,0.0888,0.088,0.088,85000,0
GOV,5,20210326,111500,0.089,0.089,0.089,0.089,2000,0
GOV,5,20210326,112500,0.089,0.089,0.089,0.089,3292,0
GOV,5,20210326,113000,0.089,0.089,0.089,0.089,962,0
GOV,5,20210326,121500,0.0898,0.0898,0.0898,0.0898,645,0
GOV,5,20210326,122000,0.0898,0.0898,0.0898,0.0898,1355,0
GOV,5,20210326,124500,0.0892,0.0892,0.0892,0.0892,11000,0
GOV,5,20210326,125500,0.09,0.09,0.09,0.09,80000,0
GOV,5,20210326,130000,0.089,0.0908,0.0886,0.0908,31039,0
GOV,5,20210326,133500,0.0886,0.0886,0.0886,0.0886,3000,0
GOV,5,20210326,151000,0.0904,0.0904,0.0904,0.0904,2555,0
GOV,5,20210326,152000,0.0904,0.0904,0.0904,0.0904,11944,0
GOV,5,20210326,153000,0.0908,0.0908,0.0908,0.0908,6288,0
GOV,5,20210326,154500,0.0908,0.0908,0.0908,0.0908,3711,0
GOV,5,20210326,160000,0.091,0.091,0.091,0.091,50,0
GOV,5,20210326,160500,0.091,0.091,0.091,0.091,8879,0
GOV,5,20210326,161500,0.0908,0.0908,0.0908,0.0908,8978,0
GOV,5,20210326,162500,0.0908,0.0908,0.0908,0.0908,11022,0
GOV,5,20210326,163500,0.0908,0.0908,0.09,0.09,8413,0
GOV,5,20210326,164000,0.0888,0.0888,0.0882,0.0882,120000,0
GOV,5,20210326,164500,0.09,0.09,0.09,0.09,1,0
