<TICKER>,<PER>,<DATE>,<TIME>,<OPEN>,<HIGH>,<LOW>,<CLOSE>,<VOL>,<OPENINT>
GTS,5,20210204,090000,19.5,19.6,19.5,19.5,314,0
GTS,5,20210204,091000,19.6,19.6,19.5,19.5,571,0
GTS,5,20210204,091500,19.5,19.5,19.5,19.5,937,0
GTS,5,20210204,092500,19.6,19.6,19.5,19.5,239,0
GTS,5,20210204,093000,19.5,19.6,19.5,19.6,556,0
GTS,5,20210204,093500,19.6,19.6,19.6,19.6,100,0
GTS,5,20210204,094000,19.6,19.6,19.5,19.6,327,0
GTS,5,20210204,094500,19.5,19.5,19.45,19.45,178,0
GTS,5,20210204,095000,19.5,19.5,19.5,19.5,250,0
GTS,5,20210204,100000,19.5,19.5,19.5,19.5,722,0
GTS,5,20210204,101000,19.5,19.5,19.45,19.45,50,0
GTS,5,20210204,101500,19.5,19.55,19.5,19.55,100,0
GTS,5,20210204,102000,19.5,19.5,19.5,19.5,200,0
GTS,5,20210204,102500,19.5,19.55,19.5,19.55,350,0
GTS,5,20210204,103000,19.45,19.45,19.45,19.45,100,0
GTS,5,20210204,110500,19.45,19.45,19.45,19.45,308,0
GTS,5,20210204,111000,19.5,19.5,19.5,19.5,50,0
GTS,5,20210204,112000,19.45,19.45,19.45,19.45,215,0
GTS,5,20210204,112500,19.5,19.5,19.5,19.5,150,0
GTS,5,20210204,120000,19.5,19.5,19.5,19.5,52,0
GTS,5,20210204,121000,19.5,19.5,19.5,19.5,294,0
GTS,5,20210204,121500,19.5,19.5,19.5,19.5,28,0
GTS,5,20210204,122500,19.6,19.6,19.6,19.6,385,0
GTS,5,20210204,123500,19.5,19.5,19.5,19.5,26,0
GTS,5,20210204,124000,19.5,19.5,19.5,19.5,50,0
GTS,5,20210204,131000,19.5,19.5,19.5,19.5,200,0
GTS,5,20210204,133500,19.6,19.6,19.6,19.6,100,0
GTS,5,20210204,134000,19.5,19.5,19.5,19.5,300,0
GTS,5,20210204,134500,19.5,19.5,19.4,19.4,1472,0
GTS,5,20210204,140500,19.55,19.55,19.55,19.55,16,0
GTS,5,20210204,141000,19.55,19.55,19.55,19.55,255,0
GTS,5,20210204,141500,19.55,19.55,19.55,19.55,6,0
GTS,5,20210204,144500,19.5,19.5,19.5,19.5,43,0
GTS,5,20210204,145000,19.5,19.5,19.45,19.45,300,0
GTS,5,20210204,145500,19.55,19.55,19.45,19.45,153,0
GTS,5,20210204,151500,19.45,19.45,19.45,19.45,10,0
GTS,5,20210204,152500,19.45,19.45,19.4,19.4,200,0
GTS,5,20210204,153000,19.4,19.4,19.4,19.4,200,0
GTS,5,20210204,154500,19.5,19.5,19.5,19.5,70,0
GTS,5,20210204,155000,19.45,19.5,19.45,19.5,784,0
GTS,5,20210204,160500,19.45,19.45,19.4,19.45,250,0
GTS,5,20210204,161000,19.45,19.45,19.45,19.45,2,0
GTS,5,20210204,161500,19.45,19.45,19.4,19.4,83,0
GTS,5,20210204,163000,19.5,19.5,19.5,19.5,80,0
GTS,5,20210204,163500,19.5,19.55,19.4,19.55,851,0
GTS,5,20210204,164500,19.4,19.5,19.4,19.5,598,0
GTS,5,20210205,090000,19.4,19.5,19.35,19.35,413,0
GTS,5,20210205,090500,19.35,19.5,19.35,19.5,777,0
GTS,5,20210205,091000,19.5,19.5,19.35,19.35,1578,0
GTS,5,20210205,091500,19.5,19.5,19.4,19.4,230,0
GTS,5,20210205,092000,19.4,19.4,19.35,19.35,858,0
GTS,5,20210205,092500,19.35,19.35,19.2,19.2,4512,0
GTS,5,20210205,093000,19.2,19.2,17.2,18.6,22663,0
GTS,5,20210205,093500,18.6,19,18.3,19,5863,0
GTS,5,20210205,094000,18.85,19,18.8,19,982,0
GTS,5,20210205,094500,19,19.25,19,19.25,750,0
GTS,5,20210205,095000,19.25,19.55,19.25,19.3,300,0
GTS,5,20210205,095500,19.3,19.3,19.2,19.2,161,0
GTS,5,20210205,100000,19,19.2,19,19,446,0
GTS,5,20210205,100500,19,19,19,19,343,0
GTS,5,20210205,101500,19,19,19,19,30,0
GTS,5,20210205,102000,19,19,19,19,568,0
GTS,5,20210205,102500,19,19,19,19,732,0
GTS,5,20210205,103000,19.15,19.15,19.15,19.15,300,0
GTS,5,20210205,103500,19,19,19,19,740,0
GTS,5,20210205,104500,19,19,19,19,10,0
GTS,5,20210205,105000,19.1,19.1,19,19,263,0
GTS,5,20210205,110000,19,19,19,19,200,0
GTS,5,20210205,110500,19.1,19.2,19.1,19.2,761,0
GTS,5,20210205,111500,19,19.25,19,19.25,154,0
GTS,5,20210205,112000,19.25,19.25,19.1,19.1,254,0
GTS,5,20210205,112500,19.1,19.1,19.1,19.1,205,0
GTS,5,20210205,113000,19,19,19,19,8163,0
GTS,5,20210205,113500,19,19,19,19,46,0
GTS,5,20210205,114000,19,19,19,19,224,0
GTS,5,20210205,114500,19.1,19.15,19.1,19.15,55,0
GTS,5,20210205,115000,19.15,19.15,19.15,19.15,58,0
GTS,5,20210205,115500,19.05,19.1,19.05,19.1,55,0
GTS,5,20210205,121000,19.2,19.2,19.2,19.2,78,0
GTS,5,20210205,121500,19.1,19.1,19.05,19.05,530,0
GTS,5,20210205,122500,19.05,19.2,19,19.2,79,0
GTS,5,20210205,123500,19,19,19,19,80,0
GTS,5,20210205,124000,19.15,19.15,19.15,19.15,406,0
GTS,5,20210205,130500,19.2,19.2,19,19,334,0
GTS,5,20210205,131500,19.2,19.2,19.2,19.2,100,0
GTS,5,20210205,132500,19.1,19.1,19,19,99,0
GTS,5,20210205,133500,19.15,19.15,19.15,19.15,68,0
GTS,5,20210205,134000,19.2,19.2,19.2,19.2,302,0
GTS,5,20210205,135000,19.2,19.2,19.2,19.2,38,0
GTS,5,20210205,135500,19.1,19.1,19.1,19.1,100,0
GTS,5,20210205,140000,19.1,19.1,19.1,19.1,50,0
GTS,5,20210205,141000,19.1,19.15,19.1,19.15,243,0
GTS,5,20210205,141500,19.1,19.1,19.1,19.1,50,0
GTS,5,20210205,142000,19.1,19.1,19.05,19.05,181,0
GTS,5,20210205,142500,19.1,19.15,19.05,19.05,250,0
GTS,5,20210205,143500,19.05,19.05,19.05,19.05,200,0
GTS,5,20210205,144000,19.05,19.05,19.05,19.05,109,0
GTS,5,20210205,144500,19.05,19.05,19,19,629,0
GTS,5,20210205,145000,19,19.1,19,19,1486,0
GTS,5,20210205,151500,19.15,19.15,19,19,2887,0
GTS,5,20210205,152000,19,19.15,19,19.15,665,0
GTS,5,20210205,153000,19.1,19.15,19.1,19.15,130,0
GTS,5,20210205,153500,19.15,19.15,19.15,19.15,615,0
GTS,5,20210205,154000,19,19,19,19,100,0
GTS,5,20210205,154500,19.15,19.15,19.15,19.15,190,0
GTS,5,20210205,155500,19.15,19.15,19.15,19.15,121,0
GTS,5,20210205,160500,19,19,19,19,100,0
GTS,5,20210205,161000,19.1,19.1,19.1,19.1,167,0
GTS,5,20210205,161500,19.15,19.15,19.15,19.15,212,0
GTS,5,20210205,162500,19,19,19,19,200,0
GTS,5,20210205,163000,19.1,19.1,19.1,19.1,189,0
GTS,5,20210205,163500,19,19,19,19,150,0
GTS,5,20210205,164500,19.1,19.2,19,19,559,0
GTS,5,20210208,090000,18.9,19.15,18.9,19.15,940,0
GTS,5,20210208,090500,19.15,19.2,19.15,19.2,170,0
GTS,5,20210208,091000,19.15,19.15,19.15,19.15,245,0
GTS,5,20210208,091500,19.1,19.1,18.9,18.9,2451,0
GTS,5,20210208,092000,18.9,19.05,18.9,19.05,282,0
GTS,5,20210208,092500,19,19,19,19,10,0
GTS,5,20210208,093000,19,19,18.9,18.9,350,0
GTS,5,20210208,093500,18.9,18.95,18.9,18.95,400,0
GTS,5,20210208,094000,18.9,19,18.9,19,398,0
GTS,5,20210208,094500,18.9,18.9,18.9,18.9,146,0
GTS,5,20210208,095000,18.9,18.9,18.9,18.9,388,0
GTS,5,20210208,095500,18.9,18.9,18.8,18.8,477,0
GTS,5,20210208,100000,18.9,18.9,18.7,18.7,498,0
GTS,5,20210208,100500,18.65,18.7,18.6,18.6,1023,0
GTS,5,20210208,101000,18.6,18.7,18.2,18.4,5655,0
GTS,5,20210208,101500,18.45,18.5,18.4,18.4,599,0
GTS,5,20210208,102000,18.4,18.5,18.4,18.4,840,0
GTS,5,20210208,102500,18.45,18.45,18.4,18.45,485,0
GTS,5,20210208,103000,18.45,18.8,18.4,18.8,2708,0
GTS,5,20210208,103500,18.8,18.8,18.8,18.8,622,0
GTS,5,20210208,104000,18.8,18.8,18.8,18.8,20,0
GTS,5,20210208,104500,18.6,18.6,18.6,18.6,120,0
GTS,5,20210208,105000,18.6,18.9,18.25,18.8,2300,0
GTS,5,20210208,105500,18.8,18.8,18.7,18.7,510,0
GTS,5,20210208,110000,18.7,18.7,18.7,18.7,200,0
GTS,5,20210208,110500,18.7,18.7,18.7,18.7,96,0
GTS,5,20210208,111000,18.7,18.7,18.7,18.7,100,0
GTS,5,20210208,111500,18.7,18.7,18.7,18.7,148,0
GTS,5,20210208,112500,18.7,18.7,18.7,18.7,100,0
GTS,5,20210208,113000,18.7,18.7,18.55,18.55,50,0
GTS,5,20210208,113500,18.5,18.5,18.25,18.25,2493,0
GTS,5,20210208,114000,18.35,18.65,18.3,18.65,608,0
GTS,5,20210208,114500,18.5,18.5,18.5,18.5,100,0
GTS,5,20210208,115000,18.4,18.4,18.4,18.4,730,0
GTS,5,20210208,115500,18.3,18.5,18.1,18.2,6428,0
GTS,5,20210208,120000,18.25,18.35,18.2,18.35,530,0
GTS,5,20210208,121000,18.4,18.4,18.2,18.2,483,0
GTS,5,20210208,121500,18.2,18.4,18.15,18.4,1461,0
GTS,5,20210208,122000,18.35,18.4,18.35,18.4,185,0
GTS,5,20210208,122500,18.4,18.4,18.4,18.4,200,0
GTS,5,20210208,123000,18.4,18.4,18.4,18.4,80,0
GTS,5,20210208,123500,18.4,18.4,18.2,18.2,719,0
GTS,5,20210208,124000,18.2,18.35,18.2,18.35,452,0
GTS,5,20210208,124500,18.3,18.3,18.3,18.3,30,0
GTS,5,20210208,125000,18.4,18.4,18.4,18.4,139,0
GTS,5,20210208,130500,18.35,18.35,18.2,18.2,2000,0
GTS,5,20210208,131000,18.25,18.25,18.15,18.15,1100,0
GTS,5,20210208,131500,18.2,18.3,18.2,18.25,432,0
GTS,5,20210208,132000,18.3,18.4,18.3,18.4,425,0
GTS,5,20210208,132500,18.45,18.45,18.45,18.45,75,0
GTS,5,20210208,133000,18.45,18.45,18.45,18.45,100,0
GTS,5,20210208,133500,18.45,18.45,18.35,18.35,330,0
GTS,5,20210208,135500,18.35,18.35,18.35,18.35,63,0
GTS,5,20210208,140500,18.5,18.5,18.4,18.4,195,0
GTS,5,20210208,141000,18.5,18.85,18.5,18.85,1390,0
GTS,5,20210208,141500,18.85,18.9,18.85,18.9,369,0
GTS,5,20210208,150000,18.5,18.5,18.5,18.5,251,0
GTS,5,20210208,150500,18.4,18.8,18.4,18.8,243,0
GTS,5,20210208,151500,18.4,18.4,18.3,18.3,400,0
GTS,5,20210208,152000,18.35,18.35,18.1,18.1,4372,0
GTS,5,20210208,152500,18.55,18.6,18.55,18.6,114,0
GTS,5,20210208,154000,18.5,18.5,18.5,18.5,500,0
GTS,5,20210208,154500,18.25,18.25,18.25,18.25,15,0
GTS,5,20210208,155000,18.5,18.5,18.5,18.5,28,0
GTS,5,20210208,160000,18.45,18.45,18.45,18.45,50,0
GTS,5,20210208,160500,18.45,18.45,18.45,18.45,30,0
GTS,5,20210208,161000,18.4,18.4,18.2,18.4,773,0
GTS,5,20210208,161500,18.3,18.3,18.3,18.3,100,0
GTS,5,20210208,162000,18.25,18.45,18.2,18.45,1224,0
GTS,5,20210208,162500,18.4,18.4,18.4,18.4,78,0
GTS,5,20210208,163000,18.3,18.3,18.1,18.1,1525,0
GTS,5,20210208,163500,18.45,18.45,18.45,18.45,70,0
GTS,5,20210208,164500,18.35,18.4,18.3,18.4,550,0
GTS,5,20210209,090000,18.1,18.1,18.1,18.1,1691,0
GTS,5,20210209,090500,18.2,18.2,18.1,18.15,1759,0
GTS,5,20210209,091000,18.2,18.2,18.2,18.2,100,0
GTS,5,20210209,091500,18.1,18.15,18.1,18.15,200,0
GTS,5,20210209,092000,18.15,18.15,18.1,18.1,1400,0
GTS,5,20210209,092500,18.15,18.15,18.1,18.15,1047,0
GTS,5,20210209,093000,18.1,18.1,18.1,18.1,1790,0
GTS,5,20210209,093500,18.15,18.15,18.1,18.1,1418,0
GTS,5,20210209,094000,18.2,18.2,18.1,18.2,681,0
GTS,5,20210209,094500,18.1,18.2,18.1,18.1,809,0
GTS,5,20210209,095000,18.1,18.1,18.1,18.1,650,0
GTS,5,20210209,095500,18.1,18.1,18.1,18.1,430,0
GTS,5,20210209,100000,18.15,18.15,18.1,18.1,250,0
GTS,5,20210209,100500,18.1,18.15,18.1,18.15,1930,0
GTS,5,20210209,101000,18.15,18.2,18.15,18.2,250,0
GTS,5,20210209,101500,18.2,18.2,18.1,18.1,333,0
GTS,5,20210209,102000,18.2,18.2,18.1,18.1,242,0
GTS,5,20210209,103000,18.15,18.15,18.1,18.1,107,0
GTS,5,20210209,103500,18.1,18.1,18.1,18.1,483,0
GTS,5,20210209,104000,18.1,18.1,18.1,18.1,40,0
GTS,5,20210209,104500,18.15,18.15,18.15,18.15,150,0
GTS,5,20210209,105000,18.1,18.2,18.1,18.2,411,0
GTS,5,20210209,105500,18.2,18.2,18.2,18.2,434,0
GTS,5,20210209,110000,18.2,18.2,18.15,18.15,130,0
GTS,5,20210209,110500,18.15,18.15,18.1,18.1,56,0
GTS,5,20210209,111000,18.15,18.15,18.1,18.1,110,0
GTS,5,20210209,111500,18.15,18.15,18.15,18.15,47,0
GTS,5,20210209,112000,18.1,18.1,18.1,18.1,100,0
GTS,5,20210209,113000,18.15,18.15,18.15,18.15,183,0
GTS,5,20210209,113500,18.15,18.15,18.15,18.15,47,0
GTS,5,20210209,114000,18.2,18.2,18.2,18.2,166,0
GTS,5,20210209,115000,18.1,18.1,18.1,18.1,500,0
GTS,5,20210209,115500,18.15,18.15,18.15,18.15,100,0
GTS,5,20210209,121000,18.15,18.15,18.1,18.1,140,0
GTS,5,20210209,123000,18.1,18.1,18,18,5968,0
GTS,5,20210209,123500,18.05,18.05,18,18,510,0
GTS,5,20210209,124000,18.1,18.1,18,18,465,0
GTS,5,20210209,124500,18,18.05,18,18.05,746,0
GTS,5,20210209,125500,18,18,17.9,17.9,250,0
GTS,5,20210209,130000,17.95,17.95,17.8,17.85,2164,0
GTS,5,20210209,130500,17.95,18,17.85,17.9,1308,0
GTS,5,20210209,131000,17.9,17.9,17.7,17.7,3983,0
GTS,5,20210209,131500,17.85,17.85,17.8,17.85,1319,0
GTS,5,20210209,132000,17.85,17.85,17.85,17.85,27,0
GTS,5,20210209,132500,17.8,17.85,17.8,17.85,90,0
GTS,5,20210209,133000,17.85,17.85,17.8,17.85,461,0
GTS,5,20210209,133500,17.8,17.85,17.7,17.7,1325,0
GTS,5,20210209,134000,17.8,17.8,17.8,17.8,230,0
GTS,5,20210209,134500,17.8,17.85,17.8,17.8,377,0
GTS,5,20210209,135000,17.8,17.8,17.7,17.8,800,0
GTS,5,20210209,135500,17.8,17.8,17.55,17.55,3152,0
GTS,5,20210209,140000,17.55,17.8,17.55,17.65,3273,0
GTS,5,20210209,140500,17.7,17.7,17.65,17.65,370,0
GTS,5,20210209,141000,17.8,17.85,17.7,17.85,697,0
GTS,5,20210209,141500,17.75,17.75,17.75,17.75,219,0
GTS,5,20210209,142000,17.75,17.75,17.7,17.75,520,0
GTS,5,20210209,142500,17.75,17.8,17.75,17.8,340,0
GTS,5,20210209,143000,17.85,17.85,17.85,17.85,512,0
GTS,5,20210209,143500,17.9,17.9,17.9,17.9,711,0
GTS,5,20210209,144000,17.85,17.9,17.85,17.9,349,0
GTS,5,20210209,144500,17.9,17.9,17.85,17.85,265,0
GTS,5,20210209,145000,17.9,17.9,17.9,17.9,131,0
GTS,5,20210209,145500,17.95,17.95,17.9,17.95,650,0
GTS,5,20210209,150000,17.95,17.95,17.95,17.95,45,0
GTS,5,20210209,150500,17.95,17.95,17.9,17.9,250,0
GTS,5,20210209,151000,17.95,18,17.95,18,280,0
GTS,5,20210209,151500,18,18,17.9,17.9,480,0
GTS,5,20210209,152000,17.9,17.9,17.9,17.9,282,0
GTS,5,20210209,152500,18,18,18,18,707,0
GTS,5,20210209,153000,17.9,17.9,17.8,17.8,676,0
GTS,5,20210209,153500,18,18,18,18,70,0
GTS,5,20210209,154000,17.9,17.9,17.9,17.9,160,0
GTS,5,20210209,155000,18,18,17.8,17.8,160,0
GTS,5,20210209,160000,17.8,17.8,17.8,17.8,5,0
GTS,5,20210209,160500,17.9,17.9,17.8,17.8,163,0
GTS,5,20210209,161000,17.8,17.8,17.8,17.8,100,0
GTS,5,20210209,161500,17.9,18,17.9,18,512,0
GTS,5,20210209,162000,18,18,18,18,87,0
GTS,5,20210209,162500,17.9,17.9,17.75,17.75,153,0
GTS,5,20210209,163000,18,18,18,18,100,0
GTS,5,20210209,164500,18,18,17.9,17.9,1160,0
GTS,5,20210210,090000,18.6,18.7,18.4,18.7,4122,0
GTS,5,20210210,090500,18.7,18.9,18.5,18.55,2981,0
GTS,5,20210210,091000,18.75,18.75,18.75,18.75,286,0
GTS,5,20210210,091500,18.7,18.7,18.6,18.6,747,0
GTS,5,20210210,092000,18.6,18.7,18.6,18.7,309,0
GTS,5,20210210,092500,18.7,18.8,18.7,18.8,617,0
GTS,5,20210210,093000,18.75,18.8,18.7,18.75,311,0
GTS,5,20210210,093500,18.7,18.75,18.7,18.75,574,0
GTS,5,20210210,094000,18.75,18.75,18.6,18.6,858,0
GTS,5,20210210,094500,18.7,18.7,18.5,18.5,1017,0
GTS,5,20210210,095000,18.65,18.65,18.65,18.65,100,0
GTS,5,20210210,095500,18.7,18.7,18.7,18.7,178,0
GTS,5,20210210,100000,18.7,18.7,18.6,18.6,635,0
GTS,5,20210210,100500,18.6,18.6,18.55,18.55,283,0
GTS,5,20210210,101000,18.6,18.7,18.6,18.7,27,0
GTS,5,20210210,101500,18.7,18.7,18.7,18.7,369,0
GTS,5,20210210,102000,18.65,18.75,18.65,18.7,1370,0
GTS,5,20210210,102500,18.7,18.8,18.7,18.8,155,0
GTS,5,20210210,103000,18.8,18.8,18.75,18.75,413,0
GTS,5,20210210,103500,18.8,18.9,18.8,18.9,423,0
GTS,5,20210210,104000,18.9,19,18.9,19,480,0
GTS,5,20210210,104500,18.8,18.8,18.75,18.8,485,0
GTS,5,20210210,105000,18.8,18.8,18.8,18.8,5,0
GTS,5,20210210,105500,18.8,18.85,18.8,18.85,219,0
GTS,5,20210210,110000,18.9,18.9,18.85,18.9,309,0
GTS,5,20210210,110500,19,19,18.55,18.6,1538,0
GTS,5,20210210,111000,18.6,18.6,18.55,18.55,682,0
GTS,5,20210210,111500,18.55,18.55,18.5,18.5,100,0
GTS,5,20210210,112500,18.75,18.75,18.75,18.75,115,0
GTS,5,20210210,113000,18.6,18.6,18.6,18.6,63,0
GTS,5,20210210,115000,18.65,18.65,18.6,18.6,349,0
GTS,5,20210210,115500,18.8,18.85,18.8,18.85,800,0
GTS,5,20210210,120000,18.8,18.8,18.8,18.8,53,0
GTS,5,20210210,121000,18.85,18.85,18.85,18.85,108,0
GTS,5,20210210,121500,18.85,18.9,18.85,18.9,324,0
GTS,5,20210210,122500,18.85,19,18.85,19,984,0
GTS,5,20210210,123000,18.95,18.95,18.95,18.95,100,0
GTS,5,20210210,123500,18.95,18.95,18.95,18.95,70,0
GTS,5,20210210,124000,18.95,19,18.95,19,350,0
GTS,5,20210210,124500,19,19,19,19,100,0
GTS,5,20210210,125000,18.85,18.95,18.85,18.95,400,0
GTS,5,20210210,130000,18.95,19,18.95,19,313,0
GTS,5,20210210,130500,19,19,19,19,550,0
GTS,5,20210210,132000,18.9,19,18.9,19,212,0
GTS,5,20210210,132500,19,19,19,19,65,0
GTS,5,20210210,133500,19,19,19,19,100,0
GTS,5,20210210,134000,19,19,19,19,33,0
GTS,5,20210210,134500,19,19,19,19,379,0
GTS,5,20210210,135000,19,19,19,19,204,0
GTS,5,20210210,135500,18.9,18.9,18.9,18.9,200,0
GTS,5,20210210,141000,18.9,18.9,18.9,18.9,40,0
GTS,5,20210210,141500,18.85,18.85,18.8,18.8,352,0
GTS,5,20210210,142500,18.85,18.85,18.85,18.85,100,0
GTS,5,20210210,143500,18.8,19,18.8,19,338,0
GTS,5,20210210,144000,18.9,18.9,18.9,18.9,1,0
GTS,5,20210210,145000,19,19,19,19,32,0
GTS,5,20210210,145500,19,19,19,19,200,0
GTS,5,20210210,150000,19,19,19,19,200,0
GTS,5,20210210,150500,18.95,19.2,18.95,19.2,3245,0
GTS,5,20210210,151000,19.2,19.2,18.9,18.9,1430,0
GTS,5,20210210,151500,18.9,18.9,18.9,18.9,870,0
GTS,5,20210210,152000,18.8,18.9,18.65,18.9,2530,0
GTS,5,20210210,152500,19,19,19,19,500,0
GTS,5,20210210,153500,19,19,19,19,250,0
GTS,5,20210210,154000,19.1,19.1,19.1,19.1,131,0
GTS,5,20210210,154500,19,19,19,19,165,0
GTS,5,20210210,155500,19,19,19,19,1820,0
GTS,5,20210210,160500,19,19,18.85,18.85,326,0
GTS,5,20210210,161500,19,19,19,19,388,0
GTS,5,20210210,162500,19,19.1,19,19,1208,0
GTS,5,20210210,163000,18.75,18.8,18.75,18.75,400,0
GTS,5,20210210,163500,18.8,18.8,18.7,18.7,80,0
GTS,5,20210210,164000,18.8,18.95,18.8,18.95,102,0
GTS,5,20210210,164500,18.8,18.8,18.75,18.75,204,0
GTS,5,20210211,090000,19.05,19.15,19.05,19.15,243,0
GTS,5,20210211,090500,19.1,19.1,18.95,19.1,148,0
GTS,5,20210211,091000,18.95,19.1,18.95,19.1,814,0
GTS,5,20210211,091500,19.2,19.2,19.15,19.15,766,0
GTS,5,20210211,092000,19.15,19.15,19,19,410,0
GTS,5,20210211,092500,18.95,19.15,18.8,19.15,1709,0
GTS,5,20210211,093000,19,19,19,19,100,0
GTS,5,20210211,093500,19.1,19.1,18.8,19,1507,0
GTS,5,20210211,094000,19.1,19.1,19.1,19.1,150,0
GTS,5,20210211,094500,19.1,19.3,19.1,19.3,1447,0
GTS,5,20210211,095000,19.3,19.3,19.3,19.3,619,0
GTS,5,20210211,095500,19.3,19.3,19.3,19.3,155,0
GTS,5,20210211,100000,19.2,19.2,19.2,19.2,100,0
GTS,5,20210211,101000,19.2,19.2,19.2,19.2,60,0
GTS,5,20210211,101500,19.2,19.2,19.2,19.2,40,0
GTS,5,20210211,102000,19.3,19.3,19.2,19.2,1378,0
GTS,5,20210211,103500,19.2,19.2,19.15,19.2,129,0
GTS,5,20210211,104000,19.2,19.3,19.2,19.3,674,0
GTS,5,20210211,104500,19.3,19.3,19.3,19.3,66,0
GTS,5,20210211,105000,19.3,19.3,19.3,19.3,53,0
GTS,5,20210211,105500,19.35,19.35,19.35,19.35,105,0
GTS,5,20210211,110000,19.35,19.4,19.35,19.4,442,0
GTS,5,20210211,110500,19.4,19.4,19.4,19.4,300,0
GTS,5,20210211,111000,19.4,19.4,19.4,19.4,18,0
GTS,5,20210211,111500,19.4,19.4,19.3,19.3,126,0
GTS,5,20210211,112000,19.4,19.4,19.4,19.4,15,0
GTS,5,20210211,112500,19.4,19.4,19.4,19.4,100,0
GTS,5,20210211,113000,19.4,19.45,19.4,19.45,2061,0
GTS,5,20210211,113500,19.5,19.5,19.5,19.5,2408,0
GTS,5,20210211,114500,19.5,19.6,19.5,19.6,3626,0
GTS,5,20210211,115000,19.6,19.8,19.55,19.7,904,0
GTS,5,20210211,115500,19.7,19.7,19.7,19.7,200,0
GTS,5,20210211,120000,19.6,19.6,19.55,19.55,282,0
GTS,5,20210211,120500,19.55,19.8,19.55,19.8,167,0
GTS,5,20210211,121000,19.7,19.7,19.5,19.5,534,0
GTS,5,20210211,121500,19.5,19.5,19.5,19.5,113,0
GTS,5,20210211,122000,19.6,19.6,19.6,19.6,220,0
GTS,5,20210211,122500,19.6,19.6,19.6,19.6,100,0
GTS,5,20210211,123000,19.65,19.65,19.65,19.65,86,0
GTS,5,20210211,123500,19.65,19.7,19.65,19.7,120,0
GTS,5,20210211,124500,19.8,19.8,19.8,19.8,244,0
GTS,5,20210211,125000,19.8,19.85,19.65,19.65,3241,0
GTS,5,20210211,125500,19.7,19.75,19.7,19.75,1520,0
GTS,5,20210211,130500,19.75,19.75,19.75,19.75,251,0
GTS,5,20210211,131000,19.8,19.8,19.8,19.8,50,0
GTS,5,20210211,131500,19.8,19.85,19.8,19.85,204,0
GTS,5,20210211,132000,19.85,19.85,19.8,19.85,124,0
GTS,5,20210211,133000,19.8,19.8,19.8,19.8,258,0
GTS,5,20210211,133500,19.75,19.75,19.75,19.75,80,0
GTS,5,20210211,134000,19.75,19.75,19.75,19.75,172,0
GTS,5,20210211,134500,19.75,19.75,19.7,19.75,295,0
GTS,5,20210211,140000,19.75,19.75,19.75,19.75,47,0
GTS,5,20210211,140500,19.75,19.75,19.75,19.75,30,0
GTS,5,20210211,141000,19.7,19.75,19.7,19.75,196,0
GTS,5,20210211,141500,19.8,19.85,19.8,19.85,585,0
GTS,5,20210211,142000,19.8,19.8,19.8,19.8,249,0
GTS,5,20210211,143000,19.7,19.7,19.7,19.7,100,0
GTS,5,20210211,143500,19.8,19.8,19.8,19.8,60,0
GTS,5,20210211,144000,19.7,19.7,19.7,19.7,100,0
GTS,5,20210211,144500,19.7,19.7,19.7,19.7,55,0
GTS,5,20210211,145000,19.8,19.8,19.8,19.8,100,0
GTS,5,20210211,145500,19.8,19.8,19.8,19.8,150,0
GTS,5,20210211,150000,19.8,19.85,19.8,19.85,1775,0
GTS,5,20210211,150500,19.85,19.85,19.75,19.85,620,0
GTS,5,20210211,151000,19.85,19.85,19.75,19.85,490,0
GTS,5,20210211,151500,19.85,19.85,19.85,19.85,1373,0
GTS,5,20210211,153500,19.85,19.85,19.85,19.85,110,0
GTS,5,20210211,154000,19.85,19.85,19.8,19.8,28,0
GTS,5,20210211,154500,19.8,19.8,19.7,19.7,1731,0
GTS,5,20210211,155000,19.7,19.7,19.55,19.55,815,0
GTS,5,20210211,155500,19.8,19.8,19.8,19.8,100,0
GTS,5,20210211,162000,19.8,19.8,19.8,19.8,500,0
GTS,5,20210211,162500,19.85,19.85,19.85,19.85,50,0
GTS,5,20210211,163500,19.8,19.8,19.8,19.8,55,0
GTS,5,20210211,164000,19.8,19.8,19.8,19.8,50,0
GTS,5,20210211,164500,19.75,19.8,19.75,19.8,801,0
GTS,5,20210212,090000,19.7,19.95,19.7,19.95,1670,0
GTS,5,20210212,090500,19.9,19.95,19.85,19.9,1223,0
GTS,5,20210212,091000,19.85,19.9,19.8,19.8,333,0
GTS,5,20210212,091500,19.85,19.85,19.7,19.7,797,0
GTS,5,20210212,092000,19.8,19.8,19.8,19.8,20,0
GTS,5,20210212,092500,19.7,19.7,19.7,19.7,131,0
GTS,5,20210212,093000,19.7,19.7,19.55,19.55,361,0
GTS,5,20210212,093500,19.55,19.7,19.5,19.7,4765,0
GTS,5,20210212,094000,19.8,19.8,19.8,19.8,47,0
GTS,5,20210212,094500,19.8,19.85,19.8,19.85,200,0
GTS,5,20210212,095000,19.8,19.8,19.7,19.7,200,0
GTS,5,20210212,102000,19.85,19.85,19.85,19.85,115,0
GTS,5,20210212,102500,19.75,19.75,19.75,19.75,100,0
GTS,5,20210212,104500,19.75,19.75,19.7,19.7,318,0
GTS,5,20210212,105500,19.75,19.75,19.75,19.75,100,0
GTS,5,20210212,110500,19.75,19.75,19.75,19.75,77,0
GTS,5,20210212,111000,19.6,19.75,19.5,19.75,396,0
GTS,5,20210212,112500,19.7,19.7,19.5,19.5,350,0
GTS,5,20210212,113500,19.6,19.6,19.6,19.6,74,0
GTS,5,20210212,114000,19.6,19.6,19.6,19.6,59,0
GTS,5,20210212,114500,19.7,19.7,19.6,19.6,27,0
GTS,5,20210212,115500,19.7,19.7,19.7,19.7,50,0
GTS,5,20210212,120500,19.7,19.7,19.7,19.7,30,0
GTS,5,20210212,121000,19.7,19.7,19.7,19.7,40,0
GTS,5,20210212,121500,19.6,19.6,19.5,19.5,300,0
GTS,5,20210212,122000,19.55,19.55,19.5,19.5,300,0
GTS,5,20210212,123500,19.5,19.55,19,19,2997,0
GTS,5,20210212,124000,19.5,19.55,19.5,19.55,40,0
GTS,5,20210212,125500,19.25,19.25,19.25,19.25,100,0
GTS,5,20210212,134500,19.55,19.55,19.55,19.55,98,0
GTS,5,20210212,135500,19.6,19.65,19.6,19.65,30,0
GTS,5,20210212,140000,19.65,19.7,19.65,19.7,126,0
GTS,5,20210212,144000,19.55,19.55,19.3,19.3,49,0
GTS,5,20210212,144500,19.6,19.6,19.6,19.6,6,0
GTS,5,20210212,145000,19.6,19.75,19.6,19.75,671,0
GTS,5,20210212,150500,19.5,19.7,19.5,19.7,130,0
GTS,5,20210212,153500,19.5,19.5,19.5,19.5,100,0
GTS,5,20210212,155500,19.45,19.45,19.4,19.4,35,0
GTS,5,20210212,161000,19.4,19.55,19.35,19.55,266,0
GTS,5,20210212,161500,19.6,19.6,19.6,19.6,300,0
GTS,5,20210212,162000,19.6,19.6,19.6,19.6,600,0
GTS,5,20210212,162500,19.6,19.6,19.6,19.6,30,0
GTS,5,20210212,163000,19.6,19.6,19.4,19.4,170,0
GTS,5,20210212,163500,19.65,19.65,19.65,19.65,50,0
GTS,5,20210212,164000,19.65,19.65,19.4,19.4,375,0
GTS,5,20210212,164500,19.65,19.75,19.65,19.75,277,0
GTS,5,20210215,090000,20,20.3,20,20.2,1593,0
GTS,5,20210215,090500,19.9,20,19.9,20,110,0
GTS,5,20210215,091000,20,20,20,20,406,0
GTS,5,20210215,091500,20,20,20,20,450,0
GTS,5,20210215,092000,20,20,20,20,753,0
GTS,5,20210215,092500,20,20.2,20,20.2,1100,0
GTS,5,20210215,093000,20.3,20.3,20.3,20.3,75,0
GTS,5,20210215,093500,20.3,20.3,20.3,20.3,100,0
GTS,5,20210215,094000,20.3,20.3,20.1,20.3,1675,0
GTS,5,20210215,094500,20.4,20.4,20.4,20.4,440,0
GTS,5,20210215,095500,20.4,20.4,20.4,20.4,7,0
GTS,5,20210215,100000,20.3,20.4,20.3,20.3,418,0
GTS,5,20210215,100500,20.3,20.3,20.3,20.3,599,0
GTS,5,20210215,101000,20.2,20.2,20.2,20.2,170,0
GTS,5,20210215,101500,20.3,20.3,20.3,20.3,1,0
GTS,5,20210215,102000,20.4,20.4,20.4,20.4,250,0
GTS,5,20210215,103000,20.4,20.4,20.2,20.2,254,0
GTS,5,20210215,103500,20.4,20.4,20.4,20.4,170,0
GTS,5,20210215,104000,20.4,20.6,20.3,20.5,1030,0
GTS,5,20210215,104500,20.6,20.6,20.5,20.6,696,0
GTS,5,20210215,105000,20.5,20.5,20.5,20.5,20,0
GTS,5,20210215,105500,20.6,20.6,20.5,20.5,252,0
GTS,5,20210215,110000,20.5,20.5,20.5,20.5,173,0
GTS,5,20210215,110500,20.4,20.4,20.4,20.4,15,0
GTS,5,20210215,111000,20.4,20.7,20.4,20.7,894,0
GTS,5,20210215,111500,20.5,20.5,20.5,20.5,47,0
GTS,5,20210215,112000,20.7,20.7,20.5,20.5,365,0
GTS,5,20210215,112500,20.8,20.8,20.7,20.7,156,0
GTS,5,20210215,113000,20.6,20.6,20.6,20.6,80,0
GTS,5,20210215,113500,20.7,20.7,20.6,20.7,285,0
GTS,5,20210215,114000,20.7,20.7,20.7,20.7,155,0
GTS,5,20210215,114500,20.6,20.7,20.6,20.7,169,0
GTS,5,20210215,115000,20.7,20.7,20.7,20.7,300,0
GTS,5,20210215,115500,20.7,20.8,20.7,20.8,280,0
GTS,5,20210215,120000,20.8,20.8,20.7,20.7,716,0
GTS,5,20210215,120500,20.7,20.7,20.7,20.7,20,0
GTS,5,20210215,121000,20.7,20.8,20.6,20.6,165,0
GTS,5,20210215,121500,20.6,20.6,20.6,20.6,35,0
GTS,5,20210215,122000,20.8,20.8,20.7,20.7,1188,0
GTS,5,20210215,122500,20.6,20.8,20.6,20.8,85,0
GTS,5,20210215,123000,20.7,20.8,20.7,20.8,110,0
GTS,5,20210215,123500,20.8,20.8,20.8,20.8,89,0
GTS,5,20210215,124000,20.6,20.6,20.6,20.6,100,0
GTS,5,20210215,124500,20.6,20.6,20.5,20.5,588,0
GTS,5,20210215,125500,20.7,20.7,20.7,20.7,100,0
GTS,5,20210215,131000,20.6,20.6,20.6,20.6,55,0
GTS,5,20210215,131500,20.6,20.7,20.6,20.7,294,0
GTS,5,20210215,133500,20.7,20.8,20.7,20.8,154,0
GTS,5,20210215,134000,20.8,20.8,20.7,20.7,144,0
GTS,5,20210215,134500,20.7,20.7,20.7,20.7,100,0
GTS,5,20210215,135000,20.7,20.7,20.7,20.7,114,0
GTS,5,20210215,135500,20.7,20.8,20.7,20.8,500,0
GTS,5,20210215,140500,20.7,20.7,20.7,20.7,145,0
GTS,5,20210215,142500,20.7,20.7,20.7,20.7,100,0
GTS,5,20210215,143000,20.7,20.8,20.6,20.8,305,0
GTS,5,20210215,143500,20.8,21,20.8,21,5561,0
GTS,5,20210215,144000,21,21,21,21,940,0
GTS,5,20210215,144500,21,21.1,21,21.1,791,0
GTS,5,20210215,145000,21,21,21,21,100,0
GTS,5,20210215,145500,21.1,21.1,21,21,108,0
GTS,5,20210215,151000,21,21,21,21,317,0
GTS,5,20210215,151500,21,21.1,21,21,424,0
GTS,5,20210215,152000,21,21.1,20.9,21.1,259,0
GTS,5,20210215,152500,21.1,21.1,21.1,21.1,14,0
GTS,5,20210215,154500,21,21.3,21,21.3,3472,0
GTS,5,20210215,155000,21.3,21.4,21.3,21.3,72,0
GTS,5,20210215,155500,21.4,21.4,21.3,21.4,478,0
GTS,5,20210215,160000,21.4,21.4,21.4,21.4,761,0
GTS,5,20210215,160500,21.4,21.5,21.4,21.5,1997,0
GTS,5,20210215,161000,21.5,21.5,21.5,21.5,122,0
GTS,5,20210215,161500,21.4,21.4,21.2,21.2,451,0
GTS,5,20210215,162000,21.1,21.1,21.1,21.1,555,0
GTS,5,20210215,162500,21.1,21.4,21.1,21.4,833,0
GTS,5,20210215,163000,21.4,21.5,21.4,21.5,500,0
GTS,5,20210215,163500,21.4,21.5,21.3,21.3,703,0
GTS,5,20210215,164000,21.5,21.6,21.5,21.5,555,0
GTS,5,20210215,164500,21.3,21.5,21,21.5,2018,0
GTS,5,20210216,090000,21.6,22.1,21.6,22,4712,0
GTS,5,20210216,090500,22,22.2,21.8,21.8,5617,0
GTS,5,20210216,091000,21.8,21.9,21.6,21.9,907,0
GTS,5,20210216,091500,21.9,22,21.9,22,783,0
GTS,5,20210216,092000,22,22,21.8,21.8,730,0
GTS,5,20210216,092500,21.8,22.1,21.8,22.1,2038,0
GTS,5,20210216,093000,22,22.1,22,22.1,1720,0
GTS,5,20210216,093500,22.1,22.5,22.1,22.5,5819,0
GTS,5,20210216,094000,22.5,22.8,22.4,22.6,4075,0
GTS,5,20210216,094500,22.6,22.6,22.4,22.6,2090,0
GTS,5,20210216,095000,22.6,22.6,22.4,22.4,2326,0
GTS,5,20210216,095500,22.5,22.5,22.2,22.2,862,0
GTS,5,20210216,100000,22.2,22.5,22.2,22.4,1107,0
GTS,5,20210216,100500,22.6,22.6,22.3,22.3,319,0
GTS,5,20210216,101000,22.4,22.4,22.3,22.3,481,0
GTS,5,20210216,101500,22.3,22.3,22.1,22.1,2726,0
GTS,5,20210216,102000,22.1,22.4,22,22.4,2985,0
GTS,5,20210216,102500,22.1,22.1,22.1,22.1,269,0
GTS,5,20210216,103000,22.1,22.1,22.1,22.1,1034,0
GTS,5,20210216,103500,22.1,22.1,22.1,22.1,81,0
GTS,5,20210216,105000,22.2,22.2,22.2,22.2,58,0
GTS,5,20210216,105500,22.3,22.3,22.2,22.3,719,0
GTS,5,20210216,110000,22.2,22.2,22.2,22.2,62,0
GTS,5,20210216,110500,22.3,22.3,22.3,22.3,50,0
GTS,5,20210216,111000,22.3,22.4,22.3,22.4,1164,0
GTS,5,20210216,111500,22.4,22.4,22.4,22.4,700,0
GTS,5,20210216,112000,22.4,22.4,22.3,22.3,451,0
GTS,5,20210216,112500,22.4,22.4,22.3,22.4,938,0
GTS,5,20210216,113000,22.3,22.5,22.3,22.5,516,0
GTS,5,20210216,113500,22.4,22.4,22.4,22.4,275,0
GTS,5,20210216,114000,22.5,22.5,22.4,22.5,597,0
GTS,5,20210216,114500,22.5,22.6,22.5,22.6,567,0
GTS,5,20210216,115000,22.6,22.6,22.6,22.6,435,0
GTS,5,20210216,115500,22.5,22.5,22.5,22.5,176,0
GTS,5,20210216,120000,22.5,22.5,22.5,22.5,361,0
GTS,5,20210216,120500,22.5,22.5,22.3,22.4,616,0
GTS,5,20210216,121000,22.3,22.4,22.3,22.4,167,0
GTS,5,20210216,121500,22.3,22.3,22.3,22.3,2224,0
GTS,5,20210216,122000,22.3,22.4,22.3,22.4,401,0
GTS,5,20210216,122500,22.3,22.3,22.1,22.1,1294,0
GTS,5,20210216,123000,22.1,22.1,21.6,22,4690,0
GTS,5,20210216,123500,21.9,22,21.8,21.8,175,0
GTS,5,20210216,124000,22,22.5,21.8,22,662,0
GTS,5,20210216,124500,22,22,22,22,160,0
GTS,5,20210216,125500,22,22,22,22,25,0
GTS,5,20210216,130500,22.2,22.2,22.2,22.2,100,0
GTS,5,20210216,131000,22.3,22.3,22.3,22.3,283,0
GTS,5,20210216,131500,22.3,22.3,22.2,22.2,346,0
GTS,5,20210216,132000,22.2,22.2,22.2,22.2,69,0
GTS,5,20210216,132500,22.2,22.2,22.2,22.2,70,0
GTS,5,20210216,133000,22.2,22.3,22.2,22.3,419,0
GTS,5,20210216,133500,22.2,22.3,22.2,22.3,391,0
GTS,5,20210216,134000,22.3,22.3,22.2,22.2,2111,0
GTS,5,20210216,134500,22.1,22.1,22.1,22.1,100,0
GTS,5,20210216,135500,22.2,22.2,22.2,22.2,100,0
GTS,5,20210216,140000,22.2,22.3,22.2,22.3,115,0
GTS,5,20210216,140500,22.2,22.2,22.2,22.2,48,0
GTS,5,20210216,141000,22.2,22.2,22.1,22.1,190,0
GTS,5,20210216,143000,22.1,22.1,22.1,22.1,395,0
GTS,5,20210216,143500,22,22,22,22,320,0
GTS,5,20210216,144000,22,22,22,22,100,0
GTS,5,20210216,145000,22.1,22.1,22.1,22.1,25,0
GTS,5,20210216,145500,22,22,22,22,200,0
GTS,5,20210216,150000,22,22,22,22,50,0
GTS,5,20210216,151000,22,22,22,22,72,0
GTS,5,20210216,151500,22,22.1,22,22.1,469,0
GTS,5,20210216,152000,22.1,22.1,22,22.1,290,0
GTS,5,20210216,153000,22,22,22,22,95,0
GTS,5,20210216,153500,22.1,22.2,22.1,22.2,440,0
GTS,5,20210216,154000,22.1,22.1,22,22,330,0
GTS,5,20210216,154500,22.1,22.1,22.1,22.1,58,0
GTS,5,20210216,155500,22.1,22.2,22,22.2,340,0
GTS,5,20210216,160000,22.2,22.2,22.2,22.2,32,0
GTS,5,20210216,160500,22.2,22.2,22,22,646,0
GTS,5,20210216,161000,22,22.1,22,22,2530,0
GTS,5,20210216,161500,22.1,22.1,22.1,22.1,70,0
GTS,5,20210216,162000,22.1,22.2,22.1,22.2,237,0
GTS,5,20210216,162500,22.2,22.2,22.2,22.2,239,0
GTS,5,20210216,163500,22.1,22.2,22,22.2,550,0
GTS,5,20210216,164000,22.2,22.4,22.2,22.4,1287,0
GTS,5,20210216,164500,22.4,22.4,22.4,22.4,490,0
GTS,5,20210217,090000,22.5,22.8,22.5,22.8,1579,0
GTS,5,20210217,090500,22.8,22.8,22.8,22.8,250,0
GTS,5,20210217,091000,22.7,22.8,22.5,22.5,4089,0
GTS,5,20210217,091500,22.4,22.4,22.2,22.2,157,0
GTS,5,20210217,092000,22.4,22.4,21.8,21.8,1545,0
GTS,5,20210217,092500,21.8,21.8,21.8,21.8,150,0
GTS,5,20210217,093000,21.8,22,21.6,21.9,1555,0
GTS,5,20210217,093500,22,22.1,22,22,529,0
GTS,5,20210217,094000,22,22,21.8,21.8,376,0
GTS,5,20210217,094500,21.8,21.9,21.7,21.9,560,0
GTS,5,20210217,095000,22,22,21.9,22,206,0
GTS,5,20210217,095500,22,22,22,22,58,0
GTS,5,20210217,100000,21.9,21.9,21.9,21.9,181,0
GTS,5,20210217,100500,21.9,21.9,21.9,21.9,40,0
GTS,5,20210217,102500,21.8,21.8,21.6,21.7,670,0
GTS,5,20210217,103000,21.7,21.7,21.7,21.7,30,0
GTS,5,20210217,104000,21.9,21.9,21.8,21.8,87,0
GTS,5,20210217,104500,21.8,21.8,21.7,21.8,576,0
GTS,5,20210217,105000,21.8,21.8,21.6,21.6,845,0
GTS,5,20210217,105500,21.6,21.7,21.6,21.6,420,0
GTS,5,20210217,110000,21.6,21.6,21.6,21.6,171,0
GTS,5,20210217,110500,21.6,21.6,21.6,21.6,40,0
GTS,5,20210217,111500,21.6,21.6,21.6,21.6,73,0
GTS,5,20210217,112000,21.5,21.5,20.7,21.2,3377,0
GTS,5,20210217,112500,21.2,21.4,21.2,21.4,983,0
GTS,5,20210217,113000,21.4,21.4,21.4,21.4,115,0
GTS,5,20210217,113500,21.5,21.6,21.4,21.6,358,0
GTS,5,20210217,114000,21.3,21.3,21.3,21.3,220,0
GTS,5,20210217,114500,21.4,21.8,21.4,21.8,123,0
GTS,5,20210217,122000,21.3,21.3,21,21.1,943,0
GTS,5,20210217,122500,21.3,21.3,21.3,21.3,150,0
GTS,5,20210217,123500,21.3,21.3,21.1,21.1,709,0
GTS,5,20210217,124000,21.4,21.6,21.4,21.6,630,0
GTS,5,20210217,124500,21.2,21.2,21.2,21.2,23,0
GTS,5,20210217,125500,21.2,21.2,21.1,21.1,161,0
GTS,5,20210217,130000,21.2,21.4,21.2,21.4,100,0
GTS,5,20210217,130500,21.4,21.6,21.4,21.6,30,0
GTS,5,20210217,131500,21.5,21.5,21.2,21.2,275,0
GTS,5,20210217,132000,21.5,21.6,21.1,21.6,828,0
GTS,5,20210217,141500,21.6,21.6,21.6,21.6,5,0
GTS,5,20210217,142500,21.6,21.6,21.5,21.5,55,0
GTS,5,20210217,143500,21.5,21.5,21.5,21.5,150,0
GTS,5,20210217,144000,21.5,21.5,21.5,21.5,145,0
GTS,5,20210217,144500,21.4,21.4,21.3,21.3,600,0
GTS,5,20210217,145500,21.5,21.5,21.3,21.3,231,0
GTS,5,20210217,150500,21.4,21.4,21.4,21.4,62,0
GTS,5,20210217,151500,21.5,21.6,21.5,21.6,268,0
GTS,5,20210217,152000,21.4,21.4,21.2,21.2,520,0
GTS,5,20210217,154000,21.6,21.6,21.4,21.4,181,0
GTS,5,20210217,155000,21.6,21.6,21.6,21.6,500,0
GTS,5,20210217,155500,21.6,21.6,21.6,21.6,292,0
GTS,5,20210217,160500,21.6,21.6,21.6,21.6,25,0
GTS,5,20210217,161500,21.7,21.7,21.7,21.7,54,0
GTS,5,20210217,162000,21.6,21.7,21.6,21.7,632,0
GTS,5,20210217,162500,21.6,21.6,21.6,21.6,238,0
GTS,5,20210217,163000,21.6,21.6,21.6,21.6,86,0
GTS,5,20210217,164000,21.7,21.7,21.7,21.7,180,0
GTS,5,20210217,164500,21.7,21.8,21.7,21.8,572,0
GTS,5,20210218,090000,21.6,22,21.6,21.7,1338,0
GTS,5,20210218,090500,21.7,21.7,21.7,21.7,75,0
GTS,5,20210218,091000,21.8,21.9,21.8,21.9,500,0
GTS,5,20210218,091500,21.9,21.9,21.9,21.9,350,0
GTS,5,20210218,093000,21.9,22,21.9,22,191,0
GTS,5,20210218,094000,21.8,21.8,21.8,21.8,112,0
GTS,5,20210218,094500,21.8,21.8,21.8,21.8,400,0
GTS,5,20210218,095500,22,22,21.8,22,625,0
GTS,5,20210218,100000,21.8,21.8,21.8,21.8,389,0
GTS,5,20210218,100500,21.8,21.8,21.8,21.8,200,0
GTS,5,20210218,101000,21.8,21.8,21.8,21.8,660,0
GTS,5,20210218,102000,21.9,21.9,21.9,21.9,23,0
GTS,5,20210218,102500,21.8,21.8,21.8,21.8,100,0
GTS,5,20210218,104000,21.6,21.6,21.6,21.6,50,0
GTS,5,20210218,104500,21.6,21.6,21.6,21.6,296,0
GTS,5,20210218,105000,21.6,21.6,21.6,21.6,779,0
GTS,5,20210218,110500,21.6,21.6,21.6,21.6,80,0
GTS,5,20210218,112000,21.5,21.5,21.3,21.3,230,0
GTS,5,20210218,112500,21.3,21.3,21.2,21.3,140,0
GTS,5,20210218,114000,21.3,21.3,21.3,21.3,150,0
GTS,5,20210218,115000,21.3,21.3,21.3,21.3,23,0
GTS,5,20210218,115500,21.3,21.5,21.3,21.5,33,0
GTS,5,20210218,120000,21.5,21.5,21.5,21.5,40,0
GTS,5,20210218,120500,21.3,21.3,21.2,21.2,100,0
GTS,5,20210218,121500,21.5,21.5,21.5,21.5,115,0
GTS,5,20210218,122500,21.5,21.5,21.5,21.5,50,0
GTS,5,20210218,123500,21.2,21.2,21.2,21.2,15,0
GTS,5,20210218,124500,21.2,21.2,21.2,21.2,200,0
GTS,5,20210218,125500,21.4,21.4,21.4,21.4,145,0
GTS,5,20210218,130500,21.2,21.5,21.2,21.2,1719,0
GTS,5,20210218,131000,21.1,21.2,21.1,21.1,298,0
GTS,5,20210218,131500,21.3,21.3,21.3,21.3,93,0
GTS,5,20210218,133500,21.2,21.2,21.2,21.2,300,0
GTS,5,20210218,134000,21.2,21.2,21.1,21.1,399,0
GTS,5,20210218,134500,21.3,21.4,21.3,21.4,215,0
GTS,5,20210218,135500,21.4,21.4,21,21,367,0
GTS,5,20210218,140500,21.4,21.4,21.4,21.4,10,0
GTS,5,20210218,141500,21.2,21.2,21.1,21.2,275,0
GTS,5,20210218,142000,21.2,21.4,21.1,21.4,888,0
GTS,5,20210218,144000,21.3,21.3,21.3,21.3,71,0
GTS,5,20210218,144500,21.1,21.1,21,21,2021,0
GTS,5,20210218,145000,21.2,21.2,21,21,350,0
GTS,5,20210218,145500,21.2,21.2,21.2,21.2,141,0
GTS,5,20210218,150000,21.1,21.1,21.1,21.1,95,0
GTS,5,20210218,150500,21.2,21.4,21.2,21.4,350,0
GTS,5,20210218,152500,21.4,21.4,21.4,21.4,24,0
GTS,5,20210218,153000,21.1,21.1,21.1,21.1,200,0
GTS,5,20210218,154000,21.4,21.4,21.4,21.4,303,0
GTS,5,20210218,155500,21.4,21.4,21.4,21.4,111,0
GTS,5,20210218,160500,21.5,21.5,21.5,21.5,119,0
GTS,5,20210218,162000,21.2,21.2,20.9,20.9,1043,0
GTS,5,20210218,162500,20.9,20.9,20.7,20.7,1365,0
GTS,5,20210218,163000,20.8,20.8,20.8,20.8,100,0
GTS,5,20210218,163500,20.8,20.8,20.5,20.8,3540,0
GTS,5,20210218,164000,20.8,21,20.8,21,474,0
GTS,5,20210218,164500,21,21,20.9,20.9,233,0
GTS,5,20210219,090000,20.8,20.8,20.2,20.2,2135,0
GTS,5,20210219,090500,20.3,20.6,20.2,20.2,645,0
GTS,5,20210219,091000,20.6,20.8,20.2,20.5,2259,0
GTS,5,20210219,091500,20.5,20.5,20.5,20.5,86,0
GTS,5,20210219,092000,20.5,20.7,20.4,20.7,91,0
GTS,5,20210219,092500,20.5,20.5,20.5,20.5,100,0
GTS,5,20210219,093000,20.7,20.7,20.4,20.4,275,0
GTS,5,20210219,093500,20.4,20.4,20.4,20.4,200,0
GTS,5,20210219,095000,20.5,20.5,20.5,20.5,10,0
GTS,5,20210219,095500,20.5,20.5,20.5,20.5,190,0
GTS,5,20210219,100000,20.5,20.5,20.5,20.5,121,0
GTS,5,20210219,103500,20.5,20.5,20.5,20.5,200,0
GTS,5,20210219,104000,20.4,20.4,20.4,20.4,260,0
GTS,5,20210219,104500,20.5,20.5,20.5,20.5,50,0
GTS,5,20210219,105500,20.5,20.5,20.5,20.5,40,0
GTS,5,20210219,110000,20.5,20.5,20.5,20.5,180,0
GTS,5,20210219,111000,20.7,21,20.7,21,1664,0
GTS,5,20210219,111500,21,21.4,21,21.2,1567,0
GTS,5,20210219,112000,21.3,21.7,21.3,21.6,1451,0
GTS,5,20210219,112500,21.5,21.5,21.4,21.4,361,0
GTS,5,20210219,113000,21.4,21.8,21.4,21.8,578,0
GTS,5,20210219,113500,21.7,21.8,21.6,21.8,951,0
GTS,5,20210219,114000,21.8,21.8,21.4,21.4,466,0
GTS,5,20210219,114500,21.4,21.8,21.4,21.8,796,0
GTS,5,20210219,115000,21.7,21.8,21.6,21.6,2077,0
GTS,5,20210219,115500,21.7,21.7,21.7,21.7,200,0
GTS,5,20210219,120000,21.6,21.6,21.6,21.6,99,0
GTS,5,20210219,120500,21.6,21.7,21.6,21.7,113,0
GTS,5,20210219,121000,21.7,21.7,21.7,21.7,50,0
GTS,5,20210219,121500,21.7,21.7,21.7,21.7,319,0
GTS,5,20210219,122000,21.5,21.5,21.5,21.5,350,0
GTS,5,20210219,122500,21.5,21.5,21,21,4296,0
GTS,5,20210219,124000,21,21,21,21,1194,0
GTS,5,20210219,124500,21,21,20.5,20.9,4915,0
GTS,5,20210219,125500,20.8,20.8,20.8,20.8,100,0
GTS,5,20210219,130000,20.7,20.7,19.4,19.7,11613,0
GTS,5,20210219,130500,20.3,20.5,20.3,20.4,567,0
GTS,5,20210219,131000,20.5,20.6,20.4,20.4,702,0
GTS,5,20210219,131500,20.4,20.6,20.4,20.6,190,0
GTS,5,20210219,132000,20.5,20.6,20.5,20.6,148,0
GTS,5,20210219,132500,20.6,20.6,20.6,20.6,150,0
GTS,5,20210219,133000,20.6,20.6,20.6,20.6,120,0
GTS,5,20210219,134000,20.6,20.6,20.5,20.5,615,0
GTS,5,20210219,134500,20.6,20.6,20.6,20.6,504,0
GTS,5,20210219,135000,20.6,20.6,20.4,20.4,130,0
GTS,5,20210219,135500,20.4,20.4,20,20.4,2025,0
GTS,5,20210219,140000,20.4,20.4,20.4,20.4,50,0
GTS,5,20210219,140500,20.3,20.3,19.9,20.3,958,0
GTS,5,20210219,141000,20.2,20.4,20.2,20.4,794,0
GTS,5,20210219,141500,20.5,20.6,20.5,20.6,40,0
GTS,5,20210219,142000,20.5,20.5,20.5,20.5,30,0
GTS,5,20210219,143500,20.4,20.6,20.4,20.6,300,0
GTS,5,20210219,144000,20.5,20.5,20.5,20.5,100,0
GTS,5,20210219,144500,20.5,20.5,20.5,20.5,122,0
GTS,5,20210219,145000,20.5,20.5,20.5,20.5,500,0
GTS,5,20210219,150500,20.5,20.5,20.5,20.5,200,0
GTS,5,20210219,151500,20.5,20.5,20.5,20.5,25,0
GTS,5,20210219,152000,20.5,20.5,20.5,20.5,100,0
GTS,5,20210219,152500,20.5,20.5,20.5,20.5,310,0
GTS,5,20210219,153000,20.5,20.5,20.5,20.5,118,0
GTS,5,20210219,154000,20.4,20.6,20.2,20.6,1690,0
GTS,5,20210219,154500,20.4,20.4,20.4,20.4,90,0
GTS,5,20210219,155000,20.4,20.4,20,20,2000,0
GTS,5,20210219,155500,20.1,20.1,20.1,20.1,130,0
GTS,5,20210219,160000,20.4,20.7,20.4,20.7,1371,0
GTS,5,20210219,160500,20.2,20.2,20,20,2500,0
GTS,5,20210219,161000,20.6,20.6,20.6,20.6,10,0
GTS,5,20210219,161500,20.1,20.1,20,20,1315,0
GTS,5,20210219,162000,20,20,20,20,826,0
GTS,5,20210219,163000,20.3,20.3,20.3,20.3,10,0
GTS,5,20210219,163500,20.3,20.4,20.3,20.4,242,0
GTS,5,20210219,164000,20.4,20.4,20.4,20.4,20,0
GTS,5,20210219,164500,20.4,20.6,20.4,20.6,2316,0
GTS,5,20210222,090000,20.6,20.6,20.6,20.6,699,0
GTS,5,20210222,090500,20.3,20.3,20.1,20.2,1112,0
GTS,5,20210222,091000,20.2,20.5,20.2,20.5,204,0
GTS,5,20210222,092000,20.2,20.2,20.2,20.2,25,0
GTS,5,20210222,093500,20.4,20.4,20.4,20.4,100,0
GTS,5,20210222,095500,20.4,20.4,20.2,20.2,156,0
GTS,5,20210222,100000,20.1,20.1,20.1,20.1,240,0
GTS,5,20210222,100500,20.1,20.4,20,20.4,334,0
GTS,5,20210222,101500,20.2,20.2,20.2,20.2,75,0
GTS,5,20210222,103000,20.1,20.1,20.1,20.1,200,0
GTS,5,20210222,105000,20.1,20.1,20.1,20.1,186,0
GTS,5,20210222,105500,20.1,20.1,20.1,20.1,250,0
GTS,5,20210222,111500,20.2,20.2,20.2,20.2,30,0
GTS,5,20210222,114000,20.2,20.2,20.2,20.2,50,0
GTS,5,20210222,114500,20.4,20.4,20.4,20.4,50,0
GTS,5,20210222,115000,20.2,20.2,20.2,20.2,100,0
GTS,5,20210222,120500,20.3,20.3,20.3,20.3,252,0
GTS,5,20210222,125000,20.2,20.2,20.2,20.2,23,0
GTS,5,20210222,130500,20.3,20.3,20.3,20.3,555,0
GTS,5,20210222,131500,20.4,20.4,20.4,20.4,130,0
GTS,5,20210222,132000,20.4,20.4,20.4,20.4,33,0
GTS,5,20210222,132500,20.3,20.3,20.1,20.1,417,0
GTS,5,20210222,133500,20.1,20.1,20.1,20.1,30,0
GTS,5,20210222,134500,20.1,20.1,20.1,20.1,90,0
GTS,5,20210222,135000,20.2,20.3,20.2,20.3,222,0
GTS,5,20210222,143000,20.4,20.4,20.4,20.4,50,0
GTS,5,20210222,144000,20.2,20.2,19.8,19.8,5615,0
GTS,5,20210222,144500,19.8,20.1,19.8,19.9,285,0
GTS,5,20210222,145000,19.9,19.9,19.55,19.8,2012,0
GTS,5,20210222,145500,19.85,19.85,19.6,19.8,2155,0
GTS,5,20210222,150000,19.8,19.8,19.6,19.6,467,0
GTS,5,20210222,150500,19.65,19.7,19.6,19.7,1416,0
GTS,5,20210222,151000,19.7,19.7,19.6,19.7,614,0
GTS,5,20210222,151500,19.6,19.6,19.55,19.55,2089,0
GTS,5,20210222,152000,19.55,19.55,19,19.25,7875,0
GTS,5,20210222,152500,19.3,19.45,19.3,19.45,1072,0
GTS,5,20210222,153000,19.45,19.5,19.3,19.5,1019,0
GTS,5,20210222,153500,19.5,19.55,19.25,19.3,1041,0
GTS,5,20210222,154000,19.35,19.4,19.3,19.3,608,0
GTS,5,20210222,154500,19.3,19.4,19.2,19.25,2232,0
GTS,5,20210222,155000,19.25,19.3,19.25,19.3,459,0
GTS,5,20210222,155500,19.3,19.4,19.2,19.4,671,0
GTS,5,20210222,160000,19.45,19.45,19.4,19.45,469,0
GTS,5,20210222,160500,19.45,19.45,19.4,19.4,386,0
GTS,5,20210222,161000,19.4,19.4,19.4,19.4,382,0
GTS,5,20210222,161500,19.45,19.5,19.45,19.5,322,0
GTS,5,20210222,162000,19.45,19.8,19.45,19.8,1025,0
GTS,5,20210222,162500,19.75,19.8,19.7,19.7,365,0
GTS,5,20210222,163000,19.7,19.7,19.7,19.7,113,0
GTS,5,20210222,163500,19.6,19.6,19.6,19.6,31,0
GTS,5,20210222,164000,19.6,19.6,19.5,19.5,500,0
GTS,5,20210222,164500,19.4,19.55,19.3,19.55,900,0
GTS,5,20210223,090000,19.6,19.6,19.6,19.6,350,0
GTS,5,20210223,090500,19.75,19.75,19.75,19.75,962,0
GTS,5,20210223,091000,19.75,19.85,19.75,19.85,497,0
GTS,5,20210223,091500,19.85,19.9,19.85,19.9,600,0
GTS,5,20210223,092000,19.85,20,19.85,20,335,0
GTS,5,20210223,092500,20,20,20,20,668,0
GTS,5,20210223,093000,20,20,19.95,19.95,270,0
GTS,5,20210223,093500,19.95,19.95,19.95,19.95,4,0
GTS,5,20210223,094500,19.9,19.9,19.9,19.9,50,0
GTS,5,20210223,100000,19.75,19.75,19.7,19.7,400,0
GTS,5,20210223,100500,19.7,19.7,19.7,19.7,505,0
GTS,5,20210223,101000,19.6,19.6,19.6,19.6,414,0
GTS,5,20210223,101500,19.6,19.6,19.6,19.6,32,0
GTS,5,20210223,102000,19.7,19.7,19.5,19.5,564,0
GTS,5,20210223,102500,19.5,19.5,19.5,19.5,1200,0
GTS,5,20210223,103000,19.5,19.5,19.5,19.5,444,0
GTS,5,20210223,103500,19.7,19.7,19.7,19.7,255,0
GTS,5,20210223,105000,19.9,19.95,19.9,19.95,236,0
GTS,5,20210223,105500,20,20,19.6,19.6,200,0
GTS,5,20210223,110000,19.6,19.6,19.6,19.6,40,0
GTS,5,20210223,110500,20,20,20,20,26,0
GTS,5,20210223,111500,19.7,19.7,19.7,19.7,90,0
GTS,5,20210223,112500,19.6,19.6,19.6,19.6,190,0
GTS,5,20210223,113000,19.6,19.6,19.5,19.5,350,0
GTS,5,20210223,113500,19.5,19.5,19.5,19.5,291,0
GTS,5,20210223,114000,19.5,19.5,19.5,19.5,163,0
GTS,5,20210223,115000,19.8,19.8,19.8,19.8,49,0
GTS,5,20210223,120500,19.6,19.6,19.6,19.6,300,0
GTS,5,20210223,123000,19.7,19.75,19.7,19.75,96,0
GTS,5,20210223,124500,19.75,19.75,19.75,19.75,75,0
GTS,5,20210223,130000,19.65,19.65,19.65,19.65,297,0
GTS,5,20210223,132000,19.65,19.65,19.65,19.65,93,0
GTS,5,20210223,133500,19.55,19.55,19.55,19.55,100,0
GTS,5,20210223,141500,19.5,19.5,19.5,19.5,498,0
GTS,5,20210223,142000,19.5,19.5,19.5,19.5,72,0
GTS,5,20210223,142500,19.4,19.4,19.35,19.35,529,0
GTS,5,20210223,143500,19.35,19.4,19.35,19.4,93,0
GTS,5,20210223,144000,19.4,19.4,19.4,19.4,100,0
GTS,5,20210223,145000,19.6,19.6,19.3,19.3,2500,0
GTS,5,20210223,145500,19.6,19.6,19.3,19.6,353,0
GTS,5,20210223,150500,19.3,19.3,19.1,19.1,302,0
GTS,5,20210223,151000,19.2,19.2,19.2,19.2,905,0
GTS,5,20210223,152500,19.2,19.2,19.2,19.2,110,0
GTS,5,20210223,153500,19.2,19.2,19.2,19.2,297,0
GTS,5,20210223,154000,19.2,19.2,19,19,3506,0
GTS,5,20210223,154500,18.9,18.9,18.9,18.9,93,0
GTS,5,20210223,155000,19,19,19,19,75,0
GTS,5,20210223,155500,19,19,19,19,231,0
GTS,5,20210223,160000,19,19.2,18.85,19.2,1134,0
GTS,5,20210223,161000,19,19,19,19,500,0
GTS,5,20210223,161500,19.3,19.3,19.3,19.3,45,0
GTS,5,20210223,162000,19.05,19.05,19,19,300,0
GTS,5,20210223,163000,19.05,19.05,19,19,180,0
GTS,5,20210223,164000,19.2,19.25,19,19,638,0
GTS,5,20210223,164500,19,19.25,19,19.25,163,0
GTS,5,20210224,090000,19.5,19.8,19.5,19.8,890,0
GTS,5,20210224,090500,19.7,19.7,19.6,19.6,181,0
GTS,5,20210224,091500,19.5,19.5,19.5,19.5,163,0
GTS,5,20210224,092000,19.55,19.55,19.5,19.5,300,0
GTS,5,20210224,093000,19.5,19.5,19.5,19.5,50,0
GTS,5,20210224,093500,19.4,19.4,19.4,19.4,150,0
GTS,5,20210224,094500,19.5,19.5,19.4,19.4,204,0
GTS,5,20210224,095000,19.4,19.4,19.3,19.3,560,0
GTS,5,20210224,100000,19.3,19.3,19.3,19.3,95,0
GTS,5,20210224,102500,19.35,19.35,19.35,19.35,29,0
GTS,5,20210224,104500,19.35,19.35,19.35,19.35,10,0
GTS,5,20210224,110000,19.35,19.35,19.35,19.35,70,0
GTS,5,20210224,110500,19.35,19.35,19.35,19.35,200,0
GTS,5,20210224,111000,19.35,19.35,19.35,19.35,170,0
GTS,5,20210224,111500,19.3,19.3,19.2,19.2,1320,0
GTS,5,20210224,112000,19.2,19.2,19.2,19.2,251,0
GTS,5,20210224,112500,19.35,19.35,19.35,19.35,100,0
GTS,5,20210224,113000,19.35,19.4,19.35,19.4,26,0
GTS,5,20210224,113500,19.4,19.4,19.4,19.4,6,0
GTS,5,20210224,114000,19.4,19.4,19.4,19.4,70,0
GTS,5,20210224,115000,19.3,19.3,19.3,19.3,100,0
GTS,5,20210224,115500,19.3,19.3,19.3,19.3,90,0
GTS,5,20210224,120000,19.3,19.3,19.3,19.3,100,0
GTS,5,20210224,122500,19.3,19.3,19.3,19.3,201,0
GTS,5,20210224,124000,19.3,19.3,19.3,19.3,50,0
GTS,5,20210224,124500,19.3,19.3,19.3,19.3,90,0
GTS,5,20210224,125000,19.3,19.3,19.3,19.3,30,0
GTS,5,20210224,125500,19.3,19.3,19.3,19.3,50,0
GTS,5,20210224,130500,19.2,19.3,19.2,19.3,401,0
GTS,5,20210224,131000,19.4,19.4,19.4,19.4,400,0
GTS,5,20210224,131500,19.4,19.4,19.4,19.4,35,0
GTS,5,20210224,132000,19.3,19.3,19.2,19.2,100,0
GTS,5,20210224,134500,19.2,19.2,19.2,19.2,100,0
GTS,5,20210224,141500,19.35,19.35,19.35,19.35,10,0
GTS,5,20210224,143000,19.35,19.35,19.35,19.35,200,0
GTS,5,20210224,144500,19.35,19.35,19.35,19.35,258,0
GTS,5,20210224,145000,19.35,19.35,19.35,19.35,285,0
GTS,5,20210224,150500,19.25,19.25,19.15,19.15,230,0
GTS,5,20210224,151500,19.25,19.25,19.25,19.25,52,0
GTS,5,20210224,152000,19.25,19.25,19.25,19.25,50,0
GTS,5,20210224,152500,19.25,19.25,19.25,19.25,67,0
GTS,5,20210224,155000,19.2,19.2,19,19,1659,0
GTS,5,20210224,161500,19.2,19.35,19.2,19.35,1596,0
GTS,5,20210224,162500,19.45,19.55,19.45,19.55,427,0
GTS,5,20210224,163000,19.6,19.9,19.6,19.9,1536,0
GTS,5,20210224,163500,19.6,19.6,19.6,19.6,56,0
GTS,5,20210224,164000,19.5,19.5,19.2,19.2,258,0
GTS,5,20210224,164500,19.65,19.65,19.55,19.6,142,0
GTS,5,20210225,090000,19.6,19.9,19.6,19.9,205,0
GTS,5,20210225,090500,19.7,19.7,19.7,19.7,400,0
GTS,5,20210225,091000,19.75,19.75,19.75,19.75,100,0
GTS,5,20210225,091500,19.75,19.9,19.75,19.9,150,0
GTS,5,20210225,092000,19.9,19.9,19.8,19.8,145,0
GTS,5,20210225,092500,19.8,19.9,19.8,19.9,625,0
GTS,5,20210225,093000,19.9,19.9,19.9,19.9,126,0
GTS,5,20210225,093500,19.9,19.9,19.9,19.9,100,0
GTS,5,20210225,094000,19.9,19.9,19.9,19.9,150,0
GTS,5,20210225,094500,19.9,19.9,19.9,19.9,259,0
GTS,5,20210225,095000,19.95,20,19.95,20,370,0
GTS,5,20210225,095500,19.8,19.8,19.8,19.8,10,0
GTS,5,20210225,100000,19.7,19.8,19.65,19.8,213,0
GTS,5,20210225,100500,19.95,19.95,19.95,19.95,50,0
GTS,5,20210225,101000,19.65,19.95,19.5,19.95,652,0
GTS,5,20210225,102500,19.95,19.95,19.95,19.95,100,0
GTS,5,20210225,104000,19.95,19.95,19.95,19.95,20,0
GTS,5,20210225,104500,19.85,19.95,19.85,19.9,245,0
GTS,5,20210225,105000,19.8,19.8,19.8,19.8,200,0
GTS,5,20210225,105500,19.8,19.8,19.8,19.8,26,0
GTS,5,20210225,111000,19.65,19.75,19.65,19.75,176,0
GTS,5,20210225,112000,19.75,19.75,19.75,19.75,5,0
GTS,5,20210225,114500,19.65,19.65,19.65,19.65,100,0
GTS,5,20210225,115500,19.75,19.75,19.75,19.75,100,0
GTS,5,20210225,122000,19.75,19.75,19.75,19.75,226,0
GTS,5,20210225,122500,19.65,19.65,19.65,19.65,350,0
GTS,5,20210225,123000,19.65,19.75,19.65,19.75,99,0
GTS,5,20210225,125000,19.6,19.6,19.5,19.5,100,0
GTS,5,20210225,131000,19.5,19.5,19.5,19.5,41,0
GTS,5,20210225,133000,19.5,19.5,19.5,19.5,1,0
GTS,5,20210225,133500,19.5,19.5,19.2,19.2,1000,0
GTS,5,20210225,134000,19.7,19.7,19.7,19.7,1,0
GTS,5,20210225,142500,19.7,19.7,19.7,19.7,26,0
GTS,5,20210225,145000,19.7,19.75,19.7,19.75,100,0
GTS,5,20210225,150000,19.75,19.75,19.75,19.75,100,0
GTS,5,20210225,155500,19.7,19.7,19.55,19.55,141,0
GTS,5,20210225,160000,19.55,19.55,19.55,19.55,66,0
GTS,5,20210225,162500,19.7,19.7,19.7,19.7,100,0
GTS,5,20210225,164500,19.7,19.75,19.7,19.75,80,0
GTS,5,20210226,090000,19.1,19.1,18.85,18.85,1793,0
GTS,5,20210226,090500,19,19.25,18.9,19.25,600,0
GTS,5,20210226,091000,19.25,19.25,19.25,19.25,100,0
GTS,5,20210226,091500,19.25,19.25,19.25,19.25,290,0
GTS,5,20210226,093000,19.25,19.4,19.25,19.4,1681,0
GTS,5,20210226,093500,19.25,19.25,19.25,19.25,247,0
GTS,5,20210226,094000,19.4,19.4,19.4,19.4,123,0
GTS,5,20210226,094500,19.4,19.45,19.4,19.45,150,0
GTS,5,20210226,095000,19.45,19.5,19.45,19.5,89,0
GTS,5,20210226,095500,19.45,19.45,19.4,19.4,141,0
GTS,5,20210226,100000,19.45,19.45,19.45,19.45,160,0
GTS,5,20210226,100500,19.4,19.4,19.4,19.4,323,0
GTS,5,20210226,101000,19.45,19.45,19.45,19.45,100,0
GTS,5,20210226,104000,19.45,19.45,19.45,19.45,17,0
GTS,5,20210226,104500,19.45,19.5,19.45,19.5,308,0
GTS,5,20210226,105500,19.5,19.5,19.45,19.45,152,0
GTS,5,20210226,111000,19.45,19.45,19.45,19.45,256,0
GTS,5,20210226,111500,19.4,19.4,19.4,19.4,132,0
GTS,5,20210226,112500,19.4,19.4,19.3,19.3,40,0
GTS,5,20210226,115000,19.3,19.3,19.3,19.3,26,0
GTS,5,20210226,120000,19.3,19.3,19.3,19.3,20,0
GTS,5,20210226,122000,19.5,19.5,19.5,19.5,65,0
GTS,5,20210226,123000,19.3,19.3,19.3,19.3,200,0
GTS,5,20210226,130000,19.3,19.3,19.3,19.3,28,0
GTS,5,20210226,131000,19.5,19.5,19.5,19.5,548,0
GTS,5,20210226,131500,19.4,19.4,19.4,19.4,8,0
GTS,5,20210226,132000,19.5,19.5,19.5,19.5,12,0
GTS,5,20210226,132500,19.5,19.5,19.5,19.5,8,0
GTS,5,20210226,134500,19.5,19.5,19.35,19.35,65,0
GTS,5,20210226,135500,19.4,19.4,19.4,19.4,59,0
GTS,5,20210226,140000,19.4,19.5,19.4,19.5,11,0
GTS,5,20210226,141000,19.45,19.45,19.4,19.4,264,0
GTS,5,20210226,141500,19.4,19.4,19.4,19.4,163,0
GTS,5,20210226,143000,19.4,19.5,19.4,19.5,210,0
GTS,5,20210226,145000,19.4,19.4,19.4,19.4,2900,0
GTS,5,20210226,145500,19.5,19.5,19.5,19.5,19,0
GTS,5,20210226,150000,19.4,19.4,19.4,19.4,400,0
GTS,5,20210226,150500,19.35,19.35,19.25,19.25,740,0
GTS,5,20210226,151000,19.25,19.25,19.25,19.25,30,0
GTS,5,20210226,153500,19.3,19.3,19.25,19.25,230,0
GTS,5,20210226,154500,19.3,19.3,19.25,19.25,651,0
GTS,5,20210226,155000,19.2,19.25,19.2,19.25,1325,0
GTS,5,20210226,160500,19.2,19.25,19.2,19.25,411,0
GTS,5,20210226,161000,19.25,19.25,19.25,19.25,200,0
GTS,5,20210226,162000,19.25,19.25,19.25,19.25,52,0
GTS,5,20210226,162500,19.2,19.2,19.2,19.2,70,0
GTS,5,20210226,163000,19.2,19.2,19.15,19.15,415,0
GTS,5,20210226,164500,19.2,19.25,19.15,19.25,436,0
GTS,5,20210301,090000,19.4,19.4,19.4,19.4,600,0
GTS,5,20210301,091000,19.3,19.3,19.25,19.25,1030,0
GTS,5,20210301,091500,19.15,19.15,18.95,18.95,1353,0
GTS,5,20210301,092000,19.05,19.05,19.05,19.05,150,0
GTS,5,20210301,092500,19.05,19.05,18.95,19,485,0
GTS,5,20210301,093000,19.15,19.15,19.05,19.05,92,0
GTS,5,20210301,093500,19.05,19.05,19.05,19.05,40,0
GTS,5,20210301,094000,19.05,19.05,19.05,19.05,63,0
GTS,5,20210301,095000,19.15,19.15,19.15,19.15,27,0
GTS,5,20210301,100000,19.15,19.15,19.15,19.15,160,0
GTS,5,20210301,100500,19.15,19.15,19.15,19.15,100,0
GTS,5,20210301,101000,19.15,19.2,19.15,19.2,133,0
GTS,5,20210301,101500,19.1,19.1,18.95,18.95,1800,0
GTS,5,20210301,102000,19.15,19.15,18.95,18.95,155,0
GTS,5,20210301,103500,19,19,19,19,80,0
GTS,5,20210301,105000,19,19,18.95,18.95,1791,0
GTS,5,20210301,105500,19.15,19.15,19.15,19.15,52,0
GTS,5,20210301,110000,19.15,19.15,19.15,19.15,100,0
GTS,5,20210301,111000,19.15,19.4,19.15,19.4,610,0
GTS,5,20210301,111500,19.05,19.05,19.05,19.05,200,0
GTS,5,20210301,112000,19.3,19.3,19.3,19.3,5,0
GTS,5,20210301,113000,19.3,19.4,19.3,19.4,350,0
GTS,5,20210301,114000,19.15,19.15,19.05,19.05,1609,0
GTS,5,20210301,114500,19.3,19.3,19.3,19.3,60,0
GTS,5,20210301,120000,19.35,19.35,19.1,19.1,77,0
GTS,5,20210301,120500,19.15,19.15,19.15,19.15,50,0
GTS,5,20210301,121000,19.3,19.4,19.3,19.4,791,0
GTS,5,20210301,121500,19.35,19.35,19.35,19.35,100,0
GTS,5,20210301,123000,19.35,19.35,19.35,19.35,32,0
GTS,5,20210301,131000,19.25,19.25,19.2,19.2,220,0
GTS,5,20210301,132000,19.1,19.1,19.1,19.1,84,0
GTS,5,20210301,134500,19.1,19.1,19.05,19.05,672,0
GTS,5,20210301,135500,19.05,19.05,19.05,19.05,310,0
GTS,5,20210301,141500,19.2,19.2,19.2,19.2,195,0
GTS,5,20210301,142500,19.05,19.05,19.05,19.05,195,0
GTS,5,20210301,144500,19.05,19.05,19,19,1000,0
GTS,5,20210301,145500,19.05,19.05,18.95,18.95,3000,0
GTS,5,20210301,152500,19.1,19.1,19.1,19.1,150,0
GTS,5,20210301,153000,19.2,19.2,19.2,19.2,101,0
GTS,5,20210301,155000,19.2,19.2,19.2,19.2,589,0
GTS,5,20210301,160000,19.2,19.2,19.2,19.2,190,0
GTS,5,20210301,161000,19.2,19.2,19.2,19.2,300,0
GTS,5,20210301,161500,19.2,19.2,19.15,19.15,350,0
GTS,5,20210301,162500,19.15,19.15,19.15,19.15,10,0
GTS,5,20210301,164000,19.15,19.15,19.15,19.15,1,0
GTS,5,20210301,164500,19.15,19.15,19.15,19.15,304,0
GTS,5,20210302,090000,19.2,19.2,19.1,19.2,890,0
GTS,5,20210302,091000,19.2,19.2,19.2,19.2,190,0
GTS,5,20210302,091500,19.2,19.2,19.2,19.2,190,0
GTS,5,20210302,092000,19.2,19.2,19,19,795,0
GTS,5,20210302,092500,19.2,19.2,19.05,19.05,119,0
GTS,5,20210302,093000,19.2,19.2,18.95,18.95,1328,0
GTS,5,20210302,093500,19.15,19.2,19.15,19.2,100,0
GTS,5,20210302,094000,19.2,19.2,19.2,19.2,205,0
GTS,5,20210302,094500,19.2,19.2,19.2,19.2,106,0
GTS,5,20210302,095000,19.2,19.35,19.2,19.35,1249,0
GTS,5,20210302,095500,19.35,19.9,19.35,19.9,2391,0
GTS,5,20210302,100000,19.7,19.95,19.7,19.9,1489,0
GTS,5,20210302,100500,19.9,19.95,19.9,19.9,1000,0
GTS,5,20210302,101000,19.9,19.9,19.85,19.85,270,0
GTS,5,20210302,101500,19.85,19.85,19.7,19.7,270,0
GTS,5,20210302,102000,19.7,19.7,19.7,19.7,276,0
GTS,5,20210302,102500,19.8,19.8,19.6,19.7,1571,0
GTS,5,20210302,103000,19.6,19.8,19.6,19.8,621,0
GTS,5,20210302,103500,19.6,19.6,19.55,19.55,1080,0
GTS,5,20210302,104000,19.8,19.8,19.75,19.8,226,0
GTS,5,20210302,105000,19.6,19.8,19.6,19.8,350,0
GTS,5,20210302,110000,19.8,19.8,19.8,19.8,5,0
GTS,5,20210302,110500,19.8,19.8,19.8,19.8,1148,0
GTS,5,20210302,111000,19.85,19.85,19.85,19.85,46,0
GTS,5,20210302,111500,19.85,19.85,19.85,19.85,250,0
GTS,5,20210302,112000,19.8,19.9,19.75,19.9,284,0
GTS,5,20210302,113000,19.85,19.9,19.85,19.9,150,0
GTS,5,20210302,113500,19.75,19.75,19.75,19.75,45,0
GTS,5,20210302,114000,19.9,19.9,19.9,19.9,150,0
GTS,5,20210302,114500,19.9,19.9,19.9,19.9,1350,0
GTS,5,20210302,115000,19.9,19.9,19.8,19.8,1793,0
GTS,5,20210302,115500,19.9,19.9,19.9,19.9,212,0
GTS,5,20210302,120000,19.85,19.9,19.85,19.9,700,0
GTS,5,20210302,121000,19.9,19.9,19.9,19.9,820,0
GTS,5,20210302,121500,19.9,19.9,19.9,19.9,50,0
GTS,5,20210302,122000,19.85,19.85,19.8,19.8,1022,0
GTS,5,20210302,122500,19.9,19.9,19.9,19.9,175,0
GTS,5,20210302,123000,19.8,19.8,19.8,19.8,314,0
GTS,5,20210302,123500,19.9,19.9,19.9,19.9,276,0
GTS,5,20210302,124000,19.9,19.9,19.9,19.9,1454,0
GTS,5,20210302,124500,19.9,19.95,19.9,19.9,1532,0
GTS,5,20210302,125000,19.95,20,19.95,20,1334,0
GTS,5,20210302,125500,20,20,20,20,250,0
GTS,5,20210302,130000,20,20,20,20,658,0
GTS,5,20210302,130500,19.9,20.1,19.9,20.1,1239,0
GTS,5,20210302,131000,20.2,20.2,20.1,20.1,424,0
GTS,5,20210302,131500,20.2,20.2,20.2,20.2,1166,0
GTS,5,20210302,132000,20.3,20.3,20.2,20.2,111,0
GTS,5,20210302,132500,20.3,20.4,20.3,20.4,1044,0
GTS,5,20210302,133000,20.4,20.4,20.4,20.4,50,0
GTS,5,20210302,133500,20.4,20.4,20.4,20.4,84,0
GTS,5,20210302,134500,20.3,20.3,20.2,20.3,654,0
GTS,5,20210302,135500,20.3,20.3,20.3,20.3,380,0
GTS,5,20210302,140000,20.3,20.3,20.3,20.3,242,0
GTS,5,20210302,140500,20.2,20.2,20.1,20.1,80,0
GTS,5,20210302,141000,20.1,20.1,20.1,20.1,184,0
GTS,5,20210302,141500,20.2,20.3,20.2,20.3,340,0
GTS,5,20210302,142000,20.3,20.3,20.1,20.1,64,0
GTS,5,20210302,143000,20.2,20.2,20.2,20.2,79,0
GTS,5,20210302,143500,20.2,20.2,20.2,20.2,86,0
GTS,5,20210302,144000,20.3,20.3,20.1,20.1,538,0
GTS,5,20210302,144500,20.1,20.1,20.1,20.1,379,0
GTS,5,20210302,145000,20.2,20.2,20.2,20.2,520,0
GTS,5,20210302,145500,20.2,20.2,20.2,20.2,304,0
GTS,5,20210302,150000,20.2,20.2,20.2,20.2,50,0
GTS,5,20210302,151000,20.2,20.2,20.2,20.2,25,0
GTS,5,20210302,151500,20.2,20.2,20.2,20.2,1045,0
GTS,5,20210302,153000,20.1,20.1,20.1,20.1,500,0
GTS,5,20210302,153500,20.2,20.2,20.2,20.2,25,0
GTS,5,20210302,154000,20.2,20.3,20.2,20.3,1570,0
GTS,5,20210302,154500,20.3,20.3,20.3,20.3,870,0
GTS,5,20210302,155000,20.3,20.5,20.3,20.5,2539,0
GTS,5,20210302,160000,20.5,20.5,20.4,20.4,616,0
GTS,5,20210302,160500,20.4,20.4,20.4,20.4,350,0
GTS,5,20210302,161000,20.4,20.5,20.3,20.3,161,0
GTS,5,20210302,161500,20.5,20.5,20.5,20.5,26,0
GTS,5,20210302,162500,20.5,20.5,20.5,20.5,146,0
GTS,5,20210302,163000,20.5,20.5,20.3,20.3,500,0
GTS,5,20210302,163500,20.4,20.4,20.4,20.4,99,0
GTS,5,20210302,164000,20.4,20.4,20.3,20.3,301,0
GTS,5,20210302,164500,20.4,20.4,20.4,20.4,484,0
GTS,5,20210303,090000,20.8,20.9,20.7,20.9,1615,0
GTS,5,20210303,090500,21,21,20.9,20.9,362,0
GTS,5,20210303,091000,20.9,21,20.8,20.9,775,0
GTS,5,20210303,091500,20.8,20.9,20.4,20.5,2661,0
GTS,5,20210303,092000,20.5,20.6,20.4,20.6,642,0
GTS,5,20210303,093000,20.6,20.6,20.6,20.6,245,0
GTS,5,20210303,093500,20.6,20.6,20.4,20.6,2465,0
GTS,5,20210303,094000,20.5,20.5,20.3,20.4,570,0
GTS,5,20210303,094500,20.4,20.6,20.4,20.6,92,0
GTS,5,20210303,095000,20.6,20.6,20.6,20.6,15,0
GTS,5,20210303,095500,20.4,20.4,20.4,20.4,75,0
GTS,5,20210303,100500,20.4,20.6,20.4,20.6,515,0
GTS,5,20210303,101000,20.6,20.6,20.6,20.6,1000,0
GTS,5,20210303,101500,20.6,20.6,20.6,20.6,1000,0
GTS,5,20210303,102000,20.6,20.6,20.6,20.6,350,0
GTS,5,20210303,103000,20.6,20.6,20.5,20.5,320,0
GTS,5,20210303,103500,20.5,20.6,20.5,20.6,572,0
GTS,5,20210303,104000,20.5,20.6,20.5,20.6,401,0
GTS,5,20210303,104500,20.6,20.6,20.6,20.6,16,0
GTS,5,20210303,105000,20.6,20.7,20.6,20.7,127,0
GTS,5,20210303,110500,20.5,20.7,20.5,20.7,352,0
GTS,5,20210303,111000,20.7,20.8,20.7,20.8,1461,0
GTS,5,20210303,112000,20.5,20.5,20.5,20.5,70,0
GTS,5,20210303,112500,20.6,20.8,20.6,20.8,350,0
GTS,5,20210303,113000,20.7,20.8,20.7,20.8,170,0
GTS,5,20210303,114500,20.8,20.8,20.8,20.8,150,0
GTS,5,20210303,115500,20.8,20.8,20.8,20.8,50,0
GTS,5,20210303,120000,20.6,20.6,20.6,20.6,500,0
GTS,5,20210303,120500,20.7,20.7,20.7,20.7,525,0
GTS,5,20210303,121000,20.7,20.7,20.7,20.7,20,0
GTS,5,20210303,121500,20.7,20.9,20.7,20.9,1191,0
GTS,5,20210303,122500,20.8,20.9,20.7,20.7,300,0
GTS,5,20210303,123000,20.7,20.7,20.7,20.7,4,0
GTS,5,20210303,123500,20.7,20.7,20.5,20.5,618,0
GTS,5,20210303,124500,20.6,20.9,20.6,20.9,482,0
GTS,5,20210303,125000,20.9,20.9,20.9,20.9,30,0
GTS,5,20210303,130000,20.8,20.9,20.8,20.9,250,0
GTS,5,20210303,130500,20.6,20.6,20.4,20.4,1095,0
GTS,5,20210303,131500,20.6,20.6,20.6,20.6,1,0
GTS,5,20210303,132000,20.4,20.6,20.3,20.6,440,0
GTS,5,20210303,134500,20.7,20.7,20.3,20.3,550,0
GTS,5,20210303,135000,20.4,20.4,20.4,20.4,1,0
GTS,5,20210303,135500,20.4,20.4,20.3,20.3,1886,0
GTS,5,20210303,140000,20.6,20.6,20.6,20.6,4,0
GTS,5,20210303,141000,20.3,20.3,20.3,20.3,4,0
GTS,5,20210303,141500,20.3,20.3,20.3,20.3,50,0
GTS,5,20210303,142000,20.3,20.3,20,20,1890,0
GTS,5,20210303,142500,20,20,20,20,1714,0
GTS,5,20210303,143000,20.3,20.3,20.3,20.3,50,0
GTS,5,20210303,143500,20,20,20,20,200,0
GTS,5,20210303,144500,20.1,20.2,20.1,20.2,90,0
GTS,5,20210303,145000,20,20,20,20,7,0
GTS,5,20210303,145500,20.2,20.2,20.2,20.2,10,0
GTS,5,20210303,150500,20,20,19.9,19.9,887,0
GTS,5,20210303,151000,19.9,19.9,19.9,19.9,100,0
GTS,5,20210303,152000,20,20,20,20,50,0
GTS,5,20210303,152500,20,20,20,20,66,0
GTS,5,20210303,153000,20,20,20,20,870,0
GTS,5,20210303,154500,20,20,20,20,500,0
GTS,5,20210303,155500,20,20,20,20,250,0
GTS,5,20210303,160000,19.95,19.95,19.95,19.95,51,0
GTS,5,20210303,160500,19.95,20,19.9,19.9,364,0
GTS,5,20210303,161000,19.6,19.6,19.55,19.55,190,0
GTS,5,20210303,162000,20,20,20,20,5,0
GTS,5,20210303,162500,19.7,19.7,19.6,19.7,1025,0
GTS,5,20210303,163500,19.7,19.7,19.7,19.7,185,0
GTS,5,20210303,164000,19.7,19.7,19.7,19.7,264,0
GTS,5,20210303,164500,19.7,19.7,19.6,19.65,1568,0
GTS,5,20210304,090000,19.7,19.7,19.6,19.7,1234,0
GTS,5,20210304,090500,19.7,19.7,19.7,19.7,40,0
GTS,5,20210304,092000,19.7,19.7,19.7,19.7,171,0
GTS,5,20210304,093000,19.9,20.2,19.9,20.2,400,0
GTS,5,20210304,093500,20.2,20.2,19.7,19.7,450,0
GTS,5,20210304,100500,19.9,20.2,19.9,20.2,600,0
GTS,5,20210304,101000,19.9,19.9,19.9,19.9,144,0
GTS,5,20210304,101500,19.9,19.9,19.9,19.9,56,0
GTS,5,20210304,102000,19.8,19.8,19.8,19.8,26,0
GTS,5,20210304,102500,19.7,19.8,19.7,19.8,77,0
GTS,5,20210304,103000,19.8,19.8,19.8,19.8,78,0
GTS,5,20210304,103500,19.65,19.65,19.5,19.5,1150,0
GTS,5,20210304,104500,19.8,19.8,19.8,19.8,10,0
GTS,5,20210304,105500,19.8,19.8,19.8,19.8,40,0
GTS,5,20210304,112500,19.8,19.8,19.8,19.8,2,0
GTS,5,20210304,113500,19.8,19.8,19.8,19.8,43,0
GTS,5,20210304,114000,19.9,19.9,19.9,19.9,200,0
GTS,5,20210304,115000,19.8,19.8,19.8,19.8,40,0
GTS,5,20210304,120000,19.9,19.9,19.9,19.9,80,0
GTS,5,20210304,120500,19.9,19.9,19.9,19.9,30,0
GTS,5,20210304,122000,19.9,19.9,19.9,19.9,8,0
GTS,5,20210304,123000,19.9,19.9,19.9,19.9,157,0
GTS,5,20210304,123500,19.95,20,19.95,20,300,0
GTS,5,20210304,124000,19.9,19.9,19.9,19.9,25,0
GTS,5,20210304,124500,19.95,19.95,19.95,19.95,152,0
GTS,5,20210304,125500,19.95,20,19.95,20,349,0
GTS,5,20210304,131500,20,20,20,20,280,0
GTS,5,20210304,132000,19.95,20,19.95,20,221,0
GTS,5,20210304,133500,20,20,20,20,24,0
GTS,5,20210304,134000,20,20,20,20,196,0
GTS,5,20210304,134500,20,20,19.6,19.6,276,0
GTS,5,20210304,140500,19.95,19.95,19.95,19.95,80,0
GTS,5,20210304,142500,19.85,19.85,19.85,19.85,370,0
GTS,5,20210304,143000,19.85,19.85,19.85,19.85,73,0
GTS,5,20210304,143500,19.85,19.85,19.85,19.85,5,0
GTS,5,20210304,144500,19.85,19.85,19.85,19.85,25,0
GTS,5,20210304,145000,19.85,19.85,19.6,19.85,141,0
GTS,5,20210304,150000,19.85,19.85,19.6,19.6,280,0
GTS,5,20210304,151500,19.6,19.6,19.6,19.6,151,0
GTS,5,20210304,152000,19.55,19.55,19.55,19.55,349,0
GTS,5,20210304,154000,19.8,19.8,19.8,19.8,2,0
GTS,5,20210304,154500,19.8,19.8,19.8,19.8,70,0
GTS,5,20210304,155500,19.6,19.6,19.5,19.5,1460,0
GTS,5,20210304,162500,19.75,19.75,19.75,19.75,1,0
GTS,5,20210304,163000,19.7,19.7,19.7,19.7,94,0
GTS,5,20210304,163500,19.6,19.6,19.6,19.6,50,0
GTS,5,20210304,164000,19.6,19.6,19.5,19.5,1059,0
GTS,5,20210304,164500,19.7,19.8,19.7,19.8,182,0
GTS,5,20210305,090000,19.8,19.8,19.75,19.75,97,0
GTS,5,20210305,090500,19.75,19.75,19.75,19.75,14,0
GTS,5,20210305,092000,19.7,19.7,19.6,19.6,403,0
GTS,5,20210305,092500,19.6,19.6,19.6,19.6,10,0
GTS,5,20210305,093000,19.6,19.6,19.5,19.5,100,0
GTS,5,20210305,094000,19.6,19.6,19.5,19.5,881,0
GTS,5,20210305,094500,19.55,19.55,19.55,19.55,44,0
GTS,5,20210305,095000,19.7,19.7,19.5,19.5,650,0
GTS,5,20210305,101000,19.6,19.6,19.55,19.55,150,0
GTS,5,20210305,101500,19.55,19.55,19.5,19.5,400,0
GTS,5,20210305,102000,19.7,19.7,19.7,19.7,59,0
GTS,5,20210305,103000,19.5,19.5,19.5,19.5,5,0
GTS,5,20210305,103500,19.6,19.6,19.6,19.6,96,0
GTS,5,20210305,105500,19.6,19.6,19.6,19.6,60,0
GTS,5,20210305,110500,19.6,19.6,19.6,19.6,50,0
GTS,5,20210305,112000,19.6,19.6,19.6,19.6,26,0
GTS,5,20210305,113000,19.55,19.6,19.55,19.6,150,0
GTS,5,20210305,114500,19.6,19.6,19.6,19.6,140,0
GTS,5,20210305,120500,19.6,19.6,19.6,19.6,92,0
GTS,5,20210305,121500,19.6,19.6,19.6,19.6,83,0
GTS,5,20210305,122000,19.55,19.55,19.4,19.4,1516,0
GTS,5,20210305,123500,19.6,19.6,19.6,19.6,290,0
GTS,5,20210305,125000,19.6,19.6,19.6,19.6,10,0
GTS,5,20210305,134000,19.5,19.5,19.45,19.45,353,0
GTS,5,20210305,134500,19.6,19.6,19.6,19.6,476,0
GTS,5,20210305,135000,19.6,19.6,19.6,19.6,30,0
GTS,5,20210305,140000,19.45,19.45,19.45,19.45,456,0
GTS,5,20210305,140500,19.45,19.45,19.45,19.45,25,0
GTS,5,20210305,141000,19.45,19.45,19.45,19.45,30,0
GTS,5,20210305,142000,19.45,19.45,19.45,19.45,1000,0
GTS,5,20210305,143500,19.45,19.45,19.45,19.45,100,0
GTS,5,20210305,144000,19.45,19.45,19.45,19.45,555,0
GTS,5,20210305,144500,19.45,19.45,19.45,19.45,674,0
GTS,5,20210305,145000,19.6,19.6,19.6,19.6,75,0
GTS,5,20210305,150000,19.6,19.6,19.6,19.6,26,0
GTS,5,20210305,151000,19.6,19.6,19.6,19.6,122,0
GTS,5,20210305,152000,19.55,19.55,19.45,19.45,55,0
GTS,5,20210305,152500,19.6,19.6,19.6,19.6,1308,0
GTS,5,20210305,154500,19.6,19.6,19.6,19.6,3,0
GTS,5,20210305,160000,19.6,19.6,19.6,19.6,100,0
GTS,5,20210305,160500,19.5,19.5,19.5,19.5,617,0
GTS,5,20210305,161500,19.5,19.5,19.5,19.5,35,0
GTS,5,20210305,162000,19.45,19.45,19.45,19.45,74,0
GTS,5,20210305,163000,19.5,19.5,19.5,19.5,25,0
GTS,5,20210305,164000,19.45,19.45,19.45,19.45,50,0
GTS,5,20210305,164500,19.4,19.4,19.4,19.4,260,0
GTS,5,20210308,090000,19.5,19.5,19.5,19.5,960,0
GTS,5,20210308,090500,19.5,19.5,19.5,19.5,164,0
GTS,5,20210308,091500,19.5,19.5,19.5,19.5,42,0
GTS,5,20210308,092000,19.5,19.5,19.5,19.5,333,0
GTS,5,20210308,092500,19.5,19.5,19.5,19.5,606,0
GTS,5,20210308,093000,19.5,19.55,19.5,19.55,184,0
GTS,5,20210308,094500,19.55,19.55,19.55,19.55,38,0
GTS,5,20210308,095000,19.55,19.55,19.5,19.5,134,0
GTS,5,20210308,095500,19.7,19.8,19.7,19.8,130,0
GTS,5,20210308,100000,19.8,19.8,19.8,19.8,130,0
GTS,5,20210308,101500,19.8,19.9,19.8,19.9,450,0
GTS,5,20210308,102000,19.9,19.9,19.8,19.8,150,0
GTS,5,20210308,102500,19.8,19.8,19.8,19.8,65,0
GTS,5,20210308,104000,19.8,19.8,19.8,19.8,185,0
GTS,5,20210308,104500,19.8,19.8,19.8,19.8,35,0
GTS,5,20210308,110000,19.7,19.7,19.7,19.7,65,0
GTS,5,20210308,111500,19.8,19.8,19.7,19.7,95,0
GTS,5,20210308,113500,19.85,19.85,19.85,19.85,92,0
GTS,5,20210308,114000,19.9,19.9,19.9,19.9,70,0
GTS,5,20210308,114500,19.85,19.85,19.85,19.85,100,0
GTS,5,20210308,115500,19.85,19.85,19.7,19.7,1730,0
GTS,5,20210308,120500,19.65,19.65,19.4,19.4,2492,0
GTS,5,20210308,123500,19.7,19.7,19.7,19.7,1050,0
GTS,5,20210308,124500,19.85,19.85,19.85,19.85,85,0
GTS,5,20210308,125000,19.85,19.85,19.85,19.85,15,0
GTS,5,20210308,134000,19.7,19.7,19.7,19.7,100,0
GTS,5,20210308,140000,19.6,19.6,19.55,19.55,400,0
GTS,5,20210308,141000,19.7,19.7,19.7,19.7,68,0
GTS,5,20210308,141500,19.7,19.7,19.7,19.7,68,0
GTS,5,20210308,151500,19.6,19.6,19.6,19.6,119,0
GTS,5,20210308,152000,19.6,19.6,19.6,19.6,100,0
GTS,5,20210308,154000,19.7,19.7,19.7,19.7,450,0
GTS,5,20210308,160500,19.65,19.65,19.65,19.65,125,0
GTS,5,20210308,162000,19.7,19.7,19.7,19.7,95,0
GTS,5,20210308,162500,19.7,19.7,19.7,19.7,50,0
GTS,5,20210308,163500,19.7,19.7,19.7,19.7,130,0
GTS,5,20210308,164500,19.7,19.7,19.7,19.7,1013,0
GTS,5,20210309,090000,19.7,19.7,19.5,19.5,1011,0
GTS,5,20210309,091000,19.7,19.7,19.7,19.7,204,0
GTS,5,20210309,093000,19.6,19.7,19.6,19.7,56,0
GTS,5,20210309,094000,19.7,19.7,19.7,19.7,9,0
GTS,5,20210309,094500,19.7,19.7,19.7,19.7,50,0
GTS,5,20210309,095000,19.8,19.8,19.7,19.7,541,0
GTS,5,20210309,100500,19.6,19.6,19.6,19.6,47,0
GTS,5,20210309,102500,19.65,19.65,19.65,19.65,27,0
GTS,5,20210309,103500,19.65,19.65,19.65,19.65,26,0
GTS,5,20210309,104000,19.7,19.7,19.7,19.7,100,0
GTS,5,20210309,105500,19.7,19.7,19.7,19.7,30,0
GTS,5,20210309,111000,19.65,19.65,19.65,19.65,25,0
GTS,5,20210309,111500,19.7,19.7,19.7,19.7,100,0
GTS,5,20210309,112000,19.65,19.7,19.65,19.7,140,0
GTS,5,20210309,113500,19.7,19.7,19.7,19.7,70,0
GTS,5,20210309,114000,19.7,19.7,19.7,19.7,70,0
GTS,5,20210309,115500,19.7,19.7,19.7,19.7,100,0
GTS,5,20210309,120500,19.65,19.65,19.5,19.5,1092,0
GTS,5,20210309,121000,19.5,19.7,19.5,19.7,235,0
GTS,5,20210309,122000,19.55,19.7,19.5,19.7,685,0
GTS,5,20210309,123000,19.55,19.55,19.55,19.55,59,0
GTS,5,20210309,123500,19.55,19.55,19.55,19.55,61,0
GTS,5,20210309,124000,19.55,19.55,19.55,19.55,100,0
GTS,5,20210309,124500,19.55,19.55,19.55,19.55,50,0
GTS,5,20210309,125500,19.65,19.65,19.65,19.65,25,0
GTS,5,20210309,130000,19.65,19.65,19.65,19.65,54,0
GTS,5,20210309,131500,19.65,19.65,19.65,19.65,402,0
GTS,5,20210309,132500,19.65,19.65,19.65,19.65,113,0
GTS,5,20210309,134500,19.6,19.65,19.5,19.65,76,0
GTS,5,20210309,135000,19.55,19.55,19.55,19.55,60,0
GTS,5,20210309,140500,19.6,19.6,19.6,19.6,44,0
GTS,5,20210309,141500,19.6,19.6,19.6,19.6,491,0
GTS,5,20210309,143500,19.6,19.6,19.55,19.55,319,0
GTS,5,20210309,144000,19.6,19.6,19.6,19.6,100,0
GTS,5,20210309,144500,19.5,19.5,19.5,19.5,43,0
GTS,5,20210309,150000,19.6,19.6,19.6,19.6,200,0
GTS,5,20210309,151000,19.6,19.6,19.6,19.6,70,0
GTS,5,20210309,152500,19.6,19.6,19.6,19.6,255,0
GTS,5,20210309,153000,19.6,19.6,19.55,19.55,107,0
GTS,5,20210309,154500,19.55,19.55,19.55,19.55,342,0
GTS,5,20210309,155000,19.55,19.55,19.55,19.55,50,0
GTS,5,20210309,155500,19.5,19.55,19.5,19.55,170,0
GTS,5,20210309,160000,19.55,19.55,19.5,19.5,123,0
GTS,5,20210309,160500,19.5,19.5,19.5,19.5,70,0
GTS,5,20210309,161000,19.55,19.55,19.55,19.55,40,0
GTS,5,20210309,161500,19.55,19.55,19.55,19.55,65,0
GTS,5,20210309,162000,19.55,19.55,19.55,19.55,100,0
GTS,5,20210309,163000,19.55,19.55,19.55,19.55,347,0
GTS,5,20210309,163500,19.5,19.55,19.5,19.55,192,0
GTS,5,20210309,164000,19.5,19.55,19.5,19.55,652,0
GTS,5,20210309,164500,19.55,19.6,19.5,19.6,725,0
GTS,5,20210309,165500,19.6,19.6,19.6,19.6,110,0
GTS,5,20210310,090000,19.7,19.7,19.7,19.7,1384,0
GTS,5,20210310,090500,19.7,19.7,19.7,19.7,428,0
GTS,5,20210310,091000,19.75,19.75,19.7,19.75,104,0
GTS,5,20210310,091500,19.85,19.85,19.85,19.85,26,0
GTS,5,20210310,092000,19.85,19.85,19.8,19.8,60,0
GTS,5,20210310,092500,19.8,19.8,19.8,19.8,80,0
GTS,5,20210310,093000,19.8,19.8,19.8,19.8,204,0
GTS,5,20210310,093500,19.8,19.8,19.8,19.8,1138,0
GTS,5,20210310,094000,19.8,19.8,19.8,19.8,1621,0
GTS,5,20210310,095000,19.8,19.8,19.8,19.8,100,0
GTS,5,20210310,100000,19.8,19.8,19.8,19.8,721,0
GTS,5,20210310,100500,19.8,19.8,19.8,19.8,80,0
GTS,5,20210310,101000,19.8,19.8,19.8,19.8,171,0
GTS,5,20210310,101500,19.8,19.8,19.8,19.8,115,0
GTS,5,20210310,102000,19.8,19.8,19.8,19.8,287,0
GTS,5,20210310,103000,19.75,19.75,19.75,19.75,44,0
GTS,5,20210310,104500,19.8,19.8,19.8,19.8,100,0
GTS,5,20210310,105000,19.8,19.8,19.8,19.8,475,0
GTS,5,20210310,105500,19.8,19.8,19.8,19.8,275,0
GTS,5,20210310,112000,19.8,19.8,19.8,19.8,97,0
GTS,5,20210310,113000,19.8,19.8,19.8,19.8,42,0
GTS,5,20210310,115500,19.75,19.75,19.75,19.75,100,0
GTS,5,20210310,120500,19.8,19.8,19.8,19.8,50,0
GTS,5,20210310,121000,19.75,19.75,19.75,19.75,150,0
GTS,5,20210310,122500,19.75,19.75,19.75,19.75,2765,0
GTS,5,20210310,123000,19.75,19.75,19.75,19.75,1451,0
GTS,5,20210310,123500,19.75,19.75,19.75,19.75,650,0
GTS,5,20210310,124000,19.8,19.8,19.8,19.8,37,0
GTS,5,20210310,124500,19.75,19.75,19.7,19.7,256,0
GTS,5,20210310,125500,19.75,19.75,19.75,19.75,100,0
GTS,5,20210310,131000,19.75,19.75,19.75,19.75,151,0
GTS,5,20210310,135000,19.7,19.7,19.7,19.7,50,0
GTS,5,20210310,135500,19.75,19.75,19.75,19.75,275,0
GTS,5,20210310,140500,19.75,19.75,19.75,19.75,50,0
GTS,5,20210310,142500,19.7,19.7,19.7,19.7,184,0
GTS,5,20210310,143500,19.7,19.7,19.7,19.7,50,0
GTS,5,20210310,144000,19.7,19.7,19.7,19.7,50,0
GTS,5,20210310,145000,19.75,19.75,19.75,19.75,26,0
GTS,5,20210310,151000,19.75,19.75,19.75,19.75,100,0
GTS,5,20210310,152000,19.75,19.75,19.75,19.75,195,0
GTS,5,20210310,152500,19.75,19.75,19.75,19.75,65,0
GTS,5,20210310,153500,19.7,19.7,19.7,19.7,150,0
GTS,5,20210310,154000,19.65,19.65,19.65,19.65,310,0
GTS,5,20210310,154500,19.6,19.6,19.5,19.5,5591,0
GTS,5,20210310,155500,19.5,19.5,19.5,19.5,22,0
GTS,5,20210310,160500,19.45,19.75,19.4,19.75,1474,0
GTS,5,20210310,163000,19.4,19.4,19.4,19.4,100,0
GTS,5,20210310,163500,19.35,19.75,19.35,19.4,400,0
GTS,5,20210310,164000,19.4,19.4,19.4,19.4,66,0
GTS,5,20210311,090000,19.75,19.8,19.75,19.75,454,0
GTS,5,20210311,090500,19.85,19.85,19.85,19.85,125,0
GTS,5,20210311,091000,19.85,19.85,19.85,19.85,26,0
GTS,5,20210311,091500,19.75,19.75,19.75,19.75,23,0
GTS,5,20210311,092000,19.75,19.75,19.75,19.75,50,0
GTS,5,20210311,093000,19.75,19.75,19.75,19.75,235,0
GTS,5,20210311,093500,19.75,19.75,19.75,19.75,420,0
GTS,5,20210311,094000,19.75,19.75,19.75,19.75,50,0
GTS,5,20210311,094500,19.75,19.75,19.75,19.75,40,0
GTS,5,20210311,100000,19.6,19.6,19.35,19.35,1100,0
GTS,5,20210311,100500,19.4,19.4,19.4,19.4,226,0
GTS,5,20210311,101000,19.5,19.5,19.5,19.5,56,0
GTS,5,20210311,101500,19.55,19.65,19.55,19.65,80,0
GTS,5,20210311,102000,19.55,19.55,19.55,19.55,40,0
GTS,5,20210311,102500,19.5,19.5,19.35,19.35,402,0
GTS,5,20210311,103000,19.4,19.4,19.35,19.35,306,0
GTS,5,20210311,103500,19.3,19.3,19.15,19.15,1545,0
GTS,5,20210311,104000,19.2,19.2,19.15,19.2,845,0
GTS,5,20210311,110000,19.45,19.45,19.45,19.45,26,0
GTS,5,20210311,110500,19.45,19.45,19.45,19.45,45,0
GTS,5,20210311,111000,19.45,19.45,19.3,19.3,311,0
GTS,5,20210311,111500,19.3,19.3,19.3,19.3,22,0
GTS,5,20210311,113500,19.55,19.55,19.55,19.55,62,0
GTS,5,20210311,114000,19.35,19.5,19.35,19.5,390,0
GTS,5,20210311,114500,19.5,19.5,19.2,19.2,2900,0
GTS,5,20210311,115500,19.3,19.3,19.2,19.2,120,0
GTS,5,20210311,120000,19.25,19.25,19.25,19.25,115,0
GTS,5,20210311,123500,19.3,19.3,19.3,19.3,302,0
GTS,5,20210311,124500,19.5,19.5,19.5,19.5,95,0
GTS,5,20210311,125000,19.4,19.4,19.4,19.4,100,0
GTS,5,20210311,130500,19.5,19.5,19.5,19.5,85,0
GTS,5,20210311,131500,19.5,19.5,19.5,19.5,115,0
GTS,5,20210311,132500,19.55,19.55,19.55,19.55,20,0
GTS,5,20210311,140000,19.55,19.55,19.55,19.55,12,0
GTS,5,20210311,141000,19.55,19.55,19.55,19.55,50,0
GTS,5,20210311,141500,19.55,19.55,19.55,19.55,55,0
GTS,5,20210311,142500,19.55,19.55,19.55,19.55,25,0
GTS,5,20210311,144000,19.4,19.4,19.4,19.4,236,0
GTS,5,20210311,145000,19.4,19.4,19.4,19.4,155,0
GTS,5,20210311,151500,19.4,19.4,19.4,19.4,51,0
GTS,5,20210311,153000,19.4,19.4,19.4,19.4,100,0
GTS,5,20210311,155500,19.4,19.4,19.4,19.4,103,0
GTS,5,20210311,162000,19.4,19.4,19.4,19.4,55,0
GTS,5,20210311,163500,19.55,19.55,19.55,19.55,40,0
GTS,5,20210311,164500,19.6,19.65,19.6,19.6,165,0
GTS,5,20210312,090000,19.6,19.6,19.6,19.6,430,0
GTS,5,20210312,092000,19.6,19.6,19.6,19.6,30,0
GTS,5,20210312,102000,19.55,19.75,19.5,19.5,3119,0
GTS,5,20210312,104000,19.5,19.5,19.2,19.2,1770,0
GTS,5,20210312,104500,19.15,19.6,19.1,19.6,2952,0
GTS,5,20210312,105000,19.6,19.6,19.6,19.6,40,0
GTS,5,20210312,111000,19.55,19.55,19.55,19.55,49,0
GTS,5,20210312,112500,19.5,19.5,19.5,19.5,20,0
GTS,5,20210312,113500,19.5,19.5,19.5,19.5,111,0
GTS,5,20210312,114500,19.35,19.35,19.35,19.35,70,0
GTS,5,20210312,120500,19.4,19.4,19.35,19.35,69,0
GTS,5,20210312,121000,19.35,19.35,19.35,19.35,15,0
GTS,5,20210312,121500,19.35,19.35,19.35,19.35,26,0
GTS,5,20210312,122500,19.3,19.3,19.3,19.3,100,0
GTS,5,20210312,123000,19.5,19.55,19.5,19.55,255,0
GTS,5,20210312,124500,19.5,19.5,19.5,19.5,200,0
GTS,5,20210312,131000,19.5,19.5,19.5,19.5,5,0
GTS,5,20210312,131500,19.4,19.5,19.4,19.5,257,0
GTS,5,20210312,132000,19.5,19.5,19.5,19.5,100,0
GTS,5,20210312,132500,19.4,19.4,19.35,19.35,2143,0
GTS,5,20210312,134000,19.5,19.5,19.5,19.5,26,0
GTS,5,20210312,135000,19.4,19.6,19.4,19.6,294,0
GTS,5,20210312,135500,19.3,19.3,19.3,19.3,162,0
GTS,5,20210312,140000,19.4,19.4,19.4,19.4,17,0
GTS,5,20210312,141000,19.4,19.4,19.4,19.4,299,0
GTS,5,20210312,143500,19.35,19.35,19.35,19.35,30,0
GTS,5,20210312,145000,19.4,19.4,19.4,19.4,75,0
GTS,5,20210312,145500,19.4,19.4,19.15,19.15,5086,0
GTS,5,20210312,150500,19.4,19.4,19.4,19.4,164,0
GTS,5,20210312,152500,19.3,19.3,19.2,19.2,2582,0
GTS,5,20210312,153000,19.4,19.4,19.4,19.4,10,0
GTS,5,20210312,154500,19.3,19.3,19.3,19.3,91,0
GTS,5,20210312,161000,19.3,19.35,19.1,19.1,5425,0
GTS,5,20210312,162000,19.35,19.35,19.35,19.35,179,0
GTS,5,20210312,162500,19.4,19.4,19.35,19.35,90,0
GTS,5,20210312,163500,19.35,19.35,19.35,19.35,56,0
GTS,5,20210312,164000,19.35,19.4,19.35,19.35,280,0
GTS,5,20210312,164500,19.35,19.35,19.35,19.35,132,0
GTS,5,20210315,090000,19.35,19.5,19.35,19.5,534,0
GTS,5,20210315,090500,19.5,19.5,19.35,19.35,240,0
GTS,5,20210315,091000,19.45,19.45,19.45,19.45,26,0
GTS,5,20210315,091500,19.45,19.45,19.45,19.45,54,0
GTS,5,20210315,093500,19.5,19.5,19.5,19.5,172,0
GTS,5,20210315,094000,19.5,19.5,19.5,19.5,20,0
GTS,5,20210315,094500,19.55,19.55,19.5,19.5,144,0
GTS,5,20210315,095000,19.5,19.55,19.5,19.55,254,0
GTS,5,20210315,100000,19.55,19.6,19.55,19.6,105,0
GTS,5,20210315,100500,19.55,19.55,19.55,19.55,26,0
GTS,5,20210315,101000,19.5,19.5,19.5,19.5,50,0
GTS,5,20210315,102000,19.5,19.5,19.4,19.4,700,0
GTS,5,20210315,102500,19.5,19.5,19.4,19.4,465,0
GTS,5,20210315,104500,19.55,19.55,19.55,19.55,200,0
GTS,5,20210315,105000,19.55,19.85,19.55,19.85,2312,0
GTS,5,20210315,105500,19.85,20.2,19.85,20,3070,0
GTS,5,20210315,110000,20,20,19.9,19.9,230,0
GTS,5,20210315,111000,19.85,19.85,19.5,19.5,283,0
GTS,5,20210315,111500,19.65,19.65,19.65,19.65,300,0
GTS,5,20210315,112000,19.9,19.9,19.9,19.9,10,0
GTS,5,20210315,112500,19.9,19.9,19.9,19.9,100,0
GTS,5,20210315,113000,19.6,19.6,19.6,19.6,659,0
GTS,5,20210315,113500,19.6,19.6,19.6,19.6,275,0
GTS,5,20210315,114000,19.6,19.6,19.6,19.6,92,0
GTS,5,20210315,114500,19.6,19.6,19.55,19.6,273,0
GTS,5,20210315,115000,19.6,19.6,19.6,19.6,70,0
GTS,5,20210315,120000,19.6,19.6,19.6,19.6,103,0
GTS,5,20210315,121000,19.6,19.6,19.6,19.6,500,0
GTS,5,20210315,122000,19.6,19.6,19.6,19.6,332,0
GTS,5,20210315,123500,19.6,19.6,19.6,19.6,330,0
GTS,5,20210315,124500,19.6,19.6,19.6,19.6,20,0
GTS,5,20210315,125000,19.6,19.6,19.6,19.6,50,0
GTS,5,20210315,125500,19.6,19.6,19.6,19.6,73,0
GTS,5,20210315,130500,19.55,19.55,19.55,19.55,70,0
GTS,5,20210315,131000,19.6,19.6,19.6,19.6,99,0
GTS,5,20210315,134000,19.7,19.7,19.7,19.7,14,0
GTS,5,20210315,140500,19.7,19.7,19.65,19.65,113,0
GTS,5,20210315,141500,19.65,19.65,19.65,19.65,100,0
GTS,5,20210315,143000,19.75,19.75,19.65,19.75,220,0
GTS,5,20210315,143500,19.75,19.75,19.75,19.75,30,0
GTS,5,20210315,144000,19.75,19.75,19.75,19.75,13,0
GTS,5,20210315,144500,19.75,19.75,19.75,19.75,26,0
GTS,5,20210315,145000,19.75,19.8,19.75,19.8,600,0
GTS,5,20210315,150000,19.8,19.8,19.8,19.8,182,0
GTS,5,20210315,151000,19.8,19.8,19.8,19.8,400,0
GTS,5,20210315,152000,19.75,19.75,19.75,19.75,90,0
GTS,5,20210315,153500,19.75,19.8,19.75,19.8,510,0
GTS,5,20210315,154000,19.7,19.7,19.65,19.65,22,0
GTS,5,20210315,154500,19.6,19.6,19.6,19.6,41,0
GTS,5,20210315,160000,19.65,19.65,19.65,19.65,20,0
GTS,5,20210315,160500,19.65,19.65,19.5,19.5,1445,0
GTS,5,20210315,161000,19.5,19.5,19.5,19.5,190,0
GTS,5,20210315,161500,19.5,19.5,19.5,19.5,26,0
GTS,5,20210315,162500,19.5,19.5,19.45,19.45,200,0
GTS,5,20210315,163000,19.5,19.5,19.5,19.5,159,0
GTS,5,20210315,163500,19.5,19.5,19.5,19.5,1055,0
GTS,5,20210315,164500,19.5,19.7,19.5,19.7,30,0
GTS,5,20210316,090000,19.7,19.7,19.45,19.45,1511,0
GTS,5,20210316,090500,19.45,19.5,19.45,19.45,325,0
GTS,5,20210316,091000,19.5,19.5,19.5,19.5,291,0
GTS,5,20210316,091500,19.45,19.45,19.4,19.45,601,0
GTS,5,20210316,092500,19.5,19.5,19.5,19.5,103,0
GTS,5,20210316,094000,19.5,19.5,19.45,19.45,459,0
GTS,5,20210316,095500,19.45,19.45,19.45,19.45,93,0
GTS,5,20210316,100000,19.45,19.45,19.4,19.4,763,0
GTS,5,20210316,100500,19.4,19.4,19.35,19.35,382,0
GTS,5,20210316,102000,19.35,19.35,19.35,19.35,1,0
GTS,5,20210316,102500,19.5,19.5,19.35,19.35,1000,0
GTS,5,20210316,103000,19.5,19.5,19.5,19.5,26,0
GTS,5,20210316,103500,19.5,19.5,19.5,19.5,51,0
GTS,5,20210316,104000,19.4,19.4,19.4,19.4,300,0
GTS,5,20210316,105000,19.4,19.4,19.35,19.4,490,0
GTS,5,20210316,111500,19.4,19.4,19.4,19.4,100,0
GTS,5,20210316,112000,19.5,19.5,19.4,19.4,250,0
GTS,5,20210316,114500,19.5,19.5,19.4,19.4,304,0
GTS,5,20210316,115000,19.4,19.5,19.4,19.5,91,0
GTS,5,20210316,120000,19.45,19.45,19.4,19.4,27,0
GTS,5,20210316,120500,19.5,19.5,19.5,19.5,28,0
GTS,5,20210316,122000,19.45,19.45,19.4,19.4,195,0
GTS,5,20210316,124500,19.45,19.45,19.45,19.45,250,0
GTS,5,20210316,131500,19.45,19.5,19.45,19.5,49,0
GTS,5,20210316,132000,19.45,19.45,19.45,19.45,400,0
GTS,5,20210316,132500,19.5,19.5,19.5,19.5,10,0
GTS,5,20210316,133000,19.5,19.5,19.5,19.5,100,0
GTS,5,20210316,135500,19.5,19.5,19.5,19.5,145,0
GTS,5,20210316,140500,19.45,19.45,19.45,19.45,374,0
GTS,5,20210316,141000,19.4,19.4,19.4,19.4,226,0
GTS,5,20210316,141500,19.5,19.5,19.4,19.4,395,0
GTS,5,20210316,143500,19.45,19.45,19.45,19.45,100,0
GTS,5,20210316,144000,19.4,19.4,19.4,19.4,50,0
GTS,5,20210316,150000,19.45,19.45,19.45,19.45,62,0
GTS,5,20210316,151000,19.45,19.45,19.45,19.45,200,0
GTS,5,20210316,152000,19.45,20.4,19.45,20.1,13070,0
GTS,5,20210316,152500,20.2,20.7,20,20.5,5309,0
GTS,5,20210316,153000,20.2,20.7,20.2,20.2,4984,0
GTS,5,20210316,153500,20.5,20.7,20.4,20.5,1866,0
GTS,5,20210316,154000,20.5,21,20.3,20.8,6306,0
GTS,5,20210316,154500,20.8,21,20.8,21,953,0
GTS,5,20210316,155000,20.6,20.8,20.6,20.6,761,0
GTS,5,20210316,155500,20.5,20.6,20.4,20.5,1563,0
GTS,5,20210316,160000,20.5,20.6,20.5,20.6,319,0
GTS,5,20210316,160500,20.5,20.6,20.4,20.5,2490,0
GTS,5,20210316,161000,20.5,20.6,20.5,20.5,886,0
GTS,5,20210316,161500,20.5,20.5,20,20,1891,0
GTS,5,20210316,162000,20,20.3,19.95,20.3,1619,0
GTS,5,20210316,162500,20.4,20.4,20.4,20.4,619,0
GTS,5,20210316,163000,20.4,20.4,20.4,20.4,30,0
GTS,5,20210316,163500,20.4,20.4,20.3,20.3,460,0
GTS,5,20210316,164000,20.3,20.5,20.3,20.5,1595,0
GTS,5,20210316,164500,20.6,20.6,20.5,20.6,1507,0
GTS,5,20210317,090000,21,21,20.7,20.7,3573,0
GTS,5,20210317,090500,20.8,20.9,20.6,20.6,1072,0
GTS,5,20210317,091000,20.7,20.7,20.6,20.6,876,0
GTS,5,20210317,091500,20.6,20.6,20.5,20.6,1758,0
GTS,5,20210317,092000,20.5,20.5,20.5,20.5,999,0
GTS,5,20210317,092500,20.4,20.4,20.2,20.4,377,0
GTS,5,20210317,093000,20.2,20.4,20.2,20.4,239,0
GTS,5,20210317,093500,20.4,20.4,20.4,20.4,300,0
GTS,5,20210317,094000,20.5,20.5,20.5,20.5,126,0
GTS,5,20210317,094500,20.5,20.5,20.5,20.5,165,0
GTS,5,20210317,095000,20.4,20.4,20.4,20.4,110,0
GTS,5,20210317,100000,20.4,20.5,20.4,20.5,391,0
GTS,5,20210317,101000,20.5,20.5,20.5,20.5,110,0
GTS,5,20210317,102000,20.5,20.5,20.5,20.5,95,0
GTS,5,20210317,102500,20.6,20.6,20.6,20.6,580,0
GTS,5,20210317,103500,20.6,20.6,20.6,20.6,476,0
GTS,5,20210317,110000,20.6,20.6,20.6,20.6,70,0
GTS,5,20210317,110500,20.6,20.6,20.6,20.6,52,0
GTS,5,20210317,111500,20.5,20.5,20.5,20.5,97,0
GTS,5,20210317,113000,20.5,20.5,20.5,20.5,47,0
GTS,5,20210317,113500,20.5,20.5,20.5,20.5,138,0
GTS,5,20210317,114500,20.5,20.5,20.5,20.5,600,0
GTS,5,20210317,120000,20.5,20.5,20.5,20.5,98,0
GTS,5,20210317,120500,20.4,20.5,20.4,20.5,82,0
GTS,5,20210317,121000,20.6,20.6,20.6,20.6,673,0
GTS,5,20210317,122500,20.7,20.7,20.7,20.7,9,0
GTS,5,20210317,123000,20.4,20.4,20.4,20.4,86,0
GTS,5,20210317,124000,20.6,20.6,20.6,20.6,165,0
GTS,5,20210317,124500,20.5,20.5,20.5,20.5,150,0
GTS,5,20210317,125000,20.5,20.5,20.5,20.5,225,0
GTS,5,20210317,125500,20.4,20.4,20.4,20.4,20,0
GTS,5,20210317,130500,20.5,20.5,20.5,20.5,350,0
GTS,5,20210317,131000,20.5,20.5,20.4,20.4,477,0
GTS,5,20210317,131500,20.4,20.4,20.4,20.4,599,0
GTS,5,20210317,132000,20.4,20.4,20.4,20.4,242,0
GTS,5,20210317,132500,20.4,20.4,20.3,20.3,158,0
GTS,5,20210317,133000,20.3,20.3,20,20,1571,0
GTS,5,20210317,133500,20,20,20,20,111,0
GTS,5,20210317,134000,20.1,20.1,20.1,20.1,346,0
GTS,5,20210317,134500,20.1,20.1,20,20,290,0
GTS,5,20210317,135000,19.9,19.9,19.8,19.8,765,0
GTS,5,20210317,135500,19.9,19.9,19.7,19.7,466,0
GTS,5,20210317,140000,20,20,19.9,19.9,470,0
GTS,5,20210317,140500,19.75,19.75,19.7,19.75,474,0
GTS,5,20210317,141500,19.9,19.9,19.9,19.9,140,0
GTS,5,20210317,142000,20,20,19.9,19.9,741,0
GTS,5,20210317,142500,19.9,20,19.9,19.9,1471,0
GTS,5,20210317,143500,20,20,19.9,20,1079,0
GTS,5,20210317,144000,19.9,19.9,19.8,19.8,984,0
GTS,5,20210317,144500,19.8,19.8,19.55,19.55,620,0
GTS,5,20210317,145000,19.6,19.9,19.6,19.9,710,0
GTS,5,20210317,151500,19.9,20,19.9,20,593,0
GTS,5,20210317,152000,20,20.2,20,20.2,420,0
GTS,5,20210317,152500,20,20,20,20,50,0
GTS,5,20210317,153500,20.3,20.3,20.3,20.3,100,0
GTS,5,20210317,154000,20.2,20.4,20.2,20.4,180,0
GTS,5,20210317,154500,20.2,20.3,20.2,20.3,483,0
GTS,5,20210317,155500,20.5,20.5,20.5,20.5,300,0
GTS,5,20210317,160500,20.3,20.3,20.3,20.3,70,0
GTS,5,20210317,161000,20.5,20.6,20.5,20.6,1508,0
GTS,5,20210317,161500,20.5,20.5,20.5,20.5,50,0
GTS,5,20210317,162000,20.3,20.3,20.3,20.3,585,0
GTS,5,20210317,163000,20.6,20.6,20.6,20.6,491,0
GTS,5,20210317,163500,20.4,20.4,20.1,20.1,384,0
GTS,5,20210317,164000,20,20.6,20,20.6,4906,0
GTS,5,20210317,164500,20.5,20.5,20.5,20.5,100,0
GTS,5,20210317,165500,20.2,20.2,20.2,20.2,1700,0
GTS,5,20210318,090000,20.7,20.7,20.7,20.7,13,0
GTS,5,20210318,090500,20.5,20.5,20.5,20.5,30,0
GTS,5,20210318,091500,20.5,20.5,20.4,20.4,100,0
GTS,5,20210318,092000,20.4,20.4,20.2,20.2,245,0
GTS,5,20210318,093000,20.2,20.5,20.2,20.5,52,0
GTS,5,20210318,093500,20.5,20.5,20.5,20.5,21,0
GTS,5,20210318,094500,20.2,20.2,20.1,20.1,228,0
GTS,5,20210318,095000,20,20,20,20,100,0
GTS,5,20210318,095500,20,20,20,20,7,0
GTS,5,20210318,101000,20.1,20.1,20.1,20.1,62,0
GTS,5,20210318,103000,20.4,20.4,20.4,20.4,297,0
GTS,5,20210318,103500,20.4,20.5,20.4,20.4,793,0
GTS,5,20210318,104500,20.1,20.1,20.1,20.1,100,0
GTS,5,20210318,111000,20.4,20.4,20.4,20.4,51,0
GTS,5,20210318,113000,20.4,20.4,20.4,20.4,60,0
GTS,5,20210318,114000,20.2,20.2,20.2,20.2,100,0
GTS,5,20210318,120000,20.3,20.3,20.3,20.3,126,0
GTS,5,20210318,121000,20.3,20.3,20.2,20.2,250,0
GTS,5,20210318,123000,20.2,20.2,20.2,20.2,60,0
GTS,5,20210318,125000,20.2,20.2,20.2,20.2,80,0
GTS,5,20210318,142000,20.3,20.3,20.3,20.3,100,0
GTS,5,20210318,142500,20.2,20.2,20.2,20.2,366,0
GTS,5,20210318,143000,20.3,20.3,20.3,20.3,100,0
GTS,5,20210318,144500,20.4,20.4,20.4,20.4,500,0
GTS,5,20210318,150000,20.2,20.2,20.2,20.2,300,0
GTS,5,20210318,151500,20.4,20.4,20.4,20.4,117,0
GTS,5,20210318,152500,20.4,20.4,20.4,20.4,10,0
GTS,5,20210318,153500,20.1,20.1,20.1,20.1,40,0
GTS,5,20210318,155500,20.1,20.1,20.1,20.1,40,0
GTS,5,20210318,160000,20.3,20.3,20.3,20.3,335,0
GTS,5,20210318,161500,20.3,20.3,20.3,20.3,25,0
GTS,5,20210318,162500,20.2,20.2,20.2,20.2,100,0
GTS,5,20210318,164500,20.2,20.2,20.2,20.2,220,0
GTS,5,20210319,090000,20.3,20.5,20.2,20.5,928,0
GTS,5,20210319,090500,20.1,20.1,20.1,20.1,150,0
GTS,5,20210319,091000,20.1,20.2,20.1,20.2,84,0
GTS,5,20210319,092500,20.2,20.2,20.2,20.2,46,0
GTS,5,20210319,093000,20.2,20.2,20.2,20.2,100,0
GTS,5,20210319,093500,20.1,20.1,20.1,20.1,123,0
GTS,5,20210319,094000,20.2,20.2,20.1,20.1,175,0
GTS,5,20210319,100000,20.1,20.1,20.1,20.1,500,0
GTS,5,20210319,101000,20.2,20.2,20.1,20.1,47,0
GTS,5,20210319,105000,20.1,20.1,20.1,20.1,120,0
GTS,5,20210319,105500,20.3,20.3,20.3,20.3,76,0
GTS,5,20210319,110500,20.3,20.3,20.1,20.3,85,0
GTS,5,20210319,114500,20.3,20.3,20.3,20.3,145,0
GTS,5,20210319,115500,20.3,20.3,20.3,20.3,157,0
GTS,5,20210319,121500,20.3,20.4,20.3,20.4,100,0
GTS,5,20210319,122000,20.4,20.4,20.4,20.4,145,0
GTS,5,20210319,122500,20.5,20.5,20.5,20.5,69,0
GTS,5,20210319,124500,20.5,20.5,20.5,20.5,238,0
GTS,5,20210319,125000,20.3,20.3,20.2,20.2,631,0
GTS,5,20210319,131500,20.3,20.3,20.3,20.3,382,0
GTS,5,20210319,132000,20.4,20.4,20.4,20.4,100,0
GTS,5,20210319,132500,20.3,20.3,20.3,20.3,77,0
GTS,5,20210319,133500,20.4,20.5,20.4,20.5,128,0
GTS,5,20210319,135000,20.5,20.5,20.5,20.5,440,0
GTS,5,20210319,141500,20.4,20.4,20.4,20.4,170,0
GTS,5,20210319,142000,20.4,20.5,20.4,20.5,799,0
GTS,5,20210319,142500,20.4,20.4,20.2,20.2,436,0
GTS,5,20210319,143000,20.3,20.3,20.3,20.3,5,0
GTS,5,20210319,144500,20.1,20.1,20.1,20.1,400,0
GTS,5,20210319,150000,20.1,20.1,20.1,20.1,120,0
GTS,5,20210319,150500,20.1,20.1,20.1,20.1,83,0
GTS,5,20210319,153500,20.1,20.1,20,20,100,0
GTS,5,20210319,154000,20.1,20.1,20.1,20.1,144,0
GTS,5,20210319,155000,20,20,20,20,150,0
GTS,5,20210319,160000,20.1,20.1,20.1,20.1,300,0
GTS,5,20210319,161000,20.1,20.1,20.1,20.1,48,0
GTS,5,20210319,162000,20.1,20.1,20.1,20.1,600,0
GTS,5,20210319,162500,20.1,20.1,20.1,20.1,700,0
GTS,5,20210319,163000,20.1,20.1,20.1,20.1,283,0
GTS,5,20210319,164000,20.1,20.1,20.1,20.1,200,0
GTS,5,20210319,164500,20.1,20.1,20.1,20.1,516,0
GTS,5,20210322,090000,21,21,20.9,21,4811,0
GTS,5,20210322,090500,21.1,21.1,20.9,20.9,836,0
GTS,5,20210322,091000,20.7,21,20.7,21,832,0
GTS,5,20210322,091500,20.7,21,20.7,21,2238,0
GTS,5,20210322,092000,21,21,20.8,20.9,298,0
GTS,5,20210322,092500,20.8,20.9,20.8,20.9,493,0
GTS,5,20210322,093000,21,21,21,21,483,0
GTS,5,20210322,093500,20.9,21,20.9,21,216,0
GTS,5,20210322,094000,21,21,20.9,20.9,164,0
GTS,5,20210322,094500,20.9,21,20.9,20.9,320,0
GTS,5,20210322,095000,20.9,21,20.9,21,1064,0
GTS,5,20210322,095500,20.8,20.8,20.8,20.8,297,0
GTS,5,20210322,100000,21.1,21.1,21.1,21.1,871,0
GTS,5,20210322,100500,21,21,21,21,50,0
GTS,5,20210322,101000,21.1,21.1,21,21,55,0
GTS,5,20210322,101500,21,21.1,21,21.1,400,0
GTS,5,20210322,102000,21.1,21.1,21.1,21.1,88,0
GTS,5,20210322,102500,20.9,21,20.9,21,119,0
GTS,5,20210322,103000,21,21.1,21,21.1,1086,0
GTS,5,20210322,104500,21,21,21,21,147,0
GTS,5,20210322,105500,21,21,21,21,86,0
GTS,5,20210322,110000,21.1,21.1,21.1,21.1,250,0
GTS,5,20210322,111000,21.1,21.1,21,21.1,270,0
GTS,5,20210322,112000,21.1,21.1,21,21,60,0
GTS,5,20210322,112500,21.1,21.1,21,21,490,0
GTS,5,20210322,113000,21,21,21,21,79,0
GTS,5,20210322,114000,21,21.1,21,21.1,600,0
GTS,5,20210322,115000,21,21,21,21,19,0
GTS,5,20210322,121000,21,21,20.9,20.9,742,0
GTS,5,20210322,121500,20.8,21,20.8,21,29,0
GTS,5,20210322,122000,21,21.1,21,21.1,180,0
GTS,5,20210322,123500,21,21,21,21,522,0
GTS,5,20210322,124000,21.1,21.1,21,21,119,0
GTS,5,20210322,124500,21.1,21.1,21,21,72,0
GTS,5,20210322,125500,20.9,20.9,20.8,20.8,1035,0
GTS,5,20210322,130000,20.8,20.8,20.7,20.7,376,0
GTS,5,20210322,131000,20.9,20.9,20.9,20.9,32,0
GTS,5,20210322,132000,20.8,20.8,20.8,20.8,170,0
GTS,5,20210322,132500,20.8,20.8,20.8,20.8,152,0
GTS,5,20210322,133500,20.8,20.8,20.8,20.8,100,0
GTS,5,20210322,134000,20.9,20.9,20.8,20.8,557,0
GTS,5,20210322,134500,20.8,20.8,20.8,20.8,242,0
GTS,5,20210322,135500,20.8,20.8,20.8,20.8,50,0
GTS,5,20210322,140000,20.8,20.8,20.8,20.8,500,0
GTS,5,20210322,144500,20.8,20.8,20.7,20.7,2058,0
GTS,5,20210322,145000,20.9,20.9,20.7,20.7,78,0
GTS,5,20210322,151500,20.9,20.9,20.9,20.9,33,0
GTS,5,20210322,152000,20.9,20.9,20.9,20.9,50,0
GTS,5,20210322,155500,20.9,20.9,20.9,20.9,85,0
GTS,5,20210322,160000,20.9,20.9,20.9,20.9,50,0
GTS,5,20210322,160500,20.9,20.9,20.9,20.9,200,0
GTS,5,20210322,162500,20.8,20.8,20.8,20.8,100,0
GTS,5,20210322,163000,20.8,20.8,20.8,20.8,533,0
GTS,5,20210322,163500,20.8,20.9,20.8,20.9,500,0
GTS,5,20210322,164500,20.9,21,20.8,21,916,0
GTS,5,20210323,090000,21.3,21.5,21,21,7765,0
GTS,5,20210323,090500,21.3,21.4,20.6,20.6,2027,0
GTS,5,20210323,091000,20.9,21,20.9,21,1357,0
GTS,5,20210323,091500,20.7,20.9,20.7,20.9,335,0
GTS,5,20210323,092000,21,21,21,21,65,0
GTS,5,20210323,092500,21,21,21,21,185,0
GTS,5,20210323,093000,21,21,20.9,20.9,100,0
GTS,5,20210323,093500,21,21.1,21,21.1,72,0
GTS,5,20210323,094000,21.2,21.2,21.2,21.2,100,0
GTS,5,20210323,094500,21.2,21.3,21.2,21.3,492,0
GTS,5,20210323,095000,21.1,21.3,21.1,21.3,550,0
GTS,5,20210323,095500,21,21,21,21,178,0
GTS,5,20210323,100500,21.2,21.2,21,21.1,250,0
GTS,5,20210323,101000,21.1,21.1,21.1,21.1,76,0
GTS,5,20210323,101500,21.1,21.1,21.1,21.1,143,0
GTS,5,20210323,102000,21.1,21.1,21,21,514,0
GTS,5,20210323,102500,21,21,21,21,1116,0
GTS,5,20210323,104000,20.9,21,20.9,20.9,529,0
GTS,5,20210323,104500,20.8,20.8,20.8,20.8,741,0
GTS,5,20210323,105000,20.8,20.8,20.7,20.8,187,0
GTS,5,20210323,110500,20.7,20.7,20.7,20.7,100,0
GTS,5,20210323,112000,20.8,20.8,20.8,20.8,363,0
GTS,5,20210323,112500,20.8,20.8,20.8,20.8,97,0
GTS,5,20210323,113500,20.7,20.7,20.7,20.7,200,0
GTS,5,20210323,114000,20.7,20.7,20.7,20.7,500,0
GTS,5,20210323,115500,20.7,20.7,20.7,20.7,76,0
GTS,5,20210323,120500,20.9,20.9,20.9,20.9,321,0
GTS,5,20210323,121000,20.9,21,20.9,21,162,0
GTS,5,20210323,121500,20.9,20.9,20.9,20.9,67,0
GTS,5,20210323,122500,20.9,21,20.9,21,150,0
GTS,5,20210323,124500,20.9,20.9,20.9,20.9,300,0
GTS,5,20210323,125500,20.9,20.9,20.7,20.7,290,0
GTS,5,20210323,131000,20.7,20.7,20.7,20.7,975,0
GTS,5,20210323,134500,20.8,20.8,20.8,20.8,80,0
GTS,5,20210323,140000,20.7,20.7,20.7,20.7,765,0
GTS,5,20210323,140500,20.6,20.7,20.6,20.7,268,0
GTS,5,20210323,142500,20.7,20.7,20.6,20.6,374,0
GTS,5,20210323,143000,20.8,20.9,20.8,20.9,120,0
GTS,5,20210323,144000,20.8,20.8,20.8,20.8,250,0
GTS,5,20210323,144500,20.7,20.7,20.7,20.7,50,0
GTS,5,20210323,145000,20.6,20.6,20.6,20.6,100,0
GTS,5,20210323,145500,20.6,20.6,20.6,20.6,168,0
GTS,5,20210323,150500,20.7,20.7,20.7,20.7,100,0
GTS,5,20210323,151000,20.7,20.7,20.7,20.7,77,0
GTS,5,20210323,151500,20.6,20.6,20.6,20.6,200,0
GTS,5,20210323,155000,20.7,20.7,20.7,20.7,14,0
GTS,5,20210323,155500,20.7,20.7,20.7,20.7,216,0
GTS,5,20210323,161500,20.8,20.8,20.7,20.7,340,0
GTS,5,20210323,162500,20.7,20.7,20.7,20.7,50,0
GTS,5,20210323,163500,20.9,20.9,20.9,20.9,240,0
GTS,5,20210323,164500,20.9,21,20.9,20.9,431,0
GTS,5,20210323,165500,20.8,20.8,20.8,20.8,200,0
GTS,5,20210324,090000,20.7,20.7,20.7,20.7,200,0
GTS,5,20210324,090500,20.7,20.7,20.7,20.7,50,0
GTS,5,20210324,091500,20.7,20.8,20.7,20.8,175,0
GTS,5,20210324,092500,20.7,20.7,20.3,20.3,1042,0
GTS,5,20210324,094500,20.4,20.4,20.4,20.4,100,0
GTS,5,20210324,100000,20.7,20.7,20.7,20.7,50,0
GTS,5,20210324,103000,20.6,20.6,20.6,20.6,175,0
GTS,5,20210324,103500,20.6,20.6,20.6,20.6,80,0
GTS,5,20210324,104000,20.6,20.6,20.4,20.4,415,0
GTS,5,20210324,104500,20.5,20.5,20.5,20.5,1104,0
GTS,5,20210324,110500,20.5,20.5,20.5,20.5,109,0
GTS,5,20210324,111000,20.5,20.6,20.5,20.6,500,0
GTS,5,20210324,111500,20.4,20.4,20.4,20.4,350,0
GTS,5,20210324,112000,20.3,20.3,20.3,20.3,320,0
GTS,5,20210324,112500,20.5,20.5,20.5,20.5,687,0
GTS,5,20210324,113000,20.5,20.5,20.5,20.5,520,0
GTS,5,20210324,121000,20.5,20.5,20.4,20.4,150,0
GTS,5,20210324,121500,20.4,20.6,20.4,20.6,310,0
GTS,5,20210324,125000,20.6,20.6,20.6,20.6,70,0
GTS,5,20210324,131000,20.6,20.6,20.6,20.6,100,0
GTS,5,20210324,135500,20.4,20.4,20.4,20.4,231,0
GTS,5,20210324,140500,20.4,20.4,20.4,20.4,25,0
GTS,5,20210324,142000,20.4,20.4,20.2,20.2,1140,0
GTS,5,20210324,143000,20.2,20.2,20.2,20.2,250,0
GTS,5,20210324,144500,20.2,20.2,20.2,20.2,85,0
GTS,5,20210324,145000,20.2,20.2,20.2,20.2,76,0
GTS,5,20210324,145500,20.2,20.2,20.2,20.2,290,0
GTS,5,20210324,150000,20.2,20.2,20.1,20.1,731,0
GTS,5,20210324,151000,20.2,20.4,20.2,20.4,928,0
GTS,5,20210324,151500,20.2,20.2,20.1,20.1,40,0
GTS,5,20210324,152000,20.5,20.5,20.5,20.5,300,0
GTS,5,20210324,152500,20.2,20.2,20,20.2,1079,0
GTS,5,20210324,153000,20.6,20.6,20.6,20.6,30,0
GTS,5,20210324,161000,20.3,20.3,20.3,20.3,165,0
GTS,5,20210324,161500,20.2,20.2,20.2,20.2,200,0
GTS,5,20210324,163500,20.3,20.3,20.3,20.3,70,0
GTS,5,20210324,164000,20.2,20.2,20.2,20.2,71,0
GTS,5,20210324,165500,20.3,20.3,20.3,20.3,125,0
GTS,5,20210325,090000,20.5,20.5,20.2,20.2,355,0
GTS,5,20210325,091000,20.2,20.2,20.2,20.2,200,0
GTS,5,20210325,093000,20.2,20.2,20.1,20.1,230,0
GTS,5,20210325,094000,20.3,20.3,20.3,20.3,60,0
GTS,5,20210325,094500,20.3,20.3,20.3,20.3,200,0
GTS,5,20210325,095000,20.1,20.1,20,20,521,0
GTS,5,20210325,095500,20,20,20,20,77,0
GTS,5,20210325,100000,20,20,20,20,79,0
GTS,5,20210325,100500,20,20,20,20,535,0
GTS,5,20210325,102000,19.9,19.9,19.5,19.5,2697,0
GTS,5,20210325,102500,19.5,19.5,19.4,19.4,2227,0
GTS,5,20210325,103000,19.5,19.6,19.5,19.6,181,0
GTS,5,20210325,103500,19.9,19.9,19.9,19.9,28,0
GTS,5,20210325,105000,19.85,19.85,19.8,19.8,106,0
GTS,5,20210325,105500,19.8,19.8,19.8,19.8,60,0
GTS,5,20210325,110000,19.8,20,19.7,20,2923,0
GTS,5,20210325,110500,19.7,19.7,19.7,19.7,105,0
GTS,5,20210325,111000,19.8,19.8,19.8,19.8,116,0
GTS,5,20210325,111500,19.9,19.9,19.8,19.8,376,0
GTS,5,20210325,112500,19.8,19.8,19.8,19.8,250,0
GTS,5,20210325,113000,19.8,19.8,19.8,19.8,51,0
GTS,5,20210325,113500,19.8,19.8,19.8,19.8,499,0
GTS,5,20210325,114000,20,20,20,20,100,0
GTS,5,20210325,114500,20.3,20.3,20.3,20.3,88,0
GTS,5,20210325,115500,19.8,19.8,19.8,19.8,80,0
GTS,5,20210325,123500,20.2,20.2,20.2,20.2,10,0
GTS,5,20210325,125000,20.2,20.2,19.95,19.95,500,0
GTS,5,20210325,130000,19.95,19.95,19.95,19.95,1712,0
GTS,5,20210325,133500,20,20,19.95,19.95,150,0
GTS,5,20210325,135500,19.95,19.95,19.95,19.95,374,0
GTS,5,20210325,141000,19.95,19.95,19.95,19.95,125,0
GTS,5,20210325,143500,20,20,20,20,24,0
GTS,5,20210325,150000,19.95,19.95,19.95,19.95,65,0
GTS,5,20210325,155000,19.95,19.95,19.95,19.95,200,0
GTS,5,20210325,160000,20,20,20,20,100,0
GTS,5,20210325,160500,19.95,19.95,19.95,19.95,683,0
GTS,5,20210325,163000,19.95,19.95,19.95,19.95,640,0
GTS,5,20210325,163500,19.95,19.95,19.95,19.95,999,0
GTS,5,20210325,164500,19.9,19.9,19.9,19.9,125,0
GTS,5,20210326,090000,20,20,19.85,19.85,92,0
GTS,5,20210326,093500,20,20,20,20,9,0
GTS,5,20210326,094000,19.9,19.9,19.9,19.9,100,0
GTS,5,20210326,094500,19.95,19.95,19.95,19.95,50,0
GTS,5,20210326,095000,20,20,20,20,2,0
GTS,5,20210326,100000,19.95,19.95,19.95,19.95,100,0
GTS,5,20210326,101500,19.9,19.9,19.6,19.6,1662,0
GTS,5,20210326,102000,19.7,19.7,19.7,19.7,50,0
GTS,5,20210326,104000,19.9,19.9,19.9,19.9,71,0
GTS,5,20210326,105000,19.9,19.9,19.9,19.9,79,0
GTS,5,20210326,110000,19.7,19.7,19.7,19.7,80,0
GTS,5,20210326,111000,19.65,19.65,19.65,19.65,341,0
GTS,5,20210326,111500,19.8,19.95,19.8,19.95,200,0
GTS,5,20210326,113000,19.9,19.9,19.9,19.9,100,0
GTS,5,20210326,114500,19.7,19.7,19.7,19.7,131,0
GTS,5,20210326,115000,19.65,19.65,19.65,19.65,419,0
GTS,5,20210326,122000,19.65,19.65,19.65,19.65,14,0
GTS,5,20210326,123000,19.65,19.8,19.65,19.8,280,0
GTS,5,20210326,124500,19.7,19.7,19.7,19.7,85,0
GTS,5,20210326,125500,19.65,19.65,19.65,19.65,34,0
GTS,5,20210326,130500,19.6,19.6,19.6,19.6,601,0
GTS,5,20210326,133500,19.6,19.6,19.6,19.6,100,0
GTS,5,20210326,135000,19.6,19.6,19.6,19.6,200,0
GTS,5,20210326,141000,19.8,19.8,19.8,19.8,90,0
GTS,5,20210326,141500,19.8,19.8,19.8,19.8,100,0
GTS,5,20210326,143000,19.8,19.9,19.55,19.9,464,0
GTS,5,20210326,152500,19.85,19.9,19.85,19.9,276,0
GTS,5,20210326,153000,19.9,19.9,19.9,19.9,143,0
GTS,5,20210326,155000,19.95,19.95,19.95,19.95,150,0
GTS,5,20210326,155500,19.9,19.95,19.5,19.95,1812,0
GTS,5,20210326,160000,19.95,19.95,19.95,19.95,100,0
GTS,5,20210326,164000,19.9,19.9,19.9,19.9,27,0
GTS,5,20210326,164500,19.95,19.95,19.95,19.95,44,0
