<TICKER>,<PER>,<DATE>,<TIME>,<OPEN>,<HIGH>,<LOW>,<CLOSE>,<VOL>,<OPENINT>
HPS,5,20210204,103000,0.38,0.38,0.38,0.38,30,0
HPS,5,20210204,162000,0.38,0.38,0.38,0.38,1000,0
HPS,5,20210208,090000,0.38,0.38,0.38,0.38,2000,0
HPS,5,20210208,095000,0.39,0.39,0.39,0.39,300,0
HPS,5,20210209,103500,0.41,0.418,0.41,0.418,500,0
HPS,5,20210209,125000,0.418,0.418,0.418,0.418,3269,0
HPS,5,20210210,093000,0.364,0.364,0.364,0.364,8700,0
HPS,5,20210210,093500,0.362,0.362,0.356,0.356,18221,0
HPS,5,20210210,111000,0.358,0.358,0.356,0.356,8600,0
HPS,5,20210210,164500,0.356,0.356,0.356,0.356,4159,0
HPS,5,20210211,090000,0.38,0.38,0.38,0.38,550,0
HPS,5,20210211,142000,0.36,0.36,0.36,0.36,200,0
HPS,5,20210211,143500,0.358,0.358,0.358,0.358,2050,0
HPS,5,20210211,145000,0.358,0.358,0.358,0.358,3750,0
HPS,5,20210212,144500,0.354,0.354,0.354,0.354,605,0
HPS,5,20210212,150000,0.352,0.352,0.352,0.352,100,0
HPS,5,20210212,150500,0.35,0.35,0.35,0.35,2184,0
HPS,5,20210212,151000,0.34,0.34,0.34,0.34,380,0
HPS,5,20210215,090500,0.34,0.34,0.34,0.34,1500,0
HPS,5,20210215,130000,0.372,0.372,0.372,0.372,45,0
HPS,5,20210215,130500,0.372,0.376,0.372,0.376,655,0
HPS,5,20210215,134500,0.35,0.35,0.35,0.35,100,0
HPS,5,20210215,155500,0.35,0.35,0.35,0.35,450,0
HPS,5,20210215,164500,0.376,0.376,0.376,0.376,45,0
HPS,5,20210216,095500,0.376,0.376,0.376,0.376,20,0
HPS,5,20210216,122000,0.374,0.374,0.374,0.374,200,0
HPS,5,20210216,155500,0.376,0.376,0.376,0.376,100,0
HPS,5,20210217,104000,0.37,0.37,0.37,0.37,100,0
HPS,5,20210217,114000,0.37,0.37,0.37,0.37,25,0
HPS,5,20210217,151000,0.35,0.35,0.35,0.35,100,0
HPS,5,20210217,152000,0.35,0.35,0.35,0.35,5000,0
HPS,5,20210217,164000,0.342,0.342,0.34,0.34,5299,0
HPS,5,20210218,090000,0.348,0.348,0.348,0.348,5724,0
HPS,5,20210218,095500,0.348,0.348,0.348,0.348,3347,0
HPS,5,20210218,102500,0.35,0.35,0.35,0.35,200,0
HPS,5,20210219,090000,0.35,0.35,0.35,0.35,857,0
HPS,5,20210219,101000,0.35,0.35,0.35,0.35,2850,0
HPS,5,20210222,102500,0.35,0.35,0.35,0.35,30,0
HPS,5,20210222,142000,0.342,0.342,0.34,0.34,2980,0
HPS,5,20210222,142500,0.34,0.34,0.34,0.34,2983,0
HPS,5,20210222,153500,0.36,0.37,0.36,0.37,417,0
HPS,5,20210224,102500,0.37,0.37,0.37,0.37,50,0
HPS,5,20210225,095500,0.37,0.37,0.37,0.37,405,0
HPS,5,20210225,115000,0.35,0.35,0.35,0.35,100,0
HPS,5,20210225,130000,0.35,0.35,0.35,0.35,250,0
HPS,5,20210301,100000,0.368,0.368,0.368,0.368,100,0
HPS,5,20210301,103000,0.368,0.368,0.368,0.368,50,0
HPS,5,20210301,130000,0.36,0.36,0.36,0.36,2200,0
HPS,5,20210302,115500,0.36,0.36,0.36,0.36,80,0
HPS,5,20210303,095500,0.36,0.36,0.36,0.36,50,0
HPS,5,20210304,101500,0.36,0.372,0.36,0.372,2776,0
HPS,5,20210304,142000,0.35,0.35,0.35,0.35,47,0
HPS,5,20210304,153000,0.37,0.37,0.37,0.37,1370,0
HPS,5,20210305,104500,0.37,0.37,0.37,0.37,50,0
HPS,5,20210308,100500,0.38,0.396,0.38,0.396,15909,0
HPS,5,20210308,101000,0.396,0.396,0.396,0.396,4091,0
HPS,5,20210308,104500,0.396,0.4,0.396,0.4,4374,0
HPS,5,20210308,105500,0.398,0.4,0.398,0.4,5100,0
HPS,5,20210308,110500,0.4,0.4,0.388,0.388,6809,0
HPS,5,20210308,113500,0.4,0.4,0.4,0.4,4762,0
HPS,5,20210308,114000,0.4,0.4,0.386,0.386,3905,0
HPS,5,20210308,134500,0.386,0.386,0.38,0.38,1100,0
HPS,5,20210309,111000,0.39,0.39,0.39,0.39,300,0
HPS,5,20210309,152000,0.39,0.39,0.39,0.39,465,0
HPS,5,20210310,100500,0.396,0.396,0.396,0.396,50,0
HPS,5,20210310,102500,0.39,0.39,0.39,0.39,100,0
HPS,5,20210310,103000,0.388,0.41,0.388,0.41,7415,0
HPS,5,20210311,113500,0.4,0.4,0.4,0.4,100,0
HPS,5,20210311,140500,0.4,0.4,0.4,0.4,2585,0
HPS,5,20210312,105500,0.41,0.41,0.41,0.41,500,0
HPS,5,20210315,090000,0.41,0.41,0.41,0.41,2679,0
HPS,5,20210315,104000,0.424,0.426,0.424,0.426,5000,0
HPS,5,20210315,124000,0.412,0.412,0.41,0.41,1684,0
HPS,5,20210315,131000,0.41,0.41,0.41,0.41,2200,0
HPS,5,20210316,091500,0.41,0.41,0.41,0.41,1000,0
HPS,5,20210316,103000,0.41,0.41,0.41,0.41,200,0
HPS,5,20210317,165500,0.424,0.424,0.424,0.424,250,0
HPS,5,20210318,100000,0.424,0.424,0.424,0.424,30,0
HPS,5,20210318,133500,0.424,0.426,0.424,0.426,4000,0
HPS,5,20210319,101500,0.426,0.426,0.426,0.426,25,0
HPS,5,20210322,100000,0.426,0.426,0.426,0.426,20,0
HPS,5,20210323,100000,0.426,0.426,0.426,0.426,50,0
HPS,5,20210324,100000,0.426,0.426,0.426,0.426,30,0
HPS,5,20210324,130000,0.41,0.41,0.41,0.41,100,0
HPS,5,20210325,101000,0.41,0.41,0.41,0.41,30,0
HPS,5,20210326,103000,0.41,0.41,0.41,0.41,30,0
HPS,5,20210326,144000,0.41,0.41,0.41,0.41,1304,0
