<TICKER>,<PER>,<DATE>,<TIME>,<OPEN>,<HIGH>,<LOW>,<CLOSE>,<VOL>,<OPENINT>
HRC,5,20210204,100500,2.44,2.44,2.44,2.44,290,0
HRC,5,20210204,104500,2.42,2.42,2.36,2.36,1000,0
HRC,5,20210204,105000,2.36,2.36,2.36,2.36,847,0
HRC,5,20210204,105500,2.34,2.4,2.32,2.4,1578,0
HRC,5,20210204,140000,2.4,2.4,2.4,2.4,200,0
HRC,5,20210204,151500,2.36,2.36,2.36,2.36,856,0
HRC,5,20210204,152000,2.36,2.36,2.36,2.36,426,0
HRC,5,20210204,155500,2.36,2.36,2.36,2.36,15,0
HRC,5,20210204,160500,2.36,2.36,2.36,2.36,550,0
HRC,5,20210204,163500,2.36,2.36,2.36,2.36,435,0
HRC,5,20210205,091500,2.4,2.4,2.4,2.4,426,0
HRC,5,20210205,094500,2.36,2.36,2.3,2.3,500,0
HRC,5,20210205,102000,2.3,2.3,2.3,2.3,800,0
HRC,5,20210205,111500,2.4,2.4,2.4,2.4,200,0
HRC,5,20210205,112500,2.4,2.64,2.4,2.64,4710,0
HRC,5,20210205,113000,2.6,2.6,2.6,2.6,747,0
HRC,5,20210205,113500,2.6,2.6,2.6,2.6,3,0
HRC,5,20210205,114500,2.58,2.58,2.58,2.58,300,0
HRC,5,20210205,124000,2.54,2.54,2.54,2.54,277,0
HRC,5,20210205,131000,2.5,2.5,2.5,2.5,1350,0
HRC,5,20210205,132000,2.56,2.56,2.56,2.56,26,0
HRC,5,20210205,142500,2.4,2.4,2.38,2.4,1816,0
HRC,5,20210205,150500,2.5,2.5,2.5,2.5,241,0
HRC,5,20210205,151000,2.5,2.5,2.5,2.5,59,0
HRC,5,20210205,162500,2.38,2.38,2.38,2.38,534,0
HRC,5,20210208,095500,2.5,2.5,2.5,2.5,2640,0
HRC,5,20210208,112500,2.42,2.42,2.42,2.42,100,0
HRC,5,20210208,115500,2.5,2.5,2.5,2.5,268,0
HRC,5,20210208,125500,2.56,2.56,2.56,2.56,20,0
HRC,5,20210208,135500,2.42,2.42,2.42,2.42,237,0
HRC,5,20210208,143500,2.42,2.42,2.42,2.42,66,0
HRC,5,20210208,153000,2.5,2.5,2.5,2.5,20,0
HRC,5,20210208,163000,2.5,2.5,2.5,2.5,97,0
HRC,5,20210208,164000,2.4,2.4,2.4,2.4,1000,0
HRC,5,20210209,090500,2.38,2.38,2.38,2.38,350,0
HRC,5,20210209,091000,2.38,2.38,2.38,2.38,1380,0
HRC,5,20210209,092000,2.34,2.34,2.34,2.34,430,0
HRC,5,20210209,092500,2.34,2.34,2.34,2.34,449,0
HRC,5,20210209,094000,2.3,2.5,2.3,2.5,1147,0
HRC,5,20210209,101000,2.48,2.48,2.48,2.48,780,0
HRC,5,20210209,104000,2.5,2.5,2.5,2.5,1,0
HRC,5,20210209,113000,2.38,2.38,2.38,2.38,40,0
HRC,5,20210209,162000,2.46,2.46,2.46,2.46,200,0
HRC,5,20210210,131000,2.4,2.4,2.4,2.4,450,0
HRC,5,20210210,142000,2.46,2.46,2.46,2.46,6,0
HRC,5,20210210,153000,2.34,2.34,2.34,2.34,35,0
HRC,5,20210211,111500,2.34,2.34,2,2.3,13100,0
HRC,5,20210211,112000,2.3,2.48,2.3,2.48,58,0
HRC,5,20210211,120500,2.3,2.3,2.3,2.3,500,0
HRC,5,20210211,123000,2.44,2.48,2.44,2.48,1454,0
HRC,5,20210211,153500,2.36,2.36,2.36,2.36,100,0
HRC,5,20210211,154500,2.46,2.46,2.46,2.46,600,0
HRC,5,20210211,155000,2.46,2.46,2.46,2.46,600,0
HRC,5,20210211,163500,2.48,2.48,2.48,2.48,1991,0
HRC,5,20210211,164500,2.5,2.5,2.5,2.5,470,0
HRC,5,20210212,090000,2.46,2.46,2.46,2.46,101,0
HRC,5,20210212,092500,2.46,2.46,2.46,2.46,200,0
HRC,5,20210212,093000,2.46,2.46,2.46,2.46,100,0
HRC,5,20210212,124500,2.46,2.46,2.46,2.46,599,0
HRC,5,20210212,125000,2.5,2.58,2.5,2.58,120,0
HRC,5,20210212,134000,2.56,2.56,2.56,2.56,1027,0
HRC,5,20210212,151000,2.58,2.58,2.58,2.58,32,0
HRC,5,20210212,155500,2.46,2.46,2.46,2.46,3466,0
HRC,5,20210215,090000,2.56,2.56,2.56,2.56,6,0
HRC,5,20210215,093500,2.52,2.52,2.52,2.52,1,0
HRC,5,20210215,095500,2.38,2.38,2.38,2.38,210,0
HRC,5,20210215,100500,2.4,2.44,2.4,2.44,300,0
HRC,5,20210215,102000,2.44,2.52,2.44,2.52,658,0
HRC,5,20210215,110500,2.44,2.44,2.44,2.44,100,0
HRC,5,20210215,111000,2.44,2.44,2.44,2.44,161,0
HRC,5,20210215,113000,2.34,2.5,2.34,2.5,449,0
HRC,5,20210215,115500,2.38,2.38,2.38,2.38,1,0
HRC,5,20210215,123500,2.5,2.5,2.5,2.5,1,0
HRC,5,20210215,140500,2.44,2.44,2.44,2.44,1012,0
HRC,5,20210215,142000,2.44,2.44,2.28,2.28,2506,0
HRC,5,20210215,144000,2.34,2.34,2.34,2.34,300,0
HRC,5,20210215,145500,2.44,2.44,2.44,2.44,55,0
HRC,5,20210215,161500,2.34,2.34,2.34,2.34,55,0
HRC,5,20210216,091500,2.46,2.46,2.46,2.46,1000,0
HRC,5,20210216,092500,2.34,2.34,2.18,2.18,3358,0
HRC,5,20210216,093500,2.2,2.2,2.2,2.2,2143,0
HRC,5,20210216,094000,2.2,2.2,2.2,2.2,6223,0
HRC,5,20210216,104000,2.22,2.22,2.2,2.2,6000,0
HRC,5,20210216,131000,2.24,2.34,2.24,2.34,719,0
HRC,5,20210216,141500,2.32,2.32,2.32,2.32,294,0
HRC,5,20210216,142500,2.34,2.34,2.34,2.34,106,0
HRC,5,20210216,155000,2.24,2.24,2.24,2.24,780,0
HRC,5,20210216,155500,2.26,2.26,2.26,2.26,447,0
HRC,5,20210216,161000,2.26,2.26,2.26,2.26,1033,0
HRC,5,20210216,161500,2.34,2.34,2.34,2.34,1481,0
HRC,5,20210216,162000,2.26,2.26,2.26,2.26,83,0
HRC,5,20210216,163000,2.34,2.4,2.34,2.4,888,0
HRC,5,20210217,095000,2.34,2.34,2.2,2.2,5000,0
HRC,5,20210217,095500,2.34,2.34,2.34,2.34,606,0
HRC,5,20210217,101000,2.22,2.22,2.22,2.22,2540,0
HRC,5,20210217,101500,2.22,2.28,2.2,2.28,2202,0
HRC,5,20210217,102000,2.28,2.28,2.28,2.28,244,0
HRC,5,20210217,103500,2.28,2.28,2.28,2.28,43,0
HRC,5,20210217,104000,2.28,2.28,2.28,2.28,234,0
HRC,5,20210217,105000,2.28,2.28,2.28,2.28,200,0
HRC,5,20210217,111000,2.28,2.28,2.28,2.28,1000,0
HRC,5,20210217,123500,2.28,2.28,2.28,2.28,523,0
HRC,5,20210217,130500,2.24,2.24,2.24,2.24,109,0
HRC,5,20210217,131000,2.28,2.28,2.28,2.28,500,0
HRC,5,20210217,132500,2.28,2.28,2.28,2.28,100,0
HRC,5,20210217,134500,2.28,2.28,2.28,2.28,11,0
HRC,5,20210217,135500,2.28,2.28,2.28,2.28,25,0
HRC,5,20210217,141500,2.24,2.24,2.24,2.24,200,0
HRC,5,20210217,142500,2.28,2.28,2.28,2.28,60,0
HRC,5,20210217,145500,2.28,2.28,2.28,2.28,691,0
HRC,5,20210217,153000,2.28,2.28,2.28,2.28,1000,0
HRC,5,20210217,162000,2.28,2.28,2.28,2.28,309,0
HRC,5,20210217,162500,2.28,2.28,2.28,2.28,536,0
HRC,5,20210217,164500,2.26,2.26,2.26,2.26,300,0
HRC,5,20210218,090000,2.32,2.32,2.32,2.32,150,0
HRC,5,20210218,090500,2.22,2.32,2.22,2.32,861,0
HRC,5,20210218,100000,2.32,2.36,2.32,2.36,1239,0
HRC,5,20210218,111000,2.36,2.36,2.32,2.32,320,0
HRC,5,20210218,113000,2.32,2.34,2.32,2.34,1000,0
HRC,5,20210218,123000,2.32,2.32,2.32,2.32,473,0
HRC,5,20210218,150000,2.32,2.32,2.32,2.32,100,0
HRC,5,20210218,150500,2.24,2.24,2.24,2.24,200,0
HRC,5,20210218,153000,2.22,2.22,2.22,2.22,150,0
HRC,5,20210219,092000,2.22,2.22,2.22,2.22,100,0
HRC,5,20210219,092500,2.36,2.36,2.36,2.36,424,0
HRC,5,20210219,100500,2.3,2.3,2.3,2.3,200,0
HRC,5,20210219,101000,2.28,2.28,2.28,2.28,242,0
HRC,5,20210219,105500,2.28,2.28,2.28,2.28,84,0
HRC,5,20210219,111000,2.36,2.36,2.36,2.36,200,0
HRC,5,20210219,111500,2.36,2.36,2.36,2.36,200,0
HRC,5,20210219,151000,2.28,2.28,2.26,2.26,574,0
HRC,5,20210219,161500,2.26,2.26,2.26,2.26,259,0
HRC,5,20210222,090000,2.3,2.3,2.3,2.3,650,0
HRC,5,20210222,094000,2.3,2.3,2.3,2.3,138,0
HRC,5,20210222,103500,2.3,2.3,2.3,2.3,1380,0
HRC,5,20210222,110000,2.22,2.22,2.12,2.12,7540,0
HRC,5,20210222,112000,2.16,2.24,2.12,2.24,1455,0
HRC,5,20210222,113000,2.24,2.24,2.24,2.24,545,0
HRC,5,20210223,092000,2.28,2.28,2.28,2.28,200,0
HRC,5,20210223,095000,2.2,2.2,2.2,2.2,1000,0
HRC,5,20210223,101500,2.18,2.18,2.18,2.18,80,0
HRC,5,20210223,102000,2.18,2.18,2.18,2.18,700,0
HRC,5,20210223,110500,2.2,2.2,2.2,2.2,402,0
HRC,5,20210223,130500,2.18,2.18,2.18,2.18,1000,0
HRC,5,20210223,133500,2.18,2.18,2.18,2.18,230,0
HRC,5,20210223,140000,2.18,2.18,2.18,2.18,154,0
HRC,5,20210223,161000,2.18,2.18,2.18,2.18,938,0
HRC,5,20210224,110500,2.16,2.16,2.16,2.16,985,0
HRC,5,20210224,132000,2.16,2.16,2.16,2.16,1730,0
HRC,5,20210225,091500,2.16,2.16,2.16,2.16,840,0
HRC,5,20210225,093000,2.16,2.16,2.16,2.16,610,0
HRC,5,20210225,094500,2.16,2.16,2.16,2.16,370,0
HRC,5,20210225,095500,2.16,2.16,2.16,2.16,670,0
HRC,5,20210225,154500,2.12,2.12,2.12,2.12,4062,0
HRC,5,20210225,163000,2.22,2.22,2.22,2.22,1,0
HRC,5,20210226,090000,2.2,2.2,2.2,2.2,440,0
HRC,5,20210226,093000,2.12,2.12,2.12,2.12,288,0
HRC,5,20210226,100500,2.12,2.12,2.12,2.12,1200,0
HRC,5,20210226,113000,2.12,2.12,2.12,2.12,100,0
HRC,5,20210226,124500,2.12,2.12,2.12,2.12,100,0
HRC,5,20210226,135500,2.12,2.12,2.12,2.12,100,0
HRC,5,20210226,150000,2.12,2.12,2.12,2.12,500,0
HRC,5,20210226,162000,2.12,2.12,2.12,2.12,900,0
HRC,5,20210301,091500,2.1,2.1,2.1,2.1,100,0
HRC,5,20210301,092000,2.08,2.08,2,2.02,3861,0
HRC,5,20210301,093000,2.02,2.1,2.02,2.02,1007,0
HRC,5,20210301,093500,2.1,2.1,2.1,2.1,100,0
HRC,5,20210301,094000,2.02,2.02,2.02,2.02,1100,0
HRC,5,20210301,094500,2.1,2.12,2.1,2.12,836,0
HRC,5,20210301,103000,2.08,2.08,2.08,2.08,984,0
HRC,5,20210301,112000,2.1,2.1,2.1,2.1,600,0
HRC,5,20210301,123000,2.08,2.08,2.08,2.08,481,0
HRC,5,20210301,151500,2.02,2.02,2.02,2.02,2980,0
HRC,5,20210301,153000,2.02,2.02,2,2,3750,0
HRC,5,20210301,161000,2,2,2,2,2000,0
HRC,5,20210301,163500,2.06,2.08,2.06,2.08,650,0
HRC,5,20210301,164000,2.08,2.08,2.08,2.08,50,0
HRC,5,20210302,090500,2.02,2.02,1.98,1.98,3525,0
HRC,5,20210302,093000,2,2,2,2,200,0
HRC,5,20210302,093500,2.02,2.08,2.02,2.08,4823,0
HRC,5,20210302,100000,2.08,2.08,2.08,2.08,300,0
HRC,5,20210302,114500,2.1,2.12,2.1,2.12,862,0
HRC,5,20210302,121500,2.08,2.12,2.08,2.12,2380,0
HRC,5,20210303,092500,2.1,2.1,2.1,2.1,121,0
HRC,5,20210303,094000,2.1,2.1,2.06,2.06,1500,0
HRC,5,20210303,095500,2.1,2.1,2.1,2.1,81,0
HRC,5,20210303,103000,2.1,2.1,2.1,2.1,181,0
HRC,5,20210303,125000,2.06,2.06,2.06,2.06,100,0
HRC,5,20210303,143000,2.06,2.06,2.06,2.06,15,0
HRC,5,20210303,163500,2.06,2.06,2.06,2.06,895,0
HRC,5,20210303,164500,2.1,2.1,2.1,2.1,60,0
HRC,5,20210304,094000,2.06,2.06,2.06,2.06,253,0
HRC,5,20210304,095500,2.02,2.02,2.02,2.02,529,0
HRC,5,20210304,101000,2.12,2.12,2.12,2.12,210,0
HRC,5,20210304,101500,2.02,2.02,2.02,2.02,181,0
HRC,5,20210304,110000,2.02,2.02,2.02,2.02,405,0
HRC,5,20210304,110500,2.08,2.08,2.08,2.08,238,0
HRC,5,20210304,115000,2.02,2.02,2,2,2395,0
HRC,5,20210304,130500,2,2,2,2,500,0
HRC,5,20210304,132500,2.04,2.04,2.04,2.04,491,0
HRC,5,20210304,141500,2,2,2,2,1454,0
HRC,5,20210304,151500,2.06,2.06,2.06,2.06,500,0
HRC,5,20210304,161500,2,2,2,2,10,0
HRC,5,20210305,120000,2.06,2.06,2.06,2.06,200,0
HRC,5,20210305,145000,2.06,2.12,2.06,2.12,640,0
HRC,5,20210305,153000,2.12,2.12,2.12,2.12,2500,0
HRC,5,20210305,160000,2.12,2.12,2.12,2.12,800,0
HRC,5,20210305,160500,2.12,2.12,2.12,2.12,250,0
HRC,5,20210308,090000,2.14,2.14,2.14,2.14,300,0
HRC,5,20210308,093500,2.14,2.14,2.14,2.14,400,0
HRC,5,20210308,100000,2.12,2.12,2.12,2.12,646,0
HRC,5,20210308,101000,2.1,2.1,2.1,2.1,1,0
HRC,5,20210308,103000,2.1,2.1,2.1,2.1,488,0
HRC,5,20210308,104500,2.06,2.06,2,2,4000,0
HRC,5,20210308,111500,2.12,2.2,2.12,2.2,10400,0
HRC,5,20210308,123500,2.2,2.2,2.2,2.2,513,0
HRC,5,20210308,125500,2.24,2.5,2.24,2.5,6509,0
HRC,5,20210308,130000,2.54,2.56,2.52,2.56,4361,0
HRC,5,20210308,130500,2.54,2.54,2.54,2.54,106,0
HRC,5,20210308,131500,2.5,2.5,2.5,2.5,1000,0
HRC,5,20210308,134500,2.46,2.46,2.46,2.46,40,0
HRC,5,20210308,154000,2.46,2.46,2.46,2.46,200,0
HRC,5,20210308,160000,2.44,2.44,2.44,2.44,165,0
HRC,5,20210308,161500,2.3,2.3,2.3,2.3,1000,0
HRC,5,20210308,162500,2.34,2.34,2.34,2.34,171,0
HRC,5,20210308,163000,2.46,2.46,2.46,2.46,270,0
HRC,5,20210308,163500,2.48,2.48,2.48,2.48,200,0
HRC,5,20210308,164500,2.5,2.5,2.5,2.5,3140,0
HRC,5,20210309,102500,2.5,2.5,2.5,2.5,41,0
HRC,5,20210309,104500,2.5,2.5,2.5,2.5,320,0
HRC,5,20210309,131000,2.44,2.44,2.44,2.44,171,0
HRC,5,20210309,132500,2.5,2.62,2.5,2.62,10600,0
HRC,5,20210309,133500,2.62,2.62,2.62,2.62,429,0
HRC,5,20210309,140000,2.6,2.6,2.6,2.6,111,0
HRC,5,20210309,141000,2.48,2.48,2.48,2.48,100,0
HRC,5,20210309,141500,2.48,2.48,2.46,2.46,1380,0
HRC,5,20210309,142500,2.46,2.46,2.46,2.46,2430,0
HRC,5,20210309,152000,2.54,2.54,2.54,2.54,22,0
HRC,5,20210309,164500,2.36,2.36,2.32,2.32,1662,0
HRC,5,20210310,090500,2.34,2.34,2.34,2.34,3325,0
HRC,5,20210310,091500,2.4,2.4,2.4,2.4,428,0
HRC,5,20210310,093500,2.4,2.4,2.4,2.4,37,0
HRC,5,20210310,100500,2.4,2.4,2.4,2.4,35,0
HRC,5,20210310,102500,2.4,2.4,2.4,2.4,115,0
HRC,5,20210310,103500,2.52,2.52,2.52,2.52,1,0
HRC,5,20210310,105000,2.36,2.36,2.36,2.36,116,0
HRC,5,20210310,110000,2.4,2.4,2.4,2.4,230,0
HRC,5,20210310,115500,2.4,2.4,2.4,2.4,146,0
HRC,5,20210310,120500,2.4,2.4,2.4,2.4,40,0
HRC,5,20210310,122000,2.42,2.42,2.42,2.42,111,0
HRC,5,20210310,122500,2.5,2.5,2.5,2.5,500,0
HRC,5,20210310,131000,2.42,2.42,2.42,2.42,850,0
HRC,5,20210310,133000,2.42,2.42,2.42,2.42,39,0
HRC,5,20210310,133500,2.4,2.4,2.4,2.4,461,0
HRC,5,20210310,135000,2.4,2.4,2.4,2.4,1150,0
HRC,5,20210310,163500,2.36,2.36,2.36,2.36,111,0
HRC,5,20210310,164000,2.36,2.36,2.34,2.34,3388,0
HRC,5,20210311,090000,2.32,2.32,2.32,2.32,20,0
HRC,5,20210311,100000,2.32,2.32,2.32,2.32,40,0
HRC,5,20210311,100500,2.4,2.4,2.32,2.32,841,0
HRC,5,20210311,102000,2.32,2.32,2.32,2.32,918,0
HRC,5,20210311,102500,2.32,2.32,2.32,2.32,82,0
HRC,5,20210311,124500,2.48,2.48,2.48,2.48,200,0
HRC,5,20210311,143500,2.46,2.46,2.46,2.46,200,0
HRC,5,20210311,162000,2.44,2.44,2.44,2.44,82,0
HRC,5,20210311,162500,2.44,2.44,2.44,2.44,118,0
HRC,5,20210312,091000,2.46,2.46,2.46,2.46,300,0
HRC,5,20210312,092000,2.32,2.32,2.32,2.32,432,0
HRC,5,20210312,101500,2.3,2.3,2.3,2.3,215,0
HRC,5,20210312,102000,2.24,2.4,2.22,2.4,668,0
HRC,5,20210312,105500,2.22,2.22,2.22,2.22,160,0
HRC,5,20210312,110000,2.3,2.3,2.3,2.3,435,0
HRC,5,20210312,112000,2.42,2.42,2.42,2.42,221,0
HRC,5,20210312,142500,2.36,2.36,2.36,2.36,845,0
HRC,5,20210312,143000,2.3,2.3,2.3,2.3,1000,0
HRC,5,20210312,151000,2.34,2.34,2.34,2.34,1000,0
HRC,5,20210312,154500,2.3,2.3,2.22,2.22,2330,0
HRC,5,20210312,155000,2.38,2.38,2.38,2.38,33,0
HRC,5,20210315,094000,2.32,2.38,2.32,2.38,653,0
HRC,5,20210315,094500,2.38,2.38,2.38,2.38,7,0
HRC,5,20210315,095500,2.26,2.38,2.02,2.38,6030,0
HRC,5,20210315,103500,2.32,2.38,2.32,2.38,2772,0
HRC,5,20210315,104000,2.42,2.42,2.4,2.4,1024,0
HRC,5,20210315,104500,2.4,2.4,2.4,2.4,228,0
HRC,5,20210315,105500,2.18,2.18,2.18,2.18,541,0
HRC,5,20210315,110000,2.22,2.22,2.22,2.22,459,0
HRC,5,20210315,111000,2.22,2.22,2.2,2.2,459,0
HRC,5,20210315,112500,2.2,2.2,2.2,2.2,320,0
HRC,5,20210315,115500,2.34,2.34,2.34,2.34,605,0
HRC,5,20210315,125500,2.38,2.38,2.38,2.38,439,0
HRC,5,20210315,132500,2.28,2.28,2.28,2.28,439,0
HRC,5,20210315,133000,2.28,2.28,2.28,2.28,395,0
HRC,5,20210315,134500,2.2,2.2,2.2,2.2,180,0
HRC,5,20210315,135000,2.16,2.16,2.06,2.06,6420,0
HRC,5,20210315,135500,2.1,2.26,2.1,2.26,714,0
HRC,5,20210315,140000,2.12,2.12,2.12,2.12,400,0
HRC,5,20210315,141500,2.16,2.16,2.16,2.16,500,0
HRC,5,20210315,143000,2.16,2.16,2.16,2.16,180,0
HRC,5,20210315,143500,2.16,2.16,2.16,2.16,610,0
HRC,5,20210315,150000,2.18,2.18,2.18,2.18,457,0
HRC,5,20210315,150500,2.18,2.18,2.18,2.18,133,0
HRC,5,20210315,153000,2.2,2.2,2.2,2.2,1146,0
HRC,5,20210315,164500,2.12,2.12,2.12,2.12,1473,0
HRC,5,20210316,090000,2.2,2.2,2.2,2.2,455,0
HRC,5,20210316,090500,2.26,2.26,2.26,2.26,371,0
HRC,5,20210316,091500,2.18,2.18,2.18,2.18,90,0
HRC,5,20210316,092000,2.2,2.26,2.2,2.26,610,0
HRC,5,20210316,092500,2.26,2.3,2.26,2.3,150,0
HRC,5,20210316,100500,2.2,2.28,2.12,2.28,2723,0
HRC,5,20210316,103000,2.14,2.14,2.12,2.12,1000,0
HRC,5,20210316,114000,2.14,2.14,2.06,2.06,10247,0
HRC,5,20210316,114500,2.04,2.04,2.04,2.04,2753,0
HRC,5,20210316,115000,2.1,2.1,2.1,2.1,488,0
HRC,5,20210316,115500,2.16,2.16,2.16,2.16,500,0
HRC,5,20210316,124500,2.16,2.16,2.16,2.16,100,0
HRC,5,20210316,132000,2.16,2.16,2.16,2.16,32,0
HRC,5,20210316,134500,2.1,2.1,2.08,2.08,488,0
HRC,5,20210316,144000,2.08,2.08,2.08,2.08,250,0
HRC,5,20210316,155000,2.1,2.1,2.1,2.1,260,0
HRC,5,20210316,161500,2.14,2.14,2.14,2.14,1040,0
HRC,5,20210316,162000,2.14,2.14,2.14,2.14,1000,0
HRC,5,20210316,163500,2.16,2.16,2.16,2.16,368,0
HRC,5,20210316,164500,2.18,2.18,2.16,2.16,1647,0
HRC,5,20210317,090000,2.16,2.16,2.16,2.16,200,0
HRC,5,20210317,093000,2.1,2.1,2.1,2.1,200,0
HRC,5,20210317,100500,2.1,2.1,2.1,2.1,714,0
HRC,5,20210317,111500,2.1,2.1,2.1,2.1,1112,0
HRC,5,20210317,131500,2.1,2.1,2.1,2.1,855,0
HRC,5,20210317,143500,2.1,2.1,2.06,2.06,700,0
HRC,5,20210317,151000,2.08,2.08,2.08,2.08,61,0
HRC,5,20210317,153500,2.1,2.1,2.1,2.1,447,0
HRC,5,20210317,162500,2.1,2.14,2.1,2.1,2165,0
HRC,5,20210317,163500,2.16,2.16,2.16,2.16,200,0
HRC,5,20210318,093000,2.16,2.16,2.16,2.16,1000,0
HRC,5,20210318,143500,2.06,2.06,2.06,2.06,700,0
HRC,5,20210318,144000,2.06,2.06,2.06,2.06,600,0
HRC,5,20210318,150000,2.1,2.1,2.1,2.1,489,0
HRC,5,20210318,150500,2.1,2.1,2.1,2.1,211,0
HRC,5,20210318,160000,2.14,2.16,2.14,2.16,2000,0
HRC,5,20210319,135500,2.16,2.16,2.16,2.16,20,0
HRC,5,20210322,113000,2.06,2.06,2.06,2.06,184,0
HRC,5,20210322,121000,2.16,2.16,2.16,2.16,200,0
HRC,5,20210322,132500,2.16,2.16,2.16,2.16,140,0
HRC,5,20210322,133500,2.16,2.16,2.08,2.08,1000,0
HRC,5,20210322,135500,2.1,2.1,2.1,2.1,180,0
HRC,5,20210322,155500,2.1,2.1,2.1,2.1,4,0
HRC,5,20210322,162000,2.1,2.1,2.1,2.1,196,0
HRC,5,20210322,163000,2.08,2.08,2.08,2.08,130,0
HRC,5,20210323,092000,2.06,2.06,2.06,2.06,990,0
HRC,5,20210323,094500,2.08,2.08,2.08,2.08,495,0
HRC,5,20210323,103500,2.12,2.12,2.12,2.12,100,0
HRC,5,20210323,105000,2.14,2.14,2.14,2.14,700,0
HRC,5,20210323,110000,2.14,2.16,2.14,2.16,611,0
HRC,5,20210323,110500,2.2,2.2,2.2,2.2,1322,0
HRC,5,20210324,114000,2.14,2.14,2.04,2.04,2495,0
HRC,5,20210324,142000,2.14,2.14,2.14,2.14,80,0
HRC,5,20210325,093500,2.06,2.06,2.06,2.06,988,0
HRC,5,20210325,100000,2.04,2.04,2.04,2.04,400,0
HRC,5,20210325,103000,2.04,2.04,2.04,2.04,80,0
HRC,5,20210325,110000,2.08,2.08,2.08,2.08,250,0
HRC,5,20210325,112500,2.06,2.06,2.06,2.06,200,0
HRC,5,20210325,113000,2.06,2.06,2.02,2.02,5532,0
HRC,5,20210325,113500,2.02,2.02,2.02,2.02,237,0
HRC,5,20210325,124000,2.04,2.04,2.04,2.04,400,0
HRC,5,20210325,134500,2.08,2.08,2.08,2.08,65,0
HRC,5,20210325,142500,2.08,2.08,2.08,2.08,200,0
HRC,5,20210325,144500,2.08,2.08,2.08,2.08,374,0
HRC,5,20210325,150000,2.1,2.1,2.1,2.1,126,0
HRC,5,20210325,155000,2.04,2.04,2.04,2.04,450,0
HRC,5,20210326,093000,2.1,2.1,2.1,2.1,100,0
HRC,5,20210326,094000,2.04,2.04,2.04,2.04,155,0
HRC,5,20210326,100500,2.04,2.04,2.04,2.04,630,0
HRC,5,20210326,110000,2.04,2.04,2.02,2.02,100,0
HRC,5,20210326,114000,2.06,2.06,2.06,2.06,550,0
HRC,5,20210326,121500,2.02,2.02,2.02,2.02,1641,0
HRC,5,20210326,122500,2.04,2.04,2.04,2.04,20,0
HRC,5,20210326,124500,2.04,2.04,2.04,2.04,643,0
HRC,5,20210326,131500,2.02,2.02,2.02,2.02,429,0
HRC,5,20210326,133000,2.04,2.04,2.04,2.04,200,0
HRC,5,20210326,135500,2.04,2.04,2.04,2.04,380,0
HRC,5,20210326,144000,2.04,2.06,2.04,2.06,250,0
