<TICKER>,<PER>,<DATE>,<TIME>,<OPEN>,<HIGH>,<LOW>,<CLOSE>,<VOL>,<OPENINT>
HRL,5,20210204,100500,0.18,0.18,0.18,0.18,17200,0
HRL,5,20210204,101500,0.185,0.185,0.185,0.185,111,0
HRL,5,20210204,102500,0.185,0.185,0.185,0.185,5000,0
HRL,5,20210204,104500,0.185,0.185,0.185,0.185,599,0
HRL,5,20210204,133500,0.176,0.176,0.176,0.176,1957,0
HRL,5,20210204,134000,0.1845,0.1845,0.1845,0.1845,1300,0
HRL,5,20210204,141000,0.177,0.177,0.17,0.17,25000,0
HRL,5,20210204,141500,0.1845,0.1845,0.1845,0.1845,1,0
HRL,5,20210204,144500,0.1705,0.1705,0.1705,0.1705,15000,0
HRL,5,20210204,145500,0.183,0.183,0.183,0.183,55,0
HRL,5,20210205,095500,0.1795,0.18,0.1795,0.18,21300,0
HRL,5,20210205,100000,0.183,0.183,0.183,0.183,9945,0
HRL,5,20210205,100500,0.1845,0.1845,0.1845,0.1845,600,0
HRL,5,20210205,101000,0.1845,0.186,0.1845,0.186,20100,0
HRL,5,20210205,112000,0.184,0.184,0.184,0.184,11500,0
HRL,5,20210205,121500,0.183,0.183,0.183,0.183,90,0
HRL,5,20210205,124500,0.1775,0.1775,0.1755,0.1755,5934,0
HRL,5,20210205,125000,0.171,0.171,0.1705,0.1705,7211,0
HRL,5,20210205,133500,0.18,0.18,0.18,0.18,211,0
HRL,5,20210205,163000,0.18,0.18,0.18,0.18,1000,0
HRL,5,20210205,164500,0.18,0.182,0.18,0.182,5000,0
HRL,5,20210208,090000,0.182,0.182,0.182,0.182,2000,0
HRL,5,20210208,091000,0.18,0.18,0.18,0.18,5000,0
HRL,5,20210208,091500,0.186,0.186,0.186,0.186,55,0
HRL,5,20210208,102500,0.1855,0.1855,0.1855,0.1855,3000,0
HRL,5,20210208,105500,0.18,0.18,0.18,0.18,10000,0
HRL,5,20210208,110000,0.175,0.175,0.175,0.175,10000,0
HRL,5,20210208,110500,0.18,0.18,0.18,0.18,10000,0
HRL,5,20210208,131000,0.1735,0.1735,0.1735,0.1735,5000,0
HRL,5,20210208,132500,0.18,0.18,0.18,0.18,100,0
HRL,5,20210208,154500,0.1795,0.1795,0.1795,0.1795,5000,0
HRL,5,20210208,155000,0.1795,0.1795,0.1795,0.1795,2510,0
HRL,5,20210208,162000,0.18,0.18,0.18,0.18,12000,0
HRL,5,20210209,090000,0.183,0.183,0.183,0.183,111,0
HRL,5,20210209,093000,0.183,0.183,0.183,0.183,560,0
HRL,5,20210209,102500,0.1755,0.1755,0.1755,0.1755,6000,0
HRL,5,20210209,111000,0.182,0.182,0.182,0.182,550,0
HRL,5,20210209,113000,0.175,0.175,0.175,0.175,11000,0
HRL,5,20210209,124500,0.176,0.176,0.1735,0.1735,25000,0
HRL,5,20210209,125000,0.1815,0.1815,0.1815,0.1815,58,0
HRL,5,20210209,142000,0.1735,0.1735,0.1735,0.1735,5199,0
HRL,5,20210209,144500,0.1795,0.1795,0.1795,0.1795,1631,0
HRL,5,20210209,164500,0.179,0.179,0.179,0.179,1000,0
HRL,5,20210210,103500,0.174,0.174,0.174,0.174,1520,0
HRL,5,20210210,120500,0.174,0.174,0.174,0.174,1223,0
HRL,5,20210210,145500,0.1785,0.1785,0.1785,0.1785,198,0
HRL,5,20210210,151500,0.175,0.175,0.175,0.175,12024,0
HRL,5,20210211,091500,0.175,0.175,0.175,0.175,7976,0
HRL,5,20210211,122000,0.1785,0.1785,0.1785,0.1785,100,0
HRL,5,20210211,124500,0.1785,0.1785,0.1785,0.1785,1133,0
HRL,5,20210211,132500,0.174,0.174,0.174,0.174,630,0
HRL,5,20210211,142000,0.1785,0.1785,0.1785,0.1785,111,0
HRL,5,20210211,145500,0.175,0.175,0.175,0.175,15000,0
HRL,5,20210211,152500,0.175,0.175,0.175,0.175,10000,0
HRL,5,20210211,153000,0.1785,0.1785,0.1785,0.1785,111,0
HRL,5,20210211,162000,0.1785,0.1785,0.1785,0.1785,8657,0
HRL,5,20210211,164500,0.179,0.179,0.179,0.179,15000,0
HRL,5,20210212,090000,0.18,0.18,0.18,0.18,1600,0
HRL,5,20210212,092000,0.18,0.18,0.18,0.18,14000,0
HRL,5,20210212,093000,0.18,0.18,0.18,0.18,3000,0
HRL,5,20210212,102000,0.18,0.181,0.18,0.181,23551,0
HRL,5,20210212,102500,0.182,0.182,0.182,0.182,5549,0
HRL,5,20210212,103000,0.182,0.1825,0.182,0.1825,452,0
HRL,5,20210212,105000,0.1825,0.1825,0.1825,0.1825,940,0
HRL,5,20210212,112000,0.1825,0.1825,0.18,0.18,43800,0
HRL,5,20210212,115000,0.18,0.18,0.18,0.18,10981,0
HRL,5,20210212,120000,0.183,0.183,0.183,0.183,111,0
HRL,5,20210212,122500,0.183,0.183,0.183,0.183,2889,0
HRL,5,20210212,135500,0.182,0.182,0.182,0.182,10000,0
HRL,5,20210212,140000,0.183,0.183,0.183,0.183,500,0
HRL,5,20210212,141000,0.182,0.182,0.182,0.182,10,0
HRL,5,20210212,143000,0.18,0.18,0.177,0.177,17019,0
HRL,5,20210212,143500,0.176,0.176,0.176,0.176,37,0
HRL,5,20210212,145000,0.18,0.18,0.18,0.18,1000,0
HRL,5,20210212,145500,0.18,0.181,0.18,0.181,2384,0
HRL,5,20210212,150500,0.18,0.18,0.18,0.18,7671,0
HRL,5,20210212,164500,0.18,0.183,0.18,0.183,16000,0
HRL,5,20210215,092000,0.184,0.184,0.184,0.184,10000,0
HRL,5,20210215,092500,0.184,0.184,0.184,0.184,10000,0
HRL,5,20210215,102000,0.186,0.186,0.186,0.186,1572,0
HRL,5,20210215,103000,0.187,0.187,0.187,0.187,3000,0
HRL,5,20210215,110500,0.186,0.186,0.186,0.186,8435,0
HRL,5,20210215,112000,0.187,0.187,0.187,0.187,400,0
HRL,5,20210215,112500,0.187,0.187,0.187,0.187,2582,0
HRL,5,20210215,125000,0.186,0.186,0.186,0.186,1565,0
HRL,5,20210215,125500,0.186,0.187,0.186,0.187,8000,0
HRL,5,20210215,134000,0.187,0.187,0.187,0.187,13453,0
HRL,5,20210215,140000,0.184,0.184,0.184,0.184,1000,0
HRL,5,20210215,144500,0.1755,0.1755,0.1755,0.1755,3000,0
HRL,5,20210215,151000,0.183,0.183,0.183,0.183,55,0
HRL,5,20210215,164000,0.178,0.178,0.178,0.178,3000,0
HRL,5,20210215,164500,0.176,0.182,0.176,0.182,10001,0
HRL,5,20210216,090000,0.175,0.1755,0.1745,0.1755,34147,0
HRL,5,20210216,090500,0.174,0.174,0.174,0.174,2500,0
HRL,5,20210216,091000,0.174,0.174,0.17,0.17,50000,0
HRL,5,20210216,091500,0.171,0.18,0.17,0.18,81000,0
HRL,5,20210216,092000,0.18,0.187,0.18,0.187,70000,0
HRL,5,20210216,092500,0.19,0.195,0.19,0.195,32173,0
HRL,5,20210216,093000,0.194,0.194,0.194,0.194,200,0
HRL,5,20210216,094500,0.194,0.194,0.194,0.194,9800,0
HRL,5,20210216,095000,0.194,0.194,0.194,0.194,3277,0
HRL,5,20210216,095500,0.1865,0.1865,0.1865,0.1865,3000,0
HRL,5,20210216,102500,0.192,0.192,0.192,0.192,3500,0
HRL,5,20210216,103000,0.1865,0.1865,0.1865,0.1865,7217,0
HRL,5,20210216,103500,0.191,0.1915,0.189,0.19,59000,0
HRL,5,20210216,104000,0.1925,0.1935,0.1925,0.1935,5700,0
HRL,5,20210216,104500,0.19,0.192,0.19,0.192,5605,0
HRL,5,20210216,105000,0.19,0.19,0.19,0.19,13564,0
HRL,5,20210216,110000,0.19,0.19,0.19,0.19,895,0
HRL,5,20210216,110500,0.19,0.19,0.19,0.19,6000,0
HRL,5,20210216,111000,0.19,0.19,0.189,0.189,4000,0
HRL,5,20210216,114500,0.1905,0.1905,0.1905,0.1905,3695,0
HRL,5,20210216,115500,0.188,0.188,0.188,0.188,945,0
HRL,5,20210216,121000,0.19,0.19,0.19,0.19,6304,0
HRL,5,20210216,121500,0.19,0.19,0.19,0.19,1241,0
HRL,5,20210216,132500,0.188,0.188,0.188,0.188,2455,0
HRL,5,20210216,133000,0.188,0.188,0.188,0.188,1046,0
HRL,5,20210216,134000,0.1875,0.1875,0.1875,0.1875,7000,0
HRL,5,20210216,144000,0.1875,0.1875,0.1875,0.1875,1954,0
HRL,5,20210216,144500,0.189,0.189,0.189,0.189,1,0
HRL,5,20210216,155000,0.189,0.189,0.189,0.189,200,0
HRL,5,20210216,163000,0.189,0.19,0.189,0.19,5799,0
HRL,5,20210216,163500,0.191,0.191,0.191,0.191,6100,0
HRL,5,20210216,164500,0.19,0.19,0.189,0.189,12618,0
HRL,5,20210217,090500,0.1945,0.1945,0.1945,0.1945,50,0
HRL,5,20210217,091000,0.1945,0.195,0.1945,0.195,43222,0
HRL,5,20210217,094500,0.195,0.1955,0.195,0.1955,13040,0
HRL,5,20210217,095000,0.1855,0.1955,0.184,0.19,49000,0
HRL,5,20210217,104500,0.1845,0.1845,0.1845,0.1845,5245,0
HRL,5,20210217,105000,0.184,0.184,0.184,0.184,2000,0
HRL,5,20210217,111000,0.19,0.19,0.1845,0.1845,9262,0
HRL,5,20210217,120500,0.19,0.19,0.19,0.19,111,0
HRL,5,20210217,121000,0.19,0.19,0.19,0.19,2300,0
HRL,5,20210217,123500,0.184,0.184,0.183,0.183,3000,0
HRL,5,20210217,135000,0.19,0.19,0.19,0.19,500,0
HRL,5,20210217,135500,0.19,0.19,0.19,0.19,2000,0
HRL,5,20210217,141500,0.1895,0.19,0.1895,0.19,56038,0
HRL,5,20210217,142000,0.1945,0.1945,0.1945,0.1945,111,0
HRL,5,20210217,144000,0.194,0.207,0.194,0.207,152492,0
HRL,5,20210217,144500,0.202,0.21,0.202,0.21,19272,0
HRL,5,20210217,145000,0.211,0.219,0.211,0.219,71251,0
HRL,5,20210217,145500,0.219,0.22,0.21,0.21,65612,0
HRL,5,20210217,150000,0.22,0.227,0.217,0.217,33000,0
HRL,5,20210217,151000,0.227,0.228,0.227,0.228,6283,0
HRL,5,20210217,151500,0.228,0.23,0.218,0.218,100632,0
HRL,5,20210217,152000,0.22,0.22,0.22,0.22,27545,0
HRL,5,20210217,152500,0.22,0.22,0.218,0.218,23682,0
HRL,5,20210217,153500,0.22,0.229,0.22,0.226,43200,0
HRL,5,20210217,154500,0.219,0.219,0.219,0.219,222,0
HRL,5,20210217,155000,0.219,0.219,0.219,0.219,8000,0
HRL,5,20210217,155500,0.227,0.23,0.227,0.23,65282,0
HRL,5,20210217,160000,0.23,0.23,0.228,0.23,51183,0
HRL,5,20210217,160500,0.23,0.23,0.23,0.23,637,0
HRL,5,20210217,161000,0.23,0.231,0.23,0.23,55501,0
HRL,5,20210217,161500,0.229,0.229,0.229,0.229,200,0
HRL,5,20210217,162000,0.229,0.229,0.228,0.228,3644,0
HRL,5,20210217,162500,0.22,0.22,0.205,0.214,82956,0
HRL,5,20210217,163000,0.206,0.214,0.206,0.214,10111,0
HRL,5,20210217,163500,0.214,0.214,0.214,0.214,5907,0
HRL,5,20210217,164500,0.214,0.214,0.214,0.214,7402,0
HRL,5,20210218,090000,0.226,0.226,0.2,0.2,13710,0
HRL,5,20210218,090500,0.21,0.22,0.21,0.22,4874,0
HRL,5,20210218,091000,0.22,0.22,0.22,0.22,9490,0
HRL,5,20210218,091500,0.215,0.215,0.215,0.215,450,0
HRL,5,20210218,092000,0.21,0.215,0.201,0.201,117575,0
HRL,5,20210218,093000,0.219,0.219,0.219,0.219,1111,0
HRL,5,20210218,093500,0.218,0.218,0.211,0.211,11200,0
HRL,5,20210218,094000,0.211,0.219,0.205,0.205,14245,0
HRL,5,20210218,094500,0.205,0.205,0.204,0.204,15046,0
HRL,5,20210218,101500,0.216,0.216,0.216,0.216,111,0
HRL,5,20210218,104500,0.205,0.205,0.2,0.2,100000,0
HRL,5,20210218,105000,0.2,0.2,0.195,0.195,13369,0
HRL,5,20210218,105500,0.195,0.195,0.195,0.195,3500,0
HRL,5,20210218,110000,0.2,0.205,0.2,0.205,6819,0
HRL,5,20210218,110500,0.204,0.208,0.204,0.208,10000,0
HRL,5,20210218,111000,0.198,0.198,0.195,0.195,22236,0
HRL,5,20210218,111500,0.1965,0.1965,0.1965,0.1965,914,0
HRL,5,20210218,112000,0.204,0.204,0.204,0.204,55,0
HRL,5,20210218,115000,0.203,0.208,0.203,0.208,11945,0
HRL,5,20210218,115500,0.208,0.209,0.208,0.209,3027,0
HRL,5,20210218,120000,0.209,0.209,0.209,0.209,8017,0
HRL,5,20210218,125000,0.202,0.202,0.202,0.202,9412,0
HRL,5,20210218,131000,0.208,0.208,0.208,0.208,100,0
HRL,5,20210218,135500,0.208,0.208,0.208,0.208,400,0
HRL,5,20210218,141500,0.208,0.215,0.208,0.215,29417,0
HRL,5,20210218,142000,0.203,0.218,0.203,0.218,8333,0
HRL,5,20210218,143500,0.205,0.205,0.205,0.205,3355,0
HRL,5,20210218,144000,0.215,0.215,0.215,0.215,111,0
HRL,5,20210218,144500,0.204,0.214,0.204,0.214,4011,0
HRL,5,20210218,150500,0.202,0.202,0.202,0.202,10000,0
HRL,5,20210218,151500,0.201,0.201,0.2,0.2,112336,0
HRL,5,20210218,152000,0.2,0.215,0.2,0.215,106561,0
HRL,5,20210218,152500,0.214,0.215,0.213,0.214,57000,0
HRL,5,20210218,161000,0.21,0.224,0.21,0.224,143000,0
HRL,5,20210218,161500,0.224,0.225,0.21,0.225,101612,0
HRL,5,20210218,162000,0.226,0.228,0.226,0.228,11216,0
HRL,5,20210218,162500,0.225,0.228,0.225,0.228,19246,0
HRL,5,20210218,163000,0.226,0.227,0.225,0.227,14929,0
HRL,5,20210218,164500,0.226,0.226,0.226,0.226,5555,0
HRL,5,20210219,090000,0.227,0.229,0.226,0.229,32320,0
HRL,5,20210219,090500,0.229,0.23,0.21,0.23,116676,0
HRL,5,20210219,091000,0.216,0.216,0.216,0.216,15000,0
HRL,5,20210219,091500,0.212,0.212,0.212,0.212,550,0
HRL,5,20210219,093000,0.222,0.222,0.222,0.222,111,0
HRL,5,20210219,100000,0.222,0.222,0.222,0.222,3772,0
HRL,5,20210219,103500,0.215,0.215,0.215,0.215,10000,0
HRL,5,20210219,105500,0.213,0.221,0.21,0.221,81500,0
HRL,5,20210219,110500,0.21,0.21,0.21,0.21,30000,0
HRL,5,20210219,111000,0.219,0.23,0.219,0.23,50000,0
HRL,5,20210219,113500,0.221,0.23,0.22,0.23,104575,0
HRL,5,20210219,121500,0.227,0.227,0.227,0.227,500,0
HRL,5,20210219,131500,0.215,0.215,0.214,0.214,4000,0
HRL,5,20210219,142000,0.224,0.225,0.224,0.225,2950,0
HRL,5,20210219,142500,0.216,0.216,0.216,0.216,100,0
HRL,5,20210219,143000,0.216,0.216,0.216,0.216,11182,0
HRL,5,20210219,151000,0.224,0.224,0.224,0.224,10000,0
HRL,5,20210219,151500,0.225,0.225,0.225,0.225,8000,0
HRL,5,20210219,152500,0.224,0.225,0.224,0.225,10000,0
HRL,5,20210219,163000,0.223,0.223,0.223,0.223,1000,0
HRL,5,20210219,164000,0.223,0.223,0.223,0.223,7000,0
HRL,5,20210219,164500,0.225,0.225,0.225,0.225,7465,0
HRL,5,20210222,090000,0.225,0.225,0.217,0.225,371,0
HRL,5,20210222,092500,0.224,0.224,0.224,0.224,3400,0
HRL,5,20210222,094500,0.224,0.224,0.224,0.224,3000,0
HRL,5,20210222,103000,0.22,0.22,0.22,0.22,285,0
HRL,5,20210222,110500,0.225,0.225,0.206,0.225,40000,0
HRL,5,20210222,111000,0.206,0.225,0.202,0.225,47801,0
HRL,5,20210222,113500,0.202,0.202,0.202,0.202,1,0
HRL,5,20210222,115500,0.214,0.214,0.214,0.214,1400,0
HRL,5,20210222,125500,0.214,0.214,0.214,0.214,2300,0
HRL,5,20210222,133500,0.214,0.214,0.214,0.214,1300,0
HRL,5,20210222,134000,0.218,0.218,0.218,0.218,8700,0
HRL,5,20210222,135000,0.21,0.21,0.21,0.21,3000,0
HRL,5,20210222,155000,0.218,0.218,0.218,0.218,4800,0
HRL,5,20210223,090000,0.21,0.21,0.21,0.21,6056,0
HRL,5,20210223,092000,0.21,0.219,0.202,0.219,36300,0
HRL,5,20210223,110000,0.204,0.209,0.204,0.209,25742,0
HRL,5,20210223,110500,0.204,0.204,0.202,0.202,20508,0
HRL,5,20210223,114500,0.2,0.2,0.2,0.2,1136,0
HRL,5,20210223,121000,0.2,0.2,0.2,0.2,3000,0
HRL,5,20210223,142000,0.2,0.2,0.2,0.2,6000,0
HRL,5,20210223,150500,0.208,0.208,0.208,0.208,400,0
HRL,5,20210223,155500,0.2,0.208,0.2,0.208,19700,0
HRL,5,20210223,162500,0.2,0.2,0.2,0.2,2800,0
HRL,5,20210223,164500,0.204,0.204,0.204,0.204,111,0
HRL,5,20210224,090000,0.204,0.204,0.204,0.204,11,0
HRL,5,20210224,104500,0.204,0.204,0.204,0.204,750,0
HRL,5,20210224,131500,0.2,0.2,0.2,0.2,3000,0
HRL,5,20210224,132500,0.192,0.192,0.19,0.19,6000,0
HRL,5,20210224,134500,0.19,0.19,0.1865,0.1865,40006,0
HRL,5,20210224,135000,0.1865,0.1865,0.1865,0.1865,1276,0
HRL,5,20210224,135500,0.19,0.19,0.19,0.19,12000,0
HRL,5,20210224,145500,0.195,0.195,0.19,0.19,5310,0
HRL,5,20210224,150500,0.19,0.19,0.19,0.19,690,0
HRL,5,20210224,155500,0.205,0.21,0.205,0.21,6214,0
HRL,5,20210225,090000,0.219,0.219,0.21,0.21,4244,0
HRL,5,20210225,100000,0.21,0.219,0.21,0.219,7250,0
HRL,5,20210225,103500,0.219,0.219,0.219,0.219,500,0
HRL,5,20210225,114000,0.219,0.219,0.219,0.219,5200,0
HRL,5,20210225,135500,0.205,0.216,0.191,0.216,45856,0
HRL,5,20210225,163000,0.214,0.214,0.214,0.214,4444,0
HRL,5,20210225,164500,0.213,0.213,0.213,0.213,1111,0
HRL,5,20210226,090000,0.214,0.214,0.214,0.214,5959,0
HRL,5,20210226,090500,0.214,0.214,0.214,0.214,8880,0
HRL,5,20210226,093000,0.214,0.214,0.214,0.214,18000,0
HRL,5,20210226,094000,0.214,0.214,0.214,0.214,1300,0
HRL,5,20210226,100000,0.214,0.214,0.214,0.214,500,0
HRL,5,20210226,103500,0.214,0.214,0.214,0.214,2500,0
HRL,5,20210226,105500,0.215,0.215,0.214,0.214,12700,0
HRL,5,20210226,113500,0.202,0.202,0.2,0.2,13265,0
HRL,5,20210226,162500,0.21,0.21,0.21,0.21,100,0
HRL,5,20210226,164500,0.209,0.209,0.209,0.209,1121,0
HRL,5,20210301,114000,0.209,0.209,0.209,0.209,1000,0
HRL,5,20210301,120500,0.209,0.209,0.209,0.209,202,0
HRL,5,20210301,152000,0.1975,0.1975,0.1975,0.1975,1359,0
HRL,5,20210301,155000,0.209,0.209,0.209,0.209,1077,0
HRL,5,20210301,164000,0.212,0.212,0.212,0.212,100,0
HRL,5,20210302,090000,0.212,0.212,0.212,0.212,3700,0
HRL,5,20210302,091000,0.213,0.213,0.213,0.213,5000,0
HRL,5,20210302,094000,0.212,0.212,0.212,0.212,1386,0
HRL,5,20210302,103500,0.212,0.212,0.212,0.212,35,0
HRL,5,20210302,115500,0.2,0.2,0.2,0.2,27000,0
HRL,5,20210302,120000,0.212,0.212,0.212,0.212,111,0
HRL,5,20210303,090000,0.2,0.2,0.2,0.2,5000,0
HRL,5,20210303,093500,0.2,0.2,0.199,0.199,99900,0
HRL,5,20210303,094000,0.199,0.199,0.199,0.199,400,0
HRL,5,20210303,100000,0.209,0.209,0.209,0.209,111,0
HRL,5,20210303,110500,0.1995,0.1995,0.199,0.199,10000,0
HRL,5,20210303,112000,0.208,0.208,0.208,0.208,211,0
HRL,5,20210303,122500,0.199,0.199,0.199,0.199,5152,0
HRL,5,20210303,124000,0.199,0.199,0.199,0.199,1135,0
HRL,5,20210303,131000,0.192,0.192,0.192,0.192,1407,0
HRL,5,20210303,133000,0.193,0.193,0.193,0.193,1135,0
HRL,5,20210303,133500,0.1985,0.1985,0.1985,0.1985,100,0
HRL,5,20210303,134000,0.1985,0.1985,0.1985,0.1985,1680,0
HRL,5,20210303,135000,0.1985,0.199,0.1985,0.199,10,0
HRL,5,20210303,153000,0.199,0.199,0.199,0.199,12000,0
HRL,5,20210303,153500,0.199,0.199,0.199,0.199,6712,0
HRL,5,20210303,154000,0.206,0.206,0.206,0.206,121,0
HRL,5,20210304,091000,0.193,0.193,0.192,0.192,13453,0
HRL,5,20210304,092000,0.203,0.203,0.203,0.203,2000,0
HRL,5,20210304,092500,0.203,0.203,0.203,0.203,2000,0
HRL,5,20210304,110000,0.1935,0.1935,0.1935,0.1935,4000,0
HRL,5,20210304,115500,0.1935,0.203,0.1935,0.203,333,0
HRL,5,20210304,134500,0.202,0.203,0.202,0.203,8876,0
HRL,5,20210305,101500,0.204,0.204,0.204,0.204,145,0
HRL,5,20210305,103500,0.195,0.204,0.195,0.204,2500,0
HRL,5,20210305,123500,0.195,0.195,0.195,0.195,370,0
HRL,5,20210305,130500,0.1955,0.1955,0.1955,0.1955,1500,0
HRL,5,20210305,133000,0.202,0.202,0.202,0.202,111,0
HRL,5,20210305,160500,0.202,0.202,0.202,0.202,111,0
HRL,5,20210308,095000,0.1955,0.1955,0.1955,0.1955,902,0
HRL,5,20210308,095500,0.1955,0.1955,0.1955,0.1955,1342,0
HRL,5,20210308,100500,0.2,0.2,0.2,0.2,16000,0
HRL,5,20210308,103000,0.202,0.204,0.202,0.204,10698,0
HRL,5,20210308,104500,0.2,0.2,0.2,0.2,4158,0
HRL,5,20210308,135500,0.199,0.199,0.199,0.199,1068,0
HRL,5,20210308,142000,0.199,0.199,0.199,0.199,1000,0
HRL,5,20210308,152000,0.199,0.199,0.199,0.199,1000,0
HRL,5,20210308,155000,0.196,0.196,0.196,0.196,10132,0
HRL,5,20210308,163000,0.195,0.195,0.195,0.195,3000,0
HRL,5,20210309,101500,0.195,0.195,0.195,0.195,1068,0
HRL,5,20210309,121500,0.203,0.203,0.203,0.203,111,0
HRL,5,20210309,152000,0.201,0.201,0.201,0.201,3000,0
HRL,5,20210309,161500,0.2,0.2,0.2,0.2,20000,0
HRL,5,20210310,102000,0.201,0.201,0.201,0.201,5100,0
HRL,5,20210310,110000,0.198,0.198,0.198,0.198,18000,0
HRL,5,20210310,124500,0.196,0.196,0.196,0.196,8000,0
HRL,5,20210310,141000,0.203,0.203,0.203,0.203,111,0
HRL,5,20210311,094000,0.193,0.193,0.193,0.193,3893,0
HRL,5,20210311,110000,0.1935,0.1935,0.1935,0.1935,1000,0
HRL,5,20210311,113000,0.199,0.199,0.199,0.199,11,0
HRL,5,20210311,113500,0.199,0.199,0.199,0.199,14744,0
HRL,5,20210311,130500,0.1935,0.1935,0.1935,0.1935,1,0
HRL,5,20210311,145000,0.1935,0.1935,0.1935,0.1935,500,0
HRL,5,20210311,152000,0.1985,0.1985,0.1985,0.1985,11,0
HRL,5,20210311,164500,0.1985,0.199,0.1985,0.199,9862,0
HRL,5,20210312,093000,0.1995,0.1995,0.1995,0.1995,1000,0
HRL,5,20210312,112500,0.1995,0.1995,0.1995,0.1995,1000,0
HRL,5,20210312,115000,0.1935,0.1935,0.1935,0.1935,4999,0
HRL,5,20210312,120000,0.193,0.193,0.193,0.193,273,0
HRL,5,20210312,151500,0.198,0.198,0.198,0.198,111,0
HRL,5,20210312,161500,0.198,0.198,0.198,0.198,4000,0
HRL,5,20210315,094500,0.203,0.203,0.203,0.203,100,0
HRL,5,20210315,135000,0.198,0.198,0.198,0.198,2964,0
HRL,5,20210315,140500,0.199,0.199,0.199,0.199,20000,0
HRL,5,20210315,141500,0.199,0.199,0.199,0.199,600,0
HRL,5,20210316,092500,0.199,0.199,0.199,0.199,168,0
HRL,5,20210316,100000,0.1935,0.1935,0.1935,0.1935,1550,0
HRL,5,20210316,100500,0.193,0.193,0.1905,0.1905,11109,0
HRL,5,20210316,104000,0.1855,0.1855,0.185,0.185,15889,0
HRL,5,20210316,104500,0.19,0.19,0.19,0.19,100,0
HRL,5,20210316,111000,0.19,0.1975,0.19,0.1975,3333,0
HRL,5,20210316,153000,0.19,0.19,0.183,0.183,22710,0
HRL,5,20210316,153500,0.1895,0.1895,0.1895,0.1895,111,0
HRL,5,20210316,160500,0.1945,0.1945,0.1945,0.1945,11,0
HRL,5,20210317,090000,0.194,0.194,0.194,0.194,376,0
HRL,5,20210317,090500,0.183,0.183,0.183,0.183,3135,0
HRL,5,20210317,091500,0.1845,0.1845,0.1845,0.1845,3772,0
HRL,5,20210317,094500,0.1845,0.194,0.184,0.194,29338,0
HRL,5,20210317,114000,0.1855,0.1865,0.1855,0.1865,17742,0
HRL,5,20210317,135500,0.1925,0.1925,0.1925,0.1925,1,0
HRL,5,20210318,090000,0.184,0.184,0.183,0.183,6000,0
HRL,5,20210318,093500,0.1925,0.1925,0.1925,0.1925,11,0
HRL,5,20210318,095500,0.1835,0.1835,0.182,0.182,20000,0
HRL,5,20210318,101000,0.1925,0.1925,0.1825,0.1825,200,0
HRL,5,20210318,122000,0.1925,0.1925,0.1925,0.1925,11,0
HRL,5,20210318,130000,0.184,0.184,0.184,0.184,100,0
HRL,5,20210318,132000,0.184,0.184,0.184,0.184,1100,0
HRL,5,20210318,163000,0.19,0.19,0.19,0.19,100,0
HRL,5,20210319,093500,0.1835,0.1835,0.1835,0.1835,8700,0
HRL,5,20210319,101500,0.1835,0.1835,0.1835,0.1835,5288,0
HRL,5,20210319,105000,0.1835,0.1835,0.1835,0.1835,1012,0
HRL,5,20210319,110500,0.184,0.184,0.17,0.174,114000,0
HRL,5,20210319,111500,0.1745,0.1745,0.1745,0.1745,2000,0
HRL,5,20210319,112500,0.175,0.175,0.175,0.175,5000,0
HRL,5,20210319,113000,0.175,0.175,0.175,0.175,5000,0
HRL,5,20210319,114500,0.175,0.175,0.175,0.175,1900,0
HRL,5,20210319,115000,0.175,0.175,0.175,0.175,188,0
HRL,5,20210319,115500,0.175,0.18,0.175,0.18,5100,0
HRL,5,20210319,120000,0.18,0.18,0.18,0.18,5000,0
HRL,5,20210319,124500,0.1795,0.1795,0.1795,0.1795,2000,0
HRL,5,20210319,144000,0.1785,0.179,0.1785,0.179,5282,0
HRL,5,20210319,155000,0.179,0.179,0.179,0.179,9972,0
HRL,5,20210319,155500,0.179,0.179,0.179,0.179,28,0
HRL,5,20210319,160000,0.179,0.179,0.179,0.179,50,0
HRL,5,20210319,163500,0.179,0.179,0.179,0.179,322,0
HRL,5,20210319,164500,0.179,0.179,0.1785,0.1785,15000,0
HRL,5,20210322,090500,0.1885,0.1885,0.1885,0.1885,5101,0
HRL,5,20210322,104000,0.1865,0.1865,0.1865,0.1865,3360,0
HRL,5,20210322,143500,0.186,0.186,0.186,0.186,9878,0
HRL,5,20210322,144500,0.1865,0.1865,0.186,0.186,11000,0
HRL,5,20210322,161000,0.186,0.186,0.185,0.185,2822,0
HRL,5,20210323,102000,0.175,0.18,0.175,0.18,2001,0
HRL,5,20210323,102500,0.1865,0.1865,0.18,0.18,540,0
HRL,5,20210323,115500,0.1865,0.1865,0.1865,0.1865,900,0
HRL,5,20210323,152500,0.1865,0.1865,0.1865,0.1865,1000,0
HRL,5,20210323,163000,0.18,0.18,0.18,0.18,561,0
HRL,5,20210323,164500,0.18,0.18,0.18,0.18,10000,0
HRL,5,20210323,165500,0.18,0.18,0.18,0.18,10000,0
HRL,5,20210324,103500,0.176,0.176,0.176,0.176,3000,0
HRL,5,20210324,162000,0.18,0.18,0.18,0.18,11,0
HRL,5,20210326,093500,0.1755,0.1755,0.17,0.17,2714,0
HRL,5,20210326,094000,0.1795,0.1795,0.1795,0.1795,1700,0
HRL,5,20210326,094500,0.1795,0.18,0.1795,0.18,5930,0
HRL,5,20210326,145500,0.18,0.18,0.18,0.18,70,0
HRL,5,20210326,153000,0.186,0.186,0.186,0.186,100,0
