<TICKER>,<PER>,<DATE>,<TIME>,<OPEN>,<HIGH>,<LOW>,<CLOSE>,<VOL>,<OPENINT>
IDH,5,20210204,110000,8,8,8,8,3129,0
IDH,5,20210204,150000,8.4,8.4,8.4,8.4,670,0
IDH,5,20210204,150500,8.4,8.4,8.4,8.4,60,0
IDH,5,20210204,151000,8.4,8.4,8.4,8.4,66,0
IDH,5,20210204,151500,8.4,8.4,8.4,8.4,47,0
IDH,5,20210204,152500,8.4,8.4,8.4,8.4,297,0
IDH,5,20210205,110000,8.4,8.4,8.4,8.4,8781,0
IDH,5,20210205,110500,8.4,8.4,8.4,8.4,0,0
IDH,5,20210205,112000,8.4,8.4,8.4,8.4,1375,0
IDH,5,20210205,150000,8.8,8.8,8.8,8.8,7198,0
IDH,5,20210205,150500,8.8,8.8,8.8,8.8,1900,0
IDH,5,20210205,151000,8.8,8.8,8.8,8.8,1042,0
IDH,5,20210205,151500,8.8,8.8,8.8,8.8,313,0
IDH,5,20210205,152000,8.8,8.8,8.8,8.8,125,0
IDH,5,20210205,152500,8.8,8.8,8.8,8.8,375,0
IDH,5,20210208,110000,9.6,9.6,9.6,9.6,9918,0
IDH,5,20210208,110500,9.6,9.6,9.6,9.6,6,0
IDH,5,20210208,111000,9.6,9.6,9.6,9.6,225,0
IDH,5,20210208,111500,9.6,9.6,9.6,9.6,284,0
IDH,5,20210208,112000,9.6,9.6,9.6,9.6,1739,0
IDH,5,20210208,112500,9.6,9.6,9.6,9.6,1069,0
IDH,5,20210208,150000,10,10,10,10,2798,0
IDH,5,20210208,150500,10,10,10,10,686,0
IDH,5,20210208,151000,10,10,10,10,1058,0
IDH,5,20210208,152000,10,10,10,10,308,0
IDH,5,20210208,152500,10,10,10,10,224,0
IDH,5,20210209,110000,10,10,10,10,1660,0
IDH,5,20210209,111500,10,10,10,10,10,0
IDH,5,20210209,112000,10,10,10,10,8,0
IDH,5,20210209,150000,10,10,10,10,2999,0
IDH,5,20210209,150500,10,10,10,10,50,0
IDH,5,20210209,151500,10,10,10,10,625,0
IDH,5,20210209,152000,10,10,10,10,94,0
IDH,5,20210209,152500,10,10,10,10,285,0
IDH,5,20210210,110000,8.8,8.8,8.8,8.8,4687,0
IDH,5,20210210,110500,8.8,8.8,8.8,8.8,875,0
IDH,5,20210210,111000,8.8,8.8,8.8,8.8,206,0
IDH,5,20210210,111500,8.8,8.8,8.8,8.8,1278,0
IDH,5,20210210,112000,8.8,8.8,8.8,8.8,250,0
IDH,5,20210210,112500,8.8,8.8,8.8,8.8,425,0
IDH,5,20210210,150000,8.4,8.4,8.4,8.4,5197,0
IDH,5,20210210,152000,8.4,8.4,8.4,8.4,1288,0
IDH,5,20210210,152500,8.4,8.4,8.4,8.4,409,0
IDH,5,20210211,110000,8.4,8.4,8.4,8.4,5614,0
IDH,5,20210211,110500,8.4,8.4,8.4,8.4,1041,0
IDH,5,20210211,111000,8.4,8.4,8.4,8.4,375,0
IDH,5,20210211,112500,8.4,8.4,8.4,8.4,4,0
IDH,5,20210211,150000,8.4,8.4,8.4,8.4,4938,0
IDH,5,20210211,150500,8.4,8.4,8.4,8.4,138,0
IDH,5,20210211,151000,8.4,8.4,8.4,8.4,1225,0
IDH,5,20210211,151500,8.4,8.4,8.4,8.4,387,0
IDH,5,20210211,152000,8.4,8.4,8.4,8.4,1883,0
IDH,5,20210211,152500,8.4,8.4,8.4,8.4,375,0
IDH,5,20210212,110000,8.8,8.8,8.8,8.8,2067,0
IDH,5,20210212,111000,8.8,8.8,8.8,8.8,25,0
IDH,5,20210212,111500,8.8,8.8,8.8,8.8,1221,0
IDH,5,20210212,150000,8.8,8.8,8.8,8.8,1373,0
IDH,5,20210212,151000,8.8,8.8,8.8,8.8,625,0
IDH,5,20210212,151500,8.8,8.8,8.8,8.8,200,0
IDH,5,20210212,152000,8.8,8.8,8.8,8.8,806,0
IDH,5,20210212,152500,8.8,8.8,8.8,8.8,68,0
IDH,5,20210215,110000,9.2,9.2,9.2,9.2,3290,0
IDH,5,20210215,110500,9.2,9.2,9.2,9.2,1501,0
IDH,5,20210215,111000,9.2,9.2,9.2,9.2,456,0
IDH,5,20210215,111500,9.2,9.2,9.2,9.2,63,0
IDH,5,20210215,112000,9.2,9.2,9.2,9.2,31,0
IDH,5,20210215,112500,9.2,9.2,9.2,9.2,282,0
IDH,5,20210215,150000,9.2,9.2,9.2,9.2,1677,0
IDH,5,20210215,150500,9.2,9.2,9.2,9.2,382,0
IDH,5,20210215,151500,9.2,9.2,9.2,9.2,2,0
IDH,5,20210215,152500,9.2,9.2,9.2,9.2,125,0
IDH,5,20210301,110000,8.5,8.5,8.5,8.5,1668,0
IDH,5,20210301,111500,8.5,8.5,8.5,8.5,125,0
IDH,5,20210301,112000,8.5,8.5,8.5,8.5,30,0
IDH,5,20210301,112500,8.5,8.5,8.5,8.5,125,0
IDH,5,20210301,150000,6.55,6.55,6.55,6.55,5722,0
IDH,5,20210301,150500,6.55,6.55,6.55,6.55,155,0
IDH,5,20210301,151000,6.55,6.55,6.55,6.55,391,0
IDH,5,20210301,151500,6.55,6.55,6.55,6.55,982,0
IDH,5,20210301,152000,6.55,6.55,6.55,6.55,159,0
IDH,5,20210301,152500,6.55,6.55,6.55,6.55,203,0
IDH,5,20210302,110000,7,7,7,7,3860,0
IDH,5,20210302,110500,7,7,7,7,4,0
IDH,5,20210302,150000,7.9,7.9,7.9,7.9,5086,0
IDH,5,20210302,150500,7.9,7.9,7.9,7.9,771,0
IDH,5,20210302,152000,7.9,7.9,7.9,7.9,25,0
IDH,5,20210303,110000,8.4,8.4,8.4,8.4,1723,0
IDH,5,20210303,111000,8.4,8.4,8.4,8.4,50,0
IDH,5,20210303,150000,8.35,8.35,8.35,8.35,988,0
IDH,5,20210303,150500,8.35,8.35,8.35,8.35,100,0
IDH,5,20210304,110000,7,7,7,7,3483,0
IDH,5,20210304,110500,7,7,7,7,14,0
IDH,5,20210304,111000,7,7,7,7,134,0
IDH,5,20210304,111500,7,7,7,7,100,0
IDH,5,20210304,112000,7,7,7,7,18,0
IDH,5,20210304,112500,7,7,7,7,9,0
IDH,5,20210304,150000,7.25,7.25,7.25,7.25,647,0
IDH,5,20210304,150500,7.25,7.25,7.25,7.25,100,0
IDH,5,20210304,152500,7.25,7.25,7.25,7.25,629,0
IDH,5,20210305,110000,7.8,7.8,7.8,7.8,745,0
IDH,5,20210305,110500,7.8,7.8,7.8,7.8,300,0
IDH,5,20210305,150000,7.35,7.35,7.35,7.35,318,0
IDH,5,20210305,152000,7.35,7.35,7.35,7.35,321,0
IDH,5,20210305,152500,7.35,7.35,7.35,7.35,300,0
IDH,5,20210308,110000,7.3,7.3,7.3,7.3,121,0
IDH,5,20210308,111000,7.3,7.3,7.3,7.3,50,0
IDH,5,20210308,111500,7.3,7.3,7.3,7.3,520,0
IDH,5,20210308,112000,7.3,7.3,7.3,7.3,13,0
IDH,5,20210308,150000,7.05,7.05,7.05,7.05,743,0
IDH,5,20210308,150500,7.05,7.05,7.05,7.05,625,0
IDH,5,20210308,151500,7.05,7.05,7.05,7.05,518,0
IDH,5,20210308,152000,7.05,7.05,7.05,7.05,753,0
IDH,5,20210308,152500,7.05,7.05,7.05,7.05,416,0
IDH,5,20210309,110000,7,7,7,7,2183,0
IDH,5,20210309,110500,7,7,7,7,126,0
IDH,5,20210309,112500,7,7,7,7,202,0
IDH,5,20210309,150000,6.9,6.9,6.9,6.9,1021,0
IDH,5,20210309,150500,6.9,6.9,6.9,6.9,450,0
IDH,5,20210309,151500,6.9,6.9,6.9,6.9,161,0
IDH,5,20210310,110000,7,7,7,7,2631,0
IDH,5,20210310,111500,7,7,7,7,2486,0
IDH,5,20210310,112000,7,7,7,7,279,0
IDH,5,20210310,112500,7,7,7,7,125,0
IDH,5,20210310,150000,7,7,7,7,1515,0
IDH,5,20210310,150500,7,7,7,7,575,0
IDH,5,20210310,151000,7,7,7,7,591,0
IDH,5,20210310,151500,7,7,7,7,68,0
IDH,5,20210310,152000,7,7,7,7,60,0
IDH,5,20210311,110000,6.9,6.9,6.9,6.9,2233,0
IDH,5,20210311,111000,6.9,6.9,6.9,6.9,358,0
IDH,5,20210311,111500,6.9,6.9,6.9,6.9,27,0
IDH,5,20210311,150000,6.9,6.9,6.9,6.9,340,0
IDH,5,20210312,110000,6.85,6.85,6.85,6.85,1858,0
IDH,5,20210312,110500,6.85,6.85,6.85,6.85,125,0
IDH,5,20210312,150000,6.8,6.8,6.8,6.8,1864,0
IDH,5,20210312,151000,6.8,6.8,6.8,6.8,350,0
IDH,5,20210312,151500,6.8,6.8,6.8,6.8,190,0
IDH,5,20210312,152500,6.8,6.8,6.8,6.8,878,0
IDH,5,20210315,110000,6.6,6.6,6.6,6.6,2302,0
IDH,5,20210315,110500,6.6,6.6,6.6,6.6,30,0
IDH,5,20210315,111000,6.6,6.6,6.6,6.6,518,0
IDH,5,20210315,111500,6.6,6.6,6.6,6.6,406,0
IDH,5,20210315,112500,6.6,6.6,6.6,6.6,200,0
IDH,5,20210315,150000,6.65,6.65,6.65,6.65,3194,0
IDH,5,20210315,150500,6.65,6.65,6.65,6.65,342,0
IDH,5,20210315,152000,6.65,6.65,6.65,6.65,100,0
IDH,5,20210316,110000,6.65,6.65,6.65,6.65,2222,0
IDH,5,20210316,110500,6.65,6.65,6.65,6.65,7,0
IDH,5,20210316,111000,6.65,6.65,6.65,6.65,3,0
IDH,5,20210316,112000,6.65,6.65,6.65,6.65,202,0
IDH,5,20210316,150000,6.05,6.05,6.05,6.05,4601,0
IDH,5,20210316,151500,6.05,6.05,6.05,6.05,44,0
IDH,5,20210317,110000,6.15,6.15,6.15,6.15,4122,0
IDH,5,20210317,110500,6.15,6.15,6.15,6.15,279,0
IDH,5,20210317,111500,6.15,6.15,6.15,6.15,7,0
IDH,5,20210317,150000,6.7,6.7,6.7,6.7,3130,0
IDH,5,20210317,150500,6.7,6.7,6.7,6.7,25,0
IDH,5,20210317,152000,6.7,6.7,6.7,6.7,193,0
IDH,5,20210318,110000,6.4,6.4,6.4,6.4,479,0
IDH,5,20210318,112000,6.4,6.4,6.4,6.4,270,0
IDH,5,20210318,150000,6.65,6.65,6.65,6.65,550,0
IDH,5,20210318,151500,6.65,6.65,6.65,6.65,100,0
IDH,5,20210319,110000,6.8,6.8,6.8,6.8,1566,0
IDH,5,20210319,150000,6.65,6.65,6.65,6.65,305,0
IDH,5,20210319,152000,6.65,6.65,6.65,6.65,30,0
IDH,5,20210322,110000,6.4,6.4,6.4,6.4,273,0
IDH,5,20210322,111500,6.4,6.4,6.4,6.4,454,0
IDH,5,20210322,150000,7,7,7,7,2731,0
IDH,5,20210322,150500,7,7,7,7,508,0
IDH,5,20210322,151000,7,7,7,7,238,0
IDH,5,20210322,152500,7,7,7,7,603,0
IDH,5,20210323,110000,7.3,7.3,7.3,7.3,1872,0
IDH,5,20210323,110500,7.3,7.3,7.3,7.3,200,0
IDH,5,20210323,112500,7.3,7.3,7.3,7.3,60,0
IDH,5,20210323,150000,7.25,7.25,7.25,7.25,677,0
IDH,5,20210323,152500,7.25,7.25,7.25,7.25,300,0
IDH,5,20210324,110000,7.2,7.2,7.2,7.2,1243,0
IDH,5,20210324,112000,7.2,7.2,7.2,7.2,130,0
IDH,5,20210324,150000,6.9,6.9,6.9,6.9,408,0
IDH,5,20210324,150500,6.9,6.9,6.9,6.9,20,0
IDH,5,20210324,151000,6.9,6.9,6.9,6.9,125,0
IDH,5,20210324,151500,6.9,6.9,6.9,6.9,155,0
IDH,5,20210325,110000,6.7,6.7,6.7,6.7,649,0
IDH,5,20210325,112500,6.7,6.7,6.7,6.7,178,0
IDH,5,20210325,150000,6.7,6.7,6.7,6.7,15,0
IDH,5,20210326,110000,6.6,6.6,6.6,6.6,13,0
IDH,5,20210326,110500,6.6,6.6,6.6,6.6,258,0
IDH,5,20210326,111000,6.6,6.6,6.6,6.6,144,0
IDH,5,20210326,112500,6.6,6.6,6.6,6.6,190,0
IDH,5,20210326,150000,7.8,7.8,7.8,7.8,11928,0
IDH,5,20210326,150500,7.8,7.8,7.8,7.8,2636,0
IDH,5,20210326,151000,7.8,7.8,7.8,7.8,323,0
IDH,5,20210326,152000,7.8,7.8,7.8,7.8,258,0
IDH,5,20210326,152500,7.8,7.8,7.8,7.8,1085,0
