<TICKER>,<PER>,<DATE>,<TIME>,<OPEN>,<HIGH>,<LOW>,<CLOSE>,<VOL>,<OPENINT>
IGN,5,20210204,090000,21.5,21.5,20.6,20.8,28082,0
IGN,5,20210204,090500,20.7,21.2,20.7,21.2,2778,0
IGN,5,20210204,091000,21,21.2,20.9,21.2,2877,0
IGN,5,20210204,091500,21.2,21.2,21,21,589,0
IGN,5,20210204,092000,21,21,20.8,20.9,2346,0
IGN,5,20210204,092500,21,21.1,21,21.1,338,0
IGN,5,20210204,093000,20.9,21.1,20.9,21.1,690,0
IGN,5,20210204,093500,21.1,21.1,21.1,21.1,311,0
IGN,5,20210204,094000,21.1,21.1,21.1,21.1,160,0
IGN,5,20210204,094500,21,21.2,21,21,2006,0
IGN,5,20210204,095000,21.1,21.1,21,21.1,332,0
IGN,5,20210204,095500,21.1,21.2,21,21.1,226,0
IGN,5,20210204,100000,21.2,21.3,21.1,21.2,1524,0
IGN,5,20210204,100500,21.2,21.2,21.2,21.2,281,0
IGN,5,20210204,101000,21.2,21.3,21.2,21.3,530,0
IGN,5,20210204,101500,21.3,21.5,21.2,21.5,3971,0
IGN,5,20210204,102000,21.6,21.7,21.5,21.6,3895,0
IGN,5,20210204,102500,21.6,21.7,21.5,21.5,2299,0
IGN,5,20210204,103000,21.5,21.5,21.5,21.5,753,0
IGN,5,20210204,103500,21.5,21.6,21.3,21.5,1635,0
IGN,5,20210204,104000,21.4,21.4,21.4,21.4,200,0
IGN,5,20210204,104500,21.4,21.5,21.4,21.4,198,0
IGN,5,20210204,105000,21.4,21.5,21.3,21.5,1964,0
IGN,5,20210204,105500,21.2,21.5,21.2,21.2,1050,0
IGN,5,20210204,110000,21.2,21.4,21.1,21.1,3271,0
IGN,5,20210204,110500,21.4,21.4,21.4,21.4,1,0
IGN,5,20210204,111000,21.2,21.2,21.2,21.2,900,0
IGN,5,20210204,111500,21.2,21.2,21.2,21.2,547,0
IGN,5,20210204,112500,21.2,21.2,21.2,21.2,150,0
IGN,5,20210204,113000,21.2,21.2,21.1,21.1,1061,0
IGN,5,20210204,114000,21.2,21.2,21.2,21.2,115,0
IGN,5,20210204,114500,21.4,21.4,21.1,21.4,721,0
IGN,5,20210204,115000,21.2,21.4,21.1,21.4,1005,0
IGN,5,20210204,115500,21.5,21.5,21.5,21.5,629,0
IGN,5,20210204,120500,21.2,21.2,21.2,21.2,70,0
IGN,5,20210204,121000,21.2,21.2,21.2,21.2,35,0
IGN,5,20210204,121500,21.2,21.4,21.2,21.2,1397,0
IGN,5,20210204,122000,21.2,21.3,21.2,21.3,1003,0
IGN,5,20210204,122500,21.2,21.2,21.1,21.1,612,0
IGN,5,20210204,123000,21.2,21.2,21.2,21.2,135,0
IGN,5,20210204,123500,21.2,21.2,21.2,21.2,265,0
IGN,5,20210204,124000,21.3,21.3,21.3,21.3,40,0
IGN,5,20210204,124500,21.3,21.3,21.3,21.3,105,0
IGN,5,20210204,125500,21.3,21.3,21.2,21.2,574,0
IGN,5,20210204,130000,21.1,21.1,21,21.1,5237,0
IGN,5,20210204,130500,21,21,20.9,21,4635,0
IGN,5,20210204,131000,21.1,21.2,21,21.2,647,0
IGN,5,20210204,132000,21.2,21.2,21.2,21.2,100,0
IGN,5,20210204,132500,21.1,21.1,21.1,21.1,197,0
IGN,5,20210204,133000,21.1,21.1,20.9,20.9,1104,0
IGN,5,20210204,135000,21,21,21,21,63,0
IGN,5,20210204,135500,21,21.1,21,21.1,741,0
IGN,5,20210204,140500,21.2,21.2,21.2,21.2,5,0
IGN,5,20210204,141000,21.2,21.2,21.2,21.2,1,0
IGN,5,20210204,143000,21.2,21.2,21.2,21.2,266,0
IGN,5,20210204,145000,21.1,21.1,21.1,21.1,11,0
IGN,5,20210204,150000,21.1,21.1,21,21,100,0
IGN,5,20210204,150500,21,21,21,21,93,0
IGN,5,20210204,151000,21.1,21.1,21.1,21.1,150,0
IGN,5,20210204,151500,21,21.1,21,21.1,80,0
IGN,5,20210204,152000,21.1,21.1,21.1,21.1,100,0
IGN,5,20210204,152500,21.1,21.1,21,21,215,0
IGN,5,20210204,153500,21,21,21,21,206,0
IGN,5,20210204,154000,21.1,21.1,21,21,585,0
IGN,5,20210204,154500,21.1,21.1,21.1,21.1,25,0
IGN,5,20210204,155000,21.2,21.2,21.2,21.2,100,0
IGN,5,20210204,155500,21.1,21.1,21.1,21.1,100,0
IGN,5,20210204,160000,21.2,21.2,21.1,21.2,717,0
IGN,5,20210204,160500,21.2,21.2,21.1,21.1,150,0
IGN,5,20210204,161000,21.2,21.3,21,21.3,1520,0
IGN,5,20210204,161500,21.1,21.3,21,21.3,682,0
IGN,5,20210204,162000,21.2,21.3,21.2,21.2,175,0
IGN,5,20210204,162500,21.1,21.3,21.1,21.3,450,0
IGN,5,20210204,163000,21.1,21.1,21.1,21.1,10,0
IGN,5,20210204,164000,21.2,21.2,21.2,21.2,105,0
IGN,5,20210204,164500,21.1,21.1,21.1,21.1,953,0
IGN,5,20210205,090000,21.1,21.1,20.9,20.9,1354,0
IGN,5,20210205,090500,20.9,21.1,20.8,21.1,1185,0
IGN,5,20210205,091000,21,21,20.8,21,1305,0
IGN,5,20210205,091500,20.9,21,20.8,21,35,0
IGN,5,20210205,092000,21,21,20.8,20.9,445,0
IGN,5,20210205,092500,20.9,20.9,20.9,20.9,149,0
IGN,5,20210205,093000,20.8,21,20.5,20.8,7465,0
IGN,5,20210205,093500,20.5,20.8,20.5,20.6,422,0
IGN,5,20210205,094000,20.8,20.9,20.6,20.8,3028,0
IGN,5,20210205,094500,20.8,20.8,20.8,20.8,200,0
IGN,5,20210205,095000,20.7,20.7,20.6,20.6,711,0
IGN,5,20210205,095500,20.6,21.1,20.6,21.1,3303,0
IGN,5,20210205,100000,20.9,21.1,20.8,21.1,1200,0
IGN,5,20210205,100500,21,21,21,21,126,0
IGN,5,20210205,101000,21,21,21,21,10,0
IGN,5,20210205,102000,20.9,21.1,20.9,21.1,1415,0
IGN,5,20210205,102500,21.1,21.1,21,21,900,0
IGN,5,20210205,103000,21,21.1,21,21.1,301,0
IGN,5,20210205,103500,21,21,21,21,286,0
IGN,5,20210205,104000,21,21.4,21,21.4,3722,0
IGN,5,20210205,104500,21.4,21.4,21.3,21.4,421,0
IGN,5,20210205,105000,21.4,21.8,21.2,21.8,8224,0
IGN,5,20210205,105500,21.9,22.3,21.8,22.1,10281,0
IGN,5,20210205,110000,22.1,22.1,21.8,22,3459,0
IGN,5,20210205,110500,21.8,22,21.8,21.8,516,0
IGN,5,20210205,111000,21.9,21.9,21.7,21.8,873,0
IGN,5,20210205,111500,21.7,22,21.7,22,2295,0
IGN,5,20210205,112000,22,22.2,21.9,22.1,11117,0
IGN,5,20210205,112500,22.2,22.2,22,22.2,3854,0
IGN,5,20210205,113000,22.2,22.2,21.9,21.9,1376,0
IGN,5,20210205,113500,22,22,22,22,590,0
IGN,5,20210205,114000,22,22.1,22,22.1,263,0
IGN,5,20210205,114500,22,22,21.9,22,1742,0
IGN,5,20210205,115000,21.9,22,21.8,21.8,304,0
IGN,5,20210205,115500,21.9,21.9,21.7,21.8,2273,0
IGN,5,20210205,120000,21.8,21.9,21.8,21.8,876,0
IGN,5,20210205,120500,21.8,21.8,21.7,21.8,2113,0
IGN,5,20210205,121000,21.7,21.9,20.7,21,39231,0
IGN,5,20210205,121500,21,21.2,21,21.2,3108,0
IGN,5,20210205,122000,21.2,21.4,21.2,21.4,4876,0
IGN,5,20210205,122500,21.4,21.4,21.1,21.1,814,0
IGN,5,20210205,123000,21.1,21.1,21,21,3000,0
IGN,5,20210205,123500,21,21.1,20.9,21.1,3009,0
IGN,5,20210205,124000,21.1,21.1,21.1,21.1,100,0
IGN,5,20210205,124500,21.1,21.1,21.1,21.1,602,0
IGN,5,20210205,125500,21.1,21.1,21.1,21.1,700,0
IGN,5,20210205,130000,21.1,21.1,21.1,21.1,1441,0
IGN,5,20210205,130500,21.2,21.2,21.2,21.2,1956,0
IGN,5,20210205,131000,21.2,21.2,21.2,21.2,1000,0
IGN,5,20210205,131500,21.1,21.1,21,21,3278,0
IGN,5,20210205,132000,21,21,20.8,21,1784,0
IGN,5,20210205,132500,21,21,20.9,20.9,450,0
IGN,5,20210205,133000,21,21,21,21,449,0
IGN,5,20210205,133500,21,21.1,20.9,21.1,202,0
IGN,5,20210205,134500,20.9,20.9,20.9,20.9,150,0
IGN,5,20210205,135000,21,21,21,21,290,0
IGN,5,20210205,135500,21,21.1,21,21.1,500,0
IGN,5,20210205,140000,21,21,20.8,20.9,1600,0
IGN,5,20210205,140500,20.9,20.9,20.9,20.9,200,0
IGN,5,20210205,141000,20.9,20.9,20.9,20.9,687,0
IGN,5,20210205,141500,20.8,20.8,20.8,20.8,300,0
IGN,5,20210205,142000,20.8,20.9,20.8,20.9,1243,0
IGN,5,20210205,142500,20.9,20.9,20.8,20.9,841,0
IGN,5,20210205,143000,20.9,21.1,20.8,20.9,620,0
IGN,5,20210205,143500,21.1,21.1,20.9,21.1,84,0
IGN,5,20210205,144000,21.1,21.1,21.1,21.1,75,0
IGN,5,20210205,144500,21,21,21,21,100,0
IGN,5,20210205,145000,21,21.1,20.9,20.9,278,0
IGN,5,20210205,145500,21,21.1,21,21.1,142,0
IGN,5,20210205,150000,21.1,21.1,21.1,21.1,4521,0
IGN,5,20210205,150500,21,21,21,21,1190,0
IGN,5,20210205,151000,21.1,21.2,21.1,21.2,139,0
IGN,5,20210205,151500,21.1,21.3,21.1,21.3,2402,0
IGN,5,20210205,152000,21.1,21.4,21.1,21.4,3702,0
IGN,5,20210205,152500,21.3,21.7,21.3,21.6,5902,0
IGN,5,20210205,153000,21.5,21.7,21.4,21.7,4230,0
IGN,5,20210205,153500,21.6,21.6,21.6,21.6,2171,0
IGN,5,20210205,154000,21.6,21.7,21.6,21.7,700,0
IGN,5,20210205,154500,21.6,21.7,21.5,21.5,336,0
IGN,5,20210205,155000,21.5,21.5,21.5,21.5,66,0
IGN,5,20210205,155500,21.5,21.5,21.5,21.5,1952,0
IGN,5,20210205,160000,21.4,21.4,21.4,21.4,198,0
IGN,5,20210205,160500,21.4,21.4,21.3,21.3,66,0
IGN,5,20210205,161000,21.4,21.5,21.4,21.5,502,0
IGN,5,20210205,161500,21.5,21.5,21.5,21.5,3132,0
IGN,5,20210205,162000,21.4,21.4,21.4,21.4,43,0
IGN,5,20210205,162500,21.3,21.5,21.3,21.3,782,0
IGN,5,20210205,163000,21.5,21.5,21.4,21.5,652,0
IGN,5,20210205,163500,21.5,21.5,21.5,21.5,80,0
IGN,5,20210205,164000,21.4,21.4,21.1,21.1,2441,0
IGN,5,20210205,164500,21.1,21.4,21.1,21.1,3917,0
IGN,5,20210208,090000,21.1,21.4,21,21.4,2244,0
IGN,5,20210208,090500,21.4,21.6,21.4,21.5,2156,0
IGN,5,20210208,091000,21.5,21.5,21.4,21.5,593,0
IGN,5,20210208,091500,21.4,21.5,21,21,2727,0
IGN,5,20210208,092000,21.1,21.2,21.1,21.1,672,0
IGN,5,20210208,092500,21.1,21.2,21.1,21.2,600,0
IGN,5,20210208,093000,21.3,21.3,21,21,4760,0
IGN,5,20210208,093500,21,21.3,21,21.3,294,0
IGN,5,20210208,094000,21.1,21.1,21,21,553,0
IGN,5,20210208,094500,21.2,21.2,21.1,21.1,275,0
IGN,5,20210208,095000,21.1,21.1,21,21.1,288,0
IGN,5,20210208,095500,21.1,21.1,21,21,490,0
IGN,5,20210208,100000,21,21.1,21,21.1,1600,0
IGN,5,20210208,100500,21.1,21.1,21.1,21.1,464,0
IGN,5,20210208,101000,21.1,21.2,21,21.2,1650,0
IGN,5,20210208,101500,21.1,21.2,21,21.2,1040,0
IGN,5,20210208,102000,21,21,21,21,140,0
IGN,5,20210208,102500,21.1,21.1,21.1,21.1,40,0
IGN,5,20210208,103000,21.2,21.2,21.1,21.2,555,0
IGN,5,20210208,103500,21.1,21.2,21,21,403,0
IGN,5,20210208,104000,21,21.1,20.9,21.1,4062,0
IGN,5,20210208,104500,21,21,21,21,1331,0
IGN,5,20210208,105000,21,21,21,21,1410,0
IGN,5,20210208,105500,21,21,20.9,21,506,0
IGN,5,20210208,110000,20.9,20.9,20.9,20.9,337,0
IGN,5,20210208,110500,21,21,20.9,20.9,2435,0
IGN,5,20210208,111000,21,21,20.8,20.8,870,0
IGN,5,20210208,111500,20.9,20.9,20.8,20.8,465,0
IGN,5,20210208,112000,20.8,20.8,20.8,20.8,28,0
IGN,5,20210208,112500,21,21,21,21,2,0
IGN,5,20210208,113000,20.9,20.9,20.9,20.9,10,0
IGN,5,20210208,113500,20.9,20.9,20.9,20.9,651,0
IGN,5,20210208,114000,20.8,20.9,20.8,20.9,370,0
IGN,5,20210208,114500,20.9,21,20.8,21,1265,0
IGN,5,20210208,115500,21,21,21,21,360,0
IGN,5,20210208,120000,20.9,21,20.9,20.9,343,0
IGN,5,20210208,120500,20.9,20.9,20.8,20.8,2311,0
IGN,5,20210208,121000,20.8,20.8,20.7,20.7,937,0
IGN,5,20210208,121500,20.7,20.8,20.7,20.7,1854,0
IGN,5,20210208,122000,20.7,20.7,20.7,20.7,958,0
IGN,5,20210208,122500,20.9,21,20.9,21,5548,0
IGN,5,20210208,123000,20.9,20.9,20.9,20.9,158,0
IGN,5,20210208,123500,20.9,20.9,20.8,20.8,101,0
IGN,5,20210208,124500,20.8,20.8,20.7,20.7,240,0
IGN,5,20210208,125000,20.8,20.8,20.8,20.8,40,0
IGN,5,20210208,125500,20.8,20.8,20.8,20.8,2595,0
IGN,5,20210208,130000,20.8,20.8,20.8,20.8,923,0
IGN,5,20210208,130500,20.8,20.8,20.8,20.8,324,0
IGN,5,20210208,131000,20.8,20.9,20.8,20.9,171,0
IGN,5,20210208,131500,20.9,20.9,20.9,20.9,545,0
IGN,5,20210208,132000,20.8,20.8,20.8,20.8,100,0
IGN,5,20210208,132500,20.8,20.8,20.8,20.8,39,0
IGN,5,20210208,133000,20.9,20.9,20.9,20.9,100,0
IGN,5,20210208,134000,20.8,20.9,20.8,20.9,464,0
IGN,5,20210208,134500,20.8,20.8,20.8,20.8,99,0
IGN,5,20210208,135500,20.9,20.9,20.9,20.9,116,0
IGN,5,20210208,140000,20.9,20.9,20.8,20.8,254,0
IGN,5,20210208,140500,20.9,20.9,20.9,20.9,30,0
IGN,5,20210208,141000,20.9,20.9,20.8,20.8,2384,0
IGN,5,20210208,141500,20.8,20.8,20.8,20.8,80,0
IGN,5,20210208,142000,20.8,20.8,20.7,20.8,396,0
IGN,5,20210208,142500,20.7,20.8,20.7,20.8,435,0
IGN,5,20210208,143000,20.8,20.8,20.8,20.8,140,0
IGN,5,20210208,143500,20.8,20.8,20.8,20.8,263,0
IGN,5,20210208,144000,20.8,20.8,20.8,20.8,30,0
IGN,5,20210208,144500,20.8,20.9,20.8,20.9,1001,0
IGN,5,20210208,145000,20.9,21,20.9,21,300,0
IGN,5,20210208,150500,20.8,21,20.8,21,175,0
IGN,5,20210208,151000,21,21,21,21,500,0
IGN,5,20210208,151500,20.8,20.8,20.8,20.8,544,0
IGN,5,20210208,152500,20.8,21,20.8,21,495,0
IGN,5,20210208,153000,21,21,20.9,20.9,1590,0
IGN,5,20210208,153500,20.9,20.9,20.9,20.9,100,0
IGN,5,20210208,154500,21,21,20.9,20.9,380,0
IGN,5,20210208,155000,21,21.1,21,21.1,1694,0
IGN,5,20210208,155500,21,21.1,21,21,1041,0
IGN,5,20210208,160000,21,21.2,21,21.1,1701,0
IGN,5,20210208,160500,21.1,21.1,21,21,894,0
IGN,5,20210208,161500,21,21.1,20.9,20.9,2957,0
IGN,5,20210208,162000,21.1,21.2,20.9,21,1460,0
IGN,5,20210208,162500,21,21,20.9,20.9,112,0
IGN,5,20210208,163000,20.9,20.9,20.9,20.9,2605,0
IGN,5,20210208,164000,20.9,21,20.9,21,110,0
IGN,5,20210208,164500,21,21.2,21,21.2,3128,0
IGN,5,20210209,090000,21.1,21.1,20.7,20.7,571,0
IGN,5,20210209,090500,20.8,20.8,20.8,20.8,120,0
IGN,5,20210209,091000,20.8,20.9,20.7,20.9,1857,0
IGN,5,20210209,091500,20.8,21,20.7,21,1327,0
IGN,5,20210209,092000,20.8,20.8,20.8,20.8,265,0
IGN,5,20210209,092500,20.8,20.8,20.8,20.8,62,0
IGN,5,20210209,093000,20.8,20.8,20.7,20.7,192,0
IGN,5,20210209,093500,20.8,20.8,20.8,20.8,4,0
IGN,5,20210209,094000,20.9,21,20.8,20.8,1681,0
IGN,5,20210209,094500,20.8,20.8,20.8,20.8,504,0
IGN,5,20210209,100000,20.7,20.9,20.7,20.9,156,0
IGN,5,20210209,101000,21,21,20.7,20.7,136,0
IGN,5,20210209,101500,20.8,20.8,20.8,20.8,250,0
IGN,5,20210209,102000,20.7,20.8,20.7,20.8,257,0
IGN,5,20210209,102500,20.8,20.9,20.8,20.9,249,0
IGN,5,20210209,103000,20.9,20.9,20.9,20.9,58,0
IGN,5,20210209,103500,21,21,21,21,70,0
IGN,5,20210209,104000,21,21,20.9,21,244,0
IGN,5,20210209,104500,20.9,20.9,20.9,20.9,600,0
IGN,5,20210209,105000,20.9,20.9,20.9,20.9,100,0
IGN,5,20210209,110000,20.9,20.9,20.9,20.9,800,0
IGN,5,20210209,110500,20.9,20.9,20.9,20.9,780,0
IGN,5,20210209,111000,20.9,21,20.9,21,189,0
IGN,5,20210209,111500,21,21,21,21,215,0
IGN,5,20210209,112000,21,21,20.9,21,245,0
IGN,5,20210209,112500,20.9,21,20.9,21,309,0
IGN,5,20210209,113000,21,21,21,21,500,0
IGN,5,20210209,113500,20.9,20.9,20.9,20.9,573,0
IGN,5,20210209,114000,20.9,20.9,20.8,20.8,397,0
IGN,5,20210209,115000,20.8,20.8,20.8,20.8,1576,0
IGN,5,20210209,120000,20.8,20.8,20.8,20.8,50,0
IGN,5,20210209,120500,20.8,20.8,20.8,20.8,4016,0
IGN,5,20210209,121000,20.8,20.8,20.8,20.8,18,0
IGN,5,20210209,121500,20.8,20.8,20.8,20.8,224,0
IGN,5,20210209,122000,20.9,20.9,20.9,20.9,50,0
IGN,5,20210209,122500,20.8,20.9,20.8,20.8,370,0
IGN,5,20210209,123500,20.9,20.9,20.9,20.9,110,0
IGN,5,20210209,124000,20.9,20.9,20.9,20.9,100,0
IGN,5,20210209,124500,20.8,20.9,20.8,20.9,1388,0
IGN,5,20210209,125000,20.9,20.9,20.9,20.9,360,0
IGN,5,20210209,125500,20.9,20.9,20.9,20.9,200,0
IGN,5,20210209,130500,20.9,20.9,20.9,20.9,500,0
IGN,5,20210209,131000,20.9,20.9,20.9,20.9,200,0
IGN,5,20210209,132000,21,21,21,21,10,0
IGN,5,20210209,133000,20.9,20.9,20.9,20.9,90,0
IGN,5,20210209,134500,20.9,20.9,20.9,20.9,201,0
IGN,5,20210209,135000,20.9,20.9,20.8,20.9,87,0
IGN,5,20210209,140000,20.9,20.9,20.8,20.8,450,0
IGN,5,20210209,140500,20.8,21,20.8,21,260,0
IGN,5,20210209,141000,21,21,21,21,569,0
IGN,5,20210209,142000,20.9,20.9,20.9,20.9,154,0
IGN,5,20210209,142500,20.8,20.9,20.8,20.9,751,0
IGN,5,20210209,143000,20.8,20.8,20.8,20.8,250,0
IGN,5,20210209,143500,20.8,20.8,20.8,20.8,107,0
IGN,5,20210209,144500,20.9,20.9,20.8,20.8,410,0
IGN,5,20210209,145000,20.8,21,20.8,21,594,0
IGN,5,20210209,145500,20.9,20.9,20.9,20.9,573,0
IGN,5,20210209,150000,20.9,20.9,20.9,20.9,117,0
IGN,5,20210209,152000,20.9,20.9,20.9,20.9,383,0
IGN,5,20210209,153000,20.9,20.9,20.9,20.9,20,0
IGN,5,20210209,153500,20.9,20.9,20.9,20.9,10,0
IGN,5,20210209,154000,20.8,20.8,20.8,20.8,2398,0
IGN,5,20210209,154500,20.8,20.8,20.8,20.8,375,0
IGN,5,20210209,155000,20.8,20.9,20.8,20.9,190,0
IGN,5,20210209,155500,20.8,20.9,20.8,20.9,331,0
IGN,5,20210209,160500,20.9,21,20.9,21,10455,0
IGN,5,20210209,162000,20.9,21,20.9,20.9,746,0
IGN,5,20210209,163500,21,21,20.9,20.9,620,0
IGN,5,20210209,164000,21,21,21,21,60,0
IGN,5,20210209,164500,21,21,20.7,20.8,9479,0
IGN,5,20210210,090000,20.9,20.9,20.7,20.7,6803,0
IGN,5,20210210,090500,20.7,20.8,20.7,20.7,3484,0
IGN,5,20210210,091000,20.7,20.8,20.6,20.6,3834,0
IGN,5,20210210,091500,20.7,20.8,20.6,20.6,2600,0
IGN,5,20210210,092000,20.6,20.7,20.6,20.6,949,0
IGN,5,20210210,092500,20.6,20.7,20.2,20.7,7731,0
IGN,5,20210210,093000,20.6,20.6,20.2,20.3,9407,0
IGN,5,20210210,093500,20.3,20.4,19.9,20.1,14441,0
IGN,5,20210210,094000,20.1,20.2,19.65,19.9,10914,0
IGN,5,20210210,094500,19.9,19.95,19.7,19.8,6645,0
IGN,5,20210210,095000,19.8,19.8,19.4,19.55,16601,0
IGN,5,20210210,095500,19.55,19.85,19.55,19.7,7145,0
IGN,5,20210210,100000,19.7,19.8,19.65,19.8,4291,0
IGN,5,20210210,100500,19.7,19.95,19.7,19.85,9096,0
IGN,5,20210210,101000,19.85,19.9,19.8,19.9,1170,0
IGN,5,20210210,101500,19.9,19.9,19.85,19.85,2780,0
IGN,5,20210210,102000,19.8,19.95,19.8,19.95,4406,0
IGN,5,20210210,102500,20,20.2,20,20.2,5738,0
IGN,5,20210210,103000,20.1,20.2,20,20,2204,0
IGN,5,20210210,103500,20,20.2,20,20.1,1714,0
IGN,5,20210210,104000,20.1,20.1,19.85,20,1544,0
IGN,5,20210210,104500,20,20,20,20,69,0
IGN,5,20210210,105000,20,20.2,20,20.2,748,0
IGN,5,20210210,105500,20.1,20.1,19.85,19.85,2543,0
IGN,5,20210210,110000,20,20,19.8,19.8,2072,0
IGN,5,20210210,110500,20,20,19.95,20,900,0
IGN,5,20210210,111000,20,20,20,20,55,0
IGN,5,20210210,111500,20,20,19.9,20,90,0
IGN,5,20210210,112000,20,20,19.95,20,729,0
IGN,5,20210210,112500,20,20,20,20,592,0
IGN,5,20210210,113000,20,20,20,20,25,0
IGN,5,20210210,113500,20,20.1,20,20.1,393,0
IGN,5,20210210,114000,19.95,19.95,19.9,19.9,1275,0
IGN,5,20210210,114500,20.1,20.1,20,20,534,0
IGN,5,20210210,115000,20,20,19.85,19.85,1335,0
IGN,5,20210210,115500,19.9,19.9,19.9,19.9,35,0
IGN,5,20210210,120000,20,20,20,20,450,0
IGN,5,20210210,120500,19.9,19.9,19.9,19.9,595,0
IGN,5,20210210,121000,19.9,19.9,19.85,19.85,2063,0
IGN,5,20210210,121500,20,20,19.85,19.85,580,0
IGN,5,20210210,122000,20,20,19.85,19.85,1709,0
IGN,5,20210210,122500,19.85,19.85,19.7,19.7,16607,0
IGN,5,20210210,123000,19.95,20,19.9,19.9,576,0
IGN,5,20210210,123500,19.9,19.9,19.8,19.8,467,0
IGN,5,20210210,124000,19.75,19.9,19.75,19.8,1057,0
IGN,5,20210210,124500,19.75,19.8,19.7,19.8,759,0
IGN,5,20210210,125000,19.7,19.8,19.7,19.7,2961,0
IGN,5,20210210,130000,19.7,19.7,19.7,19.7,27,0
IGN,5,20210210,130500,19.7,19.7,19.5,19.55,15136,0
IGN,5,20210210,131000,19.5,19.6,19.45,19.45,2790,0
IGN,5,20210210,131500,19.5,19.55,19.45,19.5,3958,0
IGN,5,20210210,132000,19.55,19.7,19.4,19.6,4432,0
IGN,5,20210210,132500,19.55,19.7,19.4,19.7,1617,0
IGN,5,20210210,133000,19.7,19.7,19.7,19.7,187,0
IGN,5,20210210,133500,19.65,19.7,19.6,19.7,2541,0
IGN,5,20210210,134000,19.7,19.75,19.7,19.75,780,0
IGN,5,20210210,134500,19.75,19.75,19.75,19.75,692,0
IGN,5,20210210,135000,19.75,19.8,19.75,19.8,501,0
IGN,5,20210210,135500,19.75,19.75,19.75,19.75,111,0
IGN,5,20210210,140000,19.7,19.7,19.7,19.7,508,0
IGN,5,20210210,141000,19.65,19.65,19.6,19.6,701,0
IGN,5,20210210,141500,19.7,19.75,19.7,19.75,369,0
IGN,5,20210210,142000,19.8,19.8,19.75,19.75,200,0
IGN,5,20210210,143000,19.75,19.75,19.75,19.75,100,0
IGN,5,20210210,143500,19.7,19.7,19.5,19.5,2893,0
IGN,5,20210210,144000,19.65,19.65,19.45,19.6,1358,0
IGN,5,20210210,144500,19.65,19.65,19.6,19.6,427,0
IGN,5,20210210,145000,19.5,19.6,19.45,19.45,323,0
IGN,5,20210210,145500,19.45,19.6,19.45,19.6,85,0
IGN,5,20210210,150000,19.6,19.6,19.45,19.6,2697,0
IGN,5,20210210,150500,19.7,19.7,19.5,19.5,1543,0
IGN,5,20210210,151000,19.5,19.5,19.4,19.4,975,0
IGN,5,20210210,151500,19.5,19.5,19.45,19.5,1824,0
IGN,5,20210210,152000,19.6,19.7,19.6,19.7,1283,0
IGN,5,20210210,152500,19.5,19.65,19.5,19.5,589,0
IGN,5,20210210,153000,19.5,19.65,19.5,19.65,100,0
IGN,5,20210210,153500,19.65,19.65,19.65,19.65,100,0
IGN,5,20210210,154500,19.7,19.7,19.7,19.7,120,0
IGN,5,20210210,155500,19.65,19.65,19.6,19.6,34,0
IGN,5,20210210,160000,19.6,19.6,19.6,19.6,357,0
IGN,5,20210210,160500,19.65,19.65,19.65,19.65,262,0
IGN,5,20210210,161000,19.6,19.6,19.6,19.6,250,0
IGN,5,20210210,161500,19.55,19.6,19.5,19.5,1501,0
IGN,5,20210210,162000,19.5,19.5,19.4,19.4,2225,0
IGN,5,20210210,162500,19.5,19.55,19.5,19.55,323,0
IGN,5,20210210,163000,19.55,19.55,19.55,19.55,101,0
IGN,5,20210210,163500,19.55,19.7,19.5,19.7,1567,0
IGN,5,20210210,164000,19.75,19.75,19.65,19.65,56,0
IGN,5,20210210,164500,19.7,19.7,19.6,19.7,1764,0
IGN,5,20210211,090000,20,20.1,19.7,19.7,6241,0
IGN,5,20210211,090500,20,20,19.8,19.8,2273,0
IGN,5,20210211,091000,19.8,19.8,19.6,19.6,733,0
IGN,5,20210211,091500,19.7,19.7,19.55,19.55,101,0
IGN,5,20210211,092000,19.55,19.6,19.1,19.2,7565,0
IGN,5,20210211,092500,19.3,19.35,19.2,19.35,6750,0
IGN,5,20210211,093000,19.3,19.6,19.3,19.6,1258,0
IGN,5,20210211,093500,19.6,19.6,19.5,19.5,494,0
IGN,5,20210211,094000,19.5,19.8,19.5,19.7,2453,0
IGN,5,20210211,094500,19.6,19.6,19.2,19.2,7691,0
IGN,5,20210211,095000,19.4,19.4,19.25,19.3,487,0
IGN,5,20210211,095500,19.4,19.45,19.4,19.45,3303,0
IGN,5,20210211,100000,19.5,19.5,19.25,19.25,1212,0
IGN,5,20210211,100500,19.35,19.4,19.25,19.4,451,0
IGN,5,20210211,101000,19.3,19.3,19.25,19.3,800,0
IGN,5,20210211,101500,19.3,19.3,19.25,19.3,2047,0
IGN,5,20210211,102000,19.3,19.3,19.15,19.2,8574,0
IGN,5,20210211,102500,19.2,19.2,19.15,19.15,2421,0
IGN,5,20210211,103000,19.15,19.15,18.85,18.85,8407,0
IGN,5,20210211,103500,18.9,19.1,18.9,19.1,4537,0
IGN,5,20210211,104000,19,19.15,19,19.1,792,0
IGN,5,20210211,104500,19.1,19.1,19,19,3269,0
IGN,5,20210211,105000,19,19.1,19,19.1,1961,0
IGN,5,20210211,105500,19.1,19.1,19,19.1,846,0
IGN,5,20210211,110000,19.1,19.1,19.1,19.1,748,0
IGN,5,20210211,110500,19.15,19.2,19.05,19.05,1503,0
IGN,5,20210211,111000,19.05,19.25,19,19.25,2642,0
IGN,5,20210211,111500,19.25,19.25,19.1,19.1,171,0
IGN,5,20210211,112000,19.25,19.25,19.2,19.2,114,0
IGN,5,20210211,112500,19.1,19.1,19.1,19.1,1029,0
IGN,5,20210211,113500,19.1,19.15,19.1,19.1,852,0
IGN,5,20210211,114000,19.15,19.15,19.1,19.1,236,0
IGN,5,20210211,114500,19.05,19.05,19.05,19.05,755,0
IGN,5,20210211,115000,19.05,19.05,19.05,19.05,315,0
IGN,5,20210211,115500,19.05,19.05,19,19,1555,0
IGN,5,20210211,120000,19,19.15,19,19,918,0
IGN,5,20210211,120500,19.05,19.05,19,19,249,0
IGN,5,20210211,121500,19.1,19.1,19.1,19.1,552,0
IGN,5,20210211,122000,19.05,19.15,19.05,19.15,329,0
IGN,5,20210211,122500,19.05,19.05,19,19,2867,0
IGN,5,20210211,123000,19.05,19.2,19.05,19.2,2365,0
IGN,5,20210211,123500,19.2,19.2,19.2,19.2,313,0
IGN,5,20210211,124000,19.2,19.2,19.05,19.15,535,0
IGN,5,20210211,124500,19.15,19.4,19.15,19.4,6423,0
IGN,5,20210211,125000,19.4,19.5,19.4,19.5,260,0
IGN,5,20210211,125500,19.35,19.35,19.05,19.05,2308,0
IGN,5,20210211,130000,19.1,19.2,19.1,19.2,1986,0
IGN,5,20210211,130500,19.2,19.35,19.2,19.35,842,0
IGN,5,20210211,131000,19.2,19.25,19.2,19.25,52,0
IGN,5,20210211,131500,19.25,19.25,19.25,19.25,185,0
IGN,5,20210211,132000,19.25,19.25,19.25,19.25,363,0
IGN,5,20210211,132500,19.2,19.3,19.15,19.3,633,0
IGN,5,20210211,133500,19.3,19.4,19.3,19.4,1790,0
IGN,5,20210211,134000,19.4,19.45,19.3,19.45,1888,0
IGN,5,20210211,134500,19.45,19.45,19.3,19.45,392,0
IGN,5,20210211,135000,19.45,19.5,19.45,19.45,633,0
IGN,5,20210211,135500,19.45,19.45,19.45,19.45,651,0
IGN,5,20210211,140000,19.45,19.5,19.45,19.5,2560,0
IGN,5,20210211,140500,19.4,19.4,19.4,19.4,349,0
IGN,5,20210211,141000,19.4,19.5,19.4,19.5,405,0
IGN,5,20210211,141500,19.5,19.5,19.5,19.5,146,0
IGN,5,20210211,142500,19.4,19.4,19.4,19.4,300,0
IGN,5,20210211,143000,19.4,19.5,19.4,19.5,2008,0
IGN,5,20210211,143500,19.5,19.5,19.5,19.5,190,0
IGN,5,20210211,144000,19.5,19.5,19.4,19.4,41,0
IGN,5,20210211,144500,19.5,19.5,19.5,19.5,450,0
IGN,5,20210211,145500,19.4,19.4,19.3,19.3,2016,0
IGN,5,20210211,150000,19.3,19.3,19.2,19.2,250,0
IGN,5,20210211,150500,19.35,19.35,19.35,19.35,1411,0
IGN,5,20210211,151000,19.3,19.3,19.3,19.3,200,0
IGN,5,20210211,151500,19.25,19.25,19.15,19.15,2241,0
IGN,5,20210211,152000,19.15,19.15,19.05,19.1,3021,0
IGN,5,20210211,152500,19.1,19.1,19.05,19.05,1929,0
IGN,5,20210211,153000,19.1,19.25,19.1,19.25,34,0
IGN,5,20210211,153500,19.15,19.15,19.1,19.1,510,0
IGN,5,20210211,154000,19.1,19.1,19.05,19.05,383,0
IGN,5,20210211,154500,19.1,19.1,19,19.1,1930,0
IGN,5,20210211,155000,19.1,19.1,19.1,19.1,253,0
IGN,5,20210211,155500,19.25,19.3,19.25,19.3,407,0
IGN,5,20210211,160000,19.3,19.4,19.05,19.1,3548,0
IGN,5,20210211,161000,19.15,19.2,19.15,19.2,43,0
IGN,5,20210211,161500,19.2,19.2,19.2,19.2,166,0
IGN,5,20210211,162000,19.2,19.2,19.2,19.2,383,0
IGN,5,20210211,162500,19.2,19.25,19.2,19.2,835,0
IGN,5,20210211,163000,19.15,19.15,19.15,19.15,1235,0
IGN,5,20210211,163500,19.2,19.2,19.15,19.15,60,0
IGN,5,20210211,164000,19.15,19.25,19.15,19.25,669,0
IGN,5,20210211,164500,19.2,19.25,19.15,19.25,612,0
IGN,5,20210212,090000,19,19,18.6,18.7,8256,0
IGN,5,20210212,090500,18.65,18.8,18.6,18.65,4394,0
IGN,5,20210212,091000,18.7,18.75,18.4,18.5,10909,0
IGN,5,20210212,091500,18.5,18.6,18.45,18.5,2518,0
IGN,5,20210212,092000,18.5,18.75,18.5,18.75,1363,0
IGN,5,20210212,092500,18.65,18.7,18.65,18.7,600,0
IGN,5,20210212,093000,18.8,19,18.8,18.9,10736,0
IGN,5,20210212,093500,19,19.2,19,19.2,3833,0
IGN,5,20210212,094000,19.15,19.15,18.9,19.1,440,0
IGN,5,20210212,094500,19,19,18.85,18.95,815,0
IGN,5,20210212,095000,19,19.1,18.9,19.1,959,0
IGN,5,20210212,095500,19.1,19.1,19,19,333,0
IGN,5,20210212,100000,19.1,19.15,19,19.15,1042,0
IGN,5,20210212,100500,19.15,19.15,19.1,19.1,759,0
IGN,5,20210212,101000,19.1,19.15,19.05,19.1,304,0
IGN,5,20210212,101500,19.1,19.2,19.1,19.2,1329,0
IGN,5,20210212,102000,19.2,20.4,19.2,20.2,29023,0
IGN,5,20210212,102500,20,20.7,19.95,20.6,19605,0
IGN,5,20210212,103000,20.5,22,20.4,22,34735,0
IGN,5,20210212,103500,22,22.5,21.6,21.8,43380,0
IGN,5,20210212,104000,21.5,21.6,20.6,21.3,28765,0
IGN,5,20210212,104500,21.2,21.5,20.8,21,8878,0
IGN,5,20210212,105000,21,21.5,20.6,21.3,10738,0
IGN,5,20210212,105500,21.3,21.4,21,21,4226,0
IGN,5,20210212,110000,21.1,21.2,21.1,21.1,1707,0
IGN,5,20210212,110500,21.1,21.5,21.1,21.5,6156,0
IGN,5,20210212,111000,21.5,21.5,21.2,21.3,2545,0
IGN,5,20210212,111500,21.3,21.3,21.3,21.3,809,0
IGN,5,20210212,112000,21.3,21.3,21.1,21.1,505,0
IGN,5,20210212,112500,21.1,21.2,20.2,20.5,13485,0
IGN,5,20210212,113000,20.6,20.7,20.2,20.4,8870,0
IGN,5,20210212,113500,20.4,20.8,20.4,20.6,4188,0
IGN,5,20210212,114000,20.6,21,20.6,20.8,3420,0
IGN,5,20210212,114500,20.8,21.4,20.8,21.2,8626,0
IGN,5,20210212,115000,21,21,20.9,20.9,1013,0
IGN,5,20210212,115500,20.9,20.9,20.9,20.9,268,0
IGN,5,20210212,120000,20.9,21.2,20.9,21.2,2226,0
IGN,5,20210212,120500,21.2,21.2,21,21,64,0
IGN,5,20210212,121000,21,21,20.7,20.7,3325,0
IGN,5,20210212,121500,20.6,21,20.5,21,7722,0
IGN,5,20210212,122000,21,21,20.9,20.9,687,0
IGN,5,20210212,122500,20.8,21,20.8,21,1740,0
IGN,5,20210212,123000,21.1,21.1,21,21.1,2902,0
IGN,5,20210212,123500,21.1,21.2,21,21.2,1488,0
IGN,5,20210212,124000,21,21,20.8,20.8,507,0
IGN,5,20210212,124500,20.8,20.8,20.8,20.8,148,0
IGN,5,20210212,125000,21,21,20.8,20.8,170,0
IGN,5,20210212,125500,21,21,20.8,20.8,50,0
IGN,5,20210212,130000,20.8,20.8,20.7,20.7,1999,0
IGN,5,20210212,130500,20.6,21,20.6,21,2285,0
IGN,5,20210212,131000,20.9,20.9,20.9,20.9,180,0
IGN,5,20210212,131500,20.9,20.9,20.9,20.9,820,0
IGN,5,20210212,132500,20.8,20.8,20.2,20.5,10550,0
IGN,5,20210212,133000,20.4,20.4,20.4,20.4,872,0
IGN,5,20210212,133500,20.5,20.5,20.4,20.5,120,0
IGN,5,20210212,134000,20.5,20.6,20.5,20.6,206,0
IGN,5,20210212,134500,20.5,20.5,20.5,20.5,100,0
IGN,5,20210212,135000,20.4,20.5,20.4,20.4,480,0
IGN,5,20210212,135500,20.4,20.4,20.4,20.4,218,0
IGN,5,20210212,140000,20.6,20.6,20.5,20.5,656,0
IGN,5,20210212,141000,20.5,20.5,20.5,20.5,320,0
IGN,5,20210212,142000,20.5,20.6,20.4,20.6,306,0
IGN,5,20210212,142500,20.4,20.4,20.4,20.4,904,0
IGN,5,20210212,143000,20.3,20.3,19.7,20,10051,0
IGN,5,20210212,143500,20,20.3,20,20.1,2062,0
IGN,5,20210212,144000,20.1,20.1,19.8,19.8,941,0
IGN,5,20210212,144500,19.85,20,19.8,19.85,2375,0
IGN,5,20210212,145000,19.95,20.1,19.85,20.1,983,0
IGN,5,20210212,145500,20.1,20.1,20,20,495,0
IGN,5,20210212,150000,20.1,20.1,20.1,20.1,167,0
IGN,5,20210212,150500,20.1,20.2,20.1,20.2,568,0
IGN,5,20210212,151000,20.2,20.2,20.2,20.2,100,0
IGN,5,20210212,151500,20.3,20.4,20.3,20.4,2435,0
IGN,5,20210212,152000,20.3,20.5,20.3,20.5,450,0
IGN,5,20210212,152500,20.2,20.2,20.2,20.2,602,0
IGN,5,20210212,153000,20.3,20.3,20.3,20.3,328,0
IGN,5,20210212,153500,20.2,20.4,20.2,20.4,265,0
IGN,5,20210212,154000,20.1,20.3,20,20.3,256,0
IGN,5,20210212,154500,20.4,20.4,20.1,20.3,529,0
IGN,5,20210212,155000,20.1,20.1,19.8,19.8,3178,0
IGN,5,20210212,155500,19.8,19.8,19.6,19.6,3886,0
IGN,5,20210212,160000,19.85,19.85,19.85,19.85,630,0
IGN,5,20210212,160500,19.8,20.2,19.8,20.1,685,0
IGN,5,20210212,161000,20,20.1,20,20.1,118,0
IGN,5,20210212,161500,20.2,20.3,20.1,20.1,1561,0
IGN,5,20210212,162000,20.4,20.4,20.1,20.1,420,0
IGN,5,20210212,162500,20.1,20.3,20.1,20.1,1830,0
IGN,5,20210212,163000,20.2,20.3,20.1,20.3,695,0
IGN,5,20210212,163500,20.3,20.4,20.2,20.3,3316,0
IGN,5,20210212,164000,20.4,20.4,20.3,20.4,475,0
IGN,5,20210212,164500,20.4,20.4,20.1,20.1,2899,0
IGN,5,20210215,090000,21.9,22.9,21.2,22.8,71773,0
IGN,5,20210215,090500,22.5,23.6,22,22.8,73850,0
IGN,5,20210215,091000,22.8,23.2,22,22,37834,0
IGN,5,20210215,091500,22.1,22.4,22,22.2,14054,0
IGN,5,20210215,092000,22.2,22.2,21.8,22,8331,0
IGN,5,20210215,092500,21.9,22,21.7,21.8,10892,0
IGN,5,20210215,093000,21.8,21.9,21.7,21.8,2632,0
IGN,5,20210215,093500,21.8,21.8,21.6,21.7,7113,0
IGN,5,20210215,094000,21.6,21.6,21.3,21.4,15173,0
IGN,5,20210215,094500,21.3,21.3,20.8,21.3,18330,0
IGN,5,20210215,095000,21.2,21.2,21,21.2,13185,0
IGN,5,20210215,095500,21.1,21.5,21.1,21.5,4702,0
IGN,5,20210215,100000,21.5,22,21.5,21.7,26872,0
IGN,5,20210215,100500,21.8,21.9,21.6,21.9,7449,0
IGN,5,20210215,101000,21.9,21.9,21.7,21.7,2027,0
IGN,5,20210215,101500,21.7,21.9,21.5,21.5,5147,0
IGN,5,20210215,102000,21.6,21.8,21.6,21.8,4960,0
IGN,5,20210215,102500,21.8,21.8,21.7,21.7,447,0
IGN,5,20210215,103000,21.7,21.7,21.5,21.6,5913,0
IGN,5,20210215,103500,21.6,22,21.6,21.9,6933,0
IGN,5,20210215,104000,21.9,21.9,21.6,21.8,7361,0
IGN,5,20210215,104500,21.6,21.6,21.5,21.6,828,0
IGN,5,20210215,105000,21.7,21.9,21.7,21.9,1656,0
IGN,5,20210215,105500,21.9,21.9,21.6,21.6,48,0
IGN,5,20210215,110000,21.8,21.9,21.6,21.9,952,0
IGN,5,20210215,110500,21.7,21.7,21.7,21.7,300,0
IGN,5,20210215,111000,21.9,21.9,21.7,21.7,1108,0
IGN,5,20210215,111500,21.8,21.8,21.5,21.8,2405,0
IGN,5,20210215,112000,21.8,21.8,21.6,21.8,237,0
IGN,5,20210215,112500,21.7,21.7,21.5,21.5,1215,0
IGN,5,20210215,113000,21.6,21.7,21.6,21.7,1751,0
IGN,5,20210215,113500,21.7,21.7,21.7,21.7,200,0
IGN,5,20210215,114000,21.6,21.7,21.3,21.3,7436,0
IGN,5,20210215,114500,21.3,21.5,21.3,21.5,1210,0
IGN,5,20210215,115500,21.3,21.5,21.3,21.3,1342,0
IGN,5,20210215,120000,21.5,21.5,21.3,21.4,352,0
IGN,5,20210215,120500,21.3,21.5,21.3,21.5,948,0
IGN,5,20210215,121000,21.5,21.5,21.4,21.5,112,0
IGN,5,20210215,122000,21.4,21.4,21.4,21.4,400,0
IGN,5,20210215,122500,21.4,21.5,21.3,21.5,2194,0
IGN,5,20210215,123000,21.5,21.5,21.5,21.5,150,0
IGN,5,20210215,123500,21.5,21.5,21.5,21.5,53,0
IGN,5,20210215,124000,21.4,21.4,21.2,21.2,807,0
IGN,5,20210215,124500,21.5,21.5,21.2,21.2,209,0
IGN,5,20210215,125000,21.2,21.2,21.2,21.2,1610,0
IGN,5,20210215,125500,21.3,21.5,21.3,21.5,4481,0
IGN,5,20210215,130000,21.5,21.8,21.4,21.8,4661,0
IGN,5,20210215,130500,21.7,21.9,21.7,21.8,1540,0
IGN,5,20210215,131000,21.7,21.8,21.5,21.5,830,0
IGN,5,20210215,131500,21.5,21.5,21.5,21.5,428,0
IGN,5,20210215,132000,21.5,21.7,21.5,21.7,1200,0
IGN,5,20210215,132500,21.7,21.7,21.7,21.7,560,0
IGN,5,20210215,133000,21.7,21.8,21.7,21.8,1357,0
IGN,5,20210215,133500,21.7,21.7,21.6,21.7,970,0
IGN,5,20210215,134000,21.8,21.8,21.7,21.7,563,0
IGN,5,20210215,135000,21.7,21.7,21.7,21.7,114,0
IGN,5,20210215,135500,21.5,21.5,21.4,21.4,1694,0
IGN,5,20210215,140000,21.6,21.7,21.6,21.7,400,0
IGN,5,20210215,140500,21.6,21.6,21.5,21.5,811,0
IGN,5,20210215,141000,21.5,21.6,21.5,21.6,677,0
IGN,5,20210215,141500,21.7,21.7,21.7,21.7,400,0
IGN,5,20210215,142000,21.7,21.8,21.7,21.8,990,0
IGN,5,20210215,142500,21.8,21.8,21.4,21.5,3340,0
IGN,5,20210215,143000,21.7,21.7,21.5,21.7,1983,0
IGN,5,20210215,143500,21.6,21.9,21.6,21.9,2629,0
IGN,5,20210215,144000,21.9,22,21.9,21.9,1437,0
IGN,5,20210215,144500,22,22.3,21.9,22.2,17695,0
IGN,5,20210215,145000,22.2,22.3,22,22.3,12474,0
IGN,5,20210215,145500,22.2,22.3,22,22.2,1017,0
IGN,5,20210215,150000,22,22.2,22,22.2,237,0
IGN,5,20210215,150500,22.1,22.3,22.1,22.1,2294,0
IGN,5,20210215,151000,22.3,22.3,22.2,22.3,2750,0
IGN,5,20210215,151500,22.1,22.3,22.1,22.2,1457,0
IGN,5,20210215,152000,22.1,22.1,22,22,2168,0
IGN,5,20210215,152500,22,22.2,22,22.2,4077,0
IGN,5,20210215,153000,22.1,22.2,22,22.1,1573,0
IGN,5,20210215,153500,22,22,21.8,21.9,1683,0
IGN,5,20210215,154000,22,22,22,22,1017,0
IGN,5,20210215,154500,22,22,22,22,281,0
IGN,5,20210215,155000,21.9,21.9,21.9,21.9,128,0
IGN,5,20210215,155500,21.8,22,21.8,22,3142,0
IGN,5,20210215,160000,21.8,22.2,21.8,22.1,2978,0
IGN,5,20210215,160500,22,22.1,21.9,21.9,2660,0
IGN,5,20210215,161000,21.9,22,21.8,22,936,0
IGN,5,20210215,161500,22.1,22.1,21.5,21.7,8378,0
IGN,5,20210215,162000,21.7,22,21.7,22,201,0
IGN,5,20210215,162500,21.8,21.8,21.5,21.5,3302,0
IGN,5,20210215,163000,21.6,21.7,21.6,21.7,1877,0
IGN,5,20210215,163500,21.5,21.7,21.4,21.5,5788,0
IGN,5,20210215,164000,21.5,21.5,21,21,14106,0
IGN,5,20210215,164500,21.2,21.4,21,21.2,24127,0
