<TICKER>,<PER>,<DATE>,<TIME>,<OPEN>,<HIGH>,<LOW>,<CLOSE>,<VOL>,<OPENINT>
IGT,5,20210204,091500,0.356,0.356,0.356,0.356,10,0
IGT,5,20210204,145000,0.34,0.34,0.34,0.34,12475,0
IGT,5,20210204,152500,0.34,0.34,0.34,0.34,525,0
IGT,5,20210204,162500,0.338,0.338,0.338,0.338,500,0
IGT,5,20210205,094500,0.346,0.346,0.346,0.346,100,0
IGT,5,20210205,100000,0.344,0.344,0.344,0.344,1000,0
IGT,5,20210205,103500,0.332,0.332,0.328,0.328,18900,0
IGT,5,20210205,104500,0.326,0.326,0.326,0.326,22570,0
IGT,5,20210205,115500,0.33,0.336,0.33,0.336,3000,0
IGT,5,20210205,121500,0.336,0.336,0.336,0.336,1722,0
IGT,5,20210205,122000,0.338,0.34,0.338,0.34,22970,0
IGT,5,20210205,122500,0.34,0.34,0.32,0.32,30000,0
IGT,5,20210205,123000,0.334,0.344,0.334,0.344,16755,0
IGT,5,20210205,123500,0.344,0.35,0.344,0.35,21038,0
IGT,5,20210205,124000,0.376,0.38,0.376,0.378,8000,0
IGT,5,20210205,125000,0.36,0.36,0.36,0.36,3000,0
IGT,5,20210205,135500,0.356,0.356,0.356,0.356,9000,0
IGT,5,20210205,141000,0.358,0.358,0.356,0.356,5500,0
IGT,5,20210205,141500,0.356,0.356,0.356,0.356,4400,0
IGT,5,20210205,144500,0.372,0.374,0.372,0.374,1500,0
IGT,5,20210205,145500,0.374,0.374,0.374,0.374,12530,0
IGT,5,20210205,150000,0.374,0.376,0.374,0.376,10946,0
IGT,5,20210205,150500,0.376,0.392,0.376,0.392,7461,0
IGT,5,20210205,151500,0.392,0.398,0.392,0.396,6445,0
IGT,5,20210205,153500,0.39,0.39,0.378,0.378,100,0
IGT,5,20210205,154500,0.38,0.38,0.376,0.376,12000,0
IGT,5,20210205,155000,0.376,0.376,0.37,0.37,17009,0
IGT,5,20210205,155500,0.368,0.39,0.368,0.39,8292,0
IGT,5,20210205,162500,0.39,0.39,0.39,0.39,4500,0
IGT,5,20210205,163000,0.39,0.4,0.39,0.4,6650,0
IGT,5,20210205,164500,0.39,0.396,0.39,0.396,11382,0
IGT,5,20210208,090000,0.398,0.398,0.398,0.398,500,0
IGT,5,20210208,092000,0.38,0.38,0.374,0.374,22500,0
IGT,5,20210208,094000,0.38,0.38,0.38,0.38,1500,0
IGT,5,20210208,094500,0.396,0.4,0.396,0.4,11150,0
IGT,5,20210208,095000,0.396,0.428,0.396,0.426,39396,0
IGT,5,20210208,095500,0.414,0.414,0.414,0.414,5000,0
IGT,5,20210208,101500,0.418,0.418,0.418,0.418,1800,0
IGT,5,20210208,102000,0.404,0.404,0.4,0.4,9480,0
IGT,5,20210208,104500,0.41,0.41,0.41,0.41,1900,0
IGT,5,20210208,110000,0.4,0.4,0.4,0.4,9492,0
IGT,5,20210208,110500,0.4,0.41,0.4,0.41,1500,0
IGT,5,20210208,111000,0.41,0.41,0.41,0.41,1600,0
IGT,5,20210208,111500,0.4,0.4,0.4,0.4,5000,0
IGT,5,20210208,114500,0.41,0.41,0.41,0.41,1500,0
IGT,5,20210208,124500,0.398,0.398,0.396,0.396,7530,0
IGT,5,20210208,130500,0.396,0.396,0.386,0.386,7770,0
IGT,5,20210208,140000,0.386,0.386,0.386,0.386,500,0
IGT,5,20210208,140500,0.384,0.384,0.384,0.384,940,0
IGT,5,20210208,141000,0.384,0.384,0.384,0.384,2967,0
IGT,5,20210208,145500,0.404,0.404,0.404,0.404,222,0
IGT,5,20210208,154500,0.386,0.386,0.38,0.38,5478,0
IGT,5,20210208,161500,0.398,0.4,0.398,0.4,2875,0
IGT,5,20210209,090000,0.398,0.426,0.398,0.42,24000,0
IGT,5,20210209,090500,0.42,0.426,0.42,0.42,8000,0
IGT,5,20210209,091000,0.42,0.42,0.42,0.42,6800,0
IGT,5,20210209,093000,0.41,0.41,0.41,0.41,5000,0
IGT,5,20210209,093500,0.41,0.41,0.402,0.41,2000,0
IGT,5,20210209,094500,0.4,0.4,0.4,0.4,5000,0
IGT,5,20210209,101500,0.41,0.412,0.41,0.412,5000,0
IGT,5,20210209,103000,0.41,0.41,0.4,0.4,9800,0
IGT,5,20210209,105500,0.396,0.396,0.396,0.396,3500,0
IGT,5,20210209,123000,0.4,0.4,0.4,0.4,6882,0
IGT,5,20210209,130500,0.41,0.412,0.41,0.412,3969,0
IGT,5,20210209,131500,0.412,0.412,0.412,0.412,3000,0
IGT,5,20210209,142000,0.412,0.426,0.412,0.426,20498,0
IGT,5,20210209,142500,0.428,0.428,0.428,0.428,93,0
IGT,5,20210209,143000,0.402,0.424,0.402,0.424,16369,0
IGT,5,20210209,143500,0.424,0.424,0.424,0.424,3840,0
IGT,5,20210209,144000,0.424,0.424,0.424,0.424,5515,0
IGT,5,20210209,144500,0.424,0.424,0.424,0.424,10197,0
IGT,5,20210209,152500,0.424,0.424,0.424,0.424,6000,0
IGT,5,20210209,153000,0.424,0.424,0.424,0.424,2890,0
IGT,5,20210209,155500,0.41,0.41,0.41,0.41,13700,0
IGT,5,20210209,164500,0.42,0.42,0.42,0.42,400,0
IGT,5,20210210,090000,0.43,0.434,0.43,0.434,32151,0
IGT,5,20210210,090500,0.438,0.44,0.434,0.438,18190,0
IGT,5,20210210,091000,0.438,0.44,0.438,0.44,12935,0
IGT,5,20210210,092000,0.44,0.44,0.44,0.44,4871,0
IGT,5,20210210,092500,0.44,0.44,0.44,0.44,320,0
IGT,5,20210210,093500,0.44,0.44,0.43,0.43,6314,0
IGT,5,20210210,094500,0.43,0.43,0.43,0.43,2086,0
IGT,5,20210210,095000,0.438,0.44,0.438,0.44,6914,0
IGT,5,20210210,095500,0.432,0.432,0.432,0.432,8500,0
IGT,5,20210210,100500,0.432,0.444,0.432,0.444,22316,0
IGT,5,20210210,101000,0.446,0.45,0.446,0.45,10000,0
IGT,5,20210210,101500,0.45,0.45,0.45,0.45,11125,0
IGT,5,20210210,102000,0.45,0.45,0.45,0.45,5000,0
IGT,5,20210210,102500,0.45,0.45,0.442,0.442,5680,0
IGT,5,20210210,103500,0.45,0.46,0.45,0.46,13289,0
IGT,5,20210210,104000,0.46,0.47,0.46,0.47,22844,0
IGT,5,20210210,104500,0.48,0.515,0.46,0.515,110463,0
IGT,5,20210210,105500,0.48,0.505,0.472,0.498,89356,0
IGT,5,20210210,110000,0.482,0.496,0.482,0.496,16936,0
IGT,5,20210210,110500,0.496,0.515,0.496,0.515,29582,0
IGT,5,20210210,113500,0.52,0.56,0.52,0.54,67168,0
IGT,5,20210210,114000,0.55,0.59,0.55,0.59,62889,0
IGT,5,20210210,114500,0.59,0.615,0.59,0.615,50483,0
IGT,5,20210210,115000,0.615,0.615,0.6,0.615,49517,0
IGT,5,20210210,115500,0.615,0.615,0.6,0.6,3957,0
IGT,5,20210210,120000,0.6,0.6,0.6,0.6,928,0
IGT,5,20210210,120500,0.59,0.6,0.59,0.6,8357,0
IGT,5,20210210,121000,0.6,0.6,0.6,0.6,5250,0
IGT,5,20210210,121500,0.6,0.6,0.6,0.6,3000,0
IGT,5,20210210,122000,0.56,0.59,0.55,0.59,4002,0
IGT,5,20210210,122500,0.55,0.58,0.54,0.58,17628,0
IGT,5,20210210,123000,0.575,0.575,0.53,0.53,16840,0
IGT,5,20210210,123500,0.57,0.57,0.54,0.54,5400,0
IGT,5,20210210,124000,0.56,0.56,0.56,0.56,1000,0
IGT,5,20210210,124500,0.56,0.57,0.56,0.57,2469,0
IGT,5,20210210,125000,0.585,0.585,0.55,0.55,5000,0
IGT,5,20210210,130000,0.54,0.54,0.54,0.54,5000,0
IGT,5,20210210,131000,0.55,0.555,0.55,0.555,4985,0
IGT,5,20210210,131500,0.555,0.56,0.555,0.56,9143,0
IGT,5,20210210,132000,0.54,0.54,0.53,0.53,32226,0
IGT,5,20210210,132500,0.525,0.55,0.52,0.55,85675,0
IGT,5,20210210,133000,0.55,0.555,0.55,0.55,9516,0
IGT,5,20210210,133500,0.56,0.56,0.56,0.56,34028,0
IGT,5,20210210,134000,0.55,0.56,0.55,0.56,5186,0
IGT,5,20210210,134500,0.56,0.56,0.545,0.545,3090,0
IGT,5,20210210,140500,0.545,0.545,0.54,0.54,4210,0
IGT,5,20210210,141000,0.54,0.54,0.53,0.53,5900,0
IGT,5,20210210,141500,0.555,0.555,0.555,0.555,1796,0
IGT,5,20210210,142500,0.555,0.555,0.555,0.555,45,0
IGT,5,20210210,143000,0.535,0.535,0.53,0.53,17814,0
IGT,5,20210210,144000,0.55,0.55,0.55,0.55,1085,0
IGT,5,20210210,145000,0.55,0.55,0.55,0.55,5000,0
IGT,5,20210210,145500,0.55,0.55,0.55,0.55,2719,0
IGT,5,20210210,150000,0.53,0.53,0.52,0.52,18985,0
IGT,5,20210210,150500,0.55,0.55,0.55,0.55,10,0
IGT,5,20210210,151000,0.55,0.55,0.55,0.55,3125,0
IGT,5,20210210,153000,0.52,0.52,0.52,0.52,9253,0
IGT,5,20210210,154000,0.52,0.54,0.52,0.54,5371,0
IGT,5,20210210,155000,0.545,0.55,0.545,0.55,11880,0
IGT,5,20210210,160000,0.55,0.565,0.55,0.565,19656,0
IGT,5,20210210,161000,0.565,0.58,0.565,0.58,3500,0
IGT,5,20210210,161500,0.555,0.555,0.55,0.55,5222,0
IGT,5,20210210,163000,0.575,0.58,0.575,0.58,2000,0
IGT,5,20210210,164000,0.56,0.56,0.56,0.56,3358,0
IGT,5,20210210,164500,0.56,0.565,0.55,0.55,10027,0
IGT,5,20210211,090000,0.595,0.595,0.565,0.565,19836,0
IGT,5,20210211,090500,0.56,0.585,0.56,0.585,10290,0
IGT,5,20210211,091000,0.585,0.585,0.57,0.57,1800,0
IGT,5,20210211,091500,0.565,0.565,0.56,0.56,10025,0
IGT,5,20210211,092000,0.555,0.555,0.52,0.52,73612,0
IGT,5,20210211,092500,0.57,0.59,0.565,0.59,43239,0
IGT,5,20210211,093000,0.595,0.65,0.595,0.63,12825,0
IGT,5,20210211,093500,0.605,0.605,0.605,0.605,2115,0
IGT,5,20210211,095000,0.605,0.605,0.6,0.6,7651,0
IGT,5,20210211,100000,0.6,0.6,0.6,0.6,400,0
IGT,5,20210211,102500,0.57,0.57,0.57,0.57,1361,0
IGT,5,20210211,103000,0.59,0.59,0.59,0.59,3361,0
IGT,5,20210211,103500,0.6,0.64,0.6,0.64,31227,0
IGT,5,20210211,104000,0.64,0.685,0.64,0.685,18554,0
IGT,5,20210211,104500,0.67,0.67,0.65,0.67,1501,0
IGT,5,20210211,105000,0.67,0.675,0.67,0.67,3741,0
IGT,5,20210211,110000,0.67,0.67,0.655,0.655,7926,0
IGT,5,20210211,110500,0.66,0.66,0.66,0.66,150,0
IGT,5,20210211,112500,0.655,0.655,0.655,0.655,3555,0
IGT,5,20210211,113000,0.655,0.655,0.655,0.655,100,0
IGT,5,20210211,113500,0.63,0.63,0.63,0.63,3500,0
IGT,5,20210211,114000,0.65,0.65,0.65,0.65,1002,0
IGT,5,20210211,114500,0.65,0.65,0.65,0.65,3000,0
IGT,5,20210211,115500,0.635,0.635,0.635,0.635,500,0
IGT,5,20210211,120000,0.635,0.64,0.635,0.64,3500,0
IGT,5,20210211,120500,0.65,0.65,0.65,0.65,13392,0
IGT,5,20210211,121000,0.64,0.64,0.64,0.64,2000,0
IGT,5,20210211,121500,0.64,0.64,0.64,0.64,1000,0
IGT,5,20210211,122000,0.64,0.64,0.64,0.64,145,0
IGT,5,20210211,122500,0.62,0.62,0.62,0.62,5000,0
IGT,5,20210211,123500,0.62,0.62,0.61,0.61,4709,0
IGT,5,20210211,124500,0.59,0.59,0.59,0.59,3050,0
IGT,5,20210211,125000,0.61,0.61,0.61,0.61,150,0
IGT,5,20210211,125500,0.61,0.61,0.61,0.61,441,0
IGT,5,20210211,130000,0.61,0.62,0.53,0.62,32611,0
IGT,5,20210211,131500,0.57,0.57,0.57,0.57,2950,0
IGT,5,20210211,132000,0.57,0.6,0.57,0.6,4368,0
IGT,5,20210211,133000,0.57,0.57,0.57,0.57,1799,0
IGT,5,20210211,134000,0.56,0.56,0.52,0.53,136203,0
IGT,5,20210211,134500,0.52,0.52,0.51,0.51,31971,0
IGT,5,20210211,135000,0.525,0.525,0.52,0.525,4000,0
IGT,5,20210211,135500,0.54,0.54,0.54,0.54,1012,0
IGT,5,20210211,140000,0.525,0.525,0.52,0.52,3467,0
IGT,5,20210211,140500,0.52,0.54,0.52,0.54,3074,0
IGT,5,20210211,141000,0.54,0.545,0.54,0.545,10000,0
IGT,5,20210211,142500,0.545,0.565,0.525,0.525,4642,0
IGT,5,20210211,143500,0.55,0.55,0.55,0.55,1287,0
IGT,5,20210211,144000,0.55,0.565,0.55,0.565,7843,0
IGT,5,20210211,145500,0.56,0.56,0.56,0.56,3170,0
IGT,5,20210211,150000,0.56,0.58,0.56,0.58,5000,0
IGT,5,20210211,151000,0.55,0.55,0.53,0.54,6197,0
IGT,5,20210211,152000,0.535,0.54,0.535,0.54,3100,0
IGT,5,20210211,152500,0.53,0.53,0.5,0.5,38321,0
IGT,5,20210211,153000,0.51,0.51,0.51,0.51,47,0
IGT,5,20210211,153500,0.535,0.535,0.535,0.535,1053,0
IGT,5,20210211,154500,0.51,0.51,0.5,0.5,15119,0
IGT,5,20210211,155000,0.5,0.5,0.49,0.49,13920,0
IGT,5,20210211,155500,0.5,0.53,0.5,0.53,9180,0
IGT,5,20210211,160500,0.51,0.51,0.48,0.48,34414,0
IGT,5,20210211,161000,0.5,0.5,0.5,0.5,4100,0
IGT,5,20210211,163500,0.48,0.48,0.476,0.476,14462,0
IGT,5,20210211,164000,0.476,0.476,0.476,0.476,2719,0
IGT,5,20210211,164500,0.496,0.496,0.494,0.494,5914,0
IGT,5,20210212,090000,0.525,0.525,0.52,0.52,6000,0
IGT,5,20210212,092500,0.51,0.525,0.51,0.525,13529,0
IGT,5,20210212,093000,0.525,0.535,0.51,0.51,8285,0
IGT,5,20210212,093500,0.51,0.51,0.51,0.51,6000,0
IGT,5,20210212,094000,0.51,0.51,0.51,0.51,5368,0
IGT,5,20210212,102000,0.52,0.53,0.52,0.53,17937,0
IGT,5,20210212,103500,0.51,0.51,0.5,0.5,4342,0
IGT,5,20210212,104000,0.492,0.492,0.492,0.492,10000,0
IGT,5,20210212,105500,0.51,0.52,0.51,0.52,13400,0
IGT,5,20210212,110000,0.515,0.515,0.515,0.515,5500,0
IGT,5,20210212,110500,0.492,0.492,0.48,0.48,6495,0
IGT,5,20210212,113500,0.505,0.51,0.505,0.51,1111,0
IGT,5,20210212,133500,0.505,0.505,0.505,0.505,9700,0
IGT,5,20210212,134000,0.51,0.515,0.51,0.51,9000,0
IGT,5,20210212,140500,0.49,0.49,0.48,0.48,11293,0
IGT,5,20210212,141000,0.456,0.456,0.422,0.454,69129,0
IGT,5,20210212,141500,0.454,0.458,0.454,0.458,3500,0
IGT,5,20210212,142000,0.468,0.468,0.468,0.468,1000,0
IGT,5,20210212,142500,0.47,0.496,0.47,0.496,3511,0
IGT,5,20210212,144000,0.48,0.48,0.48,0.48,700,0
IGT,5,20210212,151000,0.48,0.48,0.48,0.48,3500,0
IGT,5,20210212,152000,0.49,0.49,0.49,0.49,300,0
IGT,5,20210212,161500,0.452,0.49,0.452,0.49,2235,0
IGT,5,20210212,162500,0.488,0.49,0.488,0.49,2000,0
IGT,5,20210212,163500,0.454,0.454,0.454,0.454,2355,0
IGT,5,20210212,164000,0.488,0.488,0.488,0.488,3350,0
IGT,5,20210212,164500,0.48,0.484,0.48,0.484,12356,0
IGT,5,20210215,090000,0.482,0.482,0.482,0.482,22,0
IGT,5,20210215,092500,0.47,0.47,0.47,0.47,777,0
IGT,5,20210215,094500,0.456,0.456,0.456,0.456,100,0
IGT,5,20210215,100000,0.456,0.456,0.452,0.452,2336,0
IGT,5,20210215,100500,0.48,0.482,0.48,0.482,1000,0
IGT,5,20210215,105000,0.454,0.454,0.454,0.454,1500,0
IGT,5,20210215,111000,0.476,0.476,0.452,0.452,15010,0
IGT,5,20210215,111500,0.476,0.476,0.476,0.476,10,0
IGT,5,20210215,115500,0.476,0.478,0.476,0.478,2530,0
IGT,5,20210215,120500,0.486,0.496,0.486,0.496,11088,0
IGT,5,20210215,121000,0.525,0.525,0.525,0.525,300,0
IGT,5,20210215,123500,0.52,0.52,0.52,0.52,2000,0
IGT,5,20210215,124000,0.52,0.52,0.5,0.5,5307,0
IGT,5,20210215,124500,0.515,0.515,0.515,0.515,1500,0
IGT,5,20210215,125000,0.505,0.505,0.5,0.5,10000,0
IGT,5,20210215,125500,0.5,0.5,0.5,0.5,8386,0
IGT,5,20210215,130500,0.5,0.5,0.5,0.5,3000,0
IGT,5,20210215,142000,0.498,0.5,0.498,0.5,1300,0
IGT,5,20210215,145000,0.484,0.484,0.456,0.456,14000,0
IGT,5,20210215,150000,0.456,0.456,0.44,0.44,20038,0
IGT,5,20210215,150500,0.468,0.468,0.468,0.468,1000,0
IGT,5,20210215,151000,0.486,0.486,0.486,0.486,755,0
IGT,5,20210215,153000,0.454,0.486,0.45,0.486,4440,0
IGT,5,20210215,164500,0.452,0.452,0.452,0.452,5000,0
IGT,5,20210216,090000,0.46,0.48,0.46,0.48,975,0
IGT,5,20210216,090500,0.46,0.46,0.46,0.46,2040,0
IGT,5,20210216,094500,0.46,0.46,0.46,0.46,9324,0
IGT,5,20210216,100500,0.478,0.478,0.478,0.478,10,0
IGT,5,20210216,104000,0.478,0.478,0.478,0.478,1000,0
IGT,5,20210216,105500,0.478,0.496,0.478,0.496,3000,0
IGT,5,20210216,110500,0.48,0.48,0.48,0.48,2200,0
IGT,5,20210216,111500,0.48,0.48,0.48,0.48,3000,0
IGT,5,20210216,113500,0.48,0.48,0.48,0.48,4500,0
IGT,5,20210216,142500,0.456,0.456,0.454,0.454,6700,0
IGT,5,20210216,143000,0.452,0.452,0.452,0.452,3400,0
IGT,5,20210216,150000,0.46,0.46,0.46,0.46,2111,0
IGT,5,20210216,151000,0.452,0.452,0.452,0.452,100,0
IGT,5,20210216,151500,0.46,0.46,0.46,0.46,44,0
IGT,5,20210216,152500,0.46,0.478,0.46,0.478,4544,0
IGT,5,20210217,090000,0.47,0.478,0.47,0.478,5780,0
IGT,5,20210217,091000,0.496,0.496,0.496,0.496,200,0
IGT,5,20210217,091500,0.454,0.496,0.454,0.496,1086,0
IGT,5,20210217,094500,0.47,0.484,0.454,0.484,5510,0
IGT,5,20210217,100000,0.47,0.47,0.47,0.47,5000,0
IGT,5,20210217,104500,0.454,0.454,0.452,0.452,10600,0
IGT,5,20210217,105500,0.48,0.48,0.48,0.48,11,0
IGT,5,20210217,113000,0.452,0.452,0.45,0.45,5000,0
IGT,5,20210217,114500,0.47,0.47,0.47,0.47,100,0
IGT,5,20210217,120500,0.45,0.45,0.45,0.45,770,0
IGT,5,20210217,131500,0.47,0.47,0.47,0.47,1000,0
IGT,5,20210217,150500,0.45,0.45,0.45,0.45,230,0
IGT,5,20210217,152500,0.45,0.468,0.45,0.468,2547,0
IGT,5,20210217,153000,0.468,0.47,0.468,0.47,4300,0
IGT,5,20210217,160000,0.468,0.468,0.468,0.468,1000,0
IGT,5,20210218,092000,0.444,0.448,0.444,0.448,4000,0
IGT,5,20210218,092500,0.446,0.446,0.446,0.446,5000,0
IGT,5,20210218,094000,0.462,0.466,0.462,0.466,1010,0
IGT,5,20210218,103000,0.446,0.446,0.444,0.444,1799,0
IGT,5,20210218,104500,0.458,0.458,0.458,0.458,10,0
IGT,5,20210218,113500,0.458,0.458,0.458,0.458,790,0
IGT,5,20210218,120000,0.466,0.466,0.466,0.466,100,0
IGT,5,20210218,122000,0.466,0.466,0.466,0.466,210,0
IGT,5,20210218,131500,0.45,0.45,0.446,0.446,3500,0
IGT,5,20210218,132500,0.444,0.444,0.444,0.444,6787,0
IGT,5,20210218,133000,0.44,0.44,0.44,0.44,2921,0
IGT,5,20210218,134500,0.45,0.468,0.45,0.468,1000,0
IGT,5,20210218,140500,0.468,0.48,0.468,0.48,12459,0
IGT,5,20210218,141500,0.484,0.525,0.484,0.525,5557,0
IGT,5,20210218,142000,0.525,0.535,0.525,0.535,4843,0
IGT,5,20210218,142500,0.52,0.535,0.52,0.53,19054,0
IGT,5,20210218,143000,0.53,0.53,0.5,0.52,20386,0
IGT,5,20210218,143500,0.52,0.525,0.52,0.52,6558,0
IGT,5,20210218,144000,0.51,0.525,0.51,0.525,4896,0
IGT,5,20210218,144500,0.525,0.535,0.525,0.535,15045,0
IGT,5,20210218,145500,0.535,0.535,0.535,0.535,16500,0
IGT,5,20210218,150000,0.535,0.535,0.535,0.535,9242,0
IGT,5,20210218,150500,0.535,0.535,0.535,0.535,100,0
IGT,5,20210218,151000,0.53,0.53,0.53,0.53,3000,0
IGT,5,20210218,152000,0.535,0.535,0.535,0.535,15000,0
IGT,5,20210218,152500,0.53,0.535,0.53,0.535,1000,0
IGT,5,20210218,160000,0.54,0.555,0.54,0.555,3916,0
IGT,5,20210218,160500,0.55,0.55,0.55,0.55,1000,0
IGT,5,20210218,161000,0.555,0.575,0.555,0.57,105971,0
IGT,5,20210218,161500,0.575,0.575,0.535,0.535,1047,0
IGT,5,20210218,162000,0.565,0.565,0.515,0.515,7634,0
IGT,5,20210218,162500,0.56,0.56,0.56,0.56,10,0
IGT,5,20210218,163000,0.555,0.555,0.555,0.555,6000,0
IGT,5,20210218,163500,0.555,0.555,0.555,0.555,300,0
IGT,5,20210218,164000,0.52,0.555,0.515,0.555,1059,0
IGT,5,20210218,164500,0.55,0.55,0.5,0.54,30522,0
IGT,5,20210219,090000,0.54,0.54,0.54,0.54,2337,0
IGT,5,20210219,090500,0.51,0.54,0.472,0.54,56196,0
IGT,5,20210219,103000,0.478,0.525,0.476,0.525,4574,0
IGT,5,20210219,103500,0.52,0.52,0.52,0.52,500,0
IGT,5,20210219,111500,0.48,0.51,0.48,0.51,3660,0
IGT,5,20210219,112000,0.48,0.48,0.474,0.474,13000,0
IGT,5,20210219,112500,0.474,0.474,0.474,0.474,475,0
IGT,5,20210219,114500,0.505,0.505,0.505,0.505,10,0
IGT,5,20210219,115500,0.474,0.474,0.474,0.474,2606,0
IGT,5,20210219,120500,0.5,0.5,0.5,0.5,1,0
IGT,5,20210219,122500,0.478,0.478,0.47,0.47,20856,0
IGT,5,20210219,123000,0.47,0.47,0.47,0.47,1550,0
IGT,5,20210219,133500,0.48,0.5,0.48,0.5,2144,0
IGT,5,20210219,135000,0.5,0.5,0.5,0.5,755,0
IGT,5,20210219,135500,0.5,0.5,0.5,0.5,245,0
IGT,5,20210219,141000,0.49,0.49,0.49,0.49,36,0
IGT,5,20210219,141500,0.496,0.496,0.496,0.496,400,0
IGT,5,20210219,143500,0.47,0.47,0.464,0.464,4111,0
IGT,5,20210219,144000,0.496,0.496,0.496,0.496,1,0
IGT,5,20210219,153500,0.464,0.464,0.464,0.464,3889,0
IGT,5,20210219,154000,0.49,0.492,0.49,0.492,3018,0
IGT,5,20210219,161500,0.49,0.49,0.49,0.49,700,0
IGT,5,20210222,090000,0.486,0.486,0.486,0.486,1612,0
IGT,5,20210222,091000,0.466,0.466,0.456,0.456,5100,0
IGT,5,20210222,094000,0.482,0.484,0.482,0.484,2000,0
IGT,5,20210222,103500,0.458,0.458,0.45,0.45,10740,0
IGT,5,20210222,104000,0.452,0.452,0.45,0.45,26500,0
IGT,5,20210222,104500,0.478,0.48,0.478,0.48,1000,0
IGT,5,20210222,105500,0.49,0.49,0.49,0.49,56,0
IGT,5,20210222,110500,0.452,0.452,0.45,0.45,8995,0
IGT,5,20210222,111000,0.45,0.48,0.45,0.48,700,0
IGT,5,20210222,120000,0.45,0.45,0.45,0.45,2500,0
IGT,5,20210222,122500,0.44,0.44,0.44,0.44,10500,0
IGT,5,20210222,123000,0.44,0.44,0.44,0.44,5000,0
IGT,5,20210222,123500,0.438,0.438,0.424,0.424,38131,0
IGT,5,20210222,124000,0.45,0.458,0.45,0.458,2500,0
IGT,5,20210222,125000,0.452,0.452,0.452,0.452,4000,0
IGT,5,20210222,130000,0.44,0.44,0.43,0.43,15497,0
IGT,5,20210222,131500,0.448,0.448,0.448,0.448,917,0
IGT,5,20210222,132000,0.448,0.452,0.448,0.452,3308,0
IGT,5,20210222,132500,0.436,0.436,0.424,0.424,60205,0
IGT,5,20210222,133500,0.444,0.444,0.424,0.424,42193,0
IGT,5,20210222,134000,0.424,0.444,0.424,0.444,2278,0
IGT,5,20210222,134500,0.444,0.444,0.444,0.444,1500,0
IGT,5,20210222,135000,0.444,0.444,0.444,0.444,1664,0
IGT,5,20210222,142000,0.446,0.446,0.446,0.446,2000,0
IGT,5,20210222,142500,0.446,0.452,0.446,0.452,2300,0
IGT,5,20210223,090000,0.44,0.44,0.44,0.44,500,0
IGT,5,20210223,090500,0.434,0.434,0.426,0.426,10002,0
IGT,5,20210223,091500,0.426,0.426,0.41,0.41,12300,0
IGT,5,20210223,101000,0.438,0.438,0.438,0.438,2276,0
IGT,5,20210223,105000,0.438,0.438,0.438,0.438,1300,0
IGT,5,20210223,110000,0.422,0.422,0.422,0.422,1000,0
IGT,5,20210223,145500,0.438,0.45,0.438,0.45,10000,0
IGT,5,20210223,163500,0.422,0.44,0.416,0.44,56312,0
IGT,5,20210224,090500,0.438,0.44,0.438,0.44,3500,0
IGT,5,20210224,111000,0.438,0.44,0.438,0.44,2261,0
IGT,5,20210224,120000,0.418,0.418,0.416,0.416,6000,0
IGT,5,20210224,120500,0.416,0.438,0.408,0.438,6000,0
IGT,5,20210224,123000,0.438,0.438,0.438,0.438,4750,0
IGT,5,20210224,133500,0.44,0.44,0.44,0.44,1000,0
IGT,5,20210224,134000,0.442,0.442,0.442,0.442,4038,0
IGT,5,20210224,134500,0.442,0.444,0.442,0.444,2646,0
IGT,5,20210224,152000,0.432,0.432,0.432,0.432,200,0
IGT,5,20210224,153500,0.432,0.432,0.432,0.432,500,0
IGT,5,20210224,154500,0.43,0.43,0.42,0.42,3500,0
IGT,5,20210224,164500,0.44,0.44,0.44,0.44,20,0
IGT,5,20210224,165500,0.446,0.446,0.446,0.446,1824,0
IGT,5,20210225,091500,0.444,0.446,0.444,0.446,1000,0
IGT,5,20210225,092000,0.446,0.454,0.446,0.454,3500,0
IGT,5,20210225,093500,0.454,0.468,0.454,0.466,6000,0
IGT,5,20210225,094000,0.466,0.47,0.466,0.47,12380,0
IGT,5,20210225,094500,0.47,0.5,0.47,0.5,17426,0
IGT,5,20210225,095000,0.5,0.5,0.496,0.496,1090,0
IGT,5,20210225,095500,0.5,0.5,0.5,0.5,13060,0
IGT,5,20210225,100000,0.5,0.5,0.5,0.5,11000,0
IGT,5,20210225,100500,0.48,0.505,0.48,0.505,6177,0
IGT,5,20210225,104500,0.494,0.494,0.48,0.48,7000,0
IGT,5,20210225,105000,0.494,0.494,0.494,0.494,2064,0
IGT,5,20210225,111500,0.494,0.494,0.494,0.494,220,0
IGT,5,20210225,115500,0.494,0.5,0.494,0.5,10278,0
IGT,5,20210225,120500,0.5,0.51,0.5,0.51,7212,0
IGT,5,20210225,122000,0.5,0.505,0.5,0.505,6605,0
IGT,5,20210225,123500,0.5,0.5,0.5,0.5,5100,0
IGT,5,20210225,133500,0.5,0.515,0.5,0.515,17134,0
IGT,5,20210225,134000,0.515,0.53,0.51,0.51,40212,0
IGT,5,20210225,134500,0.51,0.525,0.51,0.525,15750,0
IGT,5,20210225,135000,0.525,0.525,0.525,0.525,2255,0
IGT,5,20210225,135500,0.525,0.525,0.525,0.525,217,0
IGT,5,20210225,140000,0.51,0.525,0.51,0.525,6067,0
IGT,5,20210225,142500,0.525,0.53,0.525,0.53,6080,0
IGT,5,20210225,143000,0.53,0.53,0.525,0.525,10348,0
IGT,5,20210225,143500,0.525,0.525,0.525,0.525,200,0
IGT,5,20210225,152000,0.488,0.488,0.48,0.48,10000,0
IGT,5,20210225,152500,0.468,0.47,0.46,0.46,36000,0
IGT,5,20210225,153000,0.46,0.488,0.446,0.484,42071,0
IGT,5,20210225,153500,0.482,0.484,0.482,0.484,6000,0
IGT,5,20210225,161000,0.46,0.46,0.46,0.46,2500,0
IGT,5,20210226,090000,0.448,0.448,0.424,0.424,22000,0
IGT,5,20210226,091000,0.468,0.468,0.468,0.468,451,0
IGT,5,20210226,093500,0.43,0.43,0.428,0.428,16000,0
IGT,5,20210226,094000,0.43,0.43,0.428,0.428,8000,0
IGT,5,20210226,095500,0.45,0.45,0.45,0.45,1000,0
IGT,5,20210226,105500,0.432,0.46,0.428,0.46,17001,0
IGT,5,20210226,122000,0.452,0.456,0.452,0.456,2000,0
IGT,5,20210226,130500,0.454,0.454,0.454,0.454,400,0
IGT,5,20210226,143500,0.454,0.456,0.432,0.432,8050,0
IGT,5,20210226,144000,0.46,0.46,0.46,0.46,1,0
IGT,5,20210226,144500,0.46,0.46,0.46,0.46,4971,0
IGT,5,20210226,155000,0.468,0.468,0.468,0.468,1000,0
IGT,5,20210226,155500,0.47,0.47,0.47,0.47,3000,0
IGT,5,20210226,160000,0.47,0.47,0.432,0.432,5333,0
IGT,5,20210301,090000,0.468,0.468,0.468,0.468,5033,0
IGT,5,20210301,093500,0.472,0.472,0.472,0.472,1000,0
IGT,5,20210301,094000,0.482,0.482,0.482,0.482,4490,0
IGT,5,20210301,100000,0.488,0.49,0.488,0.49,13000,0
IGT,5,20210301,100500,0.49,0.49,0.49,0.49,2400,0
IGT,5,20210301,101000,0.49,0.498,0.49,0.498,24010,0
IGT,5,20210301,101500,0.49,0.5,0.49,0.5,31691,0
IGT,5,20210301,102500,0.515,0.52,0.515,0.52,7615,0
IGT,5,20210301,103000,0.525,0.53,0.525,0.53,11300,0
IGT,5,20210301,103500,0.53,0.55,0.53,0.55,17156,0
IGT,5,20210301,104000,0.545,0.55,0.53,0.54,25358,0
IGT,5,20210301,104500,0.545,0.545,0.525,0.525,20502,0
IGT,5,20210301,105500,0.52,0.52,0.52,0.52,833,0
IGT,5,20210301,110500,0.52,0.535,0.52,0.535,5397,0
IGT,5,20210301,111000,0.535,0.535,0.535,0.535,12000,0
IGT,5,20210301,132000,0.505,0.505,0.494,0.494,4090,0
IGT,5,20210301,132500,0.5,0.5,0.5,0.5,910,0
IGT,5,20210301,141000,0.515,0.515,0.515,0.515,500,0
IGT,5,20210301,142000,0.52,0.545,0.52,0.545,111934,0
IGT,5,20210301,142500,0.55,0.55,0.545,0.545,19426,0
IGT,5,20210301,143000,0.54,0.54,0.52,0.52,10000,0
IGT,5,20210301,144000,0.52,0.53,0.51,0.53,5700,0
IGT,5,20210301,144500,0.525,0.525,0.525,0.525,1000,0
IGT,5,20210301,145500,0.525,0.53,0.51,0.51,6655,0
IGT,5,20210301,151000,0.53,0.53,0.53,0.53,4079,0
IGT,5,20210301,160500,0.53,0.53,0.53,0.53,670,0
IGT,5,20210301,161000,0.515,0.515,0.515,0.515,2809,0
IGT,5,20210301,161500,0.51,0.51,0.51,0.51,3500,0
IGT,5,20210301,162000,0.54,0.54,0.54,0.54,15,0
IGT,5,20210301,163500,0.54,0.54,0.54,0.54,8363,0
IGT,5,20210301,164000,0.545,0.545,0.54,0.54,1530,0
IGT,5,20210301,164500,0.545,0.545,0.545,0.545,33,0
IGT,5,20210302,091000,0.54,0.54,0.498,0.53,5558,0
IGT,5,20210302,092500,0.53,0.54,0.53,0.54,2603,0
IGT,5,20210302,093000,0.54,0.545,0.54,0.545,1970,0
IGT,5,20210302,095500,0.53,0.54,0.53,0.54,2000,0
IGT,5,20210302,102500,0.535,0.535,0.535,0.535,1000,0
IGT,5,20210302,130000,0.52,0.52,0.498,0.498,7900,0
IGT,5,20210302,130500,0.5,0.5,0.498,0.498,6400,0
IGT,5,20210302,142000,0.474,0.49,0.47,0.47,41100,0
IGT,5,20210302,144000,0.48,0.48,0.48,0.48,100,0
IGT,5,20210302,144500,0.48,0.498,0.48,0.498,18091,0
IGT,5,20210302,145000,0.498,0.515,0.498,0.515,1820,0
IGT,5,20210302,164500,0.47,0.47,0.47,0.47,4121,0
IGT,5,20210303,090000,0.496,0.496,0.496,0.496,5,0
IGT,5,20210303,091000,0.476,0.476,0.46,0.46,30000,0
IGT,5,20210303,091500,0.494,0.494,0.494,0.494,1000,0
IGT,5,20210303,092500,0.49,0.49,0.49,0.49,1000,0
IGT,5,20210303,100000,0.476,0.476,0.476,0.476,2088,0
IGT,5,20210303,103000,0.476,0.476,0.476,0.476,1500,0
IGT,5,20210303,122000,0.464,0.464,0.462,0.462,8450,0
IGT,5,20210303,122500,0.458,0.458,0.45,0.45,2741,0
IGT,5,20210303,130500,0.476,0.476,0.476,0.476,20,0
IGT,5,20210303,143000,0.456,0.456,0.456,0.456,400,0
IGT,5,20210303,144000,0.47,0.47,0.47,0.47,1,0
IGT,5,20210303,154500,0.456,0.456,0.452,0.452,3937,0
IGT,5,20210303,155000,0.456,0.456,0.456,0.456,63,0
IGT,5,20210303,161000,0.466,0.466,0.466,0.466,500,0
IGT,5,20210303,164000,0.468,0.468,0.468,0.468,800,0
IGT,5,20210303,164500,0.468,0.468,0.468,0.468,1346,0
IGT,5,20210304,090000,0.456,0.456,0.456,0.456,10,0
IGT,5,20210304,090500,0.456,0.47,0.454,0.456,6802,0
IGT,5,20210304,091500,0.456,0.456,0.454,0.454,12822,0
IGT,5,20210304,092000,0.454,0.454,0.454,0.454,178,0
IGT,5,20210304,110000,0.468,0.47,0.468,0.47,1011,0
IGT,5,20210304,155500,0.46,0.46,0.46,0.46,500,0
IGT,5,20210304,164500,0.45,0.45,0.45,0.45,1143,0
IGT,5,20210305,090000,0.46,0.46,0.45,0.45,36700,0
IGT,5,20210305,090500,0.46,0.46,0.46,0.46,2000,0
IGT,5,20210305,091000,0.46,0.484,0.46,0.484,8931,0
IGT,5,20210305,092000,0.484,0.496,0.484,0.496,7541,0
IGT,5,20210305,092500,0.496,0.515,0.496,0.515,2918,0
IGT,5,20210305,093000,0.5,0.52,0.5,0.52,55000,0
IGT,5,20210305,093500,0.53,0.53,0.52,0.52,24030,0
IGT,5,20210305,094000,0.5,0.5,0.5,0.5,20000,0
IGT,5,20210305,094500,0.515,0.515,0.515,0.515,500,0
IGT,5,20210305,095000,0.496,0.496,0.488,0.488,879,0
IGT,5,20210305,100000,0.486,0.486,0.47,0.47,2800,0
IGT,5,20210305,100500,0.47,0.47,0.46,0.46,45200,0
IGT,5,20210305,102500,0.466,0.466,0.46,0.46,14000,0
IGT,5,20210305,103500,0.47,0.47,0.47,0.47,15032,0
IGT,5,20210305,104500,0.462,0.462,0.462,0.462,3000,0
IGT,5,20210305,105000,0.462,0.462,0.462,0.462,2500,0
IGT,5,20210305,105500,0.462,0.462,0.462,0.462,4596,0
IGT,5,20210305,124000,0.47,0.47,0.47,0.47,500,0
IGT,5,20210305,131000,0.482,0.49,0.482,0.49,10000,0
IGT,5,20210305,163000,0.474,0.474,0.472,0.472,2000,0
IGT,5,20210305,163500,0.472,0.472,0.47,0.47,2000,0
IGT,5,20210305,164000,0.47,0.47,0.47,0.47,5500,0
IGT,5,20210305,164500,0.484,0.484,0.484,0.484,134,0
IGT,5,20210308,092500,0.464,0.464,0.45,0.45,10000,0
IGT,5,20210308,100000,0.454,0.454,0.454,0.454,200,0
IGT,5,20210308,142000,0.484,0.484,0.484,0.484,1,0
IGT,5,20210308,145000,0.462,0.484,0.46,0.484,1811,0
IGT,5,20210308,163500,0.482,0.5,0.482,0.5,10000,0
IGT,5,20210308,164500,0.462,0.494,0.458,0.494,4500,0
IGT,5,20210309,092000,0.494,0.494,0.494,0.494,50,0
IGT,5,20210309,095500,0.494,0.496,0.494,0.496,6750,0
IGT,5,20210309,100000,0.494,0.494,0.494,0.494,1450,0
IGT,5,20210309,101500,0.494,0.494,0.494,0.494,515,0
IGT,5,20210309,102000,0.494,0.496,0.494,0.496,4750,0
IGT,5,20210309,110000,0.496,0.505,0.496,0.505,8051,0
IGT,5,20210309,112000,0.5,0.505,0.5,0.505,5280,0
IGT,5,20210309,112500,0.505,0.505,0.5,0.5,5280,0
IGT,5,20210309,113000,0.5,0.5,0.494,0.494,2620,0
IGT,5,20210309,114500,0.494,0.494,0.494,0.494,3400,0
IGT,5,20210309,124500,0.498,0.498,0.498,0.498,1000,0
IGT,5,20210309,133500,0.494,0.494,0.494,0.494,7,0
IGT,5,20210309,135500,0.472,0.472,0.47,0.47,1000,0
IGT,5,20210309,144500,0.494,0.494,0.494,0.494,10,0
IGT,5,20210309,152500,0.494,0.494,0.494,0.494,1695,0
IGT,5,20210309,153000,0.47,0.47,0.462,0.462,3700,0
IGT,5,20210310,092000,0.49,0.49,0.49,0.49,123,0
IGT,5,20210310,100000,0.488,0.488,0.488,0.488,100,0
IGT,5,20210310,101500,0.486,0.488,0.486,0.488,3698,0
IGT,5,20210310,103000,0.488,0.488,0.488,0.488,302,0
IGT,5,20210310,113000,0.486,0.486,0.486,0.486,1000,0
IGT,5,20210310,113500,0.486,0.486,0.486,0.486,200,0
IGT,5,20210310,114000,0.486,0.486,0.486,0.486,1000,0
IGT,5,20210310,115000,0.48,0.48,0.48,0.48,1000,0
IGT,5,20210310,115500,0.48,0.48,0.48,0.48,400,0
IGT,5,20210310,134000,0.48,0.48,0.48,0.48,20,0
IGT,5,20210310,135000,0.474,0.474,0.462,0.462,2000,0
IGT,5,20210310,141500,0.462,0.462,0.462,0.462,2779,0
IGT,5,20210310,144500,0.452,0.48,0.452,0.48,1314,0
IGT,5,20210310,162500,0.454,0.454,0.45,0.45,7000,0
IGT,5,20210311,090000,0.478,0.498,0.478,0.498,10000,0
IGT,5,20210311,091000,0.496,0.496,0.496,0.496,1634,0
IGT,5,20210311,092000,0.47,0.47,0.47,0.47,1634,0
IGT,5,20210311,100500,0.494,0.496,0.494,0.496,1635,0
IGT,5,20210311,101000,0.498,0.498,0.498,0.498,1365,0
IGT,5,20210311,101500,0.498,0.498,0.498,0.498,2500,0
IGT,5,20210311,102500,0.498,0.498,0.498,0.498,43,0
IGT,5,20210311,104000,0.492,0.492,0.472,0.472,2590,0
IGT,5,20210311,110000,0.49,0.49,0.49,0.49,1500,0
IGT,5,20210311,110500,0.49,0.49,0.49,0.49,1500,0
IGT,5,20210311,120000,0.48,0.48,0.48,0.48,2261,0
IGT,5,20210311,141000,0.48,0.48,0.48,0.48,239,0
IGT,5,20210311,145000,0.49,0.49,0.49,0.49,13,0
IGT,5,20210311,153000,0.474,0.474,0.474,0.474,32,0
IGT,5,20210311,153500,0.49,0.49,0.49,0.49,10,0
IGT,5,20210311,160000,0.488,0.49,0.488,0.49,2500,0
IGT,5,20210311,160500,0.474,0.474,0.47,0.47,5322,0
IGT,5,20210311,161500,0.47,0.47,0.47,0.47,3000,0
IGT,5,20210311,162500,0.49,0.49,0.49,0.49,10,0
IGT,5,20210312,090000,0.49,0.49,0.49,0.49,700,0
IGT,5,20210312,090500,0.49,0.49,0.49,0.49,2078,0
IGT,5,20210312,091000,0.472,0.472,0.472,0.472,150,0
IGT,5,20210312,095000,0.488,0.488,0.488,0.488,10,0
IGT,5,20210312,101500,0.474,0.474,0.47,0.47,9629,0
IGT,5,20210312,103000,0.488,0.496,0.488,0.496,2000,0
IGT,5,20210312,125000,0.49,0.496,0.49,0.496,3000,0
IGT,5,20210312,131500,0.486,0.486,0.482,0.482,2080,0
IGT,5,20210312,141500,0.482,0.482,0.47,0.47,2349,0
IGT,5,20210312,142000,0.496,0.498,0.496,0.498,2000,0
IGT,5,20210312,152000,0.462,0.462,0.462,0.462,1722,0
IGT,5,20210312,154500,0.496,0.496,0.496,0.496,10,0
IGT,5,20210315,091000,0.466,0.466,0.464,0.464,2276,0
IGT,5,20210315,092500,0.494,0.494,0.494,0.494,400,0
IGT,5,20210315,093000,0.494,0.5,0.494,0.5,18580,0
IGT,5,20210315,093500,0.515,0.515,0.515,0.515,1500,0
IGT,5,20210315,130500,0.482,0.482,0.482,0.482,700,0
IGT,5,20210315,142000,0.48,0.48,0.48,0.48,2000,0
IGT,5,20210315,142500,0.496,0.496,0.496,0.496,20,0
IGT,5,20210315,161000,0.466,0.466,0.466,0.466,3862,0
IGT,5,20210315,163000,0.492,0.492,0.492,0.492,10,0
IGT,5,20210315,164000,0.492,0.492,0.492,0.492,3500,0
IGT,5,20210316,091000,0.492,0.492,0.492,0.492,10,0
IGT,5,20210316,092500,0.47,0.47,0.46,0.46,2500,0
IGT,5,20210316,093500,0.462,0.462,0.46,0.46,6988,0
IGT,5,20210316,094500,0.46,0.48,0.46,0.48,1012,0
IGT,5,20210316,112000,0.478,0.478,0.478,0.478,700,0
IGT,5,20210316,112500,0.486,0.486,0.486,0.486,40,0
IGT,5,20210316,130500,0.484,0.486,0.484,0.486,2005,0
IGT,5,20210316,131000,0.478,0.478,0.478,0.478,1385,0
IGT,5,20210316,134000,0.46,0.46,0.46,0.46,2000,0
IGT,5,20210316,134500,0.456,0.456,0.456,0.456,800,0
IGT,5,20210316,135000,0.452,0.452,0.452,0.452,1950,0
IGT,5,20210316,140500,0.448,0.448,0.448,0.448,2270,0
IGT,5,20210316,141000,0.446,0.446,0.446,0.446,2270,0
IGT,5,20210316,142500,0.444,0.448,0.444,0.448,1644,0
IGT,5,20210316,145000,0.47,0.47,0.456,0.456,200,0
IGT,5,20210316,150500,0.452,0.452,0.45,0.45,6630,0
IGT,5,20210316,151000,0.448,0.448,0.448,0.448,3056,0
IGT,5,20210316,152000,0.452,0.452,0.452,0.452,370,0
IGT,5,20210316,152500,0.47,0.476,0.47,0.476,2000,0
IGT,5,20210316,155000,0.476,0.476,0.476,0.476,3000,0
IGT,5,20210316,163000,0.452,0.452,0.452,0.452,2630,0
IGT,5,20210316,164500,0.474,0.474,0.474,0.474,2600,0
IGT,5,20210317,091000,0.45,0.45,0.45,0.45,7001,0
IGT,5,20210317,102500,0.45,0.45,0.45,0.45,2999,0
IGT,5,20210317,103000,0.448,0.45,0.436,0.436,6501,0
IGT,5,20210317,103500,0.45,0.45,0.45,0.45,3500,0
IGT,5,20210317,104500,0.44,0.44,0.44,0.44,500,0
IGT,5,20210317,114000,0.442,0.442,0.442,0.442,5820,0
IGT,5,20210317,115000,0.442,0.442,0.42,0.42,25000,0
IGT,5,20210317,121000,0.43,0.43,0.414,0.414,23000,0
IGT,5,20210317,121500,0.414,0.414,0.4,0.4,21000,0
IGT,5,20210317,122000,0.44,0.44,0.44,0.44,5000,0
IGT,5,20210317,124000,0.412,0.412,0.412,0.412,1500,0
IGT,5,20210317,130000,0.44,0.44,0.44,0.44,20,0
IGT,5,20210317,133500,0.422,0.422,0.42,0.42,9200,0
IGT,5,20210317,135000,0.42,0.42,0.42,0.42,10800,0
IGT,5,20210317,163000,0.43,0.45,0.43,0.43,8978,0
IGT,5,20210317,164500,0.45,0.45,0.45,0.45,100,0
IGT,5,20210318,090000,0.45,0.45,0.45,0.45,6465,0
IGT,5,20210318,093500,0.466,0.466,0.466,0.466,11,0
IGT,5,20210318,100000,0.426,0.426,0.41,0.41,20000,0
IGT,5,20210318,101000,0.422,0.422,0.422,0.422,2222,0
IGT,5,20210318,111000,0.448,0.448,0.448,0.448,30,0
IGT,5,20210318,114000,0.44,0.44,0.44,0.44,8550,0
IGT,5,20210318,122000,0.448,0.448,0.448,0.448,3470,0
IGT,5,20210318,124000,0.45,0.45,0.45,0.45,1530,0
IGT,5,20210318,125500,0.45,0.45,0.45,0.45,2100,0
IGT,5,20210318,132000,0.442,0.442,0.44,0.44,4000,0
IGT,5,20210318,132500,0.44,0.44,0.408,0.408,50313,0
IGT,5,20210318,133000,0.412,0.412,0.41,0.41,4500,0
IGT,5,20210318,133500,0.41,0.41,0.41,0.41,5500,0
IGT,5,20210318,143000,0.446,0.446,0.446,0.446,25,0
IGT,5,20210319,090000,0.416,0.416,0.416,0.416,9802,0
IGT,5,20210319,093500,0.44,0.44,0.44,0.44,2065,0
IGT,5,20210319,100500,0.416,0.416,0.416,0.416,15,0
IGT,5,20210319,105500,0.43,0.43,0.43,0.43,800,0
IGT,5,20210319,115000,0.42,0.42,0.42,0.42,4025,0
IGT,5,20210319,120500,0.42,0.42,0.416,0.416,4975,0
IGT,5,20210319,121500,0.424,0.424,0.424,0.424,50,0
IGT,5,20210319,124000,0.424,0.428,0.424,0.428,2000,0
IGT,5,20210322,092000,0.416,0.416,0.416,0.416,500,0
IGT,5,20210322,094000,0.416,0.416,0.416,0.416,2000,0
IGT,5,20210322,095000,0.412,0.412,0.402,0.402,4500,0
IGT,5,20210322,095500,0.402,0.402,0.372,0.372,17400,0
IGT,5,20210322,100000,0.398,0.4,0.398,0.4,4500,0
IGT,5,20210322,102000,0.382,0.382,0.38,0.38,1200,0
IGT,5,20210322,104500,0.4,0.4,0.4,0.4,2000,0
IGT,5,20210322,114000,0.386,0.386,0.386,0.386,2300,0
IGT,5,20210322,120000,0.398,0.398,0.398,0.398,1000,0
IGT,5,20210322,131000,0.398,0.398,0.398,0.398,1500,0
IGT,5,20210322,133500,0.386,0.386,0.386,0.386,420,0
IGT,5,20210322,134000,0.386,0.386,0.382,0.382,10000,0
IGT,5,20210322,135500,0.384,0.384,0.382,0.382,10000,0
IGT,5,20210322,140500,0.382,0.382,0.382,0.382,2212,0
IGT,5,20210322,141000,0.378,0.378,0.378,0.378,1788,0
IGT,5,20210322,142000,0.388,0.396,0.388,0.396,19602,0
IGT,5,20210322,151000,0.392,0.392,0.392,0.392,3600,0
IGT,5,20210322,153000,0.398,0.4,0.398,0.4,7000,0
IGT,5,20210322,155000,0.4,0.4,0.4,0.4,14017,0
IGT,5,20210322,162500,0.4,0.4,0.392,0.392,20000,0
IGT,5,20210322,164500,0.41,0.41,0.41,0.41,50,0
IGT,5,20210323,090000,0.38,0.38,0.38,0.38,2000,0
IGT,5,20210323,093000,0.384,0.384,0.372,0.372,61202,0
IGT,5,20210323,093500,0.38,0.38,0.38,0.38,22000,0
IGT,5,20210323,094500,0.384,0.384,0.38,0.38,5633,0
IGT,5,20210323,095500,0.372,0.372,0.37,0.37,20000,0
IGT,5,20210323,100000,0.378,0.378,0.378,0.378,2293,0
IGT,5,20210323,100500,0.378,0.378,0.372,0.372,3707,0
IGT,5,20210323,101000,0.37,0.37,0.37,0.37,6040,0
IGT,5,20210323,102500,0.37,0.37,0.37,0.37,9500,0
IGT,5,20210323,103000,0.37,0.37,0.37,0.37,11500,0
IGT,5,20210323,105500,0.37,0.37,0.37,0.37,9793,0
IGT,5,20210323,112000,0.37,0.37,0.364,0.364,5207,0
IGT,5,20210323,113000,0.364,0.364,0.356,0.356,8050,0
IGT,5,20210323,125000,0.36,0.36,0.354,0.354,16700,0
IGT,5,20210323,130000,0.356,0.356,0.356,0.356,12632,0
IGT,5,20210323,131000,0.36,0.36,0.36,0.36,9098,0
IGT,5,20210323,131500,0.36,0.368,0.36,0.368,6534,0
IGT,5,20210323,132000,0.37,0.37,0.37,0.37,9000,0
IGT,5,20210323,132500,0.37,0.37,0.37,0.37,1000,0
IGT,5,20210323,134000,0.37,0.37,0.37,0.37,11330,0
IGT,5,20210323,135000,0.374,0.374,0.374,0.374,5000,0
IGT,5,20210323,135500,0.374,0.374,0.374,0.374,386,0
IGT,5,20210323,140500,0.372,0.372,0.372,0.372,1000,0
IGT,5,20210323,142500,0.372,0.372,0.372,0.372,7000,0
IGT,5,20210323,143500,0.37,0.37,0.37,0.37,1326,0
IGT,5,20210323,151500,0.37,0.37,0.37,0.37,674,0
IGT,5,20210323,154000,0.37,0.37,0.36,0.36,5100,0
IGT,5,20210323,165500,0.374,0.374,0.374,0.374,500,0
IGT,5,20210324,090000,0.374,0.374,0.374,0.374,100,0
IGT,5,20210324,093000,0.374,0.374,0.374,0.374,514,0
IGT,5,20210324,094000,0.378,0.378,0.378,0.378,500,0
IGT,5,20210324,095000,0.38,0.38,0.38,0.38,5500,0
IGT,5,20210324,110000,0.38,0.38,0.38,0.38,500,0
IGT,5,20210324,112000,0.394,0.41,0.394,0.41,13990,0
IGT,5,20210324,114000,0.406,0.41,0.406,0.41,5200,0
IGT,5,20210324,115000,0.406,0.408,0.406,0.408,1620,0
IGT,5,20210324,145500,0.384,0.406,0.374,0.406,5226,0
IGT,5,20210325,090000,0.398,0.398,0.398,0.398,1300,0
IGT,5,20210325,091000,0.396,0.396,0.396,0.396,400,0
IGT,5,20210325,091500,0.398,0.4,0.398,0.4,2489,0
IGT,5,20210325,092000,0.384,0.384,0.384,0.384,900,0
IGT,5,20210325,095500,0.4,0.4,0.4,0.4,11,0
IGT,5,20210325,153000,0.39,0.39,0.39,0.39,8000,0
IGT,5,20210325,161000,0.4,0.4,0.4,0.4,11,0
IGT,5,20210326,091500,0.39,0.39,0.39,0.39,800,0
IGT,5,20210326,093000,0.382,0.382,0.382,0.382,500,0
IGT,5,20210326,102500,0.37,0.37,0.36,0.36,20000,0
IGT,5,20210326,103500,0.378,0.378,0.378,0.378,800,0
IGT,5,20210326,164000,0.376,0.38,0.376,0.38,9900,0
IGT,5,20210326,164500,0.38,0.38,0.38,0.38,1000,0
