<TICKER>,<PER>,<DATE>,<TIME>,<OPEN>,<HIGH>,<LOW>,<CLOSE>,<VOL>,<OPENINT>
IMG,5,20210204,092000,0.715,0.715,0.715,0.715,1,0
IMG,5,20210204,094500,0.715,0.715,0.715,0.715,1,0
IMG,5,20210204,103000,0.71,0.71,0.71,0.71,100,0
IMG,5,20210204,121000,0.675,0.675,0.675,0.675,500,0
IMG,5,20210204,122500,0.68,0.68,0.68,0.68,100,0
IMG,5,20210204,123500,0.7,0.71,0.7,0.71,2500,0
IMG,5,20210204,125000,0.71,0.715,0.71,0.715,2337,0
IMG,5,20210204,125500,0.72,0.72,0.72,0.72,163,0
IMG,5,20210204,133000,0.69,0.69,0.68,0.68,4470,0
IMG,5,20210204,133500,0.68,0.68,0.68,0.68,20000,0
IMG,5,20210204,135000,0.68,0.68,0.68,0.68,2800,0
IMG,5,20210204,140000,0.68,0.68,0.68,0.68,3420,0
IMG,5,20210204,161000,0.665,0.665,0.665,0.665,400,0
IMG,5,20210204,161500,0.665,0.705,0.665,0.705,1700,0
IMG,5,20210205,090000,0.7,0.7,0.7,0.7,155,0
IMG,5,20210205,094500,0.67,0.67,0.67,0.67,405,0
IMG,5,20210205,104500,0.7,0.7,0.7,0.7,15,0
IMG,5,20210205,112000,0.67,0.67,0.67,0.67,795,0
IMG,5,20210205,120000,0.695,0.7,0.695,0.7,10000,0
IMG,5,20210205,151000,0.69,0.69,0.69,0.69,1000,0
IMG,5,20210205,153000,0.67,0.67,0.67,0.67,2500,0
IMG,5,20210205,161500,0.69,0.7,0.69,0.7,500,0
IMG,5,20210208,090000,0.695,0.695,0.695,0.695,2000,0
IMG,5,20210208,103000,0.69,0.69,0.69,0.69,550,0
IMG,5,20210208,104000,0.69,0.69,0.69,0.69,2000,0
IMG,5,20210208,104500,0.69,0.69,0.69,0.69,2000,0
IMG,5,20210208,112500,0.69,0.69,0.69,0.69,180,0
IMG,5,20210208,121500,0.69,0.69,0.69,0.69,2500,0
IMG,5,20210208,143500,0.69,0.69,0.69,0.69,41,0
IMG,5,20210208,145000,0.69,0.69,0.69,0.69,1959,0
IMG,5,20210208,145500,0.69,0.69,0.67,0.67,4016,0
IMG,5,20210208,150000,0.67,0.67,0.665,0.665,4561,0
IMG,5,20210208,150500,0.665,0.665,0.665,0.665,2000,0
IMG,5,20210208,151000,0.66,0.69,0.66,0.69,11523,0
IMG,5,20210208,155500,0.665,0.665,0.665,0.665,1500,0
IMG,5,20210208,161000,0.65,0.65,0.65,0.65,2370,0
IMG,5,20210208,163500,0.65,0.65,0.65,0.65,2606,0
IMG,5,20210208,164000,0.65,0.65,0.65,0.65,3294,0
IMG,5,20210208,164500,0.67,0.67,0.67,0.67,1000,0
IMG,5,20210209,091000,0.67,0.67,0.645,0.645,2250,0
IMG,5,20210209,091500,0.64,0.645,0.64,0.645,6496,0
IMG,5,20210209,094000,0.62,0.62,0.62,0.62,4200,0
IMG,5,20210209,094500,0.62,0.62,0.62,0.62,4200,0
IMG,5,20210209,100500,0.62,0.62,0.62,0.62,6983,0
IMG,5,20210209,104000,0.63,0.63,0.63,0.63,4200,0
IMG,5,20210209,104500,0.65,0.65,0.65,0.65,1650,0
IMG,5,20210209,105000,0.63,0.63,0.63,0.63,20,0
IMG,5,20210209,105500,0.62,0.62,0.62,0.62,330,0
IMG,5,20210209,112000,0.64,0.64,0.64,0.64,3000,0
IMG,5,20210209,123000,0.64,0.64,0.64,0.64,464,0
IMG,5,20210209,125000,0.64,0.64,0.64,0.64,563,0
IMG,5,20210209,133500,0.64,0.65,0.64,0.65,4526,0
IMG,5,20210209,142500,0.655,0.655,0.655,0.655,2000,0
IMG,5,20210209,152500,0.64,0.64,0.64,0.64,785,0
IMG,5,20210209,162000,0.63,0.63,0.63,0.63,215,0
IMG,5,20210209,162500,0.655,0.655,0.655,0.655,155,0
IMG,5,20210209,164000,0.65,0.65,0.65,0.65,2659,0
IMG,5,20210209,164500,0.65,0.655,0.65,0.655,650,0
IMG,5,20210210,090000,0.66,0.66,0.66,0.66,100,0
IMG,5,20210210,090500,0.66,0.67,0.66,0.67,7553,0
IMG,5,20210210,094500,0.67,0.67,0.67,0.67,337,0
IMG,5,20210210,095000,0.65,0.65,0.65,0.65,2000,0
IMG,5,20210210,104500,0.65,0.65,0.65,0.65,1528,0
IMG,5,20210210,110000,0.67,0.67,0.67,0.67,5000,0
IMG,5,20210210,113500,0.67,0.67,0.67,0.67,7504,0
IMG,5,20210210,114500,0.68,0.68,0.68,0.68,4410,0
IMG,5,20210210,115000,0.685,0.685,0.685,0.685,2000,0
IMG,5,20210210,115500,0.67,0.67,0.67,0.67,6000,0
IMG,5,20210210,120000,0.685,0.735,0.685,0.735,7350,0
IMG,5,20210210,120500,0.735,0.735,0.73,0.73,2035,0
IMG,5,20210210,121000,0.68,0.69,0.68,0.69,2001,0
IMG,5,20210210,121500,0.68,0.68,0.68,0.68,2034,0
IMG,5,20210210,122000,0.69,0.69,0.69,0.69,2000,0
IMG,5,20210210,123000,0.73,0.73,0.73,0.73,500,0
IMG,5,20210210,130500,0.71,0.73,0.71,0.73,3500,0
IMG,5,20210210,131000,0.71,0.71,0.71,0.71,1500,0
IMG,5,20210210,131500,0.73,0.73,0.73,0.73,330,0
IMG,5,20210210,133000,0.73,0.73,0.73,0.73,1020,0
IMG,5,20210210,134000,0.73,0.73,0.73,0.73,650,0
IMG,5,20210210,140500,0.73,0.73,0.71,0.71,14504,0
IMG,5,20210210,143000,0.7,0.7,0.675,0.675,7000,0
IMG,5,20210210,144000,0.72,0.72,0.72,0.72,133,0
IMG,5,20210210,151500,0.715,0.715,0.715,0.715,150,0
IMG,5,20210210,154500,0.71,0.715,0.71,0.715,4667,0
IMG,5,20210210,155000,0.72,0.72,0.72,0.72,5500,0
IMG,5,20210210,164000,0.72,0.72,0.72,0.72,2000,0
IMG,5,20210210,164500,0.73,0.73,0.73,0.73,358,0
IMG,5,20210211,090000,0.725,0.725,0.725,0.725,1000,0
IMG,5,20210211,100000,0.7,0.7,0.7,0.7,2000,0
IMG,5,20210211,101000,0.7,0.72,0.68,0.72,1001,0
IMG,5,20210211,111000,0.7,0.7,0.7,0.7,500,0
IMG,5,20210211,113500,0.7,0.7,0.7,0.7,999,0
IMG,5,20210211,114500,0.7,0.7,0.7,0.7,512,0
IMG,5,20210211,115500,0.7,0.7,0.7,0.7,2500,0
IMG,5,20210211,124000,0.715,0.715,0.715,0.715,1800,0
IMG,5,20210211,141500,0.705,0.705,0.7,0.7,3000,0
IMG,5,20210211,150000,0.72,0.72,0.72,0.72,1,0
IMG,5,20210211,164500,0.7,0.71,0.7,0.71,9629,0
IMG,5,20210212,091000,0.69,0.69,0.69,0.69,700,0
IMG,5,20210212,102000,0.71,0.71,0.71,0.71,848,0
IMG,5,20210212,103500,0.71,0.71,0.71,0.71,70,0
IMG,5,20210212,111000,0.725,0.725,0.725,0.725,1966,0
IMG,5,20210212,111500,0.725,0.725,0.725,0.725,34,0
IMG,5,20210212,112500,0.71,0.71,0.71,0.71,1500,0
IMG,5,20210212,113000,0.69,0.725,0.69,0.725,12,0
IMG,5,20210212,113500,0.72,0.72,0.72,0.72,2000,0
IMG,5,20210212,114500,0.71,0.71,0.71,0.71,3800,0
IMG,5,20210212,123500,0.695,0.695,0.695,0.695,868,0
IMG,5,20210212,125000,0.695,0.695,0.69,0.69,1000,0
IMG,5,20210212,130500,0.725,0.725,0.725,0.725,300,0
IMG,5,20210212,132500,0.725,0.73,0.725,0.73,3000,0
IMG,5,20210212,140000,0.73,0.73,0.73,0.73,5631,0
IMG,5,20210212,141500,0.74,0.74,0.74,0.74,701,0
IMG,5,20210212,142000,0.74,0.74,0.74,0.74,335,0
IMG,5,20210212,145000,0.73,0.73,0.71,0.71,6407,0
IMG,5,20210212,145500,0.71,0.71,0.7,0.7,5002,0
IMG,5,20210212,152000,0.74,0.74,0.74,0.74,100,0
IMG,5,20210212,153000,0.74,0.74,0.74,0.74,5000,0
IMG,5,20210212,162000,0.7,0.7,0.7,0.7,756,0
IMG,5,20210212,162500,0.73,0.73,0.73,0.73,1,0
IMG,5,20210212,164000,0.73,0.73,0.73,0.73,4838,0
IMG,5,20210215,090000,0.73,0.73,0.73,0.73,101,0
IMG,5,20210215,093000,0.73,0.74,0.73,0.74,12000,0
IMG,5,20210215,093500,0.74,0.74,0.74,0.74,10000,0
IMG,5,20210215,100500,0.74,0.74,0.74,0.74,5826,0
IMG,5,20210215,101000,0.74,0.74,0.74,0.74,6000,0
IMG,5,20210215,101500,0.74,0.74,0.72,0.72,7172,0
IMG,5,20210215,102000,0.74,0.74,0.74,0.74,28,0
IMG,5,20210215,105000,0.74,0.74,0.74,0.74,15000,0
IMG,5,20210215,113000,0.74,0.74,0.74,0.74,8399,0
IMG,5,20210215,114000,0.72,0.735,0.71,0.735,16216,0
IMG,5,20210215,122500,0.705,0.705,0.705,0.705,1,0
IMG,5,20210215,123000,0.705,0.705,0.7,0.7,3949,0
IMG,5,20210215,123500,0.72,0.72,0.72,0.72,2000,0
IMG,5,20210215,134000,0.72,0.72,0.72,0.72,7347,0
IMG,5,20210215,134500,0.72,0.72,0.72,0.72,6523,0
IMG,5,20210215,152500,0.72,0.72,0.72,0.72,40,0
IMG,5,20210215,161000,0.72,0.72,0.72,0.72,11,0
IMG,5,20210215,162000,0.72,0.72,0.72,0.72,426,0
IMG,5,20210215,164500,0.725,0.725,0.725,0.725,120,0
IMG,5,20210216,090000,0.82,0.83,0.79,0.79,44144,0
IMG,5,20210216,090500,0.78,0.815,0.78,0.815,2174,0
IMG,5,20210216,091000,0.815,0.82,0.815,0.82,1325,0
IMG,5,20210216,092500,0.8,0.81,0.8,0.81,3101,0
IMG,5,20210216,093500,0.8,0.8,0.77,0.77,5220,0
IMG,5,20210216,094000,0.77,0.77,0.77,0.77,7734,0
IMG,5,20210216,095500,0.77,0.77,0.77,0.77,1733,0
IMG,5,20210216,101000,0.76,0.76,0.715,0.715,16953,0
IMG,5,20210216,101500,0.785,0.785,0.75,0.75,601,0
IMG,5,20210216,111500,0.755,0.755,0.755,0.755,2647,0
IMG,5,20210216,113500,0.755,0.755,0.755,0.755,2353,0
IMG,5,20210216,124500,0.75,0.75,0.75,0.75,1733,0
IMG,5,20210216,125000,0.75,0.75,0.75,0.75,67,0
IMG,5,20210216,130000,0.735,0.735,0.735,0.735,8630,0
IMG,5,20210216,130500,0.73,0.73,0.715,0.72,19098,0
IMG,5,20210216,132500,0.72,0.73,0.72,0.73,5629,0
IMG,5,20210216,133000,0.73,0.73,0.73,0.73,500,0
IMG,5,20210216,133500,0.735,0.735,0.735,0.735,9370,0
IMG,5,20210216,134000,0.75,0.75,0.75,0.75,3001,0
IMG,5,20210216,135000,0.745,0.75,0.745,0.75,1500,0
IMG,5,20210216,142500,0.74,0.74,0.74,0.74,5000,0
IMG,5,20210216,143000,0.74,0.74,0.74,0.74,2347,0
IMG,5,20210216,143500,0.745,0.745,0.745,0.745,1500,0
IMG,5,20210216,145500,0.755,0.755,0.755,0.755,523,0
IMG,5,20210216,152000,0.74,0.74,0.74,0.74,658,0
IMG,5,20210216,152500,0.745,0.75,0.73,0.73,14027,0
IMG,5,20210216,160000,0.75,0.75,0.75,0.75,1327,0
IMG,5,20210216,161500,0.75,0.75,0.75,0.75,4150,0
IMG,5,20210216,162000,0.75,0.75,0.75,0.75,1100,0
IMG,5,20210216,162500,0.75,0.75,0.75,0.75,2000,0
IMG,5,20210216,163500,0.73,0.75,0.73,0.75,1527,0
IMG,5,20210216,164500,0.755,0.755,0.755,0.755,3610,0
IMG,5,20210217,090000,0.755,0.77,0.74,0.74,5159,0
IMG,5,20210217,091500,0.74,0.74,0.74,0.74,405,0
IMG,5,20210217,092000,0.74,0.74,0.74,0.74,1500,0
IMG,5,20210217,093000,0.74,0.74,0.74,0.74,1224,0
IMG,5,20210217,095000,0.76,0.76,0.76,0.76,1283,0
IMG,5,20210217,100500,0.76,0.76,0.76,0.76,905,0
IMG,5,20210217,102000,0.77,0.77,0.77,0.77,539,0
IMG,5,20210217,102500,0.77,0.77,0.77,0.77,686,0
IMG,5,20210217,103000,0.775,0.775,0.775,0.775,518,0
IMG,5,20210217,103500,0.775,0.775,0.775,0.775,75,0
IMG,5,20210217,104500,0.775,0.775,0.775,0.775,3000,0
IMG,5,20210217,110000,0.78,0.78,0.78,0.78,500,0
IMG,5,20210217,110500,0.78,0.78,0.78,0.78,4000,0
IMG,5,20210217,111500,0.79,0.79,0.79,0.79,380,0
IMG,5,20210217,112000,0.775,0.775,0.76,0.76,2582,0
IMG,5,20210217,120000,0.74,0.74,0.74,0.74,500,0
IMG,5,20210217,120500,0.76,0.76,0.76,0.76,208,0
IMG,5,20210217,123500,0.76,0.78,0.76,0.78,13332,0
IMG,5,20210217,124500,0.78,0.81,0.78,0.81,36403,0
IMG,5,20210217,125000,0.805,0.815,0.805,0.815,10043,0
IMG,5,20210217,125500,0.82,0.82,0.81,0.81,3602,0
IMG,5,20210217,130000,0.805,0.83,0.805,0.83,11822,0
IMG,5,20210217,130500,0.82,0.83,0.82,0.83,2820,0
IMG,5,20210217,131000,0.83,0.83,0.83,0.83,1500,0
IMG,5,20210217,131500,0.82,0.83,0.82,0.83,9476,0
IMG,5,20210217,132000,0.84,0.86,0.84,0.86,25207,0
IMG,5,20210217,132500,0.87,0.9,0.87,0.9,29995,0
IMG,5,20210217,133000,0.9,0.905,0.89,0.89,17347,0
IMG,5,20210217,133500,0.87,0.89,0.86,0.88,3712,0
IMG,5,20210217,134000,0.875,0.9,0.875,0.875,68188,0
IMG,5,20210217,135000,0.92,0.97,0.92,0.96,20559,0
IMG,5,20210217,135500,0.93,0.945,0.91,0.91,12619,0
IMG,5,20210217,140000,0.93,0.93,0.9,0.93,30834,0
IMG,5,20210217,140500,0.94,0.97,0.93,0.945,32101,0
IMG,5,20210217,141000,0.96,0.96,0.915,0.915,17840,0
IMG,5,20210217,141500,0.93,0.94,0.915,0.935,12286,0
IMG,5,20210217,142500,0.935,0.935,0.935,0.935,1190,0
IMG,5,20210217,143000,0.915,0.935,0.905,0.935,10767,0
IMG,5,20210217,143500,0.935,0.99,0.935,0.99,96022,0
IMG,5,20210217,144000,0.99,1.05,0.98,1.01,56210,0
IMG,5,20210217,144500,1.02,1.03,0.99,0.99,23652,0
IMG,5,20210217,145000,1.01,1.02,1.01,1.02,8926,0
IMG,5,20210217,145500,1.03,1.04,1.01,1.01,12502,0
IMG,5,20210217,150000,1.03,1.04,1.01,1.01,7379,0
IMG,5,20210217,150500,1.01,1.04,1,1,5000,0
IMG,5,20210217,151000,1.02,1.02,1.02,1.02,1000,0
IMG,5,20210217,151500,1,1.02,0.98,1,29649,0
IMG,5,20210217,152000,0.99,1.01,0.99,1.01,3300,0
IMG,5,20210217,152500,1,1,0.99,0.99,2774,0
IMG,5,20210217,153000,0.975,0.975,0.975,0.975,3270,0
IMG,5,20210217,153500,0.97,1,0.97,1,20000,0
IMG,5,20210217,154000,0.975,0.975,0.955,0.955,3511,0
IMG,5,20210217,154500,0.99,0.99,0.94,0.94,18427,0
IMG,5,20210217,155000,0.975,0.975,0.975,0.975,1,0
IMG,5,20210217,155500,0.975,0.975,0.975,0.975,800,0
IMG,5,20210217,160500,0.94,0.94,0.92,0.94,15973,0
IMG,5,20210217,161000,0.93,0.93,0.91,0.92,9271,0
IMG,5,20210217,161500,0.93,0.95,0.93,0.95,750,0
IMG,5,20210217,162000,0.97,0.98,0.97,0.98,5146,0
IMG,5,20210217,162500,0.985,0.985,0.98,0.98,215,0
IMG,5,20210217,163000,0.95,0.95,0.95,0.95,1000,0
IMG,5,20210217,163500,0.93,0.96,0.93,0.96,4350,0
IMG,5,20210217,164000,0.96,0.96,0.96,0.96,265,0
IMG,5,20210217,164500,0.96,0.98,0.945,0.945,14242,0
IMG,5,20210218,090000,0.96,0.96,0.925,0.94,21808,0
IMG,5,20210218,090500,0.965,0.965,0.96,0.965,3006,0
IMG,5,20210218,091000,0.965,0.98,0.965,0.98,15600,0
IMG,5,20210218,091500,0.95,1.09,0.95,1.09,71622,0
IMG,5,20210218,092000,1.07,1.09,1.04,1.08,30309,0
IMG,5,20210218,092500,1.06,1.06,1.03,1.04,8400,0
IMG,5,20210218,093000,1.03,1.03,1.01,1.03,12343,0
IMG,5,20210218,093500,1.01,1.03,0.97,0.97,29921,0
IMG,5,20210218,094000,1.01,1.01,0.97,0.97,7173,0
IMG,5,20210218,094500,0.99,1.01,0.99,0.99,10130,0
IMG,5,20210218,095000,1.01,1.01,0.99,0.99,8580,0
IMG,5,20210218,095500,1,1,0.96,0.96,11912,0
IMG,5,20210218,100000,0.96,0.96,0.96,0.96,3179,0
IMG,5,20210218,100500,0.97,0.97,0.97,0.97,1879,0
IMG,5,20210218,101000,0.99,0.99,0.96,0.96,29913,0
IMG,5,20210218,101500,0.96,0.96,0.96,0.96,5001,0
IMG,5,20210218,102500,0.96,0.96,0.96,0.96,200,0
IMG,5,20210218,103000,0.96,0.97,0.91,0.945,13189,0
IMG,5,20210218,103500,0.945,0.945,0.945,0.945,2450,0
IMG,5,20210218,104000,0.945,0.945,0.945,0.945,1311,0
IMG,5,20210218,104500,0.945,0.95,0.87,0.87,39791,0
IMG,5,20210218,105000,0.94,0.96,0.94,0.96,15649,0
IMG,5,20210218,105500,0.96,0.97,0.96,0.97,6487,0
IMG,5,20210218,110000,0.97,0.97,0.97,0.97,6989,0
IMG,5,20210218,110500,0.97,0.97,0.97,0.97,800,0
IMG,5,20210218,111500,0.955,0.955,0.935,0.935,5900,0
IMG,5,20210218,112000,0.93,0.93,0.915,0.915,4200,0
IMG,5,20210218,112500,0.915,0.915,0.915,0.915,300,0
IMG,5,20210218,113000,0.915,0.915,0.915,0.915,700,0
IMG,5,20210218,114500,0.915,0.915,0.875,0.89,32100,0
IMG,5,20210218,115000,0.875,0.89,0.875,0.89,1843,0
IMG,5,20210218,115500,0.895,0.895,0.895,0.895,6412,0
IMG,5,20210218,120000,0.92,0.92,0.92,0.92,1,0
IMG,5,20210218,120500,0.905,0.905,0.905,0.905,1500,0
IMG,5,20210218,121500,0.93,0.93,0.92,0.92,4001,0
IMG,5,20210218,122000,0.93,0.95,0.93,0.95,2889,0
IMG,5,20210218,122500,0.95,0.95,0.95,0.95,888,0
IMG,5,20210218,124000,0.93,0.93,0.93,0.93,121,0
IMG,5,20210218,124500,0.95,0.95,0.95,0.95,1,0
IMG,5,20210218,125500,0.95,0.955,0.95,0.955,6012,0
IMG,5,20210218,130000,0.935,0.955,0.9,0.955,16303,0
IMG,5,20210218,130500,0.94,0.955,0.85,0.85,34941,0
IMG,5,20210218,131000,0.91,0.925,0.85,0.91,15265,0
IMG,5,20210218,132000,0.895,0.9,0.86,0.86,9250,0
IMG,5,20210218,132500,0.895,0.895,0.895,0.895,1800,0
IMG,5,20210218,133000,0.895,0.92,0.895,0.92,6008,0
IMG,5,20210218,133500,0.89,0.89,0.89,0.89,4000,0
IMG,5,20210218,134000,0.92,0.92,0.91,0.91,1001,0
IMG,5,20210218,134500,0.89,0.89,0.875,0.875,5543,0
IMG,5,20210218,135500,0.9,0.9,0.88,0.88,1139,0
IMG,5,20210218,140000,0.88,0.88,0.87,0.87,4870,0
IMG,5,20210218,142000,0.89,0.89,0.89,0.89,1000,0
IMG,5,20210218,142500,0.875,0.875,0.875,0.875,600,0
IMG,5,20210218,143500,0.87,0.87,0.87,0.87,4368,0
IMG,5,20210218,144500,0.87,0.87,0.87,0.87,662,0
IMG,5,20210218,145500,0.9,0.9,0.9,0.9,6,0
IMG,5,20210218,154500,0.9,0.9,0.9,0.9,700,0
IMG,5,20210218,161000,0.89,0.89,0.89,0.89,1000,0
IMG,5,20210218,161500,0.89,0.9,0.89,0.9,1706,0
IMG,5,20210218,162000,0.88,0.88,0.875,0.875,3490,0
IMG,5,20210218,163000,0.86,0.875,0.85,0.875,12939,0
IMG,5,20210218,164000,0.875,0.875,0.84,0.84,4021,0
IMG,5,20210218,164500,0.84,0.88,0.84,0.88,7353,0
IMG,5,20210219,090000,0.88,0.88,0.88,0.88,5664,0
IMG,5,20210219,090500,0.85,0.85,0.8,0.8,23939,0
IMG,5,20210219,091000,0.8,0.835,0.78,0.835,18062,0
IMG,5,20210219,091500,0.82,0.82,0.82,0.82,2436,0
IMG,5,20210219,092500,0.83,0.84,0.83,0.83,10741,0
IMG,5,20210219,093000,0.845,0.845,0.845,0.845,564,0
IMG,5,20210219,093500,0.83,0.845,0.83,0.845,1221,0
IMG,5,20210219,095500,0.845,0.845,0.845,0.845,1000,0
IMG,5,20210219,102500,0.845,0.845,0.845,0.845,2061,0
IMG,5,20210219,103000,0.85,0.88,0.85,0.88,1230,0
IMG,5,20210219,112000,0.88,0.88,0.88,0.88,30,0
IMG,5,20210219,114500,0.88,0.88,0.88,0.88,3822,0
IMG,5,20210219,122000,0.85,0.85,0.84,0.84,2141,0
IMG,5,20210219,124000,0.84,0.84,0.84,0.84,750,0
IMG,5,20210219,130500,0.88,0.885,0.88,0.885,2265,0
IMG,5,20210219,140500,0.885,0.885,0.885,0.885,3678,0
IMG,5,20210219,141000,0.885,0.89,0.885,0.89,2000,0
IMG,5,20210219,141500,0.89,0.89,0.89,0.89,7097,0
IMG,5,20210219,142500,0.9,0.9,0.9,0.9,300,0
IMG,5,20210219,143000,0.9,0.92,0.9,0.92,7175,0
IMG,5,20210219,143500,0.9,0.915,0.9,0.915,1980,0
IMG,5,20210219,145500,0.9,0.915,0.9,0.915,10975,0
IMG,5,20210219,150500,0.915,0.915,0.915,0.915,5412,0
IMG,5,20210219,151000,0.915,0.92,0.915,0.92,3600,0
IMG,5,20210219,151500,0.935,0.935,0.935,0.935,160,0
IMG,5,20210219,162000,0.915,0.915,0.905,0.905,613,0
IMG,5,20210219,163000,0.905,0.905,0.88,0.88,3474,0
IMG,5,20210219,164000,0.88,0.91,0.88,0.89,450,0
IMG,5,20210219,164500,0.9,0.9,0.9,0.9,250,0
IMG,5,20210222,090000,0.93,0.93,0.93,0.93,2600,0
IMG,5,20210222,090500,0.91,0.91,0.9,0.9,1160,0
IMG,5,20210222,092000,0.9,0.9,0.9,0.9,50,0
IMG,5,20210222,092500,0.87,0.87,0.86,0.86,2426,0
IMG,5,20210222,095500,0.86,0.86,0.86,0.86,926,0
IMG,5,20210222,100000,0.855,0.855,0.855,0.855,100,0
IMG,5,20210222,102000,0.885,0.885,0.885,0.885,10,0
IMG,5,20210222,104000,0.885,0.885,0.885,0.885,3,0
IMG,5,20210222,105000,0.87,0.885,0.87,0.885,1001,0
IMG,5,20210222,110500,0.885,0.9,0.885,0.9,2000,0
IMG,5,20210222,114500,0.9,0.9,0.9,0.9,2000,0
IMG,5,20210222,115000,0.9,0.9,0.9,0.9,222,0
IMG,5,20210222,123000,0.9,0.92,0.9,0.92,6000,0
IMG,5,20210222,123500,0.92,0.92,0.92,0.92,360,0
IMG,5,20210222,140500,0.88,0.88,0.88,0.88,1600,0
IMG,5,20210222,141000,0.92,0.92,0.92,0.92,2,0
IMG,5,20210222,150500,0.9,0.9,0.9,0.9,900,0
IMG,5,20210222,153000,0.915,0.925,0.915,0.925,7600,0
IMG,5,20210222,155000,0.9,0.9,0.9,0.9,1100,0
IMG,5,20210222,155500,0.88,0.88,0.86,0.86,2800,0
IMG,5,20210222,160500,0.86,0.86,0.86,0.86,300,0
IMG,5,20210222,161000,0.86,0.86,0.86,0.86,800,0
IMG,5,20210223,090000,0.895,0.895,0.895,0.895,100,0
IMG,5,20210223,094500,0.85,0.85,0.82,0.82,7075,0
IMG,5,20210223,095000,0.855,0.855,0.855,0.855,3000,0
IMG,5,20210223,100500,0.855,0.855,0.845,0.845,4250,0
IMG,5,20210223,101500,0.86,0.89,0.86,0.89,5823,0
IMG,5,20210223,103000,0.85,0.85,0.85,0.85,1177,0
IMG,5,20210223,104500,0.845,0.845,0.845,0.845,1200,0
IMG,5,20210223,105500,0.84,0.84,0.83,0.84,1516,0
IMG,5,20210223,110500,0.84,0.84,0.84,0.84,1000,0
IMG,5,20210223,113500,0.84,0.84,0.84,0.84,800,0
IMG,5,20210223,120000,0.84,0.84,0.84,0.84,3884,0
IMG,5,20210223,123500,0.83,0.83,0.825,0.825,3700,0
IMG,5,20210223,124000,0.84,0.84,0.84,0.84,1,0
IMG,5,20210223,142000,0.83,0.83,0.83,0.83,2000,0
IMG,5,20210223,150500,0.825,0.825,0.82,0.82,3000,0
IMG,5,20210223,151000,0.82,0.82,0.82,0.82,4418,0
IMG,5,20210223,152000,0.82,0.82,0.82,0.82,2332,0
IMG,5,20210223,163000,0.81,0.81,0.81,0.81,1000,0
IMG,5,20210223,163500,0.8,0.8,0.8,0.8,11293,0
IMG,5,20210223,164500,0.81,0.815,0.81,0.815,1210,0
IMG,5,20210224,090000,0.815,0.815,0.815,0.815,1690,0
IMG,5,20210224,092500,0.815,0.815,0.815,0.815,1000,0
IMG,5,20210224,101500,0.815,0.815,0.815,0.815,163,0
IMG,5,20210224,102000,0.815,0.815,0.815,0.815,402,0
IMG,5,20210224,104000,0.815,0.815,0.815,0.815,82,0
IMG,5,20210224,110500,0.82,0.82,0.82,0.82,2,0
IMG,5,20210224,122000,0.815,0.815,0.815,0.815,600,0
IMG,5,20210224,123500,0.82,0.82,0.82,0.82,8258,0
IMG,5,20210224,125000,0.825,0.825,0.825,0.825,1,0
IMG,5,20210224,152500,0.82,0.82,0.82,0.82,3500,0
IMG,5,20210224,164000,0.82,0.825,0.82,0.825,5000,0
IMG,5,20210225,090000,0.84,0.84,0.84,0.84,1190,0
IMG,5,20210225,091000,0.84,0.86,0.84,0.86,1607,0
IMG,5,20210225,091500,0.86,0.865,0.86,0.865,2413,0
IMG,5,20210225,092000,0.85,0.85,0.84,0.84,1420,0
IMG,5,20210225,092500,0.84,0.84,0.84,0.84,307,0
IMG,5,20210225,094000,0.84,0.84,0.84,0.84,2,0
IMG,5,20210225,095500,0.84,0.86,0.84,0.86,6000,0
IMG,5,20210225,100500,0.86,0.86,0.86,0.86,726,0
IMG,5,20210225,101000,0.865,0.89,0.865,0.89,863,0
IMG,5,20210225,101500,0.865,0.865,0.865,0.865,211,0
IMG,5,20210225,103500,0.865,0.865,0.865,0.865,2,0
IMG,5,20210225,104500,0.85,0.85,0.85,0.85,1177,0
IMG,5,20210225,105500,0.85,0.85,0.85,0.85,500,0
IMG,5,20210225,110500,0.85,0.87,0.85,0.87,6153,0
IMG,5,20210225,111000,0.88,0.88,0.86,0.86,1473,0
IMG,5,20210225,111500,0.85,0.85,0.85,0.85,1177,0
IMG,5,20210225,115000,0.86,0.86,0.86,0.86,1,0
IMG,5,20210225,131500,0.835,0.835,0.81,0.81,6000,0
IMG,5,20210225,133000,0.82,0.82,0.82,0.82,400,0
IMG,5,20210225,141000,0.81,0.81,0.81,0.81,1141,0
IMG,5,20210225,142000,0.835,0.835,0.835,0.835,1,0
IMG,5,20210225,143500,0.835,0.835,0.835,0.835,2234,0
IMG,5,20210225,145500,0.86,0.86,0.86,0.86,1,0
IMG,5,20210225,150000,0.86,0.87,0.86,0.87,2300,0
IMG,5,20210225,152000,0.87,0.87,0.87,0.87,1,0
IMG,5,20210225,155500,0.85,0.85,0.85,0.85,1620,0
IMG,5,20210225,160000,0.87,0.87,0.87,0.87,1150,0
IMG,5,20210225,162000,0.86,0.86,0.86,0.86,1175,0
IMG,5,20210225,162500,0.875,0.88,0.875,0.88,4180,0
IMG,5,20210225,164000,0.9,0.99,0.9,0.96,32684,0
IMG,5,20210225,164500,0.96,0.98,0.93,0.98,24779,0
IMG,5,20210226,090000,0.95,0.95,0.9,0.93,9080,0
IMG,5,20210226,090500,0.9,0.9,0.87,0.87,7000,0
IMG,5,20210226,091000,0.88,0.92,0.88,0.92,25,0
IMG,5,20210226,092000,0.92,0.96,0.92,0.96,15368,0
IMG,5,20210226,092500,0.94,0.98,0.94,0.98,1701,0
IMG,5,20210226,094000,0.92,0.92,0.92,0.92,390,0
IMG,5,20210226,095000,0.925,0.925,0.915,0.915,1150,0
IMG,5,20210226,095500,0.92,0.92,0.92,0.92,1,0
IMG,5,20210226,100500,0.92,0.92,0.92,0.92,1499,0
IMG,5,20210226,101000,0.92,0.92,0.92,0.92,501,0
IMG,5,20210226,102000,0.935,0.935,0.935,0.935,1,0
IMG,5,20210226,103500,0.915,0.915,0.91,0.91,2728,0
IMG,5,20210226,105000,0.91,0.91,0.91,0.91,2773,0
IMG,5,20210226,111500,0.91,0.91,0.91,0.91,1076,0
IMG,5,20210226,113000,0.91,0.91,0.91,0.91,200,0
IMG,5,20210226,120000,0.9,0.9,0.9,0.9,883,0
IMG,5,20210226,121000,0.9,0.9,0.89,0.89,717,0
IMG,5,20210226,121500,0.89,0.89,0.88,0.88,6334,0
IMG,5,20210226,122500,0.89,0.925,0.89,0.925,2201,0
IMG,5,20210226,130000,0.92,0.92,0.92,0.92,1,0
IMG,5,20210226,130500,0.92,0.92,0.92,0.92,1150,0
IMG,5,20210226,135000,0.92,0.92,0.92,0.92,1084,0
IMG,5,20210226,144000,0.89,0.95,0.89,0.95,14464,0
IMG,5,20210226,144500,0.93,0.93,0.93,0.93,2500,0
IMG,5,20210226,145500,0.95,0.95,0.95,0.95,1489,0
IMG,5,20210226,150000,0.95,0.95,0.95,0.95,5011,0
IMG,5,20210226,151500,0.975,0.975,0.975,0.975,300,0
IMG,5,20210226,153500,0.975,0.975,0.975,0.975,3076,0
IMG,5,20210226,155000,0.99,1.07,0.99,1.07,15180,0
IMG,5,20210226,155500,1.07,1.13,1.07,1.13,13620,0
IMG,5,20210226,160500,1.06,1.11,1.02,1.11,10540,0
IMG,5,20210226,161000,1.02,1.09,1.02,1.09,1434,0
IMG,5,20210226,162000,1.07,1.07,1.07,1.07,50,0
IMG,5,20210226,162500,1.06,1.06,1.06,1.06,200,0
IMG,5,20210226,163000,1.03,1.06,1.02,1.06,10214,0
IMG,5,20210226,163500,1.08,1.1,1.08,1.1,40000,0
IMG,5,20210226,164000,1.09,1.09,1.09,1.09,940,0
IMG,5,20210226,164500,1.09,1.09,1.03,1.03,11473,0
IMG,5,20210301,090000,1.11,1.11,1.11,1.11,1850,0
IMG,5,20210301,090500,1.08,1.09,1.08,1.09,6000,0
IMG,5,20210301,091000,1.06,1.06,1.05,1.05,3753,0
IMG,5,20210301,092500,1.05,1.05,1.05,1.05,1525,0
IMG,5,20210301,093000,1.05,1.08,1.05,1.08,9587,0
IMG,5,20210301,093500,1.09,1.22,1.09,1.2,59376,0
IMG,5,20210301,094000,1.17,1.17,1.17,1.17,3484,0
IMG,5,20210301,095000,1.13,1.17,1.13,1.17,1035,0
IMG,5,20210301,095500,1.14,1.14,1.14,1.14,1000,0
IMG,5,20210301,100000,1.17,1.2,1.17,1.2,5346,0
IMG,5,20210301,100500,1.19,1.19,1.17,1.17,1188,0
IMG,5,20210301,101000,1.19,1.19,1.19,1.19,330,0
IMG,5,20210301,101500,1.16,1.16,1.16,1.16,1000,0
IMG,5,20210301,102500,1.16,1.16,1.16,1.16,731,0
IMG,5,20210301,103000,1.19,1.21,1.19,1.21,12723,0
IMG,5,20210301,103500,1.18,1.18,1.18,1.18,2300,0
IMG,5,20210301,104000,1.19,1.19,1.19,1.19,200,0
IMG,5,20210301,104500,1.19,1.2,1.19,1.2,7387,0
IMG,5,20210301,110500,1.2,1.2,1.2,1.2,100,0
IMG,5,20210301,111500,1.2,1.2,1.2,1.2,2000,0
IMG,5,20210301,112500,1.19,1.2,1.19,1.2,2971,0
IMG,5,20210301,113000,1.18,1.18,1.16,1.16,2000,0
IMG,5,20210301,114000,1.16,1.16,1.16,1.16,447,0
IMG,5,20210301,114500,1.19,1.19,1.19,1.19,2000,0
IMG,5,20210301,115000,1.19,1.19,1.19,1.19,1000,0
IMG,5,20210301,120000,1.19,1.19,1.19,1.19,868,0
IMG,5,20210301,120500,1.19,1.19,1.19,1.19,3851,0
IMG,5,20210301,121000,1.19,1.19,1.19,1.19,5600,0
IMG,5,20210301,122000,1.19,1.19,1.17,1.17,7580,0
IMG,5,20210301,122500,1.17,1.17,1.16,1.16,8008,0
IMG,5,20210301,133500,1.17,1.17,1.17,1.17,854,0
IMG,5,20210301,134000,1.16,1.16,1.16,1.16,1160,0
IMG,5,20210301,135500,1.16,1.16,1.16,1.16,3000,0
IMG,5,20210301,140000,1.16,1.16,1.16,1.16,1674,0
IMG,5,20210301,141000,1.15,1.15,1.15,1.15,3931,0
IMG,5,20210301,142000,1.17,1.17,1.17,1.17,216,0
IMG,5,20210301,151000,1.17,1.17,1.17,1.17,3200,0
IMG,5,20210301,152000,1.18,1.18,1.18,1.18,1000,0
IMG,5,20210301,153500,1.18,1.19,1.17,1.19,1312,0
IMG,5,20210301,160500,1.19,1.19,1.19,1.19,4572,0
IMG,5,20210301,161000,1.17,1.17,1.17,1.17,72,0
IMG,5,20210301,163000,1.18,1.18,1.18,1.18,430,0
IMG,5,20210301,164000,1.18,1.18,1.18,1.18,300,0
IMG,5,20210301,164500,1.18,1.19,1.15,1.19,6260,0
IMG,5,20210302,090000,1.18,1.18,1.18,1.18,2100,0
IMG,5,20210302,091000,1.18,1.19,1.17,1.19,3963,0
IMG,5,20210302,092500,1.19,1.25,1.19,1.25,8430,0
IMG,5,20210302,093000,1.25,1.25,1.25,1.25,2800,0
IMG,5,20210302,093500,1.25,1.27,1.25,1.27,3623,0
IMG,5,20210302,094000,1.27,1.29,1.25,1.29,13584,0
IMG,5,20210302,094500,1.24,1.24,1.24,1.24,3300,0
IMG,5,20210302,095000,1.24,1.24,1.24,1.24,4750,0
IMG,5,20210302,095500,1.23,1.23,1.23,1.23,815,0
IMG,5,20210302,100000,1.23,1.23,1.23,1.23,692,0
IMG,5,20210302,100500,1.24,1.24,1.24,1.24,2992,0
IMG,5,20210302,101000,1.22,1.22,1.22,1.22,700,0
IMG,5,20210302,104000,1.22,1.22,1.18,1.18,13535,0
IMG,5,20210302,105500,1.17,1.17,1.17,1.17,1000,0
IMG,5,20210302,110000,1.17,1.17,1.16,1.16,2100,0
IMG,5,20210302,110500,1.16,1.16,1.15,1.15,6670,0
IMG,5,20210302,111000,1.12,1.22,1.12,1.22,14076,0
IMG,5,20210302,111500,1.12,1.18,1.12,1.18,3554,0
IMG,5,20210302,112000,1.13,1.19,1.13,1.19,1722,0
IMG,5,20210302,120000,1.18,1.18,1.18,1.18,1,0
IMG,5,20210302,123000,1.16,1.16,1.16,1.16,1000,0
IMG,5,20210302,123500,1.13,1.13,1.12,1.12,1900,0
IMG,5,20210302,131000,1.12,1.12,1.12,1.12,895,0
IMG,5,20210302,134500,1.13,1.13,1.13,1.13,149,0
IMG,5,20210302,135000,1.18,1.23,1.18,1.23,3906,0
IMG,5,20210302,141000,1.14,1.14,1.13,1.14,4523,0
IMG,5,20210302,142000,1.13,1.13,1.13,1.13,1900,0
IMG,5,20210302,145500,1.14,1.19,1.14,1.19,8000,0
IMG,5,20210302,150000,1.16,1.16,1.16,1.16,900,0
IMG,5,20210302,151000,1.18,1.18,1.18,1.18,634,0
IMG,5,20210302,151500,1.17,1.18,1.17,1.18,3699,0
IMG,5,20210302,160500,1.18,1.18,1.18,1.18,2408,0
IMG,5,20210302,164500,1.16,1.16,1.16,1.16,570,0
IMG,5,20210303,090000,1.13,1.13,1.13,1.13,3000,0
IMG,5,20210303,090500,1.13,1.15,1.12,1.12,8000,0
IMG,5,20210303,091000,1.12,1.12,1.04,1.04,11002,0
IMG,5,20210303,091500,1.08,1.08,1.04,1.08,1030,0
IMG,5,20210303,092000,1.12,1.12,1.1,1.12,2556,0
IMG,5,20210303,092500,1.13,1.13,1.13,1.13,5,0
IMG,5,20210303,093000,1.12,1.12,1.04,1.04,5331,0
IMG,5,20210303,093500,1.08,1.12,1.08,1.12,2483,0
IMG,5,20210303,094000,1.13,1.16,1.13,1.16,12965,0
IMG,5,20210303,094500,1.16,1.16,1.16,1.16,1000,0
IMG,5,20210303,095000,1.18,1.18,1.18,1.18,105,0
IMG,5,20210303,095500,1.15,1.15,1.15,1.15,6652,0
IMG,5,20210303,100500,1.11,1.11,1.1,1.1,3700,0
IMG,5,20210303,101000,1.1,1.1,1.05,1.05,3601,0
IMG,5,20210303,101500,1.06,1.06,1.06,1.06,180,0
IMG,5,20210303,103000,1.09,1.09,1.09,1.09,180,0
IMG,5,20210303,111000,1.09,1.09,1.09,1.09,1733,0
IMG,5,20210303,111500,1.09,1.09,1.09,1.09,2370,0
IMG,5,20210303,112000,1.08,1.08,1.08,1.08,500,0
IMG,5,20210303,114000,1.08,1.08,1.08,1.08,300,0
IMG,5,20210303,114500,1.08,1.08,1.06,1.06,2714,0
IMG,5,20210303,120500,1.07,1.07,1.05,1.05,24328,0
IMG,5,20210303,121500,1.07,1.07,1.07,1.07,1000,0
IMG,5,20210303,122000,1.06,1.06,1.05,1.05,2400,0
IMG,5,20210303,123000,1.09,1.09,1.09,1.09,1000,0
IMG,5,20210303,125000,1.09,1.09,1.09,1.09,920,0
IMG,5,20210303,130500,1.09,1.09,1.09,1.09,334,0
IMG,5,20210303,131500,1.1,1.1,1.1,1.1,146,0
IMG,5,20210303,133000,1.11,1.11,1.11,1.11,1000,0
IMG,5,20210303,133500,1.1,1.1,1.1,1.1,600,0
IMG,5,20210303,135000,1.1,1.1,1.07,1.07,3290,0
IMG,5,20210303,142500,1.07,1.07,1.05,1.05,3326,0
IMG,5,20210303,143000,1.05,1.05,1.04,1.04,7190,0
IMG,5,20210303,151500,1.09,1.09,1.09,1.09,920,0
IMG,5,20210303,152500,1.09,1.09,1.09,1.09,130,0
IMG,5,20210303,154000,1.05,1.05,1.04,1.04,2106,0
IMG,5,20210303,155000,1.05,1.05,1.05,1.05,1000,0
IMG,5,20210303,155500,1.05,1.05,1.05,1.05,1300,0
IMG,5,20210303,160000,1.04,1.04,1.04,1.04,1567,0
IMG,5,20210303,160500,1.04,1.04,1.01,1.01,5283,0
IMG,5,20210303,162500,1.04,1.04,1.04,1.04,200,0
IMG,5,20210303,163000,1,1,0.91,0.91,36845,0
IMG,5,20210303,163500,0.98,1.01,0.97,1.01,13005,0
IMG,5,20210303,164500,1.01,1.01,1.01,1.01,4978,0
IMG,5,20210304,090000,0.985,0.985,0.975,0.975,2990,0
IMG,5,20210304,090500,0.995,0.995,0.96,0.96,1001,0
IMG,5,20210304,091000,0.975,0.975,0.975,0.975,100,0
IMG,5,20210304,092000,0.97,0.97,0.95,0.95,3500,0
IMG,5,20210304,092500,0.95,0.95,0.91,0.91,5320,0
IMG,5,20210304,093000,0.92,0.95,0.92,0.95,5669,0
IMG,5,20210304,093500,0.95,0.95,0.925,0.925,1541,0
IMG,5,20210304,094000,0.93,0.93,0.93,0.93,5000,0
IMG,5,20210304,094500,0.93,0.95,0.93,0.95,2603,0
IMG,5,20210304,095000,0.93,0.93,0.93,0.93,1500,0
IMG,5,20210304,095500,0.97,0.97,0.97,0.97,2150,0
IMG,5,20210304,100500,0.97,0.97,0.925,0.925,4376,0
IMG,5,20210304,101000,0.925,0.925,0.92,0.92,6791,0
IMG,5,20210304,101500,0.92,0.92,0.92,0.92,4500,0
IMG,5,20210304,103000,0.92,0.92,0.905,0.91,10200,0
IMG,5,20210304,103500,0.91,0.91,0.9,0.9,17262,0
IMG,5,20210304,104000,0.92,0.92,0.92,0.92,1000,0
IMG,5,20210304,105000,0.91,0.91,0.91,0.91,1000,0
IMG,5,20210304,105500,0.92,0.93,0.92,0.93,4324,0
IMG,5,20210304,111000,0.935,0.935,0.93,0.93,7676,0
IMG,5,20210304,113500,0.92,0.92,0.9,0.9,14330,0
IMG,5,20210304,114000,0.95,0.96,0.95,0.96,325,0
IMG,5,20210304,114500,0.96,0.96,0.94,0.94,1000,0
IMG,5,20210304,115000,0.92,0.92,0.92,0.92,5418,0
IMG,5,20210304,115500,0.91,0.91,0.905,0.905,3000,0
IMG,5,20210304,120500,0.93,0.93,0.92,0.92,1300,0
IMG,5,20210304,122500,0.91,0.91,0.91,0.91,13000,0
IMG,5,20210304,124000,0.935,0.96,0.935,0.96,3899,0
IMG,5,20210304,124500,0.96,0.96,0.96,0.96,801,0
IMG,5,20210304,130000,0.94,0.94,0.94,0.94,295,0
IMG,5,20210304,130500,0.935,0.935,0.935,0.935,1800,0
IMG,5,20210304,134000,0.935,0.96,0.935,0.96,3000,0
IMG,5,20210304,141000,0.92,0.92,0.92,0.92,5000,0
IMG,5,20210304,142000,0.92,0.92,0.92,0.92,3500,0
IMG,5,20210304,143000,0.92,0.92,0.915,0.915,3500,0
IMG,5,20210304,143500,0.92,0.92,0.92,0.92,1446,0
IMG,5,20210304,145000,0.915,0.915,0.91,0.915,13000,0
IMG,5,20210304,151500,0.93,0.93,0.93,0.93,888,0
IMG,5,20210304,153500,0.94,0.945,0.94,0.945,3100,0
IMG,5,20210304,154500,0.95,0.95,0.95,0.95,2954,0
IMG,5,20210304,155500,0.95,0.95,0.95,0.95,1420,0
IMG,5,20210304,161000,0.95,0.955,0.95,0.955,5888,0
IMG,5,20210304,161500,0.96,0.96,0.96,0.96,5000,0
IMG,5,20210304,162500,0.95,0.95,0.93,0.93,13262,0
IMG,5,20210304,163000,0.93,0.93,0.93,0.93,3488,0
IMG,5,20210304,164500,0.96,0.97,0.96,0.97,8936,0
IMG,5,20210305,090000,0.995,1,0.94,0.94,16005,0
IMG,5,20210305,090500,0.99,0.99,0.955,0.955,4426,0
IMG,5,20210305,091000,0.95,1,0.95,1,21610,0
IMG,5,20210305,091500,1,1,1,1,390,0
IMG,5,20210305,092500,0.96,0.965,0.96,0.965,14000,0
IMG,5,20210305,093500,0.95,0.95,0.95,0.95,2500,0
IMG,5,20210305,101000,0.935,0.935,0.92,0.92,7000,0
IMG,5,20210305,102000,0.96,0.96,0.96,0.96,10,0
IMG,5,20210305,105000,0.935,0.935,0.92,0.92,10000,0
IMG,5,20210305,105500,0.96,0.96,0.96,0.96,1190,0
IMG,5,20210305,111000,0.94,1,0.94,0.99,23700,0
IMG,5,20210305,112000,0.99,0.99,0.99,0.99,639,0
IMG,5,20210305,112500,0.95,0.99,0.95,0.99,6361,0
IMG,5,20210305,113000,1,1.04,0.97,0.97,12005,0
IMG,5,20210305,114500,0.97,0.97,0.97,0.97,500,0
IMG,5,20210305,115500,0.99,0.99,0.98,0.98,13700,0
IMG,5,20210305,120000,0.98,0.98,0.98,0.98,1150,0
IMG,5,20210305,120500,1.02,1.03,1.02,1.03,1001,0
IMG,5,20210305,121500,1.01,1.01,1.01,1.01,1000,0
IMG,5,20210305,122000,1.01,1.01,1.01,1.01,1891,0
IMG,5,20210305,124500,0.99,0.99,0.95,0.95,4498,0
IMG,5,20210305,125500,0.99,0.99,0.99,0.99,1000,0
IMG,5,20210305,131000,0.99,0.99,0.99,0.99,1000,0
IMG,5,20210305,133500,0.99,0.99,0.99,0.99,500,0
IMG,5,20210305,143000,0.98,0.98,0.95,0.95,4000,0
IMG,5,20210305,143500,0.99,0.99,0.99,0.99,1,0
IMG,5,20210305,145500,0.99,0.99,0.99,0.99,1509,0
IMG,5,20210305,151000,0.99,0.995,0.99,0.995,1000,0
IMG,5,20210305,151500,0.96,0.96,0.95,0.95,10479,0
IMG,5,20210305,152000,0.95,0.95,0.95,0.95,10000,0
IMG,5,20210305,152500,0.95,0.95,0.95,0.95,455,0
IMG,5,20210305,154000,0.95,0.95,0.95,0.95,1100,0
IMG,5,20210305,154500,0.95,0.96,0.95,0.96,5000,0
IMG,5,20210305,161000,0.95,0.95,0.95,0.95,50,0
IMG,5,20210305,163500,0.95,0.95,0.95,0.95,2000,0
IMG,5,20210305,164500,0.94,0.94,0.94,0.94,834,0
IMG,5,20210308,090000,0.97,0.97,0.96,0.96,2893,0
IMG,5,20210308,090500,0.96,1.02,0.96,0.98,3216,0
IMG,5,20210308,091000,1,1.01,1,1.01,2510,0
IMG,5,20210308,091500,1.01,1.01,1.01,1.01,1974,0
IMG,5,20210308,092500,1.01,1.01,0.98,0.98,6150,0
IMG,5,20210308,093000,0.98,0.98,0.98,0.98,500,0
IMG,5,20210308,094500,1,1,1,1,500,0
IMG,5,20210308,095500,0.95,0.95,0.94,0.94,5000,0
IMG,5,20210308,100000,0.95,0.95,0.945,0.945,4999,0
IMG,5,20210308,100500,0.94,0.94,0.94,0.94,1186,0
IMG,5,20210308,101000,0.935,1.02,0.92,0.92,41383,0
IMG,5,20210308,102000,0.985,0.985,0.985,0.985,504,0
IMG,5,20210308,105000,0.95,0.95,0.94,0.94,7500,0
IMG,5,20210308,105500,0.935,0.935,0.935,0.935,1108,0
IMG,5,20210308,110500,0.96,0.96,0.96,0.96,3000,0
IMG,5,20210308,111000,0.965,0.965,0.965,0.965,1000,0
IMG,5,20210308,112500,0.985,0.99,0.985,0.99,200,0
IMG,5,20210308,113000,0.95,0.95,0.94,0.94,2800,0
IMG,5,20210308,113500,0.985,0.985,0.985,0.985,100,0
IMG,5,20210308,114000,0.985,0.985,0.945,0.945,3186,0
IMG,5,20210308,115500,0.945,0.945,0.945,0.945,5,0
IMG,5,20210308,124500,0.97,0.97,0.965,0.965,11349,0
IMG,5,20210308,125000,0.965,0.965,0.965,0.965,1955,0
IMG,5,20210308,132000,0.965,0.97,0.965,0.97,1500,0
IMG,5,20210308,133000,0.97,0.97,0.97,0.97,4111,0
IMG,5,20210308,134500,0.97,0.97,0.97,0.97,1027,0
IMG,5,20210308,135000,0.97,0.97,0.97,0.97,10807,0
IMG,5,20210308,140000,0.97,0.98,0.95,0.95,8500,0
IMG,5,20210308,140500,0.95,0.95,0.945,0.945,2868,0
IMG,5,20210308,142500,0.95,0.95,0.95,0.95,2000,0
IMG,5,20210308,143000,0.945,0.945,0.945,0.945,1555,0
IMG,5,20210308,143500,0.95,0.95,0.95,0.95,1206,0
IMG,5,20210308,151000,0.95,0.95,0.95,0.95,100,0
IMG,5,20210308,155000,0.95,0.95,0.93,0.93,5000,0
IMG,5,20210308,160000,0.935,0.935,0.93,0.93,5000,0
IMG,5,20210308,164500,0.94,0.955,0.94,0.955,1987,0
IMG,5,20210309,091500,0.94,0.95,0.94,0.95,2370,0
IMG,5,20210309,092500,0.95,0.95,0.95,0.95,500,0
IMG,5,20210309,093000,0.95,0.95,0.95,0.95,340,0
IMG,5,20210309,093500,0.95,0.95,0.95,0.95,1160,0
IMG,5,20210309,094000,0.94,0.94,0.94,0.94,4813,0
IMG,5,20210309,095500,0.96,0.96,0.96,0.96,1000,0
IMG,5,20210309,100500,0.965,0.965,0.965,0.965,840,0
IMG,5,20210309,105500,0.965,0.965,0.965,0.965,3252,0
IMG,5,20210309,110000,0.97,0.97,0.97,0.97,6000,0
IMG,5,20210309,114000,0.97,0.97,0.97,0.97,1168,0
IMG,5,20210309,114500,0.98,0.99,0.98,0.98,4353,0
IMG,5,20210309,115000,0.98,0.99,0.98,0.99,2220,0
IMG,5,20210309,120000,0.99,0.99,0.99,0.99,1588,0
IMG,5,20210309,121000,0.99,0.99,0.99,0.99,1108,0
IMG,5,20210309,121500,1,1,1,1,1960,0
IMG,5,20210309,122000,1,1.03,1,1.03,12362,0
IMG,5,20210309,122500,1.03,1.03,0.99,0.99,2153,0
IMG,5,20210309,123000,1.03,1.03,1.03,1.03,1,0
IMG,5,20210309,130000,1,1,1,1,2000,0
IMG,5,20210309,133000,1.02,1.02,1.02,1.02,1,0
IMG,5,20210309,134500,1,1,0.98,0.98,7798,0
IMG,5,20210309,135500,0.98,0.98,0.98,0.98,28169,0
IMG,5,20210309,142000,0.98,0.98,0.98,0.98,1900,0
IMG,5,20210309,143500,0.99,1.02,0.99,1.02,1600,0
IMG,5,20210309,144500,0.98,1.01,0.98,1.01,4340,0
IMG,5,20210309,150000,1.01,1.01,1.01,1.01,991,0
IMG,5,20210309,152500,0.99,1.01,0.99,1.01,2001,0
IMG,5,20210309,161500,1,1,1,1,1000,0
IMG,5,20210309,163500,1.01,1.01,1.01,1.01,1,0
IMG,5,20210309,164500,1.01,1.01,1.01,1.01,4292,0
IMG,5,20210309,165500,1.03,1.03,1.03,1.03,868,0
IMG,5,20210310,090000,1.1,1.12,1.1,1.12,8806,0
IMG,5,20210310,091000,1.06,1.12,1.05,1.12,1501,0
IMG,5,20210310,092000,1.1,1.12,1.1,1.12,5000,0
IMG,5,20210310,093000,1.07,1.1,1.07,1.1,2000,0
IMG,5,20210310,093500,1.09,1.09,1.09,1.09,12,0
IMG,5,20210310,094000,1.07,1.07,1.04,1.05,7740,0
IMG,5,20210310,094500,1.06,1.09,1.05,1.09,3584,0
IMG,5,20210310,095500,1.09,1.09,1.09,1.09,914,0
IMG,5,20210310,100000,1.05,1.09,1.05,1.09,5001,0
IMG,5,20210310,101000,1.05,1.05,1.05,1.05,3948,0
IMG,5,20210310,101500,1.04,1.08,1.02,1.08,9901,0
IMG,5,20210310,105500,1.03,1.08,1.03,1.08,1688,0
IMG,5,20210310,110000,1.03,1.07,1.02,1.07,5001,0
IMG,5,20210310,110500,1.03,1.03,1.02,1.02,5000,0
IMG,5,20210310,111000,1.07,1.07,1.01,1.01,3171,0
IMG,5,20210310,112000,1.06,1.06,1.06,1.06,1,0
IMG,5,20210310,112500,1.02,1.06,1.02,1.06,2001,0
IMG,5,20210310,113500,1.01,1.01,1.01,1.01,1324,0
IMG,5,20210310,114000,1.01,1.01,1.01,1.01,3228,0
IMG,5,20210310,115000,1,1.06,1,1.06,1340,0
IMG,5,20210310,120000,1,1,1,1,1163,0
IMG,5,20210310,121000,1,1,0.98,0.98,2805,0
IMG,5,20210310,122000,1.03,1.03,1.03,1.03,1,0
IMG,5,20210310,124500,1,1.02,0.955,0.98,13999,0
IMG,5,20210310,125000,0.96,0.995,0.96,0.995,4690,0
IMG,5,20210310,130000,0.98,0.98,0.98,0.98,1000,0
IMG,5,20210310,131500,0.96,1,0.96,1,2201,0
IMG,5,20210310,132500,0.995,0.995,0.995,0.995,752,0
IMG,5,20210310,135500,0.96,0.96,0.96,0.96,2080,0
IMG,5,20210310,140000,0.99,0.99,0.99,0.99,1,0
IMG,5,20210310,145000,0.955,0.955,0.94,0.94,10303,0
IMG,5,20210310,145500,0.94,0.94,0.94,0.94,152,0
IMG,5,20210310,151000,0.965,0.965,0.965,0.965,450,0
IMG,5,20210310,152000,0.965,0.965,0.965,0.965,1050,0
IMG,5,20210310,152500,0.955,0.955,0.955,0.955,1200,0
IMG,5,20210310,153000,0.955,0.955,0.955,0.955,870,0
IMG,5,20210310,153500,0.96,0.96,0.96,0.96,169,0
IMG,5,20210310,155000,0.97,0.97,0.97,0.97,1,0
IMG,5,20210310,164000,0.95,0.95,0.95,0.95,6110,0
IMG,5,20210310,164500,0.95,0.95,0.95,0.95,9401,0
IMG,5,20210311,090000,0.95,0.95,0.945,0.945,8000,0
IMG,5,20210311,091000,0.93,0.93,0.93,0.93,2107,0
IMG,5,20210311,092000,0.95,0.95,0.95,0.95,1,0
IMG,5,20210311,092500,0.94,0.94,0.94,0.94,1455,0
IMG,5,20210311,093000,0.95,0.95,0.95,0.95,728,0
IMG,5,20210311,094000,0.97,0.97,0.97,0.97,1,0
IMG,5,20210311,095000,0.95,0.95,0.95,0.95,1242,0
IMG,5,20210311,101000,0.97,0.99,0.97,0.99,13002,0
IMG,5,20210311,103500,0.99,0.99,0.99,0.99,4962,0
IMG,5,20210311,110500,0.95,0.98,0.95,0.98,120,0
IMG,5,20210311,111500,0.95,0.95,0.94,0.94,8993,0
IMG,5,20210311,113000,0.95,0.95,0.95,0.95,447,0
IMG,5,20210311,114500,0.98,0.98,0.98,0.98,1,0
IMG,5,20210311,125500,0.95,0.95,0.95,0.95,53,0
IMG,5,20210311,133500,0.94,0.94,0.94,0.94,1048,0
IMG,5,20210311,135000,0.94,0.97,0.935,0.97,1350,0
IMG,5,20210311,154000,0.95,0.95,0.95,0.95,2000,0
IMG,5,20210311,155000,0.95,0.95,0.95,0.95,800,0
IMG,5,20210311,155500,0.935,0.935,0.935,0.935,3761,0
IMG,5,20210311,160500,0.95,0.95,0.95,0.95,694,0
IMG,5,20210311,161000,0.93,0.93,0.93,0.93,697,0
IMG,5,20210311,161500,0.93,0.93,0.93,0.93,650,0
IMG,5,20210311,163500,0.93,0.93,0.93,0.93,4487,0
IMG,5,20210311,164000,0.96,0.96,0.96,0.96,1,0
IMG,5,20210311,164500,0.96,0.975,0.96,0.975,4397,0
IMG,5,20210312,090000,0.98,0.98,0.98,0.98,5500,0
IMG,5,20210312,091500,0.97,0.97,0.97,0.97,1600,0
IMG,5,20210312,092000,0.97,0.97,0.97,0.97,400,0
IMG,5,20210312,094000,0.96,0.96,0.96,0.96,3250,0
IMG,5,20210312,094500,0.975,0.975,0.975,0.975,1,0
IMG,5,20210312,101000,0.95,0.95,0.95,0.95,1120,0
IMG,5,20210312,101500,0.95,0.95,0.95,0.95,300,0
IMG,5,20210312,103500,0.95,0.95,0.95,0.95,914,0
IMG,5,20210312,104500,0.975,0.975,0.975,0.975,1,0
IMG,5,20210312,121500,0.96,0.96,0.96,0.96,997,0
IMG,5,20210312,122000,0.97,0.975,0.97,0.975,3350,0
IMG,5,20210312,124000,0.96,0.96,0.96,0.96,3,0
IMG,5,20210312,124500,0.96,0.96,0.96,0.96,97,0
IMG,5,20210312,125000,0.975,1.01,0.975,1.01,3020,0
IMG,5,20210312,132500,0.97,0.97,0.97,0.97,521,0
IMG,5,20210312,133500,0.99,0.99,0.99,0.99,1,0
IMG,5,20210312,135500,0.98,0.98,0.98,0.98,1753,0
IMG,5,20210312,155500,0.985,0.985,0.985,0.985,902,0
IMG,5,20210312,160000,0.99,0.99,0.99,0.99,2,0
IMG,5,20210312,161500,0.99,0.99,0.99,0.99,100,0
IMG,5,20210315,090000,0.99,0.99,0.99,0.99,1398,0
IMG,5,20210315,090500,0.99,0.99,0.99,0.99,615,0
IMG,5,20210315,093000,0.98,0.98,0.965,0.965,2000,0
IMG,5,20210315,094000,0.98,0.98,0.98,0.98,600,0
IMG,5,20210315,095500,0.97,0.97,0.97,0.97,5000,0
IMG,5,20210315,101000,0.97,0.97,0.97,0.97,65,0
IMG,5,20210315,102000,0.97,0.97,0.97,0.97,1000,0
IMG,5,20210315,102500,0.965,0.97,0.955,0.97,2400,0
IMG,5,20210315,103000,0.96,0.96,0.96,0.96,1001,0
IMG,5,20210315,104000,0.96,0.96,0.96,0.96,599,0
IMG,5,20210315,104500,0.955,0.955,0.955,0.955,2929,0
IMG,5,20210315,105500,0.97,0.97,0.97,0.97,1,0
IMG,5,20210315,110500,0.955,0.955,0.955,0.955,720,0
IMG,5,20210315,113000,0.955,0.955,0.95,0.95,5511,0
IMG,5,20210315,115500,0.95,0.95,0.92,0.92,12962,0
IMG,5,20210315,120000,0.95,0.95,0.95,0.95,3220,0
IMG,5,20210315,122000,0.965,0.965,0.965,0.965,1000,0
IMG,5,20210315,125500,0.955,0.955,0.925,0.925,4690,0
IMG,5,20210315,131000,0.94,0.94,0.935,0.935,4167,0
IMG,5,20210315,133000,0.93,0.93,0.93,0.93,1311,0
IMG,5,20210315,134000,0.935,0.965,0.935,0.965,306,0
IMG,5,20210315,142500,0.93,0.93,0.9,0.9,23382,0
IMG,5,20210315,143000,0.9,0.92,0.9,0.92,6895,0
IMG,5,20210315,144000,0.945,0.945,0.945,0.945,2,0
IMG,5,20210315,153000,0.945,0.945,0.945,0.945,1000,0
IMG,5,20210315,155000,0.945,0.945,0.945,0.945,1588,0
IMG,5,20210315,162500,0.92,0.92,0.92,0.92,2026,0
IMG,5,20210315,163000,0.92,0.92,0.905,0.905,6782,0
IMG,5,20210315,164000,0.91,0.93,0.91,0.93,9000,0
IMG,5,20210315,164500,0.91,0.93,0.9,0.9,12090,0
IMG,5,20210316,090000,0.91,0.91,0.9,0.9,1868,0
IMG,5,20210316,090500,0.9,0.91,0.89,0.91,8507,0
IMG,5,20210316,091000,0.91,0.91,0.91,0.91,100,0
IMG,5,20210316,091500,0.925,0.925,0.925,0.925,759,0
IMG,5,20210316,092500,0.925,0.93,0.925,0.93,8734,0
IMG,5,20210316,093000,0.93,0.93,0.93,0.93,7,0
IMG,5,20210316,094500,0.935,0.935,0.935,0.935,4093,0
IMG,5,20210316,095000,0.935,0.94,0.93,0.93,8800,0
IMG,5,20210316,095500,0.93,0.94,0.93,0.94,1500,0
IMG,5,20210316,100000,0.94,0.955,0.94,0.955,9911,0
IMG,5,20210316,101500,0.955,0.955,0.955,0.955,2000,0
IMG,5,20210316,102000,0.955,0.955,0.955,0.955,89,0
IMG,5,20210316,102500,0.95,0.955,0.95,0.955,2000,0
IMG,5,20210316,111000,0.95,0.955,0.95,0.955,6000,0
IMG,5,20210316,112000,0.955,0.955,0.955,0.955,2500,0
IMG,5,20210316,113000,0.955,0.96,0.955,0.96,1000,0
IMG,5,20210316,122500,0.94,0.94,0.94,0.94,1550,0
IMG,5,20210316,123000,0.94,0.96,0.94,0.96,7152,0
IMG,5,20210316,130000,0.945,0.945,0.945,0.945,12000,0
IMG,5,20210316,130500,0.96,0.965,0.96,0.965,2500,0
IMG,5,20210316,134000,0.965,0.965,0.965,0.965,2000,0
IMG,5,20210316,135500,0.945,0.945,0.945,0.945,100,0
IMG,5,20210316,150500,0.96,0.96,0.96,0.96,2,0
IMG,5,20210316,154500,0.96,0.96,0.935,0.935,3500,0
IMG,5,20210316,162000,0.94,0.94,0.94,0.94,3000,0
IMG,5,20210316,162500,0.935,0.935,0.935,0.935,39,0
IMG,5,20210316,163500,0.935,0.935,0.935,0.935,3000,0
IMG,5,20210317,090000,0.925,0.925,0.925,0.925,1600,0
IMG,5,20210317,091500,0.92,0.92,0.91,0.91,3300,0
IMG,5,20210317,092500,0.91,0.91,0.91,0.91,2000,0
IMG,5,20210317,093000,0.9,0.9,0.9,0.9,200,0
IMG,5,20210317,093500,0.94,0.94,0.94,0.94,10,0
IMG,5,20210317,112000,0.915,0.915,0.915,0.915,1000,0
IMG,5,20210317,113500,0.915,0.915,0.915,0.915,1956,0
IMG,5,20210317,114500,0.915,0.915,0.915,0.915,44,0
IMG,5,20210317,123000,0.93,0.93,0.93,0.93,1,0
IMG,5,20210317,124500,0.93,1,0.93,1,24560,0
IMG,5,20210317,125000,1.02,1.02,0.915,1.01,5034,0
IMG,5,20210317,130000,0.95,0.95,0.95,0.95,1,0
IMG,5,20210317,134000,0.96,0.96,0.96,0.96,1500,0
IMG,5,20210317,135000,0.955,0.955,0.955,0.955,250,0
IMG,5,20210317,142500,0.955,0.955,0.95,0.95,2500,0
IMG,5,20210317,155000,0.965,0.965,0.965,0.965,1740,0
IMG,5,20210317,162000,0.965,0.965,0.965,0.965,4158,0
IMG,5,20210317,163000,0.93,0.93,0.925,0.925,1791,0
IMG,5,20210317,163500,0.965,0.965,0.965,0.965,2,0
IMG,5,20210318,090000,0.965,0.97,0.965,0.97,1000,0
IMG,5,20210318,100500,0.96,0.96,0.96,0.96,500,0
IMG,5,20210318,101000,0.96,1,0.96,1,2300,0
IMG,5,20210318,101500,1,1,1,1,290,0
IMG,5,20210318,104000,0.985,0.985,0.985,0.985,1300,0
IMG,5,20210318,112000,0.99,1,0.99,1,3361,0
IMG,5,20210318,112500,0.995,0.995,0.995,0.995,1700,0
IMG,5,20210318,113000,1,1.02,1,1.02,32395,0
IMG,5,20210318,113500,1.03,1.1,1.03,1.06,30175,0
IMG,5,20210318,114500,1.05,1.05,1.05,1.05,1000,0
IMG,5,20210318,115500,1.04,1.04,1.04,1.04,2000,0
IMG,5,20210318,122000,1.04,1.04,1.04,1.04,806,0
IMG,5,20210318,124000,1.03,1.03,0.975,0.975,5000,0
IMG,5,20210318,124500,1.03,1.03,1.03,1.03,10,0
IMG,5,20210318,125500,1,1,0.98,0.98,3000,0
IMG,5,20210318,132500,1.02,1.02,1.02,1.02,1000,0
IMG,5,20210318,134500,1.03,1.03,1.03,1.03,1202,0
IMG,5,20210318,135500,1.03,1.03,1.03,1.03,4500,0
IMG,5,20210318,141000,1.03,1.03,1.03,1.03,950,0
IMG,5,20210318,142000,1.03,1.07,1.03,1.06,19731,0
IMG,5,20210318,151000,1,1,1,1,966,0
IMG,5,20210318,151500,1.04,1.04,1.04,1.04,5,0
IMG,5,20210318,153500,1.04,1.04,1.04,1.04,595,0
IMG,5,20210318,154000,1.04,1.04,1,1,4500,0
IMG,5,20210318,154500,1.04,1.04,1.04,1.04,2600,0
IMG,5,20210318,160000,1.04,1.04,1.04,1.04,861,0
IMG,5,20210318,161000,1.04,1.05,1.04,1.04,1100,0
IMG,5,20210318,161500,1.04,1.04,1.04,1.04,1300,0
IMG,5,20210318,162000,1.04,1.04,1.04,1.04,700,0
IMG,5,20210318,163000,1.05,1.05,1.05,1.05,1500,0
IMG,5,20210318,164500,1.03,1.03,1.03,1.03,3495,0
IMG,5,20210319,090500,1.03,1.07,1.03,1.07,1200,0
IMG,5,20210319,091000,1,1,0.99,0.99,2860,0
IMG,5,20210319,092000,0.99,0.99,0.99,0.99,6504,0
IMG,5,20210319,092500,0.99,1.07,0.99,1.07,7136,0
IMG,5,20210319,102000,1.05,1.05,1.05,1.05,300,0
IMG,5,20210319,103000,1.01,1.01,0.98,0.98,20931,0
IMG,5,20210319,104000,1.04,1.04,1.04,1.04,5,0
IMG,5,20210319,123500,0.995,0.995,0.995,0.995,1050,0
IMG,5,20210319,131000,0.995,0.995,0.995,0.995,870,0
IMG,5,20210319,132500,1.02,1.02,1.02,1.02,60,0
IMG,5,20210319,140000,0.99,0.99,0.98,0.98,2221,0
IMG,5,20210319,143500,0.98,0.98,0.98,0.98,652,0
IMG,5,20210319,145000,0.98,0.98,0.98,0.98,1133,0
IMG,5,20210319,145500,1.02,1.02,1.02,1.02,1000,0
IMG,5,20210319,154000,1.01,1.01,1.01,1.01,100,0
IMG,5,20210319,155000,0.98,0.98,0.975,0.975,3594,0
IMG,5,20210319,164500,0.99,0.99,0.98,0.98,3210,0
IMG,5,20210322,090000,0.975,0.975,0.975,0.975,500,0
IMG,5,20210322,090500,0.975,0.975,0.975,0.975,1000,0
IMG,5,20210322,091500,0.97,0.97,0.97,0.97,900,0
IMG,5,20210322,092000,0.97,0.97,0.95,0.95,11828,0
IMG,5,20210322,092500,1,1,1,1,2,0
IMG,5,20210322,094500,0.98,0.98,0.98,0.98,3000,0
IMG,5,20210322,100000,0.96,0.96,0.96,0.96,1500,0
IMG,5,20210322,101500,0.955,0.955,0.95,0.95,22000,0
IMG,5,20210322,104000,0.97,0.97,0.97,0.97,3000,0
IMG,5,20210322,105000,0.97,0.97,0.97,0.97,2500,0
IMG,5,20210322,111000,0.97,0.99,0.97,0.99,3326,0
IMG,5,20210322,111500,0.99,0.99,0.99,0.99,1100,0
IMG,5,20210322,120500,0.99,1,0.99,1,3903,0
IMG,5,20210322,121500,0.99,0.99,0.99,0.99,2098,0
IMG,5,20210322,122000,0.99,0.99,0.99,0.99,1729,0
IMG,5,20210322,122500,1,1.03,1,1.03,20278,0
IMG,5,20210322,123000,1.04,1.09,1.04,1.09,24662,0
IMG,5,20210322,123500,1.09,1.09,1.08,1.08,3215,0
IMG,5,20210322,125500,1.04,1.04,1.03,1.03,4300,0
IMG,5,20210322,131500,1.04,1.05,1.04,1.05,3045,0
IMG,5,20210322,134000,1.01,1.05,1,1,10001,0
IMG,5,20210322,135000,1.04,1.04,1.03,1.03,578,0
IMG,5,20210322,143000,1.04,1.04,1.04,1.04,9,0
IMG,5,20210322,151000,1,1,0.98,0.98,4509,0
IMG,5,20210322,152500,1.03,1.03,1.03,1.03,2,0
IMG,5,20210322,154500,1.03,1.04,1.03,1.04,3879,0
IMG,5,20210322,163500,1.02,1.02,1.02,1.02,1000,0
IMG,5,20210322,164500,1.04,1.04,1.04,1.04,586,0
IMG,5,20210323,090000,1.05,1.05,1.05,1.05,1,0
IMG,5,20210323,090500,1.05,1.05,1.05,1.05,953,0
IMG,5,20210323,091000,1.06,1.06,1.02,1.06,2075,0
IMG,5,20210323,091500,1.07,1.07,1.07,1.07,2,0
IMG,5,20210323,094000,1.04,1.04,1.04,1.04,1390,0
IMG,5,20210323,094500,1.03,1.03,1.03,1.03,3400,0
IMG,5,20210323,112000,1.02,1.02,1.02,1.02,183,0
IMG,5,20210323,113000,1.02,1.03,1.02,1.03,500,0
IMG,5,20210323,120000,1,1,1,1,540,0
IMG,5,20210323,122500,1,1.03,1,1.03,500,0
IMG,5,20210323,132000,1,1,1,1,353,0
IMG,5,20210323,135500,1,1.03,0.985,1.03,3596,0
IMG,5,20210323,165500,1.02,1.02,1.02,1.02,560,0
IMG,5,20210324,091000,1.02,1.02,1.02,1.02,500,0
IMG,5,20210324,102500,0.99,0.99,0.99,0.99,1028,0
IMG,5,20210324,103000,1.02,1.02,1.02,1.02,5,0
IMG,5,20210324,104000,0.99,0.99,0.99,0.99,472,0
IMG,5,20210324,104500,0.99,0.99,0.99,0.99,1000,0
IMG,5,20210324,105000,0.99,0.99,0.99,0.99,9500,0
IMG,5,20210324,105500,0.98,0.98,0.98,0.98,1200,0
IMG,5,20210324,110500,0.99,0.99,0.99,0.99,97,0
IMG,5,20210324,120500,1.02,1.02,1.02,1.02,5,0
IMG,5,20210324,123000,0.99,0.99,0.99,0.99,3,0
IMG,5,20210324,125500,0.97,0.97,0.97,0.97,581,0
IMG,5,20210324,133500,0.99,1.02,0.99,1.02,250,0
IMG,5,20210324,150500,0.975,0.975,0.975,0.975,1480,0
IMG,5,20210324,151000,0.97,0.97,0.97,0.97,500,0
IMG,5,20210324,152000,0.97,0.97,0.97,0.97,7000,0
IMG,5,20210324,163500,0.97,0.97,0.97,0.97,3797,0
IMG,5,20210324,164000,0.96,0.96,0.96,0.96,183,0
IMG,5,20210324,164500,0.96,0.96,0.96,0.96,4887,0
IMG,5,20210324,165500,0.98,0.98,0.98,0.98,66,0
IMG,5,20210325,090500,1,1,1,1,300,0
IMG,5,20210325,091000,0.95,0.95,0.95,0.95,1053,0
IMG,5,20210325,091500,0.94,0.97,0.94,0.97,3053,0
IMG,5,20210325,092000,0.97,1,0.97,1,1468,0
IMG,5,20210325,094000,0.95,0.95,0.94,0.94,3481,0
IMG,5,20210325,101500,0.96,1,0.96,1,6203,0
IMG,5,20210325,102000,1,1.02,1,1.02,3505,0
IMG,5,20210325,102500,1.02,1.02,1.02,1.02,592,0
IMG,5,20210325,103000,1.02,1.02,1.02,1.02,3504,0
IMG,5,20210325,105500,1,1.01,1,1,9000,0
IMG,5,20210325,110500,0.97,0.97,0.97,0.97,1500,0
IMG,5,20210325,112000,1,1,1,1,1,0
IMG,5,20210325,114000,0.98,0.98,0.98,0.98,280,0
IMG,5,20210325,115500,0.985,0.985,0.98,0.98,5120,0
IMG,5,20210325,120000,0.98,0.98,0.98,0.98,2000,0
IMG,5,20210325,122500,0.98,1,0.98,1,500,0
IMG,5,20210325,124500,0.97,0.97,0.97,0.97,1292,0
IMG,5,20210325,131000,1,1,1,1,1,0
IMG,5,20210325,150000,0.97,0.99,0.97,0.99,696,0
IMG,5,20210325,152000,0.97,0.97,0.965,0.965,60,0
IMG,5,20210325,152500,0.99,0.99,0.99,0.99,1,0
IMG,5,20210325,165500,0.99,0.99,0.99,0.99,700,0
IMG,5,20210326,090000,1.01,1.01,0.95,0.95,7001,0
IMG,5,20210326,090500,0.97,0.97,0.97,0.97,1,0
IMG,5,20210326,091000,0.97,0.97,0.97,0.97,600,0
IMG,5,20210326,091500,0.97,1,0.97,1,453,0
IMG,5,20210326,093500,0.97,0.97,0.97,0.97,1300,0
IMG,5,20210326,100500,0.985,0.985,0.985,0.985,144,0
IMG,5,20210326,113000,0.97,0.97,0.97,0.97,2248,0
IMG,5,20210326,120000,0.95,0.95,0.95,0.95,4321,0
IMG,5,20210326,120500,0.96,0.97,0.96,0.97,7825,0
IMG,5,20210326,132000,1,1.02,1,1.02,10000,0
IMG,5,20210326,134000,0.99,0.99,0.99,0.99,279,0
IMG,5,20210326,144000,1.01,1.01,1.01,1.01,650,0
IMG,5,20210326,145500,1.01,1.01,1.01,1.01,826,0
IMG,5,20210326,155000,1,1,1,1,349,0
IMG,5,20210326,161500,1,1.01,1,1.01,1050,0
IMG,5,20210326,164000,1.01,1.01,1.01,1.01,1949,0
IMG,5,20210326,164500,1.02,1.02,1.02,1.02,2638,0
