<TICKER>,<PER>,<DATE>,<TIME>,<OPEN>,<HIGH>,<LOW>,<CLOSE>,<VOL>,<OPENINT>
INT,5,20210204,101000,2.5,2.5,2.5,2.5,2500,0
INT,5,20210204,104500,2.5,2.5,2.5,2.5,200,0
INT,5,20210204,105000,2.32,2.32,2.32,2.32,10,0
INT,5,20210205,095000,2.6,2.6,2.6,2.6,500,0
INT,5,20210205,101500,2.8,2.8,2.8,2.8,150,0
INT,5,20210205,104000,2.8,2.8,2.8,2.8,350,0
INT,5,20210205,104500,2.82,2.86,2.82,2.86,650,0
INT,5,20210205,105000,2.86,3,2.86,3,1870,0
INT,5,20210205,114000,3,3,3,3,500,0
INT,5,20210205,134500,3.06,3.06,3.06,3.06,40,0
INT,5,20210208,090000,3.7,3.7,3.7,3.7,934,0
INT,5,20210208,090500,3.7,3.7,3.7,3.7,631,0
INT,5,20210208,091000,3.7,3.7,3.7,3.7,40,0
INT,5,20210208,091500,4.2,4.2,4.2,4.2,347,0
INT,5,20210208,092000,4.2,4.4,4.2,4.4,503,0
INT,5,20210208,101000,4.16,4.16,4.16,4.16,397,0
INT,5,20210208,101500,4.12,4.44,4.12,4.44,309,0
INT,5,20210208,105500,4.44,4.44,4.44,4.44,735,0
INT,5,20210208,111000,4.44,4.44,4.44,4.44,10,0
INT,5,20210208,111500,4.44,4.44,4.44,4.44,136,0
INT,5,20210208,114500,4.4,4.4,4.4,4.4,10,0
INT,5,20210208,120500,4,4,3.26,3.26,160,0
INT,5,20210208,121500,3.26,3.26,3.26,3.26,115,0
INT,5,20210208,122000,3.2,3.2,3.06,3.06,200,0
INT,5,20210208,122500,3,3.98,3,3.98,316,0
INT,5,20210208,123000,3.98,4.08,3.98,4.08,184,0
INT,5,20210208,123500,4.44,4.44,4.44,4.44,1,0
INT,5,20210208,130500,4.08,4.08,4.08,4.08,67,0
INT,5,20210208,131500,4.08,4.08,4.08,4.08,34,0
INT,5,20210208,140000,3.9,3.9,3.9,3.9,66,0
INT,5,20210208,141500,4.26,4.44,4.26,4.44,678,0
INT,5,20210208,142000,4.44,4.44,4.44,4.44,111,0
INT,5,20210208,143500,4.42,4.44,4.42,4.44,120,0
INT,5,20210208,150000,4.26,4.26,4.26,4.26,1,0
INT,5,20210208,151500,4.44,4.44,4.44,4.44,65,0
INT,5,20210208,152000,4.44,4.44,4.44,4.44,214,0
INT,5,20210208,162500,4.44,4.44,4.44,4.44,30,0
INT,5,20210209,090000,4.7,5.35,4.7,5.35,1405,0
INT,5,20210209,090500,5.6,5.6,5.6,5.6,657,0
INT,5,20210209,091000,5.6,5.6,5.6,5.6,107,0
INT,5,20210209,091500,5.6,5.6,5.2,5.2,111,0
INT,5,20210209,092000,4.68,4.68,4.68,4.68,310,0
INT,5,20210209,092500,4.7,4.7,4.7,4.7,1,0
INT,5,20210209,094500,4.7,4.7,4.7,4.7,149,0
INT,5,20210209,095000,5.45,5.45,5.45,5.45,1,0
INT,5,20210209,101000,5.45,5.45,5.45,5.45,100,0
INT,5,20210209,101500,5.45,5.45,5.45,5.45,20,0
INT,5,20210209,103500,5.4,5.4,5.4,5.4,120,0
INT,5,20210209,111500,5.3,5.35,5.3,5.35,1000,0
INT,5,20210209,113500,5,5,5,5,200,0
INT,5,20210209,114000,4.8,4.8,4.8,4.8,1,0
INT,5,20210209,115500,4.8,4.8,4,4,892,0
INT,5,20210209,120000,3.82,5.25,3.82,5.25,266,0
INT,5,20210209,122500,5.2,5.2,5.2,5.2,100,0
INT,5,20210209,125500,5.2,5.4,5.2,5.4,11,0
INT,5,20210209,130500,5.4,5.55,5.4,5.55,80,0
INT,5,20210209,131000,5.4,5.4,5.4,5.4,121,0
INT,5,20210209,132000,5.4,5.55,5.4,5.55,114,0
INT,5,20210209,132500,5.55,5.55,5.55,5.55,12,0
INT,5,20210209,135000,5.55,5.55,5.55,5.55,77,0
INT,5,20210209,135500,5.55,5.55,5.55,5.55,150,0
INT,5,20210209,143500,4.64,4.64,4.64,4.64,150,0
INT,5,20210209,144000,4.64,4.64,4.64,4.64,300,0
INT,5,20210209,144500,5.35,5.4,5.35,5.4,535,0
INT,5,20210209,145000,5.5,5.55,5.5,5.55,439,0
INT,5,20210209,145500,5.55,5.55,5.55,5.55,34,0
INT,5,20210209,150000,5.6,5.6,5.6,5.6,1049,0
INT,5,20210209,152000,5.55,5.55,5.55,5.55,110,0
INT,5,20210209,152500,5.55,5.6,5.55,5.6,706,0
INT,5,20210209,154500,5.7,5.8,5.7,5.8,750,0
INT,5,20210209,155000,6.1,6.1,6.1,6.1,500,0
INT,5,20210209,155500,6.1,6.45,6.1,6.4,974,0
INT,5,20210209,160000,5.7,6.25,5.65,6.25,1305,0
INT,5,20210209,160500,6.25,6.25,6.25,6.25,100,0
INT,5,20210209,162000,5.65,5.65,5.65,5.65,735,0
INT,5,20210209,162500,5.65,5.65,5.65,5.65,10,0
INT,5,20210209,163000,6.1,6.2,6.1,6.1,1128,0
INT,5,20210209,163500,6.25,6.25,6.25,6.25,1,0
INT,5,20210209,164000,6.25,6.25,6.25,6.25,30,0
INT,5,20210209,164500,6.2,6.2,5.7,5.7,707,0
INT,5,20210210,090000,6.1,6.4,6.1,6.4,501,0
INT,5,20210210,090500,6.1,6.3,5.8,6.3,420,0
INT,5,20210210,091000,6.1,6.1,6.1,6.1,1020,0
INT,5,20210210,091500,6.2,6.4,6.2,6.4,306,0
INT,5,20210210,092000,6.3,6.3,6.3,6.3,180,0
INT,5,20210210,092500,6.3,6.4,6.3,6.4,751,0
INT,5,20210210,093000,6.4,6.4,6.4,6.4,300,0
INT,5,20210210,094500,6.3,6.3,6.3,6.3,160,0
INT,5,20210210,100500,6.35,6.4,6.35,6.4,157,0
INT,5,20210210,101000,6.4,6.4,6.4,6.4,85,0
INT,5,20210210,101500,6.5,6.5,6.3,6.3,390,0
INT,5,20210210,102000,6.3,6.3,6.3,6.3,120,0
INT,5,20210210,105500,6.45,6.45,6.3,6.3,1045,0
INT,5,20210210,112000,6.3,6.3,6.1,6.1,500,0
INT,5,20210210,112500,6.15,6.75,6.1,6.75,501,0
INT,5,20210210,114000,6.4,6.4,6.4,6.4,225,0
INT,5,20210210,115000,6.4,6.4,6.4,6.4,45,0
INT,5,20210210,120000,6.7,6.7,6.7,6.7,6,0
INT,5,20210210,121000,6.5,6.7,6.5,6.7,1043,0
INT,5,20210210,122000,6.8,6.8,6.8,6.8,200,0
INT,5,20210210,123000,6.8,7.1,6.8,7.1,801,0
INT,5,20210210,123500,7,7.05,7,7.05,501,0
INT,5,20210210,124000,7,7,7,7,25,0
INT,5,20210210,125000,6.7,6.7,6.7,6.7,200,0
INT,5,20210210,134000,6.75,6.75,6.75,6.75,15,0
INT,5,20210210,134500,6.7,6.7,6.7,6.7,2,0
INT,5,20210210,140500,6.7,6.7,6.7,6.7,24,0
INT,5,20210210,141000,6.7,6.7,6.7,6.7,200,0
INT,5,20210210,142500,6.7,6.7,6.7,6.7,26,0
INT,5,20210210,143500,6.7,6.7,6.7,6.7,119,0
INT,5,20210210,144500,6.75,6.8,6.75,6.8,756,0
INT,5,20210210,145000,7,7,6.75,6.75,520,0
INT,5,20210210,145500,6.75,7,6.75,7,138,0
INT,5,20210210,155000,6.8,6.8,6.8,6.8,300,0
INT,5,20210210,161000,6.9,6.9,6.9,6.9,4,0
INT,5,20210211,090000,7.2,7.35,7.2,7.2,1072,0
INT,5,20210211,091500,7,7,6.1,6.4,1978,0
INT,5,20210211,092000,6.85,6.85,6.85,6.85,412,0
INT,5,20210211,092500,6.85,6.85,6.85,6.85,23,0
INT,5,20210211,093000,6.4,6.4,6.4,6.4,15,0
INT,5,20210211,093500,6.4,6.4,6.1,6.1,990,0
INT,5,20210211,094000,6,6.7,6,6,896,0
INT,5,20210211,094500,6.15,6.5,6.15,6.5,720,0
INT,5,20210211,101500,6.15,6.15,6.15,6.15,320,0
INT,5,20210211,102000,6.15,6.5,6.1,6.5,750,0
INT,5,20210211,104500,6.4,6.45,6.4,6.45,200,0
INT,5,20210211,111500,6.4,6.4,6.4,6.4,200,0
INT,5,20210211,112000,6.45,6.45,6.45,6.45,60,0
INT,5,20210211,115000,6.1,6.1,6.1,6.1,1070,0
INT,5,20210211,120000,6.1,6.1,6.1,6.1,100,0
INT,5,20210211,123000,6.1,6.1,6.1,6.1,42,0
INT,5,20210211,123500,6.35,6.35,6.35,6.35,1,0
INT,5,20210211,134000,6,6,6,6,8,0
INT,5,20210211,135000,6,6,5.8,5.8,1072,0
INT,5,20210211,135500,6.25,6.25,6.25,6.25,1,0
INT,5,20210211,142000,6,6,6,6,812,0
INT,5,20210211,142500,6,6,6,6,188,0
INT,5,20210211,152000,5.85,5.85,5.85,5.85,500,0
INT,5,20210211,154000,5.8,5.8,5.8,5.8,38,0
INT,5,20210211,160500,5.35,5.35,5.35,5.35,209,0
INT,5,20210211,161000,5.35,5.35,5.15,5.15,1992,0
INT,5,20210211,161500,5.35,5.35,5.35,5.35,1,0
INT,5,20210211,162500,5.35,5.35,5.35,5.35,50,0
INT,5,20210211,163000,5.35,5.8,5.35,5.8,279,0
INT,5,20210211,164500,5.8,5.95,5.8,5.95,2295,0
INT,5,20210212,090000,5.8,6.15,5.15,6.15,539,0
INT,5,20210212,090500,5.15,5.15,5,5.15,1200,0
INT,5,20210212,091000,6,6,6,6,1,0
INT,5,20210212,093500,6.05,6.15,6.05,6.15,213,0
INT,5,20210212,094000,6.2,6.2,6.2,6.2,1,0
INT,5,20210212,095500,6.15,6.15,6.15,6.15,110,0
INT,5,20210212,104000,6.15,6.15,6.15,6.15,2977,0
INT,5,20210212,112000,6.15,6.15,6.15,6.15,171,0
INT,5,20210212,124500,6.1,6.1,6.1,6.1,7,0
INT,5,20210212,155000,5.35,5.35,5.1,5.1,341,0
INT,5,20210212,160500,5.15,5.15,5.15,5.15,209,0
INT,5,20210212,162500,5.2,5.2,5.15,5.15,850,0
INT,5,20210212,163000,5.15,5.15,5.15,5.15,1000,0
INT,5,20210212,163500,5.15,5.15,5.15,5.15,100,0
INT,5,20210215,090000,5.6,5.6,5.6,5.6,1,0
INT,5,20210215,105500,5.1,5.1,5.1,5.1,100,0
INT,5,20210215,112500,4.64,4.64,4.64,4.64,200,0
INT,5,20210215,113000,4.64,4.64,4.5,4.5,1231,0
INT,5,20210215,114500,4.5,4.5,4.5,4.5,30,0
INT,5,20210215,120000,4.52,4.52,4.52,4.52,200,0
INT,5,20210215,120500,4.5,4.5,4.5,4.5,270,0
INT,5,20210215,121500,4.5,4.5,4.5,4.5,1000,0
INT,5,20210215,124000,4.44,4.44,4.44,4.44,600,0
INT,5,20210215,134500,4.46,4.46,4.46,4.46,115,0
INT,5,20210215,141500,4.44,4.44,4.44,4.44,435,0
INT,5,20210215,142000,4.44,4.44,4.44,4.44,9,0
INT,5,20210215,144000,4.46,4.5,4.46,4.5,500,0
INT,5,20210215,144500,4.5,4.5,4.5,4.5,53,0
INT,5,20210215,155500,4.5,4.5,4.5,4.5,70,0
INT,5,20210215,160000,4.44,4.44,4.44,4.44,6,0
INT,5,20210215,160500,4.4,4.4,4.4,4.4,194,0
INT,5,20210215,164500,4.5,4.5,4.5,4.5,1611,0
INT,5,20210216,100500,3.74,3.74,3.74,3.74,1,0
INT,5,20210216,101500,3.74,3.74,3.74,3.74,159,0
INT,5,20210216,102000,3.7,3.7,3.7,3.7,700,0
INT,5,20210216,102500,3.7,3.7,3.7,3.7,55,0
INT,5,20210216,103000,3.7,3.7,3.7,3.7,1445,0
INT,5,20210216,104000,3.72,4.4,3.7,3.7,896,0
INT,5,20210216,105500,4.38,4.38,4.38,4.38,1,0
INT,5,20210216,112000,3.8,3.8,3.8,3.8,400,0
INT,5,20210216,115500,3.7,3.7,3.5,3.5,200,0
INT,5,20210216,122000,3.9,3.9,3.9,3.9,1,0
INT,5,20210216,131500,3.88,3.88,3.88,3.88,157,0
INT,5,20210216,133000,3.88,3.88,3.88,3.88,43,0
INT,5,20210216,140000,3.86,3.86,3.62,3.62,562,0
INT,5,20210216,140500,3.62,3.62,3.62,3.62,55,0
INT,5,20210216,142000,3.86,4.3,3.86,4.3,400,0
INT,5,20210216,151000,3.64,3.64,3.64,3.64,22,0
INT,5,20210216,160500,3.7,3.7,3.7,3.7,388,0
INT,5,20210216,164000,4.1,4.1,4.1,4.1,100,0
INT,5,20210217,090000,4.08,4.08,4.08,4.08,1,0
INT,5,20210217,092500,3.62,3.62,3.62,3.62,500,0
INT,5,20210217,093000,3.62,4,3.62,4,101,0
INT,5,20210217,093500,3.64,3.64,3.62,3.62,720,0
INT,5,20210217,094000,3.62,3.62,3.5,3.5,1738,0
INT,5,20210217,094500,3.5,3.52,3.5,3.5,6100,0
INT,5,20210217,095000,3.5,3.88,3.5,3.5,1810,0
INT,5,20210217,095500,3.5,3.5,3.5,3.5,100,0
INT,5,20210217,100000,3.36,3.48,3.36,3.48,672,0
INT,5,20210217,101000,3.36,3.36,3.36,3.36,500,0
INT,5,20210217,102000,3.48,3.5,3.48,3.5,590,0
INT,5,20210217,103000,3.48,3.48,3.48,3.48,300,0
INT,5,20210217,103500,3.48,3.48,3.48,3.48,100,0
INT,5,20210217,104000,3.5,3.5,3.5,3.5,300,0
INT,5,20210217,105000,3.46,3.46,3.46,3.46,200,0
INT,5,20210217,110500,3.5,3.5,3.5,3.5,1736,0
INT,5,20210217,111500,3.76,3.76,3.76,3.76,70,0
INT,5,20210217,121000,3.5,3.5,3.5,3.5,100,0
INT,5,20210217,122500,3.5,3.5,3.5,3.5,185,0
INT,5,20210217,124000,3.5,3.5,3.5,3.5,1000,0
INT,5,20210217,124500,3.5,3.5,3.5,3.5,379,0
INT,5,20210217,130000,3.46,3.46,3.46,3.46,837,0
INT,5,20210217,132000,3.46,3.46,3.46,3.46,163,0
INT,5,20210217,132500,3.5,3.5,3.5,3.5,337,0
INT,5,20210217,133000,3.46,3.46,3.46,3.46,450,0
INT,5,20210217,133500,3.46,3.46,3.46,3.46,10,0
INT,5,20210217,134000,3.44,3.44,3.42,3.42,800,0
INT,5,20210217,141500,3.36,3.36,3.36,3.36,809,0
INT,5,20210217,145500,3.36,3.36,3.36,3.36,759,0
INT,5,20210217,150000,3.36,3.36,3.36,3.36,70,0
INT,5,20210217,151500,3.36,3.36,3.36,3.36,100,0
INT,5,20210217,152500,3.34,3.34,3.34,3.34,500,0
INT,5,20210217,155000,3.32,3.32,3.3,3.3,2000,0
INT,5,20210217,160500,3.3,3.3,3.3,3.3,300,0
INT,5,20210217,161000,3.3,3.3,3.3,3.3,700,0
INT,5,20210217,161500,3.3,3.3,3.3,3.3,378,0
INT,5,20210217,164000,3.3,3.3,3.3,3.3,200,0
INT,5,20210217,164500,3.3,3.3,3.3,3.3,122,0
INT,5,20210218,090000,3.48,3.48,3.4,3.4,900,0
INT,5,20210218,090500,3.36,3.36,3.36,3.36,310,0
INT,5,20210218,091000,3.28,3.28,3.28,3.28,400,0
INT,5,20210218,091500,3.22,3.22,3.2,3.2,800,0
INT,5,20210218,092000,3.2,3.2,3.16,3.16,1122,0
INT,5,20210218,093000,3.1,3.1,3.1,3.1,100,0
INT,5,20210218,093500,3.1,3.1,2.98,2.98,1128,0
INT,5,20210218,094000,3,3,3,3,4133,0
INT,5,20210218,094500,2.96,2.96,2.96,2.96,600,0
INT,5,20210218,095000,2.96,2.96,2.82,2.82,462,0
INT,5,20210218,095500,2.82,2.82,2.8,2.8,3768,0
INT,5,20210218,101500,2.82,2.82,2.82,2.82,5125,0
INT,5,20210218,102000,2.8,2.8,2.8,2.8,700,0
INT,5,20210218,102500,2.82,2.84,2.82,2.84,3500,0
INT,5,20210218,103000,2.84,2.88,2.84,2.88,5740,0
INT,5,20210218,103500,2.84,2.84,2.84,2.84,400,0
INT,5,20210218,104000,2.82,2.82,2.8,2.8,1610,0
INT,5,20210218,104500,2.8,2.8,2.8,2.8,3100,0
INT,5,20210218,105000,2.8,2.84,2.8,2.84,552,0
INT,5,20210218,105500,2.8,2.8,2.8,2.8,750,0
INT,5,20210218,110500,2.82,2.82,2.82,2.82,2500,0
INT,5,20210218,111000,2.84,2.84,2.84,2.84,360,0
INT,5,20210218,112000,2.82,2.82,2.82,2.82,500,0
INT,5,20210218,112500,2.82,2.82,2.82,2.82,3500,0
INT,5,20210218,113000,2.84,2.84,2.84,2.84,377,0
INT,5,20210218,114000,2.8,2.84,2.8,2.84,1000,0
INT,5,20210218,124500,2.84,2.84,2.84,2.84,196,0
INT,5,20210218,125000,2.84,2.84,2.84,2.84,3000,0
INT,5,20210218,125500,2.84,2.86,2.84,2.86,4150,0
INT,5,20210218,130000,2.84,2.84,2.84,2.84,700,0
INT,5,20210218,130500,2.82,2.82,2.82,2.82,1390,0
INT,5,20210218,131000,2.8,2.8,2.8,2.8,1400,0
INT,5,20210218,132000,2.8,2.8,2.8,2.8,170,0
INT,5,20210218,133000,2.82,2.82,2.82,2.82,4000,0
INT,5,20210218,133500,2.84,2.84,2.84,2.84,1950,0
INT,5,20210218,134000,2.82,2.82,2.82,2.82,2000,0
INT,5,20210218,134500,2.82,2.82,2.82,2.82,3000,0
INT,5,20210218,140000,2.82,2.82,2.82,2.82,100,0
INT,5,20210218,140500,2.8,2.8,2.8,2.8,1110,0
INT,5,20210218,141000,2.8,2.8,2.8,2.8,400,0
INT,5,20210218,141500,2.8,2.8,2.8,2.8,300,0
INT,5,20210218,143000,2.82,2.82,2.82,2.82,1000,0
INT,5,20210218,145000,2.82,2.86,2.82,2.86,7367,0
INT,5,20210218,145500,2.84,2.84,2.84,2.84,1033,0
INT,5,20210218,150000,2.82,2.84,2.82,2.84,3500,0
INT,5,20210218,151500,2.84,2.84,2.84,2.84,1900,0
INT,5,20210218,152500,2.8,2.8,2.8,2.8,400,0
INT,5,20210218,154500,2.82,2.82,2.82,2.82,2000,0
INT,5,20210218,155500,2.8,2.8,2.8,2.8,594,0
INT,5,20210218,160500,2.82,2.84,2.82,2.84,2196,0
INT,5,20210218,161500,2.8,2.82,2.8,2.82,2295,0
INT,5,20210218,162500,2.82,2.82,2.82,2.82,1711,0
INT,5,20210218,163000,2.82,2.82,2.82,2.82,234,0
INT,5,20210219,090000,2.82,3.06,2.82,3.06,400,0
INT,5,20210219,092000,2.98,2.98,2.98,2.98,250,0
INT,5,20210219,092500,2.98,2.98,2.86,2.86,2300,0
INT,5,20210219,093500,2.96,2.96,2.88,2.96,3318,0
INT,5,20210219,095500,2.94,2.94,2.94,2.94,450,0
INT,5,20210219,100000,2.9,2.9,2.82,2.82,2000,0
INT,5,20210219,101000,2.82,2.82,2.82,2.82,1430,0
INT,5,20210219,101500,2.86,2.86,2.86,2.86,4000,0
INT,5,20210219,102500,2.82,2.82,2.8,2.8,6500,0
INT,5,20210219,103500,2.74,2.74,2.74,2.74,1250,0
INT,5,20210219,105500,2.86,2.86,2.86,2.86,3,0
INT,5,20210219,121500,2.78,2.78,2.78,2.78,1420,0
INT,5,20210219,123500,2.76,2.76,2.76,2.76,3000,0
INT,5,20210219,125500,2.78,2.78,2.78,2.78,1284,0
INT,5,20210219,130000,2.78,2.78,2.78,2.78,1087,0
INT,5,20210219,132500,2.76,2.76,2.76,2.76,1669,0
INT,5,20210219,134500,2.76,2.76,2.76,2.76,300,0
INT,5,20210219,135500,2.74,2.74,2.74,2.74,2914,0
INT,5,20210219,140500,2.72,2.72,2.72,2.72,5200,0
INT,5,20210219,143500,2.72,2.72,2.72,2.72,1000,0
INT,5,20210219,144000,2.74,2.74,2.74,2.74,1000,0
INT,5,20210219,150000,2.74,2.74,2.74,2.74,4000,0
INT,5,20210219,150500,2.76,2.78,2.76,2.78,3570,0
INT,5,20210219,151000,2.78,2.78,2.78,2.78,1759,0
INT,5,20210219,151500,2.8,2.8,2.8,2.8,500,0
INT,5,20210219,155000,2.78,2.78,2.78,2.78,2000,0
INT,5,20210219,160000,2.78,2.78,2.78,2.78,300,0
INT,5,20210219,160500,2.78,2.78,2.78,2.78,688,0
INT,5,20210219,161000,2.78,2.78,2.78,2.78,312,0
INT,5,20210219,163500,2.78,2.78,2.78,2.78,100,0
INT,5,20210219,164000,2.78,2.78,2.78,2.78,1588,0
INT,5,20210219,164500,2.8,2.8,2.8,2.8,1,0
INT,5,20210222,090000,2.78,2.78,2.78,2.78,1154,0
INT,5,20210222,091000,2.8,2.8,2.8,2.8,1150,0
INT,5,20210222,091500,2.88,2.88,2.88,2.88,499,0
INT,5,20210222,092500,2.94,2.94,2.94,2.94,400,0
INT,5,20210222,093000,2.94,2.96,2.94,2.96,500,0
INT,5,20210222,093500,2.8,2.8,2.8,2.8,2000,0
INT,5,20210222,094500,2.94,2.94,2.94,2.94,4,0
INT,5,20210222,100000,2.92,2.92,2.92,2.92,40,0
INT,5,20210222,101000,2.82,2.82,2.8,2.8,600,0
INT,5,20210222,110500,2.9,2.9,2.9,2.9,4,0
INT,5,20210222,111000,2.9,2.9,2.9,2.9,306,0
INT,5,20210222,115000,2.9,2.9,2.9,2.9,390,0
INT,5,20210222,122000,2.92,2.92,2.92,2.92,500,0
INT,5,20210222,123500,2.9,2.9,2.9,2.9,110,0
INT,5,20210222,142000,2.82,2.82,2.82,2.82,200,0
INT,5,20210222,155000,2.84,2.84,2.84,2.84,510,0
INT,5,20210222,161500,2.84,2.84,2.84,2.84,490,0
INT,5,20210222,163500,2.84,2.94,2.84,2.94,501,0
INT,5,20210223,093500,2.84,2.84,2.82,2.82,1000,0
INT,5,20210223,100000,2.88,2.88,2.88,2.88,100,0
INT,5,20210223,104500,2.82,2.82,2.82,2.82,4900,0
INT,5,20210223,112500,2.86,2.86,2.86,2.86,1,0
INT,5,20210223,123500,2.84,2.84,2.84,2.84,300,0
INT,5,20210223,134500,2.84,2.84,2.84,2.84,182,0
INT,5,20210223,142000,2.8,2.8,2.56,2.56,4515,0
INT,5,20210223,143500,2.58,2.58,2.56,2.56,12000,0
INT,5,20210223,144000,2.58,2.58,2.56,2.58,4076,0
INT,5,20210223,144500,2.56,2.56,2.56,2.56,1000,0
INT,5,20210223,145000,2.6,2.6,2.56,2.56,1614,0
INT,5,20210223,150500,2.52,2.52,2.52,2.52,300,0
INT,5,20210223,152000,2.6,2.6,2.6,2.6,200,0
INT,5,20210223,152500,2.54,2.54,2.52,2.52,1000,0
INT,5,20210223,154500,2.52,2.52,2.52,2.52,1500,0
INT,5,20210223,155500,2.52,2.58,2.5,2.5,12669,0
INT,5,20210223,160000,2.48,2.48,2.4,2.42,5567,0
INT,5,20210223,160500,2.44,2.46,2.44,2.46,6800,0
INT,5,20210223,161000,2.48,2.48,2.42,2.42,7102,0
INT,5,20210223,162500,2.42,2.5,2.42,2.5,1447,0
INT,5,20210223,163000,2.44,2.44,2.42,2.42,222,0
INT,5,20210223,163500,2.5,2.5,2.5,2.5,1000,0
INT,5,20210223,164000,2.5,2.5,2.5,2.5,735,0
INT,5,20210223,164500,2.44,2.48,2.42,2.48,6263,0
INT,5,20210224,090500,2.48,2.48,2.46,2.46,3000,0
INT,5,20210224,091000,2.48,2.48,2.48,2.48,2000,0
INT,5,20210224,092000,2.48,2.48,2.46,2.46,2112,0
INT,5,20210224,092500,2.48,2.5,2.48,2.5,1400,0
INT,5,20210224,093500,2.5,2.5,2.5,2.5,398,0
INT,5,20210224,094000,2.5,2.5,2.5,2.5,400,0
INT,5,20210224,095000,2.5,2.5,2.5,2.5,198,0
INT,5,20210224,095500,2.48,2.48,2.48,2.48,224,0
INT,5,20210224,100500,2.48,2.48,2.48,2.48,500,0
INT,5,20210224,101000,2.48,2.5,2.48,2.5,1700,0
INT,5,20210224,101500,2.5,2.52,2.5,2.52,1100,0
INT,5,20210224,103000,2.5,2.5,2.5,2.5,400,0
INT,5,20210224,104000,2.46,2.46,2.44,2.44,3394,0
INT,5,20210224,113000,2.48,2.48,2.48,2.48,22,0
INT,5,20210224,113500,2.44,2.44,2.4,2.4,14474,0
INT,5,20210224,120500,2.4,2.4,2.4,2.4,2200,0
INT,5,20210224,130500,2.46,2.46,2.46,2.46,850,0
INT,5,20210224,132500,2.46,2.46,2.46,2.46,25,0
INT,5,20210224,143000,2.46,2.46,2.46,2.46,556,0
INT,5,20210224,150000,2.52,2.52,2.52,2.52,110,0
INT,5,20210224,152500,2.52,2.52,2.52,2.52,832,0
INT,5,20210224,160500,2.56,2.56,2.56,2.56,144,0
INT,5,20210224,161000,2.56,2.56,2.56,2.56,144,0
INT,5,20210224,162500,2.58,2.58,2.58,2.58,200,0
INT,5,20210224,165500,2.58,2.58,2.58,2.58,150,0
INT,5,20210225,090000,2.66,2.66,2.66,2.66,110,0
INT,5,20210225,091000,2.64,2.64,2.64,2.64,150,0
INT,5,20210225,092000,2.64,2.66,2.64,2.66,1043,0
INT,5,20210225,092500,2.64,2.64,2.64,2.64,500,0
INT,5,20210225,093500,2.64,2.64,2.64,2.64,642,0
INT,5,20210225,094500,2.7,2.7,2.7,2.7,150,0
INT,5,20210225,101000,2.6,2.6,2.6,2.6,500,0
INT,5,20210225,101500,2.6,2.66,2.6,2.66,900,0
INT,5,20210225,104500,2.58,2.64,2.5,2.64,402,0
INT,5,20210225,114500,2.62,2.62,2.62,2.62,550,0
INT,5,20210225,143500,2.5,2.5,2.46,2.46,1100,0
INT,5,20210225,145000,2.42,2.42,2.42,2.42,2000,0
INT,5,20210225,152000,2.46,2.46,2.46,2.46,123,0
INT,5,20210225,152500,2.42,2.42,2.42,2.42,3080,0
INT,5,20210225,154500,2.42,2.42,2.42,2.42,1000,0
INT,5,20210225,160000,2.4,2.4,2.4,2.4,6,0
INT,5,20210225,163500,2.42,2.42,2.4,2.4,10000,0
INT,5,20210225,164000,2.46,2.46,2.46,2.46,300,0
INT,5,20210225,164500,2.4,2.4,2.4,2.4,1180,0
INT,5,20210226,090000,2.42,2.48,2.42,2.48,1100,0
INT,5,20210226,090500,2.42,2.42,2.42,2.42,221,0
INT,5,20210226,092500,2.46,2.46,2.46,2.46,708,0
INT,5,20210226,095000,2.48,2.52,2.48,2.52,1200,0
INT,5,20210226,103000,2.42,2.42,2.4,2.4,3000,0
INT,5,20210226,103500,2.4,2.4,2.4,2.4,298,0
INT,5,20210226,104000,2.44,2.44,2.44,2.44,150,0
INT,5,20210226,105500,2.44,2.44,2.44,2.44,100,0
INT,5,20210226,112500,2.36,2.36,2.36,2.36,4000,0
INT,5,20210226,114000,2.38,2.38,2.38,2.38,1708,0
INT,5,20210226,114500,2.4,2.42,2.4,2.42,3000,0
INT,5,20210226,115000,2.44,2.44,2.44,2.44,175,0
INT,5,20210226,120000,2.38,2.38,2.32,2.32,8517,0
INT,5,20210226,121500,2.38,2.38,2.38,2.38,200,0
INT,5,20210226,122500,2.38,2.38,2.38,2.38,418,0
INT,5,20210226,123000,2.34,2.34,2.34,2.34,866,0
INT,5,20210226,133500,2.38,2.4,2.38,2.4,2506,0
INT,5,20210226,135500,2.38,2.38,2.32,2.32,2639,0
INT,5,20210226,142500,2.32,2.32,2.32,2.32,5000,0
INT,5,20210226,143000,2.4,2.44,2.4,2.44,5300,0
INT,5,20210226,144000,2.44,2.44,2.44,2.44,500,0
INT,5,20210226,145000,2.44,2.44,2.44,2.44,600,0
INT,5,20210226,160000,2.42,2.42,2.42,2.42,500,0
INT,5,20210301,090500,2.52,2.52,2.52,2.52,160,0
INT,5,20210301,091000,2.52,2.52,2.52,2.52,636,0
INT,5,20210301,091500,2.52,2.52,2.52,2.52,1990,0
INT,5,20210301,092000,2.52,2.54,2.52,2.54,314,0
INT,5,20210301,092500,2.52,2.52,2.44,2.44,1008,0
INT,5,20210301,093000,2.5,2.52,2.5,2.52,1001,0
INT,5,20210301,094500,2.52,2.52,2.52,2.52,1200,0
INT,5,20210301,100000,2.52,2.52,2.52,2.52,40,0
INT,5,20210301,104500,2.48,2.48,2.48,2.48,100,0
INT,5,20210301,112000,2.46,2.46,2.46,2.46,500,0
INT,5,20210301,112500,2.48,2.48,2.48,2.48,300,0
INT,5,20210301,113500,2.48,2.48,2.48,2.48,507,0
INT,5,20210301,114500,2.46,2.46,2.42,2.42,1860,0
INT,5,20210301,115000,2.38,2.38,2.34,2.34,5144,0
INT,5,20210301,115500,2.34,2.34,2.32,2.32,5470,0
INT,5,20210301,120000,2.4,2.4,2.4,2.4,335,0
INT,5,20210301,121000,2.4,2.4,2.4,2.4,100,0
INT,5,20210301,131000,2.34,2.34,2.3,2.3,10184,0
INT,5,20210301,133000,2.32,2.32,2.3,2.3,1470,0
INT,5,20210301,133500,2.3,2.3,2.28,2.3,5207,0
INT,5,20210301,134000,2.34,2.34,2.32,2.34,5600,0
INT,5,20210301,135000,2.34,2.34,2.34,2.34,41,0
INT,5,20210301,140000,2.32,2.32,2.32,2.32,2169,0
INT,5,20210301,140500,2.34,2.34,2.34,2.34,20,0
INT,5,20210301,141500,2.34,2.34,2.34,2.34,650,0
INT,5,20210301,142000,2.34,2.34,2.34,2.34,689,0
INT,5,20210301,142500,2.38,2.38,2.38,2.38,1,0
INT,5,20210301,143000,2.3,2.3,2.26,2.26,11840,0
INT,5,20210301,145000,2.28,2.28,2.28,2.28,750,0
INT,5,20210301,151500,2.36,2.36,2.36,2.36,165,0
INT,5,20210301,153500,2.36,2.36,2.36,2.36,300,0
INT,5,20210301,160000,2.32,2.32,2.3,2.3,6350,0
INT,5,20210301,161000,2.34,2.34,2.34,2.34,700,0
INT,5,20210301,161500,2.32,2.32,2.26,2.26,15370,0
INT,5,20210301,162000,2.36,2.36,2.24,2.24,4038,0
INT,5,20210301,162500,2.3,2.32,2.3,2.32,1802,0
INT,5,20210301,163000,2.32,2.32,2.32,2.32,200,0
INT,5,20210301,164000,2.3,2.3,2.26,2.26,5503,0
INT,5,20210301,164500,2.32,2.32,2.26,2.32,3762,0
INT,5,20210302,090000,2.34,2.34,2.26,2.26,2488,0
INT,5,20210302,091000,2.28,2.28,2.28,2.28,500,0
INT,5,20210302,092000,2.3,2.3,2.3,2.3,2000,0
INT,5,20210302,092500,2.32,2.32,2.32,2.32,500,0
INT,5,20210302,093500,2.28,2.28,2.26,2.26,1662,0
INT,5,20210302,101500,2.26,2.3,2.26,2.3,1901,0
INT,5,20210302,102500,2.3,2.3,2.3,2.3,106,0
INT,5,20210302,103500,2.3,2.3,2.3,2.3,250,0
INT,5,20210302,104000,2.28,2.28,2.24,2.24,8121,0
INT,5,20210302,110500,2.3,2.3,2.24,2.24,3460,0
INT,5,20210302,113500,2.26,2.26,2.26,2.26,90,0
INT,5,20210302,123000,2.3,2.3,2.3,2.3,50,0
INT,5,20210302,125500,2.24,2.24,2.24,2.24,50,0
INT,5,20210302,133000,2.3,2.3,2.3,2.3,1000,0
INT,5,20210302,141000,2.26,2.26,2.24,2.24,13219,0
INT,5,20210302,151500,2.24,2.24,2.24,2.24,500,0
INT,5,20210302,161000,2.3,2.3,2.3,2.3,800,0
INT,5,20210302,161500,2.3,2.34,2.3,2.34,200,0
INT,5,20210302,162500,2.28,2.34,2.2,2.2,44668,0
INT,5,20210302,163000,2.2,2.22,2.2,2.2,2410,0
INT,5,20210302,164000,2.28,2.3,2.28,2.3,844,0
INT,5,20210302,164500,2.28,2.3,2.28,2.3,226,0
INT,5,20210303,090000,2.28,2.28,2.28,2.28,254,0
INT,5,20210303,090500,2.22,2.22,2.22,2.22,3314,0
INT,5,20210303,092000,2.22,2.22,2.22,2.22,1497,0
INT,5,20210303,094000,2.28,2.3,2.28,2.3,1863,0
INT,5,20210303,094500,2.3,2.3,2.3,2.3,391,0
INT,5,20210303,100000,2.28,2.36,2.28,2.36,2724,0
INT,5,20210303,102000,2.32,2.36,2.32,2.36,1168,0
INT,5,20210303,103500,2.36,2.36,2.36,2.36,500,0
INT,5,20210303,104000,2.36,2.36,2.36,2.36,1450,0
INT,5,20210303,104500,2.36,2.36,2.36,2.36,662,0
INT,5,20210303,105500,2.32,2.32,2.3,2.3,1670,0
INT,5,20210303,110500,2.3,2.3,2.3,2.3,544,0
INT,5,20210303,112500,2.3,2.3,2.28,2.28,500,0
INT,5,20210303,113000,2.28,2.28,2.22,2.22,4339,0
INT,5,20210303,114500,2.28,2.28,2.2,2.2,9880,0
INT,5,20210303,130500,2.26,2.26,2.26,2.26,1,0
INT,5,20210303,135500,2.26,2.34,2.26,2.34,1499,0
INT,5,20210303,163500,2.28,2.28,2.28,2.28,550,0
INT,5,20210303,164500,2.24,2.24,2.24,2.24,12160,0
INT,5,20210304,090000,2.3,2.3,2.3,2.3,1935,0
INT,5,20210304,090500,2.3,2.3,2.3,2.3,369,0
INT,5,20210304,094000,2.28,2.28,2.28,2.28,2000,0
INT,5,20210304,094500,2.28,2.28,2.28,2.28,2000,0
INT,5,20210304,095000,2.28,2.28,2.28,2.28,800,0
INT,5,20210304,100000,2.28,2.28,2.28,2.28,335,0
INT,5,20210304,101000,2.28,2.28,2.28,2.28,430,0
INT,5,20210304,102500,2.28,2.28,2.28,2.28,435,0
INT,5,20210304,105500,2.3,2.3,2.3,2.3,800,0
INT,5,20210304,110000,2.26,2.26,2.26,2.26,1086,0
INT,5,20210304,110500,2.28,2.28,2.28,2.28,2000,0
INT,5,20210304,113000,2.26,2.26,2.26,2.26,7264,0
INT,5,20210304,113500,2.26,2.26,2.26,2.26,5938,0
INT,5,20210304,120000,2.28,2.28,2.28,2.28,962,0
INT,5,20210304,132000,2.28,2.28,2.28,2.28,538,0
INT,5,20210304,144000,2.3,2.3,2.3,2.3,200,0
INT,5,20210304,164500,2.32,2.32,2.32,2.32,300,0
INT,5,20210305,090000,2.38,2.38,2.38,2.38,280,0
INT,5,20210305,091000,2.38,2.38,2.38,2.38,420,0
INT,5,20210305,092000,2.38,2.38,2.38,2.38,69,0
INT,5,20210305,093000,2.38,2.38,2.38,2.38,596,0
INT,5,20210305,095500,2.38,2.38,2.38,2.38,178,0
INT,5,20210305,100000,2.4,2.4,2.4,2.4,348,0
INT,5,20210305,101000,2.4,2.4,2.4,2.4,288,0
INT,5,20210305,103000,2.4,2.4,2.4,2.4,415,0
INT,5,20210305,105000,2.32,2.32,2.32,2.32,300,0
INT,5,20210305,115000,2.32,2.32,2.32,2.32,563,0
INT,5,20210305,115500,2.4,2.4,2.4,2.4,541,0
INT,5,20210305,120000,2.44,2.44,2.44,2.44,1,0
INT,5,20210305,120500,2.4,2.42,2.4,2.42,1415,0
INT,5,20210305,122500,2.4,2.42,2.4,2.42,1000,0
INT,5,20210305,131500,2.42,2.42,2.42,2.42,1100,0
INT,5,20210305,144500,2.44,2.44,2.44,2.44,715,0
INT,5,20210305,150000,2.44,2.52,2.44,2.52,953,0
INT,5,20210305,150500,2.34,2.34,2.34,2.34,1,0
INT,5,20210305,161500,2.42,2.42,2.42,2.42,450,0
INT,5,20210305,162000,2.42,2.42,2.42,2.42,550,0
INT,5,20210305,164500,2.48,2.48,2.48,2.48,1,0
INT,5,20210308,090000,2.54,2.56,2.52,2.56,7369,0
INT,5,20210308,090500,2.56,2.58,2.56,2.58,1000,0
INT,5,20210308,091500,2.58,2.6,2.58,2.6,450,0
INT,5,20210308,092000,2.6,2.6,2.6,2.6,500,0
INT,5,20210308,092500,2.58,2.58,2.58,2.58,240,0
INT,5,20210308,093000,2.54,2.54,2.54,2.54,600,0
INT,5,20210308,094500,2.58,2.58,2.58,2.58,260,0
INT,5,20210308,095500,2.5,2.5,2.44,2.44,4150,0
INT,5,20210308,100000,2.58,2.58,2.58,2.58,1,0
INT,5,20210308,103000,2.52,2.54,2.52,2.54,991,0
INT,5,20210308,112500,2.54,2.54,2.54,2.54,3131,0
INT,5,20210308,114500,2.54,2.54,2.54,2.54,619,0
INT,5,20210308,115500,2.56,2.56,2.56,2.56,800,0
INT,5,20210308,121000,2.5,2.5,2.5,2.5,350,0
INT,5,20210308,122000,2.54,2.58,2.54,2.58,6350,0
INT,5,20210308,124500,2.58,2.58,2.58,2.58,600,0
INT,5,20210308,130000,2.56,2.56,2.56,2.56,500,0
INT,5,20210308,132500,2.56,2.56,2.56,2.56,114,0
INT,5,20210308,133500,2.56,2.56,2.56,2.56,1000,0
INT,5,20210308,154500,2.54,2.56,2.54,2.56,800,0
INT,5,20210308,163000,2.56,2.56,2.56,2.56,4999,0
INT,5,20210308,163500,2.56,2.56,2.56,2.56,585,0
INT,5,20210308,164500,2.56,2.56,2.56,2.56,800,0
INT,5,20210309,091500,2.54,2.54,2.54,2.54,394,0
INT,5,20210309,092000,2.56,2.56,2.56,2.56,500,0
INT,5,20210309,092500,2.56,2.56,2.56,2.56,1140,0
INT,5,20210309,093000,2.58,2.6,2.58,2.6,700,0
INT,5,20210309,102000,2.6,2.6,2.6,2.6,2462,0
INT,5,20210309,102500,2.6,2.6,2.6,2.6,1445,0
INT,5,20210309,103000,2.66,2.66,2.66,2.66,6,0
INT,5,20210309,104500,2.66,2.68,2.66,2.66,1597,0
INT,5,20210309,112000,2.58,2.58,2.58,2.58,500,0
INT,5,20210309,113500,2.66,2.66,2.66,2.66,10,0
INT,5,20210309,121500,2.6,2.6,2.6,2.6,97,0
INT,5,20210309,123000,2.6,2.6,2.6,2.6,1505,0
INT,5,20210309,123500,2.6,2.6,2.6,2.6,10,0
INT,5,20210309,124000,2.62,2.62,2.62,2.62,1000,0
INT,5,20210309,125500,2.62,2.62,2.62,2.62,500,0
INT,5,20210309,135500,2.6,2.6,2.58,2.58,1770,0
INT,5,20210309,155000,2.62,2.62,2.62,2.62,5,0
INT,5,20210310,090000,2.6,2.6,2.6,2.6,324,0
INT,5,20210310,091500,2.6,2.6,2.6,2.6,300,0
INT,5,20210310,092500,2.6,2.6,2.6,2.6,992,0
INT,5,20210310,100000,2.62,2.62,2.62,2.62,2880,0
INT,5,20210310,110000,2.62,2.62,2.62,2.62,970,0
INT,5,20210310,120500,2.64,2.64,2.64,2.64,300,0
INT,5,20210310,124000,2.64,2.64,2.64,2.64,1908,0
INT,5,20210310,143000,2.64,2.64,2.64,2.64,1000,0
INT,5,20210310,145000,2.62,2.62,2.62,2.62,280,0
INT,5,20210310,151000,2.62,2.62,2.62,2.62,138,0
INT,5,20210310,155500,2.62,2.62,2.62,2.62,1,0
INT,5,20210310,161000,2.62,2.62,2.62,2.62,260,0
INT,5,20210310,162500,2.64,2.64,2.64,2.64,200,0
INT,5,20210310,164000,2.64,2.64,2.64,2.64,2404,0
INT,5,20210311,094500,2.7,2.72,2.7,2.72,625,0
INT,5,20210311,102500,2.72,2.72,2.72,2.72,895,0
INT,5,20210311,103000,2.82,2.82,2.76,2.76,960,0
INT,5,20210311,105000,2.72,2.72,2.7,2.7,2200,0
INT,5,20210311,110500,2.76,2.8,2.76,2.8,550,0
INT,5,20210311,111500,2.8,2.84,2.8,2.84,4404,0
INT,5,20210311,113000,2.76,2.76,2.76,2.76,1050,0
INT,5,20210311,115000,2.7,2.7,2.7,2.7,1000,0
INT,5,20210311,120500,2.7,2.7,2.62,2.62,826,0
INT,5,20210311,145500,2.76,2.76,2.76,2.76,30,0
INT,5,20210311,154500,2.76,2.78,2.76,2.78,1000,0
INT,5,20210311,163500,2.78,2.78,2.78,2.78,220,0
INT,5,20210311,164000,2.82,2.82,2.82,2.82,30,0
INT,5,20210311,164500,2.72,2.72,2.72,2.72,1500,0
INT,5,20210312,090000,2.8,2.8,2.8,2.8,30,0
INT,5,20210312,091500,2.8,2.8,2.8,2.8,100,0
INT,5,20210312,094000,2.8,2.86,2.8,2.86,500,0
INT,5,20210312,095500,2.72,2.72,2.7,2.7,2000,0
INT,5,20210312,102500,2.8,2.8,2.8,2.8,1000,0
INT,5,20210312,104000,2.72,2.8,2.72,2.8,1250,0
INT,5,20210312,104500,2.7,2.7,2.7,2.7,250,0
INT,5,20210312,120000,2.7,2.7,2.7,2.7,1930,0
INT,5,20210312,121500,2.68,2.68,2.68,2.68,850,0
INT,5,20210312,122000,2.78,2.78,2.78,2.78,5,0
INT,5,20210312,132000,2.68,2.68,2.66,2.66,1002,0
INT,5,20210312,132500,2.66,2.66,2.66,2.66,797,0
INT,5,20210312,140000,2.68,2.68,2.68,2.68,747,0
INT,5,20210312,143000,2.72,2.72,2.72,2.72,495,0
INT,5,20210312,145500,2.72,2.72,2.72,2.72,5,0
INT,5,20210312,150500,2.72,2.72,2.72,2.72,47,0
INT,5,20210312,155000,2.72,2.74,2.72,2.74,1500,0
INT,5,20210312,164000,2.74,2.74,2.74,2.74,858,0
INT,5,20210312,164500,2.76,2.76,2.76,2.76,100,0
INT,5,20210315,090000,2.7,2.7,2.7,2.7,3261,0
INT,5,20210315,091000,2.7,2.7,2.7,2.7,1500,0
INT,5,20210315,105500,2.76,2.8,2.7,2.78,3823,0
INT,5,20210315,110500,2.78,2.78,2.78,2.78,160,0
INT,5,20210315,111000,2.7,2.7,2.7,2.7,3000,0
INT,5,20210315,112500,2.74,2.74,2.74,2.74,2000,0
INT,5,20210315,120000,2.74,2.74,2.74,2.74,1830,0
INT,5,20210315,120500,2.76,2.76,2.76,2.76,382,0
INT,5,20210315,121000,2.76,2.82,2.76,2.82,5738,0
INT,5,20210315,122000,2.8,2.82,2.8,2.82,995,0
INT,5,20210315,122500,2.84,2.9,2.84,2.86,2500,0
INT,5,20210315,123500,2.86,2.9,2.86,2.9,5800,0
INT,5,20210315,124000,2.9,2.9,2.9,2.9,2067,0
INT,5,20210315,124500,2.86,2.86,2.86,2.86,400,0
INT,5,20210315,125000,2.84,2.92,2.84,2.9,1258,0
INT,5,20210315,131000,2.86,2.86,2.84,2.84,1342,0
INT,5,20210315,132000,2.88,2.88,2.88,2.88,245,0
INT,5,20210315,141500,2.88,2.9,2.88,2.88,2000,0
INT,5,20210315,144500,2.9,2.9,2.9,2.9,600,0
INT,5,20210315,150000,2.9,3.1,2.9,3.02,13197,0
INT,5,20210315,150500,3.18,3.18,3.18,3.18,5,0
INT,5,20210315,162000,3.06,3.08,3.06,3.08,2395,0
INT,5,20210315,162500,3.08,3.08,3.08,3.08,5,0
INT,5,20210315,164500,3.06,3.06,3.06,3.06,400,0
INT,5,20210316,090000,3.08,3.26,3.04,3.26,11837,0
INT,5,20210316,090500,3.26,3.26,3.26,3.26,4601,0
INT,5,20210316,091000,3.16,3.16,3.04,3.04,2180,0
INT,5,20210316,091500,3.06,3.14,3.06,3.14,505,0
INT,5,20210316,101500,3.1,3.1,3.1,3.1,800,0
INT,5,20210316,103500,3.08,3.08,3,3,7583,0
INT,5,20210316,104000,3,3,3,3,2000,0
INT,5,20210316,104500,2.98,2.98,2.98,2.98,1600,0
INT,5,20210316,105000,3.02,3.02,3.02,3.02,460,0
INT,5,20210316,110500,3.02,3.02,3.02,3.02,203,0
INT,5,20210316,111000,3.02,3.02,3.02,3.02,797,0
INT,5,20210316,112500,3.04,3.04,3.04,3.04,500,0
INT,5,20210316,114500,3.04,3.04,3.04,3.04,225,0
INT,5,20210316,121500,3.04,3.04,3,3,1900,0
INT,5,20210316,123000,3.08,3.08,3.08,3.08,5,0
INT,5,20210316,130000,3.08,3.08,3.08,3.08,323,0
INT,5,20210316,144500,3.08,3.08,3.08,3.08,172,0
INT,5,20210316,151000,3.1,3.12,3.1,3.12,1395,0
INT,5,20210316,152000,3.14,3.16,3.14,3.16,444,0
INT,5,20210316,153000,3.06,3.06,3.06,3.06,1500,0
INT,5,20210316,162500,3.1,3.1,3.1,3.1,800,0
INT,5,20210316,164500,3.12,3.12,3.12,3.12,433,0
INT,5,20210317,090000,3.2,3.2,3.08,3.08,4000,0
INT,5,20210317,090500,3.1,3.1,3.1,3.1,1200,0
INT,5,20210317,093000,3.1,3.1,3,3,2941,0
INT,5,20210317,093500,3,3,2.98,2.98,1832,0
INT,5,20210317,094000,2.94,2.98,2.88,2.98,4241,0
INT,5,20210317,094500,2.9,2.9,2.9,2.9,676,0
INT,5,20210317,095000,2.98,2.98,2.98,2.98,1000,0
INT,5,20210317,100000,2.98,2.98,2.98,2.98,1000,0
INT,5,20210317,100500,2.98,2.98,2.98,2.98,2000,0
INT,5,20210317,102500,2.94,2.94,2.94,2.94,1500,0
INT,5,20210317,103000,2.98,3.16,2.94,3.16,3907,0
INT,5,20210317,104500,3.14,3.14,3.14,3.14,750,0
INT,5,20210317,105000,3.14,3.14,3.14,3.14,1250,0
INT,5,20210317,112500,3.12,3.14,3.12,3.14,4000,0
INT,5,20210317,113500,3.14,3.14,3.14,3.14,131,0
INT,5,20210317,121500,3.14,3.14,3.14,3.14,400,0
INT,5,20210317,122500,3.06,3.06,3.06,3.06,100,0
INT,5,20210317,123500,3.06,3.06,3.06,3.06,100,0
INT,5,20210317,125500,3.06,3.06,3.06,3.06,1200,0
INT,5,20210317,132500,3.06,3.06,3.06,3.06,1100,0
INT,5,20210317,142500,3.02,3.02,3.02,3.02,304,0
INT,5,20210317,143500,3.02,3.02,3.02,3.02,500,0
INT,5,20210317,144500,3.08,3.08,3.08,3.08,2,0
INT,5,20210317,145500,3.02,3.02,3.02,3.02,4000,0
INT,5,20210317,150500,3.02,3.02,3.02,3.02,1000,0
INT,5,20210317,164500,3.02,3.08,3,3.08,1001,0
INT,5,20210318,090000,3.08,3.08,3.08,3.08,96,0
INT,5,20210318,125000,3,3,3,3,500,0
INT,5,20210318,161000,3.08,3.08,3.08,3.08,2,0
INT,5,20210319,092500,3.08,3.1,3.08,3.1,646,0
INT,5,20210319,105000,3.08,3.08,3.08,3.08,500,0
INT,5,20210319,114000,3.06,3.08,3.06,3.08,1000,0
INT,5,20210322,090000,3.04,3.04,3.04,3.04,500,0
INT,5,20210322,111500,2.96,2.96,2.94,2.94,2304,0
INT,5,20210322,113500,3,3,2.94,2.94,898,0
INT,5,20210322,114000,2.94,2.94,2.94,2.94,600,0
INT,5,20210322,120500,2.94,2.94,2.94,2.94,2,0
INT,5,20210322,122000,3.02,3.02,3.02,3.02,190,0
INT,5,20210322,131000,3.02,3.02,3.02,3.02,810,0
INT,5,20210322,132000,3.04,3.04,3.04,3.04,1100,0
INT,5,20210322,135500,3,3.06,3,3.06,678,0
INT,5,20210322,150500,3.06,3.06,3.06,3.06,1393,0
INT,5,20210322,160500,3,3,3,3,120,0
INT,5,20210322,164500,3.08,3.08,3.08,3.08,60,0
INT,5,20210323,162500,3,3,3,3,800,0
INT,5,20210323,163000,3.06,3.06,3.06,3.06,2,0
INT,5,20210324,093500,3.04,3.06,3.04,3.06,1500,0
INT,5,20210324,094000,2.96,2.96,2.96,2.96,80,0
INT,5,20210324,100000,2.96,2.96,2.96,2.96,85,0
INT,5,20210324,110500,2.96,2.96,2.96,2.96,591,0
INT,5,20210324,111000,2.88,2.88,2.88,2.88,914,0
INT,5,20210324,111500,2.98,2.98,2.98,2.98,2,0
INT,5,20210324,143500,2.98,3.1,2.98,3.1,3000,0
INT,5,20210325,093500,2.96,2.96,2.96,2.96,450,0
INT,5,20210325,100000,2.9,2.9,2.9,2.9,2106,0
INT,5,20210325,101000,2.9,2.9,2.9,2.9,126,0
INT,5,20210325,101500,3,3,3,3,2,0
INT,5,20210325,134500,3,3,3,3,500,0
INT,5,20210325,141500,2.94,2.94,2.94,2.94,552,0
INT,5,20210326,093000,2.92,2.92,2.92,2.92,500,0
INT,5,20210326,132000,2.92,2.92,2.92,2.92,650,0
INT,5,20210326,161000,2.92,2.92,2.92,2.92,350,0
