<TICKER>,<PER>,<DATE>,<TIME>,<OPEN>,<HIGH>,<LOW>,<CLOSE>,<VOL>,<OPENINT>
INW,5,20210204,090000,0.49,0.49,0.49,0.49,1328,0
INW,5,20210204,090500,0.488,0.488,0.488,0.488,500,0
INW,5,20210204,091000,0.472,0.472,0.45,0.45,48870,0
INW,5,20210204,091500,0.45,0.47,0.4,0.44,166162,0
INW,5,20210204,092500,0.436,0.448,0.4,0.4,112917,0
INW,5,20210204,093000,0.4,0.42,0.4,0.42,105560,0
INW,5,20210204,094000,0.42,0.434,0.42,0.428,22106,0
INW,5,20210204,094500,0.432,0.44,0.426,0.426,26199,0
INW,5,20210204,095000,0.426,0.43,0.426,0.43,18702,0
INW,5,20210204,095500,0.426,0.428,0.4,0.416,112830,0
INW,5,20210204,100000,0.414,0.416,0.414,0.414,4368,0
INW,5,20210204,100500,0.41,0.41,0.41,0.41,750,0
INW,5,20210204,101000,0.41,0.418,0.41,0.418,11257,0
INW,5,20210204,101500,0.412,0.412,0.412,0.412,195,0
INW,5,20210204,102000,0.412,0.418,0.412,0.418,10000,0
INW,5,20210204,102500,0.412,0.416,0.412,0.416,8000,0
INW,5,20210204,103000,0.416,0.426,0.416,0.426,28000,0
INW,5,20210204,103500,0.428,0.43,0.428,0.43,45160,0
INW,5,20210204,104000,0.43,0.458,0.43,0.458,24565,0
INW,5,20210204,105000,0.454,0.454,0.454,0.454,2389,0
INW,5,20210204,111500,0.454,0.456,0.454,0.456,700,0
INW,5,20210204,125500,0.45,0.45,0.45,0.45,1000,0
INW,5,20210204,134000,0.45,0.45,0.45,0.45,10411,0
INW,5,20210204,140500,0.45,0.452,0.45,0.452,12711,0
INW,5,20210204,141000,0.454,0.46,0.454,0.46,19000,0
INW,5,20210204,141500,0.45,0.45,0.45,0.45,39419,0
INW,5,20210204,144000,0.45,0.45,0.45,0.45,1000,0
INW,5,20210204,151000,0.44,0.44,0.44,0.44,894,0
INW,5,20210204,151500,0.44,0.44,0.44,0.44,1606,0
INW,5,20210204,160000,0.432,0.432,0.43,0.43,3000,0
INW,5,20210204,160500,0.44,0.45,0.44,0.45,2975,0
INW,5,20210204,161500,0.45,0.45,0.45,0.45,1500,0
INW,5,20210204,162500,0.45,0.45,0.45,0.45,2000,0
INW,5,20210204,164500,0.444,0.444,0.444,0.444,3446,0
INW,5,20210205,090000,0.47,0.47,0.47,0.47,600,0
INW,5,20210205,090500,0.466,0.466,0.4,0.4,632000,0
INW,5,20210205,091000,0.424,0.432,0.42,0.43,35200,0
INW,5,20210205,091500,0.428,0.434,0.428,0.434,5250,0
INW,5,20210205,092000,0.434,0.434,0.434,0.434,2000,0
INW,5,20210205,102500,0.424,0.424,0.422,0.422,6510,0
INW,5,20210205,115500,0.422,0.422,0.42,0.42,650,0
INW,5,20210205,120500,0.42,0.42,0.42,0.42,25000,0
INW,5,20210205,121000,0.42,0.42,0.42,0.42,2064,0
INW,5,20210205,123000,0.41,0.41,0.41,0.41,2106,0
INW,5,20210205,124500,0.412,0.412,0.41,0.41,3877,0
INW,5,20210205,125000,0.41,0.41,0.41,0.41,5394,0
INW,5,20210205,132500,0.422,0.422,0.422,0.422,550,0
INW,5,20210205,135500,0.422,0.422,0.422,0.422,1000,0
INW,5,20210205,150000,0.422,0.422,0.422,0.422,1136,0
INW,5,20210205,150500,0.422,0.422,0.422,0.422,23,0
INW,5,20210205,154000,0.422,0.422,0.422,0.422,5000,0
INW,5,20210208,090000,0.422,0.422,0.422,0.422,3500,0
INW,5,20210208,094000,0.41,0.41,0.4,0.4,5325,0
INW,5,20210208,094500,0.39,0.4,0.39,0.4,40333,0
INW,5,20210208,095000,0.4,0.4,0.4,0.4,2000,0
INW,5,20210208,095500,0.39,0.39,0.39,0.39,9767,0
INW,5,20210208,100000,0.388,0.396,0.388,0.396,87290,0
INW,5,20210208,101000,0.396,0.398,0.396,0.398,12033,0
INW,5,20210208,101500,0.4,0.4,0.4,0.4,13455,0
INW,5,20210208,102000,0.4,0.4,0.4,0.4,34000,0
INW,5,20210208,102500,0.4,0.4,0.4,0.4,8056,0
INW,5,20210208,104000,0.39,0.39,0.39,0.39,44489,0
INW,5,20210208,104500,0.39,0.39,0.388,0.388,8890,0
INW,5,20210208,105000,0.398,0.398,0.398,0.398,3320,0
INW,5,20210208,105500,0.4,0.4,0.4,0.4,10000,0
INW,5,20210208,112500,0.39,0.39,0.372,0.38,202975,0
INW,5,20210208,121000,0.396,0.396,0.396,0.396,2400,0
INW,5,20210208,124500,0.396,0.4,0.396,0.4,3554,0
INW,5,20210208,125000,0.4,0.4,0.4,0.4,2500,0
INW,5,20210208,130000,0.4,0.4,0.4,0.4,3750,0
INW,5,20210208,133500,0.4,0.4,0.4,0.4,1900,0
INW,5,20210208,143500,0.408,0.408,0.4,0.4,2950,0
INW,5,20210208,144500,0.4,0.408,0.4,0.408,3750,0
INW,5,20210208,162500,0.408,0.408,0.408,0.408,2000,0
INW,5,20210208,163500,0.408,0.408,0.408,0.408,200,0
INW,5,20210209,100500,0.41,0.416,0.41,0.416,4000,0
INW,5,20210209,101500,0.416,0.416,0.416,0.416,742,0
INW,5,20210209,103000,0.41,0.414,0.41,0.414,11902,0
INW,5,20210209,103500,0.414,0.414,0.39,0.39,20500,0
INW,5,20210209,104000,0.392,0.392,0.38,0.382,410000,0
INW,5,20210209,104500,0.392,0.392,0.392,0.392,400,0
INW,5,20210209,105000,0.392,0.396,0.392,0.396,5235,0
INW,5,20210209,110000,0.384,0.384,0.384,0.384,1170,0
INW,5,20210209,111500,0.398,0.398,0.398,0.398,250,0
INW,5,20210209,113500,0.396,0.398,0.396,0.398,6115,0
INW,5,20210209,131000,0.388,0.388,0.388,0.388,265,0
INW,5,20210209,135000,0.398,0.398,0.398,0.398,700,0
INW,5,20210209,152500,0.392,0.392,0.392,0.392,1700,0
INW,5,20210209,153000,0.394,0.394,0.394,0.394,3300,0
INW,5,20210209,155500,0.394,0.394,0.394,0.394,3999,0
INW,5,20210209,162000,0.39,0.39,0.39,0.39,2000,0
INW,5,20210209,164500,0.386,0.386,0.38,0.38,113500,0
INW,5,20210210,090000,0.394,0.394,0.394,0.394,1,0
INW,5,20210210,095500,0.392,0.392,0.392,0.392,3333,0
INW,5,20210210,102000,0.398,0.416,0.398,0.416,8131,0
INW,5,20210210,102500,0.414,0.416,0.414,0.416,7951,0
INW,5,20210210,104000,0.408,0.408,0.408,0.408,1000,0
INW,5,20210210,114000,0.406,0.406,0.406,0.406,200,0
INW,5,20210210,115000,0.406,0.406,0.39,0.39,7051,0
INW,5,20210210,121000,0.39,0.39,0.39,0.39,4539,0
INW,5,20210210,132000,0.39,0.39,0.382,0.382,1045,0
INW,5,20210210,133000,0.382,0.382,0.382,0.382,1670,0
INW,5,20210210,151000,0.388,0.388,0.388,0.388,149,0
INW,5,20210210,151500,0.394,0.394,0.394,0.394,500,0
INW,5,20210211,093500,0.404,0.404,0.404,0.404,148,0
INW,5,20210211,115000,0.396,0.396,0.396,0.396,500,0
INW,5,20210211,115500,0.394,0.394,0.39,0.39,1521,0
INW,5,20210211,123500,0.38,0.38,0.38,0.38,1331,0
INW,5,20210211,141000,0.392,0.396,0.392,0.396,3500,0
INW,5,20210211,142500,0.398,0.398,0.398,0.398,5000,0
INW,5,20210211,153500,0.4,0.4,0.4,0.4,2500,0
INW,5,20210211,162500,0.386,0.386,0.386,0.386,100,0
INW,5,20210211,163000,0.386,0.386,0.386,0.386,4445,0
INW,5,20210211,164000,0.394,0.394,0.394,0.394,1000,0
INW,5,20210211,164500,0.394,0.394,0.394,0.394,9000,0
INW,5,20210212,090000,0.394,0.394,0.394,0.394,1000,0
INW,5,20210212,091000,0.394,0.398,0.394,0.398,4832,0
INW,5,20210212,093000,0.38,0.396,0.38,0.396,5655,0
INW,5,20210212,103000,0.386,0.386,0.38,0.38,10000,0
INW,5,20210212,105000,0.388,0.388,0.38,0.388,3769,0
INW,5,20210212,111000,0.386,0.386,0.386,0.386,900,0
INW,5,20210212,114000,0.386,0.386,0.38,0.38,19188,0
INW,5,20210212,114500,0.38,0.38,0.38,0.38,12,0
INW,5,20210212,115500,0.372,0.372,0.362,0.362,18000,0
INW,5,20210212,120000,0.386,0.388,0.386,0.388,1144,0
INW,5,20210212,124000,0.364,0.364,0.364,0.364,382,0
INW,5,20210212,145000,0.384,0.384,0.384,0.384,725,0
INW,5,20210212,151000,0.374,0.374,0.372,0.372,3855,0
INW,5,20210212,152500,0.382,0.382,0.382,0.382,523,0
INW,5,20210212,153000,0.382,0.382,0.382,0.382,1000,0
INW,5,20210212,155000,0.372,0.372,0.372,0.372,1810,0
INW,5,20210212,164500,0.382,0.382,0.38,0.38,4621,0
INW,5,20210215,090000,0.392,0.392,0.392,0.392,1000,0
INW,5,20210215,091500,0.392,0.392,0.392,0.392,1300,0
INW,5,20210215,094000,0.39,0.39,0.39,0.39,1480,0
INW,5,20210215,094500,0.39,0.39,0.39,0.39,2000,0
INW,5,20210215,110500,0.39,0.39,0.39,0.39,5100,0
INW,5,20210215,111000,0.39,0.39,0.39,0.39,4893,0
INW,5,20210215,112500,0.39,0.39,0.39,0.39,624,0
INW,5,20210215,120500,0.38,0.38,0.38,0.38,1,0
INW,5,20210215,121500,0.388,0.388,0.388,0.388,9284,0
INW,5,20210215,124500,0.388,0.388,0.388,0.388,2500,0
INW,5,20210215,131500,0.39,0.39,0.39,0.39,3200,0
INW,5,20210215,144500,0.39,0.39,0.39,0.39,5678,0
INW,5,20210215,155000,0.388,0.388,0.38,0.38,20384,0
INW,5,20210215,162500,0.392,0.392,0.392,0.392,600,0
INW,5,20210216,092000,0.386,0.386,0.386,0.386,194,0
INW,5,20210216,094500,0.396,0.396,0.396,0.396,400,0
INW,5,20210216,110500,0.402,0.402,0.402,0.402,3500,0
INW,5,20210216,111000,0.402,0.402,0.402,0.402,100,0
INW,5,20210216,113000,0.402,0.402,0.402,0.402,1400,0
INW,5,20210216,130500,0.39,0.39,0.386,0.386,1700,0
INW,5,20210216,155500,0.4,0.4,0.4,0.4,100,0
INW,5,20210217,090000,0.42,0.42,0.42,0.42,100,0
INW,5,20210217,091500,0.42,0.42,0.42,0.42,1000,0
INW,5,20210217,111500,0.416,0.416,0.416,0.416,100,0
INW,5,20210217,134000,0.39,0.39,0.39,0.39,1,0
INW,5,20210217,141000,0.39,0.39,0.384,0.384,3000,0
INW,5,20210217,150500,0.398,0.398,0.398,0.398,100,0
INW,5,20210217,153500,0.384,0.384,0.384,0.384,1297,0
INW,5,20210217,164500,0.398,0.398,0.398,0.398,90,0
INW,5,20210218,102000,0.384,0.384,0.34,0.36,100001,0
INW,5,20210218,105500,0.38,0.38,0.38,0.38,8300,0
INW,5,20210218,110000,0.382,0.382,0.382,0.382,525,0
INW,5,20210218,112500,0.382,0.382,0.382,0.382,3609,0
INW,5,20210218,114000,0.382,0.382,0.382,0.382,350,0
INW,5,20210218,115000,0.382,0.382,0.382,0.382,1000,0
INW,5,20210218,132000,0.386,0.386,0.386,0.386,2093,0
INW,5,20210218,161500,0.386,0.386,0.386,0.386,1000,0
INW,5,20210219,090000,0.386,0.398,0.386,0.398,15005,0
INW,5,20210219,090500,0.398,0.398,0.398,0.398,3100,0
INW,5,20210219,091500,0.4,0.4,0.4,0.4,5000,0
INW,5,20210219,092000,0.406,0.426,0.406,0.426,14910,0
INW,5,20210219,092500,0.426,0.426,0.426,0.426,2500,0
INW,5,20210219,094000,0.424,0.424,0.424,0.424,10,0
INW,5,20210219,095000,0.424,0.424,0.424,0.424,2990,0
INW,5,20210219,105500,0.42,0.42,0.42,0.42,11869,0
INW,5,20210219,110000,0.418,0.42,0.418,0.42,7040,0
INW,5,20210219,110500,0.42,0.42,0.42,0.42,55946,0
INW,5,20210219,115500,0.418,0.418,0.418,0.418,1189,0
INW,5,20210219,120500,0.418,0.418,0.418,0.418,250,0
INW,5,20210219,123000,0.418,0.42,0.418,0.42,11111,0
INW,5,20210219,134000,0.41,0.41,0.41,0.41,4000,0
INW,5,20210219,155000,0.418,0.418,0.418,0.418,318,0
INW,5,20210219,163500,0.398,0.398,0.398,0.398,8868,0
INW,5,20210219,164500,0.418,0.418,0.418,0.418,3068,0
INW,5,20210222,090000,0.418,0.418,0.418,0.418,718,0
INW,5,20210222,090500,0.418,0.43,0.418,0.43,972,0
INW,5,20210222,091000,0.434,0.434,0.434,0.434,1326,0
INW,5,20210222,091500,0.43,0.43,0.43,0.43,3128,0
INW,5,20210222,092500,0.42,0.42,0.42,0.42,2500,0
INW,5,20210222,101500,0.402,0.402,0.402,0.402,440,0
INW,5,20210222,114500,0.404,0.404,0.404,0.404,1000,0
INW,5,20210222,120500,0.402,0.402,0.402,0.402,1060,0
INW,5,20210222,123000,0.4,0.4,0.4,0.4,2514,0
INW,5,20210222,130000,0.402,0.402,0.402,0.402,1000,0
INW,5,20210222,132500,0.404,0.404,0.404,0.404,1000,0
INW,5,20210222,133500,0.4,0.4,0.4,0.4,206,0
INW,5,20210222,141500,0.392,0.392,0.39,0.39,1255,0
INW,5,20210222,145000,0.39,0.39,0.39,0.39,9869,0
INW,5,20210223,091000,0.4,0.434,0.4,0.434,5886,0
INW,5,20210223,104500,0.424,0.424,0.424,0.424,2300,0
INW,5,20210223,105000,0.424,0.424,0.424,0.424,2500,0
INW,5,20210223,122000,0.426,0.426,0.426,0.426,2500,0
INW,5,20210223,160000,0.4,0.4,0.4,0.4,4000,0
INW,5,20210224,095000,0.398,0.398,0.396,0.396,2000,0
INW,5,20210224,102500,0.41,0.41,0.41,0.41,1000,0
INW,5,20210224,103000,0.396,0.396,0.39,0.39,2376,0
INW,5,20210224,103500,0.382,0.382,0.382,0.382,4022,0
INW,5,20210224,130500,0.39,0.39,0.39,0.39,1500,0
INW,5,20210224,162000,0.39,0.39,0.39,0.39,2522,0
INW,5,20210224,165500,0.416,0.416,0.416,0.416,3000,0
INW,5,20210225,094000,0.418,0.418,0.418,0.418,100,0
INW,5,20210225,095500,0.418,0.418,0.418,0.418,1200,0
INW,5,20210225,122500,0.392,0.392,0.392,0.392,100,0
INW,5,20210225,164500,0.416,0.416,0.416,0.416,100,0
INW,5,20210226,090000,0.4,0.4,0.4,0.4,3001,0
INW,5,20210226,090500,0.4,0.4,0.4,0.4,2500,0
INW,5,20210226,094000,0.4,0.4,0.4,0.4,1500,0
INW,5,20210226,100500,0.4,0.4,0.4,0.4,250,0
INW,5,20210226,103500,0.4,0.4,0.4,0.4,749,0
INW,5,20210226,112000,0.4,0.4,0.4,0.4,1000,0
INW,5,20210226,122000,0.394,0.394,0.39,0.39,3000,0
INW,5,20210226,124000,0.392,0.392,0.39,0.39,191000,0
INW,5,20210226,124500,0.392,0.392,0.392,0.392,94788,0
INW,5,20210226,132000,0.4,0.42,0.4,0.42,8851,0
INW,5,20210226,132500,0.42,0.42,0.42,0.42,139,0
INW,5,20210226,140000,0.42,0.42,0.42,0.42,2461,0
INW,5,20210226,140500,0.42,0.42,0.42,0.42,2539,0
INW,5,20210226,141500,0.432,0.432,0.432,0.432,2761,0
INW,5,20210226,151500,0.392,0.392,0.392,0.392,2265,0
INW,5,20210226,164000,0.42,0.42,0.42,0.42,4000,0
INW,5,20210301,090000,0.424,0.424,0.424,0.424,30,0
INW,5,20210301,104500,0.422,0.424,0.422,0.424,2350,0
INW,5,20210301,111000,0.424,0.426,0.424,0.426,5880,0
INW,5,20210301,111500,0.426,0.428,0.426,0.428,17000,0
INW,5,20210301,112000,0.42,0.42,0.42,0.42,4403,0
INW,5,20210301,114500,0.4,0.4,0.4,0.4,2021,0
INW,5,20210301,133000,0.42,0.42,0.42,0.42,1000,0
INW,5,20210301,161500,0.42,0.426,0.42,0.426,19096,0
INW,5,20210301,162000,0.428,0.43,0.428,0.43,4000,0
INW,5,20210301,162500,0.43,0.43,0.43,0.43,20000,0
INW,5,20210301,163000,0.426,0.426,0.426,0.426,404,0
INW,5,20210301,164500,0.418,0.418,0.418,0.418,20000,0
INW,5,20210302,090000,0.44,0.44,0.44,0.44,112,0
INW,5,20210302,113000,0.41,0.41,0.4,0.4,28169,0
INW,5,20210302,155000,0.394,0.394,0.394,0.394,8900,0
INW,5,20210302,161500,0.402,0.402,0.402,0.402,3169,0
INW,5,20210302,163500,0.4,0.4,0.4,0.4,7521,0
INW,5,20210302,164500,0.426,0.426,0.426,0.426,300,0
INW,5,20210303,090500,0.394,0.394,0.394,0.394,1000,0
INW,5,20210303,091000,0.392,0.392,0.392,0.392,800,0
INW,5,20210303,091500,0.42,0.42,0.42,0.42,1000,0
INW,5,20210303,092500,0.42,0.42,0.42,0.42,11000,0
INW,5,20210303,093500,0.42,0.42,0.42,0.42,134,0
INW,5,20210303,115000,0.4,0.4,0.4,0.4,1000,0
INW,5,20210303,122000,0.4,0.4,0.4,0.4,2000,0
INW,5,20210303,141000,0.396,0.396,0.394,0.394,2335,0
INW,5,20210303,164500,0.41,0.41,0.41,0.41,500,0
INW,5,20210304,094000,0.408,0.408,0.408,0.408,30,0
INW,5,20210304,100500,0.394,0.394,0.392,0.392,2299,0
INW,5,20210304,103000,0.384,0.384,0.384,0.384,10200,0
INW,5,20210304,110000,0.386,0.386,0.386,0.386,1938,0
INW,5,20210304,120500,0.404,0.404,0.404,0.404,50,0
INW,5,20210304,134500,0.404,0.404,0.404,0.404,4000,0
INW,5,20210304,150500,0.404,0.406,0.404,0.406,1000,0
INW,5,20210304,152000,0.406,0.406,0.406,0.406,800,0
INW,5,20210305,090000,0.386,0.386,0.37,0.37,40002,0
INW,5,20210305,091500,0.376,0.376,0.374,0.374,6769,0
INW,5,20210305,093000,0.39,0.39,0.39,0.39,269,0
INW,5,20210305,100500,0.39,0.39,0.39,0.39,1000,0
INW,5,20210305,110000,0.376,0.376,0.374,0.374,1934,0
INW,5,20210305,112000,0.376,0.376,0.376,0.376,1000,0
INW,5,20210305,112500,0.388,0.388,0.388,0.388,1000,0
INW,5,20210305,134000,0.386,0.388,0.386,0.388,2577,0
INW,5,20210305,145000,0.38,0.38,0.38,0.38,999,0
INW,5,20210305,150500,0.39,0.39,0.39,0.39,5,0
INW,5,20210305,163000,0.39,0.39,0.39,0.39,1106,0
INW,5,20210305,164500,0.4,0.4,0.4,0.4,16100,0
INW,5,20210308,090000,0.4,0.4,0.4,0.4,100,0
INW,5,20210308,110000,0.378,0.378,0.378,0.378,1000,0
INW,5,20210308,110500,0.374,0.374,0.374,0.374,4298,0
INW,5,20210308,130500,0.396,0.396,0.396,0.396,429,0
INW,5,20210308,144000,0.396,0.396,0.396,0.396,1200,0
INW,5,20210309,094000,0.396,0.396,0.396,0.396,30,0
INW,5,20210309,121500,0.394,0.396,0.394,0.396,2500,0
INW,5,20210309,124000,0.396,0.396,0.396,0.396,1139,0
INW,5,20210309,131000,0.396,0.396,0.396,0.396,1861,0
INW,5,20210309,164500,0.386,0.386,0.386,0.386,1000,0
INW,5,20210310,090500,0.398,0.398,0.398,0.398,5025,0
INW,5,20210310,095000,0.398,0.398,0.398,0.398,25,0
INW,5,20210310,095500,0.398,0.398,0.398,0.398,6500,0
INW,5,20210310,151000,0.398,0.398,0.398,0.398,22954,0
INW,5,20210310,151500,0.398,0.398,0.398,0.398,7046,0
INW,5,20210310,152000,0.386,0.386,0.382,0.382,8800,0
INW,5,20210310,164000,0.398,0.398,0.398,0.398,1000,0
INW,5,20210310,164500,0.382,0.382,0.382,0.382,86,0
INW,5,20210311,090000,0.4,0.4,0.4,0.4,33,0
INW,5,20210311,110000,0.398,0.402,0.398,0.402,13000,0
INW,5,20210311,110500,0.402,0.406,0.402,0.406,9767,0
INW,5,20210311,113000,0.408,0.41,0.408,0.41,22500,0
INW,5,20210311,113500,0.41,0.416,0.41,0.416,17500,0
INW,5,20210311,114500,0.416,0.416,0.416,0.416,119,0
INW,5,20210311,115000,0.42,0.42,0.42,0.42,1000,0
INW,5,20210311,115500,0.418,0.418,0.418,0.418,2000,0
INW,5,20210311,120000,0.412,0.42,0.412,0.42,8100,0
INW,5,20210311,120500,0.42,0.426,0.42,0.426,3000,0
INW,5,20210311,123500,0.42,0.422,0.42,0.422,5290,0
INW,5,20210311,124500,0.412,0.412,0.41,0.41,2600,0
INW,5,20210311,125000,0.412,0.412,0.412,0.412,2500,0
INW,5,20210311,130500,0.41,0.41,0.41,0.41,1,0
INW,5,20210311,131500,0.406,0.406,0.406,0.406,290,0
INW,5,20210311,142000,0.406,0.406,0.4,0.4,7201,0
INW,5,20210311,145500,0.414,0.414,0.4,0.4,17489,0
INW,5,20210311,151000,0.4,0.4,0.4,0.4,500,0
INW,5,20210311,151500,0.4,0.4,0.4,0.4,2201,0
INW,5,20210311,160000,0.414,0.414,0.414,0.414,357,0
INW,5,20210312,090000,0.416,0.416,0.416,0.416,453,0
INW,5,20210312,090500,0.42,0.42,0.42,0.42,64,0
INW,5,20210312,095500,0.416,0.416,0.416,0.416,63,0
INW,5,20210312,110500,0.402,0.402,0.4,0.4,5000,0
INW,5,20210312,111000,0.418,0.418,0.418,0.418,15,0
INW,5,20210312,112500,0.418,0.418,0.418,0.418,900,0
INW,5,20210312,130000,0.418,0.418,0.418,0.418,6,0
INW,5,20210312,143500,0.392,0.392,0.392,0.392,100,0
INW,5,20210312,152500,0.418,0.418,0.418,0.418,1,0
INW,5,20210312,155000,0.4,0.4,0.4,0.4,1177,0
INW,5,20210312,155500,0.4,0.4,0.4,0.4,5823,0
INW,5,20210312,161000,0.418,0.42,0.418,0.42,616,0
INW,5,20210312,162000,0.4,0.4,0.4,0.4,24900,0
INW,5,20210312,163000,0.42,0.42,0.42,0.42,17,0
INW,5,20210312,164000,0.4,0.4,0.4,0.4,4211,0
INW,5,20210312,164500,0.4,0.4,0.4,0.4,1000,0
INW,5,20210315,090000,0.42,0.42,0.4,0.4,6530,0
INW,5,20210315,130500,0.398,0.398,0.398,0.398,1000,0
INW,5,20210315,140500,0.398,0.398,0.398,0.398,1500,0
INW,5,20210315,152000,0.398,0.398,0.398,0.398,100,0
INW,5,20210315,152500,0.398,0.398,0.398,0.398,2500,0
INW,5,20210315,153500,0.398,0.398,0.398,0.398,6150,0
INW,5,20210315,154000,0.398,0.398,0.398,0.398,100,0
INW,5,20210315,163000,0.398,0.398,0.398,0.398,2477,0
INW,5,20210315,163500,0.396,0.396,0.396,0.396,1000,0
INW,5,20210316,090000,0.39,0.39,0.39,0.39,5000,0
INW,5,20210316,091500,0.396,0.396,0.396,0.396,10000,0
INW,5,20210316,121000,0.41,0.41,0.41,0.41,1000,0
INW,5,20210316,130500,0.41,0.41,0.41,0.41,9000,0
INW,5,20210316,131500,0.41,0.41,0.41,0.41,4770,0
INW,5,20210317,091500,0.4,0.4,0.4,0.4,1000,0
INW,5,20210317,114000,0.4,0.4,0.4,0.4,3400,0
INW,5,20210317,141000,0.388,0.388,0.388,0.388,450,0
INW,5,20210317,142000,0.388,0.388,0.388,0.388,550,0
INW,5,20210317,143000,0.388,0.388,0.388,0.388,3106,0
INW,5,20210317,164000,0.408,0.408,0.408,0.408,1000,0
INW,5,20210318,094500,0.4,0.4,0.4,0.4,3300,0
INW,5,20210318,095000,0.4,0.4,0.4,0.4,1000,0
INW,5,20210318,123500,0.39,0.39,0.386,0.386,1666,0
INW,5,20210318,155500,0.4,0.4,0.4,0.4,800,0
INW,5,20210318,164500,0.39,0.39,0.39,0.39,12001,0
INW,5,20210319,092000,0.406,0.406,0.406,0.406,23,0
INW,5,20210319,141500,0.39,0.39,0.39,0.39,1800,0
INW,5,20210319,150000,0.402,0.402,0.402,0.402,25,0
INW,5,20210322,090000,0.402,0.402,0.402,0.402,500,0
INW,5,20210322,093500,0.396,0.396,0.396,0.396,6000,0
INW,5,20210322,095000,0.392,0.392,0.392,0.392,2990,0
INW,5,20210322,104000,0.4,0.402,0.4,0.402,4995,0
INW,5,20210322,104500,0.406,0.406,0.406,0.406,1204,0
INW,5,20210322,110000,0.406,0.406,0.406,0.406,900,0
INW,5,20210322,113500,0.4,0.4,0.4,0.4,2000,0
INW,5,20210322,131500,0.394,0.394,0.394,0.394,1000,0
INW,5,20210322,164000,0.398,0.398,0.398,0.398,1000,0
INW,5,20210323,092000,0.398,0.398,0.398,0.398,79845,0
INW,5,20210323,093000,0.398,0.398,0.392,0.392,11106,0
INW,5,20210323,094500,0.4,0.4,0.392,0.392,3559,0
INW,5,20210323,095500,0.392,0.392,0.392,0.392,4592,0
INW,5,20210323,104000,0.39,0.39,0.388,0.388,4500,0
INW,5,20210323,111000,0.402,0.402,0.402,0.402,756,0
INW,5,20210323,111500,0.404,0.404,0.404,0.404,1000,0
INW,5,20210323,112000,0.4,0.4,0.4,0.4,4970,0
INW,5,20210324,090000,0.41,0.41,0.41,0.41,425,0
INW,5,20210324,100000,0.404,0.404,0.404,0.404,1000,0
INW,5,20210324,104500,0.386,0.386,0.386,0.386,1000,0
INW,5,20210324,105000,0.384,0.384,0.384,0.384,4202,0
INW,5,20210324,111000,0.398,0.398,0.398,0.398,200,0
INW,5,20210324,125000,0.386,0.386,0.386,0.386,2000,0
INW,5,20210324,125500,0.386,0.386,0.386,0.386,2750,0
INW,5,20210324,135000,0.386,0.386,0.38,0.38,9461,0
INW,5,20210325,093000,0.382,0.382,0.382,0.382,100,0
INW,5,20210325,110500,0.382,0.382,0.38,0.38,26450,0
INW,5,20210325,112500,0.388,0.388,0.388,0.388,1000,0
INW,5,20210325,145500,0.376,0.376,0.376,0.376,2562,0
INW,5,20210325,162000,0.378,0.378,0.376,0.376,9000,0
INW,5,20210325,164000,0.376,0.376,0.376,0.376,641,0
INW,5,20210326,090000,0.388,0.388,0.388,0.388,17,0
INW,5,20210326,094500,0.376,0.376,0.376,0.376,2000,0
INW,5,20210326,103000,0.378,0.384,0.376,0.384,3091,0
