<TICKER>,<PER>,<DATE>,<TIME>,<OPEN>,<HIGH>,<LOW>,<CLOSE>,<VOL>,<OPENINT>
IOD,5,20210204,141500,1.55,1.55,1.49,1.49,200,0
IOD,5,20210204,143000,1.57,1.57,1.57,1.57,20,0
IOD,5,20210205,122500,1.57,1.57,1.57,1.57,445,0
IOD,5,20210208,090000,1.58,1.58,1.58,1.58,12,0
IOD,5,20210208,090500,1.48,1.48,1.48,1.48,1000,0
IOD,5,20210208,100500,1.48,1.48,1.48,1.48,65,0
IOD,5,20210208,125000,1.4,1.48,1.4,1.48,1012,0
IOD,5,20210208,164500,1.4,1.4,1.4,1.4,1,0
IOD,5,20210209,090000,1.32,1.35,1.29,1.35,4000,0
IOD,5,20210209,090500,1.57,1.57,1.57,1.57,20,0
IOD,5,20210209,093000,1.4,1.4,1.4,1.4,250,0
IOD,5,20210209,123500,1.38,1.38,1.38,1.38,800,0
IOD,5,20210209,124500,1.33,1.33,1.33,1.33,600,0
IOD,5,20210209,125000,1.4,1.4,1.4,1.4,15,0
IOD,5,20210209,134000,1.34,1.34,1.34,1.34,600,0
IOD,5,20210209,140500,1.39,1.39,1.39,1.39,2,0
IOD,5,20210209,162500,1.4,1.4,1.4,1.4,3,0
IOD,5,20210210,113000,1.38,1.38,1.38,1.38,600,0
IOD,5,20210210,113500,1.34,1.34,1.34,1.34,800,0
IOD,5,20210210,115500,1.3,1.3,1.29,1.29,2000,0
IOD,5,20210210,120500,1.4,1.4,1.4,1.4,15,0
IOD,5,20210210,123500,1.29,1.29,1.29,1.29,2000,0
IOD,5,20210210,130000,1.4,1.4,1.3,1.3,1011,0
IOD,5,20210210,130500,1.4,1.4,1.4,1.4,12,0
IOD,5,20210210,141000,1.3,1.3,1.3,1.3,1000,0
IOD,5,20210210,142000,1.4,1.4,1.4,1.4,12,0
IOD,5,20210210,143500,1.26,1.4,1.26,1.4,2844,0
IOD,5,20210210,150000,1.3,1.3,1.3,1.3,1000,0
IOD,5,20210210,150500,1.4,1.4,1.4,1.4,22,0
IOD,5,20210210,151000,1.29,1.29,1.29,1.29,1200,0
IOD,5,20210210,152500,1.33,1.33,1.33,1.33,22,0
IOD,5,20210211,102500,1.33,1.33,1.33,1.33,17,0
IOD,5,20210211,105000,1.3,1.33,1.3,1.33,815,0
IOD,5,20210211,120000,1.29,1.29,1.29,1.29,900,0
IOD,5,20210211,120500,1.28,1.28,1.28,1.28,600,0
IOD,5,20210211,131000,1.27,1.27,1.26,1.26,1600,0
IOD,5,20210211,132000,1.33,1.33,1.33,1.33,12,0
IOD,5,20210211,133000,1.33,1.33,1.33,1.33,444,0
IOD,5,20210211,133500,1.33,1.33,1.33,1.33,2998,0
IOD,5,20210211,134000,1.33,1.4,1.33,1.4,666,0
IOD,5,20210211,134500,1.39,1.4,1.3,1.4,3775,0
IOD,5,20210211,135000,1.4,1.55,1.4,1.55,144,0
IOD,5,20210211,135500,1.21,1.21,1.21,1.21,1,0
IOD,5,20210211,141500,1.4,1.4,1.4,1.4,1,0
IOD,5,20210211,150500,1.3,1.3,1.3,1.3,1000,0
IOD,5,20210211,153000,1.4,1.4,1.4,1.4,22,0
IOD,5,20210211,154500,1.3,1.3,1.3,1.3,11,0
IOD,5,20210211,160500,1.4,1.4,1.4,1.4,333,0
IOD,5,20210211,161500,1.4,1.54,1.4,1.54,1221,0
IOD,5,20210212,142000,1.45,1.45,1.45,1.45,200,0
IOD,5,20210215,090000,1.45,1.45,1.45,1.45,300,0
IOD,5,20210215,104000,1.45,1.45,1.45,1.45,300,0
IOD,5,20210215,123000,1.4,1.4,1.4,1.4,1000,0
IOD,5,20210215,124000,1.45,1.45,1.45,1.45,10,0
IOD,5,20210215,144000,1.42,1.42,1.42,1.42,1200,0
IOD,5,20210215,144500,1.45,1.45,1.45,1.45,12,0
IOD,5,20210216,091000,1.45,1.6,1.45,1.6,1111,0
IOD,5,20210216,092500,1.5,1.5,1.5,1.5,200,0
IOD,5,20210216,104000,1.44,1.44,1.4,1.4,1389,0
IOD,5,20210216,110000,1.5,1.5,1.5,1.5,11,0
IOD,5,20210216,125000,1.4,1.5,1.39,1.5,2019,0
IOD,5,20210216,130000,1.4,1.4,1.4,1.4,1000,0
IOD,5,20210216,130500,1.5,1.5,1.48,1.48,1011,0
IOD,5,20210216,133000,1.34,1.42,1.34,1.42,4044,0
IOD,5,20210216,135000,1.39,1.39,1.39,1.39,200,0
IOD,5,20210216,135500,1.39,1.39,1.39,1.39,54,0
IOD,5,20210216,152500,1.39,1.39,1.39,1.39,150,0
IOD,5,20210217,090000,1.42,1.42,1.42,1.42,12,0
IOD,5,20210217,112000,1.42,1.42,1.42,1.42,45,0
IOD,5,20210217,144000,1.42,1.42,1.41,1.42,2419,0
IOD,5,20210217,144500,1.42,1.5,1.42,1.5,421,0
IOD,5,20210217,154500,1.46,1.46,1.46,1.46,600,0
IOD,5,20210217,161500,1.49,1.49,1.49,1.49,1779,0
IOD,5,20210217,164500,1.5,1.5,1.5,1.5,9,0
IOD,5,20210218,092000,1.5,1.55,1.5,1.55,5640,0
IOD,5,20210218,093500,1.5,1.5,1.5,1.5,1000,0
IOD,5,20210218,094000,1.5,1.51,1.5,1.51,900,0
IOD,5,20210218,101500,1.49,1.49,1.49,1.49,43,0
IOD,5,20210218,102500,1.51,1.51,1.51,1.51,12,0
IOD,5,20210218,145500,1.51,1.51,1.51,1.51,89,0
IOD,5,20210218,154000,1.49,1.49,1.49,1.49,157,0
IOD,5,20210218,164500,1.58,1.58,1.58,1.58,50000,0
IOD,5,20210219,090000,1.58,1.75,1.58,1.75,11153,0
IOD,5,20210219,090500,1.75,1.85,1.75,1.85,36385,0
IOD,5,20210219,091000,1.65,1.84,1.65,1.75,3150,0
IOD,5,20210219,091500,1.84,1.84,1.84,1.84,4850,0
IOD,5,20210219,092000,1.85,1.89,1.85,1.89,20418,0
IOD,5,20210219,093000,1.89,1.89,1.89,1.89,500,0
IOD,5,20210219,094000,1.86,1.86,1.86,1.86,1400,0
IOD,5,20210219,095000,1.9,1.9,1.9,1.9,1990,0
IOD,5,20210219,095500,1.9,1.9,1.8,1.86,15099,0
IOD,5,20210219,103500,1.81,1.81,1.81,1.81,83,0
IOD,5,20210219,104000,1.81,1.81,1.81,1.81,500,0
IOD,5,20210219,105000,1.76,1.76,1.76,1.76,3000,0
IOD,5,20210219,110500,1.76,1.76,1.76,1.76,1000,0
IOD,5,20210219,111000,1.78,1.78,1.78,1.78,69,0
IOD,5,20210219,112500,1.78,1.78,1.78,1.78,850,0
IOD,5,20210219,113000,1.78,1.78,1.78,1.78,1000,0
IOD,5,20210219,114500,1.78,1.81,1.78,1.81,2143,0
IOD,5,20210219,115000,1.89,1.89,1.89,1.89,111,0
IOD,5,20210219,120000,1.89,1.89,1.89,1.89,510,0
IOD,5,20210219,122000,1.85,1.86,1.85,1.86,850,0
IOD,5,20210219,123500,1.81,1.81,1.8,1.8,967,0
IOD,5,20210219,133000,1.86,1.86,1.86,1.86,1220,0
IOD,5,20210219,134000,1.88,1.94,1.86,1.94,7358,0
IOD,5,20210219,134500,1.98,2,1.98,2,6712,0
IOD,5,20210219,135000,2,2,2,2,100,0
IOD,5,20210219,140000,2,2,2,2,5,0
IOD,5,20210219,140500,2,2,2,2,100,0
IOD,5,20210219,141500,2,2.16,2,2.16,4090,0
IOD,5,20210219,142500,2.1,2.2,2.1,2.2,6500,0
IOD,5,20210219,143500,2.2,2.2,2.2,2.2,930,0
IOD,5,20210219,144000,2.2,2.22,2.2,2.22,3883,0
IOD,5,20210219,150000,2.26,2.26,2.22,2.22,2517,0
IOD,5,20210219,150500,2.2,2.2,2.02,2.02,2701,0
IOD,5,20210219,152000,2.12,2.12,2.12,2.12,1000,0
IOD,5,20210219,153000,2.04,2.04,2.04,2.04,111,0
IOD,5,20210219,153500,2.04,2.04,2,2,3974,0
IOD,5,20210219,154500,2.12,2.12,2.12,2.12,500,0
IOD,5,20210219,160500,2.12,2.12,2.12,2.12,140,0
IOD,5,20210219,164000,2.12,2.12,2.12,2.12,800,0
IOD,5,20210219,164500,2.12,2.12,2.1,2.12,3800,0
IOD,5,20210222,090000,2.4,2.6,2.32,2.4,20018,0
IOD,5,20210222,090500,2.4,2.5,2.4,2.48,15338,0
IOD,5,20210222,091000,2.48,2.88,2.38,2.88,10470,0
IOD,5,20210222,092500,2.68,2.84,2.48,2.84,12888,0
IOD,5,20210222,093000,2.46,2.48,2.38,2.38,8450,0
IOD,5,20210222,093500,2.44,2.44,2.34,2.36,16014,0
IOD,5,20210222,094000,2.4,2.4,2.4,2.4,200,0
IOD,5,20210222,094500,2.4,2.4,2.4,2.4,1790,0
IOD,5,20210222,095500,2.46,2.48,2.46,2.48,500,0
IOD,5,20210222,100000,2.48,2.5,2.42,2.42,1860,0
IOD,5,20210222,100500,2.5,2.5,2.5,2.5,500,0
IOD,5,20210222,101000,2.5,2.5,2.5,2.5,9050,0
IOD,5,20210222,101500,2.48,2.5,2.48,2.48,7363,0
IOD,5,20210222,102500,2.48,2.48,2.48,2.48,200,0
IOD,5,20210222,103000,2.48,2.5,2.48,2.5,1327,0
IOD,5,20210222,103500,2.5,2.5,2.48,2.48,5619,0
IOD,5,20210222,104000,2.48,2.5,2.48,2.5,4581,0
IOD,5,20210222,104500,2.5,2.52,2.44,2.5,5828,0
IOD,5,20210222,105000,2.44,2.5,2.42,2.5,11250,0
IOD,5,20210222,110000,2.42,2.5,2.42,2.5,107,0
IOD,5,20210222,111000,2.48,2.5,2.48,2.5,4939,0
IOD,5,20210222,112000,2.5,2.5,2.5,2.5,1050,0
IOD,5,20210222,112500,2.5,2.5,2.38,2.42,15645,0
IOD,5,20210222,113500,2.42,2.42,2.38,2.38,1400,0
IOD,5,20210222,114000,2.48,2.48,2.48,2.48,300,0
IOD,5,20210222,114500,2.38,2.38,2.32,2.32,10560,0
IOD,5,20210222,115500,2.4,2.4,2.4,2.4,6000,0
IOD,5,20210222,120500,2.4,2.5,2.4,2.48,8100,0
IOD,5,20210222,124000,2.38,2.38,2.38,2.38,4000,0
IOD,5,20210222,124500,2.38,2.38,2.38,2.38,50,0
IOD,5,20210222,125000,2.36,2.36,2.34,2.34,1100,0
IOD,5,20210222,130000,2.34,2.34,2.34,2.34,331,0
IOD,5,20210222,130500,2.42,2.42,2.42,2.42,1500,0
IOD,5,20210222,131000,2.4,2.4,2.4,2.4,400,0
IOD,5,20210222,131500,2.34,2.34,2.3,2.3,4253,0
IOD,5,20210222,133000,2.32,2.32,2.22,2.22,12576,0
IOD,5,20210222,133500,2.22,2.22,2.1,2.2,14446,0
IOD,5,20210222,134000,2.18,2.2,2.1,2.2,4228,0
IOD,5,20210222,142000,2.2,2.3,2.2,2.3,392,0
IOD,5,20210222,143500,2.3,2.3,2.3,2.3,899,0
IOD,5,20210222,144000,2.32,2.32,2.32,2.32,535,0
IOD,5,20210222,144500,2.32,2.32,2.32,2.32,500,0
IOD,5,20210222,145000,2.32,2.32,2.32,2.32,22,0
IOD,5,20210222,151000,2.32,2.32,2.32,2.32,1000,0
IOD,5,20210222,151500,2.32,2.32,2.32,2.32,500,0
IOD,5,20210222,152500,2.24,2.24,2.2,2.2,3400,0
IOD,5,20210222,154000,2.22,2.22,2.22,2.22,1000,0
IOD,5,20210222,161500,2.24,2.24,2.2,2.2,4314,0
IOD,5,20210222,162500,2.32,2.32,2.32,2.32,12,0
IOD,5,20210222,164500,2.2,2.2,2.2,2.2,1920,0
IOD,5,20210223,090000,2.2,2.32,2.2,2.32,1225,0
IOD,5,20210223,090500,2.14,2.14,2.1,2.1,4522,0
IOD,5,20210223,091000,2.1,2.1,2.1,2.1,250,0
IOD,5,20210223,091500,2.1,2.1,2.1,2.1,500,0
IOD,5,20210223,092000,2.1,2.1,2.1,2.1,1187,0
IOD,5,20210223,093000,2.08,2.08,2.08,2.08,1000,0
IOD,5,20210223,094500,2.08,2.14,2.08,2.14,596,0
IOD,5,20210223,095000,2.02,2.02,2.02,2.02,1000,0
IOD,5,20210223,095500,2.02,2.02,2,2,2733,0
IOD,5,20210223,100500,2.1,2.1,2.1,2.1,1948,0
IOD,5,20210223,102500,2.2,2.2,2.2,2.2,12,0
IOD,5,20210223,104000,2.2,2.2,2,2,5638,0
IOD,5,20210223,104500,2,2,1.92,1.92,4350,0
IOD,5,20210223,105000,2,2,2,2,500,0
IOD,5,20210223,105500,2.1,2.44,2.02,2.42,6162,0
IOD,5,20210223,110000,2.4,2.4,2.02,2.02,3893,0
IOD,5,20210223,113000,2.18,2.18,2.18,2.18,500,0
IOD,5,20210223,113500,2.2,2.2,2.2,2.2,101,0
IOD,5,20210223,120500,2.16,2.2,2.16,2.2,2200,0
IOD,5,20210223,121000,2.2,2.2,2.2,2.2,212,0
IOD,5,20210223,121500,2.2,2.2,2.2,2.2,10,0
IOD,5,20210223,123500,2.18,2.2,2.18,2.2,2077,0
IOD,5,20210223,124000,2.2,2.2,2.2,2.2,253,0
IOD,5,20210223,130000,2.2,2.2,2.2,2.2,555,0
IOD,5,20210223,131500,2.2,2.2,2.2,2.2,445,0
IOD,5,20210223,133000,2.26,2.26,2.26,2.26,225,0
IOD,5,20210223,133500,2.16,2.16,2.16,2.16,169,0
IOD,5,20210223,135500,2.26,2.26,2.26,2.26,176,0
IOD,5,20210223,140500,2.16,2.24,2.02,2.24,10011,0
IOD,5,20210223,152000,2.2,2.22,2.2,2.22,1211,0
IOD,5,20210223,152500,2.22,2.22,2.2,2.2,1301,0
IOD,5,20210223,153500,2.2,2.22,2.2,2.22,75,0
IOD,5,20210223,162500,2.1,2.22,2.1,2.22,193,0
IOD,5,20210223,163000,2.1,2.1,2.08,2.08,1111,0
IOD,5,20210223,164000,2.22,2.22,2.12,2.12,113,0
IOD,5,20210223,164500,2.22,2.22,2.12,2.12,1800,0
IOD,5,20210224,090000,2.1,2.1,2.1,2.1,972,0
IOD,5,20210224,090500,2.18,2.22,2.18,2.22,584,0
IOD,5,20210224,091500,2.08,2.18,2.02,2.18,2071,0
IOD,5,20210224,092500,2.1,2.1,2.1,2.1,1000,0
IOD,5,20210224,093000,2.16,2.18,2.16,2.18,724,0
IOD,5,20210224,113000,2.12,2.12,2.12,2.12,957,0
IOD,5,20210224,114500,2.1,2.1,2.1,2.1,15,0
IOD,5,20210224,120000,2.1,2.1,2.1,2.1,1085,0
IOD,5,20210224,120500,2.08,2.08,2.08,2.08,800,0
IOD,5,20210224,122000,2.1,2.12,2.1,2.12,190,0
IOD,5,20210224,123000,2.08,2.08,2.08,2.08,190,0
IOD,5,20210224,130000,2.12,2.12,2.12,2.12,50,0
IOD,5,20210224,133000,2.12,2.12,2.12,2.12,50,0
IOD,5,20210224,141000,2.12,2.12,2.12,2.12,550,0
IOD,5,20210224,141500,2.12,2.16,2.12,2.16,1824,0
IOD,5,20210224,142000,2.18,2.18,2.18,2.18,500,0
IOD,5,20210224,144000,2.08,2.08,1.96,1.96,16700,0
IOD,5,20210224,144500,2.16,2.16,2.16,2.16,24,0
IOD,5,20210224,145000,2.16,2.16,2.16,2.16,30,0
IOD,5,20210224,145500,2,2.14,2,2.14,1001,0
IOD,5,20210224,150500,1.98,1.98,1.98,1.98,922,0
IOD,5,20210224,151000,2.06,2.06,2.06,2.06,33,0
IOD,5,20210224,165500,2.16,2.16,2.16,2.16,1124,0
IOD,5,20210225,090000,2.12,2.16,2.04,2.12,1172,0
IOD,5,20210225,091000,2.04,2.04,2.04,2.04,50,0
IOD,5,20210225,092500,2.04,2.04,2.04,2.04,555,0
IOD,5,20210225,093000,2.04,2.04,2,2,855,0
IOD,5,20210225,094000,2,2.1,2,2.1,1001,0
IOD,5,20210225,095000,2.1,2.1,2.1,2.1,2,0
IOD,5,20210225,115000,2,2,1.88,1.88,2200,0
IOD,5,20210225,120000,2,2,2,2,500,0
IOD,5,20210225,125000,2,2,2,2,1000,0
IOD,5,20210225,130000,2,2,2,2,1775,0
IOD,5,20210225,133000,2.04,2.04,2.04,2.04,11,0
IOD,5,20210225,134000,2,2,2,2,2027,0
IOD,5,20210225,154500,2.02,2.02,2.02,2.02,11,0
IOD,5,20210225,160500,1.98,1.98,1.98,1.98,510,0
IOD,5,20210225,163000,2,2,2,2,22,0
IOD,5,20210225,164500,2,2,2,2,79,0
IOD,5,20210226,090000,2,2.02,2,2.02,40,0
IOD,5,20210226,091500,2,2,2,2,110,0
IOD,5,20210226,092000,2,2.02,2,2.02,500,0
IOD,5,20210226,093000,2.02,2.02,2.02,2.02,327,0
IOD,5,20210226,095500,2.02,2.02,2.02,2.02,138,0
IOD,5,20210226,101500,2,2.02,1.96,2.02,501,0
IOD,5,20210226,105000,2.02,2.02,2.02,2.02,69,0
IOD,5,20210226,111500,2.02,2.02,2.02,2.02,69,0
IOD,5,20210226,124500,2.02,2.02,2.02,2.02,90,0
IOD,5,20210226,134500,1.98,2.02,1.98,2.02,2000,0
IOD,5,20210226,140000,1.98,2.02,1.97,2.02,1113,0
IOD,5,20210226,142000,1.97,2.02,1.97,2.02,97,0
IOD,5,20210226,150500,2.02,2.02,2.02,2.02,100,0
IOD,5,20210226,164500,2.02,2.02,2.02,2.02,90,0
IOD,5,20210301,090000,2.02,2.38,2.02,2.38,3548,0
IOD,5,20210301,090500,2.4,2.4,2.4,2.4,128,0
IOD,5,20210301,091000,2.1,2.4,2.04,2.04,1521,0
IOD,5,20210301,091500,2.4,2.4,2.08,2.18,1041,0
IOD,5,20210301,092000,2.18,2.18,2.18,2.18,680,0
IOD,5,20210301,092500,2.2,2.2,2.1,2.18,766,0
IOD,5,20210301,100500,2.08,2.16,2.08,2.16,1060,0
IOD,5,20210301,102500,2.08,2.08,2.08,2.08,1000,0
IOD,5,20210301,103000,2.16,2.16,2.12,2.12,80,0
IOD,5,20210301,104000,2.08,2.08,2.02,2.02,4000,0
IOD,5,20210301,104500,2.1,2.1,2.02,2.02,88,0
IOD,5,20210301,110000,2.08,2.1,2.08,2.1,50,0
IOD,5,20210301,110500,2.02,2.02,2,2,2055,0
IOD,5,20210301,111000,2.1,2.1,2.1,2.1,10,0
IOD,5,20210301,113500,2,2,2,2,100,0
IOD,5,20210301,114000,2.1,2.1,2.1,2.1,10,0
IOD,5,20210301,114500,2.1,2.1,2.1,2.1,100,0
IOD,5,20210301,120500,2,2,1.99,1.99,2971,0
IOD,5,20210301,121000,1.99,2.1,1.99,2.1,40,0
IOD,5,20210301,122000,2,2.1,2,2.1,747,0
IOD,5,20210301,122500,1.96,2.1,1.96,2.1,410,0
IOD,5,20210301,150000,2,2.02,1.98,1.98,2211,0
IOD,5,20210301,150500,1.99,2.02,1.97,1.97,1111,0
IOD,5,20210301,151500,1.97,1.97,1.94,1.94,4781,0
IOD,5,20210301,152000,1.91,1.91,1.91,1.91,920,0
IOD,5,20210301,153000,1.96,1.96,1.96,1.96,111,0
IOD,5,20210301,161000,1.96,1.96,1.96,1.96,300,0
IOD,5,20210301,161500,1.96,2.02,1.96,2.02,104,0
IOD,5,20210301,164000,2.02,2.02,1.98,1.98,2489,0
IOD,5,20210301,164500,2.02,2.02,2.02,2.02,60,0
IOD,5,20210302,090000,2,2.02,2,2.02,123,0
IOD,5,20210302,091500,2,2,2,2,100,0
IOD,5,20210302,093500,1.92,1.95,1.92,1.95,1500,0
IOD,5,20210302,094000,2,2,2,2,11,0
IOD,5,20210302,124000,1.92,1.92,1.92,1.92,50,0
IOD,5,20210302,124500,2,2,2,2,33,0
IOD,5,20210302,125000,2,2,2,2,18,0
IOD,5,20210302,143500,1.92,1.92,1.92,1.92,50,0
IOD,5,20210302,144500,2,2,2,2,10,0
IOD,5,20210302,155500,1.92,1.92,1.92,1.92,1222,0
IOD,5,20210302,162500,2,2,2,2,11,0
IOD,5,20210302,164500,2,2,2,2,7,0
IOD,5,20210303,140000,1.92,1.92,1.91,1.91,1200,0
IOD,5,20210303,140500,2,2,2,2,29,0
IOD,5,20210303,145500,1.91,1.91,1.91,1.91,142,0
IOD,5,20210303,150500,1.99,1.99,1.99,1.99,22,0
IOD,5,20210303,163000,1.92,1.92,1.91,1.91,2000,0
IOD,5,20210303,163500,1.91,1.91,1.91,1.91,500,0
IOD,5,20210303,164500,1.93,1.93,1.91,1.93,1180,0
IOD,5,20210304,091000,1.93,1.93,1.9,1.9,759,0
IOD,5,20210304,091500,1.93,1.99,1.93,1.99,80,0
IOD,5,20210304,103000,1.99,2.18,1.99,2.18,4757,0
IOD,5,20210304,103500,2.3,2.3,2.06,2.06,1211,0
IOD,5,20210304,104000,2.06,2.06,2.06,2.06,400,0
IOD,5,20210304,104500,1.98,2.06,1.98,2.06,520,0
IOD,5,20210304,111000,1.98,1.98,1.98,1.98,100,0
IOD,5,20210304,111500,2.06,2.06,2.06,2.06,40,0
IOD,5,20210304,162500,2.06,2.06,2.06,2.06,30,0
IOD,5,20210304,164000,2,2,1.98,1.98,1020,0
IOD,5,20210304,164500,1.98,1.99,1.97,1.99,2200,0
IOD,5,20210305,090000,2.06,2.06,1.98,2,1180,0
IOD,5,20210305,090500,1.93,2,1.93,2,2738,0
IOD,5,20210305,091000,2,2,2,2,69,0
IOD,5,20210305,091500,2,2,2,2,44,0
IOD,5,20210305,092000,2,2.06,2,2.06,1108,0
IOD,5,20210305,092500,2.06,2.06,2.06,2.06,292,0
IOD,5,20210305,093500,2.06,2.08,2.06,2.08,969,0
IOD,5,20210305,094000,1.98,2.28,1.98,2.28,540,0
IOD,5,20210305,113500,2.1,2.1,2.1,2.1,255,0
IOD,5,20210305,131500,2,2,2,2,1110,0
IOD,5,20210305,134500,2,2,2,2,1000,0
IOD,5,20210305,140500,1.97,1.97,1.95,1.95,1335,0
IOD,5,20210305,141000,2,2,1.91,1.91,461,0
IOD,5,20210305,141500,1.91,1.91,1.91,1.91,1000,0
IOD,5,20210305,143500,2,2,2,2,22,0
IOD,5,20210305,152000,2,2,2,2,69,0
IOD,5,20210305,160500,2.1,2.1,2.1,2.1,1000,0
IOD,5,20210305,164500,2.1,2.1,2.1,2.1,1700,0
IOD,5,20210308,090000,2.1,2.1,2.1,2.1,1000,0
IOD,5,20210308,092500,2.1,2.1,2.1,2.1,2000,0
IOD,5,20210308,093500,2.1,2.1,2.1,2.1,101,0
IOD,5,20210308,103000,2.1,2.1,2.1,2.1,1899,0
IOD,5,20210308,103500,2.26,2.28,2.04,2.28,2319,0
IOD,5,20210308,104500,2.26,2.26,2.26,2.26,22,0
IOD,5,20210308,105000,2.28,2.28,2.28,2.28,1018,0
IOD,5,20210308,105500,2.3,2.3,2.2,2.2,184,0
IOD,5,20210308,113000,2.28,2.28,2.28,2.28,119,0
IOD,5,20210308,114000,2.28,2.28,2.28,2.28,400,0
IOD,5,20210308,115000,2.28,2.28,2.28,2.28,255,0
IOD,5,20210308,121000,2.28,2.28,2.28,2.28,226,0
IOD,5,20210308,122000,2.28,2.28,2.28,2.28,10,0
IOD,5,20210308,124500,2.26,2.28,2.26,2.28,235,0
IOD,5,20210308,132500,2.28,2.28,2.28,2.28,250,0
IOD,5,20210308,164500,2.28,2.28,2.28,2.28,69,0
IOD,5,20210309,090000,2.28,2.28,2.28,2.28,200,0
IOD,5,20210309,091500,2.2,2.2,2.2,2.2,1000,0
IOD,5,20210309,092000,2.2,2.2,2.2,2.2,186,0
IOD,5,20210309,100000,2.1,2.1,2.08,2.08,4000,0
IOD,5,20210309,100500,2.1,2.1,2.1,2.1,1000,0
IOD,5,20210309,101500,2.04,2.08,2,2.08,3911,0
IOD,5,20210309,103500,2,2,2,2,1000,0
IOD,5,20210309,104000,2.08,2.08,2.08,2.08,19,0
IOD,5,20210309,105500,2,2.06,2,2.06,1100,0
IOD,5,20210309,112500,2.04,2.04,2.04,2.04,69,0
IOD,5,20210309,113000,2.04,2.2,2.04,2.2,5362,0
IOD,5,20210309,113500,2.2,2.26,2.2,2.2,1011,0
IOD,5,20210309,120500,2.2,2.2,2.2,2.2,250,0
IOD,5,20210309,121500,2.2,2.2,2.02,2.2,1021,0
IOD,5,20210309,131500,2.2,2.2,2.2,2.2,1271,0
IOD,5,20210309,132000,2.2,2.2,2.2,2.2,549,0
IOD,5,20210309,132500,2.26,2.26,2.26,2.26,172,0
IOD,5,20210309,141000,2.2,2.24,2.2,2.24,1069,0
IOD,5,20210309,164000,2.2,2.2,2.2,2.2,5000,0
IOD,5,20210309,165500,2.24,2.24,2.24,2.24,120,0
IOD,5,20210310,090000,2.26,2.26,2.18,2.2,2100,0
IOD,5,20210310,090500,2.26,2.26,2.26,2.26,1270,0
IOD,5,20210310,091000,2.28,2.28,2.28,2.28,820,0
IOD,5,20210310,093000,2.28,2.28,2.28,2.28,100,0
IOD,5,20210310,140000,2.2,2.2,2.2,2.2,1000,0
IOD,5,20210310,142000,2.18,2.18,2.1,2.1,8180,0
IOD,5,20210310,142500,2.12,2.12,2.12,2.12,20,0
IOD,5,20210310,143500,2.12,2.12,2.06,2.06,4602,0
IOD,5,20210310,145000,2.06,2.06,2.04,2.04,8000,0
IOD,5,20210310,155000,2.04,2.06,1.96,2,9000,0
IOD,5,20210310,160000,2.06,2.06,2.06,2.06,5,0
IOD,5,20210310,160500,2.06,2.06,2.06,2.06,2490,0
IOD,5,20210310,163500,2.1,2.1,2.1,2.1,10,0
IOD,5,20210310,164500,2.1,2.1,2.1,2.1,69,0
IOD,5,20210311,090000,2.1,2.1,2.1,2.1,14,0
IOD,5,20210311,091000,2.1,2.1,2.1,2.1,200,0
IOD,5,20210311,100000,2.1,2.1,2.1,2.1,475,0
IOD,5,20210311,100500,2.1,2.1,2.1,2.1,300,0
IOD,5,20210311,114500,2.1,2.1,2.1,2.1,1000,0
IOD,5,20210311,121500,2.02,2.02,2.02,2.02,1000,0
IOD,5,20210311,123000,2.1,2.1,2.1,2.1,11,0
IOD,5,20210311,130000,2.1,2.1,2.1,2.1,4000,0
IOD,5,20210311,130500,2.1,2.1,2.1,2.1,3500,0
IOD,5,20210311,132500,2.02,2.1,2.02,2.1,21,0
IOD,5,20210311,133500,2.1,2.1,2.1,2.1,3269,0
IOD,5,20210311,134000,2.2,2.2,2.2,2.2,11,0
IOD,5,20210311,142500,2.1,2.1,2.1,2.1,50,0
IOD,5,20210311,143500,2.18,2.22,2.18,2.22,13949,0
IOD,5,20210311,144500,2.34,2.4,2.34,2.4,3302,0
IOD,5,20210311,145000,2.36,2.46,2.36,2.46,420,0
IOD,5,20210311,145500,2.46,2.48,2.4,2.4,5645,0
IOD,5,20210311,150000,2.42,2.52,2.42,2.52,1003,0
IOD,5,20210311,151000,2.52,2.52,2.52,2.52,1000,0
IOD,5,20210311,155000,2.58,3,2.58,3,7209,0
IOD,5,20210311,160500,2.98,2.98,2.64,2.64,1100,0
IOD,5,20210311,161000,2.98,2.98,2.72,2.82,2637,0
IOD,5,20210311,161500,2.82,2.98,2.82,2.98,4037,0
IOD,5,20210311,162000,2.98,2.98,2.98,2.98,4411,0
IOD,5,20210311,162500,2.98,2.98,2.76,2.76,6571,0
IOD,5,20210311,163000,2.76,2.76,2.76,2.76,543,0
IOD,5,20210311,164000,2.9,2.94,2.9,2.94,910,0
IOD,5,20210311,164500,2.94,2.94,2.94,2.94,2460,0
IOD,5,20210312,091500,3.7,3.7,3.4,3.4,54315,0
IOD,5,20210312,092000,3.22,3.22,3.1,3.1,23368,0
IOD,5,20210312,092500,3.1,3.1,2.98,2.98,17604,0
IOD,5,20210312,093000,2.96,2.96,2.96,2.96,100,0
IOD,5,20210312,093500,2.86,2.86,2.86,2.86,11445,0
IOD,5,20210312,094000,2.86,2.98,2.8,2.8,13909,0
IOD,5,20210312,094500,2.78,2.78,2.7,2.7,1843,0
IOD,5,20210312,095000,2.7,2.72,2.7,2.7,21256,0
IOD,5,20210312,095500,2.7,3.16,2.7,3.1,23025,0
IOD,5,20210312,100000,3.06,3.1,3,3,10887,0
IOD,5,20210312,100500,2.9,2.9,2.9,2.9,1000,0
IOD,5,20210312,101000,2.94,2.94,2.94,2.94,800,0
IOD,5,20210312,101500,2.94,3.02,2.94,3.02,1112,0
IOD,5,20210312,102500,2.88,3.02,2.8,2.92,2929,0
IOD,5,20210312,103000,2.82,2.94,2.8,2.94,9891,0
IOD,5,20210312,103500,2.94,2.96,2.92,2.92,1350,0
IOD,5,20210312,104000,2.92,2.92,2.92,2.92,659,0
IOD,5,20210312,104500,2.94,2.94,2.8,2.88,4020,0
IOD,5,20210312,105000,2.8,2.8,2.8,2.8,2187,0
IOD,5,20210312,105500,2.8,2.84,2.8,2.84,2324,0
IOD,5,20210312,111000,2.8,2.8,2.8,2.8,1070,0
IOD,5,20210312,112500,2.76,2.84,2.74,2.84,7076,0
IOD,5,20210312,113000,2.84,2.84,2.84,2.84,960,0
IOD,5,20210312,120500,2.8,2.8,2.8,2.8,1000,0
IOD,5,20210312,122500,2.76,2.76,2.76,2.76,3028,0
IOD,5,20210312,123500,2.76,2.76,2.68,2.68,9204,0
IOD,5,20210312,124500,2.68,2.68,2.6,2.62,5579,0
IOD,5,20210312,125000,2.7,2.7,2.58,2.58,2221,0
IOD,5,20210312,125500,2.58,2.6,2.58,2.6,1779,0
IOD,5,20210312,130000,2.68,2.7,2.68,2.7,1300,0
IOD,5,20210312,130500,2.62,2.62,2.62,2.62,1000,0
IOD,5,20210312,131500,2.62,2.62,2.56,2.56,1179,0
IOD,5,20210312,134500,2.62,2.62,2.62,2.62,550,0
IOD,5,20210312,135000,2.62,2.7,2.62,2.7,2450,0
IOD,5,20210312,142500,2.7,2.7,2.7,2.7,630,0
IOD,5,20210312,143000,2.78,2.8,2.78,2.8,1857,0
IOD,5,20210312,145000,2.78,2.8,2.78,2.8,5450,0
IOD,5,20210312,145500,2.9,2.9,2.9,2.9,2000,0
IOD,5,20210312,151500,2.88,2.88,2.88,2.88,650,0
IOD,5,20210312,152500,2.78,2.78,2.78,2.78,700,0
IOD,5,20210312,153500,2.78,2.78,2.78,2.78,1000,0
IOD,5,20210312,154500,2.72,2.72,2.72,2.72,2000,0
IOD,5,20210312,155000,2.7,2.78,2.68,2.78,3001,0
IOD,5,20210312,160000,2.68,2.68,2.66,2.66,1300,0
IOD,5,20210312,160500,2.72,2.72,2.66,2.66,1477,0
IOD,5,20210312,162000,2.64,2.64,2.6,2.6,2768,0
IOD,5,20210312,163500,2.58,2.58,2.5,2.5,25000,0
IOD,5,20210312,164000,2.5,2.5,2.5,2.5,12169,0
IOD,5,20210312,164500,2.6,2.6,2.5,2.5,2822,0
IOD,5,20210315,090000,2.5,2.52,2.5,2.52,9870,0
IOD,5,20210315,090500,2.52,2.6,2.52,2.6,981,0
IOD,5,20210315,091000,2.52,2.52,2.48,2.48,7826,0
IOD,5,20210315,091500,2.48,2.48,2.48,2.48,1000,0
IOD,5,20210315,092000,2.52,2.7,2.5,2.7,3259,0
IOD,5,20210315,092500,2.82,2.82,2.62,2.8,1141,0
IOD,5,20210315,093000,2.6,2.82,2.6,2.76,4387,0
IOD,5,20210315,093500,2.76,2.76,2.66,2.66,2000,0
IOD,5,20210315,100500,2.66,2.72,2.66,2.72,13600,0
IOD,5,20210315,101000,2.72,2.76,2.72,2.76,6775,0
IOD,5,20210315,103500,2.68,2.68,2.54,2.54,5200,0
IOD,5,20210315,104000,2.76,2.76,2.76,2.76,20,0
IOD,5,20210315,111500,2.7,2.7,2.7,2.7,2000,0
IOD,5,20210315,112000,2.66,2.66,2.66,2.66,950,0
IOD,5,20210315,114500,2.66,2.68,2.66,2.68,872,0
IOD,5,20210315,115000,2.76,2.76,2.76,2.76,1,0
IOD,5,20210315,120500,2.68,2.68,2.68,2.68,340,0
IOD,5,20210315,122000,2.66,2.66,2.66,2.66,701,0
IOD,5,20210315,123000,2.66,2.66,2.66,2.66,800,0
IOD,5,20210315,124000,2.66,2.66,2.66,2.66,501,0
IOD,5,20210315,125000,2.66,2.66,2.66,2.66,400,0
IOD,5,20210315,125500,2.66,2.66,2.66,2.66,99,0
IOD,5,20210315,133500,2.6,2.68,2.6,2.68,2260,0
IOD,5,20210315,143500,2.6,2.6,2.6,2.6,623,0
IOD,5,20210315,145500,2.58,2.58,2.58,2.58,599,0
IOD,5,20210315,150000,2.68,2.68,2.68,2.68,14,0
IOD,5,20210315,151500,2.58,2.58,2.58,2.58,1740,0
IOD,5,20210315,155000,2.6,2.6,2.6,2.6,30,0
IOD,5,20210315,155500,2.6,2.68,2.6,2.68,1333,0
IOD,5,20210315,160000,2.68,2.7,2.68,2.7,3844,0
IOD,5,20210315,160500,2.68,2.68,2.68,2.68,1000,0
IOD,5,20210315,162500,2.7,2.72,2.7,2.72,174,0
IOD,5,20210315,163000,2.7,2.7,2.66,2.66,1426,0
IOD,5,20210315,163500,2.7,2.7,2.7,2.7,30,0
IOD,5,20210315,164500,2.66,2.7,2.66,2.7,1321,0
IOD,5,20210316,090000,2.76,2.76,2.66,2.76,825,0
IOD,5,20210316,090500,2.76,2.78,2.76,2.78,1433,0
IOD,5,20210316,091000,2.78,2.78,2.76,2.76,1082,0
IOD,5,20210316,092500,2.78,2.78,2.78,2.78,200,0
IOD,5,20210316,093500,2.78,2.8,2.78,2.8,1900,0
IOD,5,20210316,095000,2.68,2.78,2.68,2.78,732,0
IOD,5,20210316,101500,2.78,2.78,2.78,2.78,1500,0
IOD,5,20210316,102000,2.7,2.7,2.7,2.7,82,0
IOD,5,20210316,102500,2.74,2.74,2.6,2.6,3994,0
IOD,5,20210316,103000,2.7,2.7,2.6,2.6,12874,0
IOD,5,20210316,103500,2.6,2.7,2.58,2.7,1679,0
IOD,5,20210316,104000,2.68,2.68,2.68,2.68,210,0
IOD,5,20210316,110500,2.5,2.5,2.5,2.5,2240,0
IOD,5,20210316,111000,2.64,2.64,2.64,2.64,12,0
IOD,5,20210316,130500,2.62,2.64,2.62,2.64,1806,0
IOD,5,20210316,131500,2.68,2.68,2.68,2.68,200,0
IOD,5,20210316,132500,2.68,2.68,2.68,2.68,500,0
IOD,5,20210316,133000,2.68,2.68,2.68,2.68,119,0
IOD,5,20210316,134000,2.64,2.64,2.6,2.6,800,0
IOD,5,20210316,140000,2.68,2.68,2.68,2.68,100,0
IOD,5,20210316,141000,2.6,2.66,2.54,2.66,3009,0
IOD,5,20210316,151000,2.6,2.6,2.6,2.6,1010,0
IOD,5,20210316,151500,2.6,2.6,2.5,2.5,3679,0
IOD,5,20210316,152500,2.56,2.56,2.5,2.5,5549,0
IOD,5,20210316,153000,2.5,2.5,2.5,2.5,9733,0
IOD,5,20210316,153500,2.44,2.44,2.4,2.4,3000,0
IOD,5,20210316,154000,2.56,2.56,2.34,2.56,3072,0
IOD,5,20210316,154500,2.4,2.4,2.34,2.34,3300,0
IOD,5,20210316,155500,2.34,2.44,2.3,2.44,8916,0
IOD,5,20210316,160000,2.62,2.62,2.5,2.6,2033,0
IOD,5,20210316,162500,2.5,2.5,2.5,2.5,620,0
IOD,5,20210316,163500,2.56,2.56,2.56,2.56,12,0
IOD,5,20210317,090000,2.46,2.46,2.4,2.4,2500,0
IOD,5,20210317,090500,2.4,2.4,2.34,2.34,796,0
IOD,5,20210317,091000,2.34,2.34,2.34,2.34,1900,0
IOD,5,20210317,091500,2.4,2.4,2.4,2.4,2900,0
IOD,5,20210317,092500,2.4,2.4,2.4,2.4,836,0
IOD,5,20210317,093000,2.34,2.34,2.26,2.26,10619,0
IOD,5,20210317,094000,2.3,2.64,2.3,2.64,6642,0
IOD,5,20210317,094500,2.62,2.62,2.44,2.44,1500,0
IOD,5,20210317,095000,2.4,2.4,2.4,2.4,1254,0
IOD,5,20210317,095500,2.54,2.54,2.4,2.4,276,0
IOD,5,20210317,100000,2.4,2.4,2.4,2.4,8,0
IOD,5,20210317,100500,2.44,2.44,2.44,2.44,500,0
IOD,5,20210317,101500,2.52,2.52,2.52,2.52,54,0
IOD,5,20210317,102000,2.42,2.42,2.3,2.3,11636,0
IOD,5,20210317,102500,2.3,2.3,2.2,2.3,14000,0
IOD,5,20210317,103500,2.3,2.32,2.24,2.24,4319,0
IOD,5,20210317,104000,2.3,2.32,2.3,2.32,4659,0
IOD,5,20210317,104500,2.4,2.4,2.4,2.4,150,0
IOD,5,20210317,110000,2.3,2.3,2.18,2.2,4259,0
IOD,5,20210317,110500,2.28,2.32,2.28,2.32,2100,0
IOD,5,20210317,111000,2.28,2.32,2.2,2.32,2100,0
IOD,5,20210317,112000,2.24,2.24,2.24,2.24,3000,0
IOD,5,20210317,113000,2.3,2.32,2.3,2.32,2597,0
IOD,5,20210317,113500,2.32,2.38,2.3,2.3,1956,0
IOD,5,20210317,114000,2.3,2.38,2.3,2.38,1111,0
IOD,5,20210317,120500,2.3,2.3,2.3,2.3,1000,0
IOD,5,20210317,121000,2.3,2.3,2.3,2.3,1452,0
IOD,5,20210317,121500,2.38,2.38,2.38,2.38,35,0
IOD,5,20210317,122000,2.3,2.3,2.22,2.22,823,0
IOD,5,20210317,123500,2.24,2.24,2.22,2.22,2699,0
IOD,5,20210317,131000,2.3,2.32,2.3,2.32,620,0
IOD,5,20210317,133500,2.34,2.4,2.34,2.4,2650,0
IOD,5,20210317,134000,2.4,2.4,2.4,2.4,2027,0
IOD,5,20210317,143500,2.3,2.3,2.22,2.22,30000,0
IOD,5,20210317,144000,2.22,2.22,2.2,2.2,5000,0
IOD,5,20210317,144500,2.26,2.26,2.26,2.26,600,0
IOD,5,20210317,145000,2.26,2.28,2.16,2.28,9663,0
IOD,5,20210317,150500,2.3,2.38,2.22,2.22,4145,0
IOD,5,20210317,151000,2.38,2.38,2.38,2.38,70,0
IOD,5,20210317,152500,2.32,2.32,2.32,2.32,100,0
IOD,5,20210317,153000,2.32,2.36,2.32,2.36,1000,0
IOD,5,20210317,154000,2.3,2.3,2.3,2.3,1000,0
IOD,5,20210317,161000,2.3,2.3,2.3,2.3,78,0
IOD,5,20210317,164500,2.26,2.26,2.22,2.22,9000,0
IOD,5,20210317,165500,2.3,2.3,2.3,2.3,2700,0
IOD,5,20210318,090000,2.3,2.3,2.3,2.3,1069,0
IOD,5,20210318,091500,2.3,2.56,2.3,2.56,3404,0
IOD,5,20210318,092500,2.4,2.4,2.4,2.4,415,0
IOD,5,20210318,093000,2.4,2.4,2.4,2.4,136,0
IOD,5,20210318,100500,2.4,2.4,2.4,2.4,414,0
IOD,5,20210318,101500,2.4,2.42,2.4,2.42,300,0
IOD,5,20210318,112500,2.4,2.42,2.4,2.42,1000,0
IOD,5,20210318,113000,2.42,2.42,2.42,2.42,800,0
IOD,5,20210318,114000,2.4,2.46,2.4,2.46,1008,0
IOD,5,20210318,141000,2.28,2.28,2.28,2.28,920,0
IOD,5,20210318,141500,2.38,2.4,2.38,2.4,522,0
IOD,5,20210319,090000,2.48,2.48,2.38,2.48,10909,0
IOD,5,20210319,092500,2.38,2.38,2.38,2.38,1000,0
IOD,5,20210319,093500,2.3,2.3,2.3,2.3,1000,0
IOD,5,20210319,094500,2.44,2.46,2.44,2.46,1000,0
IOD,5,20210319,102500,2.38,2.52,2.38,2.52,9000,0
IOD,5,20210319,103000,2.5,2.56,2.5,2.56,7530,0
IOD,5,20210319,103500,2.56,2.64,2.56,2.64,3665,0
IOD,5,20210319,104000,2.64,2.66,2.64,2.66,1908,0
IOD,5,20210319,104500,2.7,2.7,2.56,2.56,13675,0
IOD,5,20210319,105000,2.56,2.76,2.56,2.76,28106,0
IOD,5,20210319,105500,2.7,2.7,2.7,2.7,4500,0
IOD,5,20210319,110000,2.7,2.7,2.7,2.7,3068,0
IOD,5,20210319,110500,2.66,2.68,2.66,2.66,1632,0
IOD,5,20210319,111000,2.66,2.66,2.66,2.66,400,0
IOD,5,20210319,111500,2.54,2.54,2.5,2.5,1000,0
IOD,5,20210319,112000,2.56,2.68,2.56,2.68,1080,0
IOD,5,20210319,112500,2.68,2.68,2.68,2.68,1300,0
IOD,5,20210319,121000,2.64,2.64,2.64,2.64,800,0
IOD,5,20210319,123000,2.56,2.56,2.56,2.56,1000,0
IOD,5,20210319,123500,2.64,2.68,2.64,2.68,1010,0
IOD,5,20210319,124500,2.68,2.68,2.68,2.68,100,0
IOD,5,20210319,125500,2.68,2.68,2.62,2.68,2330,0
IOD,5,20210319,130000,2.62,2.62,2.62,2.62,385,0
IOD,5,20210319,131500,2.68,2.7,2.68,2.7,7800,0
IOD,5,20210319,132000,2.7,2.7,2.7,2.7,2792,0
IOD,5,20210319,132500,2.7,2.7,2.7,2.7,2700,0
IOD,5,20210319,133500,2.7,2.74,2.7,2.74,300,0
IOD,5,20210319,134500,2.66,2.66,2.66,2.66,1000,0
IOD,5,20210319,135000,2.66,2.66,2.64,2.64,2000,0
IOD,5,20210319,135500,2.74,2.74,2.74,2.74,20,0
IOD,5,20210319,141500,2.66,2.66,2.66,2.66,1000,0
IOD,5,20210319,142500,2.72,2.72,2.72,2.72,100,0
IOD,5,20210319,150500,2.72,2.74,2.72,2.74,1200,0
IOD,5,20210319,151000,2.64,2.64,2.64,2.64,180,0
IOD,5,20210319,151500,2.64,2.64,2.64,2.64,1519,0
IOD,5,20210319,160000,2.62,2.62,2.62,2.62,2136,0
IOD,5,20210319,160500,2.58,2.6,2.58,2.6,610,0
IOD,5,20210319,161500,2.7,2.7,2.7,2.7,100,0
IOD,5,20210319,162000,2.6,2.6,2.6,2.6,800,0
IOD,5,20210319,162500,2.6,2.6,2.6,2.6,1000,0
IOD,5,20210319,163000,2.62,2.62,2.62,2.62,1000,0
IOD,5,20210319,164000,2.7,2.74,2.7,2.7,5100,0
IOD,5,20210319,164500,2.74,2.74,2.74,2.74,5135,0
IOD,5,20210322,090000,2.7,2.7,2.5,2.7,3976,0
IOD,5,20210322,091000,2.7,2.88,2.6,2.6,4500,0
IOD,5,20210322,091500,2.7,2.88,2.68,2.68,2400,0
IOD,5,20210322,092000,2.7,2.7,2.7,2.7,626,0
IOD,5,20210322,092500,2.7,2.78,2.7,2.78,1700,0
IOD,5,20210322,093500,2.68,2.68,2.68,2.68,100,0
IOD,5,20210322,094500,2.68,2.68,2.68,2.68,753,0
IOD,5,20210322,095000,2.78,2.8,2.78,2.8,500,0
IOD,5,20210322,111000,2.8,2.88,2.8,2.88,2180,0
IOD,5,20210322,122000,2.82,2.82,2.8,2.8,2100,0
IOD,5,20210322,130000,2.78,2.88,2.78,2.88,3720,0
IOD,5,20210322,130500,2.8,2.8,2.8,2.8,396,0
IOD,5,20210322,131000,2.88,2.88,2.88,2.88,100,0
IOD,5,20210322,133500,2.88,2.88,2.88,2.88,500,0
IOD,5,20210322,134000,2.8,2.8,2.8,2.8,515,0
IOD,5,20210322,134500,2.82,2.88,2.82,2.88,500,0
IOD,5,20210322,150500,2.8,2.8,2.8,2.8,1054,0
IOD,5,20210322,151000,2.72,2.72,2.7,2.7,1700,0
IOD,5,20210322,151500,2.8,2.8,2.8,2.8,20,0
IOD,5,20210322,152500,2.78,2.78,2.78,2.78,700,0
IOD,5,20210322,154500,2.8,2.82,2.8,2.82,500,0
IOD,5,20210322,160000,2.8,2.86,2.8,2.86,1430,0
IOD,5,20210322,160500,2.8,2.86,2.8,2.86,669,0
IOD,5,20210322,161000,2.86,2.86,2.86,2.86,400,0
IOD,5,20210322,163000,2.86,2.88,2.86,2.88,300,0
IOD,5,20210322,163500,2.88,2.88,2.88,2.88,350,0
IOD,5,20210322,164000,2.8,2.8,2.8,2.8,501,0
IOD,5,20210322,164500,2.8,2.8,2.8,2.8,1000,0
IOD,5,20210323,090000,2.88,2.88,2.88,2.88,20,0
IOD,5,20210323,090500,2.88,2.88,2.88,2.88,79,0
IOD,5,20210323,091500,2.88,2.94,2.88,2.94,2500,0
IOD,5,20210323,092500,2.9,2.9,2.9,2.9,1000,0
IOD,5,20210323,093000,2.92,2.92,2.92,2.92,50,0
IOD,5,20210323,093500,2.88,2.88,2.8,2.8,3000,0
IOD,5,20210323,094000,2.9,2.92,2.9,2.92,138,0
IOD,5,20210323,094500,2.8,2.8,2.8,2.8,880,0
IOD,5,20210323,101000,2.9,2.9,2.9,2.9,10,0
IOD,5,20210323,102000,2.8,2.9,2.8,2.9,1100,0
IOD,5,20210323,104000,2.72,2.82,2.7,2.82,4503,0
IOD,5,20210323,120000,2.7,2.7,2.7,2.7,4127,0
IOD,5,20210323,121000,2.6,2.6,2.5,2.5,4088,0
IOD,5,20210323,121500,2.5,2.6,2.5,2.6,5579,0
IOD,5,20210323,125500,2.64,2.64,2.64,2.64,1579,0
IOD,5,20210323,130500,2.7,2.7,2.7,2.7,200,0
IOD,5,20210323,131500,2.7,2.7,2.7,2.7,2000,0
IOD,5,20210323,145000,2.7,2.86,2.7,2.7,16160,0
IOD,5,20210323,145500,2.86,2.86,2.86,2.86,72,0
IOD,5,20210323,150000,2.82,2.84,2.82,2.84,1300,0
IOD,5,20210323,150500,2.72,2.84,2.72,2.84,1271,0
IOD,5,20210323,151500,2.84,2.84,2.84,2.84,300,0
IOD,5,20210323,152000,2.76,2.84,2.76,2.84,1300,0
IOD,5,20210323,165500,2.86,2.86,2.86,2.86,150,0
IOD,5,20210324,090000,2.9,2.9,2.9,2.9,130,0
IOD,5,20210324,090500,2.9,2.9,2.9,2.9,69,0
IOD,5,20210324,091000,2.9,2.94,2.9,2.94,802,0
IOD,5,20210324,094500,2.8,2.8,2.6,2.6,6460,0
IOD,5,20210324,095500,2.8,2.8,2.8,2.8,95,0
IOD,5,20210324,100500,2.7,2.8,2.7,2.8,1106,0
IOD,5,20210324,110500,2.64,2.64,2.6,2.6,7200,0
IOD,5,20210324,111000,2.74,2.74,2.74,2.74,50,0
IOD,5,20210324,112500,2.6,2.6,2.6,2.6,1001,0
IOD,5,20210324,113000,2.66,2.66,2.66,2.66,900,0
IOD,5,20210324,113500,2.66,2.76,2.66,2.68,1218,0
IOD,5,20210324,114000,2.72,2.8,2.7,2.7,1979,0
IOD,5,20210324,114500,2.8,2.8,2.8,2.8,100,0
IOD,5,20210324,123500,2.8,2.82,2.8,2.82,1315,0
IOD,5,20210324,124000,2.8,2.8,2.8,2.8,800,0
IOD,5,20210324,125000,2.84,2.86,2.82,2.86,1128,0
IOD,5,20210324,125500,2.86,2.88,2.86,2.88,1301,0
IOD,5,20210324,130000,2.86,2.86,2.86,2.86,1351,0
IOD,5,20210324,130500,2.86,2.86,2.86,2.86,750,0
IOD,5,20210324,131000,2.86,2.88,2.86,2.88,51,0
IOD,5,20210324,131500,2.88,2.9,2.88,2.9,2556,0
IOD,5,20210324,132000,2.9,2.9,2.9,2.9,405,0
IOD,5,20210324,133000,2.9,2.92,2.9,2.92,2270,0
IOD,5,20210324,133500,2.92,2.92,2.92,2.92,522,0
IOD,5,20210324,135000,2.8,2.8,2.8,2.8,359,0
IOD,5,20210324,135500,2.92,2.92,2.92,2.92,20,0
IOD,5,20210324,141000,2.9,2.9,2.9,2.9,500,0
IOD,5,20210324,141500,2.9,2.9,2.9,2.9,1000,0
IOD,5,20210324,142000,2.9,2.9,2.9,2.9,689,0
IOD,5,20210324,142500,2.9,2.9,2.9,2.9,311,0
IOD,5,20210324,143000,2.9,2.92,2.9,2.92,2110,0
IOD,5,20210324,143500,2.9,2.94,2.9,2.94,2000,0
IOD,5,20210324,151000,2.92,2.92,2.92,2.92,4300,0
IOD,5,20210324,151500,2.92,2.94,2.84,2.94,8010,0
IOD,5,20210324,154000,2.9,2.9,2.9,2.9,172,0
IOD,5,20210324,162000,2.9,2.94,2.9,2.94,1084,0
IOD,5,20210324,165500,2.88,2.88,2.88,2.88,500,0
IOD,5,20210325,090000,2.94,2.94,2.94,2.94,1,0
IOD,5,20210325,090500,2.94,2.94,2.94,2.94,1,0
IOD,5,20210325,100500,2.88,2.88,2.88,2.88,600,0
IOD,5,20210325,101500,2.94,2.94,2.94,2.94,16,0
IOD,5,20210325,104000,2.88,2.88,2.88,2.88,1000,0
IOD,5,20210325,104500,2.9,2.9,2.9,2.9,16,0
IOD,5,20210325,113000,2.82,2.82,2.82,2.82,1000,0
IOD,5,20210325,114000,2.78,2.78,2.78,2.78,69,0
IOD,5,20210325,114500,2.82,2.82,2.82,2.82,49,0
IOD,5,20210325,115000,2.82,2.82,2.82,2.82,800,0
IOD,5,20210325,115500,2.82,2.82,2.82,2.82,151,0
IOD,5,20210325,125000,2.82,2.82,2.82,2.82,100,0
IOD,5,20210325,125500,2.9,2.9,2.9,2.9,86,0
IOD,5,20210325,134000,2.82,2.9,2.82,2.9,728,0
IOD,5,20210325,150500,2.9,2.9,2.9,2.9,19,0
IOD,5,20210325,162500,2.86,2.86,2.86,2.86,30,0
IOD,5,20210325,163500,2.84,2.84,2.84,2.84,1100,0
IOD,5,20210325,164000,2.86,2.9,2.86,2.9,210,0
IOD,5,20210325,164500,2.84,2.9,2.84,2.9,430,0
IOD,5,20210325,165500,2.9,2.9,2.9,2.9,3168,0
IOD,5,20210326,090000,2.94,2.94,2.94,2.94,35,0
IOD,5,20210326,090500,2.86,2.94,2.86,2.94,1010,0
IOD,5,20210326,091000,2.88,2.88,2.88,2.88,1000,0
IOD,5,20210326,094000,2.84,2.88,2.84,2.88,853,0
IOD,5,20210326,094500,2.88,2.88,2.88,2.88,10,0
IOD,5,20210326,112500,2.88,2.92,2.88,2.92,1143,0
IOD,5,20210326,113500,2.82,2.92,2.82,2.92,2997,0
IOD,5,20210326,154500,2.9,2.9,2.9,2.9,800,0
IOD,5,20210326,161500,2.9,2.9,2.9,2.9,103,0
IOD,5,20210326,162000,2.9,2.92,2.9,2.92,10,0
IOD,5,20210326,164500,2.92,2.92,2.92,2.92,70,0
