<TICKER>,<PER>,<DATE>,<TIME>,<OPEN>,<HIGH>,<LOW>,<CLOSE>,<VOL>,<OPENINT>
IST,5,20210204,090000,1.158,1.16,1.158,1.16,1632,0
IST,5,20210204,090500,1.158,1.16,1.158,1.16,2560,0
IST,5,20210204,091000,1.158,1.158,1.158,1.158,3368,0
IST,5,20210204,091500,1.15,1.15,1.15,1.15,1002,0
IST,5,20210204,092000,1.124,1.124,1.124,1.124,333,0
IST,5,20210204,092500,1.138,1.138,1.138,1.138,300,0
IST,5,20210204,093000,1.138,1.14,1.124,1.124,1610,0
IST,5,20210204,094000,1.124,1.124,1.124,1.124,1605,0
IST,5,20210204,095000,1.124,1.124,1.124,1.124,1315,0
IST,5,20210204,095500,1.124,1.124,1.124,1.124,1773,0
IST,5,20210204,100000,1.124,1.124,1.124,1.124,4300,0
IST,5,20210204,100500,1.124,1.124,1.124,1.124,7,0
IST,5,20210204,102500,1.14,1.14,1.14,1.14,400,0
IST,5,20210204,103500,1.14,1.142,1.14,1.142,5590,0
IST,5,20210204,110000,1.13,1.14,1.13,1.14,6538,0
IST,5,20210204,110500,1.14,1.14,1.14,1.14,4962,0
IST,5,20210204,111000,1.132,1.132,1.132,1.132,1000,0
IST,5,20210204,112000,1.132,1.132,1.132,1.132,600,0
IST,5,20210204,112500,1.132,1.132,1.132,1.132,760,0
IST,5,20210204,114000,1.13,1.13,1.13,1.13,5000,0
IST,5,20210204,115000,1.132,1.134,1.132,1.134,23551,0
IST,5,20210204,115500,1.134,1.136,1.132,1.136,20000,0
IST,5,20210204,120000,1.132,1.132,1.132,1.132,449,0
IST,5,20210204,120500,1.134,1.134,1.134,1.134,570,0
IST,5,20210204,121500,1.132,1.132,1.122,1.122,6840,0
IST,5,20210204,122000,1.13,1.13,1.13,1.13,1200,0
IST,5,20210204,123000,1.126,1.126,1.126,1.126,4800,0
IST,5,20210204,123500,1.126,1.126,1.126,1.126,2000,0
IST,5,20210204,124000,1.124,1.124,1.124,1.124,1000,0
IST,5,20210204,124500,1.124,1.124,1.124,1.124,1324,0
IST,5,20210204,125000,1.122,1.124,1.122,1.124,1884,0
IST,5,20210204,131000,1.132,1.132,1.132,1.132,2000,0
IST,5,20210204,133000,1.13,1.13,1.13,1.13,300,0
IST,5,20210204,140000,1.128,1.128,1.128,1.128,616,0
IST,5,20210204,142500,1.128,1.128,1.128,1.128,500,0
IST,5,20210204,143500,1.126,1.126,1.126,1.126,5000,0
IST,5,20210204,145000,1.126,1.126,1.126,1.126,4423,0
IST,5,20210204,151500,1.122,1.122,1.12,1.12,4310,0
IST,5,20210204,152000,1.12,1.12,1.12,1.12,1890,0
IST,5,20210204,154500,1.12,1.12,1.1,1.1,18513,0
IST,5,20210204,155500,1.122,1.122,1.122,1.122,10,0
IST,5,20210204,160000,1.118,1.118,1.104,1.104,2500,0
IST,5,20210204,162000,1.104,1.104,1.102,1.104,7489,0
IST,5,20210204,162500,1.102,1.102,1.1,1.102,12633,0
IST,5,20210204,163000,1.11,1.12,1.11,1.12,3600,0
IST,5,20210205,090000,1.126,1.126,1.126,1.126,2,0
IST,5,20210205,093500,1.126,1.126,1.126,1.126,7998,0
IST,5,20210205,094500,1.128,1.128,1.128,1.128,2000,0
IST,5,20210205,095000,1.13,1.13,1.13,1.13,2000,0
IST,5,20210205,100500,1.13,1.13,1.13,1.13,800,0
IST,5,20210205,102500,1.13,1.16,1.13,1.16,22300,0
IST,5,20210205,103000,1.16,1.168,1.16,1.168,7700,0
IST,5,20210205,105000,1.128,1.128,1.128,1.128,1500,0
IST,5,20210205,110000,1.128,1.128,1.128,1.128,1000,0
IST,5,20210205,110500,1.128,1.128,1.128,1.128,1800,0
IST,5,20210205,111000,1.14,1.14,1.14,1.14,187,0
IST,5,20210205,113000,1.14,1.166,1.14,1.166,32344,0
IST,5,20210205,113500,1.164,1.166,1.164,1.164,25078,0
IST,5,20210205,114000,1.166,1.166,1.164,1.164,4180,0
IST,5,20210205,114500,1.164,1.164,1.164,1.164,1000,0
IST,5,20210205,125500,1.132,1.132,1.132,1.132,1000,0
IST,5,20210205,130000,1.134,1.134,1.134,1.134,2000,0
IST,5,20210205,133000,1.16,1.16,1.16,1.16,3,0
IST,5,20210205,135000,1.132,1.132,1.124,1.124,7000,0
IST,5,20210205,140000,1.16,1.16,1.16,1.16,10,0
IST,5,20210205,141500,1.13,1.13,1.13,1.13,680,0
IST,5,20210205,142500,1.15,1.15,1.15,1.15,1900,0
IST,5,20210205,144000,1.132,1.15,1.132,1.15,10000,0
IST,5,20210205,145500,1.148,1.148,1.148,1.148,5220,0
IST,5,20210205,161500,1.156,1.156,1.156,1.156,1000,0
IST,5,20210205,163500,1.158,1.158,1.158,1.158,1000,0
IST,5,20210205,164500,1.16,1.16,1.16,1.16,20000,0
IST,5,20210208,090000,1.176,1.176,1.16,1.16,1359,0
IST,5,20210208,095500,1.13,1.13,1.13,1.13,1000,0
IST,5,20210208,102500,1.132,1.132,1.132,1.132,13,0
IST,5,20210208,104000,1.17,1.17,1.17,1.17,1362,0
IST,5,20210208,115000,1.158,1.16,1.158,1.16,6810,0
IST,5,20210208,120000,1.134,1.134,1.13,1.13,4128,0
IST,5,20210208,120500,1.128,1.128,1.12,1.12,8288,0
IST,5,20210208,121000,1.122,1.122,1.12,1.12,7063,0
IST,5,20210208,121500,1.122,1.122,1.12,1.122,12128,0
IST,5,20210208,123000,1.14,1.14,1.14,1.14,785,0
IST,5,20210208,123500,1.14,1.14,1.12,1.12,9061,0
IST,5,20210208,135000,1.124,1.124,1.122,1.122,1684,0
IST,5,20210208,135500,1.118,1.118,1.11,1.11,14000,0
IST,5,20210208,140000,1.12,1.12,1.11,1.11,8255,0
IST,5,20210208,141500,1.11,1.11,1.11,1.11,4705,0
IST,5,20210208,142000,1.11,1.11,1.11,1.11,15102,0
IST,5,20210208,144000,1.11,1.138,1.11,1.138,292,0
IST,5,20210208,151500,1.136,1.138,1.136,1.138,500,0
IST,5,20210208,155500,1.138,1.15,1.138,1.15,10000,0
IST,5,20210208,164000,1.15,1.15,1.15,1.15,31,0
IST,5,20210209,090000,1.15,1.15,1.15,1.15,1100,0
IST,5,20210209,091500,1.126,1.126,1.124,1.124,2000,0
IST,5,20210209,101000,1.126,1.126,1.12,1.12,1429,0
IST,5,20210209,101500,1.12,1.12,1.12,1.12,2000,0
IST,5,20210209,103500,1.148,1.148,1.146,1.146,2000,0
IST,5,20210209,104000,1.146,1.146,1.146,1.146,37,0
IST,5,20210209,104500,1.146,1.148,1.146,1.148,1200,0
IST,5,20210209,105000,1.148,1.148,1.148,1.148,4600,0
IST,5,20210209,105500,1.148,1.148,1.148,1.148,4425,0
IST,5,20210209,113000,1.148,1.15,1.148,1.15,2395,0
IST,5,20210209,115000,1.148,1.148,1.148,1.148,2000,0
IST,5,20210209,125000,1.144,1.144,1.144,1.144,100,0
IST,5,20210209,125500,1.13,1.13,1.13,1.13,499,0
IST,5,20210209,130000,1.13,1.13,1.13,1.13,4734,0
IST,5,20210209,130500,1.148,1.148,1.148,1.148,217,0
IST,5,20210209,135500,1.148,1.148,1.148,1.148,260,0
IST,5,20210209,141000,1.148,1.148,1.148,1.148,2354,0
IST,5,20210209,141500,1.132,1.132,1.132,1.132,597,0
IST,5,20210209,143500,1.132,1.132,1.132,1.132,891,0
IST,5,20210209,145500,1.132,1.132,1.132,1.132,5000,0
IST,5,20210209,150500,1.132,1.132,1.132,1.132,1771,0
IST,5,20210209,152500,1.13,1.13,1.13,1.13,512,0
IST,5,20210209,163500,1.13,1.13,1.13,1.13,1000,0
IST,5,20210209,164500,1.132,1.132,1.13,1.13,586,0
IST,5,20210210,090000,1.156,1.158,1.156,1.158,3216,0
IST,5,20210210,090500,1.158,1.158,1.158,1.158,80,0
IST,5,20210210,091000,1.15,1.15,1.15,1.15,4002,0
IST,5,20210210,091500,1.154,1.154,1.154,1.154,600,0
IST,5,20210210,102000,1.15,1.15,1.15,1.15,1500,0
IST,5,20210210,102500,1.154,1.154,1.142,1.142,3587,0
IST,5,20210210,104000,1.14,1.14,1.14,1.14,1500,0
IST,5,20210210,104500,1.138,1.138,1.13,1.13,11124,0
IST,5,20210210,105500,1.13,1.13,1.13,1.13,991,0
IST,5,20210210,111000,1.148,1.148,1.148,1.148,1500,0
IST,5,20210210,112500,1.148,1.148,1.146,1.146,1099,0
IST,5,20210210,114500,1.146,1.146,1.146,1.146,799,0
IST,5,20210210,120500,1.14,1.14,1.14,1.14,331,0
IST,5,20210210,121500,1.134,1.134,1.134,1.134,1300,0
IST,5,20210210,124000,1.132,1.132,1.13,1.13,4000,0
IST,5,20210210,124500,1.134,1.134,1.134,1.134,50,0
IST,5,20210210,125000,1.13,1.13,1.13,1.13,178,0
IST,5,20210210,125500,1.122,1.122,1.122,1.122,460,0
IST,5,20210210,130000,1.124,1.124,1.124,1.124,822,0
IST,5,20210210,132000,1.134,1.134,1.134,1.134,150,0
IST,5,20210210,133500,1.148,1.15,1.148,1.15,2700,0
IST,5,20210210,134500,1.15,1.15,1.15,1.15,6510,0
IST,5,20210210,142000,1.14,1.14,1.14,1.14,3000,0
IST,5,20210210,142500,1.148,1.148,1.148,1.148,3222,0
IST,5,20210210,143500,1.146,1.15,1.146,1.15,10000,0
IST,5,20210210,144500,1.15,1.156,1.15,1.156,15000,0
IST,5,20210210,150500,1.154,1.16,1.154,1.156,14444,0
IST,5,20210210,151500,1.156,1.16,1.156,1.16,15420,0
IST,5,20210210,152000,1.158,1.168,1.158,1.168,3931,0
IST,5,20210210,153000,1.168,1.18,1.168,1.18,8452,0
IST,5,20210210,153500,1.18,1.184,1.18,1.184,7500,0
IST,5,20210210,154000,1.184,1.188,1.184,1.188,14746,0
IST,5,20210210,154500,1.186,1.188,1.18,1.188,10050,0
IST,5,20210210,155000,1.186,1.196,1.186,1.196,14533,0
IST,5,20210210,155500,1.2,1.21,1.2,1.21,15991,0
IST,5,20210210,160500,1.208,1.208,1.2,1.2,1447,0
IST,5,20210210,161000,1.2,1.2,1.2,1.2,1053,0
IST,5,20210210,161500,1.198,1.198,1.19,1.19,150,0
IST,5,20210210,162000,1.19,1.19,1.19,1.19,728,0
IST,5,20210210,162500,1.18,1.2,1.18,1.2,3950,0
IST,5,20210210,163000,1.2,1.2,1.198,1.198,1050,0
IST,5,20210210,164500,1.196,1.198,1.18,1.18,5329,0
IST,5,20210211,090000,1.22,1.22,1.218,1.22,22220,0
IST,5,20210211,090500,1.22,1.278,1.22,1.278,43403,0
IST,5,20210211,091000,1.276,1.278,1.26,1.26,11186,0
IST,5,20210211,091500,1.26,1.26,1.25,1.26,3381,0
IST,5,20210211,092000,1.26,1.28,1.26,1.28,37608,0
IST,5,20210211,092500,1.282,1.344,1.282,1.344,85632,0
IST,5,20210211,093000,1.342,1.42,1.3,1.42,128669,0
IST,5,20210211,093500,1.42,1.42,1.342,1.36,81641,0
IST,5,20210211,094000,1.36,1.396,1.352,1.396,44831,0
IST,5,20210211,094500,1.396,1.4,1.378,1.4,38629,0
IST,5,20210211,095000,1.4,1.46,1.4,1.46,88742,0
IST,5,20210211,095500,1.438,1.46,1.356,1.38,52959,0
IST,5,20210211,100000,1.378,1.418,1.378,1.41,25513,0
IST,5,20210211,100500,1.41,1.42,1.396,1.42,14439,0
IST,5,20210211,101000,1.42,1.448,1.418,1.448,24652,0
IST,5,20210211,101500,1.44,1.45,1.41,1.438,12234,0
IST,5,20210211,102000,1.438,1.46,1.41,1.46,14814,0
IST,5,20210211,102500,1.46,1.46,1.4,1.4,53772,0
IST,5,20210211,103000,1.386,1.43,1.356,1.41,27691,0
IST,5,20210211,103500,1.426,1.428,1.41,1.41,13444,0
IST,5,20210211,104000,1.41,1.41,1.382,1.382,3433,0
IST,5,20210211,104500,1.382,1.4,1.38,1.4,16056,0
IST,5,20210211,105000,1.4,1.43,1.376,1.426,51342,0
IST,5,20210211,105500,1.382,1.408,1.302,1.302,186712,0
IST,5,20210211,110000,1.378,1.378,1.348,1.35,12080,0
IST,5,20210211,110500,1.32,1.35,1.31,1.34,17849,0
IST,5,20210211,111000,1.34,1.358,1.34,1.35,19890,0
IST,5,20210211,111500,1.36,1.38,1.36,1.38,21200,0
IST,5,20210211,112000,1.38,1.38,1.38,1.38,2000,0
IST,5,20210211,112500,1.38,1.408,1.38,1.408,19956,0
IST,5,20210211,113500,1.396,1.396,1.39,1.39,5410,0
IST,5,20210211,114000,1.366,1.396,1.366,1.39,11050,0
IST,5,20210211,114500,1.37,1.39,1.37,1.39,2220,0
IST,5,20210211,115000,1.39,1.39,1.39,1.39,455,0
IST,5,20210211,115500,1.39,1.41,1.39,1.41,12705,0
IST,5,20210211,120000,1.41,1.43,1.408,1.43,55596,0
IST,5,20210211,120500,1.436,1.448,1.436,1.448,6880,0
IST,5,20210211,121000,1.448,1.448,1.404,1.404,17409,0
IST,5,20210211,121500,1.44,1.44,1.404,1.404,22586,0
IST,5,20210211,122000,1.43,1.43,1.43,1.43,190,0
IST,5,20210211,122500,1.43,1.43,1.404,1.42,1057,0
IST,5,20210211,123000,1.41,1.42,1.41,1.42,9423,0
IST,5,20210211,123500,1.42,1.43,1.404,1.43,6418,0
IST,5,20210211,124000,1.43,1.446,1.43,1.446,3032,0
IST,5,20210211,124500,1.44,1.45,1.44,1.45,17588,0
IST,5,20210211,125000,1.446,1.448,1.44,1.44,12757,0
IST,5,20210211,125500,1.446,1.448,1.446,1.448,3000,0
IST,5,20210211,130000,1.448,1.448,1.444,1.444,1100,0
IST,5,20210211,130500,1.444,1.45,1.44,1.45,29380,0
IST,5,20210211,131000,1.45,1.458,1.43,1.458,10675,0
IST,5,20210211,131500,1.456,1.456,1.404,1.404,6257,0
IST,5,20210211,132000,1.42,1.438,1.42,1.438,5343,0
IST,5,20210211,132500,1.438,1.438,1.438,1.438,745,0
IST,5,20210211,133000,1.438,1.438,1.438,1.438,1425,0
IST,5,20210211,133500,1.438,1.438,1.434,1.434,1535,0
IST,5,20210211,134000,1.43,1.43,1.43,1.43,700,0
IST,5,20210211,134500,1.41,1.438,1.41,1.438,4255,0
IST,5,20210211,135000,1.438,1.438,1.412,1.412,1037,0
IST,5,20210211,135500,1.434,1.464,1.43,1.464,82339,0
IST,5,20210211,141500,1.48,1.54,1.48,1.528,53892,0
IST,5,20210211,142000,1.53,1.66,1.53,1.62,136820,0
IST,5,20210211,142500,1.648,1.69,1.56,1.572,82845,0
IST,5,20210211,143000,1.56,1.576,1.5,1.52,46751,0
IST,5,20210211,143500,1.532,1.594,1.5,1.588,53435,0
IST,5,20210211,144000,1.584,1.584,1.5,1.5,40046,0
IST,5,20210211,144500,1.506,1.538,1.506,1.536,8835,0
IST,5,20210211,145000,1.528,1.56,1.51,1.542,13410,0
IST,5,20210211,145500,1.554,1.564,1.55,1.564,14992,0
IST,5,20210211,150000,1.562,1.58,1.562,1.58,36103,0
IST,5,20210211,150500,1.586,1.592,1.58,1.592,9223,0
IST,5,20210211,151000,1.594,1.62,1.59,1.6,31197,0
IST,5,20210211,151500,1.59,1.59,1.58,1.59,19478,0
IST,5,20210211,152000,1.58,1.59,1.55,1.59,2181,0
IST,5,20210211,152500,1.588,1.6,1.528,1.528,16450,0
IST,5,20210211,153000,1.588,1.588,1.536,1.536,7320,0
IST,5,20210211,153500,1.534,1.566,1.524,1.55,7576,0
IST,5,20210211,154000,1.548,1.576,1.53,1.542,3715,0
IST,5,20210211,154500,1.542,1.542,1.542,1.542,310,0
IST,5,20210211,155000,1.55,1.55,1.53,1.55,5237,0
IST,5,20210211,155500,1.54,1.596,1.54,1.596,16694,0
IST,5,20210211,160000,1.6,1.62,1.54,1.54,28520,0
IST,5,20210211,160500,1.62,1.62,1.61,1.61,1001,0
IST,5,20210211,161000,1.562,1.562,1.56,1.56,2308,0
IST,5,20210211,161500,1.562,1.608,1.56,1.6,20673,0
IST,5,20210211,162000,1.594,1.608,1.58,1.608,23711,0
IST,5,20210211,162500,1.598,1.608,1.59,1.594,8383,0
IST,5,20210211,163000,1.592,1.602,1.57,1.57,20596,0
IST,5,20210211,163500,1.588,1.6,1.562,1.6,41543,0
IST,5,20210211,164000,1.572,1.598,1.572,1.588,8514,0
IST,5,20210211,164500,1.586,1.626,1.57,1.626,77995,0
IST,5,20210212,090000,1.7,1.88,1.7,1.868,295183,0
IST,5,20210212,090500,1.868,1.88,1.74,1.75,208630,0
IST,5,20210212,091000,1.79,1.85,1.75,1.85,63535,0
IST,5,20210212,091500,1.848,1.85,1.768,1.792,150177,0
IST,5,20210212,092000,1.772,1.83,1.77,1.82,53957,0
IST,5,20210212,092500,1.818,1.836,1.818,1.836,38769,0
IST,5,20210212,093000,1.83,1.99,1.83,1.952,265491,0
IST,5,20210212,093500,1.97,1.98,1.91,1.92,110180,0
IST,5,20210212,094000,1.938,1.94,1.852,1.9,105824,0
IST,5,20210212,094500,1.892,1.93,1.88,1.92,39679,0
IST,5,20210212,095000,1.91,1.92,1.89,1.89,29746,0
IST,5,20210212,095500,1.89,1.9,1.856,1.9,33282,0
IST,5,20210212,100000,1.9,1.916,1.86,1.86,27602,0
IST,5,20210212,100500,1.86,1.89,1.85,1.88,39824,0
IST,5,20210212,101000,1.87,1.9,1.87,1.88,28190,0
IST,5,20210212,101500,1.882,1.898,1.83,1.832,71015,0
IST,5,20210212,102000,1.848,1.848,1.762,1.8,117738,0
IST,5,20210212,102500,1.83,1.834,1.8,1.8,42960,0
IST,5,20210212,103000,1.79,1.83,1.764,1.828,66376,0
IST,5,20210212,103500,1.78,1.82,1.78,1.782,16132,0
IST,5,20210212,104000,1.782,1.826,1.766,1.824,21247,0
IST,5,20210212,104500,1.824,1.824,1.802,1.818,21173,0
IST,5,20210212,105000,1.804,1.846,1.802,1.844,32848,0
IST,5,20210212,105500,1.84,1.84,1.81,1.81,30553,0
IST,5,20210212,110000,1.82,1.82,1.78,1.818,65826,0
IST,5,20210212,110500,1.81,1.816,1.78,1.784,15686,0
IST,5,20210212,111000,1.784,1.808,1.784,1.808,48792,0
IST,5,20210212,111500,1.81,1.81,1.786,1.786,1088,0
IST,5,20210212,112000,1.786,1.79,1.77,1.77,29924,0
IST,5,20210212,112500,1.77,1.81,1.77,1.81,13748,0
IST,5,20210212,113000,1.79,1.8,1.78,1.8,9032,0
IST,5,20210212,113500,1.784,1.784,1.77,1.78,17565,0
IST,5,20210212,114000,1.78,1.78,1.77,1.77,1987,0
IST,5,20210212,114500,1.77,1.77,1.722,1.722,70009,0
IST,5,20210212,115000,1.77,1.77,1.73,1.758,9099,0
IST,5,20210212,115500,1.74,1.756,1.74,1.756,5634,0
IST,5,20210212,120000,1.754,1.77,1.736,1.77,46146,0
IST,5,20210212,120500,1.75,1.75,1.72,1.722,16926,0
IST,5,20210212,121000,1.74,1.748,1.702,1.738,12916,0
IST,5,20210212,121500,1.702,1.702,1.672,1.674,84143,0
IST,5,20210212,122000,1.68,1.68,1.608,1.67,69075,0
IST,5,20210212,122500,1.67,1.726,1.66,1.72,31617,0
IST,5,20210212,123000,1.72,1.73,1.69,1.69,34813,0
IST,5,20210212,123500,1.7,1.72,1.69,1.72,6748,0
IST,5,20210212,124000,1.71,1.728,1.71,1.71,11550,0
IST,5,20210212,124500,1.7,1.73,1.7,1.73,8059,0
IST,5,20210212,125000,1.702,1.73,1.7,1.7,25005,0
IST,5,20210212,125500,1.69,1.69,1.61,1.65,43905,0
IST,5,20210212,130000,1.62,1.65,1.62,1.65,16704,0
IST,5,20210212,130500,1.652,1.68,1.652,1.68,1278,0
IST,5,20210212,131000,1.68,1.7,1.672,1.7,19808,0
IST,5,20210212,131500,1.7,1.7,1.672,1.672,10666,0
IST,5,20210212,132000,1.672,1.672,1.652,1.654,10183,0
IST,5,20210212,132500,1.658,1.68,1.654,1.68,13022,0
IST,5,20210212,133000,1.686,1.686,1.654,1.684,7722,0
IST,5,20210212,133500,1.684,1.7,1.684,1.7,11540,0
IST,5,20210212,134000,1.7,1.738,1.7,1.72,28750,0
IST,5,20210212,134500,1.716,1.72,1.716,1.72,10000,0
IST,5,20210212,135000,1.72,1.738,1.72,1.73,7726,0
IST,5,20210212,135500,1.73,1.736,1.73,1.736,2000,0
IST,5,20210212,140000,1.736,1.736,1.736,1.736,1000,0
IST,5,20210212,140500,1.732,1.732,1.732,1.732,1200,0
IST,5,20210212,141000,1.73,1.75,1.73,1.75,21881,0
IST,5,20210212,141500,1.758,1.77,1.758,1.77,7999,0
IST,5,20210212,142000,1.77,1.792,1.758,1.792,7375,0
IST,5,20210212,142500,1.792,1.8,1.74,1.74,9721,0
IST,5,20210212,143000,1.75,1.78,1.7,1.7,13077,0
IST,5,20210212,143500,1.73,1.74,1.71,1.74,7722,0
IST,5,20210212,144000,1.738,1.74,1.72,1.74,7500,0
IST,5,20210212,144500,1.72,1.72,1.7,1.7,11871,0
IST,5,20210212,145000,1.7,1.7,1.7,1.7,208,0
IST,5,20210212,145500,1.7,1.72,1.7,1.72,2093,0
IST,5,20210212,150000,1.72,1.72,1.7,1.72,7474,0
IST,5,20210212,150500,1.718,1.718,1.718,1.718,294,0
IST,5,20210212,151000,1.7,1.72,1.7,1.72,7766,0
IST,5,20210212,151500,1.71,1.72,1.688,1.688,8163,0
IST,5,20210212,152000,1.7,1.7,1.68,1.68,495,0
IST,5,20210212,152500,1.7,1.7,1.68,1.7,1875,0
IST,5,20210212,153000,1.7,1.7,1.7,1.7,4793,0
IST,5,20210212,153500,1.71,1.712,1.71,1.712,4270,0
IST,5,20210212,154000,1.712,1.74,1.712,1.74,630,0
IST,5,20210212,154500,1.716,1.74,1.716,1.74,820,0
IST,5,20210212,155000,1.716,1.716,1.698,1.698,9174,0
IST,5,20210212,155500,1.69,1.738,1.69,1.7,31974,0
IST,5,20210212,160000,1.7,1.7,1.69,1.7,703,0
IST,5,20210212,160500,1.7,1.7,1.7,1.7,2832,0
IST,5,20210212,162000,1.702,1.702,1.7,1.7,8714,0
IST,5,20210212,162500,1.7,1.7,1.7,1.7,4000,0
IST,5,20210212,163000,1.7,1.7,1.7,1.7,3286,0
IST,5,20210212,163500,1.72,1.72,1.7,1.7,2060,0
IST,5,20210212,164000,1.7,1.75,1.654,1.75,33420,0
IST,5,20210212,164500,1.73,1.73,1.73,1.73,7500,0
IST,5,20210215,090000,1.85,1.86,1.73,1.83,113844,0
IST,5,20210215,090500,1.83,1.83,1.75,1.8,33903,0
IST,5,20210215,091000,1.798,1.8,1.794,1.794,9430,0
IST,5,20210215,091500,1.794,1.8,1.75,1.77,19996,0
IST,5,20210215,092000,1.798,1.8,1.77,1.8,17399,0
IST,5,20210215,092500,1.8,1.8,1.8,1.8,2571,0
IST,5,20210215,093000,1.8,1.81,1.8,1.81,6135,0
IST,5,20210215,093500,1.8,1.85,1.8,1.83,24301,0
IST,5,20210215,094000,1.828,1.828,1.81,1.826,4846,0
IST,5,20210215,094500,1.826,1.826,1.82,1.82,3600,0
IST,5,20210215,095000,1.82,1.83,1.82,1.82,7591,0
IST,5,20210215,095500,1.818,1.818,1.816,1.818,2767,0
IST,5,20210215,100000,1.818,1.85,1.818,1.85,30223,0
IST,5,20210215,100500,1.85,1.898,1.85,1.89,26780,0
IST,5,20210215,101000,1.888,1.89,1.87,1.872,2040,0
IST,5,20210215,101500,1.87,1.89,1.87,1.89,2603,0
IST,5,20210215,102000,1.876,1.89,1.8,1.87,17480,0
IST,5,20210215,102500,1.87,1.87,1.868,1.868,1037,0
IST,5,20210215,103000,1.816,1.866,1.814,1.82,10222,0
IST,5,20210215,103500,1.822,1.824,1.822,1.824,1025,0
IST,5,20210215,104000,1.862,1.862,1.862,1.862,130,0
IST,5,20210215,104500,1.85,1.85,1.82,1.82,3838,0
IST,5,20210215,105000,1.826,1.86,1.81,1.86,16011,0
IST,5,20210215,105500,1.85,1.85,1.85,1.85,8009,0
IST,5,20210215,110000,1.864,1.864,1.856,1.856,1515,0
IST,5,20210215,110500,1.82,1.854,1.81,1.81,3350,0
IST,5,20210215,111000,1.85,1.85,1.82,1.82,1115,0
IST,5,20210215,111500,1.81,1.848,1.81,1.848,2480,0
IST,5,20210215,112000,1.82,1.82,1.8,1.8,33872,0
IST,5,20210215,112500,1.8,1.8,1.8,1.8,3751,0
IST,5,20210215,113000,1.8,1.8,1.8,1.8,5025,0
IST,5,20210215,113500,1.8,1.8,1.8,1.8,100,0
IST,5,20210215,114500,1.8,1.8,1.78,1.78,5006,0
IST,5,20210215,115000,1.76,1.76,1.752,1.754,2927,0
IST,5,20210215,115500,1.786,1.79,1.76,1.79,8420,0
IST,5,20210215,120000,1.79,1.79,1.79,1.79,2880,0
IST,5,20210215,120500,1.782,1.79,1.782,1.79,1392,0
IST,5,20210215,121000,1.8,1.8,1.782,1.8,1810,0
IST,5,20210215,121500,1.8,1.8,1.8,1.8,3782,0
IST,5,20210215,122000,1.81,1.82,1.81,1.82,16000,0
IST,5,20210215,122500,1.83,1.83,1.8,1.83,1654,0
IST,5,20210215,123500,1.828,1.828,1.828,1.828,57,0
IST,5,20210215,124000,1.8,1.8,1.8,1.8,1795,0
IST,5,20210215,124500,1.8,1.826,1.76,1.826,15418,0
IST,5,20210215,125000,1.824,1.826,1.824,1.826,772,0
IST,5,20210215,125500,1.79,1.79,1.79,1.79,1000,0
IST,5,20210215,130500,1.81,1.81,1.81,1.81,20,0
IST,5,20210215,131500,1.8,1.8,1.78,1.78,2653,0
IST,5,20210215,132000,1.81,1.81,1.81,1.81,500,0
IST,5,20210215,132500,1.8,1.8,1.8,1.8,900,0
IST,5,20210215,134000,1.8,1.8,1.8,1.8,1600,0
IST,5,20210215,134500,1.81,1.84,1.81,1.84,7634,0
IST,5,20210215,141000,1.828,1.828,1.828,1.828,2500,0
IST,5,20210215,141500,1.828,1.828,1.828,1.828,4199,0
IST,5,20210215,142000,1.81,1.868,1.81,1.868,20122,0
IST,5,20210215,142500,1.86,1.86,1.86,1.86,1900,0
IST,5,20210215,143000,1.84,1.84,1.84,1.84,1500,0
IST,5,20210215,143500,1.84,1.84,1.84,1.84,1515,0
IST,5,20210215,144000,1.86,1.86,1.84,1.84,665,0
IST,5,20210215,144500,1.84,1.85,1.82,1.85,886,0
IST,5,20210215,145000,1.85,1.85,1.85,1.85,5000,0
IST,5,20210215,145500,1.85,1.85,1.85,1.85,800,0
IST,5,20210215,150500,1.85,1.85,1.85,1.85,2000,0
IST,5,20210215,151500,1.85,1.85,1.85,1.85,80,0
IST,5,20210215,152000,1.85,1.87,1.85,1.87,8587,0
IST,5,20210215,152500,1.878,1.878,1.878,1.878,3500,0
IST,5,20210215,153000,1.88,1.88,1.85,1.85,6126,0
IST,5,20210215,153500,1.85,1.86,1.85,1.86,4526,0
IST,5,20210215,154000,1.86,1.86,1.86,1.86,50,0
IST,5,20210215,154500,1.86,1.86,1.86,1.86,2000,0
IST,5,20210215,155500,1.86,1.86,1.86,1.86,524,0
IST,5,20210215,160500,1.862,1.868,1.862,1.868,2000,0
IST,5,20210215,161000,1.858,1.86,1.848,1.85,7550,0
IST,5,20210215,161500,1.84,1.84,1.82,1.82,3203,0
IST,5,20210215,162500,1.812,1.812,1.8,1.8,8500,0
IST,5,20210215,163000,1.82,1.84,1.82,1.84,2050,0
IST,5,20210215,163500,1.85,1.85,1.83,1.83,761,0
IST,5,20210215,164000,1.83,1.83,1.82,1.82,2111,0
IST,5,20210215,164500,1.83,1.85,1.79,1.85,23431,0
IST,5,20210216,090000,1.85,1.85,1.8,1.8,21035,0
IST,5,20210216,090500,1.8,1.838,1.78,1.8,6027,0
IST,5,20210216,091000,1.8,1.81,1.77,1.77,18476,0
IST,5,20210216,091500,1.78,1.8,1.51,1.61,74557,0
IST,5,20210216,092000,1.66,1.74,1.62,1.74,86851,0
IST,5,20210216,092500,1.75,1.766,1.7,1.75,50547,0
IST,5,20210216,093000,1.748,1.75,1.72,1.73,5759,0
IST,5,20210216,093500,1.748,1.748,1.722,1.744,1896,0
IST,5,20210216,094000,1.74,1.74,1.702,1.702,2000,0
IST,5,20210216,094500,1.704,1.734,1.704,1.734,805,0
IST,5,20210216,095000,1.734,1.74,1.7,1.74,13330,0
IST,5,20210216,095500,1.738,1.75,1.726,1.726,7327,0
IST,5,20210216,100000,1.748,1.748,1.728,1.728,600,0
IST,5,20210216,100500,1.744,1.746,1.728,1.728,2804,0
IST,5,20210216,101500,1.728,1.728,1.728,1.728,348,0
IST,5,20210216,102000,1.728,1.73,1.728,1.73,299,0
IST,5,20210216,102500,1.73,1.73,1.73,1.73,601,0
IST,5,20210216,103000,1.734,1.734,1.73,1.73,11224,0
IST,5,20210216,104000,1.73,1.73,1.698,1.702,8455,0
IST,5,20210216,104500,1.7,1.7,1.662,1.664,5222,0
IST,5,20210216,105000,1.678,1.686,1.664,1.666,11496,0
IST,5,20210216,105500,1.672,1.7,1.67,1.7,15122,0
IST,5,20210216,110000,1.672,1.672,1.672,1.672,500,0
IST,5,20210216,110500,1.676,1.676,1.676,1.676,611,0
IST,5,20210216,111000,1.676,1.676,1.66,1.66,34491,0
IST,5,20210216,111500,1.662,1.688,1.66,1.688,4576,0
IST,5,20210216,112000,1.652,1.652,1.63,1.632,20418,0
IST,5,20210216,112500,1.65,1.65,1.65,1.65,2362,0
IST,5,20210216,113000,1.648,1.69,1.648,1.688,10776,0
IST,5,20210216,113500,1.69,1.69,1.69,1.69,2358,0
IST,5,20210216,114500,1.69,1.69,1.69,1.69,2075,0
IST,5,20210216,115000,1.67,1.72,1.668,1.72,16815,0
IST,5,20210216,121000,1.718,1.72,1.718,1.72,7000,0
IST,5,20210216,121500,1.728,1.73,1.71,1.73,1500,0
IST,5,20210216,122000,1.73,1.73,1.73,1.73,107,0
IST,5,20210216,122500,1.718,1.718,1.718,1.718,3354,0
IST,5,20210216,123000,1.716,1.716,1.716,1.716,300,0
IST,5,20210216,124500,1.71,1.73,1.71,1.724,3640,0
IST,5,20210216,130000,1.72,1.72,1.69,1.69,1230,0
IST,5,20210216,130500,1.69,1.69,1.64,1.64,34937,0
IST,5,20210216,131000,1.64,1.688,1.63,1.688,43971,0
IST,5,20210216,131500,1.644,1.65,1.64,1.64,6914,0
IST,5,20210216,132000,1.634,1.634,1.604,1.604,48148,0
IST,5,20210216,132500,1.604,1.618,1.6,1.602,53780,0
IST,5,20210216,133000,1.6,1.602,1.562,1.57,46137,0
IST,5,20210216,133500,1.562,1.604,1.56,1.578,45210,0
IST,5,20210216,134000,1.578,1.578,1.522,1.522,104132,0
IST,5,20210216,134500,1.52,1.56,1.48,1.48,140248,0
IST,5,20210216,135000,1.492,1.492,1.492,1.492,17129,0
IST,5,20210216,135500,1.49,1.57,1.488,1.53,82316,0
IST,5,20210216,140000,1.522,1.522,1.492,1.5,87524,0
IST,5,20210216,140500,1.5,1.506,1.5,1.506,11385,0
IST,5,20210216,141000,1.504,1.526,1.5,1.526,8081,0
IST,5,20210216,141500,1.522,1.528,1.51,1.516,17152,0
IST,5,20210216,142000,1.516,1.542,1.516,1.542,9915,0
IST,5,20210216,142500,1.54,1.568,1.536,1.566,12425,0
IST,5,20210216,143000,1.558,1.59,1.54,1.578,25367,0
IST,5,20210216,143500,1.57,1.57,1.554,1.554,8610,0
IST,5,20210216,144000,1.554,1.554,1.538,1.538,12918,0
IST,5,20210216,144500,1.538,1.538,1.52,1.52,11212,0
IST,5,20210216,145000,1.516,1.526,1.51,1.524,21496,0
IST,5,20210216,145500,1.524,1.524,1.524,1.524,1796,0
IST,5,20210216,150000,1.52,1.546,1.52,1.546,5105,0
IST,5,20210216,150500,1.546,1.568,1.544,1.568,7771,0
IST,5,20210216,151000,1.55,1.56,1.55,1.55,9278,0
IST,5,20210216,151500,1.564,1.564,1.564,1.564,3,0
IST,5,20210216,152000,1.548,1.55,1.526,1.526,6396,0
IST,5,20210216,152500,1.56,1.56,1.558,1.56,1010,0
IST,5,20210216,153000,1.542,1.56,1.542,1.554,6183,0
IST,5,20210216,153500,1.55,1.56,1.54,1.54,4348,0
IST,5,20210216,154000,1.542,1.542,1.542,1.542,1836,0
IST,5,20210216,155500,1.542,1.564,1.542,1.564,15202,0
IST,5,20210216,160000,1.564,1.58,1.564,1.58,6995,0
IST,5,20210216,160500,1.562,1.6,1.56,1.6,36912,0
IST,5,20210216,161000,1.598,1.65,1.598,1.648,26753,0
IST,5,20210216,161500,1.632,1.646,1.622,1.646,11436,0
IST,5,20210216,162000,1.642,1.642,1.602,1.62,10934,0
IST,5,20210216,162500,1.62,1.642,1.554,1.588,27076,0
IST,5,20210216,163000,1.622,1.622,1.58,1.618,6400,0
IST,5,20210216,163500,1.618,1.64,1.6,1.6,12834,0
IST,5,20210216,164000,1.612,1.612,1.61,1.612,11956,0
IST,5,20210216,164500,1.642,1.642,1.562,1.638,9523,0
IST,5,20210217,090000,1.626,1.634,1.524,1.552,19316,0
IST,5,20210217,090500,1.552,1.628,1.55,1.55,5628,0
IST,5,20210217,091000,1.596,1.596,1.596,1.596,10,0
IST,5,20210217,091500,1.564,1.564,1.53,1.53,10877,0
IST,5,20210217,092000,1.524,1.524,1.524,1.524,16200,0
IST,5,20210217,092500,1.524,1.524,1.524,1.524,500,0
IST,5,20210217,093000,1.526,1.552,1.52,1.52,26031,0
IST,5,20210217,093500,1.526,1.536,1.48,1.48,38795,0
IST,5,20210217,094000,1.482,1.516,1.48,1.502,34406,0
IST,5,20210217,094500,1.546,1.546,1.538,1.538,581,0
IST,5,20210217,095000,1.502,1.502,1.5,1.5,3000,0
IST,5,20210217,095500,1.538,1.538,1.518,1.518,5883,0
IST,5,20210217,100000,1.518,1.52,1.514,1.516,3685,0
IST,5,20210217,100500,1.514,1.55,1.514,1.55,8544,0
IST,5,20210217,101000,1.54,1.59,1.538,1.59,28859,0
IST,5,20210217,101500,1.58,1.58,1.58,1.58,10,0
IST,5,20210217,102500,1.56,1.56,1.552,1.552,1152,0
IST,5,20210217,103000,1.552,1.568,1.55,1.55,16937,0
IST,5,20210217,103500,1.548,1.548,1.504,1.504,4500,0
IST,5,20210217,104000,1.548,1.548,1.548,1.548,429,0
IST,5,20210217,104500,1.548,1.55,1.548,1.55,7336,0
IST,5,20210217,105000,1.564,1.58,1.56,1.57,5884,0
IST,5,20210217,110000,1.522,1.522,1.522,1.522,10000,0
IST,5,20210217,111000,1.568,1.568,1.568,1.568,187,0
IST,5,20210217,114000,1.564,1.564,1.564,1.564,808,0
IST,5,20210217,114500,1.566,1.566,1.566,1.566,36,0
IST,5,20210217,115000,1.564,1.564,1.564,1.564,2187,0
IST,5,20210217,115500,1.564,1.564,1.564,1.564,1593,0
IST,5,20210217,120500,1.53,1.53,1.524,1.524,936,0
IST,5,20210217,121000,1.562,1.562,1.524,1.526,4231,0
IST,5,20210217,121500,1.526,1.526,1.522,1.522,2549,0
IST,5,20210217,122000,1.522,1.522,1.522,1.522,275,0
IST,5,20210217,122500,1.532,1.532,1.532,1.532,700,0
IST,5,20210217,123000,1.54,1.54,1.54,1.54,120,0
IST,5,20210217,125000,1.56,1.56,1.56,1.56,350,0
IST,5,20210217,130000,1.56,1.56,1.56,1.56,200,0
IST,5,20210217,130500,1.532,1.532,1.532,1.532,1104,0
IST,5,20210217,132000,1.558,1.558,1.558,1.558,469,0
IST,5,20210217,132500,1.558,1.558,1.558,1.558,400,0
IST,5,20210217,134000,1.558,1.558,1.558,1.558,387,0
IST,5,20210217,140000,1.542,1.542,1.542,1.542,322,0
IST,5,20210217,140500,1.542,1.558,1.542,1.558,588,0
IST,5,20210217,141000,1.542,1.542,1.53,1.53,2500,0
IST,5,20210217,142000,1.558,1.558,1.558,1.558,100,0
IST,5,20210217,142500,1.55,1.55,1.532,1.532,2356,0
IST,5,20210217,143000,1.558,1.558,1.558,1.558,40,0
IST,5,20210217,143500,1.532,1.532,1.514,1.514,9000,0
IST,5,20210217,144000,1.514,1.514,1.514,1.514,2169,0
IST,5,20210217,144500,1.514,1.56,1.514,1.56,1804,0
IST,5,20210217,145000,1.516,1.516,1.516,1.516,903,0
IST,5,20210217,145500,1.516,1.516,1.504,1.504,7980,0
IST,5,20210217,150000,1.558,1.558,1.558,1.558,10,0
IST,5,20210217,152500,1.512,1.512,1.51,1.51,1500,0
IST,5,20210217,153000,1.512,1.512,1.504,1.504,10931,0
IST,5,20210217,153500,1.506,1.506,1.504,1.504,1500,0
IST,5,20210217,154000,1.504,1.518,1.504,1.518,4353,0
IST,5,20210217,154500,1.548,1.548,1.548,1.548,728,0
IST,5,20210217,155000,1.548,1.548,1.546,1.546,4956,0
IST,5,20210217,155500,1.546,1.556,1.512,1.512,2607,0
IST,5,20210217,160000,1.514,1.554,1.514,1.554,7,0
IST,5,20210217,160500,1.548,1.548,1.548,1.548,74,0
IST,5,20210217,161500,1.548,1.548,1.548,1.548,1808,0
IST,5,20210217,162000,1.548,1.56,1.548,1.56,6078,0
IST,5,20210217,163000,1.548,1.548,1.514,1.514,1000,0
IST,5,20210217,164500,1.538,1.54,1.538,1.54,2291,0
IST,5,20210218,090000,1.54,1.554,1.51,1.554,2525,0
IST,5,20210218,090500,1.554,1.554,1.554,1.554,32,0
IST,5,20210218,091000,1.522,1.522,1.522,1.522,292,0
IST,5,20210218,091500,1.522,1.53,1.522,1.53,2746,0
IST,5,20210218,092000,1.554,1.554,1.554,1.554,500,0
IST,5,20210218,092500,1.554,1.56,1.554,1.56,5055,0
IST,5,20210218,093000,1.56,1.57,1.56,1.562,5493,0
IST,5,20210218,093500,1.562,1.562,1.562,1.562,1000,0
IST,5,20210218,094000,1.56,1.562,1.55,1.562,9475,0
IST,5,20210218,094500,1.58,1.58,1.58,1.58,659,0
IST,5,20210218,095000,1.58,1.59,1.58,1.59,4918,0
IST,5,20210218,095500,1.59,1.618,1.59,1.618,7358,0
IST,5,20210218,100000,1.618,1.62,1.61,1.616,4301,0
IST,5,20210218,100500,1.616,1.66,1.616,1.66,28317,0
IST,5,20210218,101000,1.66,1.748,1.66,1.748,61954,0
IST,5,20210218,101500,1.74,1.74,1.662,1.662,21334,0
IST,5,20210218,102000,1.662,1.682,1.648,1.668,12917,0
IST,5,20210218,102500,1.636,1.636,1.636,1.636,1551,0
IST,5,20210218,103000,1.634,1.676,1.63,1.676,10139,0
IST,5,20210218,103500,1.676,1.68,1.676,1.68,2919,0
IST,5,20210218,104500,1.67,1.67,1.67,1.67,300,0
IST,5,20210218,105000,1.66,1.672,1.66,1.66,3532,0
IST,5,20210218,105500,1.66,1.678,1.66,1.678,1011,0
IST,5,20210218,110000,1.652,1.652,1.652,1.652,1004,0
IST,5,20210218,112000,1.678,1.684,1.678,1.684,5023,0
IST,5,20210218,112500,1.684,1.69,1.684,1.69,1877,0
IST,5,20210218,113000,1.686,1.686,1.686,1.686,300,0
IST,5,20210218,114000,1.686,1.686,1.686,1.686,609,0
IST,5,20210218,114500,1.68,1.688,1.68,1.688,2189,0
IST,5,20210218,115000,1.686,1.686,1.686,1.686,60,0
IST,5,20210218,120000,1.668,1.668,1.668,1.668,1141,0
IST,5,20210218,120500,1.666,1.666,1.666,1.666,1000,0
IST,5,20210218,121000,1.666,1.666,1.666,1.666,1000,0
IST,5,20210218,121500,1.66,1.666,1.66,1.666,2000,0
IST,5,20210218,122500,1.664,1.666,1.644,1.644,5100,0
IST,5,20210218,125500,1.644,1.66,1.642,1.66,387,0
IST,5,20210218,130000,1.66,1.66,1.64,1.64,1302,0
IST,5,20210218,130500,1.642,1.642,1.642,1.642,743,0
IST,5,20210218,131000,1.658,1.658,1.658,1.658,25,0
IST,5,20210218,132500,1.652,1.658,1.652,1.656,3651,0
IST,5,20210218,133000,1.642,1.642,1.642,1.642,446,0
IST,5,20210218,133500,1.642,1.65,1.64,1.65,3688,0
IST,5,20210218,134000,1.65,1.65,1.65,1.65,897,0
IST,5,20210218,134500,1.64,1.64,1.602,1.602,12861,0
IST,5,20210218,135000,1.602,1.604,1.57,1.57,14924,0
IST,5,20210218,135500,1.57,1.624,1.57,1.624,1562,0
IST,5,20210218,140000,1.572,1.572,1.57,1.57,900,0
IST,5,20210218,141500,1.624,1.624,1.624,1.624,509,0
IST,5,20210218,143000,1.58,1.58,1.58,1.58,345,0
IST,5,20210218,143500,1.622,1.624,1.622,1.624,314,0
IST,5,20210218,144000,1.622,1.622,1.622,1.622,160,0
IST,5,20210218,145500,1.622,1.658,1.622,1.658,5859,0
IST,5,20210218,150000,1.648,1.648,1.648,1.648,2069,0
IST,5,20210218,151500,1.638,1.638,1.638,1.638,100,0
IST,5,20210218,152000,1.6,1.6,1.57,1.57,7274,0
IST,5,20210218,152500,1.602,1.602,1.57,1.572,3147,0
IST,5,20210218,153000,1.582,1.582,1.58,1.58,1090,0
IST,5,20210218,153500,1.608,1.61,1.55,1.56,49691,0
IST,5,20210218,155000,1.55,1.55,1.55,1.55,1000,0
IST,5,20210218,155500,1.56,1.6,1.56,1.578,2869,0
IST,5,20210218,160000,1.578,1.6,1.552,1.552,2358,0
IST,5,20210218,160500,1.56,1.562,1.56,1.562,3,0
IST,5,20210218,161000,1.598,1.6,1.598,1.6,800,0
IST,5,20210218,162000,1.582,1.598,1.582,1.598,542,0
IST,5,20210218,163000,1.6,1.6,1.6,1.6,66,0
IST,5,20210218,164000,1.6,1.6,1.55,1.55,12734,0
IST,5,20210218,164500,1.608,1.608,1.55,1.55,9275,0
IST,5,20210219,090000,1.5,1.58,1.5,1.502,2542,0
IST,5,20210219,090500,1.548,1.55,1.506,1.518,3128,0
IST,5,20210219,091000,1.608,1.618,1.554,1.554,575,0
IST,5,20210219,091500,1.552,1.64,1.552,1.64,31450,0
IST,5,20210219,092000,1.63,1.63,1.628,1.628,1002,0
IST,5,20210219,092500,1.6,1.628,1.56,1.628,605,0
IST,5,20210219,093500,1.628,1.63,1.628,1.628,1689,0
IST,5,20210219,094000,1.58,1.628,1.56,1.628,1515,0
IST,5,20210219,095000,1.582,1.582,1.552,1.552,6000,0
IST,5,20210219,095500,1.552,1.59,1.55,1.59,2285,0
IST,5,20210219,100000,1.562,1.562,1.562,1.562,950,0
IST,5,20210219,100500,1.588,1.59,1.588,1.59,19263,0
IST,5,20210219,101500,1.598,1.598,1.598,1.598,500,0
IST,5,20210219,103000,1.59,1.59,1.58,1.58,2089,0
IST,5,20210219,103500,1.556,1.556,1.554,1.556,600,0
IST,5,20210219,104000,1.56,1.578,1.55,1.55,4590,0
IST,5,20210219,104500,1.552,1.552,1.552,1.552,800,0
IST,5,20210219,105000,1.578,1.578,1.578,1.578,100,0
IST,5,20210219,105500,1.57,1.57,1.57,1.57,333,0
IST,5,20210219,111500,1.554,1.554,1.554,1.554,626,0
IST,5,20210219,112500,1.552,1.552,1.55,1.55,1529,0
IST,5,20210219,114500,1.55,1.55,1.55,1.55,50,0
IST,5,20210219,115500,1.55,1.55,1.512,1.512,10993,0
IST,5,20210219,120000,1.552,1.552,1.552,1.552,400,0
IST,5,20210219,120500,1.512,1.512,1.5,1.5,12162,0
IST,5,20210219,121000,1.502,1.55,1.502,1.55,1355,0
IST,5,20210219,123000,1.55,1.55,1.55,1.55,500,0
IST,5,20210219,123500,1.554,1.554,1.554,1.554,584,0
IST,5,20210219,124000,1.552,1.554,1.552,1.554,2658,0
IST,5,20210219,125000,1.554,1.554,1.554,1.554,290,0
IST,5,20210219,125500,1.538,1.538,1.53,1.53,1085,0
IST,5,20210219,130000,1.538,1.538,1.538,1.538,99,0
IST,5,20210219,130500,1.574,1.576,1.51,1.51,6838,0
IST,5,20210219,131000,1.56,1.576,1.56,1.57,4301,0
IST,5,20210219,134000,1.568,1.568,1.568,1.568,3,0
IST,5,20210219,134500,1.514,1.568,1.51,1.51,4582,0
IST,5,20210219,135000,1.55,1.55,1.55,1.55,642,0
IST,5,20210219,140000,1.55,1.552,1.55,1.552,1506,0
IST,5,20210219,141000,1.55,1.558,1.55,1.558,1136,0
IST,5,20210219,144500,1.542,1.542,1.542,1.542,582,0
IST,5,20210219,152000,1.55,1.55,1.55,1.55,358,0
IST,5,20210219,153000,1.54,1.54,1.54,1.54,1090,0
IST,5,20210219,153500,1.528,1.53,1.528,1.53,3583,0
IST,5,20210219,154000,1.53,1.568,1.53,1.568,20144,0
IST,5,20210219,154500,1.568,1.57,1.568,1.57,910,0
IST,5,20210219,161000,1.57,1.57,1.57,1.57,120,0
IST,5,20210219,162500,1.57,1.57,1.528,1.528,924,0
IST,5,20210219,163000,1.528,1.528,1.528,1.528,4,0
IST,5,20210219,164500,1.56,1.56,1.56,1.56,108,0
IST,5,20210222,090000,1.57,1.57,1.568,1.57,8228,0
IST,5,20210222,091000,1.568,1.57,1.568,1.57,414,0
IST,5,20210222,092000,1.568,1.57,1.568,1.57,650,0
IST,5,20210222,092500,1.522,1.522,1.522,1.522,50,0
IST,5,20210222,093000,1.52,1.522,1.52,1.522,6308,0
IST,5,20210222,093500,1.568,1.568,1.568,1.568,48,0
IST,5,20210222,094000,1.56,1.58,1.56,1.58,3255,0
IST,5,20210222,094500,1.578,1.578,1.578,1.578,6,0
IST,5,20210222,100000,1.578,1.578,1.578,1.578,1000,0
IST,5,20210222,100500,1.57,1.57,1.57,1.57,10,0
IST,5,20210222,101500,1.552,1.552,1.55,1.55,1046,0
IST,5,20210222,102000,1.538,1.57,1.538,1.57,7620,0
IST,5,20210222,104000,1.522,1.522,1.52,1.52,1700,0
IST,5,20210222,104500,1.52,1.52,1.51,1.51,4129,0
IST,5,20210222,105000,1.576,1.576,1.576,1.576,5,0
IST,5,20210222,105500,1.568,1.568,1.568,1.568,950,0
IST,5,20210222,110000,1.564,1.564,1.564,1.564,5,0
IST,5,20210222,111000,1.576,1.578,1.576,1.578,262,0
IST,5,20210222,112000,1.562,1.566,1.562,1.566,1000,0
IST,5,20210222,112500,1.512,1.554,1.512,1.554,2965,0
IST,5,20210222,113000,1.526,1.526,1.524,1.524,5866,0
IST,5,20210222,113500,1.51,1.51,1.51,1.51,100,0
IST,5,20210222,114500,1.51,1.51,1.492,1.51,8671,0
IST,5,20210222,120000,1.548,1.548,1.548,1.548,9,0
IST,5,20210222,120500,1.55,1.55,1.55,1.55,800,0
IST,5,20210222,121500,1.512,1.52,1.512,1.52,1300,0
IST,5,20210222,122000,1.53,1.53,1.53,1.53,600,0
IST,5,20210222,122500,1.554,1.556,1.554,1.556,754,0
IST,5,20210222,124500,1.522,1.522,1.522,1.522,2000,0
IST,5,20210222,131500,1.554,1.554,1.554,1.554,110,0
IST,5,20210222,133000,1.53,1.53,1.53,1.53,330,0
IST,5,20210222,140000,1.53,1.53,1.53,1.53,493,0
IST,5,20210222,141000,1.53,1.53,1.53,1.53,1310,0
IST,5,20210222,141500,1.552,1.552,1.552,1.552,1950,0
IST,5,20210222,142500,1.552,1.552,1.552,1.552,1,0
IST,5,20210222,143000,1.552,1.552,1.552,1.552,630,0
IST,5,20210222,143500,1.552,1.552,1.552,1.552,1000,0
IST,5,20210222,151000,1.552,1.552,1.552,1.552,624,0
IST,5,20210222,152500,1.548,1.548,1.548,1.548,850,0
IST,5,20210222,155500,1.532,1.532,1.532,1.532,850,0
IST,5,20210222,160500,1.53,1.53,1.53,1.53,50,0
IST,5,20210222,162500,1.53,1.53,1.53,1.53,1647,0
IST,5,20210223,090000,1.608,1.608,1.53,1.598,4677,0
IST,5,20210223,091000,1.532,1.532,1.532,1.532,138,0
IST,5,20210223,091500,1.532,1.588,1.532,1.588,9483,0
IST,5,20210223,093000,1.536,1.536,1.536,1.536,975,0
IST,5,20210223,093500,1.568,1.568,1.568,1.568,5,0
IST,5,20210223,094000,1.538,1.538,1.538,1.538,1396,0
IST,5,20210223,094500,1.536,1.536,1.534,1.534,2971,0
IST,5,20210223,095000,1.576,1.576,1.576,1.576,5,0
IST,5,20210223,100500,1.536,1.536,1.5,1.5,8229,0
IST,5,20210223,101000,1.502,1.502,1.502,1.502,486,0
IST,5,20210223,101500,1.56,1.56,1.52,1.52,1300,0
IST,5,20210223,103000,1.55,1.55,1.55,1.55,35,0
IST,5,20210223,105000,1.52,1.52,1.51,1.51,6500,0
IST,5,20210223,110000,1.502,1.502,1.502,1.502,500,0
IST,5,20210223,110500,1.502,1.502,1.502,1.502,1114,0
IST,5,20210223,111000,1.5,1.53,1.5,1.53,11154,0
IST,5,20210223,111500,1.5,1.53,1.5,1.53,6500,0
IST,5,20210223,112000,1.55,1.57,1.5,1.506,11661,0
IST,5,20210223,112500,1.588,1.59,1.588,1.59,1493,0
IST,5,20210223,114000,1.518,1.518,1.518,1.518,18500,0
IST,5,20210223,114500,1.584,1.584,1.584,1.584,5,0
IST,5,20210223,120000,1.584,1.584,1.584,1.584,350,0
IST,5,20210223,120500,1.528,1.528,1.528,1.528,1339,0
IST,5,20210223,122500,1.58,1.58,1.58,1.58,5,0
IST,5,20210223,123500,1.528,1.528,1.528,1.528,449,0
IST,5,20210223,125000,1.52,1.52,1.52,1.52,1000,0
IST,5,20210223,131000,1.52,1.52,1.52,1.52,2280,0
IST,5,20210223,134500,1.524,1.524,1.524,1.524,550,0
IST,5,20210223,140000,1.524,1.524,1.524,1.524,1,0
IST,5,20210223,144000,1.53,1.53,1.53,1.53,257,0
IST,5,20210223,150500,1.56,1.56,1.56,1.56,5,0
IST,5,20210223,151000,1.53,1.53,1.512,1.512,6000,0
IST,5,20210223,152000,1.56,1.56,1.56,1.56,5,0
IST,5,20210223,155000,1.512,1.512,1.5,1.5,3412,0
IST,5,20210223,155500,1.55,1.55,1.55,1.55,4,0
IST,5,20210223,160000,1.52,1.52,1.496,1.496,306,0
IST,5,20210223,161000,1.498,1.498,1.498,1.498,1860,0
IST,5,20210223,161500,1.498,1.498,1.494,1.494,7502,0
IST,5,20210223,162000,1.494,1.494,1.494,1.494,1996,0
IST,5,20210223,162500,1.494,1.494,1.49,1.49,2097,0
IST,5,20210223,163000,1.496,1.498,1.49,1.49,9376,0
IST,5,20210223,163500,1.49,1.49,1.47,1.47,10330,0
IST,5,20210223,164500,1.498,1.498,1.498,1.498,16329,0
IST,5,20210224,090000,1.46,1.548,1.46,1.548,6005,0
IST,5,20210224,091000,1.538,1.538,1.462,1.538,1863,0
IST,5,20210224,095000,1.534,1.534,1.534,1.534,8800,0
IST,5,20210224,100500,1.52,1.52,1.52,1.52,795,0
IST,5,20210224,101500,1.526,1.526,1.526,1.526,126,0
IST,5,20210224,103000,1.502,1.502,1.496,1.496,5023,0
IST,5,20210224,105000,1.496,1.496,1.496,1.496,692,0
IST,5,20210224,105500,1.496,1.496,1.496,1.496,1008,0
IST,5,20210224,110000,1.486,1.486,1.486,1.486,7600,0
IST,5,20210224,110500,1.476,1.476,1.46,1.46,2000,0
IST,5,20210224,111000,1.46,1.486,1.46,1.486,7512,0
IST,5,20210224,111500,1.486,1.486,1.486,1.486,17,0
IST,5,20210224,112000,1.486,1.51,1.486,1.51,12886,0
IST,5,20210224,113000,1.508,1.52,1.508,1.52,5000,0
IST,5,20210224,113500,1.502,1.516,1.502,1.516,1190,0
IST,5,20210224,115500,1.512,1.512,1.512,1.512,217,0
IST,5,20210224,123000,1.5,1.5,1.5,1.5,198,0
IST,5,20210224,130000,1.48,1.48,1.48,1.48,100,0
IST,5,20210224,131000,1.506,1.506,1.506,1.506,48,0
IST,5,20210224,131500,1.5,1.5,1.5,1.5,1000,0
IST,5,20210224,134000,1.5,1.5,1.5,1.5,69,0
IST,5,20210224,135500,1.5,1.5,1.5,1.5,1893,0
IST,5,20210224,140000,1.5,1.5,1.5,1.5,313,0
IST,5,20210224,155000,1.508,1.508,1.508,1.508,1048,0
IST,5,20210224,161000,1.514,1.514,1.514,1.514,8,0
IST,5,20210224,162000,1.5,1.5,1.472,1.472,562,0
IST,5,20210224,162500,1.472,1.514,1.46,1.514,5293,0
IST,5,20210224,163000,1.48,1.48,1.48,1.48,748,0
IST,5,20210224,164000,1.514,1.516,1.514,1.516,1410,0
IST,5,20210224,164500,1.514,1.55,1.514,1.55,35881,0
IST,5,20210224,165500,1.55,1.55,1.55,1.55,2371,0
IST,5,20210225,090000,1.58,1.58,1.58,1.58,5,0
IST,5,20210225,092000,1.578,1.578,1.552,1.552,419,0
IST,5,20210225,093500,1.578,1.578,1.578,1.578,50,0
IST,5,20210225,095500,1.578,1.578,1.578,1.578,25,0
IST,5,20210225,100500,1.56,1.56,1.56,1.56,334,0
IST,5,20210225,101000,1.562,1.562,1.562,1.562,962,0
IST,5,20210225,102000,1.562,1.562,1.55,1.55,1037,0
IST,5,20210225,103500,1.552,1.552,1.536,1.536,10000,0
IST,5,20210225,104500,1.57,1.57,1.57,1.57,500,0
IST,5,20210225,110000,1.552,1.552,1.53,1.55,10500,0
IST,5,20210225,111000,1.548,1.55,1.548,1.55,1200,0
IST,5,20210225,112000,1.532,1.532,1.51,1.51,10000,0
IST,5,20210225,112500,1.51,1.51,1.51,1.51,8592,0
IST,5,20210225,113000,1.502,1.502,1.5,1.5,1000,0
IST,5,20210225,113500,1.51,1.51,1.51,1.51,792,0
IST,5,20210225,114000,1.5,1.5,1.5,1.5,648,0
IST,5,20210225,115000,1.51,1.51,1.51,1.51,526,0
IST,5,20210225,120000,1.5,1.5,1.5,1.5,5,0
IST,5,20210225,121000,1.5,1.5,1.5,1.5,827,0
IST,5,20210225,122500,1.5,1.548,1.5,1.546,3582,0
IST,5,20210225,135500,1.548,1.59,1.546,1.59,28980,0
IST,5,20210225,140000,1.59,1.6,1.58,1.58,5852,0
IST,5,20210225,140500,1.58,1.59,1.58,1.59,3880,0
IST,5,20210225,141000,1.588,1.598,1.588,1.598,401,0
IST,5,20210225,141500,1.598,1.598,1.598,1.598,3020,0
IST,5,20210225,143000,1.586,1.596,1.586,1.596,1446,0
IST,5,20210225,144000,1.582,1.582,1.582,1.582,1248,0
IST,5,20210225,144500,1.56,1.562,1.55,1.55,4175,0
IST,5,20210225,145000,1.54,1.54,1.5,1.5,5066,0
IST,5,20210225,150500,1.53,1.55,1.53,1.55,336,0
IST,5,20210225,154000,1.54,1.54,1.54,1.54,659,0
IST,5,20210225,155000,1.548,1.55,1.548,1.55,937,0
IST,5,20210225,155500,1.512,1.512,1.51,1.51,3271,0
IST,5,20210225,161000,1.548,1.56,1.548,1.56,1150,0
IST,5,20210225,163000,1.512,1.512,1.512,1.512,659,0
IST,5,20210225,164000,1.558,1.56,1.54,1.56,683,0
IST,5,20210225,164500,1.56,1.598,1.5,1.5,9269,0
IST,5,20210226,090000,1.49,1.49,1.48,1.49,3300,0
IST,5,20210226,090500,1.49,1.49,1.49,1.49,2009,0
IST,5,20210226,091000,1.48,1.48,1.48,1.48,8150,0
IST,5,20210226,091500,1.488,1.49,1.488,1.49,3072,0
IST,5,20210226,092500,1.49,1.49,1.49,1.49,300,0
IST,5,20210226,093000,1.486,1.486,1.486,1.486,1555,0
IST,5,20210226,094500,1.486,1.486,1.486,1.486,445,0
IST,5,20210226,105500,1.486,1.486,1.486,1.486,65,0
IST,5,20210226,110500,1.48,1.48,1.48,1.48,100,0
IST,5,20210226,112500,1.48,1.486,1.48,1.486,221,0
IST,5,20210226,113000,1.486,1.49,1.486,1.49,100,0
IST,5,20210226,124000,1.49,1.49,1.49,1.49,4246,0
IST,5,20210226,124500,1.49,1.49,1.49,1.49,500,0
IST,5,20210226,125500,1.49,1.49,1.49,1.49,8336,0
IST,5,20210226,131500,1.49,1.49,1.49,1.49,336,0
IST,5,20210226,133500,1.49,1.54,1.49,1.54,1571,0
IST,5,20210226,142000,1.54,1.54,1.54,1.54,666,0
IST,5,20210226,143000,1.54,1.54,1.54,1.54,1200,0
IST,5,20210226,143500,1.522,1.522,1.522,1.522,998,0
IST,5,20210226,144000,1.53,1.54,1.51,1.51,2650,0
IST,5,20210226,144500,1.51,1.51,1.51,1.51,120,0
IST,5,20210226,150000,1.51,1.538,1.51,1.538,718,0
IST,5,20210226,153000,1.53,1.532,1.53,1.532,3833,0
IST,5,20210226,153500,1.53,1.58,1.53,1.58,1880,0
IST,5,20210226,154000,1.578,1.578,1.54,1.54,133,0
IST,5,20210226,163500,1.54,1.54,1.54,1.54,50,0
IST,5,20210226,164500,1.566,1.566,1.566,1.566,1,0
IST,5,20210301,090000,1.48,1.576,1.48,1.552,7080,0
IST,5,20210301,092000,1.576,1.576,1.576,1.576,5,0
IST,5,20210301,092500,1.552,1.552,1.552,1.552,78,0
IST,5,20210301,093000,1.56,1.562,1.56,1.562,773,0
IST,5,20210301,093500,1.562,1.574,1.562,1.574,3051,0
IST,5,20210301,094000,1.562,1.562,1.56,1.56,257,0
IST,5,20210301,095500,1.55,1.55,1.55,1.55,600,0
IST,5,20210301,100000,1.56,1.56,1.554,1.554,105,0
IST,5,20210301,101000,1.548,1.558,1.548,1.558,5044,0
IST,5,20210301,102000,1.556,1.562,1.556,1.562,4575,0
IST,5,20210301,102500,1.562,1.562,1.562,1.562,1539,0
IST,5,20210301,103000,1.576,1.61,1.576,1.61,15740,0
IST,5,20210301,103500,1.62,1.62,1.61,1.618,3606,0
IST,5,20210301,104000,1.6,1.6,1.6,1.6,10,0
IST,5,20210301,104500,1.598,1.6,1.598,1.6,3000,0
IST,5,20210301,105000,1.582,1.582,1.582,1.582,2000,0
IST,5,20210301,105500,1.598,1.604,1.598,1.604,11459,0
IST,5,20210301,110500,1.598,1.6,1.598,1.6,3534,0
IST,5,20210301,111000,1.6,1.606,1.6,1.606,5644,0
IST,5,20210301,112000,1.61,1.61,1.61,1.61,2,0
IST,5,20210301,113000,1.6,1.606,1.592,1.592,1352,0
IST,5,20210301,115000,1.604,1.604,1.604,1.604,5,0
IST,5,20210301,131500,1.588,1.588,1.588,1.588,277,0
IST,5,20210301,132000,1.588,1.588,1.588,1.588,23,0
IST,5,20210301,140500,1.57,1.57,1.564,1.564,4627,0
IST,5,20210301,142000,1.564,1.564,1.558,1.558,6647,0
IST,5,20210301,143000,1.558,1.558,1.558,1.558,1711,0
IST,5,20210301,143500,1.542,1.562,1.542,1.56,4070,0
IST,5,20210301,144000,1.542,1.542,1.5,1.5,25074,0
IST,5,20210301,144500,1.54,1.54,1.504,1.504,3994,0
IST,5,20210301,145000,1.546,1.546,1.52,1.52,35,0
IST,5,20210301,145500,1.496,1.544,1.492,1.538,2821,0
IST,5,20210301,150000,1.502,1.502,1.502,1.502,2005,0
IST,5,20210301,150500,1.508,1.518,1.502,1.508,6671,0
IST,5,20210301,151000,1.51,1.51,1.49,1.498,8978,0
IST,5,20210301,151500,1.498,1.498,1.498,1.498,19,0
IST,5,20210301,152000,1.482,1.482,1.48,1.48,3299,0
IST,5,20210301,152500,1.48,1.5,1.444,1.5,22220,0
IST,5,20210301,153000,1.49,1.49,1.442,1.442,3712,0
IST,5,20210301,153500,1.5,1.518,1.5,1.5,5180,0
IST,5,20210301,154000,1.518,1.518,1.518,1.518,1533,0
IST,5,20210301,160500,1.51,1.51,1.51,1.51,43,0
IST,5,20210301,164500,1.512,1.52,1.512,1.52,3700,0
IST,5,20210302,090000,1.55,1.55,1.46,1.46,6989,0
IST,5,20210302,090500,1.46,1.524,1.46,1.496,2117,0
IST,5,20210302,091000,1.49,1.49,1.484,1.484,2384,0
IST,5,20210302,091500,1.536,1.538,1.536,1.538,140,0
IST,5,20210302,092000,1.528,1.53,1.46,1.472,6057,0
IST,5,20210302,092500,1.478,1.478,1.458,1.476,2085,0
IST,5,20210302,094000,1.492,1.492,1.46,1.46,2938,0
IST,5,20210302,095000,1.504,1.504,1.462,1.48,113,0
IST,5,20210302,095500,1.47,1.498,1.47,1.496,2215,0
IST,5,20210302,100000,1.464,1.464,1.46,1.46,3401,0
IST,5,20210302,101500,1.462,1.462,1.46,1.46,824,0
IST,5,20210302,102500,1.458,1.462,1.45,1.45,8670,0
IST,5,20210302,104000,1.48,1.48,1.48,1.48,3404,0
IST,5,20210302,104500,1.488,1.488,1.488,1.488,1554,0
IST,5,20210302,105000,1.49,1.49,1.49,1.49,289,0
IST,5,20210302,105500,1.494,1.494,1.494,1.494,2000,0
IST,5,20210302,111500,1.482,1.482,1.482,1.482,995,0
IST,5,20210302,112000,1.48,1.48,1.48,1.48,28,0
IST,5,20210302,112500,1.46,1.478,1.46,1.478,4207,0
IST,5,20210302,113000,1.47,1.47,1.46,1.46,4850,0
IST,5,20210302,113500,1.456,1.456,1.456,1.456,1340,0
IST,5,20210302,114500,1.456,1.456,1.452,1.452,6599,0
IST,5,20210302,115000,1.452,1.452,1.45,1.45,1807,0
IST,5,20210302,115500,1.442,1.442,1.442,1.442,1617,0
IST,5,20210302,121500,1.444,1.444,1.444,1.444,110,0
IST,5,20210302,122000,1.444,1.444,1.42,1.422,8550,0
IST,5,20210302,122500,1.44,1.452,1.44,1.452,1725,0
IST,5,20210302,123000,1.452,1.452,1.422,1.422,1747,0
IST,5,20210302,124500,1.476,1.476,1.476,1.476,3694,0
IST,5,20210302,134500,1.458,1.458,1.438,1.438,336,0
IST,5,20210302,135000,1.43,1.458,1.43,1.458,632,0
IST,5,20210302,140000,1.432,1.432,1.43,1.43,1000,0
IST,5,20210302,140500,1.456,1.458,1.456,1.458,1975,0
IST,5,20210302,141000,1.442,1.442,1.442,1.442,1904,0
IST,5,20210302,141500,1.434,1.434,1.392,1.392,28630,0
IST,5,20210302,142000,1.392,1.44,1.382,1.394,3513,0
IST,5,20210302,142500,1.392,1.44,1.39,1.432,7597,0
IST,5,20210302,143000,1.396,1.396,1.394,1.394,2662,0
IST,5,20210302,143500,1.396,1.432,1.396,1.41,2466,0
IST,5,20210302,144000,1.432,1.432,1.432,1.432,50,0
IST,5,20210302,144500,1.41,1.41,1.41,1.41,1,0
IST,5,20210302,145000,1.412,1.428,1.412,1.428,1928,0
IST,5,20210302,145500,1.428,1.428,1.398,1.398,1188,0
IST,5,20210302,150000,1.428,1.43,1.398,1.42,7920,0
IST,5,20210302,150500,1.418,1.42,1.4,1.418,5383,0
IST,5,20210302,151000,1.41,1.41,1.396,1.396,5005,0
IST,5,20210302,152000,1.398,1.398,1.396,1.396,2014,0
IST,5,20210302,152500,1.396,1.426,1.396,1.426,2677,0
IST,5,20210302,153000,1.426,1.426,1.38,1.38,21048,0
IST,5,20210302,153500,1.39,1.39,1.39,1.39,1721,0
IST,5,20210302,154000,1.424,1.424,1.424,1.424,5,0
IST,5,20210302,154500,1.416,1.416,1.402,1.402,771,0
IST,5,20210302,155500,1.416,1.416,1.416,1.416,350,0
IST,5,20210302,162000,1.406,1.406,1.406,1.406,850,0
IST,5,20210302,162500,1.404,1.404,1.404,1.404,950,0
IST,5,20210302,163000,1.42,1.426,1.42,1.426,1295,0
IST,5,20210302,163500,1.428,1.428,1.41,1.41,2277,0
IST,5,20210302,164500,1.41,1.426,1.402,1.426,6665,0
IST,5,20210303,090000,1.44,1.44,1.414,1.414,9,0
IST,5,20210303,091000,1.434,1.434,1.414,1.414,1609,0
IST,5,20210303,092000,1.434,1.436,1.434,1.436,1020,0
IST,5,20210303,092500,1.434,1.44,1.414,1.438,4038,0
IST,5,20210303,093000,1.416,1.416,1.416,1.416,720,0
IST,5,20210303,093500,1.438,1.44,1.438,1.44,2196,0
IST,5,20210303,094000,1.442,1.442,1.438,1.438,1193,0
IST,5,20210303,094500,1.438,1.446,1.438,1.446,6262,0
IST,5,20210303,095000,1.456,1.456,1.456,1.456,20,0
IST,5,20210303,095500,1.456,1.486,1.456,1.486,3074,0
IST,5,20210303,100000,1.486,1.486,1.484,1.484,30,0
IST,5,20210303,100500,1.44,1.44,1.44,1.44,4848,0
IST,5,20210303,101000,1.482,1.482,1.438,1.438,524,0
IST,5,20210303,101500,1.458,1.46,1.458,1.46,5765,0
IST,5,20210303,102000,1.464,1.466,1.414,1.414,33,0
IST,5,20210303,103000,1.464,1.47,1.412,1.412,6529,0
IST,5,20210303,103500,1.468,1.468,1.414,1.414,22,0
IST,5,20210303,104000,1.414,1.478,1.412,1.478,3563,0
IST,5,20210303,104500,1.476,1.476,1.476,1.476,4646,0
IST,5,20210303,110500,1.472,1.48,1.418,1.418,4394,0
IST,5,20210303,111000,1.484,1.488,1.452,1.484,8556,0
IST,5,20210303,111500,1.452,1.486,1.452,1.486,170,0
IST,5,20210303,112500,1.486,1.488,1.482,1.482,2227,0
IST,5,20210303,113500,1.452,1.452,1.416,1.416,10000,0
IST,5,20210303,114000,1.446,1.446,1.446,1.446,20,0
IST,5,20210303,114500,1.416,1.42,1.384,1.384,20000,0
IST,5,20210303,115000,1.386,1.386,1.322,1.334,32562,0
IST,5,20210303,120000,1.398,1.398,1.398,1.398,400,0
IST,5,20210303,120500,1.346,1.396,1.346,1.396,911,0
IST,5,20210303,121000,1.346,1.39,1.346,1.39,36,0
IST,5,20210303,122000,1.368,1.386,1.35,1.386,11108,0
IST,5,20210303,123000,1.352,1.352,1.344,1.344,2053,0
IST,5,20210303,123500,1.384,1.384,1.384,1.384,720,0
IST,5,20210303,130000,1.38,1.38,1.38,1.38,2000,0
IST,5,20210303,130500,1.352,1.352,1.35,1.35,1000,0
IST,5,20210303,131000,1.352,1.366,1.352,1.366,3526,0
IST,5,20210303,131500,1.378,1.378,1.352,1.352,293,0
IST,5,20210303,133000,1.352,1.352,1.352,1.352,278,0
IST,5,20210303,133500,1.368,1.368,1.368,1.368,5000,0
IST,5,20210303,134500,1.352,1.368,1.352,1.368,2104,0
IST,5,20210303,135000,1.352,1.352,1.352,1.352,779,0
IST,5,20210303,135500,1.366,1.39,1.366,1.39,14100,0
IST,5,20210303,140000,1.356,1.356,1.356,1.356,449,0
IST,5,20210303,140500,1.388,1.388,1.356,1.356,936,0
IST,5,20210303,141000,1.388,1.388,1.388,1.388,10,0
IST,5,20210303,141500,1.356,1.356,1.356,1.356,1653,0
IST,5,20210303,142000,1.354,1.354,1.354,1.354,900,0
IST,5,20210303,142500,1.35,1.35,1.31,1.318,45941,0
IST,5,20210303,143000,1.318,1.318,1.318,1.318,2238,0
IST,5,20210303,144500,1.344,1.344,1.302,1.302,13670,0
IST,5,20210303,145500,1.344,1.344,1.344,1.344,690,0
IST,5,20210303,150000,1.344,1.344,1.344,1.344,750,0
IST,5,20210303,151000,1.342,1.344,1.342,1.344,1376,0
IST,5,20210303,153000,1.322,1.346,1.304,1.346,11998,0
IST,5,20210303,154000,1.344,1.344,1.344,1.344,999,0
IST,5,20210303,160000,1.332,1.332,1.33,1.332,1731,0
IST,5,20210303,160500,1.336,1.38,1.334,1.38,4538,0
IST,5,20210303,161000,1.39,1.39,1.38,1.38,2000,0
IST,5,20210303,163000,1.38,1.38,1.38,1.38,62,0
IST,5,20210303,163500,1.338,1.338,1.33,1.33,351,0
IST,5,20210303,164000,1.358,1.36,1.358,1.36,250,0
IST,5,20210303,164500,1.376,1.378,1.376,1.378,3013,0
IST,5,20210304,090000,1.35,1.35,1.302,1.302,14920,0
IST,5,20210304,090500,1.312,1.34,1.302,1.34,11782,0
IST,5,20210304,091000,1.34,1.34,1.34,1.34,300,0
IST,5,20210304,091500,1.302,1.34,1.302,1.34,1519,0
IST,5,20210304,092000,1.31,1.34,1.31,1.31,2015,0
IST,5,20210304,092500,1.31,1.34,1.3,1.34,13304,0
IST,5,20210304,093000,1.312,1.338,1.312,1.338,1026,0
IST,5,20210304,093500,1.312,1.312,1.31,1.31,1806,0
IST,5,20210304,094000,1.3,1.328,1.3,1.328,4815,0
IST,5,20210304,094500,1.302,1.322,1.3,1.322,350,0
IST,5,20210304,095000,1.3,1.322,1.29,1.322,6467,0
IST,5,20210304,095500,1.292,1.292,1.252,1.252,22632,0
IST,5,20210304,100000,1.298,1.298,1.256,1.256,3005,0
IST,5,20210304,100500,1.258,1.298,1.256,1.298,32968,0
IST,5,20210304,101000,1.296,1.3,1.296,1.3,8477,0
IST,5,20210304,101500,1.3,1.328,1.3,1.328,2130,0
IST,5,20210304,102000,1.312,1.312,1.31,1.31,5800,0
IST,5,20210304,103000,1.312,1.32,1.312,1.32,7000,0
IST,5,20210304,103500,1.318,1.32,1.31,1.31,7956,0
IST,5,20210304,104500,1.318,1.32,1.318,1.32,2890,0
IST,5,20210304,105500,1.32,1.32,1.32,1.32,3036,0
IST,5,20210304,111000,1.32,1.32,1.32,1.32,5964,0
IST,5,20210304,112000,1.318,1.318,1.31,1.31,200,0
IST,5,20210304,114000,1.318,1.32,1.318,1.32,1000,0
IST,5,20210304,114500,1.32,1.32,1.32,1.32,679,0
IST,5,20210304,120000,1.302,1.302,1.302,1.302,974,0
IST,5,20210304,122000,1.318,1.318,1.318,1.318,24,0
IST,5,20210304,122500,1.306,1.306,1.306,1.306,962,0
IST,5,20210304,125000,1.306,1.306,1.29,1.29,1592,0
IST,5,20210304,125500,1.292,1.292,1.29,1.29,2000,0
IST,5,20210304,130500,1.3,1.32,1.3,1.32,3974,0
IST,5,20210304,131000,1.302,1.318,1.302,1.318,1338,0
IST,5,20210304,132000,1.318,1.32,1.318,1.32,7549,0
IST,5,20210304,134500,1.318,1.32,1.318,1.32,5000,0
IST,5,20210304,141000,1.318,1.338,1.318,1.338,5239,0
IST,5,20210304,142500,1.338,1.338,1.338,1.338,375,0
IST,5,20210304,143000,1.338,1.338,1.338,1.338,2000,0
IST,5,20210304,144500,1.338,1.338,1.338,1.338,2628,0
IST,5,20210304,145000,1.348,1.35,1.346,1.346,7553,0
IST,5,20210304,145500,1.346,1.36,1.346,1.36,10000,0
IST,5,20210304,150500,1.348,1.36,1.348,1.36,6000,0
IST,5,20210304,153500,1.348,1.348,1.348,1.348,100,0
IST,5,20210304,160500,1.336,1.336,1.32,1.32,10757,0
IST,5,20210304,162000,1.346,1.346,1.346,1.346,5,0
IST,5,20210304,162500,1.338,1.338,1.338,1.338,600,0
IST,5,20210304,163000,1.302,1.31,1.3,1.31,11990,0
IST,5,20210304,164500,1.338,1.34,1.338,1.338,2712,0
IST,5,20210305,090000,1.34,1.35,1.314,1.314,4314,0
IST,5,20210305,090500,1.348,1.35,1.348,1.35,1005,0
IST,5,20210305,091500,1.358,1.38,1.358,1.38,8000,0
IST,5,20210305,092500,1.378,1.38,1.33,1.33,5417,0
IST,5,20210305,093500,1.342,1.342,1.342,1.342,921,0
IST,5,20210305,094500,1.376,1.376,1.34,1.34,921,0
IST,5,20210305,100000,1.376,1.376,1.376,1.376,284,0
IST,5,20210305,101000,1.376,1.38,1.376,1.38,3365,0
IST,5,20210305,101500,1.378,1.38,1.378,1.38,2489,0
IST,5,20210305,104000,1.378,1.38,1.378,1.38,19389,0
IST,5,20210305,104500,1.398,1.48,1.398,1.442,5082,0
IST,5,20210305,105000,1.402,1.44,1.4,1.44,8205,0
IST,5,20210305,105500,1.44,1.47,1.394,1.45,8934,0
IST,5,20210305,110000,1.45,1.46,1.44,1.46,9115,0
IST,5,20210305,111000,1.448,1.462,1.448,1.462,9999,0
IST,5,20210305,112000,1.408,1.408,1.408,1.408,2,0
IST,5,20210305,112500,1.462,1.47,1.42,1.47,6015,0
IST,5,20210305,113000,1.464,1.466,1.458,1.458,1542,0
IST,5,20210305,115500,1.458,1.458,1.458,1.458,1,0
IST,5,20210305,120500,1.458,1.464,1.458,1.458,7913,0
IST,5,20210305,121000,1.424,1.424,1.424,1.424,399,0
IST,5,20210305,122000,1.458,1.458,1.422,1.422,1611,0
IST,5,20210305,122500,1.448,1.448,1.448,1.448,981,0
IST,5,20210305,123000,1.448,1.448,1.448,1.448,19,0
IST,5,20210305,124500,1.458,1.458,1.458,1.458,350,0
IST,5,20210305,125500,1.428,1.428,1.41,1.41,33380,0
IST,5,20210305,130000,1.418,1.418,1.418,1.418,996,0
IST,5,20210305,131000,1.418,1.458,1.418,1.458,6041,0
IST,5,20210305,132000,1.46,1.468,1.46,1.468,2700,0
IST,5,20210305,132500,1.468,1.468,1.468,1.468,70,0
IST,5,20210305,133500,1.468,1.468,1.458,1.458,3014,0
IST,5,20210305,134000,1.466,1.466,1.466,1.466,66,0
IST,5,20210305,134500,1.452,1.452,1.45,1.45,266,0
IST,5,20210305,135500,1.396,1.396,1.396,1.396,1600,0
IST,5,20210305,140000,1.44,1.44,1.44,1.44,5,0
IST,5,20210305,140500,1.43,1.43,1.43,1.43,5,0
IST,5,20210305,141000,1.428,1.43,1.428,1.43,4000,0
IST,5,20210305,141500,1.428,1.428,1.428,1.428,48,0
IST,5,20210305,143500,1.43,1.43,1.43,1.43,370,0
IST,5,20210305,150000,1.42,1.42,1.42,1.42,1333,0
IST,5,20210305,151000,1.42,1.42,1.42,1.42,316,0
IST,5,20210305,153000,1.418,1.418,1.418,1.418,80,0
IST,5,20210305,160000,1.418,1.418,1.418,1.418,70,0
IST,5,20210305,160500,1.418,1.418,1.418,1.418,215,0
IST,5,20210305,161000,1.418,1.418,1.418,1.418,150,0
IST,5,20210305,162000,1.418,1.418,1.4,1.4,3500,0
IST,5,20210305,162500,1.4,1.418,1.4,1.418,1200,0
IST,5,20210305,163000,1.402,1.402,1.402,1.402,500,0
IST,5,20210305,164000,1.4,1.4,1.4,1.4,884,0
IST,5,20210305,164500,1.384,1.426,1.384,1.426,960,0
IST,5,20210308,090000,1.49,1.49,1.488,1.488,789,0
IST,5,20210308,091500,1.48,1.48,1.476,1.478,44463,0
IST,5,20210308,092000,1.486,1.49,1.486,1.488,3674,0
IST,5,20210308,092500,1.488,1.488,1.486,1.488,2278,0
IST,5,20210308,093000,1.486,1.486,1.486,1.486,1182,0
IST,5,20210308,094500,1.484,1.484,1.484,1.484,15,0
IST,5,20210308,095500,1.442,1.442,1.44,1.44,1540,0
IST,5,20210308,100500,1.478,1.48,1.386,1.392,882,0
IST,5,20210308,101000,1.478,1.478,1.47,1.47,2,0
IST,5,20210308,102500,1.47,1.47,1.47,1.47,599,0
IST,5,20210308,103500,1.47,1.47,1.47,1.47,500,0
IST,5,20210308,104500,1.47,1.47,1.41,1.41,2000,0
IST,5,20210308,105000,1.412,1.426,1.412,1.426,3159,0
IST,5,20210308,111000,1.478,1.478,1.478,1.478,10,0
IST,5,20210308,113000,1.47,1.47,1.442,1.442,100,0
IST,5,20210308,113500,1.472,1.472,1.468,1.47,25,0
IST,5,20210308,114000,1.44,1.44,1.44,1.44,380,0
IST,5,20210308,120500,1.44,1.44,1.44,1.44,1161,0
IST,5,20210308,121500,1.47,1.47,1.47,1.47,5,0
IST,5,20210308,125000,1.47,1.47,1.47,1.47,173,0
IST,5,20210308,132500,1.472,1.474,1.472,1.474,700,0
IST,5,20210308,135000,1.474,1.474,1.474,1.474,388,0
IST,5,20210308,140000,1.46,1.46,1.46,1.46,113,0
IST,5,20210308,140500,1.46,1.46,1.46,1.46,544,0
IST,5,20210308,143500,1.41,1.41,1.41,1.41,2770,0
IST,5,20210308,144000,1.41,1.41,1.4,1.4,4000,0
IST,5,20210308,145500,1.406,1.406,1.406,1.406,1689,0
IST,5,20210308,150000,1.406,1.406,1.406,1.406,1158,0
IST,5,20210308,151000,1.448,1.448,1.448,1.448,380,0
IST,5,20210308,151500,1.446,1.45,1.446,1.45,4933,0
IST,5,20210308,152000,1.446,1.446,1.446,1.446,1158,0
IST,5,20210308,152500,1.446,1.446,1.446,1.446,1309,0
IST,5,20210308,153000,1.446,1.446,1.446,1.446,417,0
IST,5,20210308,154000,1.444,1.444,1.444,1.444,417,0
IST,5,20210308,154500,1.438,1.438,1.438,1.438,861,0
IST,5,20210308,155000,1.438,1.438,1.438,1.438,131,0
IST,5,20210308,160000,1.438,1.438,1.412,1.412,591,0
IST,5,20210308,160500,1.406,1.406,1.404,1.404,500,0
IST,5,20210308,163000,1.41,1.41,1.404,1.404,2000,0
IST,5,20210308,164500,1.408,1.44,1.404,1.44,5287,0
IST,5,20210309,090000,1.45,1.45,1.45,1.45,350,0
IST,5,20210309,091000,1.45,1.45,1.45,1.45,1150,0
IST,5,20210309,091500,1.448,1.448,1.448,1.448,19,0
IST,5,20210309,092000,1.448,1.448,1.448,1.448,1979,0
IST,5,20210309,092500,1.448,1.448,1.448,1.448,889,0
IST,5,20210309,093000,1.45,1.45,1.45,1.45,4000,0
IST,5,20210309,093500,1.45,1.45,1.45,1.45,867,0
IST,5,20210309,094500,1.458,1.458,1.448,1.448,2268,0
IST,5,20210309,095000,1.45,1.45,1.45,1.45,2,0
IST,5,20210309,100000,1.448,1.448,1.414,1.414,1000,0
IST,5,20210309,103500,1.422,1.422,1.422,1.422,500,0
IST,5,20210309,105000,1.422,1.422,1.39,1.39,3721,0
IST,5,20210309,110000,1.404,1.404,1.402,1.402,5000,0
IST,5,20210309,112000,1.404,1.404,1.404,1.404,400,0
IST,5,20210309,113500,1.404,1.404,1.404,1.404,456,0
IST,5,20210309,115000,1.416,1.42,1.416,1.42,1415,0
IST,5,20210309,115500,1.41,1.42,1.41,1.42,2031,0
IST,5,20210309,120000,1.446,1.448,1.446,1.448,3875,0
IST,5,20210309,120500,1.416,1.416,1.416,1.416,727,0
IST,5,20210309,122000,1.416,1.416,1.408,1.41,6000,0
IST,5,20210309,123500,1.446,1.448,1.446,1.448,4000,0
IST,5,20210309,124500,1.45,1.46,1.45,1.46,1092,0
IST,5,20210309,125000,1.416,1.416,1.414,1.414,5000,0
IST,5,20210309,125500,1.414,1.414,1.414,1.414,1000,0
IST,5,20210309,130500,1.42,1.42,1.42,1.42,1475,0
IST,5,20210309,131500,1.438,1.438,1.438,1.438,500,0
IST,5,20210309,132000,1.418,1.418,1.416,1.416,11598,0
IST,5,20210309,134000,1.42,1.42,1.42,1.42,488,0
IST,5,20210309,135500,1.414,1.414,1.414,1.414,40,0
IST,5,20210309,140000,1.42,1.42,1.39,1.39,13235,0
IST,5,20210309,141500,1.426,1.426,1.426,1.426,100,0
IST,5,20210309,142000,1.43,1.436,1.43,1.434,580,0
IST,5,20210309,152500,1.436,1.436,1.436,1.436,350,0
IST,5,20210309,153000,1.422,1.422,1.422,1.422,1000,0
IST,5,20210309,155000,1.436,1.436,1.436,1.436,1,0
IST,5,20210309,162500,1.436,1.436,1.436,1.436,1129,0
IST,5,20210309,163000,1.44,1.44,1.44,1.44,1,0
IST,5,20210309,163500,1.438,1.438,1.438,1.438,2000,0
IST,5,20210309,164500,1.44,1.44,1.44,1.44,264,0
IST,5,20210309,165500,1.444,1.444,1.444,1.444,300,0
IST,5,20210310,090000,1.486,1.488,1.486,1.488,2382,0
IST,5,20210310,090500,1.412,1.474,1.4,1.468,8070,0
IST,5,20210310,091000,1.448,1.448,1.41,1.41,6930,0
IST,5,20210310,091500,1.41,1.41,1.4,1.402,162,0
IST,5,20210310,092000,1.4,1.4,1.4,1.4,216,0
IST,5,20210310,092500,1.414,1.414,1.41,1.41,1000,0
IST,5,20210310,093000,1.416,1.458,1.416,1.42,3,0
IST,5,20210310,094500,1.42,1.42,1.42,1.42,1000,0
IST,5,20210310,102000,1.446,1.446,1.446,1.446,10,0
IST,5,20210310,105500,1.446,1.446,1.446,1.446,1000,0
IST,5,20210310,112000,1.446,1.446,1.446,1.446,80,0
IST,5,20210310,114500,1.432,1.432,1.426,1.426,2300,0
IST,5,20210310,115000,1.426,1.426,1.426,1.426,200,0
IST,5,20210310,120500,1.412,1.414,1.412,1.412,1700,0
IST,5,20210310,122000,1.414,1.414,1.412,1.412,1004,0
IST,5,20210310,122500,1.424,1.424,1.424,1.424,14,0
IST,5,20210310,123000,1.414,1.414,1.41,1.41,5000,0
IST,5,20210310,125500,1.428,1.428,1.428,1.428,40,0
IST,5,20210310,133000,1.42,1.42,1.41,1.41,350,0
IST,5,20210310,134500,1.412,1.412,1.412,1.412,140,0
IST,5,20210310,141000,1.412,1.412,1.412,1.412,500,0
IST,5,20210310,142500,1.41,1.41,1.41,1.41,500,0
IST,5,20210310,143500,1.422,1.428,1.422,1.428,3510,0
IST,5,20210310,145000,1.412,1.412,1.412,1.412,573,0
IST,5,20210310,150000,1.426,1.426,1.41,1.41,6358,0
IST,5,20210310,150500,1.416,1.416,1.416,1.416,354,0
IST,5,20210310,151000,1.426,1.426,1.426,1.426,100,0
IST,5,20210310,161500,1.412,1.412,1.41,1.41,350,0
IST,5,20210310,164500,1.41,1.41,1.41,1.41,900,0
IST,5,20210311,090000,1.426,1.426,1.42,1.42,1400,0
IST,5,20210311,090500,1.41,1.41,1.41,1.41,980,0
IST,5,20210311,092000,1.434,1.434,1.432,1.432,1196,0
IST,5,20210311,093000,1.402,1.402,1.402,1.402,4,0
IST,5,20210311,093500,1.4,1.4,1.4,1.4,1258,0
IST,5,20210311,094000,1.4,1.446,1.4,1.438,795,0
IST,5,20210311,095000,1.424,1.424,1.424,1.424,50,0
IST,5,20210311,095500,1.402,1.402,1.39,1.39,1797,0
IST,5,20210311,103000,1.39,1.39,1.39,1.39,600,0
IST,5,20210311,105500,1.424,1.424,1.424,1.424,26,0
IST,5,20210311,112500,1.41,1.41,1.41,1.41,2,0
IST,5,20210311,121500,1.426,1.426,1.426,1.426,1,0
IST,5,20210311,125500,1.4,1.4,1.39,1.39,779,0
IST,5,20210311,132000,1.39,1.392,1.39,1.39,2731,0
IST,5,20210311,132500,1.39,1.39,1.39,1.39,691,0
IST,5,20210311,133000,1.39,1.39,1.39,1.39,1025,0
IST,5,20210311,134000,1.388,1.388,1.388,1.388,1761,0
IST,5,20210311,134500,1.4,1.4,1.388,1.39,3271,0
IST,5,20210311,135000,1.39,1.41,1.388,1.39,13903,0
IST,5,20210311,135500,1.39,1.39,1.386,1.386,15183,0
IST,5,20210311,140000,1.408,1.408,1.408,1.408,10,0
IST,5,20210311,145000,1.4,1.4,1.4,1.4,353,0
IST,5,20210311,155000,1.4,1.4,1.39,1.39,2131,0
IST,5,20210311,155500,1.39,1.39,1.386,1.386,4258,0
IST,5,20210311,160000,1.386,1.386,1.386,1.386,1285,0
IST,5,20210311,161500,1.398,1.398,1.398,1.398,1,0
IST,5,20210312,090000,1.4,1.402,1.4,1.4,1951,0
IST,5,20210312,100500,1.414,1.414,1.41,1.41,120,0
IST,5,20210312,101500,1.4,1.4,1.4,1.4,109,0
IST,5,20210312,102500,1.352,1.352,1.35,1.35,1854,0
IST,5,20210312,103000,1.398,1.398,1.398,1.398,20,0
IST,5,20210312,110000,1.362,1.362,1.36,1.36,10,0
IST,5,20210312,111000,1.388,1.388,1.366,1.366,268,0
IST,5,20210312,112500,1.388,1.388,1.368,1.37,3916,0
IST,5,20210312,113000,1.374,1.374,1.374,1.374,795,0
IST,5,20210312,114500,1.388,1.388,1.388,1.388,2,0
IST,5,20210312,115500,1.374,1.374,1.352,1.352,11436,0
IST,5,20210312,120500,1.388,1.388,1.388,1.388,20,0
IST,5,20210312,121500,1.388,1.388,1.388,1.388,400,0
IST,5,20210312,125000,1.356,1.356,1.3,1.3,34525,0
IST,5,20210312,125500,1.272,1.31,1.266,1.304,9800,0
IST,5,20210312,130000,1.306,1.33,1.302,1.328,5426,0
IST,5,20210312,130500,1.328,1.33,1.312,1.312,1807,0
IST,5,20210312,131000,1.312,1.316,1.296,1.3,8068,0
IST,5,20210312,131500,1.32,1.32,1.284,1.284,2500,0
IST,5,20210312,132000,1.3,1.3,1.3,1.3,769,0
IST,5,20210312,132500,1.296,1.322,1.296,1.31,3689,0
IST,5,20210312,133000,1.3,1.3,1.3,1.3,1452,0
IST,5,20210312,134000,1.31,1.31,1.31,1.31,600,0
IST,5,20210312,134500,1.32,1.322,1.3,1.32,7108,0
IST,5,20210312,135500,1.31,1.31,1.31,1.31,384,0
IST,5,20210312,140500,1.31,1.31,1.3,1.3,8044,0
IST,5,20210312,141000,1.32,1.32,1.302,1.302,1955,0
IST,5,20210312,141500,1.32,1.32,1.32,1.32,826,0
IST,5,20210312,142000,1.32,1.32,1.32,1.32,952,0
IST,5,20210312,143000,1.322,1.33,1.32,1.328,1973,0
IST,5,20210312,143500,1.326,1.326,1.326,1.326,870,0
IST,5,20210312,144000,1.328,1.33,1.31,1.31,13029,0
IST,5,20210312,144500,1.352,1.352,1.344,1.344,2,0
IST,5,20210312,150500,1.338,1.34,1.338,1.34,1724,0
IST,5,20210312,151000,1.338,1.338,1.338,1.338,4,0
IST,5,20210312,152000,1.34,1.34,1.34,1.34,230,0
IST,5,20210312,153500,1.34,1.34,1.34,1.34,300,0
IST,5,20210312,154000,1.34,1.34,1.33,1.33,3771,0
IST,5,20210312,160500,1.336,1.336,1.3,1.3,9216,0
IST,5,20210312,161500,1.32,1.32,1.32,1.32,375,0
IST,5,20210312,162000,1.3,1.3,1.29,1.29,10000,0
IST,5,20210312,163000,1.292,1.32,1.282,1.3,6100,0
IST,5,20210312,163500,1.3,1.32,1.3,1.32,1020,0
IST,5,20210312,164000,1.32,1.32,1.32,1.32,614,0
IST,5,20210312,164500,1.32,1.33,1.32,1.33,7000,0
IST,5,20210315,090000,1.35,1.35,1.35,1.35,7853,0
IST,5,20210315,090500,1.36,1.36,1.332,1.332,8530,0
IST,5,20210315,091000,1.358,1.358,1.358,1.358,30,0
IST,5,20210315,092000,1.342,1.342,1.342,1.342,375,0
IST,5,20210315,093000,1.332,1.332,1.312,1.312,5813,0
IST,5,20210315,093500,1.312,1.328,1.292,1.328,1901,0
IST,5,20210315,094000,1.292,1.292,1.28,1.28,4965,0
IST,5,20210315,094500,1.282,1.292,1.282,1.292,3776,0
IST,5,20210315,095500,1.3,1.3,1.29,1.292,6182,0
IST,5,20210315,100000,1.29,1.328,1.284,1.328,918,0
IST,5,20210315,101000,1.286,1.318,1.28,1.28,8141,0
IST,5,20210315,101500,1.28,1.312,1.264,1.312,3075,0
IST,5,20210315,103500,1.282,1.312,1.28,1.312,930,0
IST,5,20210315,104000,1.282,1.282,1.282,1.282,193,0
IST,5,20210315,105500,1.282,1.282,1.282,1.282,35,0
IST,5,20210315,110000,1.28,1.282,1.276,1.282,2220,0
IST,5,20210315,110500,1.276,1.276,1.276,1.276,65,0
IST,5,20210315,111000,1.276,1.276,1.276,1.276,1000,0
IST,5,20210315,112000,1.276,1.282,1.276,1.282,2100,0
IST,5,20210315,112500,1.312,1.314,1.312,1.314,1500,0
IST,5,20210315,114500,1.292,1.292,1.29,1.29,4830,0
IST,5,20210315,115500,1.292,1.312,1.29,1.312,1200,0
IST,5,20210315,121500,1.292,1.292,1.29,1.29,1241,0
IST,5,20210315,122500,1.292,1.292,1.29,1.29,26,0
IST,5,20210315,123000,1.312,1.314,1.312,1.314,104,0
IST,5,20210315,123500,1.314,1.318,1.314,1.318,1000,0
IST,5,20210315,130000,1.3,1.3,1.3,1.3,1373,0
IST,5,20210315,132500,1.3,1.3,1.3,1.3,127,0
IST,5,20210315,133000,1.29,1.29,1.29,1.29,4098,0
IST,5,20210315,133500,1.3,1.318,1.3,1.318,895,0
IST,5,20210315,135500,1.29,1.29,1.262,1.262,30590,0
IST,5,20210315,140500,1.28,1.28,1.28,1.28,423,0
IST,5,20210315,142000,1.276,1.276,1.27,1.27,1389,0
IST,5,20210315,143000,1.27,1.27,1.27,1.27,1322,0
IST,5,20210315,144000,1.272,1.272,1.272,1.272,1792,0
IST,5,20210315,144500,1.274,1.274,1.274,1.274,1100,0
IST,5,20210315,145000,1.276,1.276,1.276,1.276,975,0
IST,5,20210315,151000,1.276,1.296,1.276,1.294,2667,0
IST,5,20210315,151500,1.278,1.278,1.276,1.276,1193,0
IST,5,20210315,152000,1.296,1.348,1.276,1.348,27058,0
IST,5,20210315,152500,1.348,1.396,1.348,1.396,18065,0
IST,5,20210315,153000,1.304,1.422,1.304,1.422,21028,0
IST,5,20210315,153500,1.424,1.424,1.396,1.41,17792,0
IST,5,20210315,154000,1.4,1.414,1.4,1.412,1973,0
IST,5,20210315,154500,1.412,1.46,1.396,1.396,31590,0
IST,5,20210315,155000,1.448,1.45,1.448,1.45,3500,0
IST,5,20210315,155500,1.432,1.432,1.432,1.432,400,0
IST,5,20210315,160000,1.456,1.48,1.456,1.48,9600,0
IST,5,20210315,160500,1.478,1.48,1.45,1.472,22682,0
IST,5,20210315,161000,1.47,1.52,1.47,1.492,17354,0
IST,5,20210315,161500,1.468,1.492,1.466,1.492,8978,0
IST,5,20210315,162000,1.474,1.488,1.47,1.488,10891,0
IST,5,20210315,162500,1.488,1.49,1.47,1.47,7539,0
IST,5,20210315,163000,1.47,1.486,1.47,1.482,3261,0
IST,5,20210315,163500,1.47,1.47,1.45,1.45,6615,0
IST,5,20210315,164000,1.48,1.482,1.48,1.48,6465,0
IST,5,20210315,164500,1.484,1.5,1.484,1.5,13211,0
IST,5,20210316,090000,1.5,1.5,1.43,1.43,14623,0
IST,5,20210316,090500,1.44,1.44,1.43,1.432,2437,0
IST,5,20210316,091000,1.432,1.432,1.424,1.424,2451,0
IST,5,20210316,091500,1.424,1.424,1.424,1.424,300,0
IST,5,20210316,092000,1.424,1.466,1.4,1.4,7831,0
IST,5,20210316,092500,1.456,1.456,1.456,1.456,20,0
IST,5,20210316,093000,1.422,1.452,1.412,1.452,2873,0
IST,5,20210316,093500,1.452,1.454,1.452,1.454,1000,0
IST,5,20210316,094000,1.452,1.452,1.422,1.422,1063,0
IST,5,20210316,094500,1.422,1.454,1.422,1.45,2357,0
IST,5,20210316,095000,1.414,1.414,1.414,1.414,891,0
IST,5,20210316,100000,1.414,1.414,1.412,1.412,200,0
IST,5,20210316,101000,1.44,1.44,1.44,1.44,40,0
IST,5,20210316,103000,1.412,1.412,1.412,1.412,717,0
IST,5,20210316,103500,1.412,1.412,1.4,1.4,1849,0
IST,5,20210316,104000,1.4,1.402,1.4,1.4,2506,0
IST,5,20210316,104500,1.4,1.4,1.322,1.35,40975,0
IST,5,20210316,105000,1.398,1.448,1.39,1.448,6090,0
IST,5,20210316,105500,1.45,1.452,1.45,1.452,3293,0
IST,5,20210316,110000,1.456,1.48,1.45,1.48,3233,0
IST,5,20210316,111000,1.45,1.45,1.45,1.45,210,0
IST,5,20210316,111500,1.47,1.47,1.47,1.47,30,0
IST,5,20210316,112500,1.47,1.47,1.42,1.42,2937,0
IST,5,20210316,113000,1.47,1.47,1.43,1.43,1300,0
IST,5,20210316,115000,1.47,1.47,1.47,1.47,340,0
IST,5,20210316,115500,1.47,1.48,1.42,1.42,8161,0
IST,5,20210316,121500,1.47,1.47,1.47,1.47,20,0
IST,5,20210316,122000,1.42,1.46,1.42,1.46,1580,0
IST,5,20210316,122500,1.404,1.404,1.33,1.33,8499,0
IST,5,20210316,123000,1.38,1.38,1.332,1.332,2538,0
IST,5,20210316,123500,1.394,1.394,1.394,1.394,1538,0
IST,5,20210316,124500,1.4,1.4,1.4,1.4,769,0
IST,5,20210316,132500,1.4,1.4,1.36,1.36,2048,0
IST,5,20210316,133000,1.4,1.4,1.4,1.4,725,0
IST,5,20210316,134000,1.4,1.4,1.4,1.4,500,0
IST,5,20210316,140500,1.4,1.4,1.4,1.4,2927,0
IST,5,20210316,141000,1.402,1.402,1.402,1.402,240,0
IST,5,20210316,142000,1.38,1.38,1.38,1.38,700,0
IST,5,20210316,142500,1.41,1.41,1.41,1.41,10,0
IST,5,20210316,145500,1.37,1.37,1.354,1.354,2719,0
IST,5,20210316,150000,1.38,1.38,1.36,1.36,6372,0
IST,5,20210316,150500,1.36,1.36,1.36,1.36,8839,0
IST,5,20210316,151500,1.382,1.382,1.382,1.382,781,0
IST,5,20210316,152000,1.35,1.36,1.33,1.33,11818,0
IST,5,20210316,152500,1.332,1.332,1.33,1.33,2200,0
IST,5,20210316,153500,1.332,1.38,1.332,1.38,6105,0
IST,5,20210316,154500,1.374,1.374,1.37,1.37,232,0
IST,5,20210316,155500,1.374,1.374,1.374,1.374,190,0
IST,5,20210316,161000,1.34,1.374,1.34,1.374,1663,0
IST,5,20210316,161500,1.372,1.372,1.372,1.372,333,0
IST,5,20210316,162000,1.372,1.372,1.372,1.372,380,0
IST,5,20210316,162500,1.368,1.368,1.368,1.368,111,0
IST,5,20210316,163500,1.364,1.364,1.364,1.364,1600,0
IST,5,20210316,164500,1.364,1.376,1.364,1.376,5531,0
IST,5,20210317,090000,1.38,1.4,1.272,1.3,49528,0
IST,5,20210317,090500,1.302,1.37,1.28,1.3,26334,0
IST,5,20210317,091000,1.37,1.37,1.284,1.3,10155,0
IST,5,20210317,092500,1.31,1.31,1.308,1.31,2827,0
IST,5,20210317,093000,1.308,1.308,1.3,1.3,1766,0
IST,5,20210317,093500,1.318,1.322,1.302,1.302,3317,0
IST,5,20210317,095000,1.32,1.32,1.302,1.302,1566,0
IST,5,20210317,100500,1.32,1.322,1.302,1.322,3659,0
IST,5,20210317,101000,1.32,1.322,1.302,1.322,3500,0
IST,5,20210317,101500,1.324,1.324,1.302,1.322,2118,0
IST,5,20210317,102000,1.302,1.302,1.3,1.3,1000,0
IST,5,20210317,102500,1.302,1.302,1.302,1.302,706,0
IST,5,20210317,103000,1.302,1.302,1.3,1.3,4064,0
IST,5,20210317,103500,1.3,1.3,1.3,1.3,500,0
IST,5,20210317,104000,1.314,1.316,1.31,1.31,3810,0
IST,5,20210317,112000,1.316,1.322,1.316,1.322,1050,0
IST,5,20210317,112500,1.322,1.344,1.322,1.344,2796,0
IST,5,20210317,113500,1.368,1.368,1.368,1.368,100,0
IST,5,20210317,115000,1.36,1.36,1.36,1.36,100,0
IST,5,20210317,115500,1.32,1.32,1.3,1.3,30283,0
IST,5,20210317,120000,1.298,1.3,1.284,1.3,11218,0
IST,5,20210317,120500,1.29,1.29,1.29,1.29,5000,0
IST,5,20210317,121000,1.3,1.3,1.3,1.3,500,0
IST,5,20210317,121500,1.3,1.3,1.298,1.3,8547,0
IST,5,20210317,122000,1.288,1.304,1.288,1.304,1295,0
IST,5,20210317,123000,1.316,1.316,1.316,1.316,155,0
IST,5,20210317,124500,1.31,1.31,1.31,1.31,1000,0
IST,5,20210317,130000,1.292,1.308,1.29,1.308,5295,0
IST,5,20210317,130500,1.308,1.308,1.29,1.29,900,0
IST,5,20210317,132000,1.3,1.3,1.29,1.29,10222,0
IST,5,20210317,132500,1.302,1.334,1.302,1.334,2609,0
IST,5,20210317,134000,1.3,1.3,1.282,1.282,7655,0
IST,5,20210317,134500,1.28,1.29,1.28,1.29,10939,0
IST,5,20210317,135000,1.28,1.28,1.272,1.272,9000,0
IST,5,20210317,140000,1.272,1.272,1.27,1.27,13000,0
IST,5,20210317,141000,1.322,1.322,1.322,1.322,50,0
IST,5,20210317,143000,1.282,1.282,1.282,1.282,740,0
IST,5,20210317,144000,1.286,1.286,1.286,1.286,260,0
IST,5,20210317,145000,1.32,1.32,1.288,1.288,2905,0
IST,5,20210317,145500,1.318,1.318,1.318,1.318,50,0
IST,5,20210317,150500,1.318,1.318,1.318,1.318,1654,0
IST,5,20210317,151000,1.288,1.288,1.28,1.28,2427,0
IST,5,20210317,151500,1.282,1.282,1.282,1.282,999,0
IST,5,20210317,152000,1.298,1.3,1.298,1.298,2672,0
IST,5,20210317,153500,1.29,1.29,1.29,1.29,1000,0
IST,5,20210317,154000,1.3,1.302,1.3,1.3,2109,0
IST,5,20210317,155000,1.3,1.3,1.3,1.3,1000,0
IST,5,20210317,161500,1.302,1.32,1.302,1.32,1815,0
IST,5,20210317,162000,1.302,1.302,1.302,1.302,284,0
IST,5,20210317,164000,1.312,1.312,1.312,1.312,1000,0
IST,5,20210317,164500,1.312,1.312,1.302,1.302,1984,0
IST,5,20210317,165500,1.302,1.302,1.302,1.302,414,0
IST,5,20210318,090000,1.312,1.336,1.31,1.336,2421,0
IST,5,20210318,090500,1.338,1.338,1.33,1.33,2567,0
IST,5,20210318,091000,1.33,1.33,1.322,1.322,1663,0
IST,5,20210318,091500,1.322,1.322,1.32,1.32,1620,0
IST,5,20210318,092000,1.336,1.36,1.322,1.322,1719,0
IST,5,20210318,092500,1.35,1.35,1.348,1.348,1842,0
IST,5,20210318,093000,1.322,1.322,1.32,1.32,1371,0
IST,5,20210318,093500,1.322,1.322,1.304,1.304,959,0
IST,5,20210318,095500,1.304,1.304,1.29,1.29,2828,0
IST,5,20210318,100000,1.29,1.29,1.29,1.29,822,0
IST,5,20210318,112000,1.31,1.31,1.31,1.31,1000,0
IST,5,20210318,112500,1.31,1.31,1.31,1.31,383,0
IST,5,20210318,113500,1.31,1.31,1.306,1.306,3177,0
IST,5,20210318,115500,1.31,1.31,1.31,1.31,117,0
IST,5,20210318,133500,1.31,1.31,1.31,1.31,1378,0
IST,5,20210318,135500,1.32,1.32,1.32,1.32,438,0
IST,5,20210318,140000,1.32,1.334,1.31,1.31,3887,0
IST,5,20210318,143500,1.32,1.334,1.31,1.334,3703,0
IST,5,20210318,144000,1.312,1.312,1.312,1.312,752,0
IST,5,20210318,145000,1.334,1.334,1.334,1.334,58,0
IST,5,20210318,150500,1.334,1.334,1.306,1.306,3747,0
IST,5,20210318,151000,1.306,1.348,1.306,1.348,1062,0
IST,5,20210318,151500,1.348,1.348,1.308,1.308,2141,0
IST,5,20210318,153000,1.348,1.35,1.348,1.35,30,0
IST,5,20210318,164500,1.346,1.346,1.346,1.346,309,0
IST,5,20210319,090000,1.33,1.33,1.32,1.322,4108,0
IST,5,20210319,091000,1.326,1.328,1.322,1.322,11102,0
IST,5,20210319,091500,1.324,1.324,1.324,1.324,2529,0
IST,5,20210319,092500,1.324,1.324,1.324,1.324,1400,0
IST,5,20210319,093000,1.324,1.324,1.324,1.324,622,0
IST,5,20210319,094000,1.326,1.326,1.326,1.326,1000,0
IST,5,20210319,094500,1.326,1.326,1.326,1.326,716,0
IST,5,20210319,100000,1.328,1.328,1.292,1.292,22336,0
IST,5,20210319,100500,1.292,1.3,1.29,1.3,5384,0
IST,5,20210319,101000,1.316,1.316,1.314,1.314,6890,0
IST,5,20210319,101500,1.328,1.328,1.328,1.328,383,0
IST,5,20210319,103500,1.318,1.318,1.316,1.316,3746,0
IST,5,20210319,105000,1.346,1.346,1.346,1.346,500,0
IST,5,20210319,105500,1.342,1.342,1.342,1.342,499,0
IST,5,20210319,132000,1.33,1.33,1.33,1.33,1,0
IST,5,20210319,141500,1.32,1.32,1.316,1.316,986,0
IST,5,20210319,144500,1.316,1.316,1.316,1.316,524,0
IST,5,20210319,150000,1.32,1.32,1.316,1.318,3630,0
IST,5,20210319,151500,1.338,1.338,1.314,1.314,1240,0
IST,5,20210319,153000,1.34,1.34,1.34,1.34,200,0
IST,5,20210319,163500,1.34,1.34,1.34,1.34,520,0
IST,5,20210319,164500,1.34,1.34,1.34,1.34,1500,0
IST,5,20210322,090000,1.34,1.34,1.34,1.34,5,0
IST,5,20210322,092000,1.292,1.292,1.29,1.292,3570,0
IST,5,20210322,093000,1.318,1.318,1.318,1.318,383,0
IST,5,20210322,094000,1.292,1.292,1.29,1.29,1744,0
IST,5,20210322,095500,1.316,1.316,1.316,1.316,998,0
IST,5,20210322,104500,1.316,1.316,1.316,1.316,1002,0
IST,5,20210322,110000,1.31,1.32,1.31,1.32,1943,0
IST,5,20210322,110500,1.31,1.31,1.292,1.292,1436,0
IST,5,20210322,111000,1.32,1.32,1.32,1.32,50,0
IST,5,20210322,125000,1.32,1.32,1.32,1.32,500,0
IST,5,20210322,154000,1.32,1.32,1.32,1.32,1,0
IST,5,20210322,154500,1.3,1.3,1.294,1.3,5736,0
IST,5,20210322,155000,1.3,1.3,1.3,1.3,51,0
IST,5,20210322,155500,1.294,1.294,1.29,1.29,3839,0
IST,5,20210322,160000,1.284,1.29,1.272,1.274,3151,0
IST,5,20210322,160500,1.29,1.29,1.278,1.278,1409,0
IST,5,20210322,161000,1.29,1.3,1.276,1.298,14257,0
IST,5,20210322,161500,1.298,1.3,1.298,1.3,1000,0
IST,5,20210322,162500,1.304,1.306,1.296,1.296,2641,0
IST,5,20210322,164500,1.284,1.284,1.284,1.284,374,0
IST,5,20210323,090000,1.2,1.22,1.19,1.2,35396,0
IST,5,20210323,090500,1.218,1.27,1.212,1.212,4312,0
IST,5,20210323,091500,1.256,1.256,1.248,1.248,694,0
IST,5,20210323,092500,1.238,1.256,1.238,1.25,9217,0
IST,5,20210323,093000,1.24,1.24,1.24,1.24,835,0
IST,5,20210323,094000,1.24,1.24,1.24,1.24,750,0
IST,5,20210323,094500,1.25,1.25,1.22,1.224,12899,0
IST,5,20210323,095500,1.248,1.25,1.248,1.25,1000,0
IST,5,20210323,101000,1.236,1.236,1.234,1.234,1424,0
IST,5,20210323,101500,1.248,1.25,1.248,1.25,500,0
IST,5,20210323,103500,1.236,1.236,1.222,1.222,980,0
IST,5,20210323,110000,1.224,1.224,1.222,1.222,860,0
IST,5,20210323,113000,1.224,1.224,1.222,1.222,711,0
IST,5,20210323,113500,1.238,1.24,1.238,1.24,1999,0
IST,5,20210323,114500,1.25,1.25,1.25,1.25,355,0
IST,5,20210323,115000,1.25,1.298,1.242,1.25,2437,0
IST,5,20210323,115500,1.25,1.25,1.242,1.242,2954,0
IST,5,20210323,123000,1.288,1.288,1.288,1.288,2000,0
IST,5,20210323,123500,1.304,1.308,1.304,1.308,1208,0
IST,5,20210323,125000,1.254,1.254,1.254,1.254,757,0
IST,5,20210323,130500,1.298,1.298,1.254,1.254,2711,0
IST,5,20210323,132000,1.29,1.3,1.29,1.3,4133,0
IST,5,20210323,132500,1.3,1.3,1.258,1.3,1935,0
IST,5,20210323,141000,1.258,1.258,1.222,1.222,12055,0
IST,5,20210323,142500,1.294,1.294,1.294,1.294,20,0
IST,5,20210323,145500,1.284,1.284,1.23,1.23,2396,0
IST,5,20210323,150000,1.288,1.288,1.288,1.288,20,0
IST,5,20210323,155500,1.288,1.288,1.288,1.288,5,0
IST,5,20210323,160500,1.234,1.234,1.234,1.234,1,0
IST,5,20210323,162000,1.24,1.25,1.24,1.25,1743,0
IST,5,20210323,162500,1.242,1.242,1.242,1.242,2,0
IST,5,20210323,163500,1.24,1.24,1.24,1.24,2,0
IST,5,20210323,164000,1.25,1.25,1.25,1.25,2,0
IST,5,20210323,165500,1.286,1.286,1.286,1.286,330,0
IST,5,20210324,090000,1.286,1.286,1.22,1.22,1672,0
IST,5,20210324,090500,1.28,1.28,1.22,1.22,1230,0
IST,5,20210324,091000,1.28,1.28,1.28,1.28,20,0
IST,5,20210324,092500,1.226,1.3,1.22,1.23,13977,0
IST,5,20210324,093000,1.278,1.278,1.268,1.268,1268,0
IST,5,20210324,095500,1.278,1.278,1.23,1.23,1778,0
IST,5,20210324,100000,1.268,1.268,1.268,1.268,15,0
IST,5,20210324,104500,1.232,1.232,1.23,1.23,74,0
IST,5,20210324,111000,1.222,1.262,1.222,1.262,1204,0
IST,5,20210324,113500,1.232,1.232,1.222,1.222,2000,0
IST,5,20210324,114000,1.262,1.264,1.224,1.262,1255,0
IST,5,20210324,130000,1.228,1.228,1.228,1.228,1,0
IST,5,20210324,131000,1.258,1.258,1.258,1.258,50,0
IST,5,20210324,135500,1.258,1.26,1.23,1.232,3317,0
IST,5,20210324,141500,1.24,1.24,1.24,1.24,238,0
IST,5,20210324,142000,1.256,1.256,1.242,1.256,410,0
IST,5,20210324,144000,1.256,1.256,1.256,1.256,400,0
IST,5,20210324,145000,1.242,1.242,1.242,1.242,577,0
IST,5,20210324,145500,1.24,1.24,1.24,1.24,1499,0
IST,5,20210324,150500,1.24,1.24,1.24,1.24,2763,0
IST,5,20210324,151000,1.232,1.232,1.23,1.23,2189,0
IST,5,20210324,152000,1.23,1.23,1.222,1.224,5110,0
IST,5,20210324,154000,1.224,1.224,1.222,1.222,652,0
IST,5,20210324,155000,1.23,1.23,1.23,1.23,535,0
IST,5,20210324,163500,1.232,1.232,1.232,1.232,997,0
IST,5,20210324,165500,1.232,1.232,1.232,1.232,307,0
IST,5,20210325,090000,1.244,1.244,1.222,1.222,2967,0
IST,5,20210325,090500,1.222,1.222,1.2,1.2,1769,0
IST,5,20210325,091500,1.21,1.21,1.2,1.2,1096,0
IST,5,20210325,092000,1.2,1.2,1.19,1.19,4369,0
IST,5,20210325,092500,1.19,1.222,1.19,1.222,3501,0
IST,5,20210325,093500,1.19,1.19,1.19,1.19,1965,0
IST,5,20210325,094000,1.186,1.198,1.152,1.184,8613,0
IST,5,20210325,094500,1.184,1.184,1.184,1.184,2030,0
IST,5,20210325,095000,1.184,1.2,1.184,1.2,2308,0
IST,5,20210325,095500,1.218,1.22,1.218,1.22,1663,0
IST,5,20210325,100000,1.222,1.23,1.222,1.23,6434,0
IST,5,20210325,100500,1.198,1.23,1.198,1.23,2000,0
IST,5,20210325,101000,1.198,1.22,1.198,1.22,663,0
IST,5,20210325,102000,1.202,1.22,1.202,1.22,871,0
IST,5,20210325,102500,1.218,1.218,1.2,1.2,1519,0
IST,5,20210325,105000,1.2,1.2,1.2,1.2,60,0
IST,5,20210325,105500,1.17,1.2,1.154,1.198,8257,0
IST,5,20210325,110000,1.188,1.198,1.186,1.198,1823,0
IST,5,20210325,111000,1.188,1.188,1.188,1.188,719,0
IST,5,20210325,112000,1.198,1.198,1.198,1.198,450,0
IST,5,20210325,113500,1.19,1.19,1.19,1.19,10000,0
IST,5,20210325,114000,1.19,1.198,1.152,1.152,21995,0
IST,5,20210325,114500,1.172,1.174,1.172,1.174,1456,0
IST,5,20210325,115500,1.196,1.196,1.196,1.196,450,0
IST,5,20210325,121500,1.184,1.184,1.18,1.18,2034,0
IST,5,20210325,122000,1.196,1.196,1.18,1.196,3491,0
IST,5,20210325,123000,1.196,1.2,1.18,1.18,2987,0
IST,5,20210325,124000,1.198,1.198,1.198,1.198,200,0
IST,5,20210325,125000,1.186,1.186,1.18,1.18,6800,0
IST,5,20210325,130000,1.182,1.182,1.182,1.182,966,0
IST,5,20210325,132500,1.196,1.198,1.196,1.198,2000,0
IST,5,20210325,133000,1.196,1.2,1.196,1.2,2517,0
IST,5,20210325,144500,1.182,1.182,1.18,1.18,1660,0
IST,5,20210325,145000,1.198,1.198,1.198,1.198,184,0
IST,5,20210325,151000,1.19,1.19,1.182,1.182,957,0
IST,5,20210325,152000,1.182,1.182,1.182,1.182,3273,0
IST,5,20210325,153500,1.186,1.198,1.184,1.184,2656,0
IST,5,20210325,154000,1.196,1.196,1.182,1.182,601,0
IST,5,20210325,155000,1.196,1.196,1.184,1.184,2450,0
IST,5,20210325,155500,1.184,1.184,1.182,1.182,1873,0
IST,5,20210325,160000,1.182,1.182,1.182,1.182,900,0
IST,5,20210325,160500,1.182,1.182,1.182,1.182,586,0
IST,5,20210325,161000,1.196,1.196,1.196,1.196,620,0
IST,5,20210325,163000,1.196,1.198,1.182,1.182,2672,0
IST,5,20210325,163500,1.196,1.196,1.196,1.196,700,0
IST,5,20210325,164500,1.184,1.184,1.182,1.182,311,0
IST,5,20210326,090000,1.196,1.196,1.196,1.196,1184,0
IST,5,20210326,090500,1.198,1.2,1.198,1.2,2000,0
IST,5,20210326,091500,1.198,1.242,1.182,1.242,3775,0
IST,5,20210326,092000,1.242,1.242,1.24,1.242,1607,0
IST,5,20210326,092500,1.242,1.26,1.202,1.258,4585,0
IST,5,20210326,093000,1.23,1.23,1.2,1.218,4670,0
IST,5,20210326,094000,1.202,1.202,1.182,1.19,13279,0
IST,5,20210326,094500,1.18,1.2,1.18,1.2,1175,0
IST,5,20210326,095000,1.2,1.202,1.2,1.202,1221,0
IST,5,20210326,100000,1.216,1.218,1.216,1.218,161,0
IST,5,20210326,102000,1.218,1.218,1.218,1.218,1080,0
IST,5,20210326,103000,1.202,1.202,1.202,1.202,834,0
IST,5,20210326,104000,1.202,1.204,1.18,1.18,2808,0
IST,5,20210326,104500,1.218,1.218,1.218,1.218,50,0
IST,5,20210326,112500,1.218,1.218,1.218,1.218,100,0
IST,5,20210326,114500,1.218,1.218,1.218,1.218,800,0
IST,5,20210326,120500,1.21,1.21,1.21,1.21,250,0
IST,5,20210326,121000,1.218,1.22,1.218,1.22,420,0
IST,5,20210326,122000,1.218,1.228,1.2,1.228,4543,0
IST,5,20210326,123000,1.2,1.2,1.2,1.2,756,0
IST,5,20210326,123500,1.196,1.196,1.184,1.184,1473,0
IST,5,20210326,124500,1.196,1.196,1.184,1.184,1633,0
IST,5,20210326,125000,1.198,1.2,1.198,1.2,1100,0
IST,5,20210326,130000,1.198,1.198,1.198,1.198,93,0
IST,5,20210326,130500,1.198,1.198,1.198,1.198,124,0
IST,5,20210326,131000,1.198,1.2,1.198,1.2,1700,0
IST,5,20210326,143500,1.2,1.2,1.2,1.2,10,0
IST,5,20210326,145000,1.2,1.21,1.184,1.184,5823,0
IST,5,20210326,154500,1.186,1.186,1.18,1.18,2467,0
IST,5,20210326,162000,1.208,1.22,1.19,1.218,4028,0
IST,5,20210326,164500,1.19,1.22,1.19,1.22,1061,0
