<TICKER>,<PER>,<DATE>,<TIME>,<OPEN>,<HIGH>,<LOW>,<CLOSE>,<VOL>,<OPENINT>
ITL,5,20210204,091000,3,3,3,3,150,0
ITL,5,20210204,103500,3,3,3,3,20,0
ITL,5,20210204,121000,2.92,2.92,2.9,2.9,3229,0
ITL,5,20210204,121500,2.88,2.88,2.88,2.88,653,0
ITL,5,20210204,122000,3,3,3,3,300,0
ITL,5,20210204,133000,2.9,2.9,2.86,2.86,1650,0
ITL,5,20210204,154000,2.96,2.96,2.96,2.96,470,0
ITL,5,20210205,090000,2.96,2.96,2.96,2.96,39,0
ITL,5,20210205,113500,2.9,2.9,2.9,2.9,50,0
ITL,5,20210205,114000,2.9,2.9,2.9,2.9,69,0
ITL,5,20210205,140500,2.9,2.9,2.9,2.9,881,0
ITL,5,20210208,090000,2.9,2.9,2.9,2.9,800,0
ITL,5,20210208,091000,2.94,3,2.94,3,1200,0
ITL,5,20210208,091500,2.9,2.9,2.88,2.88,105,0
ITL,5,20210208,094500,2.88,2.88,2.88,2.88,100,0
ITL,5,20210208,101500,2.9,2.9,2.9,2.9,450,0
ITL,5,20210208,103000,2.9,2.9,2.9,2.9,50,0
ITL,5,20210208,103500,2.92,2.92,2.92,2.92,619,0
ITL,5,20210208,114000,2.92,2.92,2.92,2.92,700,0
ITL,5,20210208,130000,2.92,2.92,2.92,2.92,31,0
ITL,5,20210208,141000,2.9,2.9,2.9,2.9,450,0
ITL,5,20210208,163500,2.88,2.88,2.88,2.88,500,0
ITL,5,20210209,091500,2.86,2.86,2.86,2.86,547,0
ITL,5,20210209,092000,2.86,2.86,2.86,2.86,600,0
ITL,5,20210209,092500,2.86,2.86,2.86,2.86,50,0
ITL,5,20210209,095500,2.86,2.86,2.86,2.86,171,0
ITL,5,20210209,154500,2.9,2.9,2.9,2.9,760,0
ITL,5,20210209,155500,2.9,2.9,2.88,2.88,307,0
ITL,5,20210209,163500,2.88,2.88,2.86,2.86,450,0
ITL,5,20210210,091000,2.86,2.86,2.86,2.86,465,0
ITL,5,20210210,102000,2.86,2.86,2.86,2.86,50,0
ITL,5,20210210,113000,2.86,2.86,2.84,2.84,1100,0
ITL,5,20210210,114500,2.88,2.88,2.88,2.88,100,0
ITL,5,20210210,115500,2.94,2.94,2.94,2.94,100,0
ITL,5,20210210,140500,2.94,2.98,2.94,2.98,400,0
ITL,5,20210211,090000,2.92,2.92,2.92,2.92,450,0
ITL,5,20210211,114500,2.9,2.9,2.9,2.9,600,0
ITL,5,20210211,123500,2.9,2.9,2.9,2.9,600,0
ITL,5,20210211,134000,2.92,2.92,2.92,2.92,600,0
ITL,5,20210211,141500,2.94,2.94,2.94,2.94,550,0
ITL,5,20210211,142000,2.98,2.98,2.98,2.98,800,0
ITL,5,20210211,161500,2.94,2.94,2.94,2.94,500,0
ITL,5,20210211,163000,2.92,2.92,2.92,2.92,400,0
ITL,5,20210212,133000,2.9,2.9,2.9,2.9,750,0
ITL,5,20210212,155500,2.92,2.92,2.92,2.92,273,0
ITL,5,20210212,161500,2.96,2.96,2.96,2.96,227,0
ITL,5,20210215,090000,2.96,2.96,2.96,2.96,1098,0
ITL,5,20210215,091000,2.98,2.98,2.98,2.98,1500,0
ITL,5,20210215,094500,2.96,2.96,2.96,2.96,100,0
ITL,5,20210215,095500,2.96,2.96,2.96,2.96,20,0
ITL,5,20210215,111000,2.96,2.96,2.96,2.96,30,0
ITL,5,20210215,113000,2.96,2.96,2.96,2.96,300,0
ITL,5,20210215,120500,2.98,3,2.98,3,115,0
ITL,5,20210215,121000,3,3,3,3,285,0
ITL,5,20210215,121500,3,3,3,3,700,0
ITL,5,20210215,125500,3,3,3,3,998,0
ITL,5,20210215,154000,3,3.02,3,3.02,1290,0
ITL,5,20210215,160500,3.02,3.04,3.02,3.04,1702,0
ITL,5,20210215,161500,3.06,3.08,3.06,3.08,650,0
ITL,5,20210216,090000,2.9,2.9,2.84,2.84,5911,0
ITL,5,20210216,090500,2.88,2.9,2.88,2.88,2700,0
ITL,5,20210216,091000,2.86,2.86,2.76,2.76,3419,0
ITL,5,20210216,091500,2.74,2.78,2.72,2.78,4555,0
ITL,5,20210216,092000,2.8,2.8,2.8,2.8,4000,0
ITL,5,20210216,092500,2.78,2.78,2.78,2.78,700,0
ITL,5,20210216,093000,2.82,2.82,2.82,2.82,2705,0
ITL,5,20210216,093500,2.82,2.86,2.82,2.86,5901,0
ITL,5,20210216,094000,2.88,2.88,2.88,2.88,719,0
ITL,5,20210216,094500,2.9,2.9,2.84,2.84,3160,0
ITL,5,20210216,095500,2.92,2.92,2.92,2.92,3000,0
ITL,5,20210216,102500,2.86,2.86,2.84,2.84,604,0
ITL,5,20210216,105000,2.9,2.9,2.9,2.9,5,0
ITL,5,20210216,105500,2.86,2.86,2.82,2.82,2000,0
ITL,5,20210216,111500,2.84,2.84,2.84,2.84,5908,0
ITL,5,20210216,112000,2.92,2.92,2.92,2.92,92,0
ITL,5,20210216,121000,2.9,2.92,2.9,2.92,500,0
ITL,5,20210216,125000,2.86,2.86,2.86,2.86,700,0
ITL,5,20210216,132000,2.86,2.86,2.86,2.86,400,0
ITL,5,20210216,145500,2.9,2.9,2.9,2.9,119,0
ITL,5,20210216,151500,2.86,2.86,2.86,2.86,1000,0
ITL,5,20210216,152500,2.84,2.84,2.84,2.84,2500,0
ITL,5,20210216,163500,2.9,2.9,2.9,2.9,1,0
ITL,5,20210217,090000,2.9,2.9,2.9,2.9,344,0
ITL,5,20210217,093500,2.88,2.88,2.84,2.84,1360,0
ITL,5,20210217,095500,2.82,2.82,2.8,2.8,1596,0
ITL,5,20210217,100500,2.8,2.8,2.8,2.8,374,0
ITL,5,20210217,104000,2.82,2.82,2.82,2.82,50,0
ITL,5,20210217,105000,2.8,2.8,2.8,2.8,397,0
ITL,5,20210217,110000,2.78,2.78,2.78,2.78,125,0
ITL,5,20210217,114500,2.76,2.76,2.72,2.72,1400,0
ITL,5,20210217,120500,2.8,2.8,2.8,2.8,1603,0
ITL,5,20210217,130500,2.8,2.8,2.8,2.8,47,0
ITL,5,20210217,153000,2.8,2.8,2.8,2.8,126,0
ITL,5,20210217,154000,2.8,2.8,2.8,2.8,424,0
ITL,5,20210217,164000,2.8,2.8,2.8,2.8,500,0
ITL,5,20210217,164500,2.8,2.8,2.8,2.8,100,0
ITL,5,20210218,090000,2.78,2.78,2.78,2.78,1112,0
ITL,5,20210218,095500,2.82,2.82,2.82,2.82,325,0
ITL,5,20210218,100000,2.82,2.84,2.82,2.84,1525,0
ITL,5,20210218,101000,2.8,2.8,2.78,2.78,2000,0
ITL,5,20210218,104000,2.84,2.84,2.84,2.84,86,0
ITL,5,20210218,121000,2.82,2.82,2.82,2.82,440,0
ITL,5,20210218,131000,2.82,2.82,2.82,2.82,38,0
ITL,5,20210218,134500,2.82,2.82,2.82,2.82,650,0
ITL,5,20210218,142500,2.8,2.8,2.8,2.8,922,0
ITL,5,20210218,143000,2.76,2.76,2.76,2.76,103,0
ITL,5,20210219,101500,2.76,2.76,2.76,2.76,600,0
ITL,5,20210219,102500,2.76,2.76,2.74,2.74,1100,0
ITL,5,20210219,103500,2.74,2.74,2.74,2.74,867,0
ITL,5,20210219,104000,2.74,2.74,2.74,2.74,355,0
ITL,5,20210219,110500,2.74,2.74,2.74,2.74,890,0
ITL,5,20210219,133000,2.78,2.78,2.78,2.78,500,0
ITL,5,20210219,141000,2.74,2.74,2.74,2.74,130,0
ITL,5,20210219,141500,2.74,2.74,2.7,2.7,1500,0
ITL,5,20210219,145000,2.72,2.72,2.68,2.68,2000,0
ITL,5,20210219,152500,2.7,2.7,2.7,2.7,500,0
ITL,5,20210219,155000,2.76,2.76,2.76,2.76,117,0
ITL,5,20210219,162500,2.76,2.76,2.76,2.76,1883,0
ITL,5,20210219,164500,2.76,2.76,2.76,2.76,2000,0
ITL,5,20210222,093000,2.72,2.72,2.72,2.72,100,0
ITL,5,20210222,103000,2.76,2.76,2.76,2.76,20,0
ITL,5,20210222,154500,2.76,2.76,2.76,2.76,500,0
ITL,5,20210223,104000,2.76,2.76,2.76,2.76,361,0
ITL,5,20210223,140000,2.74,2.74,2.74,2.74,2500,0
ITL,5,20210223,144000,2.72,2.72,2.72,2.72,875,0
ITL,5,20210223,164500,2.66,2.66,2.66,2.66,4050,0
ITL,5,20210224,090000,2.64,2.76,2.64,2.76,2908,0
ITL,5,20210224,102500,2.76,2.76,2.76,2.76,150,0
ITL,5,20210224,113000,2.76,2.76,2.76,2.76,1449,0
ITL,5,20210224,113500,2.8,2.84,2.8,2.84,1000,0
ITL,5,20210225,091500,2.82,2.82,2.82,2.82,77,0
ITL,5,20210225,092500,2.84,2.9,2.84,2.9,5404,0
ITL,5,20210225,093000,2.9,2.9,2.9,2.9,596,0
ITL,5,20210225,093500,2.92,2.94,2.92,2.94,1000,0
ITL,5,20210225,102000,2.8,2.8,2.8,2.8,1650,0
ITL,5,20210225,114000,2.8,2.8,2.8,2.8,750,0
ITL,5,20210225,115000,2.8,2.8,2.8,2.8,50,0
ITL,5,20210225,151000,2.78,2.78,2.72,2.72,843,0
ITL,5,20210225,154500,2.84,3.16,2.84,3.16,38904,0
ITL,5,20210225,155000,3.08,3.14,3.08,3.08,4474,0
ITL,5,20210225,160000,3.08,3.08,3.04,3.04,147,0
ITL,5,20210225,160500,2.92,3.08,2.9,2.92,4068,0
ITL,5,20210225,161000,2.92,2.96,2.92,2.96,1080,0
ITL,5,20210225,163000,2.9,2.9,2.9,2.9,782,0
ITL,5,20210225,163500,2.9,2.9,2.9,2.9,318,0
ITL,5,20210225,164000,2.86,2.86,2.84,2.84,1500,0
ITL,5,20210225,164500,2.98,2.98,2.98,2.98,560,0
ITL,5,20210226,090000,2.86,2.86,2.86,2.86,200,0
ITL,5,20210226,091000,2.86,2.86,2.78,2.78,705,0
ITL,5,20210226,091500,2.78,2.78,2.78,2.78,579,0
ITL,5,20210226,094000,2.86,2.86,2.86,2.86,844,0
ITL,5,20210226,101500,2.9,2.96,2.9,2.96,2860,0
ITL,5,20210226,122500,2.9,2.9,2.9,2.9,240,0
ITL,5,20210226,145000,2.88,2.9,2.88,2.9,1400,0
ITL,5,20210301,090000,2.88,2.88,2.88,2.88,480,0
ITL,5,20210301,091000,2.84,2.84,2.84,2.84,200,0
ITL,5,20210301,093000,2.88,2.88,2.88,2.88,520,0
ITL,5,20210301,100000,2.9,2.94,2.9,2.94,1434,0
ITL,5,20210301,113500,2.86,2.86,2.82,2.82,1253,0
ITL,5,20210301,114000,2.82,2.9,2.82,2.9,3906,0
ITL,5,20210301,133000,2.92,2.92,2.92,2.92,580,0
ITL,5,20210301,133500,2.94,2.98,2.94,2.98,3469,0
ITL,5,20210301,135000,2.96,2.96,2.96,2.96,980,0
ITL,5,20210301,140000,2.9,2.9,2.9,2.9,1500,0
ITL,5,20210301,144000,2.9,2.9,2.9,2.9,149,0
ITL,5,20210301,161000,2.9,2.9,2.9,2.9,336,0
ITL,5,20210301,162500,2.96,3.08,2.9,3.08,995,0
ITL,5,20210302,090000,3.08,3.08,3.08,3.08,21,0
ITL,5,20210302,091500,2.96,2.96,2.96,2.96,800,0
ITL,5,20210302,102500,2.9,2.9,2.9,2.9,500,0
ITL,5,20210302,115500,2.9,2.9,2.9,2.9,1600,0
ITL,5,20210302,163000,2.98,2.98,2.98,2.98,1284,0
ITL,5,20210302,164500,2.98,2.98,2.9,2.9,1490,0
ITL,5,20210303,095500,2.9,2.9,2.9,2.9,10,0
ITL,5,20210303,111000,2.86,2.86,2.84,2.84,3300,0
ITL,5,20210303,112500,2.9,2.9,2.9,2.9,10,0
ITL,5,20210304,103500,2.9,2.9,2.9,2.9,1000,0
ITL,5,20210304,122500,2.86,2.86,2.82,2.82,2108,0
ITL,5,20210304,124500,2.82,2.82,2.82,2.82,624,0
ITL,5,20210304,130500,2.8,2.8,2.8,2.8,68,0
ITL,5,20210304,164500,2.9,2.9,2.9,2.9,51,0
ITL,5,20210305,105000,2.84,2.84,2.8,2.8,1582,0
ITL,5,20210305,110000,2.8,2.88,2.8,2.88,600,0
ITL,5,20210308,090000,2.88,2.88,2.88,2.88,50,0
ITL,5,20210308,093000,2.88,2.88,2.88,2.88,50,0
ITL,5,20210308,100500,2.9,2.9,2.9,2.9,49,0
ITL,5,20210308,105000,2.88,2.88,2.88,2.88,18,0
ITL,5,20210308,130000,2.82,2.82,2.82,2.82,1,0
ITL,5,20210309,090000,2.82,2.82,2.82,2.82,50,0
ITL,5,20210309,113000,2.88,2.88,2.88,2.88,300,0
ITL,5,20210309,151500,2.84,2.84,2.8,2.8,900,0
ITL,5,20210309,165500,2.88,2.88,2.88,2.88,1,0
ITL,5,20210310,095000,2.8,2.8,2.76,2.76,1300,0
ITL,5,20210310,155500,2.76,2.76,2.76,2.76,1400,0
ITL,5,20210310,160000,2.86,2.86,2.86,2.86,105,0
ITL,5,20210311,113500,2.86,2.86,2.86,2.86,20,0
ITL,5,20210311,161500,2.82,2.82,2.78,2.78,1000,0
ITL,5,20210311,164500,2.84,2.84,2.84,2.84,1,0
ITL,5,20210312,110500,2.84,2.84,2.84,2.84,30,0
ITL,5,20210312,113500,2.82,2.82,2.8,2.8,865,0
ITL,5,20210312,140500,2.78,2.78,2.76,2.76,2600,0
ITL,5,20210312,164500,2.84,2.84,2.84,2.84,80,0
ITL,5,20210315,090000,2.84,2.84,2.84,2.84,592,0
ITL,5,20210315,093000,2.84,2.84,2.84,2.84,94,0
ITL,5,20210315,093500,2.84,2.84,2.76,2.76,361,0
ITL,5,20210315,110000,2.78,2.78,2.76,2.76,507,0
ITL,5,20210315,115000,2.76,2.76,2.76,2.76,1000,0
ITL,5,20210315,141000,2.78,2.78,2.78,2.78,500,0
ITL,5,20210315,141500,2.76,2.76,2.76,2.76,985,0
ITL,5,20210315,164500,2.84,2.84,2.84,2.84,200,0
ITL,5,20210316,100500,2.8,2.8,2.8,2.8,900,0
ITL,5,20210316,133500,2.78,2.78,2.76,2.76,750,0
ITL,5,20210316,151500,2.76,2.76,2.76,2.76,585,0
ITL,5,20210316,155000,2.74,2.74,2.72,2.72,1661,0
ITL,5,20210316,164500,2.8,2.8,2.8,2.8,1,0
ITL,5,20210317,092500,2.8,2.84,2.8,2.84,1000,0
ITL,5,20210317,101000,2.82,2.82,2.82,2.82,90,0
ITL,5,20210317,110000,2.82,2.84,2.82,2.84,350,0
ITL,5,20210317,110500,2.78,2.78,2.78,2.78,2000,0
ITL,5,20210317,120500,2.78,2.78,2.74,2.74,5000,0
ITL,5,20210317,125000,2.74,2.74,2.72,2.72,1000,0
ITL,5,20210317,133000,2.72,2.72,2.72,2.72,1196,0
ITL,5,20210317,133500,2.82,2.82,2.82,2.82,51,0
ITL,5,20210318,092500,2.72,2.72,2.72,2.72,15,0
ITL,5,20210318,100000,2.74,2.74,2.74,2.74,100,0
ITL,5,20210318,105500,2.74,2.74,2.74,2.74,1900,0
ITL,5,20210318,110000,2.74,2.74,2.74,2.74,15,0
ITL,5,20210318,132500,2.72,2.72,2.72,2.72,400,0
ITL,5,20210318,140500,2.72,2.72,2.72,2.72,21,0
ITL,5,20210318,164500,2.72,2.72,2.72,2.72,936,0
ITL,5,20210319,090000,2.78,2.78,2.78,2.78,667,0
ITL,5,20210319,150000,2.76,2.78,2.76,2.78,250,0
ITL,5,20210322,102000,2.76,2.78,2.76,2.78,850,0
ITL,5,20210322,113500,2.74,2.74,2.74,2.74,75,0
ITL,5,20210322,114000,2.72,2.72,2.72,2.72,150,0
ITL,5,20210322,115500,2.72,2.72,2.72,2.72,122,0
ITL,5,20210322,143500,2.72,2.72,2.72,2.72,978,0
ITL,5,20210322,145500,2.7,2.7,2.66,2.66,2871,0
ITL,5,20210322,155500,2.7,2.7,2.7,2.7,2629,0
ITL,5,20210323,090000,3.1,3.2,3.1,3.16,31772,0
ITL,5,20210323,090500,3.12,3.12,3.12,3.12,1112,0
ITL,5,20210323,091000,3.08,3.08,3.06,3.06,1228,0
ITL,5,20210323,091500,3,3,3,3,2000,0
ITL,5,20210323,092000,3,3,3,3,2562,0
ITL,5,20210323,092500,3.02,3.04,3,3,2796,0
ITL,5,20210323,093000,3,3,3,3,200,0
ITL,5,20210323,093500,2.98,2.98,2.98,2.98,470,0
ITL,5,20210323,094000,2.98,2.98,2.98,2.98,366,0
ITL,5,20210323,100500,2.9,2.9,2.88,2.88,2060,0
ITL,5,20210323,101000,2.88,2.9,2.88,2.9,950,0
ITL,5,20210323,101500,2.86,2.86,2.86,2.86,1236,0
ITL,5,20210323,102000,2.86,2.86,2.86,2.86,2664,0
ITL,5,20210323,105000,2.86,2.86,2.86,2.86,324,0
ITL,5,20210323,110500,2.9,2.9,2.82,2.82,1857,0
ITL,5,20210323,111000,2.8,2.8,2.8,2.8,927,0
ITL,5,20210323,111500,2.8,2.8,2.8,2.8,686,0
ITL,5,20210323,113000,2.9,2.9,2.9,2.9,1090,0
ITL,5,20210323,113500,2.9,2.9,2.9,2.9,110,0
ITL,5,20210323,114000,2.9,2.9,2.9,2.9,900,0
ITL,5,20210323,115000,2.92,2.92,2.92,2.92,390,0
ITL,5,20210323,115500,2.92,2.94,2.92,2.94,2760,0
ITL,5,20210323,120000,2.96,2.96,2.96,2.96,900,0
ITL,5,20210323,122000,2.94,2.94,2.94,2.94,1550,0
ITL,5,20210323,122500,2.94,2.94,2.94,2.94,1550,0
ITL,5,20210323,130000,2.94,2.96,2.94,2.96,766,0
ITL,5,20210323,140500,2.96,2.96,2.96,2.96,1319,0
ITL,5,20210323,141000,2.98,2.98,2.98,2.98,800,0
ITL,5,20210323,143000,3,3,3,3,5300,0
ITL,5,20210323,153500,2.98,2.98,2.98,2.98,500,0
ITL,5,20210323,154500,2.98,2.98,2.98,2.98,300,0
ITL,5,20210323,160000,2.98,2.98,2.98,2.98,331,0
ITL,5,20210323,161000,2.98,2.98,2.98,2.98,69,0
ITL,5,20210323,161500,2.98,2.98,2.98,2.98,827,0
ITL,5,20210323,164500,2.92,2.92,2.92,2.92,500,0
ITL,5,20210323,165500,2.92,2.92,2.92,2.92,500,0
ITL,5,20210324,090500,2.96,2.98,2.96,2.98,1604,0
ITL,5,20210324,093000,2.94,2.94,2.94,2.94,500,0
ITL,5,20210324,095500,2.88,2.88,2.88,2.88,500,0
ITL,5,20210324,100000,2.88,2.88,2.86,2.86,2000,0
ITL,5,20210324,101500,2.88,2.88,2.88,2.88,15,0
ITL,5,20210324,102500,2.88,2.88,2.84,2.84,300,0
ITL,5,20210324,103500,2.84,2.84,2.84,2.84,1000,0
ITL,5,20210324,110000,2.84,2.84,2.84,2.84,500,0
ITL,5,20210324,112000,2.84,2.84,2.84,2.84,430,0
ITL,5,20210324,153000,2.84,2.84,2.84,2.84,605,0
ITL,5,20210325,094500,2.82,2.82,2.82,2.82,470,0
ITL,5,20210325,101500,2.82,2.82,2.82,2.82,197,0
ITL,5,20210325,105000,2.8,2.8,2.8,2.8,1200,0
ITL,5,20210325,105500,2.8,2.8,2.8,2.8,228,0
ITL,5,20210325,125000,2.8,2.8,2.8,2.8,1800,0
ITL,5,20210325,160500,2.86,2.86,2.86,2.86,350,0
ITL,5,20210326,093500,2.88,2.88,2.88,2.88,728,0
ITL,5,20210326,094500,2.9,2.9,2.82,2.82,700,0
ITL,5,20210326,101000,2.9,2.9,2.9,2.9,872,0
ITL,5,20210326,113500,2.92,2.92,2.92,2.92,100,0
ITL,5,20210326,122000,2.9,2.9,2.9,2.9,987,0
ITL,5,20210326,140000,2.9,2.96,2.9,2.96,400,0
ITL,5,20210326,154000,2.92,2.92,2.92,2.92,193,0
ITL,5,20210326,164500,2.96,2.96,2.96,2.96,800,0
