<TICKER>,<PER>,<DATE>,<TIME>,<OPEN>,<HIGH>,<LOW>,<CLOSE>,<VOL>,<OPENINT>
IVO,5,20210204,090000,5.3,5.3,5.3,5.3,100,0
IVO,5,20210204,091000,5.301,5.301,5.2,5.2,2770,0
IVO,5,20210204,091500,5.348,5.348,5.348,5.348,50,0
IVO,5,20210204,094000,5.335,5.44,5.335,5.44,1775,0
IVO,5,20210204,094500,5.538,5.538,5.5,5.5,238,0
IVO,5,20210204,095500,5.494,5.5,5.494,5.5,1700,0
IVO,5,20210204,104500,5.35,5.35,5.33,5.35,656,0
IVO,5,20210204,111000,5.332,5.332,5.332,5.332,100,0
IVO,5,20210204,111500,5.32,5.32,5.32,5.32,200,0
IVO,5,20210204,113500,5.322,5.322,5.322,5.322,170,0
IVO,5,20210204,115000,5.4,5.4,5.4,5.4,200,0
IVO,5,20210204,120500,5.4,5.4,5.4,5.4,50,0
IVO,5,20210204,121000,5.4,5.4,5.4,5.4,10,0
IVO,5,20210204,123000,5.362,5.362,5.362,5.362,98,0
IVO,5,20210204,132500,5.362,5.362,5.362,5.362,98,0
IVO,5,20210204,133000,5.362,5.362,5.362,5.362,104,0
IVO,5,20210204,134500,5.371,5.371,5.371,5.371,150,0
IVO,5,20210204,135500,5.37,5.37,5.37,5.37,469,0
IVO,5,20210204,140000,5.36,5.36,5.36,5.36,532,0
IVO,5,20210204,141500,5.36,5.36,5.36,5.36,80,0
IVO,5,20210204,143000,5.36,5.36,5.36,5.36,316,0
IVO,5,20210204,155500,5.449,5.449,5.449,5.449,8,0
IVO,5,20210205,090500,5.45,5.45,5.38,5.38,975,0
IVO,5,20210205,091500,5.311,5.311,5.311,5.311,120,0
IVO,5,20210205,092000,5.378,5.378,5.378,5.378,125,0
IVO,5,20210205,092500,5.378,5.378,5.312,5.312,300,0
IVO,5,20210205,093500,5.312,5.312,5.312,5.312,119,0
IVO,5,20210205,094500,5.314,5.314,5.311,5.311,589,0
IVO,5,20210205,095500,5.311,5.311,5.3,5.3,1264,0
IVO,5,20210205,100000,5.3,5.3,5.3,5.3,172,0
IVO,5,20210205,100500,5.3,5.311,5.3,5.311,1368,0
IVO,5,20210205,101000,5.31,5.31,5.31,5.31,891,0
IVO,5,20210205,101500,5.31,5.31,5.31,5.31,808,0
IVO,5,20210205,105000,5.39,5.39,5.39,5.39,300,0
IVO,5,20210205,115500,5.31,5.31,5.31,5.31,300,0
IVO,5,20210205,120500,5.389,5.389,5.389,5.389,79,0
IVO,5,20210205,121000,5.388,5.388,5.388,5.388,300,0
IVO,5,20210205,121500,5.389,5.389,5.389,5.389,53,0
IVO,5,20210205,131000,5.311,5.36,5.25,5.36,950,0
IVO,5,20210205,131500,5.36,5.9,5.36,5.9,10000,0
IVO,5,20210205,132000,5.565,5.565,5.565,5.565,250,0
IVO,5,20210205,132500,5.56,5.68,5.56,5.6,1400,0
IVO,5,20210205,134000,5.67,5.67,5.67,5.67,200,0
IVO,5,20210205,141000,5.6,5.6,5.6,5.6,400,0
IVO,5,20210205,144500,5.66,5.66,5.66,5.66,80,0
IVO,5,20210205,145500,5.66,5.66,5.6,5.6,471,0
IVO,5,20210205,150000,5.67,5.67,5.67,5.67,130,0
IVO,5,20210205,152000,5.675,5.675,5.675,5.675,180,0
IVO,5,20210205,154000,5.661,5.661,5.661,5.661,500,0
IVO,5,20210205,154500,5.724,5.725,5.724,5.725,1846,0
IVO,5,20210205,155000,5.725,5.725,5.725,5.725,333,0
IVO,5,20210205,155500,5.725,5.725,5.725,5.725,67,0
IVO,5,20210205,161000,5.73,5.73,5.73,5.73,552,0
IVO,5,20210205,161500,5.73,5.73,5.73,5.73,148,0
IVO,5,20210205,162000,5.77,5.77,5.77,5.77,10,0
IVO,5,20210205,163500,5.77,5.77,5.77,5.77,1377,0
IVO,5,20210205,164500,5.7,5.7,5.7,5.7,200,0
IVO,5,20210208,090000,5.8,5.8,5.75,5.75,100,0
IVO,5,20210208,091000,5.701,5.701,5.7,5.7,3830,0
IVO,5,20210208,093000,5.698,5.7,5.698,5.7,550,0
IVO,5,20210208,100500,5.724,5.724,5.72,5.72,232,0
IVO,5,20210208,102000,5.701,5.701,5.7,5.7,800,0
IVO,5,20210208,103000,5.788,5.788,5.788,5.788,86,0
IVO,5,20210208,103500,5.6,5.6,5.6,5.6,500,0
IVO,5,20210208,110000,5.51,5.51,5.5,5.5,500,0
IVO,5,20210208,111500,5.5,5.68,5.5,5.68,130,0
IVO,5,20210208,122000,5.5,5.5,5.5,5.5,50,0
IVO,5,20210208,124000,5.59,5.59,5.59,5.59,50,0
IVO,5,20210208,130000,5.501,5.501,5.5,5.5,665,0
IVO,5,20210208,141000,5.59,5.59,5.59,5.59,1,0
IVO,5,20210208,142000,5.59,5.59,5.59,5.59,276,0
IVO,5,20210208,143000,5.59,5.59,5.59,5.59,178,0
IVO,5,20210208,145000,5.501,5.501,5.5,5.5,883,0
IVO,5,20210208,145500,5.49,5.49,5.49,5.49,50,0
IVO,5,20210208,151500,5.5,5.5,5.5,5.5,25,0
IVO,5,20210208,152000,5.466,5.466,5.464,5.464,270,0
IVO,5,20210208,154000,5.464,5.464,5.411,5.411,110,0
IVO,5,20210208,155000,5.53,5.53,5.53,5.53,9,0
IVO,5,20210208,163500,5.45,5.45,5.45,5.45,450,0
IVO,5,20210208,164000,5.53,5.53,5.53,5.53,372,0
IVO,5,20210209,090000,5.5,5.5,5.5,5.5,93,0
IVO,5,20210209,091500,5.499,5.499,5.499,5.499,343,0
IVO,5,20210209,093500,5.49,5.49,5.49,5.49,100,0
IVO,5,20210209,100500,5.49,5.49,5.42,5.42,500,0
IVO,5,20210209,101500,5.42,5.42,5.36,5.36,1000,0
IVO,5,20210209,102500,5.498,5.498,5.498,5.498,50,0
IVO,5,20210209,105000,5.47,5.47,5.47,5.47,182,0
IVO,5,20210209,114000,5.46,5.46,5.46,5.46,50,0
IVO,5,20210209,114500,5.46,5.46,5.46,5.46,1000,0
IVO,5,20210209,120000,5.38,5.38,5.354,5.354,1736,0
IVO,5,20210209,124500,5.33,5.33,5.33,5.33,250,0
IVO,5,20210209,130000,5.32,5.32,5.32,5.32,50,0
IVO,5,20210209,130500,5.449,5.449,5.449,5.449,99,0
IVO,5,20210209,140500,5.44,5.448,5.44,5.448,683,0
IVO,5,20210209,141000,5.35,5.35,5.35,5.35,16,0
IVO,5,20210209,145500,5.4,5.4,5.4,5.4,2020,0
IVO,5,20210209,152000,5.448,5.45,5.448,5.45,520,0
IVO,5,20210209,152500,5.45,5.45,5.45,5.45,500,0
IVO,5,20210209,153000,5.45,5.45,5.45,5.45,207,0
IVO,5,20210209,153500,5.45,5.45,5.45,5.45,796,0
IVO,5,20210209,154000,5.45,5.45,5.45,5.45,300,0
IVO,5,20210209,155500,5.48,5.48,5.48,5.48,1000,0
IVO,5,20210209,160500,5.479,5.7,5.479,5.7,4909,0
IVO,5,20210209,161000,5.61,5.61,5.55,5.55,1050,0
IVO,5,20210209,162000,5.55,5.55,5.55,5.55,700,0
IVO,5,20210209,162500,5.55,5.6,5.55,5.6,1748,0
IVO,5,20210209,163000,5.511,5.678,5.511,5.678,1956,0
IVO,5,20210209,163500,5.747,5.9,5.747,5.9,4770,0
IVO,5,20210209,164000,5.9,5.988,5.9,5.9,5448,0
IVO,5,20210209,164500,5.81,5.816,5.81,5.81,1055,0
IVO,5,20210210,090000,5.858,5.858,5.82,5.858,603,0
IVO,5,20210210,090500,5.858,5.858,5.81,5.81,596,0
IVO,5,20210210,091000,5.81,5.82,5.81,5.82,54,0
IVO,5,20210210,092000,5.859,5.96,5.859,5.96,550,0
IVO,5,20210210,094000,5.9,5.96,5.9,5.96,1000,0
IVO,5,20210210,095000,5.822,5.822,5.822,5.822,250,0
IVO,5,20210210,095500,5.82,5.82,5.612,5.62,4783,0
IVO,5,20210210,101000,5.72,5.72,5.72,5.72,200,0
IVO,5,20210210,102000,5.605,5.605,5.605,5.605,3,0
IVO,5,20210210,104000,5.66,5.66,5.65,5.65,200,0
IVO,5,20210210,112000,5.65,5.65,5.65,5.65,450,0
IVO,5,20210210,113000,5.65,5.65,5.55,5.55,3734,0
IVO,5,20210210,113500,5.6,5.6,5.6,5.6,300,0
IVO,5,20210210,115000,5.6,5.6,5.6,5.6,750,0
IVO,5,20210210,120000,5.6,5.6,5.56,5.56,151,0
IVO,5,20210210,123500,5.6,5.74,5.6,5.74,765,0
IVO,5,20210210,124000,5.74,5.74,5.74,5.74,54,0
IVO,5,20210210,133500,5.74,5.75,5.74,5.75,866,0
IVO,5,20210210,134000,5.6,5.6,5.6,5.6,400,0
IVO,5,20210210,140000,5.62,5.62,5.6,5.6,750,0
IVO,5,20210210,150500,5.74,5.74,5.74,5.74,10,0
IVO,5,20210210,153000,5.74,5.75,5.74,5.75,200,0
IVO,5,20210210,154000,5.63,5.63,5.62,5.62,500,0
IVO,5,20210210,164500,5.6,5.6,5.6,5.6,500,0
IVO,5,20210211,090500,5.58,5.58,5.58,5.58,50,0
IVO,5,20210211,092000,5.58,5.58,5.58,5.58,41,0
IVO,5,20210211,092500,5.698,5.698,5.6,5.6,710,0
IVO,5,20210211,093000,5.59,5.59,5.55,5.55,200,0
IVO,5,20210211,095000,5.57,5.57,5.55,5.55,802,0
IVO,5,20210211,095500,5.5,5.5,5.38,5.38,632,0
IVO,5,20210211,100000,5.4,5.4,5.4,5.4,96,0
IVO,5,20210211,102000,5.6,5.6,5.6,5.6,255,0
IVO,5,20210211,102500,5.6,5.6,5.6,5.6,400,0
IVO,5,20210211,110000,5.6,5.6,5.6,5.6,324,0
IVO,5,20210211,120000,5.6,5.6,5.6,5.6,300,0
IVO,5,20210211,120500,5.55,5.55,5.55,5.55,750,0
IVO,5,20210211,132500,5.443,5.443,5.442,5.442,124,0
IVO,5,20210211,133000,5.442,5.442,5.442,5.442,519,0
IVO,5,20210211,134500,5.542,5.542,5.542,5.542,200,0
IVO,5,20210211,141000,5.548,5.55,5.548,5.55,500,0
IVO,5,20210211,153000,5.55,5.6,5.55,5.55,463,0
IVO,5,20210211,163000,5.466,5.466,5.466,5.466,100,0
IVO,5,20210211,164500,5.42,5.42,5.42,5.42,540,0
IVO,5,20210212,092500,5.6,5.6,5.6,5.6,110,0
IVO,5,20210212,093000,5.45,5.638,5.45,5.638,905,0
IVO,5,20210212,093500,5.64,5.75,5.64,5.699,1618,0
IVO,5,20210212,094000,5.74,5.74,5.74,5.74,100,0
IVO,5,20210212,094500,5.65,5.65,5.5,5.5,1820,0
IVO,5,20210212,101500,5.59,5.59,5.59,5.59,377,0
IVO,5,20210212,102000,5.59,5.59,5.59,5.59,177,0
IVO,5,20210212,103500,5.578,5.578,5.502,5.502,1008,0
IVO,5,20210212,104000,5.58,5.58,5.58,5.58,375,0
IVO,5,20210212,105000,5.696,5.696,5.696,5.696,335,0
IVO,5,20210212,110000,5.695,5.695,5.695,5.695,242,0
IVO,5,20210212,110500,5.66,5.66,5.66,5.66,100,0
IVO,5,20210212,111500,5.53,5.53,5.53,5.53,20,0
IVO,5,20210212,112500,5.696,5.7,5.696,5.7,1200,0
IVO,5,20210212,115500,5.727,5.727,5.727,5.727,100,0
IVO,5,20210212,121000,5.727,5.732,5.727,5.732,1080,0
IVO,5,20210212,121500,5.732,5.74,5.732,5.74,715,0
IVO,5,20210212,123500,5.66,5.66,5.65,5.65,475,0
IVO,5,20210212,125500,5.63,5.63,5.542,5.542,1000,0
IVO,5,20210212,132000,5.55,5.55,5.55,5.55,705,0
IVO,5,20210212,132500,5.55,5.55,5.55,5.55,295,0
IVO,5,20210212,140500,5.55,5.55,5.55,5.55,1000,0
IVO,5,20210212,141500,5.65,5.65,5.65,5.65,275,0
IVO,5,20210212,151000,5.648,5.7,5.648,5.7,2000,0
IVO,5,20210212,152500,5.601,5.601,5.6,5.6,4917,0
IVO,5,20210212,153000,5.648,5.698,5.648,5.698,410,0
IVO,5,20210212,153500,5.6,5.6,5.6,5.6,48,0
IVO,5,20210212,155000,5.603,5.603,5.57,5.57,4000,0
IVO,5,20210212,160500,5.57,5.57,5.57,5.57,22,0
IVO,5,20210212,163000,5.63,5.63,5.63,5.63,986,0
IVO,5,20210212,163500,5.67,5.69,5.67,5.69,246,0
IVO,5,20210212,164000,5.66,5.69,5.66,5.69,1069,0
IVO,5,20210215,090000,5.572,5.648,5.36,5.648,10228,0
IVO,5,20210215,091000,5.6,5.6,5.6,5.6,250,0
IVO,5,20210215,091500,5.45,5.45,5.45,5.45,343,0
IVO,5,20210215,092000,5.45,5.45,5.44,5.44,1000,0
IVO,5,20210215,093500,5.43,5.43,5.43,5.43,200,0
IVO,5,20210215,094000,5.44,5.44,5.44,5.44,1808,0
IVO,5,20210215,095000,5.498,5.498,5.498,5.498,250,0
IVO,5,20210215,095500,5.55,5.6,5.55,5.6,1400,0
IVO,5,20210215,101500,5.45,5.45,5.45,5.45,1392,0
IVO,5,20210215,104500,5.5,5.5,5.5,5.5,625,0
IVO,5,20210215,110000,5.525,5.55,5.525,5.55,1865,0
IVO,5,20210215,111000,5.638,5.638,5.638,5.638,350,0
IVO,5,20210215,111500,5.638,5.638,5.638,5.638,322,0
IVO,5,20210215,112000,5.638,5.638,5.638,5.638,290,0
IVO,5,20210215,112500,5.638,5.638,5.44,5.44,6309,0
IVO,5,20210215,115500,5.46,5.6,5.46,5.6,549,0
IVO,5,20210215,120000,5.6,5.6,5.6,5.6,73,0
IVO,5,20210215,121000,5.6,5.6,5.6,5.6,500,0
IVO,5,20210215,122000,5.6,5.6,5.6,5.6,77,0
IVO,5,20210215,133000,5.596,5.596,5.596,5.596,35,0
IVO,5,20210215,133500,5.47,5.47,5.44,5.44,2150,0
IVO,5,20210215,134000,5.44,5.44,5.4,5.4,2556,0
IVO,5,20210215,134500,5.401,5.401,5.401,5.401,341,0
IVO,5,20210215,141500,5.5,5.5,5.5,5.5,200,0
IVO,5,20210215,142500,5.5,5.5,5.5,5.5,300,0
IVO,5,20210215,150000,5.45,5.45,5.45,5.45,250,0
IVO,5,20210215,153500,5.46,5.46,5.46,5.46,500,0
IVO,5,20210215,155500,5.499,5.499,5.46,5.46,290,0
IVO,5,20210215,161500,5.46,5.46,5.46,5.46,730,0
IVO,5,20210215,162500,5.499,5.499,5.499,5.499,4,0
IVO,5,20210215,164000,5.46,5.46,5.45,5.45,684,0
IVO,5,20210215,164500,5.5,5.5,5.5,5.5,3411,0
IVO,5,20210216,090000,5.574,5.574,5.45,5.45,409,0
IVO,5,20210216,091000,5.55,5.57,5.55,5.57,500,0
IVO,5,20210216,091500,5.568,5.568,5.568,5.568,300,0
IVO,5,20210216,092000,5.47,5.47,5.45,5.45,595,0
IVO,5,20210216,093000,5.45,5.45,5.45,5.45,500,0
IVO,5,20210216,093500,5.45,5.498,5.4,5.498,1090,0
IVO,5,20210216,105000,5.421,5.496,5.421,5.496,1050,0
IVO,5,20210216,112500,5.488,5.488,5.488,5.488,100,0
IVO,5,20210216,114000,5.488,5.498,5.448,5.45,1119,0
IVO,5,20210216,114500,5.498,5.498,5.498,5.498,15,0
IVO,5,20210216,115000,5.498,5.498,5.498,5.498,100,0
IVO,5,20210216,120500,5.49,5.49,5.49,5.49,304,0
IVO,5,20210216,121500,5.498,5.498,5.498,5.498,10,0
IVO,5,20210216,134000,5.49,5.49,5.49,5.49,1000,0
IVO,5,20210216,134500,5.498,5.5,5.498,5.5,1500,0
IVO,5,20210216,135000,5.5,5.5,5.5,5.5,54,0
IVO,5,20210216,135500,5.49,5.49,5.49,5.49,400,0
IVO,5,20210216,142000,5.5,5.5,5.5,5.5,500,0
IVO,5,20210216,150000,5.5,5.5,5.5,5.5,74,0
IVO,5,20210216,155000,5.568,5.568,5.568,5.568,1,0
IVO,5,20210216,160000,5.501,5.501,5.49,5.49,1395,0
IVO,5,20210216,161500,5.51,5.51,5.49,5.49,430,0
IVO,5,20210217,091500,5.5,5.5,5.5,5.5,50,0
IVO,5,20210217,095000,5.44,5.44,5.44,5.44,106,0
IVO,5,20210217,100000,5.422,5.422,5.4,5.4,550,0
IVO,5,20210217,103000,5.46,5.46,5.46,5.46,66,0
IVO,5,20210217,112000,5.498,5.498,5.498,5.498,200,0
IVO,5,20210217,115500,5.45,5.45,5.412,5.412,300,0
IVO,5,20210217,120500,5.41,5.41,5.41,5.41,390,0
IVO,5,20210217,121500,5.41,5.41,5.41,5.41,550,0
IVO,5,20210217,131500,5.45,5.45,5.45,5.45,17,0
IVO,5,20210217,135500,5.44,5.45,5.44,5.45,483,0
IVO,5,20210217,140000,5.46,5.46,5.46,5.46,125,0
IVO,5,20210217,140500,5.488,5.5,5.488,5.5,3400,0
IVO,5,20210217,141000,5.5,5.53,5.5,5.53,251,0
IVO,5,20210217,150500,5.53,5.54,5.53,5.54,509,0
IVO,5,20210217,152500,5.55,5.58,5.55,5.58,310,0
IVO,5,20210217,154000,5.535,5.535,5.53,5.53,300,0
IVO,5,20210217,154500,5.648,5.648,5.648,5.648,35,0
IVO,5,20210217,160500,5.648,5.65,5.648,5.65,490,0
IVO,5,20210218,090000,5.64,5.64,5.64,5.64,50,0
IVO,5,20210218,092000,5.56,5.56,5.51,5.51,1000,0
IVO,5,20210218,094000,5.6,5.6,5.6,5.6,799,0
IVO,5,20210218,100000,5.6,5.6,5.6,5.6,1,0
IVO,5,20210218,100500,5.53,5.53,5.512,5.512,375,0
IVO,5,20210218,111000,5.578,5.578,5.578,5.578,36,0
IVO,5,20210218,113500,5.578,5.578,5.578,5.578,214,0
IVO,5,20210218,115000,5.53,5.53,5.41,5.41,1020,0
IVO,5,20210218,115500,5.42,5.42,5.411,5.411,855,0
IVO,5,20210218,131000,5.55,5.55,5.55,5.55,20,0
IVO,5,20210218,131500,5.55,5.55,5.55,5.55,5,0
IVO,5,20210218,132500,5.481,5.481,5.48,5.48,1000,0
IVO,5,20210218,134500,5.48,5.48,5.48,5.48,902,0
IVO,5,20210218,142000,5.48,5.48,5.47,5.47,2269,0
IVO,5,20210218,150000,5.55,5.55,5.55,5.55,49,0
IVO,5,20210218,151000,5.44,5.44,5.44,5.44,61,0
IVO,5,20210218,155500,5.44,5.44,5.421,5.421,460,0
IVO,5,20210218,160500,5.55,5.55,5.55,5.55,720,0
IVO,5,20210218,162500,5.44,5.44,5.42,5.42,1261,0
IVO,5,20210218,163000,5.42,5.42,5.42,5.42,1500,0
IVO,5,20210218,163500,5.42,5.42,5.4,5.4,1500,0
IVO,5,20210218,164000,5.4,5.4,5.4,5.4,460,0
IVO,5,20210218,164500,5.4,5.4,5.4,5.4,150,0
IVO,5,20210219,090000,5.48,5.48,5.48,5.48,15,0
IVO,5,20210219,091000,5.35,5.35,5.35,5.35,157,0
IVO,5,20210219,094000,5.4,5.44,5.4,5.44,200,0
IVO,5,20210219,094500,5.4,5.4,5.305,5.305,1757,0
IVO,5,20210219,095500,5.31,5.38,5.3,5.38,675,0
IVO,5,20210219,100000,5.42,5.424,5.42,5.424,250,0
IVO,5,20210219,101000,5.351,5.351,5.351,5.351,180,0
IVO,5,20210219,102500,5.41,5.49,5.39,5.49,2220,0
IVO,5,20210219,103000,5.49,5.5,5.49,5.5,100,0
IVO,5,20210219,105000,5.5,5.565,5.5,5.565,1451,0
IVO,5,20210219,105500,5.565,5.565,5.565,5.565,384,0
IVO,5,20210219,110000,5.42,5.42,5.42,5.42,215,0
IVO,5,20210219,131000,5.442,5.442,5.442,5.442,285,0
IVO,5,20210219,132500,5.442,5.442,5.44,5.44,500,0
IVO,5,20210219,134500,5.44,5.44,5.44,5.44,162,0
IVO,5,20210219,135500,5.44,5.498,5.44,5.498,111,0
IVO,5,20210219,142000,5.425,5.425,5.425,5.425,46,0
IVO,5,20210219,144000,5.425,5.5,5.425,5.5,919,0
IVO,5,20210219,155500,5.43,5.46,5.43,5.46,486,0
IVO,5,20210219,160000,5.43,5.43,5.42,5.42,700,0
IVO,5,20210219,161500,5.421,5.421,5.421,5.421,80,0
IVO,5,20210219,164000,5.421,5.421,5.42,5.42,485,0
IVO,5,20210222,090000,5.488,5.488,5.488,5.488,1,0
IVO,5,20210222,090500,5.45,5.479,5.45,5.479,100,0
IVO,5,20210222,094500,5.444,5.444,5.444,5.444,100,0
IVO,5,20210222,095000,5.4,5.4,5.351,5.351,225,0
IVO,5,20210222,113000,5.351,5.351,5.322,5.322,302,0
IVO,5,20210222,124500,5.33,5.33,5.33,5.33,107,0
IVO,5,20210222,125000,5.398,5.398,5.398,5.398,1,0
IVO,5,20210222,130500,5.398,5.398,5.398,5.398,5,0
IVO,5,20210222,133500,5.35,5.35,5.35,5.35,751,0
IVO,5,20210222,152000,5.398,5.398,5.398,5.398,100,0
IVO,5,20210222,164000,5.39,5.39,5.39,5.39,1000,0
IVO,5,20210223,091500,5.39,5.39,5.361,5.361,44,0
IVO,5,20210223,092000,5.361,5.361,5.361,5.361,97,0
IVO,5,20210223,093500,5.398,5.398,5.398,5.398,100,0
IVO,5,20210223,094500,5.398,5.398,5.398,5.398,75,0
IVO,5,20210223,101500,5.362,5.362,5.306,5.306,2243,0
IVO,5,20210223,102000,5.25,5.25,5.25,5.25,653,0
IVO,5,20210223,104500,5.26,5.3,5.26,5.3,186,0
IVO,5,20210223,110000,5.3,5.3,5.3,5.3,247,0
IVO,5,20210223,111000,5.3,5.3,5.3,5.3,1824,0
IVO,5,20210223,111500,5.3,5.3,5.3,5.3,1500,0
IVO,5,20210223,113000,5.25,5.25,5.25,5.25,20,0
IVO,5,20210223,121500,5.29,5.29,5.29,5.29,200,0
IVO,5,20210223,151000,5.25,5.25,5.25,5.25,500,0
IVO,5,20210223,152000,5.28,5.28,5.28,5.28,40,0
IVO,5,20210223,152500,5.29,5.29,5.29,5.29,160,0
IVO,5,20210223,154500,5.25,5.25,5.25,5.25,117,0
IVO,5,20210223,164500,5.24,5.28,5.24,5.28,175,0
IVO,5,20210224,090000,5.26,5.26,5.26,5.26,150,0
IVO,5,20210224,092500,5.24,5.24,5.24,5.24,100,0
IVO,5,20210224,093500,5.25,5.26,5.25,5.26,196,0
IVO,5,20210224,095500,5.26,5.26,5.26,5.26,94,0
IVO,5,20210224,100000,5.25,5.25,5.25,5.25,454,0
IVO,5,20210224,110000,5.154,5.154,5.12,5.12,757,0
IVO,5,20210224,115000,5.18,5.18,5.18,5.18,54,0
IVO,5,20210224,121000,5.2,5.2,5.2,5.2,143,0
IVO,5,20210224,121500,5.18,5.18,5.15,5.15,1798,0
IVO,5,20210224,140000,5.237,5.237,5.237,5.237,113,0
IVO,5,20210224,143000,5.238,5.238,5.238,5.238,10,0
IVO,5,20210224,164000,5.18,5.18,5.12,5.12,1140,0
IVO,5,20210224,164500,5.216,5.216,5.216,5.216,125,0
IVO,5,20210225,090000,5.2,5.2,5.2,5.2,100,0
IVO,5,20210225,090500,5.2,5.2,5.2,5.2,858,0
IVO,5,20210225,100000,5.198,5.198,5.198,5.198,125,0
IVO,5,20210225,121000,5.196,5.5,5.196,5.5,9976,0
IVO,5,20210225,121500,5.5,5.5,5.5,5.5,24,0
IVO,5,20210225,124000,5.281,5.281,5.281,5.281,190,0
IVO,5,20210225,124500,5.281,5.281,5.281,5.281,310,0
IVO,5,20210225,130500,5.4,5.4,5.4,5.4,600,0
IVO,5,20210225,131000,5.45,5.45,5.209,5.209,225,0
IVO,5,20210225,131500,5.209,5.209,5.2,5.2,725,0
IVO,5,20210225,132000,5.538,5.538,5.538,5.538,70,0
IVO,5,20210225,143000,5.24,5.24,5.2,5.2,1000,0
IVO,5,20210225,143500,5.2,5.2,5.2,5.2,500,0
IVO,5,20210225,145500,5.18,5.18,5.022,5.022,5200,0
IVO,5,20210225,152000,5.05,5.05,5,5,5000,0
IVO,5,20210225,152500,5.005,5.005,5.005,5.005,500,0
IVO,5,20210225,153000,5.005,5.005,5,5,1000,0
IVO,5,20210225,153500,5,5,5,5,2500,0
IVO,5,20210225,155000,5.148,5.148,5.148,5.148,500,0
IVO,5,20210225,161000,5.15,5.15,5.15,5.15,437,0
IVO,5,20210225,162500,5.15,5.15,5.15,5.15,40,0
IVO,5,20210225,164000,5.08,5.08,5.05,5.05,1500,0
IVO,5,20210225,164500,5.116,5.116,5.116,5.116,2,0
IVO,5,20210226,090000,5.1,5.1,4.98,4.98,2092,0
IVO,5,20210226,090500,5,5,5,5,685,0
IVO,5,20210226,091000,4.97,5.001,4.97,5.001,645,0
IVO,5,20210226,092000,5.05,5.05,5.05,5.05,500,0
IVO,5,20210226,092500,5.095,5.095,5.09,5.09,400,0
IVO,5,20210226,093000,5.09,5.09,5.09,5.09,400,0
IVO,5,20210226,093500,5.094,5.094,5,5,1350,0
IVO,5,20210226,095500,5.031,5.031,5.03,5.03,200,0
IVO,5,20210226,100000,5.03,5.03,5.03,5.03,150,0
IVO,5,20210226,101500,5.03,5.03,5.03,5.03,500,0
IVO,5,20210226,102500,5.01,5.01,5.01,5.01,200,0
IVO,5,20210226,113000,5.02,5.02,5.003,5.003,500,0
IVO,5,20210226,114000,5.003,5.003,5,5,475,0
IVO,5,20210226,133500,5.05,5.064,5.05,5.064,420,0
IVO,5,20210226,134000,5.001,5.001,5,5,1000,0
IVO,5,20210226,134500,5,5,5,5,21,0
IVO,5,20210226,135000,5,5,5,5,5,0
IVO,5,20210226,135500,5,5,5,5,1397,0
IVO,5,20210226,142000,5,5,5,5,827,0
IVO,5,20210226,143500,4.98,4.98,4.98,4.98,285,0
IVO,5,20210226,150500,4.9795,4.98,4.9795,4.98,465,0
IVO,5,20210226,151000,5,5,5,5,1000,0
IVO,5,20210226,154000,5,5,5,5,1020,0
IVO,5,20210226,155500,4.95,4.95,4.95,4.95,500,0
IVO,5,20210226,160000,4.95,4.95,4.95,4.95,300,0
IVO,5,20210226,161000,4.92,4.92,4.91,4.91,1045,0
IVO,5,20210226,161500,4.9005,4.9005,4.9,4.9,2135,0
IVO,5,20210226,162000,4.9,4.9,4.9,4.9,60,0
IVO,5,20210226,162500,4.9,4.9,4.9,4.9,500,0
IVO,5,20210226,164000,4.9,4.9,4.9,4.9,659,0
IVO,5,20210301,090000,4.92,5.065,4.92,5.065,888,0
IVO,5,20210301,090500,5.1,5.1,5.1,5.1,200,0
IVO,5,20210301,092500,5.079,5.08,5.079,5.08,422,0
IVO,5,20210301,101000,5.012,5.012,5.012,5.012,50,0
IVO,5,20210301,101500,5.012,5.012,5.012,5.012,6,0
IVO,5,20210301,105500,5.07,5.08,5.07,5.08,353,0
IVO,5,20210301,110000,5.1,5.1,5.1,5.1,394,0
IVO,5,20210301,111500,5.1,5.1,5.1,5.1,6,0
IVO,5,20210301,112000,5.1,5.1,5.1,5.1,50,0
IVO,5,20210301,113000,5.2,5.2,5.2,5.2,125,0
IVO,5,20210301,113500,5.28,5.28,5.28,5.28,250,0
IVO,5,20210301,114000,5.3,5.3,5.3,5.3,250,0
IVO,5,20210301,114500,5.3,5.3,5.3,5.3,250,0
IVO,5,20210301,115500,5.34,5.34,5.34,5.34,20,0
IVO,5,20210301,120500,5.32,5.38,5.32,5.38,896,0
IVO,5,20210301,123000,5.25,5.25,5.25,5.25,200,0
IVO,5,20210301,125500,5.251,5.251,5.251,5.251,125,0
IVO,5,20210301,130000,5.25,5.25,5.25,5.25,195,0
IVO,5,20210301,164500,5.201,5.201,5.2,5.2,800,0
IVO,5,20210302,090000,5.16,5.16,5.102,5.102,1130,0
IVO,5,20210302,091000,5.1,5.1,5.1,5.1,500,0
IVO,5,20210302,112500,5.1,5.1,5.1,5.1,95,0
IVO,5,20210302,122000,5.11,5.11,5.11,5.11,475,0
IVO,5,20210302,122500,5.11,5.155,5.11,5.155,495,0
IVO,5,20210302,124500,5.15,5.15,5.15,5.15,125,0
IVO,5,20210302,125500,5.15,5.15,5.15,5.15,250,0
IVO,5,20210302,130500,5.15,5.2,5.15,5.2,185,0
IVO,5,20210302,133000,5.2,5.2,5.2,5.2,65,0
IVO,5,20210302,134500,5.2,5.2,5.2,5.2,240,0
IVO,5,20210302,140500,5.11,5.11,5.051,5.051,300,0
IVO,5,20210302,152000,5.07,5.07,5.07,5.07,100,0
IVO,5,20210303,090000,5.14,5.14,5.09,5.09,322,0
IVO,5,20210303,090500,5.061,5.061,5.032,5.061,735,0
IVO,5,20210303,092500,5.07,5.07,5.07,5.07,500,0
IVO,5,20210303,093000,5.07,5.159,5.07,5.159,2238,0
IVO,5,20210303,101500,5.061,5.061,5,5,5000,0
IVO,5,20210303,102000,5,5,5,5,1050,0
IVO,5,20210303,103000,5,5,5,5,1000,0
IVO,5,20210303,111000,5.1,5.1,5.1,5.1,500,0
IVO,5,20210303,112500,5.02,5.02,5.02,5.02,200,0
IVO,5,20210303,114000,5.02,5.02,5.02,5.02,75,0
IVO,5,20210303,114500,5.02,5.02,5.02,5.02,25,0
IVO,5,20210303,121500,5.02,5.02,5,5,1000,0
IVO,5,20210303,133000,5,5,5,5,1200,0
IVO,5,20210303,133500,5,5,5,5,175,0
IVO,5,20210303,144000,5.03,5.03,5,5,1000,0
IVO,5,20210303,144500,5.08,5.1,5.08,5.1,1000,0
IVO,5,20210303,161000,5.011,5.011,5.01,5.01,480,0
IVO,5,20210303,163000,5.099,5.099,5.099,5.099,12,0
IVO,5,20210304,092500,5.011,5.011,5.011,5.011,100,0
IVO,5,20210304,094000,5.08,5.08,5.08,5.08,250,0
IVO,5,20210304,103000,5.011,5.011,5.011,5.011,25,0
IVO,5,20210304,103500,5.01,5.01,5.01,5.01,25,0
IVO,5,20210304,121500,5.01,5.01,5.01,5.01,745,0
IVO,5,20210304,122000,5.07,5.07,5.07,5.07,3255,0
IVO,5,20210304,123500,5,5,4.01,4.51,25100,0
IVO,5,20210304,124000,4.55,4.6,4.01,4.298,37459,0
IVO,5,20210304,124500,4.29,4.5,4.288,4.498,12577,0
IVO,5,20210304,125000,4.5,4.65,4.4,4.65,7609,0
IVO,5,20210304,125500,4.65,4.79,4.6,4.79,4890,0
IVO,5,20210304,130000,4.72,4.8,4.72,4.8,1903,0
IVO,5,20210304,130500,4.79,4.79,4.79,4.79,200,0
IVO,5,20210304,131000,4.73,4.799,4.72,4.799,911,0
IVO,5,20210304,133000,4.79,4.79,4.79,4.79,300,0
IVO,5,20210304,134000,4.75,4.75,4.72,4.72,943,0
IVO,5,20210304,140000,4.75,4.75,4.6,4.6,1500,0
IVO,5,20210304,140500,4.6,4.6,4.6,4.6,2148,0
IVO,5,20210304,141000,4.75,4.75,4.75,4.75,100,0
IVO,5,20210304,142000,4.75,4.75,4.75,4.75,500,0
IVO,5,20210304,142500,4.75,4.75,4.75,4.75,36,0
IVO,5,20210304,144000,4.75,4.75,4.75,4.75,315,0
IVO,5,20210304,145500,4.75,4.75,4.75,4.75,600,0
IVO,5,20210304,150000,4.75,4.75,4.75,4.75,115,0
IVO,5,20210304,151500,4.74,4.74,4.74,4.74,100,0
IVO,5,20210304,152000,4.73,4.73,4.73,4.73,106,0
IVO,5,20210304,153000,4.74,4.74,4.74,4.74,300,0
IVO,5,20210304,153500,4.74,4.74,4.74,4.74,600,0
IVO,5,20210304,155500,4.75,4.788,4.75,4.788,370,0
IVO,5,20210304,161000,4.74,4.74,4.72,4.72,500,0
IVO,5,20210304,164000,4.794,4.838,4.794,4.838,550,0
IVO,5,20210304,164500,4.838,4.85,4.838,4.85,100,0
IVO,5,20210305,090500,4.868,4.868,4.868,4.868,250,0
IVO,5,20210305,092500,4.946,5.04,4.946,5.04,1790,0
IVO,5,20210305,093500,5.04,5.04,5.04,5.04,2900,0
IVO,5,20210305,094500,5.04,5.08,5.04,5.08,3197,0
IVO,5,20210305,095000,5.08,5.08,5.08,5.08,500,0
IVO,5,20210305,100500,5.099,5.099,5.099,5.099,168,0
IVO,5,20210305,101500,5.1,5.1,5.1,5.1,1142,0
IVO,5,20210305,102500,5.14,5.2,5.14,5.2,4230,0
IVO,5,20210305,103000,5.21,5.25,5.21,5.25,2793,0
IVO,5,20210305,104000,5.25,5.3,5.25,5.3,1000,0
IVO,5,20210305,105500,5.2,5.2,5.2,5.2,200,0
IVO,5,20210305,111500,5.2,5.2,5.2,5.2,115,0
IVO,5,20210305,113000,5.2,5.2,5.18,5.18,335,0
IVO,5,20210305,113500,5.18,5.18,5.18,5.18,410,0
IVO,5,20210305,114000,5.18,5.18,5.18,5.18,5,0
IVO,5,20210305,114500,5.2,5.2,5.2,5.2,268,0
IVO,5,20210305,115000,5.16,5.16,5.14,5.14,500,0
IVO,5,20210305,132000,5.16,5.18,5.16,5.18,1000,0
IVO,5,20210305,132500,5.18,5.18,5.18,5.18,260,0
IVO,5,20210305,141000,5.14,5.14,5.14,5.14,55,0
IVO,5,20210305,142000,5.13,5.13,5.13,5.13,200,0
IVO,5,20210305,143500,5.102,5.102,5.102,5.102,200,0
IVO,5,20210305,161000,5.178,5.178,5.178,5.178,125,0
IVO,5,20210308,090000,5.39,5.39,5.39,5.39,620,0
IVO,5,20210308,090500,5.2,5.39,5.16,5.16,2400,0
IVO,5,20210308,093500,5.2,5.2,5.2,5.2,444,0
IVO,5,20210308,103000,5.2,5.2,5.2,5.2,16,0
IVO,5,20210308,104500,5.2,5.2,5.2,5.2,134,0
IVO,5,20210308,111500,5.338,5.338,5.338,5.338,25,0
IVO,5,20210308,113000,5.22,5.22,5.22,5.22,107,0
IVO,5,20210308,125000,5.22,5.22,5.22,5.22,110,0
IVO,5,20210308,144000,5.32,5.32,5.32,5.32,200,0
IVO,5,20210308,160000,5.296,5.296,5.296,5.296,200,0
IVO,5,20210308,163000,5.222,5.222,5.222,5.222,383,0
IVO,5,20210308,164500,5.222,5.222,5.222,5.222,250,0
IVO,5,20210309,092000,5.222,5.298,5.222,5.298,30,0
IVO,5,20210309,105000,5.223,5.223,5.222,5.222,179,0
IVO,5,20210309,111000,5.222,5.222,5.14,5.14,654,0
IVO,5,20210309,111500,5.101,5.101,5.06,5.06,920,0
IVO,5,20210309,113000,5.06,5.06,5,5,2630,0
IVO,5,20210309,114000,5.09,5.09,5.09,5.09,200,0
IVO,5,20210309,114500,5,5,5,5,21,0
IVO,5,20210309,123000,5,5,5,5,1964,0
IVO,5,20210309,124500,5.088,5.09,5.088,5.09,1941,0
IVO,5,20210309,152500,5.101,5.101,5.101,5.101,300,0
IVO,5,20210309,155500,5.1,5.1,5.1,5.1,16,0
IVO,5,20210309,164500,5.101,5.101,5.101,5.101,300,0
IVO,5,20210310,090000,5.1,5.1,5.01,5.05,69,0
IVO,5,20210310,090500,5.01,5.01,5.01,5.01,10,0
IVO,5,20210310,091500,5.01,5.01,5.01,5.01,111,0
IVO,5,20210310,092000,5.01,5.01,5.01,5.01,398,0
IVO,5,20210310,093500,5.01,5.01,5.01,5.01,326,0
IVO,5,20210310,095000,4.99,4.99,4.99,4.99,160,0
IVO,5,20210310,102000,4.99,4.99,4.99,4.99,40,0
IVO,5,20210310,113000,4.99,4.99,4.99,4.99,49,0
IVO,5,20210310,124500,5,5,4.99,4.99,151,0
IVO,5,20210310,130500,4.98,4.98,4.98,4.98,200,0
IVO,5,20210310,133000,5.01,5.01,5.01,5.01,100,0
IVO,5,20210310,141500,4.92,4.92,4.92,4.92,471,0
IVO,5,20210310,142500,4.95,4.95,4.95,4.95,40,0
IVO,5,20210310,143500,4.92,4.92,4.92,4.92,960,0
IVO,5,20210310,145500,5.01,5.01,4.92,4.92,330,0
IVO,5,20210310,161000,5,5,5,5,300,0
IVO,5,20210311,090000,5.001,5.001,5,5,310,0
IVO,5,20210311,090500,5.039,5.05,5.039,5.05,1255,0
IVO,5,20210311,095500,5.1,5.1,5,5,1288,0
IVO,5,20210311,101500,5,5,5,5,102,0
IVO,5,20210311,102000,5,5,5,5,2158,0
IVO,5,20210311,104500,5,5,5,5,3050,0
IVO,5,20210311,105000,5,5,5,5,2000,0
IVO,5,20210311,110000,5,5,5,5,1072,0
IVO,5,20210311,110500,5,5,5,5,80,0
IVO,5,20210311,112000,5,5,4.942,4.942,775,0
IVO,5,20210311,125000,5,5,5,5,1622,0
IVO,5,20210311,142500,5,5,5,5,180,0
IVO,5,20210311,144000,5,5,5,5,265,0
IVO,5,20210311,153000,5,5,5,5,100,0
IVO,5,20210311,154500,4.962,4.962,4.962,4.962,250,0
IVO,5,20210312,091500,4.95,4.95,4.942,4.942,1000,0
IVO,5,20210312,092000,4.923,4.923,4.923,4.923,624,0
IVO,5,20210312,112000,4.941,4.941,4.941,4.941,300,0
IVO,5,20210312,150000,5.03,5.148,5.03,5.148,1778,0
IVO,5,20210312,150500,5.2,5.2,5.2,5.2,1700,0
IVO,5,20210312,151500,5.29,5.29,5.29,5.29,100,0
IVO,5,20210312,152500,5.28,5.28,5.25,5.25,1000,0
IVO,5,20210312,160500,5.279,5.279,5.279,5.279,12,0
IVO,5,20210312,164500,5.201,5.26,5.2,5.26,1720,0
IVO,5,20210315,091500,5.23,5.23,5.23,5.23,500,0
IVO,5,20210315,103500,5.1,5.1,5.1,5.1,200,0
IVO,5,20210315,104000,5.1,5.1,5.1,5.1,40,0
IVO,5,20210315,104500,5.06,5.06,5.06,5.06,500,0
IVO,5,20210315,105500,5.06,5.06,5.06,5.06,400,0
IVO,5,20210315,110000,5.061,5.061,5.06,5.06,350,0
IVO,5,20210315,113500,5.1,5.1,5.1,5.1,300,0
IVO,5,20210315,114500,5.1,5.1,5.1,5.1,20,0
IVO,5,20210315,115500,5.12,5.12,5.1,5.1,180,0
IVO,5,20210315,120000,5.1,5.1,5.1,5.1,300,0
IVO,5,20210315,123000,5.15,5.16,5.15,5.16,600,0
IVO,5,20210315,142500,5.16,5.16,5.16,5.16,25,0
IVO,5,20210315,150000,5.1,5.1,5.1,5.1,200,0
IVO,5,20210315,154000,5.1,5.1,5.1,5.1,300,0
IVO,5,20210315,160000,5.1,5.1,5.1,5.1,20,0
IVO,5,20210315,161000,5.1,5.1,5.1,5.1,250,0
IVO,5,20210315,164000,5.1,5.1,5.1,5.1,30,0
IVO,5,20210315,164500,5.13,5.13,5.13,5.13,100,0
IVO,5,20210316,091000,5.08,5.08,5.036,5.036,475,0
IVO,5,20210316,094500,5.05,5.05,5.05,5.05,439,0
IVO,5,20210316,102000,5.06,5.06,5.06,5.06,250,0
IVO,5,20210316,102500,5.06,5.06,5.05,5.05,151,0
IVO,5,20210316,103000,5.04,5.04,5.04,5.04,350,0
IVO,5,20210316,104500,5.04,5.04,5.04,5.04,100,0
IVO,5,20210316,105000,5.04,5.04,5.04,5.04,15,0
IVO,5,20210316,110000,5.04,5.04,5.04,5.04,200,0
IVO,5,20210316,112000,5.033,5.033,5.024,5.024,660,0
IVO,5,20210316,120500,4.99,5.02,4.982,4.982,735,0
IVO,5,20210316,121000,4.982,4.982,4.95,4.95,500,0
IVO,5,20210316,125500,5.04,5.08,4.96,4.96,1050,0
IVO,5,20210316,131000,4.98,4.98,4.98,4.98,25,0
IVO,5,20210316,135500,5.08,5.08,5.08,5.08,159,0
IVO,5,20210316,140000,5.1,5.1,5.1,5.1,49,0
IVO,5,20210316,144000,5.01,5.01,5.001,5.001,150,0
IVO,5,20210316,151500,5.002,5.002,5.002,5.002,300,0
IVO,5,20210316,152000,5.001,5.001,5.001,5.001,110,0
IVO,5,20210316,154000,5.001,5.001,5,5,2140,0
IVO,5,20210316,161000,5,5,5,5,500,0
IVO,5,20210316,164500,5,5,5,5,1150,0
IVO,5,20210317,090000,5,5.07,5,5.07,635,0
IVO,5,20210317,091000,5.02,5.02,5.02,5.02,160,0
IVO,5,20210317,092000,5.07,5.07,5.07,5.07,99,0
IVO,5,20210317,093000,5.13,5.15,5.13,5.15,850,0
IVO,5,20210317,093500,5.15,5.15,5.15,5.15,2891,0
IVO,5,20210317,094000,5.101,5.101,5.101,5.101,25,0
IVO,5,20210317,102000,5.001,5.001,5.001,5.001,165,0
IVO,5,20210317,102500,5,5,5,5,388,0
IVO,5,20210317,103500,5,5.001,5,5.001,1085,0
IVO,5,20210317,110000,5,5,5,5,109,0
IVO,5,20210317,120500,5,5,4.95,4.95,740,0
IVO,5,20210317,130000,5.099,5.099,5.099,5.099,125,0
IVO,5,20210317,135500,5,5,5,5,125,0
IVO,5,20210317,140000,4.9805,4.9805,4.98,4.98,150,0
IVO,5,20210317,140500,4.98,4.98,4.98,4.98,200,0
IVO,5,20210317,153500,5,5,4.98,4.98,200,0
IVO,5,20210317,160500,4.98,4.98,4.98,4.98,75,0
IVO,5,20210317,162000,4.9605,4.9605,4.95,4.95,300,0
IVO,5,20210317,163000,4.98,4.98,4.96,4.96,950,0
IVO,5,20210317,164500,4.95,4.95,4.95,4.95,500,0
IVO,5,20210318,090000,5.05,5.05,5.05,5.05,125,0
IVO,5,20210318,090500,5.076,5.076,5.076,5.076,250,0
IVO,5,20210318,091000,5.118,5.118,5.118,5.118,170,0
IVO,5,20210318,092500,5.198,5.198,5.198,5.198,425,0
IVO,5,20210318,093500,5.194,5.196,5.194,5.196,1000,0
IVO,5,20210318,101000,5.1,5.1,4.98,4.98,1000,0
IVO,5,20210318,104500,5.1,5.11,5.1,5.11,804,0
IVO,5,20210318,105500,5.01,5.01,5.01,5.01,200,0
IVO,5,20210318,110000,5.01,5.01,5.01,5.01,200,0
IVO,5,20210318,132000,5.118,5.118,5.118,5.118,10,0
IVO,5,20210318,132500,5.118,5.118,5.118,5.118,115,0
IVO,5,20210318,134000,5.12,5.12,5.12,5.12,100,0
IVO,5,20210318,140000,5.17,5.17,5.17,5.17,181,0
IVO,5,20210318,141000,5.12,5.12,5.12,5.12,350,0
IVO,5,20210318,141500,5.17,5.17,5.17,5.17,500,0
IVO,5,20210318,142500,5.18,5.18,5.18,5.18,4,0
IVO,5,20210318,144500,5.12,5.12,5.12,5.12,35,0
IVO,5,20210318,152500,5.12,5.12,5.12,5.12,200,0
IVO,5,20210318,153000,5.12,5.12,5.12,5.12,354,0
IVO,5,20210318,154000,5.12,5.12,5.064,5.064,505,0
IVO,5,20210318,155000,5.07,5.07,5.064,5.064,300,0
IVO,5,20210318,164500,5.13,5.13,5.13,5.13,1,0
IVO,5,20210319,091000,5.13,5.13,5.13,5.13,125,0
IVO,5,20210319,093000,5.14,5.14,5.1,5.1,400,0
IVO,5,20210319,095000,5.145,5.145,5.145,5.145,350,0
IVO,5,20210319,100000,5.149,5.15,5.145,5.15,550,0
IVO,5,20210319,100500,5.15,5.15,5.1,5.1,196,0
IVO,5,20210319,103500,5.1,5.1,5.1,5.1,550,0
IVO,5,20210319,121500,5.081,5.081,5.08,5.08,560,0
IVO,5,20210319,123500,5.1,5.1,5.1,5.1,100,0
IVO,5,20210319,130000,5.08,5.08,5.03,5.03,966,0
IVO,5,20210319,131500,5.031,5.031,5.031,5.031,100,0
IVO,5,20210319,135500,5.098,5.15,5.098,5.15,2304,0
IVO,5,20210319,153500,5.06,5.06,5.06,5.06,1000,0
IVO,5,20210319,162500,5.06,5.06,5.06,5.06,1,0
IVO,5,20210319,164500,5.06,5.06,5.06,5.06,1000,0
IVO,5,20210322,090000,5.13,5.13,5.13,5.13,77,0
IVO,5,20210322,092000,5.061,5.061,5.061,5.061,125,0
IVO,5,20210322,092500,5.06,5.06,5.06,5.06,200,0
IVO,5,20210322,094500,5.08,5.08,5.06,5.06,1000,0
IVO,5,20210322,102500,5.06,5.06,5.06,5.06,490,0
IVO,5,20210322,115500,5.06,5.06,5.06,5.06,600,0
IVO,5,20210322,121500,5.06,5.06,5.06,5.06,130,0
IVO,5,20210322,124500,5.12,5.12,5.12,5.12,7,0
IVO,5,20210322,132500,5.118,5.12,5.118,5.12,218,0
IVO,5,20210322,140500,5.07,5.07,5.062,5.062,1060,0
IVO,5,20210322,154000,5.128,5.128,5.07,5.07,255,0
IVO,5,20210322,154500,5.07,5.07,5.07,5.07,294,0
IVO,5,20210322,155000,5.07,5.07,5.07,5.07,400,0
IVO,5,20210322,155500,5.07,5.07,5.07,5.07,300,0
IVO,5,20210322,160500,5.1,5.1,5.1,5.1,300,0
IVO,5,20210323,092000,5.07,5.07,5.07,5.07,25,0
IVO,5,20210323,095500,5.08,5.08,5.06,5.06,2001,0
IVO,5,20210323,101500,5.06,5.06,5.06,5.06,87,0
IVO,5,20210323,124500,5.138,5.14,5.138,5.14,143,0
IVO,5,20210323,133500,5.062,5.062,5.062,5.062,150,0
IVO,5,20210323,144000,5.12,5.12,5.12,5.12,150,0
IVO,5,20210323,145000,5.072,5.072,5.072,5.072,250,0
IVO,5,20210323,151000,5.072,5.072,5.072,5.072,750,0
IVO,5,20210323,154000,5.08,5.08,5.072,5.072,400,0
IVO,5,20210323,155000,5.072,5.072,5.072,5.072,400,0
IVO,5,20210323,161000,5.072,5.072,5.072,5.072,250,0
IVO,5,20210323,161500,5.1,5.15,5.1,5.15,500,0
IVO,5,20210324,090000,5.153,5.153,5.153,5.153,50,0
IVO,5,20210324,092500,5.11,5.11,5.11,5.11,230,0
IVO,5,20210324,101500,5.11,5.11,5.11,5.11,546,0
IVO,5,20210324,102000,5.11,5.11,5.11,5.11,45,0
IVO,5,20210324,111500,5.111,5.111,5.111,5.111,100,0
IVO,5,20210324,114000,5.11,5.11,5.11,5.11,410,0
IVO,5,20210324,120000,5.111,5.111,5.111,5.111,130,0
IVO,5,20210324,121500,5.112,5.112,5.112,5.112,100,0
IVO,5,20210324,124500,5.129,5.129,5.129,5.129,125,0
IVO,5,20210324,125000,5.111,5.111,5.111,5.111,370,0
IVO,5,20210324,130500,5.11,5.11,5.11,5.11,1,0
IVO,5,20210324,133000,5.11,5.11,5.11,5.11,232,0
IVO,5,20210324,133500,5.128,5.128,5.128,5.128,10,0
IVO,5,20210324,144500,5.11,5.11,5.11,5.11,326,0
IVO,5,20210324,150000,5.11,5.11,5.11,5.11,860,0
IVO,5,20210324,152000,5.11,5.11,5.11,5.11,82,0
IVO,5,20210324,152500,5.101,5.101,5.101,5.101,100,0
IVO,5,20210324,153500,5.09,5.09,5.09,5.09,700,0
IVO,5,20210324,163500,5.11,5.11,5.11,5.11,18,0
IVO,5,20210324,164500,5.09,5.09,5.09,5.09,150,0
IVO,5,20210325,094000,5.074,5.074,5.074,5.074,1,0
IVO,5,20210325,094500,5.11,5.11,5.11,5.11,300,0
IVO,5,20210325,100500,5.119,5.119,5.119,5.119,125,0
IVO,5,20210325,103000,5.074,5.074,5.074,5.074,213,0
IVO,5,20210325,104500,5.128,5.128,5.128,5.128,100,0
IVO,5,20210325,105000,5.074,5.074,5.074,5.074,300,0
IVO,5,20210325,113000,5.1,5.1,5.1,5.1,300,0
IVO,5,20210325,113500,5.119,5.119,5.119,5.119,50,0
IVO,5,20210325,125000,5.11,5.115,5.11,5.115,600,0
IVO,5,20210325,125500,5.12,5.12,5.12,5.12,200,0
IVO,5,20210325,132500,5.12,5.14,5.12,5.14,700,0
IVO,5,20210325,143000,5.12,5.12,5.12,5.12,200,0
IVO,5,20210325,144000,5.12,5.12,5.12,5.12,250,0
IVO,5,20210325,144500,5.12,5.12,5.094,5.094,700,0
IVO,5,20210325,145000,5.08,5.08,5.07,5.074,3286,0
IVO,5,20210325,151000,5.06,5.06,5.06,5.06,39,0
IVO,5,20210325,153000,5.074,5.25,5.074,5.2,4200,0
IVO,5,20210325,155000,5.13,5.13,5.1,5.1,200,0
IVO,5,20210325,163000,5.196,5.196,5.196,5.196,150,0
IVO,5,20210326,093500,5.196,5.196,5.196,5.196,75,0
IVO,5,20210326,094000,5.25,5.25,5.25,5.25,425,0
IVO,5,20210326,094500,5.112,5.112,5.09,5.09,1000,0
IVO,5,20210326,102000,5.09,5.09,5.09,5.09,350,0
IVO,5,20210326,104500,5.1,5.1,5.091,5.091,199,0
IVO,5,20210326,122000,5.12,5.12,5.12,5.12,880,0
IVO,5,20210326,132500,5.2,5.2,5.2,5.2,50,0
IVO,5,20210326,141500,5.196,5.196,5.196,5.196,125,0
IVO,5,20210326,142000,5.2,5.2,5.2,5.2,120,0
