<TICKER>,<PER>,<DATE>,<TIME>,<OPEN>,<HIGH>,<LOW>,<CLOSE>,<VOL>,<OPENINT>
JJB,5,20210204,090000,4.58,4.58,4.58,4.58,108,0
JJB,5,20210204,091000,4.58,4.58,4.58,4.58,100,0
JJB,5,20210204,093500,4.58,4.6,4.58,4.6,1608,0
JJB,5,20210204,094000,4.6,4.6,4.6,4.6,29,0
JJB,5,20210204,101000,4.62,4.62,4.62,4.62,100,0
JJB,5,20210204,102000,4.48,4.48,4.48,4.48,1000,0
JJB,5,20210204,102500,4.49,4.49,4.48,4.48,500,0
JJB,5,20210204,114000,4.52,4.52,4.52,4.52,200,0
JJB,5,20210204,121000,4.62,4.62,4.62,4.62,950,0
JJB,5,20210204,131000,4.66,4.66,4.66,4.66,213,0
JJB,5,20210204,140000,4.59,4.59,4.59,4.59,196,0
JJB,5,20210204,140500,4.5,4.5,4.5,4.5,79,0
JJB,5,20210204,160000,4.55,4.55,4.55,4.55,655,0
JJB,5,20210204,160500,4.55,4.59,4.55,4.59,30,0
JJB,5,20210204,164500,4.53,4.59,4.53,4.59,530,0
JJB,5,20210205,092500,4.59,4.59,4.59,4.59,10,0
JJB,5,20210205,093000,4.52,4.52,4.5,4.5,1079,0
JJB,5,20210205,111000,4.59,4.59,4.59,4.59,500,0
JJB,5,20210205,112000,4.59,4.59,4.59,4.59,200,0
JJB,5,20210205,115500,4.59,4.59,4.59,4.59,153,0
JJB,5,20210205,122500,4.59,4.59,4.59,4.59,14,0
JJB,5,20210205,123000,4.6,4.6,4.6,4.6,236,0
JJB,5,20210205,124500,4.6,4.6,4.6,4.6,650,0
JJB,5,20210205,125000,4.6,4.6,4.6,4.6,650,0
JJB,5,20210205,130000,4.55,4.55,4.51,4.51,200,0
JJB,5,20210205,131500,4.55,4.55,4.55,4.55,1286,0
JJB,5,20210205,140000,4.55,4.55,4.55,4.55,64,0
JJB,5,20210205,151500,4.58,4.58,4.58,4.58,150,0
JJB,5,20210205,161000,4.58,4.6,4.58,4.6,2500,0
JJB,5,20210205,161500,4.6,4.6,4.6,4.6,500,0
JJB,5,20210205,164000,4.6,4.6,4.6,4.6,130,0
JJB,5,20210205,164500,4.6,4.6,4.6,4.6,1947,0
JJB,5,20210208,090000,4.65,4.65,4.65,4.65,60,0
JJB,5,20210208,092000,4.51,4.51,4.48,4.48,1000,0
JJB,5,20210208,104500,4.64,4.64,4.64,4.64,500,0
JJB,5,20210208,121500,4.64,4.64,4.64,4.64,228,0
JJB,5,20210208,135500,4.6,4.6,4.6,4.6,108,0
JJB,5,20210208,141500,4.6,4.6,4.6,4.6,92,0
JJB,5,20210208,143500,4.51,4.51,4.51,4.51,101,0
JJB,5,20210208,150000,4.52,4.52,4.51,4.51,940,0
JJB,5,20210208,150500,4.51,4.51,4.51,4.51,614,0
JJB,5,20210208,151000,4.51,4.6,4.51,4.6,201,0
JJB,5,20210208,161000,4.62,4.65,4.62,4.65,6500,0
JJB,5,20210208,164500,4.63,4.63,4.58,4.58,230,0
JJB,5,20210209,090500,4.6,4.6,4.6,4.6,10,0
JJB,5,20210209,091500,4.6,4.6,4.49,4.49,1734,0
JJB,5,20210209,093000,4.49,4.49,4.44,4.44,5325,0
JJB,5,20210209,093500,4.43,4.61,4.43,4.61,601,0
JJB,5,20210209,095500,4.61,4.62,4.61,4.62,1750,0
JJB,5,20210209,104000,4.62,4.63,4.62,4.63,250,0
JJB,5,20210209,112000,4.61,4.61,4.61,4.61,832,0
JJB,5,20210209,113000,4.61,4.61,4.61,4.61,568,0
JJB,5,20210209,120500,4.64,4.64,4.64,4.64,50,0
JJB,5,20210209,124500,4.55,4.55,4.55,4.55,250,0
JJB,5,20210209,130000,4.61,4.61,4.61,4.61,200,0
JJB,5,20210209,134000,4.55,4.55,4.54,4.54,1920,0
JJB,5,20210209,143500,4.54,4.54,4.54,4.54,200,0
JJB,5,20210209,150000,4.53,4.53,4.5,4.5,3000,0
JJB,5,20210209,164500,4.6,4.6,4.6,4.6,260,0
JJB,5,20210210,090000,4.6,4.6,4.6,4.6,10,0
JJB,5,20210210,091000,4.6,4.6,4.6,4.6,200,0
JJB,5,20210210,101000,4.5,4.5,4.41,4.41,4744,0
JJB,5,20210210,101500,4.4,4.4,4.4,4.4,1623,0
JJB,5,20210210,102000,4.54,4.54,4.54,4.54,330,0
JJB,5,20210210,104000,4.43,4.43,4.4,4.4,2500,0
JJB,5,20210210,105500,4.43,4.43,4.43,4.43,200,0
JJB,5,20210210,110000,4.52,4.52,4.52,4.52,300,0
JJB,5,20210210,110500,4.45,4.45,4.42,4.42,300,0
JJB,5,20210210,111500,4.43,4.43,4.42,4.42,1000,0
JJB,5,20210210,113500,4.42,4.42,4.42,4.42,558,0
JJB,5,20210210,121000,4.53,4.53,4.53,4.53,60,0
JJB,5,20210210,122000,4.45,4.45,4.42,4.42,1345,0
JJB,5,20210210,123000,4.48,4.5,4.48,4.5,2000,0
JJB,5,20210210,124000,4.49,4.49,4.49,4.49,100,0
JJB,5,20210210,142000,4.45,4.45,4.45,4.45,86,0
JJB,5,20210210,143000,4.5,4.5,4.5,4.5,15,0
JJB,5,20210210,143500,4.5,4.5,4.5,4.5,100,0
JJB,5,20210211,112000,4.55,4.55,4.55,4.55,10,0
JJB,5,20210211,123500,4.46,4.46,4.46,4.46,244,0
JJB,5,20210211,124000,4.42,4.42,4.42,4.42,711,0
JJB,5,20210211,131500,4.5,4.5,4.5,4.5,44,0
JJB,5,20210211,144500,4.43,4.43,4.43,4.43,208,0
JJB,5,20210211,145000,4.45,4.45,4.45,4.45,10,0
JJB,5,20210211,151000,4.45,4.45,4.45,4.45,820,0
JJB,5,20210211,154500,4.45,4.45,4.45,4.45,220,0
JJB,5,20210211,160000,4.43,4.43,4.42,4.42,940,0
JJB,5,20210211,164500,4.5,4.5,4.5,4.5,10,0
JJB,5,20210212,103000,4.5,4.51,4.5,4.51,446,0
JJB,5,20210212,103500,4.5,4.5,4.5,4.5,319,0
JJB,5,20210212,111500,4.41,4.41,4.41,4.41,310,0
JJB,5,20210212,113500,4.42,4.42,4.4,4.4,300,0
JJB,5,20210212,131500,4.42,4.42,4.42,4.42,233,0
JJB,5,20210212,135000,4.42,4.42,4.42,4.42,1087,0
JJB,5,20210212,135500,4.41,4.41,4.4,4.4,6041,0
JJB,5,20210212,141500,4.42,4.42,4.42,4.42,1200,0
JJB,5,20210212,142000,4.42,4.42,4.42,4.42,213,0
JJB,5,20210212,145500,4.43,4.43,4.43,4.43,1000,0
JJB,5,20210212,163000,4.5,4.5,4.5,4.5,1000,0
JJB,5,20210212,163500,4.55,4.59,4.55,4.59,1613,0
JJB,5,20210212,164500,4.58,4.58,4.46,4.46,960,0
JJB,5,20210215,090500,4.5,4.57,4.5,4.57,513,0
JJB,5,20210215,122500,4.55,4.55,4.55,4.55,100,0
JJB,5,20210215,123500,4.55,4.55,4.55,4.55,101,0
JJB,5,20210215,133500,4.52,4.52,4.52,4.52,47,0
JJB,5,20210215,135000,4.52,4.52,4.5,4.5,1000,0
JJB,5,20210215,135500,4.5,4.5,4.5,4.5,62,0
JJB,5,20210215,140000,4.5,4.5,4.5,4.5,938,0
JJB,5,20210215,142500,4.55,4.55,4.55,4.55,500,0
JJB,5,20210215,150000,4.55,4.55,4.55,4.55,250,0
JJB,5,20210216,090000,4.56,4.56,4.55,4.55,266,0
JJB,5,20210216,091000,4.56,4.56,4.56,4.56,15,0
JJB,5,20210216,091500,4.45,4.5,4.43,4.43,2000,0
JJB,5,20210216,092000,4.43,4.43,4.4,4.4,1455,0
JJB,5,20210216,092500,4.4,4.4,4.4,4.4,100,0
JJB,5,20210216,093000,4.41,4.41,4.41,4.41,100,0
JJB,5,20210216,100500,4.54,4.54,4.54,4.54,20,0
JJB,5,20210216,102000,4.54,4.54,4.54,4.54,661,0
JJB,5,20210216,104500,4.52,4.52,4.52,4.52,600,0
JJB,5,20210216,120000,4.52,4.52,4.52,4.52,15,0
JJB,5,20210216,120500,4.42,4.42,4.42,4.42,30,0
JJB,5,20210216,125000,4.52,4.57,4.52,4.57,3364,0
JJB,5,20210216,131000,4.45,4.45,4.45,4.45,200,0
JJB,5,20210216,152500,4.45,4.45,4.45,4.45,150,0
JJB,5,20210216,163500,4.55,4.55,4.55,4.55,100,0
JJB,5,20210216,164500,4.55,4.56,4.55,4.56,1175,0
JJB,5,20210217,090000,4.55,4.55,4.55,4.55,5,0
JJB,5,20210217,090500,4.44,4.44,4.44,4.44,490,0
JJB,5,20210217,091000,4.44,4.44,4.43,4.43,740,0
JJB,5,20210217,091500,4.43,4.43,4.43,4.43,600,0
JJB,5,20210217,094000,4.52,4.52,4.52,4.52,5,0
JJB,5,20210217,104500,4.52,4.52,4.52,4.52,200,0
JJB,5,20210217,110000,4.52,4.52,4.52,4.52,100,0
JJB,5,20210217,112000,4.52,4.52,4.52,4.52,193,0
JJB,5,20210217,112500,4.52,4.53,4.52,4.53,1280,0
JJB,5,20210217,121000,4.52,4.52,4.52,4.52,1,0
JJB,5,20210217,161500,4.55,4.55,4.55,4.55,18,0
JJB,5,20210218,090000,4.5,4.5,4.5,4.5,157,0
JJB,5,20210218,115500,4.55,4.55,4.55,4.55,1200,0
JJB,5,20210218,121500,4.55,4.55,4.55,4.55,200,0
JJB,5,20210218,122000,4.54,4.54,4.54,4.54,555,0
JJB,5,20210218,132500,4.54,4.57,4.54,4.57,1993,0
JJB,5,20210218,135000,4.57,4.57,4.57,4.57,7,0
JJB,5,20210218,141500,4.57,4.6,4.57,4.6,1200,0
JJB,5,20210218,154500,4.6,4.6,4.6,4.6,100,0
JJB,5,20210218,164500,4.52,4.52,4.52,4.52,316,0
JJB,5,20210219,092500,4.5,4.5,4.5,4.5,133,0
JJB,5,20210219,093500,4.47,4.47,4.47,4.47,100,0
JJB,5,20210219,094000,4.55,4.58,4.55,4.58,200,0
JJB,5,20210219,095000,4.57,4.57,4.57,4.57,1000,0
JJB,5,20210219,101500,4.48,4.57,4.48,4.57,300,0
JJB,5,20210219,104500,4.56,4.57,4.56,4.57,100,0
JJB,5,20210219,105500,4.57,4.57,4.57,4.57,989,0
JJB,5,20210222,090000,4.57,4.57,4.57,4.57,100,0
JJB,5,20210222,091000,4.51,4.51,4.51,4.51,700,0
JJB,5,20210222,095500,4.54,4.54,4.54,4.54,100,0
JJB,5,20210222,100000,4.54,4.54,4.54,4.54,100,0
JJB,5,20210222,101500,4.5,4.5,4.5,4.5,1000,0
JJB,5,20210222,105500,4.5,4.5,4.5,4.5,200,0
JJB,5,20210222,111000,4.5,4.5,4.5,4.5,100,0
JJB,5,20210222,113500,4.5,4.54,4.5,4.54,321,0
JJB,5,20210222,114500,4.5,4.5,4.5,4.5,811,0
JJB,5,20210222,115500,4.47,4.47,4.45,4.45,1133,0
JJB,5,20210222,120000,4.43,4.43,4.4,4.4,2630,0
JJB,5,20210222,125500,4.45,4.45,4.45,4.45,42,0
JJB,5,20210222,130000,4.41,4.41,4.41,4.41,689,0
JJB,5,20210222,130500,4.45,4.45,4.45,4.45,25,0
JJB,5,20210222,150500,4.49,4.49,4.49,4.49,475,0
JJB,5,20210222,152000,4.49,4.49,4.49,4.49,100,0
JJB,5,20210222,152500,4.49,4.49,4.49,4.49,100,0
JJB,5,20210222,162000,4.49,4.49,4.49,4.49,1,0
JJB,5,20210223,090500,4.41,4.41,4.41,4.41,30,0
JJB,5,20210223,094500,4.44,4.44,4.43,4.43,566,0
JJB,5,20210223,131000,4.43,4.43,4.43,4.43,240,0
JJB,5,20210223,134000,4.43,4.43,4.42,4.42,300,0
JJB,5,20210223,144500,4.49,4.49,4.49,4.49,221,0
JJB,5,20210223,155500,4.42,4.42,4.42,4.42,300,0
JJB,5,20210223,164500,4.5,4.5,4.5,4.5,40,0
JJB,5,20210224,113000,4.5,4.5,4.5,4.5,50,0
JJB,5,20210224,134500,4.5,4.5,4.5,4.5,250,0
JJB,5,20210224,151500,4.49,4.49,4.49,4.49,5,0
JJB,5,20210224,152500,4.41,4.41,4.4,4.4,600,0
JJB,5,20210224,162500,4.48,4.48,4.48,4.48,250,0
JJB,5,20210224,165500,4.5,4.5,4.5,4.5,1030,0
JJB,5,20210225,093000,4.55,4.55,4.55,4.55,25,0
JJB,5,20210225,111000,4.45,4.45,4.44,4.44,127,0
JJB,5,20210225,112000,4.44,4.44,4.44,4.44,600,0
JJB,5,20210225,113000,4.44,4.44,4.44,4.44,260,0
JJB,5,20210225,114000,4.44,4.44,4.44,4.44,13,0
JJB,5,20210225,130500,4.5,4.52,4.5,4.52,1100,0
JJB,5,20210225,133000,4.52,4.52,4.52,4.52,210,0
JJB,5,20210226,090000,4.51,4.51,4.51,4.51,877,0
JJB,5,20210226,092000,4.5,4.5,4.5,4.5,210,0
JJB,5,20210226,094500,4.4,4.52,4.4,4.52,1166,0
JJB,5,20210226,111500,4.5,4.5,4.5,4.5,221,0
JJB,5,20210226,153500,4.5,4.5,4.5,4.5,88,0
JJB,5,20210301,090000,4.52,4.56,4.52,4.56,469,0
JJB,5,20210301,105000,4.41,4.41,4.41,4.41,267,0
JJB,5,20210301,113000,4.54,4.54,4.54,4.54,5,0
JJB,5,20210301,151500,4.53,4.53,4.53,4.53,1,0
JJB,5,20210301,152500,4.51,4.51,4.51,4.51,120,0
JJB,5,20210301,154500,4.54,4.54,4.54,4.54,384,0
JJB,5,20210301,155000,4.54,4.54,4.54,4.54,400,0
JJB,5,20210301,155500,4.54,4.54,4.54,4.54,100,0
JJB,5,20210301,162500,4.53,4.53,4.53,4.53,880,0
JJB,5,20210302,092500,4.53,4.54,4.53,4.54,100,0
JJB,5,20210302,095000,4.54,4.54,4.54,4.54,10,0
JJB,5,20210302,112500,4.44,4.44,4.44,4.44,200,0
JJB,5,20210302,114000,4.44,4.44,4.42,4.42,800,0
JJB,5,20210302,115500,4.5,4.5,4.5,4.5,30,0
JJB,5,20210302,125500,4.5,4.5,4.5,4.5,25,0
JJB,5,20210302,131500,4.44,4.44,4.4,4.4,3374,0
JJB,5,20210302,133500,4.5,4.6,4.5,4.6,3000,0
JJB,5,20210302,140500,4.59,4.59,4.59,4.59,108,0
JJB,5,20210302,150500,4.43,4.43,4.42,4.42,547,0
JJB,5,20210302,163500,4.49,4.5,4.49,4.5,356,0
JJB,5,20210302,164500,4.5,4.5,4.5,4.5,203,0
JJB,5,20210303,091000,4.42,4.42,4.42,4.42,210,0
JJB,5,20210303,103000,4.45,4.45,4.43,4.43,850,0
JJB,5,20210303,104000,4.43,4.43,4.43,4.43,1405,0
JJB,5,20210303,112000,4.44,4.44,4.43,4.43,100,0
JJB,5,20210303,125500,4.45,4.45,4.41,4.41,400,0
JJB,5,20210303,161500,4.41,4.54,4.41,4.54,735,0
JJB,5,20210303,164000,4.5,4.5,4.5,4.5,43,0
JJB,5,20210303,164500,4.5,4.5,4.5,4.5,170,0
JJB,5,20210304,091000,4.43,4.43,4.43,4.43,100,0
JJB,5,20210304,094500,4.43,4.43,4.43,4.43,100,0
JJB,5,20210304,101000,4.42,4.42,4.41,4.41,347,0
JJB,5,20210304,142000,4.44,4.44,4.44,4.44,300,0
JJB,5,20210304,142500,4.42,4.42,4.42,4.42,450,0
JJB,5,20210304,151500,4.42,4.42,4.41,4.41,2612,0
JJB,5,20210304,163500,4.41,4.41,4.4,4.4,291,0
JJB,5,20210304,164500,4.44,4.5,4.44,4.5,200,0
JJB,5,20210305,090000,4.4,4.4,4.4,4.4,2000,0
JJB,5,20210305,092000,4.4,4.4,4.4,4.4,1132,0
JJB,5,20210305,104500,4.4,4.4,4.4,4.4,200,0
JJB,5,20210305,120000,4.48,4.48,4.48,4.48,150,0
JJB,5,20210305,131000,4.47,4.47,4.47,4.47,200,0
JJB,5,20210305,131500,4.46,4.46,4.46,4.46,100,0
JJB,5,20210305,132500,4.46,4.46,4.46,4.46,63,0
JJB,5,20210305,135000,4.48,4.48,4.46,4.46,505,0
JJB,5,20210305,143500,4.46,4.46,4.46,4.46,7,0
JJB,5,20210305,152000,4.44,4.44,4.44,4.44,140,0
JJB,5,20210305,152500,4.45,4.48,4.45,4.48,210,0
JJB,5,20210305,160000,4.48,4.48,4.48,4.48,8,0
JJB,5,20210305,162000,4.48,4.48,4.48,4.48,44,0
JJB,5,20210305,162500,4.48,4.48,4.48,4.48,200,0
JJB,5,20210308,094500,4.48,4.54,4.48,4.54,1225,0
JJB,5,20210308,095000,4.59,4.65,4.59,4.65,3653,0
JJB,5,20210308,095500,4.7,4.73,4.65,4.65,906,0
JJB,5,20210308,100000,4.65,4.65,4.65,4.65,268,0
JJB,5,20210308,111500,4.56,4.56,4.56,4.56,500,0
JJB,5,20210308,113000,4.56,4.56,4.56,4.56,100,0
JJB,5,20210308,113500,4.56,4.56,4.56,4.56,225,0
JJB,5,20210308,132000,4.61,4.61,4.61,4.61,282,0
JJB,5,20210308,143000,4.65,4.65,4.65,4.65,390,0
JJB,5,20210308,143500,4.65,4.65,4.65,4.65,39,0
JJB,5,20210308,161000,4.61,4.61,4.61,4.61,15,0
JJB,5,20210308,164000,4.65,4.65,4.65,4.65,3,0
JJB,5,20210309,091000,4.72,4.72,4.72,4.72,37,0
JJB,5,20210309,095000,4.7,4.7,4.7,4.7,210,0
JJB,5,20210309,103000,4.7,4.7,4.7,4.7,290,0
JJB,5,20210309,103500,4.7,4.7,4.7,4.7,750,0
JJB,5,20210309,104500,4.71,4.71,4.71,4.71,250,0
JJB,5,20210309,113500,4.56,4.56,4.53,4.53,793,0
JJB,5,20210309,122000,4.54,4.54,4.54,4.54,60,0
JJB,5,20210309,135000,4.7,4.7,4.7,4.7,335,0
JJB,5,20210309,142000,4.7,4.7,4.7,4.7,120,0
JJB,5,20210309,142500,4.72,4.77,4.72,4.75,2007,0
JJB,5,20210309,151500,4.72,4.72,4.72,4.72,600,0
JJB,5,20210309,152000,4.73,4.73,4.73,4.73,500,0
JJB,5,20210309,152500,4.73,4.73,4.73,4.73,375,0
JJB,5,20210309,160000,4.73,4.73,4.73,4.73,125,0
JJB,5,20210309,160500,4.75,4.75,4.75,4.75,382,0
JJB,5,20210309,164000,4.75,4.75,4.75,4.75,5050,0
JJB,5,20210309,164500,4.75,4.75,4.75,4.75,350,0
JJB,5,20210309,165500,4.75,4.75,4.75,4.75,435,0
JJB,5,20210310,114000,4.74,4.74,4.74,4.74,40,0
JJB,5,20210310,120500,4.74,4.75,4.74,4.75,500,0
JJB,5,20210310,125500,4.65,4.65,4.6,4.6,3000,0
JJB,5,20210310,134000,4.75,4.75,4.75,4.75,420,0
JJB,5,20210310,155000,4.75,4.75,4.75,4.75,504,0
JJB,5,20210310,162500,4.6,4.6,4.6,4.6,26,0
JJB,5,20210310,163000,4.6,4.6,4.6,4.6,400,0
JJB,5,20210311,091500,4.7,4.75,4.7,4.75,150,0
JJB,5,20210311,092000,4.74,4.74,4.74,4.74,200,0
JJB,5,20210311,103000,4.73,4.73,4.73,4.73,60,0
JJB,5,20210311,105000,4.73,4.73,4.73,4.73,50,0
JJB,5,20210311,131500,4.72,4.72,4.72,4.72,27,0
JJB,5,20210311,142000,4.71,4.71,4.71,4.71,106,0
JJB,5,20210312,095500,4.57,4.57,4.5,4.5,3000,0
JJB,5,20210312,100000,4.51,4.51,4.5,4.5,1000,0
JJB,5,20210312,100500,4.5,4.5,4.4,4.4,1100,0
JJB,5,20210312,101500,4.55,4.55,4.55,4.55,113,0
JJB,5,20210312,103000,4.4,4.4,4.32,4.38,2538,0
JJB,5,20210312,103500,4.33,4.38,4.31,4.38,1439,0
JJB,5,20210312,104000,4.38,4.47,4.32,4.47,1014,0
JJB,5,20210312,105000,4.38,4.38,4.25,4.25,2440,0
JJB,5,20210312,105500,4.24,4.36,4.22,4.24,3810,0
JJB,5,20210312,110000,4.31,4.31,4.24,4.24,5000,0
JJB,5,20210312,110500,4.31,4.31,4.31,4.31,135,0
JJB,5,20210312,111000,4.37,4.41,4.32,4.4,1596,0
JJB,5,20210312,112500,4.46,4.46,4.46,4.46,1,0
JJB,5,20210312,113500,4.41,4.41,4.41,4.41,394,0
JJB,5,20210312,114000,4.41,4.41,4.4,4.4,742,0
JJB,5,20210312,114500,4.48,4.48,4.48,4.48,115,0
JJB,5,20210312,120000,4.48,4.48,4.48,4.48,244,0
JJB,5,20210312,121000,4.48,4.48,4.48,4.48,486,0
JJB,5,20210312,123500,4.5,4.5,4.5,4.5,46,0
JJB,5,20210312,124500,4.5,4.5,4.5,4.5,50,0
JJB,5,20210312,125500,4.5,4.73,4.5,4.73,3000,0
JJB,5,20210312,130500,4.7,4.7,4.7,4.7,10,0
JJB,5,20210312,131500,4.69,4.69,4.69,4.69,250,0
JJB,5,20210312,133500,4.5,4.5,4.5,4.5,48,0
JJB,5,20210312,144500,4.5,4.5,4.5,4.5,200,0
JJB,5,20210312,163500,4.64,4.64,4.64,4.64,400,0
JJB,5,20210312,164000,4.69,4.75,4.69,4.75,18740,0
JJB,5,20210312,164500,4.75,4.75,4.75,4.75,2257,0
JJB,5,20210315,094000,4.69,4.69,4.69,4.69,118,0
JJB,5,20210315,094500,4.7,4.7,4.7,4.7,102,0
JJB,5,20210315,095500,4.55,4.75,4.55,4.75,616,0
JJB,5,20210315,101000,4.56,4.56,4.56,4.56,55,0
JJB,5,20210315,101500,4.56,4.56,4.51,4.51,1681,0
JJB,5,20210315,104000,4.7,4.7,4.7,4.7,489,0
JJB,5,20210315,104500,4.7,4.7,4.7,4.7,50,0
JJB,5,20210315,132500,4.55,4.55,4.55,4.55,525,0
JJB,5,20210315,151500,4.57,4.57,4.57,4.57,106,0
JJB,5,20210315,164500,4.68,4.68,4.68,4.68,10,0
JJB,5,20210316,090500,4.69,4.69,4.69,4.69,10,0
JJB,5,20210316,110000,4.65,4.69,4.65,4.69,1000,0
JJB,5,20210316,121500,4.57,4.57,4.57,4.57,100,0
JJB,5,20210316,134500,4.58,4.58,4.57,4.57,590,0
JJB,5,20210316,142500,4.6,4.6,4.6,4.6,1000,0
JJB,5,20210316,143500,4.6,4.6,4.6,4.6,340,0
JJB,5,20210316,151000,4.69,4.7,4.69,4.7,3000,0
JJB,5,20210316,151500,4.7,4.7,4.7,4.7,1000,0
JJB,5,20210316,155000,4.69,4.75,4.69,4.75,1000,0
JJB,5,20210316,163000,4.74,4.74,4.74,4.74,20,0
JJB,5,20210317,091500,4.59,4.59,4.59,4.59,340,0
JJB,5,20210317,092000,4.6,4.6,4.6,4.6,1000,0
JJB,5,20210317,101500,4.74,4.74,4.6,4.6,1009,0
JJB,5,20210317,103500,4.75,4.75,4.74,4.75,1500,0
JJB,5,20210317,104000,4.73,4.77,4.73,4.77,750,0
JJB,5,20210317,104500,4.77,4.78,4.77,4.78,427,0
JJB,5,20210317,105000,4.82,4.88,4.82,4.88,1000,0
JJB,5,20210317,105500,4.85,4.88,4.85,4.88,1328,0
JJB,5,20210317,110000,4.95,4.96,4.95,4.96,990,0
JJB,5,20210317,110500,4.97,4.97,4.97,4.97,820,0
JJB,5,20210317,111000,4.83,4.83,4.83,4.83,327,0
JJB,5,20210317,112000,4.83,4.83,4.83,4.83,627,0
JJB,5,20210317,112500,4.83,4.83,4.83,4.83,346,0
JJB,5,20210317,113000,4.94,4.94,4.94,4.94,100,0
JJB,5,20210317,113500,4.94,4.94,4.82,4.82,330,0
JJB,5,20210317,115000,4.81,4.81,4.8,4.8,400,0
JJB,5,20210317,121000,4.8,4.8,4.71,4.71,1776,0
JJB,5,20210317,121500,4.71,4.71,4.7,4.7,931,0
JJB,5,20210317,123500,4.82,4.82,4.82,4.82,5,0
JJB,5,20210317,124500,4.71,4.71,4.71,4.71,200,0
JJB,5,20210317,133000,4.75,4.93,4.75,4.93,2555,0
JJB,5,20210317,133500,4.71,4.71,4.71,4.71,50,0
JJB,5,20210317,134000,4.72,4.72,4.72,4.72,200,0
JJB,5,20210317,134500,4.72,4.72,4.72,4.72,208,0
JJB,5,20210317,144500,4.9,4.9,4.9,4.9,75,0
JJB,5,20210317,150000,4.86,4.86,4.86,4.86,500,0
JJB,5,20210317,160000,4.87,4.87,4.87,4.87,325,0
JJB,5,20210318,093500,4.8,4.8,4.8,4.8,300,0
JJB,5,20210318,101500,4.8,4.8,4.8,4.8,101,0
JJB,5,20210318,102500,4.8,4.8,4.8,4.8,219,0
JJB,5,20210318,105500,4.82,4.82,4.82,4.82,513,0
JJB,5,20210318,112500,4.9,4.9,4.9,4.9,252,0
JJB,5,20210318,113500,4.82,4.82,4.82,4.82,487,0
JJB,5,20210318,121000,4.82,4.82,4.81,4.81,850,0
JJB,5,20210318,125000,4.84,4.84,4.84,4.84,500,0
JJB,5,20210318,130500,4.87,4.87,4.87,4.87,545,0
JJB,5,20210318,133500,4.9,4.9,4.9,4.9,496,0
JJB,5,20210318,135000,4.87,4.87,4.83,4.83,1437,0
JJB,5,20210318,144000,4.9,4.98,4.9,4.98,1500,0
JJB,5,20210318,145000,4.83,4.99,4.82,4.99,7052,0
JJB,5,20210318,145500,4.99,4.99,4.99,4.99,500,0
JJB,5,20210318,150000,5,5.04,5,5.04,4817,0
JJB,5,20210318,151500,5.04,5.04,5.04,5.04,1250,0
JJB,5,20210318,152500,5.02,5.02,5.02,5.02,173,0
JJB,5,20210318,154000,5.02,5.02,5.02,5.02,250,0
JJB,5,20210318,154500,5.02,5.02,5.02,5.02,300,0
JJB,5,20210318,155000,5.02,5.02,5.02,5.02,277,0
JJB,5,20210318,160000,5.02,5.02,5.02,5.02,300,0
JJB,5,20210318,162000,5.02,5.02,4.99,4.99,400,0
JJB,5,20210318,163500,5,5.04,5,5.04,1487,0
JJB,5,20210319,090000,5,5,5,5,1012,0
JJB,5,20210319,090500,5,5,5,5,100,0
JJB,5,20210319,091000,5.04,5.04,5.04,5.04,10,0
JJB,5,20210319,092500,5,5,4.9,4.9,1729,0
JJB,5,20210319,094000,4.8,4.8,4.8,4.8,431,0
JJB,5,20210319,104500,4.8,4.8,4.8,4.8,1000,0
JJB,5,20210319,110000,4.99,4.99,4.99,4.99,75,0
JJB,5,20210319,120000,4.99,4.99,4.99,4.99,125,0
JJB,5,20210319,124500,4.99,4.99,4.99,4.99,13,0
JJB,5,20210319,143500,4.91,4.91,4.81,4.81,3754,0
JJB,5,20210319,144500,4.97,4.97,4.97,4.97,190,0
JJB,5,20210319,145000,4.97,4.97,4.97,4.97,13,0
JJB,5,20210319,151000,4.82,4.82,4.82,4.82,100,0
JJB,5,20210319,152000,4.82,4.82,4.81,4.81,1000,0
JJB,5,20210319,161500,4.94,4.94,4.94,4.94,201,0
JJB,5,20210319,163500,4.94,4.94,4.94,4.94,60,0
JJB,5,20210319,164000,4.9,4.9,4.9,4.9,600,0
JJB,5,20210319,164500,4.85,4.98,4.85,4.98,985,0
JJB,5,20210322,090000,4.98,5,4.98,5,601,0
JJB,5,20210322,090500,5,5,5,5,100,0
JJB,5,20210322,091000,4.98,4.98,4.98,4.98,28,0
JJB,5,20210322,091500,4.98,4.98,4.98,4.98,152,0
JJB,5,20210322,093500,4.98,4.98,4.98,4.98,639,0
JJB,5,20210322,101000,5,5,5,5,700,0
JJB,5,20210322,101500,4.96,4.96,4.96,4.96,300,0
JJB,5,20210322,111000,5,5,5,5,300,0
JJB,5,20210322,114500,5,5,5,5,400,0
JJB,5,20210322,123000,4.9,4.9,4.9,4.9,323,0
JJB,5,20210322,144500,4.9,4.9,4.9,4.9,300,0
JJB,5,20210322,155000,4.98,4.98,4.98,4.98,120,0
JJB,5,20210322,164500,4.9,4.9,4.9,4.9,59,0
JJB,5,20210323,090000,4.98,4.98,4.98,4.98,205,0
JJB,5,20210323,090500,4.91,5,4.91,5,1401,0
JJB,5,20210323,093000,4.95,4.95,4.95,4.95,100,0
JJB,5,20210323,102500,4.95,4.95,4.95,4.95,1500,0
JJB,5,20210323,103000,4.95,4.95,4.95,4.95,500,0
JJB,5,20210323,103500,4.95,4.95,4.95,4.95,103,0
JJB,5,20210323,111500,4.9,4.9,4.9,4.9,1000,0
JJB,5,20210323,130000,4.86,4.86,4.8,4.8,840,0
JJB,5,20210323,130500,4.74,4.74,4.72,4.72,400,0
JJB,5,20210323,131500,4.6,4.6,4.55,4.55,619,0
JJB,5,20210323,132500,4.83,4.83,4.57,4.57,3,0
JJB,5,20210323,133500,4.59,4.59,4.59,4.59,20,0
JJB,5,20210323,134500,4.73,4.73,4.73,4.73,300,0
JJB,5,20210323,135500,4.59,4.59,4.59,4.59,300,0
JJB,5,20210323,142000,4.7,4.72,4.7,4.72,980,0
JJB,5,20210323,143000,4.73,4.73,4.73,4.73,329,0
JJB,5,20210323,143500,4.73,4.73,4.73,4.73,611,0
JJB,5,20210323,145000,4.73,4.73,4.73,4.73,60,0
JJB,5,20210323,150000,4.8,4.87,4.8,4.87,220,0
JJB,5,20210323,164000,4.8,4.88,4.8,4.88,203,0
JJB,5,20210323,164500,4.81,4.81,4.81,4.81,300,0
JJB,5,20210323,165500,4.87,4.87,4.87,4.87,10,0
JJB,5,20210324,091500,4.89,4.92,4.89,4.92,486,0
JJB,5,20210324,092500,4.92,4.94,4.92,4.94,200,0
JJB,5,20210324,095500,4.9,4.9,4.9,4.9,30,0
JJB,5,20210324,110000,4.94,4.94,4.94,4.94,100,0
JJB,5,20210324,123000,4.8,4.8,4.8,4.8,200,0
JJB,5,20210324,124500,4.8,4.8,4.8,4.8,200,0
JJB,5,20210324,125000,4.76,4.76,4.76,4.76,200,0
JJB,5,20210324,130000,4.8,4.8,4.8,4.8,120,0
JJB,5,20210324,135500,4.8,4.94,4.8,4.94,1445,0
JJB,5,20210324,142500,4.94,5,4.94,5,1794,0
JJB,5,20210324,143000,5,5,5,5,101,0
JJB,5,20210324,144000,5.02,5.08,5.02,5.08,1551,0
JJB,5,20210324,145000,5.08,5.16,5.08,5.16,1968,0
JJB,5,20210324,145500,5.1,5.1,5.1,5.1,335,0
JJB,5,20210324,161500,5.04,5.06,5.04,5.06,300,0
JJB,5,20210325,090500,4.84,4.84,4.83,4.83,500,0
JJB,5,20210325,093500,4.86,4.86,4.85,4.85,500,0
JJB,5,20210325,100500,4.85,4.85,4.85,4.85,398,0
JJB,5,20210325,102000,4.84,4.84,4.84,4.84,98,0
JJB,5,20210325,113000,4.85,4.85,4.84,4.84,424,0
JJB,5,20210325,125000,4.97,5.06,4.97,5.06,1000,0
JJB,5,20210325,133000,5,5,5,5,87,0
JJB,5,20210325,140000,4.99,4.99,4.99,4.99,250,0
JJB,5,20210325,144500,4.95,4.95,4.95,4.95,160,0
JJB,5,20210325,145000,4.95,4.95,4.95,4.95,100,0
JJB,5,20210325,160500,4.99,4.99,4.99,4.99,1000,0
JJB,5,20210325,161500,4.95,4.95,4.95,4.95,220,0
JJB,5,20210325,165500,4.99,4.99,4.99,4.99,10,0
JJB,5,20210326,090000,4.99,4.99,4.99,4.99,20,0
JJB,5,20210326,091000,4.81,4.81,4.8,4.8,1674,0
JJB,5,20210326,093500,4.8,4.8,4.8,4.8,180,0
JJB,5,20210326,122500,4.8,4.8,4.8,4.8,34,0
JJB,5,20210326,125000,4.8,4.8,4.8,4.8,1674,0
JJB,5,20210326,150000,4.85,4.95,4.85,4.95,210,0
JJB,5,20210326,150500,4.95,4.95,4.95,4.95,14,0
JJB,5,20210326,153000,4.8,4.8,4.8,4.8,29,0
JJB,5,20210326,162000,4.8,4.8,4.8,4.8,100,0
JJB,5,20210326,164500,4.95,4.95,4.95,4.95,35,0
