<TICKER>,<PER>,<DATE>,<TIME>,<OPEN>,<HIGH>,<LOW>,<CLOSE>,<VOL>,<OPENINT>
JRH,5,20210204,090000,12.9,12.9,12.9,12.9,200,0
JRH,5,20210204,090500,12.9,13.2,12.9,13.2,300,0
JRH,5,20210204,091500,12.75,12.75,12.75,12.75,100,0
JRH,5,20210204,092000,12.7,13,12.7,13,157,0
JRH,5,20210204,092500,13.1,13.15,13.1,13.15,300,0
JRH,5,20210204,093500,13,13,13,13,156,0
JRH,5,20210204,094000,13.1,13.1,13.1,13.1,40,0
JRH,5,20210204,094500,13,13,13,13,3338,0
JRH,5,20210204,095000,13,13,13,13,500,0
JRH,5,20210204,100500,13,13,13,13,6,0
JRH,5,20210204,101000,13,13,13,13,20,0
JRH,5,20210204,102000,12.95,13,12.95,13,373,0
JRH,5,20210204,103500,12.85,12.85,12.85,12.85,110,0
JRH,5,20210204,114500,12.85,12.85,12.85,12.85,320,0
JRH,5,20210204,120000,12.95,12.95,12.95,12.95,500,0
JRH,5,20210204,122000,12.95,12.95,12.95,12.95,20,0
JRH,5,20210204,123500,12.95,12.95,12.85,12.85,1033,0
JRH,5,20210204,124500,12.95,12.95,12.95,12.95,300,0
JRH,5,20210204,125000,12.95,13.15,12.95,13.15,7814,0
JRH,5,20210204,125500,13,13,13,13,112,0
JRH,5,20210204,132500,13.15,13.15,13.15,13.15,191,0
JRH,5,20210204,135000,13.15,13.15,13.15,13.15,75,0
JRH,5,20210204,140500,13.1,13.1,13,13,300,0
JRH,5,20210204,142000,13.15,13.15,13,13,3639,0
JRH,5,20210204,144000,13.05,13.05,13.05,13.05,100,0
JRH,5,20210204,151500,12.9,12.9,12.9,12.9,55,0
JRH,5,20210204,155000,13.05,13.05,13.05,13.05,75,0
JRH,5,20210204,155500,13.05,13.05,13.05,13.05,144,0
JRH,5,20210204,161000,13.05,13.05,13.05,13.05,87,0
JRH,5,20210204,163000,13.05,13.05,13.05,13.05,400,0
JRH,5,20210204,163500,13,13,12.9,12.9,435,0
JRH,5,20210205,090000,13.05,13.7,13.05,13.5,3738,0
JRH,5,20210205,090500,13.8,13.8,13.8,13.8,76,0
JRH,5,20210205,091500,13.5,13.5,13.3,13.3,82,0
JRH,5,20210205,092000,13.25,13.25,13.2,13.2,658,0
JRH,5,20210205,092500,13.2,13.2,13.15,13.15,140,0
JRH,5,20210205,093000,13.2,13.4,13.2,13.35,1916,0
JRH,5,20210205,093500,13.4,13.4,13.4,13.4,592,0
JRH,5,20210205,094000,13.4,13.4,13.4,13.4,1692,0
JRH,5,20210205,094500,13.45,13.5,13.45,13.5,1370,0
JRH,5,20210205,095000,13.45,13.45,13.45,13.45,100,0
JRH,5,20210205,095500,13.45,13.45,13.45,13.45,12,0
JRH,5,20210205,100500,13.4,13.4,13.4,13.4,105,0
JRH,5,20210205,102000,13.45,13.5,13.45,13.5,1148,0
JRH,5,20210205,102500,13.45,13.5,13.45,13.5,513,0
JRH,5,20210205,103000,13.45,13.45,13.45,13.45,18,0
JRH,5,20210205,103500,13.45,13.45,13.45,13.45,145,0
JRH,5,20210205,104500,13.4,13.4,13.4,13.4,230,0
JRH,5,20210205,105000,13.45,13.45,13.45,13.45,140,0
JRH,5,20210205,105500,13.45,13.45,13.45,13.45,107,0
JRH,5,20210205,110000,13.45,13.45,13.45,13.45,200,0
JRH,5,20210205,111000,13.45,13.45,13.45,13.45,100,0
JRH,5,20210205,112000,13.4,13.45,13.4,13.45,52,0
JRH,5,20210205,114500,13.4,13.4,13.4,13.4,50,0
JRH,5,20210205,115000,13.45,13.5,13.45,13.5,532,0
JRH,5,20210205,120000,13.55,13.55,13.55,13.55,111,0
JRH,5,20210205,122000,13.4,13.4,13.4,13.4,848,0
JRH,5,20210205,125500,13.5,13.55,13.5,13.55,212,0
JRH,5,20210205,130000,13.55,13.7,13.55,13.7,717,0
JRH,5,20210205,130500,13.7,13.8,13.7,13.8,1580,0
JRH,5,20210205,131000,13.75,13.8,13.75,13.75,942,0
JRH,5,20210205,131500,13.65,13.65,13.6,13.6,576,0
JRH,5,20210205,135000,13.6,13.6,13.6,13.6,143,0
JRH,5,20210205,140000,13.55,13.55,13.55,13.55,50,0
JRH,5,20210205,140500,13.7,13.7,13.7,13.7,30,0
JRH,5,20210205,141000,13.7,13.7,13.7,13.7,37,0
JRH,5,20210205,142000,13.65,13.65,13.65,13.65,73,0
JRH,5,20210205,142500,13.65,13.65,13.65,13.65,150,0
JRH,5,20210205,143000,13.65,13.75,13.65,13.75,951,0
JRH,5,20210205,143500,13.6,13.6,13.5,13.5,5172,0
JRH,5,20210205,144500,13.6,13.6,13.6,13.6,110,0
JRH,5,20210205,150500,13.6,13.6,13.6,13.6,388,0
JRH,5,20210205,153500,13.7,13.7,13.6,13.6,502,0
JRH,5,20210205,155000,13.7,13.7,13.7,13.7,2,0
JRH,5,20210205,160000,13.55,13.7,13.55,13.7,151,0
JRH,5,20210205,162500,13.7,13.7,13.7,13.7,79,0
JRH,5,20210205,163500,13.7,13.8,13.7,13.8,1713,0
JRH,5,20210205,164000,13.6,13.6,13.6,13.6,364,0
JRH,5,20210205,164500,13.8,13.85,13.8,13.85,2513,0
JRH,5,20210208,090000,14.3,14.3,13.55,14.15,6270,0
JRH,5,20210208,090500,14.2,14.3,14.2,14.3,1774,0
JRH,5,20210208,091000,14.35,14.35,14.35,14.35,588,0
JRH,5,20210208,091500,14.4,14.4,14.4,14.4,550,0
JRH,5,20210208,092000,14.4,14.4,14.05,14.05,620,0
JRH,5,20210208,092500,14.05,14.05,14.05,14.05,491,0
JRH,5,20210208,093000,14,14,13.9,13.9,715,0
JRH,5,20210208,093500,14.05,14.1,14.05,14.1,435,0
JRH,5,20210208,094000,14.15,14.15,14.15,14.15,38,0
JRH,5,20210208,095000,14.2,14.2,14.2,14.2,33,0
JRH,5,20210208,095500,14.2,14.2,14.2,14.2,135,0
JRH,5,20210208,100000,14.2,14.2,14.2,14.2,100,0
JRH,5,20210208,100500,14.2,14.2,14.2,14.2,17,0
JRH,5,20210208,101500,14.2,14.2,14.2,14.2,34,0
JRH,5,20210208,102000,14.25,14.25,14.25,14.25,40,0
JRH,5,20210208,102500,14.25,14.25,14.25,14.25,119,0
JRH,5,20210208,103500,14.2,14.2,14.2,14.2,360,0
JRH,5,20210208,104000,14.25,14.25,14.25,14.25,230,0
JRH,5,20210208,104500,14.25,14.25,14.25,14.25,272,0
JRH,5,20210208,105000,14.25,14.25,14.25,14.25,44,0
JRH,5,20210208,105500,14.2,14.2,14.15,14.15,180,0
JRH,5,20210208,110000,14.15,14.4,14.15,14.4,3488,0
JRH,5,20210208,112500,14.3,14.3,14.3,14.3,34,0
JRH,5,20210208,113500,14.2,14.2,14.2,14.2,82,0
JRH,5,20210208,114000,14.25,14.3,14.25,14.3,166,0
JRH,5,20210208,114500,14.3,14.3,14.25,14.25,319,0
JRH,5,20210208,120000,14.3,14.3,14.3,14.3,8,0
JRH,5,20210208,120500,14.3,14.3,14.3,14.3,300,0
JRH,5,20210208,123000,14.25,14.25,14.25,14.25,277,0
JRH,5,20210208,125500,14.3,14.3,14.25,14.3,320,0
JRH,5,20210208,130500,14.25,14.25,14.2,14.2,1850,0
JRH,5,20210208,133000,14.3,14.3,14.3,14.3,175,0
JRH,5,20210208,133500,14.3,14.3,14.3,14.3,10,0
JRH,5,20210208,135000,14.3,14.3,14.2,14.2,470,0
JRH,5,20210208,135500,14.2,14.2,14.2,14.2,100,0
JRH,5,20210208,140500,14.3,14.35,14.3,14.35,615,0
JRH,5,20210208,141000,14.35,14.4,14.35,14.4,697,0
JRH,5,20210208,143000,14.35,14.35,14.35,14.35,118,0
JRH,5,20210208,144000,14.3,14.3,14.3,14.3,50,0
JRH,5,20210208,144500,14.3,14.3,14.3,14.3,150,0
JRH,5,20210208,145500,14.2,14.2,14.2,14.2,208,0
JRH,5,20210208,150500,14.15,14.15,14.15,14.15,150,0
JRH,5,20210208,152000,14.3,14.3,14.3,14.3,214,0
JRH,5,20210208,152500,14.3,14.3,14.3,14.3,175,0
JRH,5,20210208,154500,14.3,14.3,14.3,14.3,50,0
JRH,5,20210208,155500,14.3,14.3,14.3,14.3,311,0
JRH,5,20210208,160000,14.35,14.35,14.35,14.35,77,0
JRH,5,20210208,161500,14.35,14.35,14.35,14.35,100,0
JRH,5,20210208,162000,14.35,14.35,14.3,14.3,656,0
JRH,5,20210208,162500,14.3,14.4,14.3,14.4,2800,0
JRH,5,20210208,163000,14.25,14.25,14.25,14.25,400,0
JRH,5,20210208,164000,14.4,14.5,14.4,14.5,1132,0
JRH,5,20210208,164500,14.5,14.5,14.5,14.5,301,0
JRH,5,20210209,090000,14.55,14.55,14.55,14.55,899,0
JRH,5,20210209,091000,14.55,14.55,14.5,14.5,265,0
JRH,5,20210209,091500,14.55,14.65,14.55,14.65,1859,0
JRH,5,20210209,092000,14.65,14.8,14.65,14.8,965,0
JRH,5,20210209,092500,14.75,14.75,14.75,14.75,200,0
JRH,5,20210209,094000,14.65,14.75,14.65,14.75,765,0
JRH,5,20210209,094500,14.7,14.75,14.7,14.75,680,0
JRH,5,20210209,095000,14.65,14.65,14.65,14.65,15,0
JRH,5,20210209,095500,14.75,14.75,14.75,14.75,728,0
JRH,5,20210209,100500,14.75,14.75,14.75,14.75,67,0
JRH,5,20210209,101000,14.7,14.7,14.7,14.7,855,0
JRH,5,20210209,102500,14.7,14.7,14.7,14.7,100,0
JRH,5,20210209,104000,14.55,14.55,14.55,14.55,1093,0
JRH,5,20210209,104500,14.5,14.5,14.5,14.5,310,0
JRH,5,20210209,110500,14.6,14.6,14.6,14.6,50,0
JRH,5,20210209,111000,14.65,14.65,14.65,14.65,310,0
JRH,5,20210209,112500,14.7,14.7,14.7,14.7,138,0
JRH,5,20210209,113000,14.65,14.65,14.65,14.65,1053,0
JRH,5,20210209,114000,14.65,14.65,14.65,14.65,73,0
JRH,5,20210209,114500,14.65,14.65,14.65,14.65,73,0
JRH,5,20210209,122000,14.55,14.55,14.55,14.55,376,0
JRH,5,20210209,122500,14.55,14.55,14.55,14.55,40,0
JRH,5,20210209,123000,14.6,14.6,14.6,14.6,17,0
JRH,5,20210209,130000,14.6,14.6,14.6,14.6,8,0
JRH,5,20210209,130500,14.6,14.65,14.5,14.65,900,0
JRH,5,20210209,132000,14.65,14.65,14.65,14.65,400,0
JRH,5,20210209,134500,14.55,14.55,14.55,14.55,220,0
JRH,5,20210209,140000,14.55,14.55,14.55,14.55,200,0
JRH,5,20210209,140500,14.5,14.5,14.5,14.5,200,0
JRH,5,20210209,141500,14.5,14.65,14.5,14.65,643,0
JRH,5,20210209,143500,14.5,14.5,14.4,14.4,135,0
JRH,5,20210209,144000,14.3,14.3,14.3,14.3,40,0
JRH,5,20210209,144500,14.35,14.35,14.3,14.3,150,0
JRH,5,20210209,150000,14.5,14.5,14.5,14.5,200,0
JRH,5,20210209,152000,14.3,14.3,14.3,14.3,100,0
JRH,5,20210209,153000,14.3,14.3,14.15,14.15,410,0
JRH,5,20210209,154500,14.45,14.5,14.45,14.5,250,0
JRH,5,20210209,155500,14.15,14.15,14.15,14.15,63,0
JRH,5,20210209,161000,14.4,14.4,14.4,14.4,1,0
JRH,5,20210209,162500,14.4,14.4,14.4,14.4,10,0
JRH,5,20210209,163500,14.15,14.15,14.15,14.15,400,0
JRH,5,20210209,164500,14.35,14.35,14.35,14.35,21,0
JRH,5,20210210,090000,14.25,14.3,14.15,14.15,251,0
JRH,5,20210210,091500,14,14,13.9,13.9,1141,0
JRH,5,20210210,092000,13.9,13.9,13.9,13.9,340,0
JRH,5,20210210,092500,13.9,14,13.9,14,536,0
JRH,5,20210210,093000,13.9,13.9,13.7,13.8,615,0
JRH,5,20210210,093500,13.8,13.8,13.8,13.8,1,0
JRH,5,20210210,094000,13.8,13.8,13.8,13.8,134,0
JRH,5,20210210,095000,13.75,13.75,13.75,13.75,474,0
JRH,5,20210210,095500,13.75,13.75,13.7,13.7,2630,0
JRH,5,20210210,100500,13.8,13.95,13.8,13.95,234,0
JRH,5,20210210,102500,13.75,13.75,13.75,13.75,240,0
JRH,5,20210210,103500,14,14,14,14,50,0
JRH,5,20210210,105500,13.95,14.4,13.95,14.4,2000,0
JRH,5,20210210,110500,14.4,14.4,14.4,14.4,49,0
JRH,5,20210210,112500,14.2,14.2,14.2,14.2,111,0
JRH,5,20210210,113000,14.2,14.2,14.2,14.2,100,0
JRH,5,20210210,113500,13.9,13.9,13.8,13.8,1000,0
JRH,5,20210210,120500,13.8,14,13.7,14,1301,0
JRH,5,20210210,121000,14,14,14,14,10,0
JRH,5,20210210,123500,14,14,14,14,36,0
JRH,5,20210210,133000,14,14,14,14,640,0
JRH,5,20210210,133500,13.9,13.9,13.9,13.9,73,0
JRH,5,20210210,134000,13.9,13.9,13.9,13.9,50,0
JRH,5,20210210,134500,13.9,13.9,13.9,13.9,2,0
JRH,5,20210210,143500,14,14,14,14,1,0
JRH,5,20210210,151500,14,14,14,14,80,0
JRH,5,20210210,154000,14,14,14,14,50,0
JRH,5,20210210,161500,13.9,13.9,13.9,13.9,50,0
JRH,5,20210210,162000,13.8,13.9,13.8,13.9,300,0
JRH,5,20210210,163500,14,14,14,14,100,0
JRH,5,20210210,164500,13.8,13.8,13.8,13.8,72,0
JRH,5,20210211,090000,13.95,13.95,13.55,13.55,2270,0
JRH,5,20210211,090500,13.6,13.6,13.6,13.6,1200,0
JRH,5,20210211,091000,13.6,13.6,13.6,13.6,800,0
JRH,5,20210211,091500,13.6,13.6,13.6,13.6,1000,0
JRH,5,20210211,092000,13.55,13.6,13.5,13.6,1197,0
JRH,5,20210211,093000,13.55,13.55,13.5,13.5,500,0
JRH,5,20210211,093500,13.5,13.5,13.5,13.5,1408,0
JRH,5,20210211,094500,13.55,13.7,13.55,13.7,350,0
JRH,5,20210211,095000,13.45,13.45,13.45,13.45,100,0
JRH,5,20210211,095500,13.65,13.65,13.65,13.65,25,0
JRH,5,20210211,100500,13.7,13.7,13.7,13.7,50,0
JRH,5,20210211,105500,13.65,13.65,13.65,13.65,70,0
JRH,5,20210211,110000,13.65,13.65,13.3,13.3,3292,0
JRH,5,20210211,110500,13.3,13.3,13.3,13.3,35,0
JRH,5,20210211,113500,13.6,13.6,13.5,13.5,241,0
JRH,5,20210211,114000,13.65,13.65,13.65,13.65,100,0
JRH,5,20210211,115500,13.5,13.5,13.3,13.3,900,0
JRH,5,20210211,122000,13.4,13.4,13.4,13.4,100,0
JRH,5,20210211,123000,13.6,13.6,13.6,13.6,123,0
JRH,5,20210211,123500,13.4,13.4,13.4,13.4,200,0
JRH,5,20210211,124000,13.3,13.3,13.3,13.3,276,0
JRH,5,20210211,124500,13.4,13.4,13.4,13.4,500,0
JRH,5,20210211,130500,13.3,13.3,13.3,13.3,220,0
JRH,5,20210211,131000,13.4,13.4,13.4,13.4,100,0
JRH,5,20210211,133000,13.3,13.3,13.3,13.3,39,0
JRH,5,20210211,135500,13.35,13.35,13.35,13.35,50,0
JRH,5,20210211,140500,13.3,13.3,13.3,13.3,100,0
JRH,5,20210211,141000,13.35,13.35,13.35,13.35,100,0
JRH,5,20210211,142500,13.3,13.35,13.3,13.35,1300,0
JRH,5,20210211,144500,13.35,13.35,13.35,13.35,100,0
JRH,5,20210211,145000,13.35,13.35,13.35,13.35,448,0
JRH,5,20210211,150500,13.3,13.3,13.3,13.3,100,0
JRH,5,20210211,151000,13.3,13.3,13.05,13.05,1818,0
JRH,5,20210211,152000,13.2,13.2,13.2,13.2,137,0
JRH,5,20210211,152500,13.3,13.3,13.2,13.2,95,0
JRH,5,20210211,160500,13.3,13.3,13.3,13.3,150,0
JRH,5,20210211,161000,13.3,13.3,13.3,13.3,682,0
JRH,5,20210211,162500,13.35,13.35,13.35,13.35,103,0
JRH,5,20210211,163500,13.35,13.35,13.35,13.35,150,0
JRH,5,20210211,164000,13.3,13.3,13.3,13.3,3001,0
JRH,5,20210211,164500,13.35,13.35,13.35,13.35,49,0
JRH,5,20210212,090000,13.4,13.85,13.4,13.85,1702,0
JRH,5,20210212,090500,13.85,13.95,13.85,13.95,1100,0
JRH,5,20210212,093000,13.9,13.95,13.9,13.9,1569,0
JRH,5,20210212,093500,13.6,13.9,13.6,13.9,139,0
JRH,5,20210212,103500,13.75,13.75,13.75,13.75,25,0
JRH,5,20210212,104000,13.6,13.6,13.5,13.5,350,0
JRH,5,20210212,105000,13.6,13.6,13.6,13.6,50,0
JRH,5,20210212,110000,13.7,13.7,13.7,13.7,100,0
JRH,5,20210212,111000,13.6,13.6,13.4,13.4,150,0
JRH,5,20210212,111500,13.7,13.7,13.4,13.4,105,0
JRH,5,20210212,113000,13.7,13.7,13.7,13.7,93,0
JRH,5,20210212,114000,13.7,13.7,13.7,13.7,150,0
JRH,5,20210212,114500,13.6,13.6,13.6,13.6,400,0
JRH,5,20210212,121000,13.6,13.6,13.4,13.4,123,0
JRH,5,20210212,121500,13.7,13.7,13.7,13.7,400,0
JRH,5,20210212,122000,13.7,13.7,13.4,13.4,300,0
JRH,5,20210212,122500,13.7,13.7,13.4,13.4,610,0
JRH,5,20210212,123000,13.7,13.7,13.7,13.7,21,0
JRH,5,20210212,124000,13.5,13.5,13.5,13.5,500,0
JRH,5,20210212,124500,13.7,13.7,13.7,13.7,29,0
JRH,5,20210212,132500,13.45,13.45,13.45,13.45,74,0
JRH,5,20210212,133000,13.65,13.65,13.65,13.65,90,0
JRH,5,20210212,135500,13.6,13.65,13.6,13.65,174,0
JRH,5,20210212,140500,13.4,13.4,13.4,13.4,70,0
JRH,5,20210212,141000,13.5,13.5,13.5,13.5,3,0
JRH,5,20210212,141500,13.7,13.7,13.7,13.7,21,0
JRH,5,20210212,150500,13.7,13.7,13.7,13.7,200,0
JRH,5,20210212,152000,13.7,13.7,13.7,13.7,20,0
JRH,5,20210212,154500,13.7,13.7,13.7,13.7,364,0
JRH,5,20210212,161000,13.7,13.7,13.7,13.7,22,0
JRH,5,20210212,164500,13.7,13.7,13.7,13.7,3317,0
JRH,5,20210215,090000,13.7,13.7,13.7,13.7,643,0
JRH,5,20210215,090500,13.65,13.65,13.65,13.65,1500,0
JRH,5,20210215,091000,13.65,13.65,13.65,13.65,200,0
JRH,5,20210215,091500,13.65,13.65,13.65,13.65,4300,0
JRH,5,20210215,092000,13.65,13.65,13.65,13.65,34,0
JRH,5,20210215,092500,13.7,13.7,13.7,13.7,3543,0
JRH,5,20210215,093000,13.7,13.7,13.7,13.7,13700,0
JRH,5,20210215,093500,13.75,13.8,13.75,13.8,817,0
JRH,5,20210215,094000,13.65,13.65,13.55,13.55,840,0
JRH,5,20210215,095000,13.75,14.3,13.75,14.3,2145,0
JRH,5,20210215,095500,14.35,14.5,14.35,14.5,842,0
JRH,5,20210215,100000,14.5,14.5,14.5,14.5,1270,0
JRH,5,20210215,101500,14.25,14.25,14.25,14.25,62,0
JRH,5,20210215,102500,14.25,14.25,14.25,14.25,105,0
JRH,5,20210215,103000,14.25,14.3,14.25,14.3,519,0
JRH,5,20210215,103500,14.3,14.3,14.3,14.3,49,0
JRH,5,20210215,104000,14.05,14.05,14.05,14.05,132,0
JRH,5,20210215,110500,14.25,14.25,14.25,14.25,36,0
JRH,5,20210215,111000,14.25,14.25,14.25,14.25,90,0
JRH,5,20210215,112500,14.25,14.35,14.25,14.35,2147,0
JRH,5,20210215,113500,14.15,14.15,13.7,13.7,1700,0
JRH,5,20210215,114500,14.2,14.25,14.2,14.25,310,0
JRH,5,20210215,123500,14.15,14.15,14.15,14.15,75,0
JRH,5,20210215,134000,13.9,14.15,13.9,14.15,378,0
JRH,5,20210215,134500,13.85,14.2,13.85,14.2,583,0
JRH,5,20210215,135000,14.25,14.25,14.25,14.25,400,0
JRH,5,20210215,141500,14.25,14.45,14.25,14.45,915,0
JRH,5,20210215,142000,13.95,13.95,13.95,13.95,54,0
JRH,5,20210215,142500,14.4,14.4,14.4,14.4,24,0
JRH,5,20210215,143000,14.4,14.4,14.4,14.4,600,0
JRH,5,20210215,150000,14.35,14.35,14.35,14.35,35,0
JRH,5,20210215,152000,14.2,14.2,14.2,14.2,83,0
JRH,5,20210215,152500,14.3,14.3,14.2,14.3,675,0
JRH,5,20210215,153000,14.2,14.2,14.2,14.2,80,0
JRH,5,20210215,153500,14.3,14.3,14.3,14.3,9,0
JRH,5,20210215,154500,14.2,14.2,14.2,14.2,36,0
JRH,5,20210215,155000,14,14,14,14,8,0
JRH,5,20210215,155500,14,14,14,14,205,0
JRH,5,20210215,160000,14,14.2,13.95,13.95,1009,0
JRH,5,20210215,160500,14.2,14.2,14.2,14.2,20,0
JRH,5,20210215,161000,14.2,14.2,14.2,14.2,180,0
JRH,5,20210215,161500,14.3,14.3,14.3,14.3,43,0
JRH,5,20210215,162000,14.05,14.3,14,14.3,607,0
JRH,5,20210215,162500,14.2,14.2,14.2,14.2,10,0
JRH,5,20210215,163000,14,14.3,14,14.3,643,0
JRH,5,20210215,163500,14.15,14.15,14,14.15,1063,0
JRH,5,20210215,164000,14.05,14.05,14.05,14.05,350,0
JRH,5,20210215,164500,14.15,14.15,14.15,14.15,541,0
JRH,5,20210216,090000,14,14.5,14,14.45,455,0
JRH,5,20210216,091000,14.45,14.45,14.45,14.45,45,0
JRH,5,20210216,092000,14,14,14,14,400,0
JRH,5,20210216,092500,14.2,14.2,14.2,14.2,36,0
JRH,5,20210216,093000,14,14.2,14,14.2,1064,0
JRH,5,20210216,093500,14.05,14.05,14,14,236,0
JRH,5,20210216,095000,14.2,14.2,14.2,14.2,324,0
JRH,5,20210216,095500,14.2,14.2,14.2,14.2,44,0
JRH,5,20210216,100500,14,14.2,14,14.2,1130,0
JRH,5,20210216,102000,13.95,13.95,13.9,13.9,469,0
JRH,5,20210216,102500,14.15,14.15,14.15,14.15,170,0
JRH,5,20210216,103500,14,14,14,14,80,0
JRH,5,20210216,105000,14,14,13.9,13.9,1280,0
JRH,5,20210216,111000,13.85,13.85,13.8,13.8,650,0
JRH,5,20210216,111500,13.8,13.95,13.7,13.95,2355,0
JRH,5,20210216,113000,13.9,13.9,13.7,13.75,1070,0
JRH,5,20210216,113500,13.75,14,13.75,14,300,0
JRH,5,20210216,120000,14,14,14,14,100,0
JRH,5,20210216,123500,14,14,13.8,13.8,1020,0
JRH,5,20210216,124500,13.8,13.8,13.75,13.75,1270,0
JRH,5,20210216,125000,13.75,13.75,13.75,13.75,89,0
JRH,5,20210216,130500,13.75,13.75,13.75,13.75,142,0
JRH,5,20210216,131500,13.75,14,13.7,14,1040,0
JRH,5,20210216,133500,13.8,13.8,13.8,13.8,200,0
JRH,5,20210216,134500,13.9,14,13.9,14,98,0
JRH,5,20210216,135000,13.85,13.85,13.85,13.85,50,0
JRH,5,20210216,140000,13.85,14,13.85,14,50,0
JRH,5,20210216,141500,13.8,13.8,13.7,13.7,1000,0
JRH,5,20210216,143500,13.8,13.95,13.8,13.95,92,0
JRH,5,20210216,145000,13.75,13.75,13.65,13.65,1000,0
JRH,5,20210216,145500,13.8,13.9,13.8,13.9,100,0
JRH,5,20210216,150000,13.95,14,13.8,14,428,0
JRH,5,20210216,151000,13.8,13.95,13.8,13.95,82,0
JRH,5,20210216,153000,13.95,13.95,13.95,13.95,100,0
JRH,5,20210216,154500,13.95,13.95,13.95,13.95,116,0
JRH,5,20210216,160000,13.95,13.95,13.95,13.95,500,0
JRH,5,20210216,160500,13.95,13.95,13.95,13.95,244,0
JRH,5,20210216,162000,14,14,14,14,312,0
JRH,5,20210216,162500,14,14,14,14,188,0
JRH,5,20210216,163000,14,14,14,14,30,0
JRH,5,20210216,163500,14,14,13.95,13.95,45,0
JRH,5,20210216,164500,13.95,14.05,13.95,14.05,113,0
JRH,5,20210217,090000,14.05,14.15,14.05,14.15,456,0
JRH,5,20210217,090500,14.05,14.05,14.05,14.05,37,0
JRH,5,20210217,091000,14.05,14.15,14,14.15,1080,0
JRH,5,20210217,092000,14,14,13.8,13.8,50,0
JRH,5,20210217,093000,14.15,14.15,14.15,14.15,65,0
JRH,5,20210217,094000,13.95,13.95,13.9,13.9,116,0
JRH,5,20210217,095000,13.9,13.9,13.7,13.7,1000,0
JRH,5,20210217,100000,13.95,13.95,13.95,13.95,258,0
JRH,5,20210217,101000,13.85,13.85,13.85,13.85,6,0
JRH,5,20210217,101500,13.85,13.85,13.85,13.85,44,0
JRH,5,20210217,104000,13.85,13.85,13.7,13.7,752,0
JRH,5,20210217,104500,13.65,13.9,13.65,13.9,1358,0
JRH,5,20210217,121500,13.9,13.9,13.9,13.9,20,0
JRH,5,20210217,123000,13.95,13.95,13.95,13.95,40,0
JRH,5,20210217,132000,13.95,13.95,13.95,13.95,780,0
JRH,5,20210217,133000,13.9,13.9,13.8,13.8,85,0
JRH,5,20210217,140000,13.8,13.8,13.8,13.8,33,0
JRH,5,20210217,144500,13.7,13.7,13.7,13.7,100,0
JRH,5,20210217,151500,13.7,13.7,13.7,13.7,200,0
JRH,5,20210217,154000,13.8,13.8,13.8,13.8,20,0
JRH,5,20210217,155500,13.8,13.8,13.7,13.7,150,0
JRH,5,20210217,160000,13.7,13.7,13.65,13.65,213,0
JRH,5,20210217,161000,13.9,13.9,13.9,13.9,30,0
JRH,5,20210217,162000,13.9,13.95,13.9,13.95,1327,0
JRH,5,20210217,162500,13.95,13.95,13.95,13.95,1,0
JRH,5,20210217,163500,13.9,13.9,13.9,13.9,700,0
JRH,5,20210217,164500,13.95,13.95,13.95,13.95,42,0
JRH,5,20210218,090000,14.1,14.35,14.1,14.35,2914,0
JRH,5,20210218,090500,14.3,14.45,14.3,14.45,2365,0
JRH,5,20210218,091000,14.45,14.5,14.2,14.2,4126,0
JRH,5,20210218,091500,14.2,14.45,14.2,14.4,1073,0
JRH,5,20210218,092000,14.45,14.45,14.45,14.45,50,0
JRH,5,20210218,093500,14.3,14.3,14.1,14.1,1422,0
JRH,5,20210218,094000,14.1,14.1,14.1,14.1,19,0
JRH,5,20210218,094500,14.1,14.1,14.1,14.1,203,0
JRH,5,20210218,095000,14.2,14.3,14.2,14.3,60,0
JRH,5,20210218,095500,14.3,14.3,14.3,14.3,150,0
JRH,5,20210218,100000,14.25,14.3,14.25,14.3,196,0
JRH,5,20210218,100500,14.3,14.3,14.3,14.3,45,0
JRH,5,20210218,101000,14.3,14.4,14.3,14.4,486,0
JRH,5,20210218,102500,14.3,14.3,14.25,14.25,100,0
JRH,5,20210218,103000,14.3,14.3,14.3,14.3,133,0
JRH,5,20210218,103500,14.25,14.4,14.25,14.4,176,0
JRH,5,20210218,104000,14.4,14.4,14.25,14.25,51,0
JRH,5,20210218,104500,14.25,14.25,14.25,14.25,100,0
JRH,5,20210218,105000,14.25,14.35,14.25,14.35,153,0
JRH,5,20210218,105500,14.4,14.4,14.4,14.4,40,0
JRH,5,20210218,111500,14.4,14.4,14.4,14.4,100,0
JRH,5,20210218,114000,14.35,14.35,14.25,14.25,293,0
JRH,5,20210218,114500,14.2,14.2,14.15,14.15,735,0
JRH,5,20210218,115000,14.25,14.3,14.25,14.25,483,0
JRH,5,20210218,120500,14.25,14.25,14.25,14.25,38,0
JRH,5,20210218,121500,14.25,14.3,14.25,14.3,275,0
JRH,5,20210218,122000,14.3,14.3,14.3,14.3,69,0
JRH,5,20210218,122500,14.25,14.25,14.25,14.25,350,0
JRH,5,20210218,123000,14.3,14.3,14.3,14.3,453,0
JRH,5,20210218,124000,14.35,14.4,14.35,14.4,1990,0
JRH,5,20210218,124500,14.4,14.4,14.4,14.4,650,0
JRH,5,20210218,125000,14.4,14.4,14.4,14.4,50,0
JRH,5,20210218,130000,14.4,14.45,14.4,14.45,1435,0
JRH,5,20210218,131500,14.4,14.4,14.4,14.4,200,0
JRH,5,20210218,132000,14.4,14.4,14.3,14.3,921,0
JRH,5,20210218,132500,14.3,14.3,14.3,14.3,3872,0
JRH,5,20210218,133000,14.25,14.25,14.25,14.25,382,0
JRH,5,20210218,134000,14.3,14.3,14.3,14.3,3,0
JRH,5,20210218,140000,14.3,14.3,14.25,14.25,924,0
JRH,5,20210218,140500,14.25,14.25,14.25,14.25,1000,0
JRH,5,20210218,143500,14.3,14.3,14.3,14.3,200,0
JRH,5,20210218,144000,14.25,14.25,14.25,14.25,500,0
JRH,5,20210218,151000,14.25,14.25,14.25,14.25,1300,0
JRH,5,20210218,151500,14.25,14.25,14.25,14.25,647,0
JRH,5,20210218,152000,14.25,14.35,14.25,14.35,657,0
JRH,5,20210218,152500,14.35,14.35,14.25,14.25,453,0
JRH,5,20210218,153000,14.25,14.4,14.25,14.4,82,0
JRH,5,20210218,153500,14.4,14.4,14.4,14.4,1000,0
JRH,5,20210218,154500,14.3,14.3,14.3,14.3,128,0
JRH,5,20210218,155000,14.3,14.4,14.3,14.4,110,0
JRH,5,20210218,155500,14.4,14.4,14.4,14.4,502,0
JRH,5,20210218,161000,14.4,14.4,14.4,14.4,100,0
JRH,5,20210218,161500,14.4,14.45,14.4,14.45,542,0
JRH,5,20210218,162000,14.4,14.4,14.3,14.3,391,0
JRH,5,20210218,162500,14.3,14.3,14.3,14.3,47,0
JRH,5,20210218,163000,14.35,14.35,14.35,14.35,325,0
JRH,5,20210218,163500,14.4,14.4,14.4,14.4,10,0
JRH,5,20210218,164500,14.35,14.35,14.25,14.35,296,0
JRH,5,20210219,090000,14.45,14.5,14.45,14.5,1153,0
JRH,5,20210219,090500,14.5,14.8,14.5,14.8,4242,0
JRH,5,20210219,091000,14.7,14.7,14.7,14.7,150,0
JRH,5,20210219,091500,14.6,14.6,14.6,14.6,500,0
JRH,5,20210219,092000,14.6,14.6,14.6,14.6,200,0
JRH,5,20210219,092500,14.6,14.6,14.5,14.5,966,0
JRH,5,20210219,093000,14.5,14.5,14.5,14.5,30,0
JRH,5,20210219,094000,14.35,14.35,14.35,14.35,200,0
JRH,5,20210219,095500,14.3,14.3,14.3,14.3,500,0
JRH,5,20210219,100000,14.25,14.25,14.2,14.2,485,0
JRH,5,20210219,100500,14.2,14.2,14.2,14.2,5,0
JRH,5,20210219,104500,14.25,14.5,14.25,14.5,1156,0
JRH,5,20210219,105000,14.35,14.35,14.35,14.35,10,0
JRH,5,20210219,110500,14.4,14.4,14.4,14.4,18,0
JRH,5,20210219,112000,14.4,14.4,14.4,14.4,200,0
JRH,5,20210219,114000,14.35,14.4,14.35,14.4,668,0
JRH,5,20210219,121000,14.35,14.4,14.25,14.25,250,0
JRH,5,20210219,123000,14.25,14.25,14.25,14.25,150,0
JRH,5,20210219,125500,14.35,14.35,14.35,14.35,227,0
JRH,5,20210219,130500,14.25,14.35,14.25,14.25,2587,0
JRH,5,20210219,140000,14.25,14.25,14.25,14.25,160,0
JRH,5,20210219,141000,14.25,14.25,14.25,14.25,823,0
JRH,5,20210219,141500,14.25,14.25,14.25,14.25,200,0
JRH,5,20210219,143000,14.25,14.25,14.25,14.25,210,0
JRH,5,20210219,144500,14.25,14.4,14.25,14.4,37,0
JRH,5,20210219,150500,14.4,14.4,14.4,14.4,100,0
JRH,5,20210219,151500,14.4,14.4,14.4,14.4,60,0
JRH,5,20210219,163500,14.4,14.4,14.4,14.4,200,0
JRH,5,20210219,164500,14.4,14.4,14.4,14.4,328,0
JRH,5,20210222,090000,14.6,14.6,14.6,14.6,431,0
JRH,5,20210222,091500,14.55,14.6,14.55,14.6,753,0
JRH,5,20210222,092500,14.6,14.7,14.6,14.7,1000,0
JRH,5,20210222,093000,14.7,14.75,14.7,14.7,476,0
JRH,5,20210222,093500,14.6,14.6,14.6,14.6,50,0
JRH,5,20210222,094000,14.6,14.65,14.6,14.65,106,0
JRH,5,20210222,094500,14.7,14.7,14.65,14.65,410,0
JRH,5,20210222,095000,14.7,14.7,14.7,14.7,508,0
JRH,5,20210222,095500,14.7,14.7,14.7,14.7,25,0
JRH,5,20210222,100000,14.7,14.75,14.6,14.6,495,0
JRH,5,20210222,100500,14.6,14.6,14.6,14.6,3,0
JRH,5,20210222,101000,14.6,14.7,14.6,14.7,200,0
JRH,5,20210222,101500,14.7,14.7,14.7,14.7,41,0
JRH,5,20210222,102500,14.75,14.75,14.7,14.7,129,0
JRH,5,20210222,103500,14.7,14.7,14.7,14.7,94,0
JRH,5,20210222,104000,14.7,14.7,14.7,14.7,46,0
JRH,5,20210222,105000,14.7,14.7,14.7,14.7,100,0
JRH,5,20210222,105500,14.7,14.7,14.7,14.7,84,0
JRH,5,20210222,110000,14.6,14.7,14.6,14.7,64,0
JRH,5,20210222,111000,14.75,14.75,14.75,14.75,242,0
JRH,5,20210222,111500,14.7,14.7,14.7,14.7,45,0
JRH,5,20210222,113000,14.8,14.8,14.8,14.8,344,0
JRH,5,20210222,113500,14.8,14.8,14.8,14.8,400,0
JRH,5,20210222,114500,14.8,14.9,14.8,14.9,529,0
JRH,5,20210222,115500,14.85,14.9,14.85,14.9,123,0
JRH,5,20210222,120000,14.9,14.9,14.85,14.9,1420,0
JRH,5,20210222,120500,14.85,15.05,14.85,15,3654,0
JRH,5,20210222,121000,15.05,15.1,15.05,15.1,500,0
JRH,5,20210222,121500,15.15,15.35,15.15,15.35,910,0
JRH,5,20210222,122000,15.2,15.35,15.2,15.35,875,0
JRH,5,20210222,122500,15.3,15.3,15.3,15.3,100,0
JRH,5,20210222,123000,15.2,15.25,15,15.25,1335,0
JRH,5,20210222,123500,15.25,15.4,15.15,15.4,3548,0
JRH,5,20210222,124000,15.4,15.45,15.4,15.45,858,0
JRH,5,20210222,124500,15.45,15.5,15.4,15.4,1700,0
JRH,5,20210222,125000,15.4,15.5,15.4,15.5,1684,0
JRH,5,20210222,125500,15.55,15.55,15.5,15.5,526,0
JRH,5,20210222,130000,15.5,15.9,15.5,15.9,1135,0
JRH,5,20210222,130500,15.9,15.95,15.35,15.9,1261,0
JRH,5,20210222,131000,15.9,15.9,15.9,15.9,41,0
JRH,5,20210222,131500,15.9,15.9,15.9,15.9,365,0
JRH,5,20210222,132500,15.75,15.75,15.55,15.55,178,0
JRH,5,20210222,133000,15.55,15.6,15.55,15.55,238,0
JRH,5,20210222,134000,15.45,15.45,15.35,15.35,1287,0
JRH,5,20210222,134500,15.4,15.6,15.35,15.6,1238,0
JRH,5,20210222,135000,15.4,15.4,15.4,15.4,6,0
JRH,5,20210222,140000,15.6,15.6,15.6,15.6,141,0
JRH,5,20210222,140500,15.4,15.6,15.4,15.6,160,0
JRH,5,20210222,141500,15.5,15.55,15.5,15.55,600,0
JRH,5,20210222,142000,15.4,15.4,15.4,15.4,241,0
JRH,5,20210222,143000,15.35,15.35,15.3,15.3,23,0
JRH,5,20210222,143500,15.4,15.4,15.4,15.4,200,0
JRH,5,20210222,144500,15.5,15.5,15.5,15.5,32,0
JRH,5,20210222,152000,15.5,15.5,15.5,15.5,550,0
JRH,5,20210222,152500,15.5,15.5,15.3,15.3,371,0
JRH,5,20210222,155000,15.4,15.4,15.4,15.4,142,0
JRH,5,20210222,155500,15.4,15.4,15.4,15.4,180,0
JRH,5,20210222,161000,15.4,15.4,15.4,15.4,218,0
JRH,5,20210222,161500,15.5,15.5,15.5,15.5,130,0
JRH,5,20210222,162000,15.3,15.3,15.3,15.3,71,0
JRH,5,20210222,162500,15.3,15.3,15.3,15.3,100,0
JRH,5,20210222,163000,15.3,15.3,15.3,15.3,150,0
JRH,5,20210222,163500,15.3,15.3,15.15,15.15,1379,0
JRH,5,20210222,164000,15.3,15.3,15.3,15.3,175,0
JRH,5,20210223,090000,15.95,15.95,15.95,15.95,2012,0
JRH,5,20210223,091000,15.7,15.7,15.7,15.7,400,0
JRH,5,20210223,091500,15.5,15.5,15.3,15.3,1172,0
JRH,5,20210223,092000,15.3,15.6,15.3,15.6,202,0
JRH,5,20210223,093000,15.3,15.4,15.3,15.4,1574,0
JRH,5,20210223,093500,15.4,15.4,15.4,15.4,46,0
JRH,5,20210223,094000,15.3,15.4,15.3,15.4,428,0
JRH,5,20210223,095500,15.3,15.4,15.25,15.25,683,0
JRH,5,20210223,100000,15.25,15.25,15.05,15.2,1033,0
JRH,5,20210223,100500,15.15,15.15,15,15,446,0
JRH,5,20210223,101000,14.95,14.95,14.8,14.8,1330,0
JRH,5,20210223,104000,14.85,14.85,14.75,14.75,2000,0
JRH,5,20210223,104500,14.9,14.9,14.9,14.9,768,0
JRH,5,20210223,105000,14.9,14.9,14.9,14.9,1000,0
JRH,5,20210223,105500,14.9,14.9,14.9,14.9,1,0
JRH,5,20210223,110000,14.9,14.9,14.9,14.9,36,0
JRH,5,20210223,110500,15.05,15.05,15.05,15.05,80,0
JRH,5,20210223,115000,15.05,15.05,15.05,15.05,133,0
JRH,5,20210223,123000,15.05,15.05,15.05,15.05,58,0
JRH,5,20210223,123500,14.9,15.15,14.9,15.15,444,0
JRH,5,20210223,125500,15.15,15.15,15.15,15.15,81,0
JRH,5,20210223,130000,14.9,14.9,14.7,14.7,1860,0
JRH,5,20210223,133000,14.7,14.7,14.7,14.7,203,0
JRH,5,20210223,133500,15,15,15,15,20,0
JRH,5,20210223,135000,14.8,14.8,14.7,14.7,168,0
JRH,5,20210223,142500,14.7,14.8,14.6,14.8,1021,0
JRH,5,20210223,143000,14.8,14.8,14.8,14.8,16,0
JRH,5,20210223,143500,14.7,14.7,14.7,14.7,100,0
JRH,5,20210223,144000,14.6,14.6,14.6,14.6,100,0
JRH,5,20210223,144500,14.6,14.6,14.55,14.55,330,0
JRH,5,20210223,145000,14.55,14.55,14.55,14.55,100,0
JRH,5,20210223,145500,14.65,14.65,14.65,14.65,6,0
JRH,5,20210223,150000,14.65,14.65,14.65,14.65,64,0
JRH,5,20210223,150500,14.6,14.7,14.6,14.6,218,0
JRH,5,20210223,152500,14.7,14.7,14.7,14.7,42,0
JRH,5,20210223,154500,14.7,14.7,14.7,14.7,10,0
JRH,5,20210223,155500,14.5,14.5,14.5,14.5,1066,0
JRH,5,20210223,160000,14.5,14.5,14.5,14.5,181,0
JRH,5,20210223,161000,14.5,14.5,14.5,14.5,35,0
JRH,5,20210223,163000,14.5,14.5,14.5,14.5,50,0
JRH,5,20210223,164500,14.5,14.5,14.45,14.45,70,0
JRH,5,20210224,090000,14.5,14.5,14.5,14.5,50,0
JRH,5,20210224,091000,14.5,14.5,14.5,14.5,450,0
JRH,5,20210224,093000,14.6,14.65,14.6,14.65,173,0
JRH,5,20210224,094000,14.65,14.65,14.65,14.65,300,0
JRH,5,20210224,100500,14.6,14.6,14.6,14.6,180,0
JRH,5,20210224,101000,14.65,14.65,14.65,14.65,50,0
JRH,5,20210224,101500,14.75,14.75,14.75,14.75,160,0
JRH,5,20210224,105500,14.75,14.75,14.75,14.75,11,0
JRH,5,20210224,111500,14.75,14.75,14.75,14.75,20,0
JRH,5,20210224,113000,14.75,14.75,14.75,14.75,209,0
JRH,5,20210224,114500,14.7,14.7,14.7,14.7,300,0
JRH,5,20210224,120500,14.65,14.65,14.65,14.65,50,0
JRH,5,20210224,123000,14.65,14.65,14.65,14.65,50,0
JRH,5,20210224,123500,14.7,14.7,14.7,14.7,136,0
JRH,5,20210224,125500,14.65,14.65,14.65,14.65,60,0
JRH,5,20210224,134500,14.65,14.65,13.95,14,3236,0
JRH,5,20210224,141000,14.3,14.3,14.2,14.2,44,0
JRH,5,20210224,142000,14.3,14.4,14.3,14.4,86,0
JRH,5,20210224,143500,14.45,14.45,14.45,14.45,500,0
JRH,5,20210224,144500,14.45,14.85,14.45,14.85,320,0
JRH,5,20210225,090000,14.75,14.75,14.7,14.7,270,0
JRH,5,20210225,091000,14.75,14.75,14.75,14.75,100,0
JRH,5,20210225,092000,14.75,14.75,14.75,14.75,109,0
JRH,5,20210225,093000,14.7,14.7,14.7,14.7,1,0
JRH,5,20210225,095500,14.65,14.65,14.65,14.65,50,0
JRH,5,20210225,100000,14.7,14.7,14.7,14.7,100,0
JRH,5,20210225,100500,14.65,14.65,14,14,3201,0
JRH,5,20210225,103500,14.55,14.55,14.55,14.55,500,0
JRH,5,20210225,110500,14.25,14.5,14.15,14.5,1090,0
JRH,5,20210225,120000,14.5,14.5,14.5,14.5,2000,0
JRH,5,20210225,125500,14.3,14.3,14.3,14.3,19,0
JRH,5,20210225,135500,14.4,14.5,14.4,14.5,30,0
JRH,5,20210225,145500,14.5,14.5,14.5,14.5,10,0
JRH,5,20210225,152500,14.5,14.5,14.5,14.5,100,0
JRH,5,20210225,160000,14.4,14.4,14.15,14.15,799,0
JRH,5,20210225,162500,14.4,14.4,14.4,14.4,10,0
JRH,5,20210225,163500,14.45,14.5,14.45,14.5,58,0
JRH,5,20210225,164500,14.5,14.6,14.4,14.4,701,0
JRH,5,20210226,090000,14.25,14.4,14.05,14.4,2385,0
JRH,5,20210226,090500,14.05,14.4,14,14.4,213,0
JRH,5,20210226,091000,14,14,13.95,14,600,0
JRH,5,20210226,091500,14.05,14.05,14.05,14.05,500,0
JRH,5,20210226,093500,14.05,14.05,14.05,14.05,136,0
JRH,5,20210226,100500,14.05,14.15,14.05,14.15,61,0
JRH,5,20210226,101500,14.15,14.15,14.15,14.15,6,0
JRH,5,20210226,102000,14.15,14.15,14.15,14.15,58,0
JRH,5,20210226,103000,14.05,14.05,14,14,2000,0
JRH,5,20210226,105000,14,14,14,14,75,0
JRH,5,20210226,105500,14,14,13.95,13.95,55,0
JRH,5,20210226,112000,14.1,14.1,14.1,14.1,16,0
JRH,5,20210226,112500,14.1,14.1,14.1,14.1,75,0
JRH,5,20210226,114500,14,14,14,14,109,0
JRH,5,20210226,120500,14.1,14.1,14.1,14.1,100,0
JRH,5,20210226,121500,14,14,14,14,431,0
JRH,5,20210226,122500,14.1,14.1,14.1,14.1,25,0
JRH,5,20210226,124500,14,14,14,14,300,0
JRH,5,20210226,125500,14.1,14.1,14.1,14.1,100,0
JRH,5,20210226,133000,14,14,14,14,180,0
JRH,5,20210226,141000,14.1,14.1,14.1,14.1,10,0
JRH,5,20210226,152000,13.95,13.95,13.7,13.75,1891,0
JRH,5,20210226,152500,13.75,14.15,13.75,14.15,615,0
JRH,5,20210226,153500,13.8,13.8,13.8,13.8,9,0
JRH,5,20210226,154000,14.1,14.1,14.1,14.1,28,0
JRH,5,20210226,155500,14.1,14.1,14.1,14.1,50,0
JRH,5,20210226,160000,14,14,14,14,184,0
JRH,5,20210226,162000,13.9,13.9,13.9,13.9,50,0
JRH,5,20210226,162500,13.9,13.9,13.9,13.9,11,0
JRH,5,20210301,090000,14.25,14.25,14.25,14.25,370,0
JRH,5,20210301,090500,14.25,14.25,14.25,14.25,70,0
JRH,5,20210301,091000,14.05,14.05,14.05,14.05,50,0
JRH,5,20210301,092500,14.25,14.3,14.25,14.3,200,0
JRH,5,20210301,094500,14.1,14.1,14.1,14.1,300,0
JRH,5,20210301,100000,14.1,14.1,14.1,14.1,51,0
JRH,5,20210301,102000,14.05,14.05,14.05,14.05,71,0
JRH,5,20210301,103000,14.1,14.1,14.1,14.1,150,0
JRH,5,20210301,103500,14.1,14.1,14.05,14.05,200,0
JRH,5,20210301,113500,14.1,14.1,14.1,14.1,72,0
JRH,5,20210301,121500,14.05,14.05,14.05,14.05,265,0
JRH,5,20210301,123500,14.05,14.05,14.05,14.05,298,0
JRH,5,20210301,124000,14.1,14.1,14.1,14.1,72,0
JRH,5,20210301,125000,14.15,14.15,14.15,14.15,99,0
JRH,5,20210301,133000,14,14,14,14,35,0
JRH,5,20210301,133500,14.15,14.15,14.15,14.15,200,0
JRH,5,20210301,134000,14,14,14,14,563,0
JRH,5,20210301,135500,14,14,14,14,1,0
JRH,5,20210301,140000,14.15,14.15,14.15,14.15,14,0
JRH,5,20210301,152500,14,14.1,13.95,14.1,315,0
JRH,5,20210301,153500,13.95,13.95,13.95,13.95,90,0
JRH,5,20210301,160500,14.1,14.1,14.1,14.1,50,0
JRH,5,20210302,090000,14.15,14.15,14.15,14.15,32,0
JRH,5,20210302,091000,13.95,13.95,13.95,13.95,1000,0
JRH,5,20210302,091500,14.15,14.15,14.15,14.15,10,0
JRH,5,20210302,094500,14.15,14.15,14.15,14.15,90,0
JRH,5,20210302,100000,14,14,14,14,8,0
JRH,5,20210302,100500,14.2,14.2,14.2,14.2,50,0
JRH,5,20210302,111500,14,14,14,14,500,0
JRH,5,20210302,120500,14.05,14.05,14.05,14.05,63,0
JRH,5,20210302,122500,14.2,14.2,14.2,14.2,8,0
JRH,5,20210302,132500,14.2,14.2,14.2,14.2,162,0
JRH,5,20210302,135500,14.1,14.1,14,14,830,0
JRH,5,20210302,144500,14,14,14,14,500,0
JRH,5,20210302,145000,14,14,14,14,100,0
JRH,5,20210302,151000,14.2,14.2,14.2,14.2,11,0
JRH,5,20210302,152000,14,14,14,14,10,0
JRH,5,20210302,153500,14,14,14,14,587,0
JRH,5,20210302,161000,13.95,13.95,13.95,13.95,60,0
JRH,5,20210302,162500,14,14,14,14,13,0
JRH,5,20210302,164000,14.1,14.1,14.1,14.1,50,0
JRH,5,20210302,164500,14.2,14.2,14.2,14.2,200,0
JRH,5,20210303,090000,14.25,14.25,14.1,14.1,455,0
JRH,5,20210303,090500,14.1,14.1,14.1,14.1,50,0
JRH,5,20210303,091000,14.1,14.1,14,14,100,0
JRH,5,20210303,092500,14.1,14.1,14,14,250,0
JRH,5,20210303,093000,14,14,14,14,145,0
JRH,5,20210303,095000,14.15,14.15,14.15,14.15,36,0
JRH,5,20210303,095500,14.15,14.15,14.15,14.15,14,0
JRH,5,20210303,100000,14.2,14.25,14.2,14.25,363,0
JRH,5,20210303,101500,14.1,14.1,14.1,14.1,250,0
JRH,5,20210303,103000,14,14.05,14,14.05,54,0
JRH,5,20210303,104000,14.05,14.05,14.05,14.05,150,0
JRH,5,20210303,115000,14,14,13.95,13.95,994,0
JRH,5,20210303,115500,13.9,13.9,13.9,13.9,125,0
JRH,5,20210303,121000,13.9,13.9,13.9,13.9,324,0
JRH,5,20210303,124500,13.8,13.8,13.75,13.75,627,0
JRH,5,20210303,132000,13.8,13.8,13.75,13.75,250,0
JRH,5,20210303,132500,13.8,13.8,13.8,13.8,50,0
JRH,5,20210303,140500,13.8,13.8,13.8,13.8,100,0
JRH,5,20210303,145000,13.8,13.8,13.8,13.8,24,0
JRH,5,20210303,145500,13.75,13.75,13.65,13.65,1559,0
JRH,5,20210303,150500,13.8,13.8,13.8,13.8,50,0
JRH,5,20210303,153000,13.8,13.8,13.7,13.7,627,0
JRH,5,20210303,153500,13.7,13.7,13.7,13.7,93,0
JRH,5,20210303,154000,13.7,13.7,13.7,13.7,100,0
JRH,5,20210303,154500,13.7,13.7,13.65,13.65,200,0
JRH,5,20210303,155500,13.65,13.65,13.65,13.65,396,0
JRH,5,20210303,160000,13.65,13.65,13.65,13.65,200,0
JRH,5,20210303,162000,13.65,13.65,13.65,13.65,500,0
JRH,5,20210303,162500,13.85,13.85,13.85,13.85,16,0
JRH,5,20210304,090000,13.9,13.9,13.6,13.6,2721,0
JRH,5,20210304,090500,13.6,13.6,13.6,13.6,500,0
JRH,5,20210304,091000,13.6,13.6,13.6,13.6,1934,0
JRH,5,20210304,093500,13.6,13.6,13.6,13.6,250,0
JRH,5,20210304,100000,13.9,13.9,13.9,13.9,8,0
JRH,5,20210304,100500,13.9,13.9,13.9,13.9,71,0
JRH,5,20210304,102500,13.9,13.9,13.9,13.9,1,0
JRH,5,20210304,103000,14,14,14,14,50,0
JRH,5,20210304,105500,13.9,13.9,13.6,13.6,158,0
JRH,5,20210304,111500,13.6,13.6,13.6,13.6,150,0
JRH,5,20210304,125000,13.7,13.7,13.7,13.7,64,0
JRH,5,20210304,141000,13.85,13.85,13.85,13.85,100,0
JRH,5,20210304,150500,13.9,13.95,13.9,13.95,117,0
JRH,5,20210304,152500,13.95,13.95,13.95,13.95,50,0
JRH,5,20210304,160000,13.8,13.8,13.65,13.65,718,0
JRH,5,20210304,160500,13.6,13.6,13.6,13.6,120,0
JRH,5,20210304,161500,13.6,13.6,13.6,13.6,282,0
JRH,5,20210304,162000,13.95,13.95,13.95,13.95,9,0
JRH,5,20210304,163000,13.6,13.9,13.6,13.9,682,0
JRH,5,20210305,090000,13.9,13.9,13.9,13.9,300,0
JRH,5,20210305,094500,13.7,13.7,13.7,13.7,170,0
JRH,5,20210305,095000,13.6,13.6,13.6,13.6,280,0
JRH,5,20210305,100000,13.9,13.9,13.9,13.9,1,0
JRH,5,20210305,103000,13.9,13.9,13.9,13.9,219,0
JRH,5,20210305,111500,13.9,13.95,13.9,13.95,100,0
JRH,5,20210305,123500,13.9,13.9,13.9,13.9,96,0
JRH,5,20210305,125500,13.9,13.9,13.9,13.9,28,0
JRH,5,20210305,150500,13.8,13.8,13.8,13.8,50,0
JRH,5,20210305,161000,13.8,13.8,13.75,13.75,180,0
JRH,5,20210305,161500,13.9,13.9,13.9,13.9,11,0
JRH,5,20210305,162500,13.7,13.7,13.7,13.7,365,0
JRH,5,20210305,164500,13.75,13.75,13.75,13.75,300,0
JRH,5,20210308,090000,13.9,13.9,13.9,13.9,193,0
JRH,5,20210308,095500,13.75,13.75,13.75,13.75,150,0
JRH,5,20210308,100500,13.75,13.85,13.75,13.85,146,0
JRH,5,20210308,102500,13.75,13.75,13.75,13.75,70,0
JRH,5,20210308,105500,13.9,13.9,13.9,13.9,107,0
JRH,5,20210308,124500,13.9,13.9,13.9,13.9,125,0
JRH,5,20210308,131500,13.9,13.9,13.9,13.9,225,0
JRH,5,20210308,132500,13.9,13.9,13.9,13.9,79,0
JRH,5,20210308,134000,13.95,13.95,13.95,13.95,20,0
JRH,5,20210308,143500,13.95,13.95,13.95,13.95,100,0
JRH,5,20210308,151000,13.9,13.9,13.9,13.9,180,0
JRH,5,20210308,154500,13.85,13.85,13.8,13.8,225,0
JRH,5,20210308,155500,13.9,13.9,13.9,13.9,40,0
JRH,5,20210308,160000,13.9,13.9,13.75,13.75,150,0
JRH,5,20210308,164500,13.95,13.95,13.95,13.95,3,0
JRH,5,20210309,090000,13.95,13.95,13.95,13.95,50,0
JRH,5,20210309,090500,13.8,13.8,13.7,13.7,1001,0
JRH,5,20210309,092500,13.7,13.7,13.65,13.65,3000,0
JRH,5,20210309,094000,13.7,13.7,13.6,13.6,314,0
JRH,5,20210309,095500,13.55,13.55,13.55,13.55,133,0
JRH,5,20210309,100000,13.55,13.55,13.55,13.55,553,0
JRH,5,20210309,100500,13.55,13.55,13.55,13.55,4,0
JRH,5,20210309,102000,13.6,13.6,13.6,13.6,73,0
JRH,5,20210309,102500,13.6,13.6,13.55,13.55,2477,0
JRH,5,20210309,103500,13.6,13.6,13.55,13.55,823,0
JRH,5,20210309,105000,13.55,13.55,13.55,13.55,130,0
JRH,5,20210309,111500,13.9,13.9,13.9,13.9,23,0
JRH,5,20210309,114000,13.9,13.9,13.9,13.9,41,0
JRH,5,20210309,114500,13.9,13.9,13.9,13.9,10,0
JRH,5,20210309,115000,13.65,13.65,13.65,13.65,84,0
JRH,5,20210309,120500,13.65,13.65,13.65,13.65,12,0
JRH,5,20210309,123500,13.65,13.65,13.65,13.65,66,0
JRH,5,20210309,124000,13.85,13.85,13.85,13.85,16,0
JRH,5,20210309,130500,13.65,13.65,13.6,13.6,278,0
JRH,5,20210309,131500,13.55,13.55,13.4,13.4,1284,0
JRH,5,20210309,132000,13.45,13.45,13.45,13.45,138,0
JRH,5,20210309,132500,13.4,13.4,13.4,13.4,3754,0
JRH,5,20210309,134500,13.6,13.6,13.5,13.5,332,0
JRH,5,20210309,144000,13.6,13.6,13.6,13.6,63,0
JRH,5,20210309,144500,13.8,13.8,13.8,13.8,10,0
JRH,5,20210309,150000,13.8,13.8,13.8,13.8,250,0
JRH,5,20210309,151000,13.9,13.9,13.9,13.9,17,0
JRH,5,20210309,155500,13.6,13.6,13.6,13.6,150,0
JRH,5,20210309,162000,13.9,13.9,13.9,13.9,12,0
JRH,5,20210310,090500,13.9,13.9,13.9,13.9,31,0
JRH,5,20210310,092000,13.8,13.8,13.8,13.8,10,0
JRH,5,20210310,100500,13.7,13.7,13.7,13.7,300,0
JRH,5,20210310,102000,13.7,13.7,13.7,13.7,290,0
JRH,5,20210310,112000,13.75,13.9,13.75,13.9,73,0
JRH,5,20210310,114500,13.9,13.9,13.9,13.9,300,0
JRH,5,20210310,115500,13.9,13.9,13.9,13.9,316,0
JRH,5,20210310,121500,13.9,13.9,13.8,13.8,404,0
JRH,5,20210310,135000,13.9,13.9,13.9,13.9,101,0
JRH,5,20210310,144500,13.75,13.75,13.7,13.7,100,0
JRH,5,20210310,154500,13.75,13.75,13.75,13.75,50,0
JRH,5,20210310,160500,13.9,13.9,13.9,13.9,14,0
JRH,5,20210310,164500,13.9,13.9,13.9,13.9,15,0
JRH,5,20210311,090500,13.9,13.9,13.9,13.9,200,0
JRH,5,20210311,093500,13.9,13.9,13.9,13.9,71,0
JRH,5,20210311,094000,13.85,13.85,13.85,13.85,52,0
JRH,5,20210311,101000,13.8,13.8,13.8,13.8,699,0
JRH,5,20210311,102500,13.8,13.8,13.7,13.7,1300,0
JRH,5,20210311,110000,13.7,13.7,13.7,13.7,132,0
JRH,5,20210311,111500,13.7,13.7,13.7,13.7,252,0
JRH,5,20210311,114000,13.65,13.65,13.65,13.65,550,0
JRH,5,20210311,114500,13.6,13.6,13.6,13.6,200,0
JRH,5,20210311,115000,13.6,13.6,13.6,13.6,66,0
JRH,5,20210311,124500,13.7,13.7,13.55,13.55,375,0
JRH,5,20210311,125500,13.55,13.55,13.55,13.55,133,0
JRH,5,20210311,130000,13.55,13.55,13.55,13.55,39,0
JRH,5,20210311,130500,13.6,13.6,13.6,13.6,500,0
JRH,5,20210311,132000,13.85,13.85,13.85,13.85,50,0
JRH,5,20210311,134500,13.85,13.85,13.85,13.85,100,0
JRH,5,20210311,141500,13.85,13.85,13.85,13.85,30,0
JRH,5,20210311,152500,13.85,13.85,13.85,13.85,300,0
JRH,5,20210311,153000,13.85,13.9,13.85,13.9,500,0
JRH,5,20210311,153500,13.9,13.9,13.9,13.9,14,0
JRH,5,20210311,162000,13.95,13.95,13.95,13.95,4,0
JRH,5,20210311,162500,13.95,14,13.95,14,500,0
JRH,5,20210311,163500,13.9,13.9,13.9,13.9,86,0
JRH,5,20210311,164500,14,14,14,14,20,0
JRH,5,20210312,090000,14,14,14,14,100,0
JRH,5,20210312,093000,14,14,13.75,13.75,2170,0
JRH,5,20210312,093500,13.6,13.6,13.6,13.6,500,0
JRH,5,20210312,094500,13.6,13.6,13.6,13.6,300,0
JRH,5,20210312,095000,13.7,13.75,13.7,13.75,150,0
JRH,5,20210312,095500,13.75,13.75,13.75,13.75,30,0
JRH,5,20210312,100500,13.75,13.75,13.75,13.75,30,0
JRH,5,20210312,102000,13.75,13.75,13.75,13.75,450,0
JRH,5,20210312,102500,13.75,13.75,13.75,13.75,500,0
JRH,5,20210312,104500,13.75,13.75,13.75,13.75,1000,0
JRH,5,20210312,105000,13.75,13.75,13.65,13.65,88,0
JRH,5,20210312,110500,13.65,13.65,13.65,13.65,500,0
JRH,5,20210312,111000,13.7,13.7,13.7,13.7,38,0
JRH,5,20210312,113000,13.85,13.95,13.85,13.95,480,0
JRH,5,20210312,113500,14,14,14,14,679,0
JRH,5,20210312,115000,14,14,14,14,120,0
JRH,5,20210312,115500,13.85,13.85,13.85,13.85,500,0
JRH,5,20210312,121500,13.75,13.75,13.5,13.5,2000,0
JRH,5,20210312,124500,13.85,13.85,13.85,13.85,200,0
JRH,5,20210312,135500,13.9,13.9,13.9,13.9,100,0
JRH,5,20210312,141000,13.65,13.65,13.65,13.65,37,0
JRH,5,20210312,141500,13.65,13.65,13.65,13.65,13,0
JRH,5,20210312,144000,13.9,13.9,13.9,13.9,100,0
JRH,5,20210312,150500,13.9,13.9,13.9,13.9,200,0
JRH,5,20210312,164500,13.8,13.8,13.8,13.8,80,0
JRH,5,20210315,090000,13.95,13.95,13.95,13.95,426,0
JRH,5,20210315,091000,13.95,13.95,13.95,13.95,15,0
JRH,5,20210315,091500,13.9,13.9,13.9,13.9,150,0
JRH,5,20210315,092000,13.8,13.8,13.8,13.8,20,0
JRH,5,20210315,092500,13.9,13.9,13.9,13.9,150,0
JRH,5,20210315,093000,13.9,13.9,13.9,13.9,150,0
JRH,5,20210315,093500,13.9,13.95,13.9,13.95,385,0
JRH,5,20210315,094500,14,14.05,14,14.05,400,0
JRH,5,20210315,100000,13.85,13.85,13.85,13.85,100,0
JRH,5,20210315,102000,13.9,13.9,13.9,13.9,359,0
JRH,5,20210315,103000,13.85,13.85,13.85,13.85,28,0
JRH,5,20210315,103500,13.85,13.85,13.85,13.85,172,0
JRH,5,20210315,104500,13.85,13.85,13.85,13.85,100,0
JRH,5,20210315,111000,13.85,13.85,13.85,13.85,70,0
JRH,5,20210315,111500,13.8,13.8,13.8,13.8,70,0
JRH,5,20210315,112000,13.85,13.85,13.85,13.85,100,0
JRH,5,20210315,115500,13.85,13.85,13.85,13.85,730,0
JRH,5,20210315,121000,13.85,13.85,13.5,13.5,2853,0
JRH,5,20210315,121500,13.75,13.75,13.75,13.75,27,0
JRH,5,20210315,135000,13.75,13.75,13.75,13.75,108,0
JRH,5,20210315,140500,13.65,13.65,13.65,13.65,140,0
JRH,5,20210315,142000,13.85,13.85,13.65,13.65,63,0
JRH,5,20210315,143000,13.6,13.6,13.6,13.6,140,0
JRH,5,20210315,152000,13.85,13.85,13.85,13.85,1,0
JRH,5,20210315,153500,13.7,13.7,13.7,13.7,835,0
JRH,5,20210315,154000,13.85,13.85,13.85,13.85,6,0
JRH,5,20210315,160000,13.7,13.7,13.7,13.7,41,0
JRH,5,20210315,160500,13.7,13.85,13.7,13.85,81,0
JRH,5,20210315,164000,13.85,13.85,13.85,13.85,100,0
JRH,5,20210316,090000,13.85,13.85,13.85,13.85,237,0
JRH,5,20210316,090500,13.85,14.1,13.85,14.1,219,0
JRH,5,20210316,094500,13.8,13.8,13.8,13.8,40,0
JRH,5,20210316,095000,13.75,13.75,13.75,13.75,160,0
JRH,5,20210316,095500,13.7,13.7,13.7,13.7,800,0
JRH,5,20210316,100000,13.7,13.7,13.7,13.7,50,0
JRH,5,20210316,101500,13.7,13.7,13.65,13.65,56,0
JRH,5,20210316,102500,13.65,13.65,13.6,13.6,500,0
JRH,5,20210316,103500,13.8,13.8,13.8,13.8,22,0
JRH,5,20210316,104500,13.65,13.65,13.65,13.65,150,0
JRH,5,20210316,105000,13.6,13.6,13.6,13.6,1350,0
JRH,5,20210316,105500,13.75,13.75,13.75,13.75,9,0
JRH,5,20210316,121000,13.65,13.65,13.6,13.6,290,0
JRH,5,20210316,122000,13.6,13.7,13.6,13.7,100,0
JRH,5,20210316,131000,13.7,13.7,13.7,13.7,30,0
JRH,5,20210316,131500,13.7,13.75,13.7,13.75,100,0
JRH,5,20210316,133500,13.65,13.65,13.65,13.65,145,0
JRH,5,20210316,141000,13.75,13.8,13.75,13.8,35,0
JRH,5,20210316,141500,13.8,13.8,13.8,13.8,99,0
JRH,5,20210316,143000,13.65,13.65,13.65,13.65,27,0
JRH,5,20210316,145000,13.65,13.65,13.65,13.65,1628,0
JRH,5,20210316,145500,13.6,13.6,13.6,13.6,45,0
JRH,5,20210316,151000,13.6,13.6,13.6,13.6,100,0
JRH,5,20210316,152000,13.65,13.65,13.6,13.6,805,0
JRH,5,20210316,153000,13.6,13.6,13.6,13.6,70,0
JRH,5,20210316,155000,13.55,13.55,13.55,13.55,150,0
JRH,5,20210316,161500,13.6,13.6,13.6,13.6,30,0
JRH,5,20210316,162500,13.6,13.6,13.6,13.6,170,0
JRH,5,20210316,163500,13.6,13.6,13.6,13.6,50,0
JRH,5,20210317,090000,13.6,13.85,13.6,13.85,759,0
JRH,5,20210317,090500,13.85,13.85,13.85,13.85,7,0
JRH,5,20210317,091500,13.6,13.6,13.6,13.6,100,0
JRH,5,20210317,092000,13.8,13.8,13.8,13.8,25,0
JRH,5,20210317,092500,13.8,14.1,13.8,14.1,2842,0
JRH,5,20210317,093000,14,14,14,14,400,0
JRH,5,20210317,095000,13.7,13.7,13.7,13.7,160,0
JRH,5,20210317,095500,13.7,13.7,13.7,13.7,1229,0
JRH,5,20210317,102000,13.65,13.65,13.65,13.65,300,0
JRH,5,20210317,102500,13.6,13.6,13.6,13.6,300,0
JRH,5,20210317,110500,13.8,13.9,13.8,13.9,1000,0
JRH,5,20210317,111000,13.9,13.9,13.9,13.9,50,0
JRH,5,20210317,114000,13.9,13.9,13.9,13.9,250,0
JRH,5,20210317,120000,13.7,13.9,13.7,13.9,1100,0
JRH,5,20210317,121000,13.7,13.7,13.6,13.6,1574,0
JRH,5,20210317,122000,13.65,13.65,13.65,13.65,880,0
JRH,5,20210317,123500,13.65,13.65,13.65,13.65,1336,0
JRH,5,20210317,124500,13.6,13.6,13.6,13.6,1000,0
JRH,5,20210317,125000,13.6,13.6,13.6,13.6,1,0
JRH,5,20210317,131500,13.8,13.95,13.8,13.95,5000,0
JRH,5,20210317,141500,13.75,13.75,13.75,13.75,100,0
JRH,5,20210317,143000,13.65,13.65,13.65,13.65,150,0
JRH,5,20210317,144000,13.65,13.65,13.65,13.65,100,0
JRH,5,20210317,152000,13.65,13.65,13.6,13.6,700,0
JRH,5,20210317,152500,13.6,13.6,13.55,13.55,6566,0
JRH,5,20210317,153500,13.6,13.6,13.6,13.6,230,0
JRH,5,20210317,154000,13.55,13.55,13.55,13.55,260,0
JRH,5,20210317,161500,13.6,13.6,13.6,13.6,50,0
JRH,5,20210318,090000,13.6,13.9,13.6,13.9,343,0
JRH,5,20210318,091500,13.55,13.55,13.55,13.55,103,0
JRH,5,20210318,103500,13.65,13.65,13.65,13.65,20,0
JRH,5,20210318,104500,13.65,13.65,13.65,13.65,150,0
JRH,5,20210318,105500,13.55,13.55,13.55,13.55,2500,0
JRH,5,20210318,111500,13.65,13.65,13.65,13.65,25,0
JRH,5,20210318,112000,13.65,13.65,13.5,13.5,2000,0
JRH,5,20210318,112500,13.5,13.5,13.5,13.5,200,0
JRH,5,20210318,123000,13.75,13.75,13.75,13.75,50,0
JRH,5,20210318,130000,13.6,13.6,13.6,13.6,100,0
JRH,5,20210318,131500,13.8,13.8,13.8,13.8,120,0
JRH,5,20210318,132000,13.8,13.8,13.8,13.8,80,0
JRH,5,20210318,144500,13.55,13.55,13.55,13.55,100,0
JRH,5,20210318,145000,13.6,13.6,13.5,13.5,517,0
JRH,5,20210318,150500,13.5,13.5,13.45,13.45,195,0
JRH,5,20210318,153000,13.75,13.75,13.75,13.75,17,0
JRH,5,20210318,153500,13.75,13.8,13.75,13.8,1500,0
JRH,5,20210318,155000,13.55,13.55,13.55,13.55,150,0
JRH,5,20210318,162000,13.8,13.8,13.8,13.8,17,0
JRH,5,20210318,162500,13.8,13.8,13.8,13.8,100,0
JRH,5,20210318,164500,13.8,13.8,13.8,13.8,58,0
JRH,5,20210319,090000,13.85,13.9,13.85,13.9,448,0
JRH,5,20210319,090500,13.9,13.9,13.9,13.9,400,0
JRH,5,20210319,091000,13.9,13.9,13.9,13.9,110,0
JRH,5,20210319,092500,13.65,13.65,13.65,13.65,215,0
JRH,5,20210319,093000,13.9,13.9,13.9,13.9,72,0
JRH,5,20210319,095000,13.8,13.8,13.8,13.8,1000,0
JRH,5,20210319,095500,13.85,13.9,13.8,13.8,1900,0
JRH,5,20210319,100000,13.8,13.8,13.6,13.6,80,0
JRH,5,20210319,101500,13.9,13.9,13.9,13.9,100,0
JRH,5,20210319,102000,13.9,13.9,13.9,13.9,300,0
JRH,5,20210319,102500,13.85,13.95,13.85,13.95,205,0
JRH,5,20210319,103000,13.9,13.9,13.9,13.9,114,0
JRH,5,20210319,110500,13.75,13.75,13.75,13.75,60,0
JRH,5,20210319,111500,13.9,13.9,13.9,13.9,61,0
JRH,5,20210319,125500,13.8,13.8,13.8,13.8,50,0
JRH,5,20210319,134000,13.8,13.8,13.8,13.8,148,0
JRH,5,20210319,135000,13.85,13.85,13.85,13.85,75,0
JRH,5,20210319,154500,13.85,13.85,13.85,13.85,266,0
JRH,5,20210319,155000,13.75,13.75,13.75,13.75,85,0
JRH,5,20210319,155500,13.9,13.9,13.9,13.9,3,0
JRH,5,20210319,161000,13.75,13.9,13.7,13.9,84,0
JRH,5,20210322,090000,13.6,13.85,13.6,13.85,350,0
JRH,5,20210322,091000,13.85,13.85,13.85,13.85,250,0
JRH,5,20210322,091500,13.85,13.85,13.85,13.85,10,0
JRH,5,20210322,092000,13.85,13.9,13.85,13.9,141,0
JRH,5,20210322,094000,13.85,13.85,13.85,13.85,150,0
JRH,5,20210322,102000,13.8,13.8,13.8,13.8,35,0
JRH,5,20210322,104000,13.8,13.8,13.8,13.8,15,0
JRH,5,20210322,104500,13.85,13.85,13.85,13.85,349,0
JRH,5,20210322,111000,13.85,13.9,13.85,13.9,21,0
JRH,5,20210322,114000,13.9,13.9,13.9,13.9,25,0
JRH,5,20210322,115500,13.9,13.9,13.9,13.9,15,0
JRH,5,20210322,120500,13.85,13.85,13.85,13.85,10,0
JRH,5,20210322,134000,13.75,13.75,13.75,13.75,100,0
JRH,5,20210322,141500,13.8,13.8,13.8,13.8,10,0
JRH,5,20210322,142000,13.8,13.8,13.7,13.7,183,0
JRH,5,20210322,142500,13.7,13.7,13.7,13.7,7,0
JRH,5,20210322,145000,13.85,13.9,13.85,13.9,359,0
JRH,5,20210322,152000,13.75,13.75,13.75,13.75,8,0
JRH,5,20210322,153000,13.7,13.7,13.7,13.7,20,0
JRH,5,20210322,153500,13.7,13.7,13.7,13.7,20,0
JRH,5,20210322,155000,13.7,13.7,13.65,13.65,70,0
JRH,5,20210322,163000,13.75,13.75,13.75,13.75,4,0
JRH,5,20210322,164000,13.75,13.9,13.75,13.9,1440,0
JRH,5,20210323,090000,13.9,13.9,13.9,13.9,195,0
JRH,5,20210323,090500,13.9,13.9,13.85,13.85,239,0
JRH,5,20210323,092000,13.8,13.8,13.8,13.8,280,0
JRH,5,20210323,094000,13.85,13.9,13.85,13.9,1042,0
JRH,5,20210323,094500,13.9,13.9,13.9,13.9,100,0
JRH,5,20210323,095500,13.9,13.9,13.9,13.9,20,0
JRH,5,20210323,102500,13.8,13.8,13.7,13.7,400,0
JRH,5,20210323,103500,13.7,13.7,13.7,13.7,322,0
JRH,5,20210323,111000,13.7,13.7,13.7,13.7,39,0
JRH,5,20210323,111500,13.7,13.7,13.7,13.7,1050,0
JRH,5,20210323,112000,13.7,13.7,13.7,13.7,100,0
JRH,5,20210323,114500,13.7,13.7,13.7,13.7,200,0
JRH,5,20210323,115000,13.85,13.85,13.85,13.85,45,0
JRH,5,20210323,120500,13.85,13.85,13.85,13.85,298,0
JRH,5,20210323,123000,13.85,13.9,13.85,13.9,550,0
JRH,5,20210323,131000,13.7,13.7,13.7,13.7,36,0
JRH,5,20210323,131500,13.7,13.8,13.7,13.8,275,0
JRH,5,20210323,135000,13.65,13.8,13.65,13.8,330,0
JRH,5,20210323,140000,13.8,13.8,13.8,13.8,200,0
JRH,5,20210323,142500,13.8,13.9,13.8,13.9,119,0
JRH,5,20210323,144500,13.85,13.85,13.85,13.85,100,0
JRH,5,20210323,145000,13.85,13.85,13.85,13.85,80,0
JRH,5,20210323,150500,13.8,13.8,13.8,13.8,21,0
JRH,5,20210323,153500,13.8,13.8,13.8,13.8,42,0
JRH,5,20210323,154500,13.8,13.8,13.65,13.65,500,0
JRH,5,20210323,162000,13.8,13.8,13.8,13.8,46,0
JRH,5,20210324,091000,13.75,13.75,13.7,13.7,150,0
JRH,5,20210324,091500,13.65,13.65,13.55,13.55,1631,0
JRH,5,20210324,092500,13.6,13.6,13.6,13.6,475,0
JRH,5,20210324,095500,13.7,13.7,13.65,13.65,385,0
JRH,5,20210324,101000,13.6,13.6,13.6,13.6,218,0
JRH,5,20210324,101500,13.6,13.6,13.5,13.55,300,0
JRH,5,20210324,102000,13.5,13.5,13.5,13.5,300,0
JRH,5,20210324,103000,13.8,13.8,13.8,13.8,54,0
JRH,5,20210324,103500,13.55,13.55,13.55,13.55,98,0
JRH,5,20210324,112500,13.55,13.55,13.55,13.55,173,0
JRH,5,20210324,115000,13.6,13.6,13.55,13.55,230,0
JRH,5,20210324,125500,13.65,13.65,13.65,13.65,300,0
JRH,5,20210324,131000,13.65,13.65,13.65,13.65,80,0
JRH,5,20210324,132500,13.65,13.65,13.65,13.65,190,0
JRH,5,20210324,141000,13.75,13.75,13.75,13.75,600,0
JRH,5,20210324,153500,13.65,13.65,13.65,13.65,9,0
JRH,5,20210324,154500,13.55,13.55,13.55,13.55,101,0
JRH,5,20210324,162500,13.55,13.55,13.5,13.5,329,0
JRH,5,20210324,163000,13.5,13.5,13.5,13.5,400,0
JRH,5,20210324,164000,13.5,13.5,13.5,13.5,80,0
JRH,5,20210325,090000,13.65,13.65,13.65,13.65,100,0
JRH,5,20210325,093000,13.55,13.55,13.45,13.45,1016,0
JRH,5,20210325,093500,13.65,13.65,13.65,13.65,50,0
JRH,5,20210325,094000,13.7,13.7,13.7,13.7,150,0
JRH,5,20210325,100000,13.55,13.55,13.4,13.4,222,0
JRH,5,20210325,103000,13.7,13.7,13.7,13.7,3,0
JRH,5,20210325,105500,13.45,13.45,13.45,13.45,350,0
JRH,5,20210325,113500,13.4,13.4,13.4,13.4,100,0
JRH,5,20210325,115000,13.45,13.45,13.45,13.45,119,0
JRH,5,20210325,120500,13.4,13.4,13.4,13.4,283,0
JRH,5,20210325,121000,13.4,13.4,13.4,13.4,60,0
JRH,5,20210325,121500,13.4,13.45,13.4,13.45,440,0
JRH,5,20210325,122000,13.35,13.35,13.3,13.35,336,0
JRH,5,20210325,122500,13.35,13.35,13.35,13.35,107,0
JRH,5,20210325,132000,13.3,13.3,13.3,13.3,40,0
JRH,5,20210325,135500,13.3,13.3,13.3,13.3,75,0
JRH,5,20210325,140000,13.3,13.3,13.3,13.3,110,0
JRH,5,20210325,141500,13.3,13.35,13.3,13.35,298,0
JRH,5,20210325,150500,13.45,13.45,13.45,13.45,6,0
JRH,5,20210325,151000,13.45,13.45,13.45,13.45,24,0
JRH,5,20210325,160000,13.35,13.35,13.35,13.35,71,0
JRH,5,20210325,165500,13.65,13.65,13.65,13.65,60,0
JRH,5,20210326,090500,13.6,13.6,13.6,13.6,100,0
JRH,5,20210326,091000,13.65,13.65,13.65,13.65,100,0
JRH,5,20210326,091500,13.6,13.6,13.6,13.6,220,0
JRH,5,20210326,092500,13.6,13.6,13.35,13.6,469,0
JRH,5,20210326,101500,13.35,13.35,13.35,13.35,182,0
JRH,5,20210326,102500,13.45,13.45,13.4,13.4,150,0
JRH,5,20210326,104500,13.55,13.55,13.55,13.55,38,0
JRH,5,20210326,111000,13.35,13.35,13.35,13.35,170,0
JRH,5,20210326,122500,13.55,13.6,13.55,13.6,200,0
JRH,5,20210326,134000,13.6,13.6,13.6,13.6,500,0
JRH,5,20210326,145500,13.6,13.65,13.6,13.65,600,0
JRH,5,20210326,151500,13.55,13.55,13.55,13.55,121,0
JRH,5,20210326,153500,13.5,13.5,13.5,13.5,300,0
JRH,5,20210326,155500,13.65,13.75,13.65,13.75,1400,0
JRH,5,20210326,162500,13.7,13.75,13.7,13.75,800,0
