<TICKER>,<PER>,<DATE>,<TIME>,<OPEN>,<HIGH>,<LOW>,<CLOSE>,<VOL>,<OPENINT>
K2P,5,20210222,110000,21,24,21,23.78,10761,0
K2P,5,20210222,110500,22.3,24.58,22.3,24.3,3512,0
K2P,5,20210222,111000,24.3,28,24,27.5,3196,0
K2P,5,20210222,111500,26.5,27,24.22,26,712,0
K2P,5,20210222,112000,26,26.8,25.9,26.6,372,0
K2P,5,20210222,112500,25.52,26.5,25.5,25.5,460,0
K2P,5,20210222,113000,26,26,25.02,25.78,485,0
K2P,5,20210222,113500,25.98,26.3,25.98,26.3,427,0
K2P,5,20210222,114000,26.35,26.5,26,26.49,680,0
K2P,5,20210222,114500,26.39,26.45,25.55,25.55,172,0
K2P,5,20210222,115000,26,26.9,26,26.9,810,0
K2P,5,20210222,115500,27,28.5,27,28.5,2398,0
K2P,5,20210222,120000,28.5,28.9,28.4,28.5,564,0
K2P,5,20210222,120500,28,28,28,28,64,0
K2P,5,20210222,121000,28,28.25,26.3,28.25,456,0
K2P,5,20210222,121500,28.25,28.39,28.25,28.39,276,0
K2P,5,20210222,122000,28.4,29.9,28.39,29.9,2806,0
K2P,5,20210222,122500,29.9,30,29.9,30,2217,0
K2P,5,20210222,123000,29.99,30,29,29.9,92,0
K2P,5,20210222,123500,29.005,30,29,29.9,114,0
K2P,5,20210222,124000,29,29.895,28.5,29.895,268,0
K2P,5,20210222,124500,29.895,29.9,29.895,29.9,175,0
K2P,5,20210222,125000,29.9,30,29.9,30,659,0
K2P,5,20210222,125500,30,30,29,30,1256,0
K2P,5,20210222,130500,29.5,29.5,29.005,29.005,127,0
K2P,5,20210222,131500,28.61,28.61,28.6,28.6,59,0
K2P,5,20210222,132000,28.6,28.6,28.5,28.5,400,0
K2P,5,20210222,133500,29.4,29.45,29.4,29.45,48,0
K2P,5,20210222,134000,29.45,29.45,29.4,29.4,26,0
K2P,5,20210222,134500,29.45,29.88,29.45,29.88,499,0
K2P,5,20210222,135000,29.895,29.895,29.4,29.89,275,0
K2P,5,20210222,135500,29.89,29.89,29.89,29.89,153,0
K2P,5,20210222,140500,29.89,29.895,29.89,29.895,50,0
K2P,5,20210222,141000,29.8,29.8,29.8,29.8,50,0
K2P,5,20210222,142000,29.8,29.8,29.8,29.8,1,0
K2P,5,20210222,142500,29.5,29.5,29.5,29.5,25,0
K2P,5,20210222,143000,29.5,29.5,29.5,29.5,5,0
K2P,5,20210222,143500,29.5,29.5,29.5,29.5,100,0
K2P,5,20210222,144000,29.7,29.7,29.7,29.7,50,0
K2P,5,20210222,144500,29.7,29.7,29.5,29.5,148,0
K2P,5,20210222,145000,29.6,29.7,29.6,29.7,140,0
K2P,5,20210222,145500,29,29,29,29,60,0
K2P,5,20210222,150000,29,29.65,29,29.65,74,0
K2P,5,20210222,150500,29.65,29.65,29.65,29.65,21,0
K2P,5,20210222,151000,29.68,29.8,29.68,29.8,303,0
K2P,5,20210222,152500,29.75,29.75,29.5,29.5,37,0
K2P,5,20210222,153000,29.17,29.17,29.12,29.12,41,0
K2P,5,20210222,153500,28.7,28.7,28.7,28.7,11,0
K2P,5,20210222,154000,29.5,29.5,29.5,29.5,100,0
K2P,5,20210222,154500,29.5,30,29.5,30,5500,0
K2P,5,20210222,155000,29.9,29.9,29.5,29.5,195,0
K2P,5,20210222,155500,29.9,29.9,29.9,29.9,33,0
K2P,5,20210222,160000,29.9,29.9,29.9,29.9,2,0
K2P,5,20210222,160500,29.5,29.5,29.5,29.5,10,0
K2P,5,20210222,162000,29.7,29.7,29.7,29.7,96,0
K2P,5,20210222,163500,29.51,29.7,29.51,29.7,104,0
K2P,5,20210222,164000,29.7,29.7,29.7,29.7,100,0
K2P,5,20210222,164500,29.7,30,29.7,30,1864,0
K2P,5,20210223,090000,29.97,29.97,29,29,913,0
K2P,5,20210223,090500,28.72,28.72,28.55,28.55,53,0
K2P,5,20210223,091000,28.55,28.55,28.55,28.55,15,0
K2P,5,20210223,091500,27.3,27.3,27.3,27.3,470,0
K2P,5,20210223,092000,28.2,28.2,28.2,28.2,10,0
K2P,5,20210223,093000,28,28,27.3,27.3,54,0
K2P,5,20210223,094000,27.3,27.3,27.3,27.3,204,0
K2P,5,20210223,094500,27.3,27.3,26.5,26.51,397,0
K2P,5,20210223,095000,27.32,28,27.32,28,244,0
K2P,5,20210223,095500,26.52,26.52,26.005,26.005,191,0
K2P,5,20210223,100000,26.1,26.1,26.09,26.09,70,0
K2P,5,20210223,100500,26.1,26.1,26.1,26.1,95,0
K2P,5,20210223,101000,26.1,26.1,26.1,26.1,60,0
K2P,5,20210223,102000,26.3,26.3,26.3,26.3,60,0
K2P,5,20210223,103000,26.995,27.3,26.995,27.3,122,0
K2P,5,20210223,103500,26.53,26.53,26.3,26.3,95,0
K2P,5,20210223,104500,27,27,27,27,5,0
K2P,5,20210223,110500,26.3,27.39,26.3,27.39,161,0
K2P,5,20210223,111000,26.3,27.49,26.3,27.49,91,0
K2P,5,20210223,113500,26.33,26.33,26.33,26.33,5,0
K2P,5,20210223,114000,26.33,26.33,26.33,26.33,45,0
K2P,5,20210223,114500,26.32,27.34,26.09,26.09,419,0
K2P,5,20210223,115000,26.01,26.89,26,26.89,34,0
K2P,5,20210223,120000,26.1,26.1,26.1,26.1,5,0
K2P,5,20210223,121500,26.2,26.5,25.85,26.5,175,0
K2P,5,20210223,123500,26.29,26.49,25.45,26.49,94,0
K2P,5,20210223,124000,26.5,26.55,26.5,26.55,150,0
K2P,5,20210223,124500,26,27.28,26,27.28,116,0
K2P,5,20210223,132500,25.52,26.9,25.45,26.9,120,0
K2P,5,20210223,133000,26.9,26.9,26.9,26.9,10,0
K2P,5,20210223,140000,25.5,26.79,25.4,26.79,125,0
K2P,5,20210223,144500,26.55,26.55,26.54,26.55,21,0
K2P,5,20210223,150500,25.42,25.42,25.4,25.4,100,0
K2P,5,20210223,151000,25.45,26.4,25.4,26.4,105,0
K2P,5,20210223,155500,25.4,25.4,25.36,25.36,391,0
K2P,5,20210223,160000,25.4,25.4,25,25,1262,0
K2P,5,20210223,161000,24.11,24.11,24.1,24.1,35,0
K2P,5,20210223,161500,24.1,24.1,24.1,24.1,47,0
K2P,5,20210223,163000,25.2,25.2,25.2,25.2,7,0
K2P,5,20210223,163500,25.2,25.2,25.2,25.2,23,0
K2P,5,20210223,164500,25.005,25.7,25.005,25.69,357,0
K2P,5,20210224,090000,24.995,24.995,23.6,23.6,140,0
K2P,5,20210224,090500,23.6,24.7,23.6,24.7,17,0
K2P,5,20210224,092500,24.5,24.7,24.4,24.4,45,0
K2P,5,20210224,093000,24.7,24.7,24.7,24.7,60,0
K2P,5,20210224,094000,24.7,24.7,24.7,24.7,25,0
K2P,5,20210224,094500,24.7,24.79,24.7,24.79,25,0
K2P,5,20210224,102000,24.79,24.79,24.79,24.79,10,0
K2P,5,20210224,104500,24.005,24.005,23,23,380,0
K2P,5,20210224,105500,23.31,23.31,23.31,23.31,1,0
K2P,5,20210224,110500,23.32,24.49,23.11,23.11,175,0
K2P,5,20210224,111000,24,24,24,24,1,0
K2P,5,20210224,112000,24,24.4,24,24.4,30,0
K2P,5,20210224,113000,24.4,24.8,24.4,24.8,300,0
K2P,5,20210224,114000,24.5,24.5,24.5,24.5,39,0
K2P,5,20210224,131000,23.8,23.8,23,23,240,0
K2P,5,20210224,133000,23,23,23,23,236,0
K2P,5,20210224,135500,23.99,23.99,23.99,23.99,1,0
K2P,5,20210224,144000,23.6,23.6,23.6,23.6,22,0
K2P,5,20210224,144500,23.5,23.5,23.5,23.5,50,0
K2P,5,20210224,145500,23.02,23.02,23.02,23.02,20,0
K2P,5,20210224,150000,23.02,23.02,23.02,23.02,80,0
K2P,5,20210224,150500,23.5,23.5,23.5,23.5,2,0
K2P,5,20210224,153500,23.5,23.5,23.5,23.5,6,0
K2P,5,20210224,154000,23.88,23.88,23.88,23.88,2,0
K2P,5,20210224,160000,23.015,23.015,22.72,23,52,0
K2P,5,20210224,160500,22.72,22.72,22.72,22.72,15,0
K2P,5,20210224,161500,22.72,22.72,22.72,22.72,5,0
K2P,5,20210224,163000,23,23,23,23,2,0
K2P,5,20210224,163500,23,23,23,23,146,0
K2P,5,20210224,164000,23.2,23.2,23.2,23.2,50,0
K2P,5,20210224,164500,23.5,24.495,23.2,24.495,430,0
K2P,5,20210224,165500,24.5,24.5,24.5,24.5,100,0
K2P,5,20210225,090000,24.8,24.8,24.8,24.8,2,0
K2P,5,20210225,090500,24.8,24.8,24.8,24.8,18,0
K2P,5,20210225,091000,24.8,24.8,24.8,24.8,82,0
K2P,5,20210225,111000,24.5,24.5,24.5,24.5,5,0
K2P,5,20210225,122000,24.5,24.5,24.5,24.5,20,0
K2P,5,20210225,134500,22.85,22.85,22.85,22.85,78,0
K2P,5,20210225,140500,24.48,24.48,24.48,24.48,5,0
K2P,5,20210225,154000,24.5,24.5,24.5,24.5,153,0
K2P,5,20210225,161000,24.5,24.5,24.5,24.5,15,0
K2P,5,20210225,163500,24.495,24.495,24.495,24.495,75,0
K2P,5,20210225,164000,24.495,24.495,24.495,24.495,70,0
K2P,5,20210225,164500,24.495,24.5,24.495,24.5,205,0
K2P,5,20210226,090000,24.48,24.48,24.1,24.1,32,0
K2P,5,20210226,090500,24.48,24.48,24.48,24.48,2,0
K2P,5,20210226,123500,23.22,23.22,23.22,23.22,20,0
K2P,5,20210226,135000,23.22,23.22,23.22,23.22,49,0
K2P,5,20210226,140500,23.97,23.97,23.97,23.97,55,0
K2P,5,20210226,152000,23.5,23.5,23.5,23.5,5,0
K2P,5,20210226,152500,23.3,23.3,23.3,23.3,30,0
K2P,5,20210226,153000,23.3,23.3,23.3,23.3,14,0
K2P,5,20210301,090000,24.495,24.495,24.49,24.49,300,0
K2P,5,20210301,102000,23.25,23.25,23.25,23.25,99,0
K2P,5,20210301,105000,24,24,24,24,1,0
K2P,5,20210301,111000,23.26,23.26,23.26,23.26,11,0
K2P,5,20210301,111500,23.84,23.84,23.84,23.84,1,0
K2P,5,20210301,112500,24,24,24,24,1,0
K2P,5,20210301,123500,24,24.08,24,24.08,25,0
K2P,5,20210301,141500,24,24,24,24,21,0
K2P,5,20210301,153000,23.995,24,23.995,24,37,0
K2P,5,20210302,090500,23.99,23.99,23.21,23.21,15,0
K2P,5,20210302,100500,23.985,23.985,23.985,23.985,1,0
K2P,5,20210302,123500,23.985,23.985,23.985,23.985,10,0
K2P,5,20210302,160500,23.95,24,23.95,24,420,0
K2P,5,20210302,161500,24.1,24.1,24.1,24.1,5,0
K2P,5,20210303,090000,24.1,24.7,24.1,24.7,71,0
K2P,5,20210303,094500,24.5,24.9,24.5,24.9,54,0
K2P,5,20210303,095000,25.7,26.48,25.7,26.48,224,0
K2P,5,20210303,095500,26.995,26.995,26.995,26.995,1,0
K2P,5,20210303,100000,26.995,27,26,26,114,0
K2P,5,20210303,100500,27,27,27,27,1,0
K2P,5,20210303,101500,26.98,27,25.5,25.5,115,0
K2P,5,20210303,102000,25.795,25.795,25.795,25.795,1,0
K2P,5,20210303,103000,26.4,26.4,26.4,26.4,2,0
K2P,5,20210303,140500,25.54,25.54,25.53,25.53,30,0
K2P,5,20210303,142500,26.3,26.3,26.3,26.3,2,0
K2P,5,20210303,150500,25.53,25.53,25.53,25.53,10,0
K2P,5,20210303,160000,25.55,25.55,25.55,25.55,1,0
K2P,5,20210303,160500,25.52,26.1,25.52,26.1,50,0
K2P,5,20210303,163000,25.53,25.53,25.02,25.02,100,0
K2P,5,20210304,090000,25.02,26,25.02,26,31,0
K2P,5,20210304,090500,26,26,26,26,325,0
K2P,5,20210304,091500,26.15,26.18,26.15,26.18,40,0
K2P,5,20210304,092000,26.38,26.38,26.38,26.38,1,0
K2P,5,20210304,093500,26.18,26.18,26.18,26.18,2,0
K2P,5,20210304,094500,26.18,26.18,26,26,100,0
K2P,5,20210304,095500,26.38,26.38,26,26,14,0
K2P,5,20210304,100000,26,26,26,26,275,0
K2P,5,20210304,100500,26,26,26,26,90,0
K2P,5,20210304,101000,26,26,26,26,60,0
K2P,5,20210304,101500,26.38,26.38,26,26,219,0
K2P,5,20210304,102000,26,26,26,26,1493,0
K2P,5,20210304,102500,26,26,26,26,1243,0
K2P,5,20210304,103000,26.38,26.38,26.38,26.38,62,0
K2P,5,20210304,112500,26.38,26.38,26.38,26.38,15,0
K2P,5,20210304,115000,26,26,26,26,20,0
K2P,5,20210304,120000,26,26,26,26,150,0
K2P,5,20210304,124000,25.8,25.8,25.8,25.8,200,0
K2P,5,20210304,160500,25.98,25.98,25.98,25.98,1,0
K2P,5,20210305,090000,26.895,26.895,26.895,26.895,400,0
K2P,5,20210305,091500,25.8,25.8,25.8,25.8,78,0
K2P,5,20210305,094000,26.2,26.2,26,26,178,0
K2P,5,20210305,094500,26.75,26.75,26.75,26.75,36,0
K2P,5,20210305,100500,25.8,25.8,25.8,25.8,77,0
K2P,5,20210305,101500,25.8,26.75,25.8,26.75,4,0
K2P,5,20210305,121500,26.7,26.7,26.7,26.7,5,0
K2P,5,20210305,125500,26.7,26.7,26.7,26.7,8,0
K2P,5,20210305,141500,25.6,25.6,25.55,25.55,50,0
K2P,5,20210305,144500,26.3,26.3,26.3,26.3,1,0
K2P,5,20210305,153500,25.56,25.56,25.55,25.55,99,0
K2P,5,20210305,161500,25.55,25.55,25.55,25.55,40,0
K2P,5,20210305,162000,25.55,25.55,25.55,25.55,100,0
K2P,5,20210305,162500,25.55,25.55,25.55,25.55,100,0
K2P,5,20210305,164500,25.1,25.1,25.1,25.1,59,0
K2P,5,20210308,090000,24.7,25.4,24.7,25.4,105,0
K2P,5,20210308,090500,24.7,24.7,24.7,24.7,25,0
K2P,5,20210308,091000,24.6,24.6,24,24,100,0
K2P,5,20210308,091500,24.6,24.6,24.6,24.6,1,0
K2P,5,20210308,092500,24.6,24.6,24.6,24.6,34,0
K2P,5,20210308,113500,24.64,24.64,24.64,24.64,40,0
K2P,5,20210308,115000,24.1,24.1,24.1,24.1,11,0
K2P,5,20210308,151000,24.64,24.64,24.64,24.64,1,0
K2P,5,20210308,164000,24.1,24.1,24.1,24.1,69,0
K2P,5,20210309,092000,24.5,24.5,24.5,24.5,119,0
K2P,5,20210309,092500,24.59,24.59,24.59,24.59,20,0
K2P,5,20210309,105500,25,25,25,25,50,0
K2P,5,20210309,110500,25,25.09,25,25.09,10,0
K2P,5,20210309,115000,25.09,25.09,25.09,25.09,21,0
K2P,5,20210309,120000,25.09,25.09,25.09,25.09,20,0
K2P,5,20210309,121000,25.09,25.09,25,25,100,0
K2P,5,20210309,122500,25,25,25,25,9,0
K2P,5,20210309,123000,25,25,25,25,59,0
K2P,5,20210309,163500,24.98,24.98,24.98,24.98,1,0
K2P,5,20210310,090000,24.895,24.895,24.895,24.895,100,0
K2P,5,20210310,101000,24.21,24.21,24.21,24.21,25,0
K2P,5,20210310,101500,24.1,24.1,24.1,24.1,20,0
K2P,5,20210310,103000,24.1,24.8,24.1,24.8,10,0
K2P,5,20210310,124500,24.885,24.89,24.885,24.89,40,0
K2P,5,20210310,135500,24.1,24.1,24.1,24.1,10,0
K2P,5,20210310,142500,24,24,24,24,10,0
K2P,5,20210310,143000,23.8,23.8,23.8,23.8,20,0
K2P,5,20210310,144500,23.8,23.8,23.8,23.8,5,0
K2P,5,20210310,164500,23.5,23.5,23.5,23.5,66,0
K2P,5,20210311,090000,24.89,24.89,24.89,24.89,21,0
K2P,5,20210311,093000,24,24,23.5,23.5,114,0
K2P,5,20210311,101000,23.5,23.5,23.5,23.5,1,0
K2P,5,20210311,110000,23.1,23.1,23.03,23.03,15,0
K2P,5,20210311,111500,23.695,23.695,23.695,23.695,1,0
K2P,5,20210311,120500,23.695,23.695,23.695,23.695,5,0
K2P,5,20210311,131000,23.695,23.7,23.695,23.7,114,0
K2P,5,20210311,132000,24,24,24,24,2,0
K2P,5,20210311,142500,23.1,23.1,22.72,22.72,392,0
K2P,5,20210311,154500,23,23,23,23,2,0
K2P,5,20210312,100500,22.73,22.73,22.73,22.73,10,0
K2P,5,20210312,101000,22.72,22.72,22.72,22.72,94,0
K2P,5,20210312,125500,23.2,23.2,23.2,23.2,10,0
K2P,5,20210312,130500,23.5,24.3,23.5,24.3,82,0
K2P,5,20210312,135000,24.3,24.5,24.3,24.5,20,0
K2P,5,20210312,140000,24.5,24.5,24.5,24.5,6,0
K2P,5,20210312,141000,24.89,24.995,24.89,24.995,60,0
K2P,5,20210312,144000,24.95,24.95,24.95,24.95,24,0
K2P,5,20210315,094000,24.95,25.5,24.95,25.5,49,0
K2P,5,20210315,094500,25.5,25.5,25.5,25.5,19,0
K2P,5,20210315,102000,24.9,24.9,24.9,24.9,20,0
K2P,5,20210315,102500,24.33,24.33,24,24,75,0
K2P,5,20210315,134500,24.75,24.75,24.75,24.75,1,0
K2P,5,20210316,090000,24.7,24.7,24.7,24.7,1,0
K2P,5,20210316,093000,24.7,24.7,24,24,100,0
K2P,5,20210316,102000,23.995,24,23.995,24,104,0
K2P,5,20210316,124000,23.5,23.5,23.5,23.5,1,0
K2P,5,20210316,125000,24,24,24,24,1,0
K2P,5,20210316,130000,24,24,24,24,100,0
K2P,5,20210316,131000,24,24,24,24,159,0
K2P,5,20210317,090000,23.995,23.995,23.995,23.995,27,0
K2P,5,20210317,092500,23.605,23.605,22.55,22.76,412,0
K2P,5,20210317,093500,22.76,22.76,22.76,22.76,35,0
K2P,5,20210317,102000,22.76,22.76,22.76,22.76,100,0
K2P,5,20210317,120500,22.76,22.76,22.76,22.76,200,0
K2P,5,20210317,131000,22.76,22.76,22.76,22.76,277,0
K2P,5,20210317,131500,22.76,22.76,22.76,22.76,94,0
K2P,5,20210317,132000,22.76,22.76,22.76,22.76,37,0
K2P,5,20210317,135500,22.76,22.76,22.76,22.76,23,0
K2P,5,20210317,144500,22.76,22.76,22.76,22.76,57,0
K2P,5,20210317,150000,22.76,22.76,22.76,22.76,1095,0
K2P,5,20210317,153500,22.76,22.76,22.76,22.76,110,0
K2P,5,20210317,160500,22.5,22.5,22.1,22.1,275,0
K2P,5,20210317,162000,22.1,22.1,22,22,439,0
K2P,5,20210317,162500,22,22,22,22,50,0
K2P,5,20210317,163000,21.5,21.5,21,21,200,0
K2P,5,20210317,164000,22,22,22,22,1,0
K2P,5,20210317,164500,22,22,22,22,300,0
K2P,5,20210317,165500,22,22,22,22,150,0
K2P,5,20210318,091000,22.2,22.2,22,22,60,0
K2P,5,20210318,095500,21,21,21,21,50,0
K2P,5,20210318,112000,22,22,22,22,1,0
K2P,5,20210318,133000,21.9,21.9,20.6,20.6,753,0
K2P,5,20210318,134000,21.995,21.995,21.995,21.995,1,0
K2P,5,20210318,142000,20.6,20.6,19.5,20,481,0
K2P,5,20210318,142500,20,21,20,21,363,0
K2P,5,20210318,145500,20,20,20,20,284,0
K2P,5,20210318,150000,20.1,20.1,19.6,19.6,99,0
K2P,5,20210318,151000,20.8,20.8,20.8,20.8,98,0
K2P,5,20210318,163500,21,21,21,21,1,0
K2P,5,20210319,092000,19.8,19.8,19.8,19.8,35,0
K2P,5,20210319,092500,20.5,20.5,20.5,20.5,1,0
K2P,5,20210319,122000,20.5,20.5,20.5,20.5,24,0
K2P,5,20210319,133000,20.5,20.5,20.5,20.5,13,0
K2P,5,20210319,133500,20.995,20.995,20.995,20.995,25,0
K2P,5,20210319,134500,20.995,21,20.995,21,40,0
K2P,5,20210319,143000,20.995,21,20.995,21,73,0
K2P,5,20210319,145500,21,21,21,21,527,0
K2P,5,20210319,161500,21.5,21.5,21.5,21.5,10,0
K2P,5,20210319,162000,21.5,21.6,21.5,21.6,16,0
K2P,5,20210319,162500,21.6,22,21.6,22,544,0
K2P,5,20210319,164000,22.95,22.95,22.95,22.95,1,0
K2P,5,20210319,164500,21.6,22.95,21.6,22.95,51,0
K2P,5,20210322,090000,22.8,22.8,22.8,22.8,160,0
K2P,5,20210322,102500,22.4,23,22.4,23,1472,0
K2P,5,20210322,112000,23,23,22.6,22.6,94,0
K2P,5,20210322,125500,22.6,22.6,22.6,22.6,49,0
K2P,5,20210322,141000,23.5,23.5,23.5,23.5,1,0
K2P,5,20210322,153500,22.3,22.3,22.2,22.2,14,0
K2P,5,20210322,161500,23.5,23.5,23.5,23.5,2,0
K2P,5,20210323,093500,22.5,22.5,22.5,22.5,100,0
K2P,5,20210323,094000,22.5,22.5,22.5,22.5,20,0
K2P,5,20210323,103500,23,23,23,23,1,0
K2P,5,20210323,145000,23,23.4,23,23.4,10,0
K2P,5,20210324,093500,23.5,23.5,23.5,23.5,3,0
K2P,5,20210324,153500,22.5,22.5,22.5,22.5,10,0
K2P,5,20210324,161500,22.1,22.1,22,22,30,0
K2P,5,20210324,162000,22.5,23.295,22.5,23.295,11,0
K2P,5,20210325,101500,22,22,22,22,10,0
K2P,5,20210325,105000,22,22.8,22,22.8,15,0
K2P,5,20210325,123000,22.8,22.98,22.8,22.98,21,0
K2P,5,20210325,160500,22,22,22,22,10,0
K2P,5,20210325,163000,22,22.98,22,22.98,6,0
