<TICKER>,<PER>,<DATE>,<TIME>,<OPEN>,<HIGH>,<LOW>,<CLOSE>,<VOL>,<OPENINT>
KBJ,5,20210204,090000,16.7,16.7,16.5,16.5,102,0
KBJ,5,20210204,093500,16.6,16.6,16.6,16.6,10,0
KBJ,5,20210204,100500,16.1,16.1,16.1,16.1,300,0
KBJ,5,20210204,101000,16.5,16.5,16.5,16.5,10,0
KBJ,5,20210204,134500,16.5,16.5,16.5,16.5,60,0
KBJ,5,20210204,135500,16,16,16,16,53,0
KBJ,5,20210204,140500,16,16.5,16,16.5,50,0
KBJ,5,20210205,090000,16.5,16.5,16.5,16.5,276,0
KBJ,5,20210205,090500,16.4,16.5,16.4,16.5,89,0
KBJ,5,20210205,091000,16.4,16.4,16.4,16.4,32,0
KBJ,5,20210205,091500,16.5,16.5,16.5,16.5,729,0
KBJ,5,20210205,093000,16.7,16.7,16.7,16.7,10,0
KBJ,5,20210205,100500,16.1,16.1,16,16,526,0
KBJ,5,20210205,101000,16,16.5,16,16.5,219,0
KBJ,5,20210205,102500,16.4,16.4,16.4,16.4,126,0
KBJ,5,20210205,103000,16.5,16.5,16.5,16.5,10,0
KBJ,5,20210205,110000,16.4,16.4,16.4,16.4,50,0
KBJ,5,20210205,110500,16,16.5,16,16.5,160,0
KBJ,5,20210205,152000,16.1,16.1,15.9,15.9,575,0
KBJ,5,20210205,152500,16.4,16.5,16.4,16.5,30,0
KBJ,5,20210205,164500,16.5,16.5,16.5,16.5,29,0
KBJ,5,20210208,090000,17.2,17.2,17,17,105,0
KBJ,5,20210208,095500,16.1,16.1,16.1,16.1,430,0
KBJ,5,20210208,100000,16.6,16.6,16.6,16.6,5,0
KBJ,5,20210208,104000,16.5,16.9,16.5,16.9,982,0
KBJ,5,20210208,104500,16.9,16.9,16.9,16.9,45,0
KBJ,5,20210208,115500,16.6,16.7,16.6,16.7,55,0
KBJ,5,20210208,120500,16.6,16.7,16.6,16.7,33,0
KBJ,5,20210208,133500,16.6,16.9,16.6,16.9,530,0
KBJ,5,20210208,145000,16.8,16.9,16.8,16.9,437,0
KBJ,5,20210208,154500,16.5,16.5,16.5,16.5,165,0
KBJ,5,20210208,155000,16.8,17,16.8,17,1010,0
KBJ,5,20210208,155500,17,17.1,16.4,17.1,2487,0
KBJ,5,20210208,160000,17,17.1,17,17.1,438,0
KBJ,5,20210208,160500,17.1,17.5,17,17.2,6591,0
KBJ,5,20210208,161000,17.2,17.3,17.2,17.2,1085,0
KBJ,5,20210208,161500,17.2,17.3,17.2,17.3,431,0
KBJ,5,20210208,163000,17,17.2,17,17.2,140,0
KBJ,5,20210208,163500,17.2,17.2,17.2,17.2,390,0
KBJ,5,20210208,164000,17.1,17.2,17.1,17.2,738,0
KBJ,5,20210208,164500,17.2,17.2,17.2,17.2,324,0
KBJ,5,20210209,090000,17.4,17.4,17.4,17.4,5,0
KBJ,5,20210209,090500,16.3,16.4,16.3,16.4,449,0
KBJ,5,20210209,091000,16.3,16.3,16.3,16.3,443,0
KBJ,5,20210209,092500,16.3,16.3,16.3,16.3,800,0
KBJ,5,20210209,093000,16.3,16.3,16.3,16.3,300,0
KBJ,5,20210209,093500,17.2,17.2,17.2,17.2,5,0
KBJ,5,20210209,105000,16.7,16.7,16.7,16.7,205,0
KBJ,5,20210209,105500,17.2,17.3,17.2,17.3,455,0
KBJ,5,20210209,110000,17.2,17.5,17.2,17.5,1484,0
KBJ,5,20210209,110500,17.6,17.6,17.5,17.5,250,0
KBJ,5,20210209,111000,17.5,17.8,17.5,17.8,1069,0
KBJ,5,20210209,111500,17.2,17.8,16.4,17.8,2056,0
KBJ,5,20210209,112000,17,17,17,17,130,0
KBJ,5,20210209,112500,17,17.7,17,17.7,1175,0
KBJ,5,20210209,113000,17.7,17.8,17.7,17.8,350,0
KBJ,5,20210209,115000,17.5,17.5,17.5,17.5,56,0
KBJ,5,20210209,131000,17.5,17.6,17.5,17.6,550,0
KBJ,5,20210209,143500,17.1,17.4,17.1,17.4,103,0
KBJ,5,20210209,145500,17.4,17.4,17.4,17.4,326,0
KBJ,5,20210209,162500,17,17.3,17,17.3,520,0
KBJ,5,20210209,164000,17,17.3,17,17.3,201,0
KBJ,5,20210209,164500,16.5,17.3,16.5,17.3,20,0
KBJ,5,20210210,090000,17.8,17.8,17.8,17.8,5,0
KBJ,5,20210210,091000,16.4,16.4,16.4,16.4,587,0
KBJ,5,20210210,091500,17.5,17.5,17.5,17.5,5,0
KBJ,5,20210210,104000,16.7,16.7,16.7,16.7,60,0
KBJ,5,20210210,104500,17.5,17.5,17.5,17.5,5,0
KBJ,5,20210210,111000,17.4,17.5,17.4,17.5,781,0
KBJ,5,20210210,111500,17.6,17.6,17.6,17.6,149,0
KBJ,5,20210210,113500,17.5,17.5,17.2,17.4,354,0
KBJ,5,20210210,121500,17.5,17.5,17.5,17.5,5,0
KBJ,5,20210210,143000,17.3,17.5,17.3,17.5,1450,0
KBJ,5,20210210,143500,17.4,17.4,17.4,17.4,140,0
KBJ,5,20210210,144500,17.5,17.5,17.5,17.5,5,0
KBJ,5,20210210,161500,17.2,17.3,17.2,17.3,60,0
KBJ,5,20210210,164500,17.3,17.3,17.3,17.3,16,0
KBJ,5,20210211,090000,17.5,17.5,17,17.5,6355,0
KBJ,5,20210211,090500,17.5,17.5,16.9,16.9,2465,0
KBJ,5,20210211,092000,17.1,17.1,17.1,17.1,5,0
KBJ,5,20210211,093500,17.1,17.4,17.1,17.4,510,0
KBJ,5,20210211,094000,17.4,17.5,17.4,17.5,110,0
KBJ,5,20210211,094500,17.5,17.5,17.5,17.5,300,0
KBJ,5,20210211,095500,17,17,17,17,100,0
KBJ,5,20210211,100500,17,17,16.1,16.1,992,0
KBJ,5,20210211,101000,16.3,16.7,15.9,16.7,670,0
KBJ,5,20210211,111000,16.7,16.8,16.7,16.8,200,0
KBJ,5,20210211,112500,16.6,16.6,16.5,16.5,104,0
KBJ,5,20210211,113500,16.7,16.7,16.5,16.7,20,0
KBJ,5,20210211,114000,16.5,16.5,16.5,16.5,459,0
KBJ,5,20210211,114500,16.7,16.7,16.7,16.7,5,0
KBJ,5,20210211,120000,16.7,16.7,16.7,16.7,100,0
KBJ,5,20210211,123000,16.5,16.7,16.3,16.7,404,0
KBJ,5,20210211,124500,16.7,16.7,16.7,16.7,256,0
KBJ,5,20210211,125000,16.7,16.7,16.7,16.7,744,0
KBJ,5,20210211,134000,16.7,16.7,16.7,16.7,450,0
KBJ,5,20210211,141000,16.7,16.7,16.7,16.7,90,0
KBJ,5,20210211,160500,16.7,16.9,16.7,16.9,425,0
KBJ,5,20210212,090000,17,17,17,17,5,0
KBJ,5,20210212,093000,16.5,16.9,16.5,16.9,177,0
KBJ,5,20210212,102500,16.4,16.4,15.6,15.6,2570,0
KBJ,5,20210212,111000,15.9,15.9,15.9,15.9,366,0
KBJ,5,20210212,112500,16.1,16.5,16,16.5,180,0
KBJ,5,20210212,114000,16,16,16,16,100,0
KBJ,5,20210212,114500,16,16.4,16,16.3,358,0
KBJ,5,20210212,120500,16.4,16.4,16.4,16.4,5,0
KBJ,5,20210212,123500,16.4,16.4,16,16,130,0
KBJ,5,20210212,124000,16.3,16.3,16.3,16.3,5,0
KBJ,5,20210212,124500,16.4,16.4,16.4,16.4,5,0
KBJ,5,20210212,132000,16.2,16.2,16.2,16.2,60,0
KBJ,5,20210212,133500,16,16,15.9,15.9,130,0
KBJ,5,20210212,134000,15.9,16.4,15.8,16.4,440,0
KBJ,5,20210212,135000,16.4,16.4,16.4,16.4,223,0
KBJ,5,20210212,140000,16.5,16.5,16.5,16.5,5,0
KBJ,5,20210212,141000,16.5,16.5,16.5,16.5,100,0
KBJ,5,20210212,152000,16.2,16.2,16,16,499,0
KBJ,5,20210212,154500,15.8,15.8,15.6,15.6,557,0
KBJ,5,20210212,155000,16,16,16,16,5,0
KBJ,5,20210212,160000,15.7,16,15.7,16,149,0
KBJ,5,20210212,163000,15.7,16,15.5,16,791,0
KBJ,5,20210212,163500,15.5,16,15.5,16,75,0
KBJ,5,20210212,164500,16.5,16.5,16.5,16.5,39,0
KBJ,5,20210215,090000,16.5,16.5,16.5,16.5,62,0
KBJ,5,20210215,091000,15.6,15.6,15.6,15.6,26,0
KBJ,5,20210215,091500,15.5,16.5,15.5,16.5,604,0
KBJ,5,20210215,092500,16.6,16.6,16.6,16.6,6,0
KBJ,5,20210215,094000,16.1,16.1,16,16.1,351,0
KBJ,5,20210215,095000,16.1,16.1,16.1,16.1,100,0
KBJ,5,20210215,100500,15.7,15.7,15.7,15.7,60,0
KBJ,5,20210215,101500,16.1,16.1,16.1,16.1,5,0
KBJ,5,20210215,102000,15.8,16.5,15.8,16.5,380,0
KBJ,5,20210215,130500,15.9,16.2,15.8,16.2,287,0
KBJ,5,20210215,131000,16.2,16.2,16.2,16.2,100,0
KBJ,5,20210215,131500,16.2,16.4,16.2,16.4,165,0
KBJ,5,20210215,145000,16,16,16,16,400,0
KBJ,5,20210215,145500,16.3,16.3,16.3,16.3,5,0
KBJ,5,20210215,153000,15.8,15.8,15.7,15.7,1200,0
KBJ,5,20210215,153500,16.1,16.1,16.1,16.1,110,0
KBJ,5,20210215,155000,16.1,16.2,16.1,16.2,20,0
KBJ,5,20210215,155500,16.2,16.3,16.2,16.3,500,0
KBJ,5,20210215,160000,16.4,16.4,16.4,16.4,5,0
KBJ,5,20210215,164000,16,16,16,16,200,0
KBJ,5,20210215,164500,16.3,16.3,16.2,16.2,105,0
KBJ,5,20210216,090000,18.7,18.7,17.2,17.6,3835,0
KBJ,5,20210216,090500,17.2,17.2,17.1,17.2,2257,0
KBJ,5,20210216,091000,17.1,17.1,16.7,17,866,0
KBJ,5,20210216,091500,17.2,17.2,17.2,17.2,10,0
KBJ,5,20210216,092000,17.2,17.2,17.2,17.2,100,0
KBJ,5,20210216,092500,17,17,17,17,88,0
KBJ,5,20210216,093000,16.9,17,16.9,17,139,0
KBJ,5,20210216,101000,16.9,16.9,16.7,16.7,420,0
KBJ,5,20210216,101500,16.7,16.7,16.7,16.7,10,0
KBJ,5,20210216,105000,16.7,17,16.7,17,202,0
KBJ,5,20210216,111000,17,17.2,17,17.2,683,0
KBJ,5,20210216,111500,17.2,17.5,17.2,17.5,658,0
KBJ,5,20210216,112000,17.5,17.5,17,17,970,0
KBJ,5,20210216,112500,17.5,17.5,17.5,17.5,10,0
KBJ,5,20210216,113000,17.5,17.7,17.2,17.7,861,0
KBJ,5,20210216,115000,17.4,17.4,17.3,17.3,500,0
KBJ,5,20210216,115500,17.5,17.5,17.5,17.5,10,0
KBJ,5,20210216,122000,17.5,17.6,17.5,17.6,1090,0
KBJ,5,20210216,122500,17.5,17.6,17.5,17.6,210,0
KBJ,5,20210216,123000,17.5,17.7,17.5,17.6,654,0
KBJ,5,20210216,123500,17.3,17.7,17.3,17.7,920,0
KBJ,5,20210216,124500,17.5,17.6,17.5,17.6,310,0
KBJ,5,20210216,125000,17.3,17.6,17.3,17.6,220,0
KBJ,5,20210216,130000,17.5,17.6,17.5,17.6,300,0
KBJ,5,20210216,131500,17.6,17.6,17.6,17.6,160,0
KBJ,5,20210216,133500,17.4,17.6,17.4,17.6,155,0
KBJ,5,20210216,134000,17.4,17.6,17.4,17.6,60,0
KBJ,5,20210216,140000,17.6,17.7,17.6,17.7,249,0
KBJ,5,20210216,141500,17.6,17.7,17.6,17.7,241,0
KBJ,5,20210216,143500,17.6,17.6,17.6,17.6,90,0
KBJ,5,20210216,144000,17.7,17.7,17.7,17.7,5,0
KBJ,5,20210216,145000,17.7,17.7,17.7,17.7,750,0
KBJ,5,20210216,145500,17.7,17.7,17.7,17.7,152,0
KBJ,5,20210216,150000,17.8,17.8,17.8,17.8,230,0
KBJ,5,20210216,151000,17.8,17.9,17.8,17.9,200,0
KBJ,5,20210216,152000,17.9,18,17.9,18,70,0
KBJ,5,20210216,152500,17.8,17.9,17.7,17.7,640,0
KBJ,5,20210216,153000,17.8,17.8,17.8,17.8,10,0
KBJ,5,20210216,154500,17.8,17.8,17.6,17.6,4,0
KBJ,5,20210216,155500,17.8,17.8,17.8,17.8,13,0
KBJ,5,20210216,160500,17.8,18,17.8,18,553,0
KBJ,5,20210216,162500,18,18,18,18,415,0
KBJ,5,20210216,163000,18,18,18,18,429,0
KBJ,5,20210216,163500,18,18.1,18,18.1,291,0
KBJ,5,20210216,164500,18.1,18.1,18.1,18.1,320,0
KBJ,5,20210217,090000,18.2,19,18.2,19,3242,0
KBJ,5,20210217,090500,18.8,19.4,18.8,19.4,1046,0
KBJ,5,20210217,091000,19.5,19.5,19.5,19.5,810,0
KBJ,5,20210217,091500,19.5,19.6,19.1,19.5,370,0
KBJ,5,20210217,092500,19.1,19.1,19,19,255,0
KBJ,5,20210217,093000,19.4,19.5,19.4,19.5,156,0
KBJ,5,20210217,093500,19.4,19.5,19.4,19.5,51,0
KBJ,5,20210217,094000,19.5,19.6,19.5,19.6,388,0
KBJ,5,20210217,094500,19.6,19.6,19.5,19.5,359,0
KBJ,5,20210217,095000,19.5,19.6,19.5,19.6,662,0
KBJ,5,20210217,095500,19.6,19.8,19.6,19.8,215,0
KBJ,5,20210217,100000,19.5,19.5,19,19,726,0
KBJ,5,20210217,100500,19,19.4,18.9,19.4,420,0
KBJ,5,20210217,101000,19,19,17.8,17.8,1437,0
KBJ,5,20210217,101500,17.9,18.3,17.8,17.8,6282,0
KBJ,5,20210217,102000,18.5,18.5,18.5,18.5,5,0
KBJ,5,20210217,102500,18.6,18.6,18.6,18.6,126,0
KBJ,5,20210217,103000,18.7,18.7,18.7,18.7,10,0
KBJ,5,20210217,103500,18.7,19.4,18.7,19.4,602,0
KBJ,5,20210217,104000,19.4,19.5,19.2,19.5,336,0
KBJ,5,20210217,104500,19.5,19.8,19.5,19.8,250,0
KBJ,5,20210217,105000,19.7,19.8,19.7,19.8,476,0
KBJ,5,20210217,105500,19.2,19.2,19.1,19.1,725,0
KBJ,5,20210217,110500,19.3,19.3,19.3,19.3,5,0
KBJ,5,20210217,111000,19.3,19.7,19.3,19.7,170,0
KBJ,5,20210217,111500,19.6,19.8,19.6,19.8,1120,0
KBJ,5,20210217,112000,19.7,19.8,19.7,19.8,16,0
KBJ,5,20210217,113000,19.7,19.7,19.7,19.7,100,0
KBJ,5,20210217,114500,19.7,19.7,19.7,19.7,360,0
KBJ,5,20210217,115000,19.7,19.9,19.7,19.9,1100,0
KBJ,5,20210217,120000,19.7,19.8,19.7,19.8,180,0
KBJ,5,20210217,121500,19.8,19.8,19.8,19.8,497,0
KBJ,5,20210217,122500,19.8,19.8,19.8,19.8,451,0
KBJ,5,20210217,123000,19.8,19.9,19.8,19.9,534,0
KBJ,5,20210217,123500,19.7,19.7,19.7,19.7,100,0
KBJ,5,20210217,125000,19.5,19.5,19.5,19.5,65,0
KBJ,5,20210217,130000,19.7,19.7,19.7,19.7,10,0
KBJ,5,20210217,132000,19.5,19.5,19.5,19.5,145,0
KBJ,5,20210217,132500,19.7,19.7,19.7,19.7,5,0
KBJ,5,20210217,134000,19.7,19.7,19.7,19.7,50,0
KBJ,5,20210217,134500,19.6,19.6,19.6,19.6,270,0
KBJ,5,20210217,135000,19.7,19.7,19.7,19.7,5,0
KBJ,5,20210217,140000,19.7,19.7,19.7,19.7,100,0
KBJ,5,20210217,142000,19.6,19.6,19.6,19.6,170,0
KBJ,5,20210217,142500,19.7,19.7,19.5,19.5,300,0
KBJ,5,20210217,143000,19.5,19.5,19.3,19.3,200,0
KBJ,5,20210217,144000,19.6,19.6,19.6,19.6,5,0
KBJ,5,20210217,144500,19.3,19.6,19.3,19.6,41,0
KBJ,5,20210217,145000,19.6,19.6,19.6,19.6,170,0
KBJ,5,20210217,145500,19.6,19.7,19.6,19.7,200,0
KBJ,5,20210217,151500,19.4,19.7,19.4,19.7,140,0
KBJ,5,20210217,155000,19.7,19.7,19.7,19.7,30,0
KBJ,5,20210217,162000,19.6,19.6,19.6,19.6,15,0
KBJ,5,20210217,164000,19.6,19.7,19.6,19.7,110,0
KBJ,5,20210217,164500,19.7,19.7,19.7,19.7,5,0
KBJ,5,20210218,090000,20,20,20,20,204,0
KBJ,5,20210218,090500,19.9,19.9,19.9,19.9,20,0
KBJ,5,20210218,091000,19.6,19.6,19.6,19.6,176,0
KBJ,5,20210218,091500,19.8,19.8,19.8,19.8,10,0
KBJ,5,20210218,094000,19.7,19.7,19.7,19.7,160,0
KBJ,5,20210218,094500,19.8,19.8,19.8,19.8,90,0
KBJ,5,20210218,095000,19.9,19.9,19.9,19.9,50,0
KBJ,5,20210218,100500,19.8,19.8,19.8,19.8,205,0
KBJ,5,20210218,101000,19.9,19.9,19.9,19.9,5,0
KBJ,5,20210218,102500,19.8,19.8,19.8,19.8,5,0
KBJ,5,20210218,103000,19.8,19.9,19.8,19.9,100,0
KBJ,5,20210218,105000,19.9,19.9,19.9,19.9,319,0
KBJ,5,20210218,121500,19.6,19.6,19.6,19.6,120,0
KBJ,5,20210218,122500,19.9,19.9,19.9,19.9,10,0
KBJ,5,20210218,132000,19.6,19.6,19.6,19.6,81,0
KBJ,5,20210218,132500,19.5,19.9,19.5,19.9,145,0
KBJ,5,20210218,141000,19.9,19.9,19.9,19.9,150,0
KBJ,5,20210218,142000,19.9,19.9,19.9,19.9,118,0
KBJ,5,20210218,143000,19.9,19.9,19.9,19.9,294,0
KBJ,5,20210218,143500,19.7,19.7,19.7,19.7,80,0
KBJ,5,20210218,144000,19.9,19.9,19.9,19.9,10,0
KBJ,5,20210218,145500,19.8,19.9,19.8,19.9,197,0
KBJ,5,20210218,150500,19.9,19.9,19.9,19.9,30,0
KBJ,5,20210218,152500,19.9,20,19.9,20,537,0
KBJ,5,20210218,153000,20,20.2,20,20.2,130,0
KBJ,5,20210218,153500,19.8,20,19.8,20,161,0
KBJ,5,20210218,154000,20,20.2,20,20,360,0
KBJ,5,20210218,154500,20,20,20,20,47,0
KBJ,5,20210218,155000,20,20,20,20,76,0
KBJ,5,20210218,155500,20.2,20.2,20.2,20.2,205,0
KBJ,5,20210218,160000,20,20,20,20,100,0
KBJ,5,20210218,160500,20,20,20,20,50,0
KBJ,5,20210218,162000,20,20,20,20,35,0
KBJ,5,20210218,163000,20,20,20,20,50,0
KBJ,5,20210218,163500,20,20.2,20,20,197,0
KBJ,5,20210218,164000,20,20.2,20,20.2,507,0
KBJ,5,20210218,164500,20,20,20,20,100,0
KBJ,5,20210219,090000,20.2,20.2,20,20.2,117,0
KBJ,5,20210219,090500,20.2,20.4,20.2,20.4,135,0
KBJ,5,20210219,091000,20.2,20.2,20,20,580,0
KBJ,5,20210219,093500,20,20.2,20,20.2,145,0
KBJ,5,20210219,094500,20.2,20.2,20.2,20.2,30,0
KBJ,5,20210219,095500,20.2,20.2,20.2,20.2,43,0
KBJ,5,20210219,100000,20.2,20.2,20.2,20.2,50,0
KBJ,5,20210219,103000,20.2,20.2,20.2,20.2,30,0
KBJ,5,20210219,104000,20.2,20.2,20.2,20.2,19,0
KBJ,5,20210219,105000,20,20.2,20,20.2,60,0
KBJ,5,20210219,105500,20.2,20.2,20,20.2,108,0
KBJ,5,20210219,111500,20.2,20.2,20.2,20.2,13,0
KBJ,5,20210219,114500,20,20,19,19,800,0
KBJ,5,20210219,115000,19.1,19.1,19,19,744,0
KBJ,5,20210219,115500,19.5,19.5,19.2,19.5,295,0
KBJ,5,20210219,120000,19.7,20,19.7,20,32,0
KBJ,5,20210219,121000,19.4,19.4,19.4,19.4,27,0
KBJ,5,20210219,121500,19.4,19.5,19.2,19.5,259,0
KBJ,5,20210219,122000,19.5,20,19.5,20,75,0
KBJ,5,20210219,131500,20,20,20,20,350,0
KBJ,5,20210219,133500,20,20.2,20,20.2,53,0
KBJ,5,20210219,134500,20.2,20.2,20.2,20.2,335,0
KBJ,5,20210219,140000,20.2,20.2,20.2,20.2,100,0
KBJ,5,20210219,141500,20.2,20.2,20.2,20.2,52,0
KBJ,5,20210219,143000,19.8,19.8,19.7,19.7,100,0
KBJ,5,20210219,143500,20.2,20.2,20.2,20.2,5,0
KBJ,5,20210219,144500,20.2,20.2,20.2,20.2,185,0
KBJ,5,20210219,145000,20.4,20.4,20.4,20.4,544,0
KBJ,5,20210219,151000,20.4,20.4,20.4,20.4,100,0
KBJ,5,20210219,151500,20.4,20.6,20.4,20.6,1564,0
KBJ,5,20210219,152000,20.8,21,20.8,21,1536,0
KBJ,5,20210219,153000,20.6,20.6,20.6,20.6,98,0
KBJ,5,20210219,154000,20.8,20.8,20.8,20.8,20,0
KBJ,5,20210219,154500,20.8,21,20.8,21,85,0
KBJ,5,20210219,155500,20.8,21,20.8,21,384,0
KBJ,5,20210219,160500,20.8,21,20.8,21,60,0
KBJ,5,20210219,161000,20.8,21,20.6,21,1202,0
KBJ,5,20210219,162500,21,21,21,21,45,0
KBJ,5,20210219,164000,21,21,21,21,28,0
KBJ,5,20210219,164500,21,21,21,21,251,0
KBJ,5,20210222,090000,21,21,20.2,20.2,221,0
KBJ,5,20210222,090500,21,21,21,21,137,0
KBJ,5,20210222,091000,21.2,21.2,21.2,21.2,150,0
KBJ,5,20210222,091500,21.2,21.2,21,21,35,0
KBJ,5,20210222,092000,20.6,20.6,20.6,20.6,100,0
KBJ,5,20210222,092500,20.6,20.6,20.6,20.6,50,0
KBJ,5,20210222,093500,21,21,21,21,66,0
KBJ,5,20210222,094000,20.6,20.6,20.6,20.6,38,0
KBJ,5,20210222,094500,20.6,20.6,20.6,20.6,17,0
KBJ,5,20210222,100500,21,21,21,21,2,0
KBJ,5,20210222,101000,21,21,21,21,94,0
KBJ,5,20210222,101500,21,21,21,21,23,0
KBJ,5,20210222,102000,21.2,21.2,21.2,21.2,2,0
KBJ,5,20210222,102500,21,21.2,21,21.2,107,0
KBJ,5,20210222,103000,21.2,21.2,21.2,21.2,443,0
KBJ,5,20210222,103500,21.4,21.4,21.4,21.4,5,0
KBJ,5,20210222,112000,21.2,21.2,21.2,21.2,207,0
KBJ,5,20210222,132000,21.2,21.2,21.2,21.2,47,0
KBJ,5,20210222,141000,21.2,21.2,21.2,21.2,10,0
KBJ,5,20210222,152500,20.8,20.8,20.6,20.6,569,0
KBJ,5,20210222,154000,20.2,21,20,21,885,0
KBJ,5,20210222,154500,21.2,21.2,21.2,21.2,5,0
KBJ,5,20210223,090000,21.2,21.4,21.2,21.4,782,0
KBJ,5,20210223,090500,21.2,21.2,21.2,21.2,168,0
KBJ,5,20210223,092000,20.8,20.8,20.2,20.2,200,0
KBJ,5,20210223,094000,20.6,20.6,20.6,20.6,288,0
KBJ,5,20210223,095500,20.4,20.4,20.4,20.4,72,0
KBJ,5,20210223,101500,20.4,21.2,20.4,21.2,132,0
KBJ,5,20210223,102000,21,21,21,21,35,0
KBJ,5,20210223,102500,20.6,20.6,20.6,20.6,50,0
KBJ,5,20210223,104500,20.8,20.8,20.8,20.8,5,0
KBJ,5,20210223,115500,20.8,21.4,20.8,21.4,350,0
KBJ,5,20210223,120500,20.8,21.2,20.4,21.2,305,0
KBJ,5,20210223,121000,21.2,21.4,21.2,21.4,110,0
KBJ,5,20210223,125500,21.4,22,21.4,21.8,886,0
KBJ,5,20210223,130000,21.8,21.8,21,21,108,0
KBJ,5,20210223,130500,21.4,22,21.4,22,3010,0
KBJ,5,20210223,131000,22,23.8,21.4,23.8,2922,0
KBJ,5,20210223,131500,23.4,23.4,23.4,23.4,500,0
KBJ,5,20210223,132500,23.4,23.6,23.4,23.6,102,0
KBJ,5,20210223,133000,23.6,23.6,23.6,23.6,345,0
KBJ,5,20210223,133500,23.6,23.6,22.8,22.8,1017,0
KBJ,5,20210223,134000,23.8,23.8,23.4,23.4,71,0
KBJ,5,20210223,134500,23.4,23.4,23,23,185,0
KBJ,5,20210223,135000,23,23.6,23,23.6,174,0
KBJ,5,20210223,140000,23.4,23.6,23,23.4,1430,0
KBJ,5,20210223,140500,23.4,23.6,23.4,23.4,413,0
KBJ,5,20210223,142000,23,23.2,23,23.2,737,0
KBJ,5,20210223,143500,22.8,22.8,22.8,22.8,35,0
KBJ,5,20210223,144000,22.4,22.8,22.2,22.8,290,0
KBJ,5,20210223,144500,22.8,22.8,22.8,22.8,33,0
KBJ,5,20210223,150000,22.2,22.2,22.2,22.2,161,0
KBJ,5,20210223,150500,22.8,22.8,22.8,22.8,5,0
KBJ,5,20210223,151000,22.8,22.8,22.8,22.8,125,0
KBJ,5,20210223,151500,22.2,22.6,21.6,22.6,3040,0
KBJ,5,20210223,155500,22,22.4,22,22.4,180,0
KBJ,5,20210223,161000,22.4,22.4,22.4,22.4,4,0
KBJ,5,20210223,164000,22.4,22.4,22.4,22.4,180,0
KBJ,5,20210223,164500,22.4,22.4,22.4,22.4,163,0
KBJ,5,20210224,090000,23.8,23.8,22.6,23.6,132,0
KBJ,5,20210224,090500,22.8,23,22.8,23,20,0
KBJ,5,20210224,091000,22.8,22.8,22.8,22.8,152,0
KBJ,5,20210224,091500,22.6,22.8,22.6,22.8,550,0
KBJ,5,20210224,092000,22.8,22.8,22.8,22.8,250,0
KBJ,5,20210224,100000,22.6,22.8,22.6,22.8,250,0
KBJ,5,20210224,101000,22.8,22.8,22.8,22.8,100,0
KBJ,5,20210224,102500,22.6,22.6,22.4,22.4,409,0
KBJ,5,20210224,103500,22.8,22.8,22.8,22.8,5,0
KBJ,5,20210224,104500,22.8,22.8,22.8,22.8,150,0
KBJ,5,20210224,110000,22.4,22.8,22.4,22.8,312,0
KBJ,5,20210224,110500,22.8,22.8,22.8,22.8,261,0
KBJ,5,20210224,112000,22.8,22.8,22.8,22.8,96,0
KBJ,5,20210224,113000,22.8,22.8,22.8,22.8,50,0
KBJ,5,20210224,113500,22.8,22.8,22.8,22.8,235,0
KBJ,5,20210224,115000,22.8,22.8,22.8,22.8,117,0
KBJ,5,20210224,123000,22.6,22.6,22.6,22.6,97,0
KBJ,5,20210224,124000,22.8,23,22.8,23,112,0
KBJ,5,20210224,131000,23,23,23,23,400,0
KBJ,5,20210224,131500,23,23,23,23,671,0
KBJ,5,20210224,134000,23,23,23,23,20,0
KBJ,5,20210224,134500,23,23,23,23,43,0
KBJ,5,20210224,141500,22.6,22.6,22.6,22.6,68,0
KBJ,5,20210224,153000,22.8,22.8,22.8,22.8,115,0
KBJ,5,20210224,161500,22.6,22.6,22.4,22.4,50,0
KBJ,5,20210224,163500,22.4,22.4,22.4,22.4,50,0
KBJ,5,20210224,164500,21.8,22.8,21.6,22.8,396,0
KBJ,5,20210225,090000,22.8,22.8,22.8,22.8,5,0
KBJ,5,20210225,103500,22.2,22.6,22.2,22.6,185,0
KBJ,5,20210225,104000,21.8,21.8,21.8,21.8,120,0
KBJ,5,20210225,110500,22.4,22.4,22.4,22.4,5,0
KBJ,5,20210225,115000,22.2,22.2,22.2,22.2,5,0
KBJ,5,20210225,115500,21.6,22.6,21.6,22.6,410,0
KBJ,5,20210225,124500,21.6,21.6,21.6,21.6,69,0
KBJ,5,20210225,125500,22.4,22.4,22.4,22.4,5,0
KBJ,5,20210225,145500,22.2,22.2,22.2,22.2,38,0
KBJ,5,20210225,150000,22,22.2,22,22.2,141,0
KBJ,5,20210225,152000,22.2,22.6,22.2,22.6,175,0
KBJ,5,20210225,154000,22.2,22.2,22,22,126,0
KBJ,5,20210225,154500,22.4,22.4,22.4,22.4,5,0
KBJ,5,20210225,161000,22.6,22.6,22.6,22.6,5,0
KBJ,5,20210225,163500,21.6,21.6,21.6,21.6,671,0
KBJ,5,20210225,164000,22.6,22.6,22.6,22.6,10,0
KBJ,5,20210225,164500,21.6,22.6,21.6,22.6,140,0
KBJ,5,20210226,090000,22,22,22,22,5,0
KBJ,5,20210226,092000,21.6,22,21.6,22,138,0
KBJ,5,20210226,092500,21.6,21.6,21.6,21.6,60,0
KBJ,5,20210226,094000,22,22,22,22,5,0
KBJ,5,20210226,100500,21.6,21.6,21.6,21.6,110,0
KBJ,5,20210226,101000,21.4,21.4,21.2,21.2,550,0
KBJ,5,20210226,101500,21.2,21.6,21.2,21.6,130,0
KBJ,5,20210226,102500,21.4,21.6,21.4,21.6,774,0
KBJ,5,20210226,103000,21.6,21.6,21.6,21.6,101,0
KBJ,5,20210226,104000,21.6,21.6,21.6,21.6,1035,0
KBJ,5,20210226,110500,21.6,21.6,21.6,21.6,15,0
KBJ,5,20210226,111000,21.4,21.4,21.4,21.4,49,0
KBJ,5,20210226,112000,21.6,21.6,21.6,21.6,5,0
KBJ,5,20210226,113500,21.6,21.6,21.6,21.6,22,0
KBJ,5,20210226,115000,21.4,21.6,21.4,21.6,64,0
KBJ,5,20210226,115500,21.2,21.2,21,21,419,0
KBJ,5,20210226,120500,21.4,21.4,21.4,21.4,35,0
KBJ,5,20210226,122500,21.4,21.4,21.4,21.4,47,0
KBJ,5,20210226,124000,21.4,21.4,21.4,21.4,5,0
KBJ,5,20210226,132000,21.4,21.4,21.4,21.4,20,0
KBJ,5,20210226,134000,21.4,21.4,21.4,21.4,30,0
KBJ,5,20210226,135000,21.4,21.4,21.4,21.4,150,0
KBJ,5,20210226,140500,21,21,21,21,150,0
KBJ,5,20210226,141000,21.4,21.8,21.4,21.8,215,0
KBJ,5,20210226,142000,22,22,22,22,5,0
KBJ,5,20210226,145500,22,22,22,22,10,0
KBJ,5,20210226,154000,21.2,21.2,21.2,21.2,81,0
KBJ,5,20210226,154500,21.6,21.6,21.6,21.6,30,0
KBJ,5,20210226,155000,21.6,21.8,21.6,21.8,55,0
KBJ,5,20210226,162000,22,22,22,22,5,0
KBJ,5,20210226,164500,22,22,22,22,23,0
KBJ,5,20210301,090000,22,22,21,22,100,0
KBJ,5,20210301,092500,21.4,21.4,21,21,257,0
KBJ,5,20210301,093000,21.8,21.8,21,21.8,160,0
KBJ,5,20210301,102500,21.2,21.2,21.2,21.2,150,0
KBJ,5,20210301,103000,21.2,21.6,21.2,21.6,225,0
KBJ,5,20210301,103500,21.6,21.6,21.6,21.6,59,0
KBJ,5,20210301,112500,21.6,21.6,21.6,21.6,100,0
KBJ,5,20210301,123000,21.8,21.8,21.8,21.8,47,0
KBJ,5,20210301,125000,21.2,21.2,21.2,21.2,100,0
KBJ,5,20210301,125500,21.6,21.6,21.6,21.6,5,0
KBJ,5,20210301,132500,21.2,21.2,21,21,179,0
KBJ,5,20210301,134500,21,21.6,21,21.6,60,0
KBJ,5,20210302,090000,22,22,22,22,5,0
KBJ,5,20210302,093000,21.8,21.8,21.8,21.8,293,0
KBJ,5,20210302,094000,21.8,21.8,21.8,21.8,120,0
KBJ,5,20210302,100500,21.8,21.8,21.8,21.8,45,0
KBJ,5,20210302,101500,21.8,21.8,21.8,21.8,235,0
KBJ,5,20210302,102000,22,22,22,22,195,0
KBJ,5,20210302,102500,21.8,22,21.8,22,200,0
KBJ,5,20210302,103000,22,22,22,22,100,0
KBJ,5,20210302,103500,22,22,22,22,65,0
KBJ,5,20210302,104000,22,22,22,22,35,0
KBJ,5,20210302,110000,22,22,22,22,20,0
KBJ,5,20210302,114000,21.6,21.6,21.6,21.6,100,0
KBJ,5,20210302,114500,22,22,22,22,100,0
KBJ,5,20210302,115500,21.6,21.6,21.6,21.6,50,0
KBJ,5,20210302,120000,21.6,22,21,21,1055,0
KBJ,5,20210302,120500,21,21,21,21,100,0
KBJ,5,20210302,121000,21.8,21.8,21.8,21.8,5,0
KBJ,5,20210302,121500,21.2,21.8,21.2,21.8,55,0
KBJ,5,20210302,124500,21.8,21.8,21.8,21.8,134,0
KBJ,5,20210302,125500,21.2,22,21.2,22,105,0
KBJ,5,20210302,131500,21.8,22,21.6,21.6,250,0
KBJ,5,20210302,132000,22,22,22,22,5,0
KBJ,5,20210302,132500,22,22,22,22,95,0
KBJ,5,20210302,145000,21.6,21.6,21.6,21.6,498,0
KBJ,5,20210302,150500,21.6,21.6,21.6,21.6,352,0
KBJ,5,20210302,151000,21.6,21.6,21.6,21.6,15,0
KBJ,5,20210302,152500,21.6,21.6,21.6,21.6,50,0
KBJ,5,20210302,154500,21.6,22,21.6,22,88,0
KBJ,5,20210303,090000,22,22,22,22,5,0
KBJ,5,20210303,094000,22,22,22,22,200,0
KBJ,5,20210303,102500,22,22,22,22,111,0
KBJ,5,20210303,103000,21.4,21.4,21.4,21.4,205,0
KBJ,5,20210303,110500,22,22,22,22,5,0
KBJ,5,20210303,111000,21.4,21.4,21.4,21.4,352,0
KBJ,5,20210303,113000,22,22,22,22,5,0
KBJ,5,20210303,124000,22,22,22,22,23,0
KBJ,5,20210303,125500,21.4,21.4,21.4,21.4,100,0
KBJ,5,20210303,130000,21.4,21.4,21.4,21.4,100,0
KBJ,5,20210303,131000,22,22,22,22,5,0
KBJ,5,20210303,131500,22,22,22,22,100,0
KBJ,5,20210303,133000,22,22,22,22,57,0
KBJ,5,20210303,133500,22,22,22,22,40,0
KBJ,5,20210303,134500,21.2,21.2,21.2,21.2,95,0
KBJ,5,20210303,141000,21,21.8,21,21.8,345,0
KBJ,5,20210303,142500,21.8,21.8,21.8,21.8,45,0
KBJ,5,20210303,163000,21.4,21.4,21.4,21.4,30,0
KBJ,5,20210303,164000,21.4,21.4,21.4,21.4,48,0
KBJ,5,20210303,164500,21.4,21.4,21.4,21.4,50,0
KBJ,5,20210304,090000,22,22,22,22,1016,0
KBJ,5,20210304,090500,21.4,22,21.2,22,523,0
KBJ,5,20210304,092000,22,22,22,22,163,0
KBJ,5,20210304,092500,22,22,21.4,22,594,0
KBJ,5,20210304,093000,22,22,22,22,311,0
KBJ,5,20210304,093500,22,22,22,22,6,0
KBJ,5,20210304,094000,22,22,22,22,572,0
KBJ,5,20210304,094500,22.2,22.6,22.2,22.6,105,0
KBJ,5,20210304,095000,22.6,23,22.6,23,1000,0
KBJ,5,20210304,095500,22.8,24.6,22.8,24.6,1991,0
KBJ,5,20210304,100000,23.6,24,23,24,1158,0
KBJ,5,20210304,100500,23.2,24.2,23.2,24.2,480,0
KBJ,5,20210304,101000,24.2,25,24.2,24.8,1519,0
KBJ,5,20210304,102000,24.6,24.6,24.6,24.6,100,0
KBJ,5,20210304,103500,24,24.4,24,24.4,55,0
KBJ,5,20210304,104000,24.4,24.4,24.4,24.4,40,0
KBJ,5,20210304,104500,24.4,24.4,24.4,24.4,100,0
KBJ,5,20210304,110000,24.2,24.6,24.2,24.6,900,0
KBJ,5,20210304,110500,24.4,24.4,24.4,24.4,168,0
KBJ,5,20210304,111000,24.4,24.4,24.4,24.4,102,0
KBJ,5,20210304,112500,24.4,24.4,24.2,24.2,222,0
KBJ,5,20210304,113000,24,24,24,24,176,0
KBJ,5,20210304,113500,24.4,24.4,24.4,24.4,35,0
KBJ,5,20210304,115000,24.4,24.4,24.4,24.4,99,0
KBJ,5,20210304,115500,24.4,24.4,24.4,24.4,769,0
KBJ,5,20210304,120000,24.4,24.8,24.4,24.8,1577,0
KBJ,5,20210304,120500,24.8,24.8,24.8,24.8,424,0
KBJ,5,20210304,121000,24.8,24.8,24.8,24.8,70,0
KBJ,5,20210304,121500,24.8,25,24.8,25,2100,0
KBJ,5,20210304,122000,25,25,25,25,494,0
KBJ,5,20210304,122500,25.2,25.8,25.2,25.6,572,0
KBJ,5,20210304,123000,25.6,25.6,25.6,25.6,214,0
KBJ,5,20210304,124500,24.6,24.6,24.6,24.6,70,0
KBJ,5,20210304,125000,24.4,24.4,24.4,24.4,89,0
KBJ,5,20210304,125500,24.6,24.8,24.6,24.8,30,0
KBJ,5,20210304,130000,24.8,25.2,24.8,25.2,258,0
KBJ,5,20210304,131500,24.8,25,24.8,25,12,0
KBJ,5,20210304,132000,25,25,24.8,24.8,558,0
KBJ,5,20210304,134500,24.4,24.8,24.4,24.8,151,0
KBJ,5,20210304,135000,24.2,24.8,24.2,24.8,132,0
KBJ,5,20210304,140000,24.8,24.8,24.8,24.8,50,0
KBJ,5,20210304,141000,24.8,25.2,24.8,25.2,2000,0
KBJ,5,20210304,141500,25.2,25.2,25.2,25.2,79,0
KBJ,5,20210304,144000,25,25.2,25,25.2,105,0
KBJ,5,20210304,144500,25.2,25.2,25.2,25.2,5,0
KBJ,5,20210304,151000,25,25,25,25,79,0
KBJ,5,20210304,151500,25.2,25.4,24.6,24.6,1543,0
KBJ,5,20210304,152000,25.2,25.2,25.2,25.2,40,0
KBJ,5,20210304,153000,25.2,25.6,25.2,25.4,1316,0
KBJ,5,20210304,153500,25.6,25.6,25.6,25.6,94,0
KBJ,5,20210304,154500,25.6,25.6,25.6,25.6,50,0
KBJ,5,20210304,155500,25.6,25.6,25.6,25.6,20,0
KBJ,5,20210304,161500,25.2,25.4,25.2,25.4,156,0
KBJ,5,20210304,162500,25,25.2,25,25.2,115,0
KBJ,5,20210304,163000,25.4,25.6,25.4,25.4,141,0
KBJ,5,20210304,163500,25.6,25.6,25.4,25.4,73,0
KBJ,5,20210304,164000,25.4,25.8,25.4,25.8,180,0
KBJ,5,20210304,164500,25.8,25.8,24.8,25,1030,0
KBJ,5,20210305,090000,25,25.6,25,25.6,335,0
KBJ,5,20210305,090500,25.6,25.6,25,25,1064,0
KBJ,5,20210305,091500,24.2,24.2,23.6,23.6,223,0
KBJ,5,20210305,092000,24.6,25,24.6,25,35,0
KBJ,5,20210305,092500,25,26,25,26,2000,0
KBJ,5,20210305,093000,25.6,26.2,25.6,26.2,1341,0
KBJ,5,20210305,093500,26.2,28.4,26.2,28,1974,0
KBJ,5,20210305,094000,27.8,28,27,27,233,0
KBJ,5,20210305,094500,26.8,27,26.2,27,325,0
KBJ,5,20210305,095000,27,27,27,27,547,0
KBJ,5,20210305,100000,27,27,27,27,46,0
KBJ,5,20210305,100500,26.2,27,26.2,27,191,0
KBJ,5,20210305,101000,27,27,27,27,24,0
KBJ,5,20210305,101500,27,27,27,27,180,0
KBJ,5,20210305,102000,26.2,27,26.2,27,274,0
KBJ,5,20210305,102500,27.2,27.2,27,27.2,54,0
KBJ,5,20210305,103000,27.2,27.2,27.2,27.2,47,0
KBJ,5,20210305,103500,27.2,27.8,27.2,27.8,1112,0
KBJ,5,20210305,104000,27.4,28,27.4,28,350,0
KBJ,5,20210305,104500,27,28,27,28,105,0
KBJ,5,20210305,105000,27,27.8,27,27.8,280,0
KBJ,5,20210305,110500,27.8,28,27.8,27.8,263,0
KBJ,5,20210305,112500,27,27,27,27,28,0
KBJ,5,20210305,113000,27.8,27.8,27.8,27.8,116,0
KBJ,5,20210305,113500,27.6,27.6,27.6,27.6,50,0
KBJ,5,20210305,114000,27.8,28,27.8,28,866,0
KBJ,5,20210305,114500,28,28,28,28,8,0
KBJ,5,20210305,121000,28,28,28,28,81,0
KBJ,5,20210305,122000,27.8,27.8,27.8,27.8,42,0
KBJ,5,20210305,123000,27.4,28,27.4,28,32,0
KBJ,5,20210305,124000,28,28.2,28,28.2,934,0
KBJ,5,20210305,124500,28,28,28,28,78,0
KBJ,5,20210305,130000,27.4,27.4,27.4,27.4,42,0
KBJ,5,20210305,130500,27.8,27.8,27.8,27.8,1005,0
KBJ,5,20210305,132000,27.6,27.6,27.6,27.6,36,0
KBJ,5,20210305,132500,27.6,27.8,27.6,27.8,500,0
KBJ,5,20210305,134000,27.8,27.8,27.8,27.8,238,0
KBJ,5,20210305,134500,27.4,27.8,27,27.8,630,0
KBJ,5,20210305,135000,27.8,27.8,27.8,27.8,75,0
KBJ,5,20210305,140500,27.8,27.8,27.8,27.8,73,0
KBJ,5,20210305,141000,27.8,27.8,27.8,27.8,30,0
KBJ,5,20210305,143000,27.4,27.4,27.4,27.4,1,0
KBJ,5,20210305,152000,26.6,26.6,26.4,26.4,188,0
KBJ,5,20210305,152500,26.6,27,26.6,27,227,0
KBJ,5,20210305,153500,26.6,26.6,26.6,26.6,12,0
KBJ,5,20210305,154000,27,27,26.8,27,50,0
KBJ,5,20210305,154500,26.6,26.6,26.4,26.6,296,0
KBJ,5,20210305,155000,26.2,26.6,26.2,26.6,50,0
KBJ,5,20210305,161000,26.4,26.6,26.4,26.6,115,0
KBJ,5,20210305,161500,26.8,26.8,26.8,26.8,5,0
KBJ,5,20210305,162500,26.6,26.8,26.6,26.8,105,0
KBJ,5,20210305,163000,26.8,27.4,26.8,27.4,99,0
KBJ,5,20210305,163500,27.4,27.4,27.2,27.4,94,0
KBJ,5,20210305,164000,27.4,27.4,27.4,27.4,10,0
KBJ,5,20210305,164500,27.4,27.4,27.4,27.4,568,0
KBJ,5,20210308,090000,28.6,28.6,27.8,28.4,545,0
KBJ,5,20210308,090500,28.6,28.6,28,28.6,538,0
KBJ,5,20210308,091000,28.6,28.6,28.6,28.6,150,0
KBJ,5,20210308,091500,28.6,28.6,28.6,28.6,153,0
KBJ,5,20210308,092000,28.6,28.6,28.6,28.6,219,0
KBJ,5,20210308,092500,28.8,29,28.8,29,100,0
KBJ,5,20210308,093500,29,29,29,29,34,0
KBJ,5,20210308,094000,28.8,28.8,28.8,28.8,5,0
KBJ,5,20210308,100000,28.6,28.6,28.6,28.6,50,0
KBJ,5,20210308,100500,28.8,28.8,28.8,28.8,100,0
KBJ,5,20210308,101000,28.8,28.8,28.8,28.8,95,0
KBJ,5,20210308,101500,28.8,28.8,28.8,28.8,8,0
KBJ,5,20210308,102500,28.8,28.8,28.8,28.8,200,0
KBJ,5,20210308,103000,28.8,28.8,28.8,28.8,50,0
KBJ,5,20210308,104500,28.6,28.6,28.6,28.6,22,0
KBJ,5,20210308,105500,28.8,28.8,28.6,28.6,55,0
KBJ,5,20210308,110000,28.6,28.6,28.6,28.6,34,0
KBJ,5,20210308,110500,28.8,28.8,28.8,28.8,5,0
KBJ,5,20210308,111000,28.2,28.4,27.8,28.4,1094,0
KBJ,5,20210308,112000,28.4,28.8,28.4,28.8,20,0
KBJ,5,20210308,113000,28.6,28.6,28.6,28.6,320,0
KBJ,5,20210308,113500,27.6,27.6,27,27.4,620,0
KBJ,5,20210308,114000,27,27.2,27,27.2,9,0
KBJ,5,20210308,115500,27,27,26.8,26.8,391,0
KBJ,5,20210308,120000,27.2,27.8,27.2,27.8,35,0
KBJ,5,20210308,120500,27.8,28,27,27.8,173,0
KBJ,5,20210308,121000,27.8,27.8,27.8,27.8,25,0
KBJ,5,20210308,124000,27.8,27.8,27.8,27.8,40,0
KBJ,5,20210308,131000,27.8,28,27.8,28,173,0
KBJ,5,20210308,133000,28,28,28,28,306,0
KBJ,5,20210308,140000,28,28,28,28,15,0
KBJ,5,20210308,143500,28,28,28,28,50,0
KBJ,5,20210308,144500,28,28,28,28,100,0
KBJ,5,20210308,145000,28,28.4,28,28.4,70,0
KBJ,5,20210308,145500,28.6,28.6,28.6,28.6,5,0
KBJ,5,20210308,150000,27.8,27.8,27.8,27.8,23,0
KBJ,5,20210308,151000,28.6,28.6,28.6,28.6,5,0
KBJ,5,20210308,155000,28.6,28.6,28.6,28.6,5,0
KBJ,5,20210308,164500,28.6,28.6,28.6,28.6,71,0
KBJ,5,20210309,090000,28.6,28.6,28,28,171,0
KBJ,5,20210309,090500,29,29,29,29,1,0
KBJ,5,20210309,091000,29,29,29,29,100,0
KBJ,5,20210309,091500,29,29,28,28,910,0
KBJ,5,20210309,092500,28.2,28.2,28,28,105,0
KBJ,5,20210309,093000,28.2,28.2,28.2,28.2,10,0
KBJ,5,20210309,093500,28.2,28.2,28.2,28.2,50,0
KBJ,5,20210309,094500,28,28,27.8,27.8,252,0
KBJ,5,20210309,095000,27.6,27.6,27.2,27.2,153,0
KBJ,5,20210309,095500,27.4,27.8,27.4,27.4,696,0
KBJ,5,20210309,100000,27.4,27.4,27.2,27.2,29,0
KBJ,5,20210309,100500,27.8,27.8,27.8,27.8,32,0
KBJ,5,20210309,101000,27.8,28,27.8,28,151,0
KBJ,5,20210309,101500,27.8,28,27.4,28,413,0
KBJ,5,20210309,102000,28,28,28,28,100,0
KBJ,5,20210309,102500,28,28,28,28,135,0
KBJ,5,20210309,103000,28,28.4,28,28.4,405,0
KBJ,5,20210309,104000,28.4,28.4,28.4,28.4,270,0
KBJ,5,20210309,105000,28.4,28.4,28.2,28.2,294,0
KBJ,5,20210309,105500,28.2,28.2,28.2,28.2,10,0
KBJ,5,20210309,110000,27.4,27.8,27,27.8,575,0
KBJ,5,20210309,110500,27.8,28.2,27.8,28.2,80,0
KBJ,5,20210309,112500,28,28,28,28,100,0
KBJ,5,20210309,113000,28.2,28.2,26.2,27.8,973,0
KBJ,5,20210309,113500,26.4,28,26.2,28,620,0
KBJ,5,20210309,114000,28,28,27,27.6,270,0
KBJ,5,20210309,114500,27.6,27.8,27.6,27.8,215,0
KBJ,5,20210309,115000,27.8,28,27.8,28,281,0
KBJ,5,20210309,121000,28,28.6,28,28.6,1000,0
KBJ,5,20210309,121500,28.2,28.2,28.2,28.2,67,0
KBJ,5,20210309,122000,28.6,28.6,28.2,28.2,10,0
KBJ,5,20210309,122500,28.6,28.6,28.6,28.6,5,0
KBJ,5,20210309,123500,28.6,28.6,28.6,28.6,1,0
KBJ,5,20210309,140000,28.2,28.2,28,28,19,0
KBJ,5,20210309,140500,28.4,28.4,28.4,28.4,5,0
KBJ,5,20210309,141500,28.4,28.4,28.4,28.4,203,0
KBJ,5,20210309,142000,28.4,28.4,28.4,28.4,25,0
KBJ,5,20210309,142500,28.4,28.4,28.4,28.4,25,0
KBJ,5,20210309,145500,28.4,28.4,28.4,28.4,50,0
KBJ,5,20210309,150500,28.4,28.6,28.4,28.6,380,0
KBJ,5,20210309,151000,28.6,28.6,28.6,28.6,665,0
KBJ,5,20210309,152000,28.4,28.4,28.4,28.4,139,0
KBJ,5,20210309,152500,28.2,28.6,28.2,28.6,35,0
KBJ,5,20210309,153000,28.6,28.6,28.4,28.4,203,0
KBJ,5,20210309,160000,28.6,28.6,28.6,28.6,11,0
KBJ,5,20210309,162000,28.4,28.4,27.8,28.4,306,0
KBJ,5,20210309,164000,28.4,28.4,28,28.4,180,0
KBJ,5,20210309,164500,28,28.4,28,28.4,152,0
KBJ,5,20210310,090000,28.2,28.2,27.4,27.4,69,0
KBJ,5,20210310,090500,28.2,28.2,27.6,27.6,265,0
KBJ,5,20210310,091000,27.6,28,27.6,28,105,0
KBJ,5,20210310,093000,27.6,27.6,27.2,27.2,140,0
KBJ,5,20210310,093500,27.8,27.8,27.8,27.8,52,0
KBJ,5,20210310,094000,27.8,28,27.8,28,5,0
KBJ,5,20210310,095000,27.2,28,27.2,28,355,0
KBJ,5,20210310,102000,27.4,27.4,27.4,27.4,20,0
KBJ,5,20210310,102500,27.2,27.2,27,27.2,221,0
KBJ,5,20210310,103000,27,27,26.2,26.2,300,0
KBJ,5,20210310,103500,26.8,27,26.8,27,105,0
KBJ,5,20210310,104000,26.8,27,26.8,27,30,0
KBJ,5,20210310,104500,26.4,26.4,26.4,26.4,260,0
KBJ,5,20210310,105000,27,27,26.2,26.2,75,0
KBJ,5,20210310,105500,27,27,27,27,5,0
KBJ,5,20210310,110000,27,27,27,27,180,0
KBJ,5,20210310,110500,27,27,27,27,10,0
KBJ,5,20210310,111000,26.6,26.6,26.6,26.6,50,0
KBJ,5,20210310,111500,26.6,27,26.4,27,355,0
KBJ,5,20210310,112500,26.4,26.4,26.2,26.2,450,0
KBJ,5,20210310,113000,26.2,26.2,25.6,25.6,555,0
KBJ,5,20210310,113500,26.6,27.2,26.6,27.2,353,0
KBJ,5,20210310,114000,27,27.8,27,27.8,116,0
KBJ,5,20210310,115500,27.6,27.6,27.6,27.6,52,0
KBJ,5,20210310,120000,27.6,27.8,27.6,27.8,292,0
KBJ,5,20210310,121000,27.8,28,27.8,28,130,0
KBJ,5,20210310,122000,28,28,28,28,120,0
KBJ,5,20210310,122500,28,28,28,28,40,0
KBJ,5,20210310,124000,27.6,27.6,27.6,27.6,20,0
KBJ,5,20210310,125000,28,28,28,28,5,0
KBJ,5,20210310,141500,28,28,28,28,10,0
KBJ,5,20210310,142000,28,28,28,28,212,0
KBJ,5,20210310,142500,28,28,28,28,30,0
KBJ,5,20210310,155500,27.8,27.8,27.8,27.8,30,0
KBJ,5,20210310,160000,28,28,28,28,5,0
KBJ,5,20210310,162000,28,28,28,28,158,0
KBJ,5,20210310,162500,28,28,28,28,5,0
KBJ,5,20210310,164500,28,28,28,28,594,0
KBJ,5,20210311,090000,28,28,28,28,35,0
KBJ,5,20210311,090500,27.8,28,27.8,28,33,0
KBJ,5,20210311,093500,27.2,27.2,27.2,27.2,10,0
KBJ,5,20210311,094000,28,28,28,28,5,0
KBJ,5,20210311,101000,28,28,28,28,2,0
KBJ,5,20210311,102000,28,28,28,28,3,0
KBJ,5,20210311,102500,28,28,28,28,8,0
KBJ,5,20210311,103000,27.4,27.8,27.4,27.8,134,0
KBJ,5,20210311,111000,27.2,27.6,26.8,27.6,381,0
KBJ,5,20210311,112000,27.4,27.4,27.2,27.2,30,0
KBJ,5,20210311,114500,27.2,27.2,27.2,27.2,161,0
KBJ,5,20210311,115000,27.2,27.2,27.2,27.2,10,0
KBJ,5,20210311,122000,27,27,27,27,28,0
KBJ,5,20210311,122500,27.2,27.2,27.2,27.2,5,0
KBJ,5,20210311,131000,27,27,27,27,22,0
KBJ,5,20210311,131500,27,27,27,27,170,0
KBJ,5,20210311,132000,26.8,27,26.8,27,54,0
KBJ,5,20210311,133500,27,27,27,27,5,0
KBJ,5,20210311,134500,27,27,27,27,368,0
KBJ,5,20210311,135000,27.2,27.2,27.2,27.2,94,0
KBJ,5,20210311,135500,27.4,27.8,27.4,27.8,26,0
KBJ,5,20210311,155000,27.2,27.2,27.2,27.2,49,0
KBJ,5,20210311,161000,27.4,27.4,27.4,27.4,5,0
KBJ,5,20210311,162500,27,27,26,26,850,0
KBJ,5,20210311,163000,26,27,26,26.6,465,0
KBJ,5,20210311,163500,26.6,27,26,27,218,0
KBJ,5,20210311,164500,26,27,25.4,26,585,0
KBJ,5,20210312,090000,26.2,26.2,24.8,25,223,0
KBJ,5,20210312,090500,25.6,26.2,25.6,26.2,171,0
KBJ,5,20210312,091000,26,27,26,27,65,0
KBJ,5,20210312,092000,26.8,27,26.8,27,114,0
KBJ,5,20210312,100000,26,26,26,26,84,0
KBJ,5,20210312,100500,26,26,26,26,53,0
KBJ,5,20210312,101500,26,26,25.2,25.2,174,0
KBJ,5,20210312,102000,26,26,26,26,10,0
KBJ,5,20210312,103000,26,26,26,26,335,0
KBJ,5,20210312,104000,26,26,26,26,110,0
KBJ,5,20210312,104500,26,26,26,26,45,0
KBJ,5,20210312,105000,25.4,26,25.4,26,145,0
KBJ,5,20210312,105500,26,26,26,26,25,0
KBJ,5,20210312,110000,26,26.8,26,26.6,141,0
KBJ,5,20210312,110500,25.8,25.8,25.8,25.8,1,0
KBJ,5,20210312,111000,27.2,27.2,27.2,27.2,5,0
KBJ,5,20210312,111500,27,27.2,27,27.2,25,0
KBJ,5,20210312,133500,27.2,27.2,27.2,27.2,5,0
KBJ,5,20210312,144000,27.2,27.2,27.2,27.2,120,0
KBJ,5,20210312,144500,27.2,27.2,27.2,27.2,25,0
KBJ,5,20210312,154500,27.2,27.2,27.2,27.2,209,0
KBJ,5,20210312,155000,27.2,27.2,27.2,27.2,100,0
KBJ,5,20210312,160000,27.2,27.4,27.2,27.4,1566,0
KBJ,5,20210312,160500,27.6,27.6,27.6,27.6,1362,0
KBJ,5,20210312,161000,27.8,27.8,27.8,27.8,10,0
KBJ,5,20210312,161500,27.6,27.8,27.6,27.8,110,0
KBJ,5,20210312,162000,27.6,27.8,27.6,27.6,190,0
KBJ,5,20210312,162500,27.6,27.8,27.6,27.8,20,0
KBJ,5,20210312,164000,27.8,27.8,27.8,27.8,20,0
KBJ,5,20210312,164500,27.8,27.8,27.8,27.8,130,0
KBJ,5,20210315,090000,27.6,27.6,27.6,27.6,5,0
KBJ,5,20210315,090500,26.8,26.8,26.8,26.8,75,0
KBJ,5,20210315,091000,26.8,26.8,26.8,26.8,180,0
KBJ,5,20210315,092500,26.8,27.4,26.8,27.4,404,0
KBJ,5,20210315,093000,27.4,27.4,27.4,27.4,72,0
KBJ,5,20210315,093500,27.4,27.6,27.4,27.6,95,0
KBJ,5,20210315,094000,27.6,27.8,27.6,27.8,214,0
KBJ,5,20210315,094500,27.8,28.4,27.8,28.4,193,0
KBJ,5,20210315,095000,28.4,28.6,28.4,28.6,41,0
KBJ,5,20210315,100500,27.8,28.4,27.8,28.4,1262,0
KBJ,5,20210315,101500,28.4,28.6,28.4,28.6,1400,0
KBJ,5,20210315,102000,28.6,28.6,28.6,28.6,100,0
KBJ,5,20210315,102500,28.6,30,28.6,30,5146,0
KBJ,5,20210315,103000,30,31,28.8,29,4358,0
KBJ,5,20210315,103500,29,30,29,30,98,0
KBJ,5,20210315,104000,29.8,30.6,29.8,30.6,2057,0
KBJ,5,20210315,104500,30.6,30.6,30.6,30.6,62,0
KBJ,5,20210315,105000,30,30.6,29.8,30.6,1462,0
KBJ,5,20210315,110000,30.4,30.4,29.4,29.4,606,0
KBJ,5,20210315,110500,29.4,29.8,29.4,29.8,306,0
KBJ,5,20210315,112500,30,30,30,30,61,0
KBJ,5,20210315,113000,30,30,30,30,71,0
KBJ,5,20210315,114000,29.8,29.8,29.8,29.8,7,0
KBJ,5,20210315,114500,29.4,29.4,29,29,1000,0
KBJ,5,20210315,115500,29.6,29.6,29.6,29.6,5,0
KBJ,5,20210315,122500,28.8,28.8,28.8,28.8,168,0
KBJ,5,20210315,123000,29.6,29.6,29.6,29.6,10,0
KBJ,5,20210315,123500,29.6,29.6,29.6,29.6,50,0
KBJ,5,20210315,131500,29.6,29.6,29.6,29.6,150,0
KBJ,5,20210315,132000,29.6,29.8,29.6,29.6,244,0
KBJ,5,20210315,132500,29.6,29.6,29.6,29.6,26,0
KBJ,5,20210315,134000,29.6,29.6,29.6,29.6,174,0
KBJ,5,20210315,141000,29.6,29.8,29.6,29.8,160,0
KBJ,5,20210315,141500,29.6,29.6,29.6,29.6,50,0
KBJ,5,20210315,142000,29.8,29.8,29.8,29.8,10,0
KBJ,5,20210315,152000,29.6,29.8,29.6,29.8,1000,0
KBJ,5,20210315,153500,29.8,30,29.8,30,68,0
KBJ,5,20210315,161500,29,29,29,29,924,0
KBJ,5,20210315,162500,29.6,29.6,29.6,29.6,10,0
KBJ,5,20210315,164500,29,29.8,27,29.8,2338,0
KBJ,5,20210316,090000,29.8,29.8,29,29.8,345,0
KBJ,5,20210316,091000,29,29,29,29,50,0
KBJ,5,20210316,091500,29.8,30.4,29.8,30.4,491,0
KBJ,5,20210316,092000,30,30.4,30,30.4,105,0
KBJ,5,20210316,095500,29.4,30,29.4,30,205,0
KBJ,5,20210316,102500,29.6,29.6,29.6,29.6,5,0
KBJ,5,20210316,103500,29.4,29.4,29.4,29.4,45,0
KBJ,5,20210316,105500,29,29.4,29,29.4,80,0
KBJ,5,20210316,110500,28.2,28.6,28.2,28.6,70,0
KBJ,5,20210316,111000,29,29,29,29,10,0
KBJ,5,20210316,111500,28.8,29,28.8,29,170,0
KBJ,5,20210316,112000,29.4,29.6,29.4,29.6,10,0
KBJ,5,20210316,113000,29,29,29,29,30,0
KBJ,5,20210316,113500,28,28.8,27.2,28.8,2510,0
KBJ,5,20210316,124000,27.4,28.8,27.2,28.8,393,0
KBJ,5,20210316,134000,28.6,28.6,28.6,28.6,30,0
KBJ,5,20210316,135000,28.6,28.6,28.6,28.6,180,0
KBJ,5,20210316,135500,28.6,29,28.6,29,25,0
KBJ,5,20210316,144500,28.4,28.4,28.2,28.2,206,0
KBJ,5,20210316,145000,28.8,29,28.8,29,10,0
KBJ,5,20210316,153000,28,29,28,29,80,0
KBJ,5,20210316,160000,28.8,28.8,28.8,28.8,53,0
KBJ,5,20210316,160500,28.8,29,28.8,29,18,0
KBJ,5,20210316,162500,28,28.2,27,28.2,2096,0
KBJ,5,20210316,163000,27.2,28.6,27.2,28.6,451,0
KBJ,5,20210316,164000,27.4,28.6,27,28.6,830,0
KBJ,5,20210316,164500,27,28.6,27,28.6,1005,0
KBJ,5,20210317,090000,28.4,28.4,28.2,28.4,39,0
KBJ,5,20210317,090500,28.2,28.2,28.2,28.2,1,0
KBJ,5,20210317,091000,27.6,28,27.6,28,32,0
KBJ,5,20210317,092000,27,27,26,26,760,0
KBJ,5,20210317,092500,27.2,27.4,26,27,596,0
KBJ,5,20210317,093000,27,27.8,26.2,27.8,846,0
KBJ,5,20210317,095000,27,27,27,27,98,0
KBJ,5,20210317,095500,27,27,26,26.4,2027,0
KBJ,5,20210317,100000,26.4,27,26,27,327,0
KBJ,5,20210317,100500,27,27,27,27,199,0
KBJ,5,20210317,102000,26.8,26.8,26.8,26.8,99,0
KBJ,5,20210317,102500,26.8,26.8,26.8,26.8,55,0
KBJ,5,20210317,103500,26.8,26.8,26.8,26.8,96,0
KBJ,5,20210317,104000,26.8,26.8,26.8,26.8,254,0
KBJ,5,20210317,104500,26.4,27,26.2,27,668,0
KBJ,5,20210317,105500,27,27,26,26,614,0
KBJ,5,20210317,110000,26.8,26.8,26,26,225,0
KBJ,5,20210317,110500,26.8,26.8,26.8,26.8,10,0
KBJ,5,20210317,111000,26,26.8,26,26.8,510,0
KBJ,5,20210317,113000,26.8,26.8,26.8,26.8,150,0
KBJ,5,20210317,115500,26.4,26.8,26,26.8,310,0
KBJ,5,20210317,120000,26.8,26.8,26.8,26.8,20,0
KBJ,5,20210317,120500,26.8,26.8,26.8,26.8,196,0
KBJ,5,20210317,121000,27,27,26,27,301,0
KBJ,5,20210317,121500,26,26.8,26,26.8,505,0
KBJ,5,20210317,122000,26.6,26.6,26.6,26.6,23,0
KBJ,5,20210317,122500,26,26.6,25.4,26.6,427,0
KBJ,5,20210317,123000,26.4,27.2,26.4,27.2,1028,0
KBJ,5,20210317,124000,26,26.6,25.8,26.6,816,0
KBJ,5,20210317,124500,26,26.6,26,26.6,706,0
KBJ,5,20210317,130500,26.6,26.6,26.6,26.6,75,0
KBJ,5,20210317,131000,26.6,26.8,26,26,3300,0
KBJ,5,20210317,131500,26.6,26.6,26,26,805,0
KBJ,5,20210317,132000,26.8,26.8,26.8,26.8,45,0
KBJ,5,20210317,135500,26,26,26,26,572,0
KBJ,5,20210317,140000,26.6,26.6,26,26.4,114,0
KBJ,5,20210317,142500,25.8,25.8,25.8,25.8,270,0
KBJ,5,20210317,143000,25.6,26.2,25.6,26.2,45,0
KBJ,5,20210317,143500,25.6,25.6,25.6,25.6,90,0
KBJ,5,20210317,144000,26.2,26.2,25.4,26.2,490,0
KBJ,5,20210317,144500,26.2,26.4,26.2,26.4,481,0
KBJ,5,20210317,145000,26.4,26.4,26.4,26.4,30,0
KBJ,5,20210317,145500,26.4,26.6,26.4,26.6,25,0
KBJ,5,20210317,151000,26.4,26.6,26.4,26.6,145,0
KBJ,5,20210317,152000,27,27,27,27,15,0
KBJ,5,20210317,152500,26.6,26.6,26.4,26.4,241,0
KBJ,5,20210317,154000,26.6,26.8,26.6,26.8,30,0
KBJ,5,20210317,154500,26.2,26.8,26.2,26.8,120,0
KBJ,5,20210317,160000,26.8,26.8,26.8,26.8,172,0
KBJ,5,20210317,162000,26.4,27,26.4,27,255,0
KBJ,5,20210317,163500,26.8,26.8,26.8,26.8,100,0
KBJ,5,20210317,164000,26.8,27,26.8,27,30,0
KBJ,5,20210317,164500,27,27,27,27,200,0
KBJ,5,20210317,165500,27,27,27,27,444,0
KBJ,5,20210318,090000,27.6,27.6,27.2,27.2,195,0
KBJ,5,20210318,090500,27,27.2,27,27.2,75,0
KBJ,5,20210318,092500,26.6,26.6,26.6,26.6,28,0
KBJ,5,20210318,093000,27,27,26.6,27,132,0
KBJ,5,20210318,095000,26.2,26.4,26,26.4,1020,0
KBJ,5,20210318,100500,26,26.6,26,26.6,365,0
KBJ,5,20210318,105500,26,26,26,26,30,0
KBJ,5,20210318,110000,25.6,26,25.6,26,335,0
KBJ,5,20210318,110500,26,26.6,26,26.6,430,0
KBJ,5,20210318,114500,26,26.6,26,26.6,65,0
KBJ,5,20210318,120500,26,26,26,26,110,0
KBJ,5,20210318,121500,26.6,26.6,26.6,26.6,15,0
KBJ,5,20210318,123500,26.6,26.6,26.6,26.6,200,0
KBJ,5,20210318,124500,26.6,26.6,26.6,26.6,150,0
KBJ,5,20210318,132000,26.4,26.6,26.4,26.6,85,0
KBJ,5,20210318,133500,26.4,26.6,26.4,26.6,105,0
KBJ,5,20210318,134500,26.4,26.4,26.4,26.4,46,0
KBJ,5,20210318,142500,26.4,26.4,26.4,26.4,83,0
KBJ,5,20210318,143000,26,26.4,26,26.4,770,0
KBJ,5,20210318,145000,26.4,26.4,26.4,26.4,115,0
KBJ,5,20210318,151500,26,26,26,26,400,0
KBJ,5,20210318,152000,26.4,26.4,26,26,40,0
KBJ,5,20210318,153000,26,26,26,26,25,0
KBJ,5,20210318,153500,26,26.4,26,26.4,50,0
KBJ,5,20210319,090000,26.2,26.2,26.2,26.2,300,0
KBJ,5,20210319,091000,26.2,26.2,25.8,26,554,0
KBJ,5,20210319,091500,26,26,26,26,55,0
KBJ,5,20210319,093000,26,26,26,26,50,0
KBJ,5,20210319,094000,26,26,26,26,20,0
KBJ,5,20210319,094500,25.8,26,25.4,26,386,0
KBJ,5,20210319,095500,25.6,25.6,25.6,25.6,100,0
KBJ,5,20210319,100500,26,26,26,26,10,0
KBJ,5,20210319,111000,25.8,26,25.8,26,86,0
KBJ,5,20210319,114500,26,26.2,26,26.2,64,0
KBJ,5,20210319,123000,25.8,25.8,25.8,25.8,56,0
KBJ,5,20210319,123500,26.2,26.2,26.2,26.2,15,0
KBJ,5,20210319,124000,25.8,25.8,25.8,25.8,100,0
KBJ,5,20210319,124500,26.2,26.2,26.2,26.2,10,0
KBJ,5,20210319,133000,26.2,26.2,26.2,26.2,74,0
KBJ,5,20210319,133500,26.4,26.4,26.4,26.4,10,0
KBJ,5,20210319,141000,26.2,26.4,26.2,26.4,115,0
KBJ,5,20210319,145500,26.2,26.2,26.2,26.2,3,0
KBJ,5,20210319,150000,26.4,26.4,26.2,26.4,90,0
KBJ,5,20210319,152000,26.2,26.2,26.2,26.2,9,0
KBJ,5,20210319,154500,25.8,26,25.4,26,1020,0
KBJ,5,20210319,160500,26,26,26,26,92,0
KBJ,5,20210319,161000,26.2,26.2,26.2,26.2,15,0
KBJ,5,20210319,161500,26.2,26.2,26.2,26.2,140,0
KBJ,5,20210319,164000,25.8,26,25.8,26,95,0
KBJ,5,20210319,164500,25.6,26.4,25.2,26.4,245,0
KBJ,5,20210322,090000,26.2,26.2,26,26,577,0
KBJ,5,20210322,090500,26,26,26,26,100,0
KBJ,5,20210322,091000,25.6,25.6,25.6,25.6,100,0
KBJ,5,20210322,091500,25.6,25.6,25.6,25.6,100,0
KBJ,5,20210322,092000,25.6,25.6,25,25,708,0
KBJ,5,20210322,092500,25.4,25.8,25.4,25.8,600,0
KBJ,5,20210322,093000,25.8,25.8,25.8,25.8,32,0
KBJ,5,20210322,093500,25.4,25.8,25.4,25.8,89,0
KBJ,5,20210322,094000,25.8,25.8,25.8,25.8,60,0
KBJ,5,20210322,094500,25.8,25.8,25.8,25.8,100,0
KBJ,5,20210322,095500,25.6,25.6,25.4,25.4,100,0
KBJ,5,20210322,100000,25.4,25.4,25.2,25.2,163,0
KBJ,5,20210322,100500,25.8,25.8,25.8,25.8,10,0
KBJ,5,20210322,101000,25.2,25.2,25.2,25.2,50,0
KBJ,5,20210322,101500,25.2,25.2,25.2,25.2,21,0
KBJ,5,20210322,103000,25.8,25.8,25.8,25.8,10,0
KBJ,5,20210322,104000,25.8,25.8,25.8,25.8,80,0
KBJ,5,20210322,104500,25.8,25.8,25.8,25.8,200,0
KBJ,5,20210322,105500,26,26,26,26,150,0
KBJ,5,20210322,110000,26,26,26,26,90,0
KBJ,5,20210322,111000,25.6,25.6,25.6,25.6,187,0
KBJ,5,20210322,111500,26,26,26,26,10,0
KBJ,5,20210322,112500,25.6,25.6,25.6,25.6,220,0
KBJ,5,20210322,113500,26,26,25.6,25.6,130,0
KBJ,5,20210322,115000,25.6,25.6,25.6,25.6,115,0
KBJ,5,20210322,122000,25.6,26,25.4,26,211,0
KBJ,5,20210322,122500,26,26,25.8,25.8,280,0
KBJ,5,20210322,123500,25.2,25.8,25.2,25.8,153,0
KBJ,5,20210322,125000,25.8,25.8,25.8,25.8,70,0
KBJ,5,20210322,132500,25.2,25.2,25.2,25.2,138,0
KBJ,5,20210322,133000,25,25.8,25,25.8,326,0
KBJ,5,20210322,133500,25.8,25.8,25.8,25.8,1,0
KBJ,5,20210322,145500,25.6,25.6,25.6,25.6,200,0
KBJ,5,20210322,150000,25.6,25.6,25.6,25.6,70,0
KBJ,5,20210322,150500,25.6,25.6,25.6,25.6,250,0
KBJ,5,20210322,151000,25.6,25.6,25.6,25.6,138,0
KBJ,5,20210322,151500,25.6,25.8,25.6,25.8,65,0
KBJ,5,20210322,153000,25.8,25.8,25.8,25.8,500,0
KBJ,5,20210322,153500,25.8,26,25.8,26,1250,0
KBJ,5,20210322,154000,26,26,26,26,1073,0
KBJ,5,20210322,155500,26,26,26,26,35,0
KBJ,5,20210322,160500,25.6,25.6,25.6,25.6,77,0
KBJ,5,20210322,161000,26,26,26,26,115,0
KBJ,5,20210322,161500,25.6,25.6,25.6,25.6,811,0
KBJ,5,20210322,162000,25.6,26,25.6,26,202,0
KBJ,5,20210323,090000,25.8,26,25.8,26,35,0
KBJ,5,20210323,091000,25.6,26,25.2,26,195,0
KBJ,5,20210323,092500,25.2,25.2,25.2,25.2,40,0
KBJ,5,20210323,093000,25,25,25,25,80,0
KBJ,5,20210323,093500,25,25,25,25,28,0
KBJ,5,20210323,094500,25,25,25,25,30,0
KBJ,5,20210323,095000,25,25.6,25,25.6,40,0
KBJ,5,20210323,101000,25.2,25.2,24.2,24.8,1089,0
KBJ,5,20210323,101500,24.6,24.8,24.6,24.8,110,0
KBJ,5,20210323,102000,24.8,25,24.8,25,600,0
KBJ,5,20210323,104000,25,25.2,25,25.2,497,0
KBJ,5,20210323,104500,25.2,25.4,25.2,25.4,5,0
KBJ,5,20210323,110000,25.4,25.6,25.4,25.4,134,0
KBJ,5,20210323,111000,25.4,25.6,25.4,25.6,110,0
KBJ,5,20210323,112500,25.2,25.6,25.2,25.6,75,0
KBJ,5,20210323,115000,25.2,25.2,25.2,25.2,100,0
KBJ,5,20210323,115500,25.6,25.6,25.6,25.6,10,0
KBJ,5,20210323,120000,25,25,24,25,1543,0
KBJ,5,20210323,120500,25,25.4,25,25.4,100,0
KBJ,5,20210323,122500,24.4,24.4,24.4,24.4,20,0
KBJ,5,20210323,123000,24.2,25.2,24.2,25.2,170,0
KBJ,5,20210323,125000,24.6,24.6,24.6,24.6,10,0
KBJ,5,20210323,125500,25.2,25.2,25.2,25.2,10,0
KBJ,5,20210323,131000,24.4,24.4,24.4,24.4,30,0
KBJ,5,20210323,131500,24.4,25,24.4,25,92,0
KBJ,5,20210323,140000,24.4,24.8,24.4,24.8,70,0
KBJ,5,20210323,150000,24.8,24.8,24.4,24.4,16,0
KBJ,5,20210323,150500,24.8,24.8,24.8,24.8,15,0
KBJ,5,20210323,152000,24.8,24.8,24.8,24.8,25,0
KBJ,5,20210323,153000,24.4,24.8,24.4,24.8,810,0
KBJ,5,20210323,161500,24.8,27.8,24.8,27.8,10321,0
KBJ,5,20210323,162000,28,30,26.4,26.4,10268,0
KBJ,5,20210323,162500,28.6,30,28.2,29.6,5939,0
KBJ,5,20210323,163000,29.6,29.6,28.2,28.4,242,0
KBJ,5,20210323,163500,28.6,28.6,27,27.2,8362,0
KBJ,5,20210323,164000,27.6,28,27,27,2832,0
KBJ,5,20210323,164500,27,27.8,26.4,27,5703,0
KBJ,5,20210323,165500,27,27,27,27,2994,0
KBJ,5,20210324,090000,27,27.4,26.2,26.2,1902,0
KBJ,5,20210324,090500,26.2,27,26.2,27,140,0
KBJ,5,20210324,091000,26.8,27,26.8,27,235,0
KBJ,5,20210324,091500,27,27,26.6,27,253,0
KBJ,5,20210324,092000,27.2,27.2,27.2,27.2,130,0
KBJ,5,20210324,092500,27,27,27,27,35,0
KBJ,5,20210324,093000,26.6,26.8,26.2,26.8,170,0
KBJ,5,20210324,094000,26.2,26.6,26.2,26.6,209,0
KBJ,5,20210324,094500,26.2,26.2,26,26,333,0
KBJ,5,20210324,095000,25.8,26.4,25.8,26.4,902,0
KBJ,5,20210324,095500,25.8,26.4,25.8,26.4,45,0
KBJ,5,20210324,100000,26,26,26,26,60,0
KBJ,5,20210324,100500,26,26.4,26,26.4,180,0
KBJ,5,20210324,101000,26.2,26.4,26.2,26.4,366,0
KBJ,5,20210324,101500,26.4,26.4,26.4,26.4,150,0
KBJ,5,20210324,104000,26,26,26,26,24,0
KBJ,5,20210324,104500,26.2,26.2,26.2,26.2,20,0
KBJ,5,20210324,105500,26,26,26,26,20,0
KBJ,5,20210324,110000,25.8,26,25.6,26,410,0
KBJ,5,20210324,113000,25.8,26,25.2,26,647,0
KBJ,5,20210324,114000,25.2,25.8,25.2,25.8,374,0
KBJ,5,20210324,114500,25.8,26,25.8,26,25,0
KBJ,5,20210324,115000,25.2,25.2,25,25,1109,0
KBJ,5,20210324,115500,25.8,25.8,24.8,24.8,410,0
KBJ,5,20210324,120000,25.2,25.2,25.2,25.2,157,0
KBJ,5,20210324,120500,25,25.8,25,25.8,400,0
KBJ,5,20210324,121500,25.6,25.8,25.6,25.8,464,0
KBJ,5,20210324,122000,25.8,25.8,25.8,25.8,56,0
KBJ,5,20210324,125000,25.8,25.8,25.8,25.8,144,0
KBJ,5,20210324,125500,26,26,25.2,26,135,0
KBJ,5,20210324,131500,25.8,25.8,25.8,25.8,78,0
KBJ,5,20210324,133000,25.2,25.2,25,25,176,0
KBJ,5,20210324,133500,25.8,25.8,25.8,25.8,25,0
KBJ,5,20210324,134500,25.6,25.8,25.6,25.8,52,0
KBJ,5,20210324,140000,25.4,25.8,25.4,25.8,110,0
KBJ,5,20210324,152500,25.2,25.8,25.2,25.8,115,0
KBJ,5,20210324,161000,25.4,25.4,25.4,25.4,100,0
KBJ,5,20210324,161500,25.2,25.2,25.2,25.2,28,0
KBJ,5,20210324,162000,25.2,25.2,25.2,25.2,84,0
KBJ,5,20210324,163000,25.2,25.8,25.2,25.8,455,0
KBJ,5,20210324,165500,25.8,25.8,25.8,25.8,75,0
KBJ,5,20210325,090000,25,25.8,25,25.8,98,0
KBJ,5,20210325,090500,25,26,25,26,640,0
KBJ,5,20210325,091000,26.2,26.2,26.2,26.2,10,0
KBJ,5,20210325,093000,25.4,25.8,25.2,25.8,465,0
KBJ,5,20210325,094000,25.2,25.2,25.2,25.2,100,0
KBJ,5,20210325,094500,25.6,25.6,25.6,25.6,5,0
KBJ,5,20210325,100000,25.2,25.6,25,25.6,55,0
KBJ,5,20210325,100500,25.6,25.8,25.6,25.8,1380,0
KBJ,5,20210325,101000,25.8,26.6,25.6,26.6,65,0
KBJ,5,20210325,101500,25.8,26.4,25.8,26.4,83,0
KBJ,5,20210325,103500,26.2,26.2,26.2,26.2,30,0
KBJ,5,20210325,111500,25.6,25.6,25.6,25.6,655,0
KBJ,5,20210325,114000,25,25,24.8,24.8,425,0
KBJ,5,20210325,114500,25.6,25.6,25.6,25.6,10,0
KBJ,5,20210325,115000,25,25.6,25,25.6,405,0
KBJ,5,20210325,115500,24.8,25.4,24.2,25.4,295,0
KBJ,5,20210325,121000,24.6,25.4,24.6,25.4,576,0
KBJ,5,20210325,122500,25,25.2,25,25.2,300,0
KBJ,5,20210325,123500,25.2,25.6,25.2,25.6,60,0
KBJ,5,20210325,125000,25.2,25.2,25.2,25.2,250,0
KBJ,5,20210325,125500,25.6,25.6,25.6,25.6,5,0
KBJ,5,20210325,131500,25,25,24.4,25,1634,0
KBJ,5,20210325,132000,25,25.4,24.8,25.4,200,0
KBJ,5,20210325,134000,24.8,25.2,24.8,25.2,87,0
KBJ,5,20210325,140000,25.2,25.2,24.6,25.2,459,0
KBJ,5,20210325,145500,24.8,25.2,24.8,25.2,55,0
KBJ,5,20210325,150000,24.6,25.4,24.6,25.4,591,0
KBJ,5,20210325,151500,25.2,25.2,25.2,25.2,60,0
KBJ,5,20210325,155500,24.6,24.6,24,24,1500,0
KBJ,5,20210325,160000,25,25,25,25,15,0
KBJ,5,20210325,162000,25,25,25,25,100,0
KBJ,5,20210325,162500,24.4,24.4,24.4,24.4,200,0
KBJ,5,20210325,163500,25,25,24,24,1305,0
KBJ,5,20210325,164000,25,25,25,25,5,0
KBJ,5,20210325,164500,24,25,24,25,45,0
KBJ,5,20210325,165500,24.2,24.2,24.2,24.2,9,0
KBJ,5,20210326,090000,24.8,24.8,24.6,24.8,35,0
KBJ,5,20210326,091500,24.6,24.6,24.6,24.6,95,0
KBJ,5,20210326,100000,24.6,24.6,24.6,24.6,10,0
KBJ,5,20210326,111000,24.6,24.6,24.6,24.6,12,0
KBJ,5,20210326,115000,24.2,24.2,24.2,24.2,100,0
KBJ,5,20210326,115500,24.2,24.2,24.2,24.2,100,0
KBJ,5,20210326,120000,24,24.6,24,24.6,200,0
KBJ,5,20210326,134000,24.6,24.8,24.6,24.8,165,0
KBJ,5,20210326,141500,24.8,25,24.8,25,50,0
KBJ,5,20210326,144000,25,25,25,25,38,0
KBJ,5,20210326,144500,25,25,25,25,38,0
KBJ,5,20210326,151500,25.2,25.2,25.2,25.2,4,0
KBJ,5,20210326,154000,25,25,25,25,47,0
KBJ,5,20210326,154500,25.2,25.2,25.2,25.2,5,0
