<TICKER>,<PER>,<DATE>,<TIME>,<OPEN>,<HIGH>,<LOW>,<CLOSE>,<VOL>,<OPENINT>
KKH,5,20210204,090000,1.98,2,1.98,1.98,1750,0
KKH,5,20210204,090500,1.98,1.98,1.94,1.94,1400,0
KKH,5,20210204,091000,1.93,1.97,1.93,1.97,1000,0
KKH,5,20210204,091500,1.97,1.98,1.97,1.98,2500,0
KKH,5,20210204,092500,1.97,1.97,1.97,1.97,1697,0
KKH,5,20210204,093000,1.94,1.94,1.93,1.93,4134,0
KKH,5,20210204,094000,1.95,1.95,1.95,1.95,50,0
KKH,5,20210204,095500,1.94,1.94,1.94,1.94,2170,0
KKH,5,20210204,100000,1.94,1.94,1.94,1.94,3000,0
KKH,5,20210204,102500,1.93,1.95,1.93,1.95,1852,0
KKH,5,20210204,104000,1.94,1.94,1.94,1.94,1000,0
KKH,5,20210204,105500,1.94,1.94,1.94,1.94,100,0
KKH,5,20210204,110000,1.94,1.94,1.94,1.94,511,0
KKH,5,20210204,110500,1.94,1.94,1.94,1.94,771,0
KKH,5,20210204,111000,1.94,1.94,1.94,1.94,1000,0
KKH,5,20210204,113000,1.93,1.93,1.93,1.93,2200,0
KKH,5,20210204,114000,1.94,1.94,1.92,1.92,1100,0
KKH,5,20210204,120000,1.93,1.93,1.92,1.92,2000,0
KKH,5,20210204,120500,1.92,1.92,1.92,1.92,4300,0
KKH,5,20210204,122500,1.94,1.94,1.94,1.94,5630,0
KKH,5,20210204,123500,1.93,1.93,1.93,1.93,7300,0
KKH,5,20210204,130500,1.94,1.94,1.94,1.94,1582,0
KKH,5,20210204,131000,1.95,1.95,1.95,1.95,3000,0
KKH,5,20210204,131500,1.95,1.95,1.95,1.95,1000,0
KKH,5,20210204,132000,1.95,1.95,1.95,1.95,17037,0
KKH,5,20210204,132500,1.95,1.96,1.95,1.96,3163,0
KKH,5,20210204,133000,1.97,1.97,1.97,1.97,200,0
KKH,5,20210204,140500,1.97,1.97,1.97,1.97,600,0
KKH,5,20210204,141000,1.97,1.97,1.95,1.95,5524,0
KKH,5,20210204,142000,1.95,1.95,1.95,1.95,4631,0
KKH,5,20210204,144500,1.95,1.95,1.95,1.95,100,0
KKH,5,20210204,145000,1.95,1.95,1.95,1.95,720,0
KKH,5,20210204,145500,1.95,1.95,1.95,1.95,1452,0
KKH,5,20210204,150500,1.95,1.95,1.95,1.95,1000,0
KKH,5,20210204,154500,1.95,1.95,1.95,1.95,510,0
KKH,5,20210204,155000,1.95,1.95,1.95,1.95,800,0
KKH,5,20210204,160000,1.97,1.97,1.97,1.97,50,0
KKH,5,20210204,162000,1.96,1.96,1.95,1.95,1750,0
KKH,5,20210204,162500,1.95,1.95,1.95,1.95,511,0
KKH,5,20210204,163000,1.94,1.94,1.94,1.94,150,0
KKH,5,20210204,163500,1.95,1.95,1.94,1.94,3845,0
KKH,5,20210204,164000,1.94,1.94,1.92,1.92,20000,0
KKH,5,20210204,164500,1.92,1.95,1.92,1.95,3000,0
KKH,5,20210205,090000,1.91,1.91,1.9,1.9,10591,0
KKH,5,20210205,090500,1.9,1.96,1.9,1.92,9470,0
KKH,5,20210205,091000,1.92,1.96,1.92,1.96,6988,0
KKH,5,20210205,092000,1.92,1.97,1.92,1.97,3965,0
KKH,5,20210205,092500,1.97,1.97,1.97,1.97,200,0
KKH,5,20210205,093000,1.92,1.97,1.92,1.97,2100,0
KKH,5,20210205,093500,1.93,1.93,1.91,1.92,4900,0
KKH,5,20210205,094000,1.94,1.94,1.91,1.91,5700,0
KKH,5,20210205,094500,1.93,1.93,1.93,1.93,754,0
KKH,5,20210205,095000,1.93,1.93,1.93,1.93,530,0
KKH,5,20210205,095500,1.93,1.93,1.91,1.91,2716,0
KKH,5,20210205,100000,1.91,1.91,1.91,1.91,2000,0
KKH,5,20210205,101000,1.91,1.91,1.91,1.91,4720,0
KKH,5,20210205,101500,1.91,1.91,1.9,1.9,711,0
KKH,5,20210205,102000,1.9,1.9,1.87,1.88,41000,0
KKH,5,20210205,102500,1.93,1.93,1.93,1.93,100,0
KKH,5,20210205,103000,1.9,1.93,1.9,1.93,600,0
KKH,5,20210205,103500,1.93,1.93,1.91,1.93,1600,0
KKH,5,20210205,104000,1.93,1.93,1.91,1.91,1726,0
KKH,5,20210205,104500,1.91,1.93,1.9,1.9,5974,0
KKH,5,20210205,105000,1.9,1.9,1.9,1.9,3000,0
KKH,5,20210205,105500,1.9,1.9,1.9,1.9,678,0
KKH,5,20210205,111000,1.9,1.9,1.9,1.9,1392,0
KKH,5,20210205,112000,1.92,1.92,1.92,1.92,554,0
KKH,5,20210205,113000,1.9,1.9,1.87,1.87,27203,0
KKH,5,20210205,113500,1.88,1.89,1.87,1.89,4704,0
KKH,5,20210205,114500,1.89,1.9,1.89,1.9,9393,0
KKH,5,20210205,115000,1.91,1.91,1.91,1.91,5352,0
KKH,5,20210205,115500,1.91,1.91,1.91,1.91,87,0
KKH,5,20210205,120500,1.91,1.91,1.91,1.91,570,0
KKH,5,20210205,121000,1.91,1.91,1.87,1.87,3411,0
KKH,5,20210205,121500,1.87,1.9,1.87,1.9,700,0
KKH,5,20210205,122500,1.9,1.9,1.9,1.9,1200,0
KKH,5,20210205,123000,1.91,1.91,1.91,1.91,2500,0
KKH,5,20210205,123500,1.87,1.87,1.87,1.87,5000,0
KKH,5,20210205,125000,1.87,1.87,1.87,1.87,1000,0
KKH,5,20210205,125500,1.88,1.88,1.87,1.87,9991,0
KKH,5,20210205,130000,1.87,1.87,1.87,1.87,1000,0
KKH,5,20210205,130500,1.87,1.87,1.83,1.83,6000,0
KKH,5,20210205,131000,1.9,1.9,1.78,1.8,21536,0
KKH,5,20210205,131500,1.87,1.87,1.8,1.8,14378,0
KKH,5,20210205,132000,1.8,1.8,1.8,1.8,10076,0
KKH,5,20210205,132500,1.79,1.83,1.79,1.83,11455,0
KKH,5,20210205,133000,1.85,1.86,1.85,1.86,300,0
KKH,5,20210205,134500,1.86,1.86,1.86,1.86,2050,0
KKH,5,20210205,135500,1.86,1.86,1.86,1.86,3000,0
KKH,5,20210205,140000,1.91,1.91,1.91,1.91,104,0
KKH,5,20210205,141000,1.83,1.83,1.83,1.83,1000,0
KKH,5,20210205,141500,1.88,1.88,1.88,1.88,15179,0
KKH,5,20210205,143500,1.88,1.89,1.88,1.89,1700,0
KKH,5,20210205,145500,1.83,1.83,1.83,1.83,5400,0
KKH,5,20210205,151000,1.89,1.89,1.89,1.89,1000,0
KKH,5,20210205,154500,1.84,1.84,1.83,1.83,5000,0
KKH,5,20210205,155500,1.85,1.85,1.85,1.85,2532,0
KKH,5,20210205,161500,1.86,1.86,1.85,1.85,3694,0
KKH,5,20210205,162000,1.83,1.83,1.83,1.83,4550,0
KKH,5,20210205,163500,1.88,1.88,1.85,1.85,2121,0
KKH,5,20210205,164000,1.85,1.89,1.85,1.89,1053,0
KKH,5,20210205,164500,1.89,1.89,1.84,1.84,10360,0
KKH,5,20210208,090000,1.86,1.86,1.86,1.86,5006,0
KKH,5,20210208,090500,1.86,1.86,1.86,1.86,994,0
KKH,5,20210208,092000,1.85,1.85,1.82,1.82,4631,0
KKH,5,20210208,093000,1.82,1.82,1.78,1.78,11250,0
KKH,5,20210208,093500,1.78,1.78,1.62,1.75,13330,0
KKH,5,20210208,094000,1.76,1.8,1.75,1.78,8516,0
KKH,5,20210208,094500,1.8,1.8,1.8,1.8,811,0
KKH,5,20210208,095500,1.78,1.8,1.78,1.8,5098,0
KKH,5,20210208,100000,1.79,1.82,1.79,1.82,5907,0
KKH,5,20210208,100500,1.82,1.85,1.82,1.85,2200,0
KKH,5,20210208,101500,1.85,1.85,1.85,1.85,5,0
KKH,5,20210208,104500,1.81,1.81,1.81,1.81,325,0
KKH,5,20210208,105000,1.82,1.85,1.82,1.85,2295,0
KKH,5,20210208,105500,1.85,1.85,1.85,1.85,891,0
KKH,5,20210208,110500,1.85,1.86,1.85,1.86,609,0
KKH,5,20210208,112000,1.86,1.86,1.86,1.86,500,0
KKH,5,20210208,113500,1.86,1.86,1.86,1.86,1749,0
KKH,5,20210208,114000,1.88,1.89,1.88,1.89,5000,0
KKH,5,20210208,114500,1.89,1.89,1.89,1.89,1,0
KKH,5,20210208,121000,1.89,1.89,1.89,1.89,4000,0
KKH,5,20210208,123500,1.85,1.85,1.85,1.85,180,0
KKH,5,20210208,124000,1.85,1.85,1.85,1.85,3000,0
KKH,5,20210208,125000,1.85,1.85,1.85,1.85,1000,0
KKH,5,20210208,125500,1.85,1.85,1.85,1.85,774,0
KKH,5,20210208,131500,1.88,1.88,1.88,1.88,5264,0
KKH,5,20210208,132500,1.88,1.88,1.88,1.88,5024,0
KKH,5,20210208,133000,1.89,1.89,1.89,1.89,950,0
KKH,5,20210208,133500,1.88,1.88,1.88,1.88,1379,0
KKH,5,20210208,135500,1.88,1.89,1.88,1.89,322,0
KKH,5,20210208,140000,1.86,1.86,1.86,1.86,1000,0
KKH,5,20210208,141000,1.85,1.85,1.85,1.85,1000,0
KKH,5,20210208,143500,1.89,1.89,1.89,1.89,200,0
KKH,5,20210208,145500,1.89,1.9,1.89,1.9,2000,0
KKH,5,20210208,150000,1.89,1.89,1.89,1.89,209,0
KKH,5,20210208,150500,1.87,1.87,1.87,1.87,1000,0
KKH,5,20210208,151500,1.86,1.86,1.86,1.86,1779,0
KKH,5,20210208,153000,1.88,1.88,1.88,1.88,264,0
KKH,5,20210208,154000,1.86,1.86,1.86,1.86,3020,0
KKH,5,20210208,155000,1.88,1.88,1.88,1.88,300,0
KKH,5,20210208,155500,1.85,1.85,1.85,1.85,122,0
KKH,5,20210208,161500,1.85,1.85,1.85,1.85,5000,0
KKH,5,20210208,163000,1.85,1.85,1.85,1.85,4639,0
KKH,5,20210208,163500,1.85,1.88,1.84,1.84,20632,0
KKH,5,20210208,164000,1.84,1.84,1.84,1.84,550,0
KKH,5,20210208,164500,1.84,1.84,1.84,1.84,3124,0
KKH,5,20210209,090000,1.9,1.9,1.86,1.9,3353,0
KKH,5,20210209,090500,1.86,1.9,1.86,1.9,2379,0
KKH,5,20210209,091000,1.9,1.9,1.9,1.9,277,0
KKH,5,20210209,091500,1.89,1.89,1.89,1.89,1800,0
KKH,5,20210209,092500,1.89,1.89,1.89,1.89,440,0
KKH,5,20210209,093000,1.9,1.9,1.9,1.9,350,0
KKH,5,20210209,093500,1.9,1.9,1.86,1.9,6062,0
KKH,5,20210209,095500,1.9,1.9,1.9,1.9,195,0
KKH,5,20210209,100000,1.9,1.9,1.9,1.9,305,0
KKH,5,20210209,100500,1.9,1.9,1.9,1.9,1847,0
KKH,5,20210209,102000,1.9,1.9,1.9,1.9,639,0
KKH,5,20210209,102500,1.94,1.94,1.94,1.94,300,0
KKH,5,20210209,103000,1.94,1.94,1.94,1.94,6100,0
KKH,5,20210209,103500,1.94,1.94,1.94,1.94,2000,0
KKH,5,20210209,104000,1.94,1.94,1.94,1.94,1000,0
KKH,5,20210209,105000,1.9,1.9,1.9,1.9,1000,0
KKH,5,20210209,110000,1.93,1.93,1.93,1.93,1100,0
KKH,5,20210209,110500,1.93,1.93,1.9,1.9,5521,0
KKH,5,20210209,112000,1.92,1.92,1.9,1.9,3500,0
KKH,5,20210209,112500,1.9,1.9,1.9,1.9,4800,0
KKH,5,20210209,113500,1.9,1.9,1.9,1.9,1200,0
KKH,5,20210209,114000,1.92,1.92,1.92,1.92,866,0
KKH,5,20210209,121000,1.9,1.9,1.9,1.9,925,0
KKH,5,20210209,123500,1.92,1.93,1.92,1.93,4950,0
KKH,5,20210209,124000,1.93,1.93,1.93,1.93,484,0
KKH,5,20210209,124500,1.93,1.94,1.93,1.94,1116,0
KKH,5,20210209,131500,1.94,1.94,1.94,1.94,300,0
KKH,5,20210209,132500,1.94,1.94,1.94,1.94,203,0
KKH,5,20210209,133000,1.94,1.94,1.94,1.94,49,0
KKH,5,20210209,133500,1.94,1.94,1.94,1.94,360,0
KKH,5,20210209,134000,1.94,1.94,1.94,1.94,1000,0
KKH,5,20210209,143500,1.94,1.94,1.94,1.94,227,0
KKH,5,20210209,144000,1.94,1.94,1.93,1.93,40,0
KKH,5,20210209,144500,1.91,1.91,1.9,1.9,1497,0
KKH,5,20210209,151000,1.91,1.91,1.9,1.9,6622,0
KKH,5,20210209,151500,1.9,1.9,1.89,1.89,1892,0
KKH,5,20210209,152000,1.9,1.9,1.9,1.9,200,0
KKH,5,20210209,152500,1.9,1.9,1.9,1.9,908,0
KKH,5,20210209,153500,1.91,1.91,1.91,1.91,78,0
KKH,5,20210209,154500,1.91,1.91,1.91,1.91,100,0
KKH,5,20210209,155500,1.9,1.9,1.9,1.9,100,0
KKH,5,20210209,160000,1.9,1.9,1.9,1.9,1000,0
KKH,5,20210209,160500,1.9,1.9,1.9,1.9,977,0
KKH,5,20210209,162000,1.89,1.89,1.89,1.89,1000,0
KKH,5,20210209,163500,1.9,1.9,1.9,1.9,780,0
KKH,5,20210209,164000,1.9,1.9,1.9,1.9,900,0
KKH,5,20210209,164500,1.9,1.9,1.9,1.9,2200,0
KKH,5,20210210,090000,1.95,1.95,1.94,1.94,2765,0
KKH,5,20210210,091000,1.94,1.94,1.92,1.92,2930,0
KKH,5,20210210,092000,1.92,1.92,1.92,1.92,20,0
KKH,5,20210210,093500,1.9,1.92,1.9,1.92,394,0
KKH,5,20210210,094000,1.92,1.92,1.92,1.92,2534,0
KKH,5,20210210,094500,1.9,1.9,1.9,1.9,200,0
KKH,5,20210210,100000,1.91,1.91,1.91,1.91,1500,0
KKH,5,20210210,101000,1.92,1.92,1.92,1.92,917,0
KKH,5,20210210,101500,1.92,1.92,1.92,1.92,530,0
KKH,5,20210210,103500,1.92,1.92,1.92,1.92,950,0
KKH,5,20210210,104000,1.92,1.92,1.92,1.92,100,0
KKH,5,20210210,104500,1.92,1.92,1.92,1.92,1500,0
KKH,5,20210210,105000,1.92,1.92,1.92,1.92,4211,0
KKH,5,20210210,105500,1.92,1.92,1.92,1.92,260,0
KKH,5,20210210,111000,1.91,1.91,1.91,1.91,1500,0
KKH,5,20210210,114500,1.92,1.92,1.92,1.92,200,0
KKH,5,20210210,122500,1.92,1.92,1.92,1.92,639,0
KKH,5,20210210,123000,1.92,1.92,1.92,1.92,1000,0
KKH,5,20210210,124000,1.92,1.92,1.92,1.92,500,0
KKH,5,20210210,125500,1.92,1.92,1.92,1.92,1400,0
KKH,5,20210210,130000,1.92,1.92,1.92,1.92,875,0
KKH,5,20210210,130500,1.92,1.92,1.92,1.92,5638,0
KKH,5,20210210,131000,1.92,1.92,1.92,1.92,2075,0
KKH,5,20210210,133000,1.92,1.92,1.92,1.92,3203,0
KKH,5,20210210,134000,1.92,1.92,1.92,1.92,771,0
KKH,5,20210210,135500,1.92,1.92,1.92,1.92,2000,0
KKH,5,20210210,141000,1.91,1.91,1.9,1.9,12435,0
KKH,5,20210210,153000,1.9,1.9,1.88,1.88,986,0
KKH,5,20210210,154500,1.9,1.9,1.9,1.9,300,0
KKH,5,20210210,155000,1.88,1.88,1.88,1.88,291,0
KKH,5,20210210,160000,1.9,1.9,1.9,1.9,800,0
KKH,5,20210210,161000,1.88,1.9,1.88,1.9,2400,0
KKH,5,20210210,163000,1.88,1.88,1.85,1.85,20170,0
KKH,5,20210210,163500,1.81,1.81,1.8,1.8,1000,0
KKH,5,20210210,164000,1.85,1.85,1.85,1.85,210,0
KKH,5,20210210,164500,1.86,1.86,1.86,1.86,3016,0
KKH,5,20210211,090000,1.86,1.86,1.86,1.86,1000,0
KKH,5,20210211,090500,1.86,1.86,1.86,1.86,4691,0
KKH,5,20210211,091000,1.83,1.92,1.83,1.92,2090,0
KKH,5,20210211,091500,1.83,1.92,1.83,1.92,1300,0
KKH,5,20210211,093500,1.92,1.92,1.92,1.92,10396,0
KKH,5,20210211,094000,1.91,1.94,1.91,1.94,10016,0
KKH,5,20210211,094500,1.94,1.94,1.92,1.92,6034,0
KKH,5,20210211,095000,1.92,1.92,1.92,1.92,10176,0
KKH,5,20210211,095500,1.94,1.94,1.94,1.94,5000,0
KKH,5,20210211,100000,1.94,1.94,1.94,1.94,5000,0
KKH,5,20210211,100500,1.94,1.94,1.94,1.94,2490,0
KKH,5,20210211,101500,1.95,1.95,1.95,1.95,6903,0
KKH,5,20210211,102000,1.95,1.95,1.95,1.95,2100,0
KKH,5,20210211,102500,1.94,1.94,1.94,1.94,2266,0
KKH,5,20210211,103000,1.95,1.95,1.95,1.95,254,0
KKH,5,20210211,104000,1.95,1.96,1.95,1.96,1198,0
KKH,5,20210211,104500,1.95,1.95,1.95,1.95,1600,0
KKH,5,20210211,105500,1.95,1.95,1.88,1.88,2721,0
KKH,5,20210211,110000,1.94,1.94,1.88,1.88,484,0
KKH,5,20210211,111000,1.96,1.96,1.96,1.96,129,0
KKH,5,20210211,114000,1.96,1.97,1.96,1.97,200,0
KKH,5,20210211,121000,1.97,1.97,1.97,1.97,3310,0
KKH,5,20210211,121500,1.98,1.98,1.97,1.97,284,0
KKH,5,20210211,122000,1.98,1.98,1.98,1.98,7800,0
KKH,5,20210211,122500,1.98,2.04,1.98,2.04,24007,0
KKH,5,20210211,123000,2.06,2.06,2.04,2.04,7416,0
KKH,5,20210211,123500,2.04,2.04,2.04,2.04,845,0
KKH,5,20210211,124500,2.04,2.06,2.04,2.04,10578,0
KKH,5,20210211,125000,2.06,2.06,2.04,2.04,5617,0
KKH,5,20210211,125500,2.04,2.04,2.02,2.02,1320,0
KKH,5,20210211,130000,2.02,2.04,2.02,2.04,1000,0
KKH,5,20210211,130500,2.04,2.04,2.04,2.04,3922,0
KKH,5,20210211,131000,2.04,2.04,2.04,2.04,609,0
KKH,5,20210211,132500,2.06,2.06,2.06,2.06,4516,0
KKH,5,20210211,134000,2.06,2.06,2.06,2.06,380,0
KKH,5,20210211,134500,2.06,2.06,2.06,2.06,483,0
KKH,5,20210211,135000,2.06,2.06,2.06,2.06,1500,0
KKH,5,20210211,135500,2.04,2.04,2.04,2.04,6002,0
KKH,5,20210211,140500,2.04,2.08,2.04,2.08,16355,0
KKH,5,20210211,141000,2.1,2.18,2.1,2.18,14276,0
KKH,5,20210211,141500,2.18,2.18,2.18,2.18,7255,0
KKH,5,20210211,142500,2.14,2.14,2.12,2.14,1847,0
KKH,5,20210211,143000,2.14,2.14,2.1,2.1,7200,0
KKH,5,20210211,143500,2.12,2.12,2.1,2.1,500,0
KKH,5,20210211,144000,2.08,2.08,2.08,2.08,2466,0
KKH,5,20210211,145000,2.08,2.08,2.08,2.08,712,0
KKH,5,20210211,150500,2.08,2.08,2.08,2.08,353,0
KKH,5,20210211,151500,2.08,2.08,2.08,2.08,1500,0
KKH,5,20210211,153000,2.1,2.1,2.1,2.1,1000,0
KKH,5,20210211,154000,2.1,2.1,2.1,2.1,500,0
KKH,5,20210211,154500,2.1,2.14,2.1,2.14,3506,0
KKH,5,20210211,155500,2.12,2.12,2.12,2.12,70,0
KKH,5,20210211,160000,2.12,2.14,2.12,2.12,7592,0
KKH,5,20210211,160500,2.12,2.12,2.12,2.12,39,0
KKH,5,20210211,161000,2.12,2.14,2.1,2.14,1016,0
KKH,5,20210211,161500,2.12,2.12,2.12,2.12,400,0
KKH,5,20210211,162000,2.12,2.12,2.12,2.12,551,0
KKH,5,20210211,162500,2.12,2.12,2.12,2.12,491,0
KKH,5,20210211,164000,2.14,2.14,2.12,2.12,5747,0
KKH,5,20210211,164500,2.14,2.14,2.12,2.14,11751,0
KKH,5,20210212,090000,2.16,2.16,2.16,2.16,7922,0
KKH,5,20210212,091000,2.16,2.16,2.14,2.16,864,0
KKH,5,20210212,091500,2.16,2.16,2.16,2.16,9385,0
KKH,5,20210212,092000,2.16,2.18,2.16,2.18,2450,0
KKH,5,20210212,092500,2.18,2.32,2.18,2.32,17381,0
KKH,5,20210212,093000,2.3,2.38,2.3,2.36,13909,0
KKH,5,20210212,093500,2.38,2.58,2.38,2.56,46143,0
KKH,5,20210212,094000,2.56,2.58,2.56,2.58,8020,0
KKH,5,20210212,100000,2.6,2.7,2.6,2.7,20732,0
KKH,5,20210212,100500,2.7,2.8,2.54,2.64,53962,0
KKH,5,20210212,101000,2.64,2.78,2.6,2.68,25157,0
KKH,5,20210212,101500,2.66,2.68,2.6,2.6,53730,0
KKH,5,20210212,102000,2.6,2.66,2.52,2.58,6933,0
KKH,5,20210212,102500,2.52,2.6,2.52,2.6,583,0
KKH,5,20210212,103000,2.58,2.58,2.56,2.56,2194,0
KKH,5,20210212,103500,2.56,2.56,2.44,2.56,12104,0
KKH,5,20210212,104000,2.56,2.58,2.56,2.58,11423,0
KKH,5,20210212,104500,2.56,2.56,2.56,2.56,1271,0
KKH,5,20210212,105000,2.56,2.56,2.5,2.5,2673,0
KKH,5,20210212,105500,2.52,2.56,2.5,2.56,1261,0
KKH,5,20210212,110000,2.52,2.52,2.14,2.2,47120,0
KKH,5,20210212,110500,2.3,2.5,2.3,2.5,22030,0
KKH,5,20210212,111000,2.5,2.56,2.44,2.56,7492,0
KKH,5,20210212,111500,2.44,2.44,2.44,2.44,824,0
KKH,5,20210212,112000,2.44,2.44,2.44,2.44,3000,0
KKH,5,20210212,113500,2.42,2.42,2.42,2.42,803,0
KKH,5,20210212,114000,2.42,2.42,2.4,2.4,4162,0
KKH,5,20210212,114500,2.4,2.44,2.4,2.44,1211,0
KKH,5,20210212,115000,2.4,2.44,2.36,2.38,6734,0
KKH,5,20210212,115500,2.46,2.46,2.44,2.44,1628,0
KKH,5,20210212,120000,2.44,2.44,2.44,2.44,872,0
KKH,5,20210212,122500,2.44,2.44,2.36,2.36,2393,0
KKH,5,20210212,123000,2.36,2.38,2.36,2.36,2000,0
KKH,5,20210212,123500,2.38,2.38,2.36,2.36,2572,0
KKH,5,20210212,124000,2.36,2.36,2.36,2.36,510,0
KKH,5,20210212,124500,2.36,2.4,2.36,2.4,1180,0
KKH,5,20210212,125000,2.4,2.4,2.4,2.4,800,0
KKH,5,20210212,130000,2.4,2.4,2.4,2.4,2481,0
KKH,5,20210212,130500,2.4,2.4,2.3,2.3,3000,0
KKH,5,20210212,131000,2.32,2.32,2.32,2.32,117,0
KKH,5,20210212,131500,2.4,2.4,2.4,2.4,1000,0
KKH,5,20210212,133000,2.44,2.44,2.44,2.44,339,0
KKH,5,20210212,133500,2.42,2.42,2.4,2.4,608,0
KKH,5,20210212,134000,2.4,2.4,2.4,2.4,540,0
KKH,5,20210212,134500,2.4,2.4,2.4,2.4,187,0
KKH,5,20210212,135000,2.42,2.42,2.42,2.42,1036,0
KKH,5,20210212,141000,2.44,2.44,2.44,2.44,1211,0
KKH,5,20210212,141500,2.44,2.46,2.44,2.46,1813,0
KKH,5,20210212,142000,2.46,2.46,2.46,2.46,400,0
KKH,5,20210212,143000,2.46,2.48,2.46,2.48,385,0
KKH,5,20210212,144000,2.46,2.46,2.38,2.4,4208,0
KKH,5,20210212,144500,2.44,2.48,2.44,2.48,2400,0
KKH,5,20210212,145500,2.46,2.46,2.46,2.46,2487,0
KKH,5,20210212,151000,2.46,2.46,2.46,2.46,23,0
KKH,5,20210212,151500,2.46,2.46,2.46,2.46,1400,0
KKH,5,20210212,152000,2.46,2.48,2.46,2.48,579,0
KKH,5,20210212,152500,2.48,2.48,2.48,2.48,4182,0
KKH,5,20210212,153500,2.44,2.44,2.44,2.44,100,0
KKH,5,20210212,154500,2.46,2.46,2.46,2.46,500,0
KKH,5,20210212,155000,2.46,2.46,2.46,2.46,2623,0
KKH,5,20210212,155500,2.46,2.48,2.46,2.48,4084,0
KKH,5,20210212,160000,2.46,2.48,2.44,2.48,9900,0
KKH,5,20210212,160500,2.48,2.48,2.48,2.48,62,0
KKH,5,20210212,161000,2.48,2.48,2.44,2.44,750,0
KKH,5,20210212,161500,2.44,2.48,2.44,2.48,736,0
KKH,5,20210212,162500,2.42,2.42,2.42,2.42,2028,0
KKH,5,20210212,163000,2.42,2.42,2.42,2.42,2972,0
KKH,5,20210212,163500,2.48,2.48,2.48,2.48,50,0
KKH,5,20210212,164500,2.48,2.5,2.48,2.5,17086,0
KKH,5,20210215,090000,2.7,2.72,2.7,2.7,22603,0
KKH,5,20210215,090500,2.68,2.7,2.64,2.64,18727,0
KKH,5,20210215,091000,2.66,2.66,2.5,2.62,20133,0
KKH,5,20210215,091500,2.62,2.66,2.62,2.66,4455,0
KKH,5,20210215,092000,2.68,2.68,2.64,2.64,2768,0
KKH,5,20210215,092500,2.68,2.68,2.66,2.66,7600,0
KKH,5,20210215,093000,2.66,2.66,2.66,2.66,800,0
KKH,5,20210215,093500,2.64,2.64,2.64,2.64,6000,0
KKH,5,20210215,094000,2.66,2.66,2.66,2.66,413,0
KKH,5,20210215,094500,2.66,2.68,2.66,2.68,7793,0
KKH,5,20210215,095000,2.7,2.7,2.68,2.68,7448,0
KKH,5,20210215,100000,2.68,2.68,2.68,2.68,1600,0
KKH,5,20210215,101000,2.7,2.7,2.68,2.68,3122,0
KKH,5,20210215,101500,2.68,2.68,2.68,2.68,234,0
KKH,5,20210215,102000,2.68,2.7,2.68,2.7,4039,0
KKH,5,20210215,102500,2.68,2.68,2.66,2.66,8740,0
KKH,5,20210215,103000,2.68,2.68,2.68,2.68,2000,0
KKH,5,20210215,103500,2.68,2.68,2.66,2.66,1138,0
KKH,5,20210215,104000,2.66,2.66,2.64,2.64,8064,0
KKH,5,20210215,104500,2.64,2.64,2.6,2.6,7901,0
KKH,5,20210215,105000,2.6,2.62,2.6,2.62,3340,0
KKH,5,20210215,105500,2.62,2.62,2.62,2.62,951,0
KKH,5,20210215,110000,2.62,2.62,2.62,2.62,3326,0
KKH,5,20210215,110500,2.64,2.64,2.64,2.64,36,0
KKH,5,20210215,111000,2.64,2.64,2.64,2.64,784,0
KKH,5,20210215,111500,2.64,2.64,2.64,2.64,3061,0
KKH,5,20210215,112000,2.64,2.66,2.64,2.66,4000,0
KKH,5,20210215,112500,2.6,2.6,2.6,2.6,2300,0
KKH,5,20210215,113000,2.64,2.64,2.64,2.64,1439,0
KKH,5,20210215,113500,2.66,2.66,2.66,2.66,561,0
KKH,5,20210215,114500,2.64,2.64,2.64,2.64,500,0
KKH,5,20210215,115000,2.64,2.66,2.64,2.66,7776,0
KKH,5,20210215,120500,2.64,2.64,2.6,2.6,4293,0
KKH,5,20210215,123000,2.66,2.66,2.66,2.66,1500,0
KKH,5,20210215,124000,2.66,2.66,2.66,2.66,351,0
KKH,5,20210215,124500,2.66,2.66,2.66,2.66,1000,0
KKH,5,20210215,125000,2.66,2.66,2.66,2.66,820,0
KKH,5,20210215,125500,2.64,2.64,2.62,2.62,1558,0
KKH,5,20210215,130000,2.62,2.62,2.62,2.62,2300,0
KKH,5,20210215,130500,2.64,2.64,2.64,2.64,1093,0
KKH,5,20210215,131000,2.64,2.64,2.64,2.64,1000,0
KKH,5,20210215,132000,2.64,2.64,2.62,2.64,3042,0
KKH,5,20210215,133500,2.62,2.62,2.6,2.6,9599,0
KKH,5,20210215,134000,2.56,2.6,2.56,2.6,1444,0
KKH,5,20210215,140000,2.62,2.62,2.62,2.62,200,0
KKH,5,20210215,141000,2.64,2.64,2.64,2.64,300,0
KKH,5,20210215,142000,2.64,2.64,2.64,2.64,260,0
KKH,5,20210215,143000,2.64,2.64,2.64,2.64,1500,0
KKH,5,20210215,143500,2.64,2.64,2.64,2.64,2000,0
KKH,5,20210215,144000,2.64,2.64,2.64,2.64,500,0
KKH,5,20210215,145500,2.64,2.64,2.64,2.64,100,0
KKH,5,20210215,150000,2.62,2.62,2.6,2.6,500,0
KKH,5,20210215,150500,2.6,2.6,2.6,2.6,1000,0
KKH,5,20210215,151000,2.6,2.6,2.6,2.6,1062,0
KKH,5,20210215,151500,2.6,2.6,2.6,2.6,1216,0
KKH,5,20210215,152000,2.6,2.6,2.6,2.6,838,0
KKH,5,20210215,152500,2.64,2.64,2.64,2.64,2197,0
KKH,5,20210215,153000,2.64,2.64,2.64,2.64,1300,0
KKH,5,20210215,153500,2.62,2.62,2.62,2.62,75,0
KKH,5,20210215,155000,2.66,2.66,2.66,2.66,1550,0
KKH,5,20210215,161000,2.64,2.66,2.64,2.66,10147,0
KKH,5,20210215,161500,2.6,2.6,2.6,2.6,740,0
KKH,5,20210215,162000,2.64,2.64,2.64,2.64,3000,0
KKH,5,20210215,162500,2.66,2.7,2.66,2.7,11747,0
KKH,5,20210215,163000,2.68,2.7,2.68,2.7,9935,0
KKH,5,20210215,163500,2.68,2.68,2.68,2.68,400,0
KKH,5,20210215,164000,2.68,2.7,2.68,2.7,13500,0
KKH,5,20210215,164500,2.7,2.7,2.7,2.7,9007,0
KKH,5,20210216,090000,2.72,2.72,2.42,2.52,42880,0
KKH,5,20210216,090500,2.6,2.6,2.5,2.6,15817,0
KKH,5,20210216,091000,2.52,2.6,2.48,2.48,7998,0
KKH,5,20210216,091500,2.48,2.58,2.48,2.52,13588,0
KKH,5,20210216,092000,2.58,2.58,2.56,2.56,1695,0
KKH,5,20210216,092500,2.58,2.58,2.56,2.56,1998,0
KKH,5,20210216,093000,2.58,2.58,2.58,2.58,200,0
KKH,5,20210216,093500,2.58,2.6,2.58,2.6,9504,0
KKH,5,20210216,094000,2.6,2.62,2.6,2.62,6599,0
KKH,5,20210216,094500,2.62,2.62,2.62,2.62,7000,0
KKH,5,20210216,095000,2.62,2.62,2.56,2.56,10402,0
KKH,5,20210216,095500,2.62,2.62,2.62,2.62,1179,0
KKH,5,20210216,100000,2.62,2.62,2.62,2.62,3302,0
KKH,5,20210216,100500,2.6,2.6,2.6,2.6,1200,0
KKH,5,20210216,101000,2.58,2.58,2.52,2.52,4424,0
KKH,5,20210216,101500,2.62,2.62,2.62,2.62,42,0
KKH,5,20210216,102000,2.52,2.52,2.52,2.52,2476,0
KKH,5,20210216,102500,2.52,2.52,2.48,2.48,24159,0
KKH,5,20210216,103000,2.46,2.46,2.4,2.44,19398,0
KKH,5,20210216,103500,2.44,2.52,2.42,2.52,3066,0
KKH,5,20210216,104000,2.52,2.52,2.52,2.52,814,0
KKH,5,20210216,104500,2.46,2.46,2.46,2.46,27,0
KKH,5,20210216,105000,2.5,2.5,2.5,2.5,530,0
KKH,5,20210216,105500,2.5,2.5,2.5,2.5,26,0
KKH,5,20210216,110000,2.5,2.5,2.5,2.5,444,0
KKH,5,20210216,110500,2.52,2.52,2.52,2.52,1000,0
KKH,5,20210216,111000,2.52,2.52,2.52,2.52,1000,0
KKH,5,20210216,111500,2.5,2.52,2.5,2.52,1533,0
KKH,5,20210216,112000,2.54,2.54,2.54,2.54,2993,0
KKH,5,20210216,113000,2.5,2.5,2.5,2.5,1000,0
KKH,5,20210216,114000,2.5,2.52,2.5,2.52,1093,0
KKH,5,20210216,114500,2.52,2.52,2.5,2.5,2700,0
KKH,5,20210216,120000,2.52,2.54,2.52,2.54,879,0
KKH,5,20210216,123000,2.52,2.52,2.52,2.52,1000,0
KKH,5,20210216,124500,2.54,2.54,2.54,2.54,380,0
KKH,5,20210216,130000,2.52,2.52,2.5,2.5,674,0
KKH,5,20210216,130500,2.5,2.5,2.48,2.5,9432,0
KKH,5,20210216,131000,2.5,2.5,2.5,2.5,200,0
KKH,5,20210216,131500,2.46,2.46,2.46,2.46,927,0
KKH,5,20210216,132500,2.46,2.46,2.36,2.36,20710,0
KKH,5,20210216,133000,2.4,2.4,2.4,2.4,1472,0
KKH,5,20210216,133500,2.4,2.5,2.4,2.42,5223,0
KKH,5,20210216,134000,2.42,2.42,2.42,2.42,820,0
KKH,5,20210216,134500,2.42,2.42,2.42,2.42,2830,0
KKH,5,20210216,135500,2.46,2.46,2.44,2.46,2993,0
KKH,5,20210216,140500,2.46,2.46,2.42,2.42,242,0
KKH,5,20210216,142500,2.42,2.42,2.4,2.4,2769,0
KKH,5,20210216,143000,2.38,2.38,2.38,2.38,1000,0
KKH,5,20210216,143500,2.38,2.38,2.38,2.38,230,0
KKH,5,20210216,150000,2.38,2.38,2.36,2.36,4300,0
KKH,5,20210216,150500,2.36,2.38,2.32,2.38,9787,0
KKH,5,20210216,151000,2.38,2.38,2.38,2.38,460,0
KKH,5,20210216,152000,2.38,2.38,2.36,2.36,5465,0
KKH,5,20210216,152500,2.34,2.34,2.34,2.34,1638,0
KKH,5,20210216,153000,2.34,2.34,2.34,2.34,3318,0
KKH,5,20210216,153500,2.34,2.34,2.34,2.34,345,0
KKH,5,20210216,154000,2.36,2.36,2.36,2.36,50,0
KKH,5,20210216,154500,2.36,2.36,2.32,2.32,500,0
KKH,5,20210216,155000,2.36,2.36,2.36,2.36,212,0
KKH,5,20210216,155500,2.32,2.32,2.32,2.32,1782,0
KKH,5,20210216,160000,2.32,2.32,2.32,2.32,2653,0
KKH,5,20210216,160500,2.34,2.34,2.32,2.34,1286,0
KKH,5,20210216,161000,2.36,2.36,2.32,2.32,694,0
KKH,5,20210216,161500,2.36,2.36,2.32,2.32,3680,0
KKH,5,20210216,162000,2.32,2.4,2.32,2.4,520,0
KKH,5,20210216,163000,2.38,2.38,2.38,2.38,1000,0
KKH,5,20210216,164000,2.38,2.38,2.36,2.36,684,0
KKH,5,20210216,164500,2.36,2.4,2.36,2.4,11295,0
KKH,5,20210217,090000,2.4,2.4,2.28,2.34,14977,0
KKH,5,20210217,090500,2.38,2.4,2.28,2.28,5624,0
KKH,5,20210217,091000,2.32,2.34,2.3,2.34,3023,0
KKH,5,20210217,091500,2.3,2.3,2.28,2.28,4104,0
KKH,5,20210217,092500,2.28,2.3,2.24,2.3,3949,0
KKH,5,20210217,093000,2.26,2.28,2.22,2.24,7504,0
KKH,5,20210217,093500,2.22,2.22,2.2,2.2,14298,0
KKH,5,20210217,094000,2.24,2.24,2.18,2.18,14520,0
KKH,5,20210217,094500,2.18,2.18,2.16,2.18,13311,0
KKH,5,20210217,095000,2.18,2.2,2.18,2.2,8728,0
KKH,5,20210217,095500,2.2,2.2,2.18,2.18,2690,0
KKH,5,20210217,100000,2.18,2.18,2.16,2.16,19461,0
KKH,5,20210217,100500,2.16,2.18,2.16,2.18,22713,0
KKH,5,20210217,101000,2.18,2.18,2.12,2.14,7904,0
KKH,5,20210217,101500,2.12,2.12,2.06,2.06,22396,0
KKH,5,20210217,102000,2.04,2.16,2.04,2.16,15807,0
KKH,5,20210217,102500,2.16,2.16,2.1,2.1,8521,0
KKH,5,20210217,103000,2.1,2.1,2.1,2.1,4619,0
KKH,5,20210217,103500,2.1,2.16,2.1,2.16,5100,0
KKH,5,20210217,104000,2.12,2.16,2.12,2.16,1127,0
KKH,5,20210217,104500,2.16,2.18,2.16,2.18,8693,0
KKH,5,20210217,105000,2.18,2.2,2.16,2.2,9017,0
KKH,5,20210217,105500,2.2,2.24,2.2,2.2,4525,0
KKH,5,20210217,110000,2.2,2.2,2.2,2.2,2816,0
KKH,5,20210217,110500,2.2,2.2,2.18,2.18,6301,0
KKH,5,20210217,111000,2.18,2.22,2.18,2.22,779,0
KKH,5,20210217,111500,2.2,2.2,2.2,2.2,300,0
KKH,5,20210217,112500,2.2,2.26,2.18,2.24,5216,0
KKH,5,20210217,113500,2.26,2.26,2.26,2.26,1300,0
KKH,5,20210217,114000,2.26,2.26,2.26,2.26,7510,0
KKH,5,20210217,114500,2.24,2.24,2.2,2.2,5154,0
KKH,5,20210217,115000,2.26,2.26,2.2,2.2,5794,0
KKH,5,20210217,115500,2.24,2.24,2.24,2.24,591,0
KKH,5,20210217,121500,2.22,2.24,2.22,2.24,2898,0
KKH,5,20210217,122000,2.22,2.22,2.22,2.22,4051,0
KKH,5,20210217,123500,2.22,2.24,2.22,2.24,5609,0
KKH,5,20210217,124500,2.24,2.24,2.24,2.24,416,0
KKH,5,20210217,125500,2.24,2.24,2.24,2.24,30,0
KKH,5,20210217,130000,2.24,2.24,2.24,2.24,1,0
KKH,5,20210217,131000,2.24,2.24,2.24,2.24,1169,0
KKH,5,20210217,132500,2.26,2.28,2.26,2.28,6934,0
KKH,5,20210217,134000,2.26,2.26,2.22,2.22,3050,0
KKH,5,20210217,134500,2.22,2.22,2.22,2.22,2500,0
KKH,5,20210217,135500,2.22,2.24,2.2,2.24,6000,0
KKH,5,20210217,140500,2.26,2.26,2.26,2.26,264,0
KKH,5,20210217,144500,2.24,2.24,2.24,2.24,622,0
KKH,5,20210217,145500,2.24,2.24,2.24,2.24,150,0
KKH,5,20210217,150000,2.24,2.24,2.24,2.24,1000,0
KKH,5,20210217,152000,2.2,2.2,2.2,2.2,1435,0
KKH,5,20210217,152500,2.2,2.2,2.18,2.18,6068,0
KKH,5,20210217,153500,2.22,2.22,2.22,2.22,1000,0
KKH,5,20210217,154500,2.2,2.2,2.18,2.18,850,0
KKH,5,20210217,155500,2.2,2.2,2.2,2.2,120,0
KKH,5,20210217,161000,2.18,2.18,2.18,2.18,2000,0
KKH,5,20210217,162000,2.2,2.2,2.2,2.2,2,0
KKH,5,20210217,163500,2.2,2.2,2.2,2.2,2140,0
KKH,5,20210217,164500,2.2,2.2,2.2,2.2,8630,0
KKH,5,20210218,090000,2.14,2.2,2.06,2.2,6350,0
KKH,5,20210218,091000,2.2,2.2,2.2,2.2,1300,0
KKH,5,20210218,091500,2.16,2.2,2.16,2.2,3660,0
KKH,5,20210218,092000,2.16,2.22,2.1,2.22,3801,0
KKH,5,20210218,092500,2.2,2.2,2.12,2.12,400,0
KKH,5,20210218,093000,2.22,2.22,2.1,2.1,2216,0
KKH,5,20210218,093500,2.14,2.2,2.14,2.2,1390,0
KKH,5,20210218,094000,2.22,2.22,2.22,2.22,2500,0
KKH,5,20210218,094500,2.22,2.24,2.14,2.24,2615,0
KKH,5,20210218,095000,2.2,2.2,2.16,2.16,1000,0
KKH,5,20210218,095500,2.22,2.22,2.22,2.22,223,0
KKH,5,20210218,101000,2.22,2.22,2.18,2.18,670,0
KKH,5,20210218,102000,2.18,2.18,2.14,2.14,2738,0
KKH,5,20210218,102500,2.14,2.18,2.14,2.18,1216,0
KKH,5,20210218,103000,2.18,2.18,2.18,2.18,100,0
KKH,5,20210218,104000,2.18,2.18,2.18,2.18,452,0
KKH,5,20210218,105000,2.2,2.2,2.2,2.2,500,0
KKH,5,20210218,105500,2.2,2.2,2.2,2.2,500,0
KKH,5,20210218,110000,2.2,2.2,2.2,2.2,500,0
KKH,5,20210218,113000,2.16,2.16,2.14,2.14,3169,0
KKH,5,20210218,120500,2.14,2.14,2.14,2.14,300,0
KKH,5,20210218,122000,2.2,2.2,2.2,2.2,101,0
KKH,5,20210218,122500,2.14,2.14,2.14,2.14,895,0
KKH,5,20210218,123000,2.14,2.14,2.14,2.14,105,0
KKH,5,20210218,124500,2.16,2.16,2.16,2.16,1000,0
KKH,5,20210218,125500,2.14,2.14,2.1,2.1,2458,0
KKH,5,20210218,130000,2.1,2.1,2.04,2.04,20677,0
KKH,5,20210218,130500,2.08,2.08,2.02,2.04,31040,0
KKH,5,20210218,131500,2.14,2.14,2.14,2.14,524,0
KKH,5,20210218,132000,2.14,2.14,2.14,2.14,100,0
KKH,5,20210218,133500,2.12,2.14,2.12,2.14,1171,0
KKH,5,20210218,134500,2.1,2.1,2.1,2.1,258,0
KKH,5,20210218,135000,2.1,2.1,2.08,2.08,1325,0
KKH,5,20210218,142000,2.14,2.14,2.14,2.14,1623,0
KKH,5,20210218,150000,2.16,2.16,2.14,2.14,649,0
KKH,5,20210218,151500,2.14,2.14,2.14,2.14,5000,0
KKH,5,20210218,152000,2.14,2.14,2.14,2.14,173,0
KKH,5,20210218,153000,2.16,2.16,2.16,2.16,950,0
KKH,5,20210218,155000,2.14,2.14,2.1,2.1,8700,0
KKH,5,20210218,160000,2.16,2.16,2.16,2.16,231,0
KKH,5,20210218,160500,2.1,2.1,2.1,2.1,1000,0
KKH,5,20210218,161000,2.08,2.08,2.08,2.08,4000,0
KKH,5,20210218,162000,2.08,2.08,2.08,2.08,800,0
KKH,5,20210218,162500,2.08,2.08,2.08,2.08,500,0
KKH,5,20210218,163500,2.08,2.08,2.06,2.06,290,0
KKH,5,20210218,164000,2.06,2.06,2.06,2.06,7395,0
KKH,5,20210218,164500,2.1,2.1,2.08,2.1,1102,0
KKH,5,20210219,090000,2.04,2.04,1.96,1.99,16558,0
KKH,5,20210219,090500,2,2.06,1.96,2.06,1700,0
KKH,5,20210219,091000,2.04,2.06,2.04,2.06,2402,0
KKH,5,20210219,091500,2,2.02,1.98,2.02,3700,0
KKH,5,20210219,092000,2.02,2.02,1.99,1.99,5950,0
KKH,5,20210219,092500,2.02,2.04,2.02,2.04,7300,0
KKH,5,20210219,093000,2.02,2.02,2,2,7100,0
KKH,5,20210219,093500,2.04,2.04,2.02,2.02,2968,0
KKH,5,20210219,094000,2.02,2.02,2.02,2.02,404,0
KKH,5,20210219,094500,2.02,2.02,1.99,1.99,2966,0
KKH,5,20210219,100000,2.04,2.04,2.04,2.04,667,0
KKH,5,20210219,101500,2.02,2.04,1.97,1.97,6300,0
KKH,5,20210219,102000,2,2,2,2,2000,0
KKH,5,20210219,102500,2,2.04,2,2.04,2700,0
KKH,5,20210219,103000,2.04,2.04,1.99,1.99,1745,0
KKH,5,20210219,103500,1.99,1.99,1.97,1.97,6000,0
KKH,5,20210219,104000,2,2,1.96,1.96,5000,0
KKH,5,20210219,104500,2.02,2.02,2.02,2.02,1,0
KKH,5,20210219,105000,2.02,2.02,2.02,2.02,101,0
KKH,5,20210219,105500,2,2,2,2,382,0
KKH,5,20210219,110000,1.98,1.98,1.98,1.98,1618,0
KKH,5,20210219,110500,2,2,2,2,300,0
KKH,5,20210219,112500,1.98,1.98,1.97,1.97,13493,0
KKH,5,20210219,114000,1.98,2,1.98,2,901,0
KKH,5,20210219,114500,2,2,2,2,997,0
KKH,5,20210219,120000,2,2.06,2,2.06,11600,0
KKH,5,20210219,120500,2.06,2.06,2.06,2.06,976,0
KKH,5,20210219,123000,2.06,2.06,2.06,2.06,4410,0
KKH,5,20210219,123500,2,2,2,2,1700,0
KKH,5,20210219,124500,2,2,1.98,1.98,8936,0
KKH,5,20210219,131500,2.06,2.06,2.06,2.06,500,0
KKH,5,20210219,142500,2,2,2,2,3211,0
KKH,5,20210219,143500,2.04,2.04,2.04,2.04,1700,0
KKH,5,20210219,150500,2.04,2.04,2.04,2.04,490,0
KKH,5,20210219,151000,2.02,2.02,2,2,1000,0
KKH,5,20210219,153000,2.02,2.02,2,2,1000,0
KKH,5,20210219,161000,2.02,2.02,1.98,1.98,21249,0
KKH,5,20210219,161500,1.98,2,1.98,2,7500,0
KKH,5,20210219,162000,2,2,2,2,2500,0
KKH,5,20210219,162500,2,2.06,2,2.06,2570,0
KKH,5,20210219,164500,1.98,2.06,1.97,2.06,14151,0
KKH,5,20210222,090000,2.1,2.2,2.06,2.06,25343,0
KKH,5,20210222,090500,2.08,2.08,2.06,2.06,2633,0
KKH,5,20210222,091000,2.08,2.08,2.02,2.02,5500,0
KKH,5,20210222,091500,2.16,2.16,2.04,2.04,150,0
KKH,5,20210222,092500,2.1,2.1,2.1,2.1,349,0
KKH,5,20210222,093000,2.06,2.06,2.06,2.06,452,0
KKH,5,20210222,094500,2.1,2.1,2.06,2.06,2600,0
KKH,5,20210222,100000,2.08,2.08,2.06,2.06,1000,0
KKH,5,20210222,101500,2.14,2.14,2.14,2.14,250,0
KKH,5,20210222,102000,2.14,2.14,2.14,2.14,500,0
KKH,5,20210222,103500,2.12,2.14,2.12,2.14,400,0
KKH,5,20210222,104000,2.14,2.14,2.14,2.14,150,0
KKH,5,20210222,104500,2.14,2.14,2.14,2.14,928,0
KKH,5,20210222,105000,2.14,2.14,2.14,2.14,692,0
KKH,5,20210222,110000,2.14,2.14,2.14,2.14,445,0
KKH,5,20210222,110500,2.14,2.14,2.14,2.14,255,0
KKH,5,20210222,112000,2.16,2.16,2.16,2.16,364,0
KKH,5,20210222,113000,2.16,2.16,2.16,2.16,433,0
KKH,5,20210222,114000,2.14,2.14,2.1,2.1,1500,0
KKH,5,20210222,114500,2.16,2.16,2.16,2.16,50,0
KKH,5,20210222,121500,2.16,2.16,2.16,2.16,691,0
KKH,5,20210222,123000,2.16,2.16,2.16,2.16,280,0
KKH,5,20210222,123500,2.14,2.14,2.14,2.14,2000,0
KKH,5,20210222,125000,2.1,2.1,2.1,2.1,364,0
KKH,5,20210222,130000,2.14,2.14,2.14,2.14,20,0
KKH,5,20210222,131500,2.12,2.12,2.12,2.12,1000,0
KKH,5,20210222,133000,2.12,2.12,2.1,2.1,3000,0
KKH,5,20210222,134500,2.12,2.12,2.1,2.1,1620,0
KKH,5,20210222,140500,2.14,2.14,2.14,2.14,3010,0
KKH,5,20210222,142000,2.12,2.12,2.12,2.12,1280,0
KKH,5,20210222,145000,2.12,2.12,2.12,2.12,300,0
KKH,5,20210222,145500,2.1,2.1,2.1,2.1,1370,0
KKH,5,20210222,150000,2.08,2.1,2.08,2.1,3000,0
KKH,5,20210222,151000,2.12,2.12,2.12,2.12,44,0
KKH,5,20210222,151500,2.14,2.16,2.14,2.16,12652,0
KKH,5,20210222,152000,2.16,2.16,2.16,2.16,4974,0
KKH,5,20210222,152500,2.16,2.18,2.16,2.18,12591,0
KKH,5,20210222,153000,2.2,2.26,2.2,2.26,12934,0
KKH,5,20210222,153500,2.26,2.34,2.18,2.34,2461,0
KKH,5,20210222,154000,2.32,2.32,2.26,2.28,3850,0
KKH,5,20210222,155000,2.24,2.24,2.24,2.24,100,0
KKH,5,20210222,155500,2.28,2.28,2.28,2.28,200,0
KKH,5,20210222,160500,2.26,2.28,2.26,2.28,2900,0
KKH,5,20210222,161000,2.24,2.24,2.24,2.24,1000,0
KKH,5,20210222,161500,2.26,2.26,2.26,2.26,308,0
KKH,5,20210222,163500,2.26,2.26,2.26,2.26,3760,0
KKH,5,20210222,164000,2.28,2.28,2.28,2.28,603,0
KKH,5,20210222,164500,2.28,2.28,2.28,2.28,1695,0
KKH,5,20210223,090000,2.28,2.28,2.2,2.2,17588,0
KKH,5,20210223,091000,2.22,2.3,2.22,2.3,2122,0
KKH,5,20210223,091500,2.32,2.32,2.32,2.32,200,0
KKH,5,20210223,092000,2.36,2.36,2.32,2.32,6010,0
KKH,5,20210223,093000,2.32,2.32,2.32,2.32,100,0
KKH,5,20210223,093500,2.32,2.5,2.32,2.5,24679,0
KKH,5,20210223,094000,2.48,2.48,2.42,2.42,324,0
KKH,5,20210223,094500,2.38,2.4,2.32,2.4,3500,0
KKH,5,20210223,095000,2.38,2.38,2.38,2.38,154,0
KKH,5,20210223,095500,2.36,2.36,2.36,2.36,1500,0
KKH,5,20210223,100000,2.38,2.5,2.38,2.5,21250,0
KKH,5,20210223,100500,2.4,2.4,2.4,2.4,1340,0
KKH,5,20210223,101000,2.4,2.44,2.4,2.44,1600,0
KKH,5,20210223,102000,2.44,2.44,2.4,2.4,1812,0
KKH,5,20210223,103000,2.4,2.4,2.4,2.4,425,0
KKH,5,20210223,104500,2.4,2.44,2.4,2.44,714,0
KKH,5,20210223,105000,2.38,2.38,2.28,2.28,6330,0
KKH,5,20210223,105500,2.36,2.46,2.36,2.46,4240,0
KKH,5,20210223,110000,2.46,2.46,2.44,2.44,3800,0
KKH,5,20210223,111500,2.36,2.36,2.3,2.3,2000,0
KKH,5,20210223,112000,2.4,2.4,2.4,2.4,5,0
KKH,5,20210223,114000,2.38,2.38,2.38,2.38,204,0
KKH,5,20210223,122000,2.38,2.38,2.34,2.34,4640,0
KKH,5,20210223,122500,2.34,2.34,2.34,2.34,3000,0
KKH,5,20210223,123000,2.34,2.34,2.34,2.34,360,0
KKH,5,20210223,123500,2.32,2.32,2.32,2.32,4000,0
KKH,5,20210223,125500,2.34,2.34,2.34,2.34,300,0
KKH,5,20210223,130500,2.32,2.32,2.32,2.32,3593,0
KKH,5,20210223,131500,2.3,2.3,2.3,2.3,5000,0
KKH,5,20210223,132000,2.3,2.3,2.28,2.28,1445,0
KKH,5,20210223,132500,2.28,2.28,2.28,2.28,87,0
KKH,5,20210223,133000,2.28,2.28,2.26,2.26,1700,0
KKH,5,20210223,134000,2.28,2.28,2.28,2.28,700,0
KKH,5,20210223,134500,2.3,2.3,2.3,2.3,1000,0
KKH,5,20210223,143000,2.32,2.32,2.32,2.32,800,0
KKH,5,20210223,143500,2.3,2.3,2.26,2.26,5849,0
KKH,5,20210223,144000,2.24,2.26,2.2,2.2,14364,0
KKH,5,20210223,144500,2.18,2.18,2.16,2.16,3900,0
KKH,5,20210223,145500,2.18,2.18,2.18,2.18,600,0
KKH,5,20210223,150000,2.2,2.2,2.18,2.18,1229,0
KKH,5,20210223,150500,2.28,2.28,2.28,2.28,1765,0
KKH,5,20210223,151000,2.18,2.18,2.1,2.1,25000,0
KKH,5,20210223,151500,2.2,2.2,2.2,2.2,600,0
KKH,5,20210223,152000,2.14,2.32,2.14,2.32,2816,0
KKH,5,20210223,152500,2.3,2.3,2.3,2.3,10,0
KKH,5,20210223,160000,2.14,2.2,2.14,2.2,3450,0
KKH,5,20210223,160500,2.18,2.18,2.18,2.18,900,0
KKH,5,20210223,164000,2.2,2.24,2.2,2.24,2522,0
KKH,5,20210224,090000,2.3,2.3,2.3,2.3,5000,0
KKH,5,20210224,092000,2.22,2.22,2.12,2.2,10596,0
KKH,5,20210224,092500,2.16,2.16,2.16,2.16,860,0
KKH,5,20210224,093500,2.14,2.14,2.12,2.12,4894,0
KKH,5,20210224,094000,2.12,2.12,2.12,2.12,2000,0
KKH,5,20210224,094500,2.14,2.14,2.14,2.14,750,0
KKH,5,20210224,095000,2.14,2.14,2.12,2.12,7684,0
KKH,5,20210224,100500,2.18,2.18,2.18,2.18,5,0
KKH,5,20210224,101000,2.14,2.14,2.14,2.14,450,0
KKH,5,20210224,102000,2.18,2.18,2.18,2.18,233,0
KKH,5,20210224,102500,2.18,2.18,2.18,2.18,1482,0
KKH,5,20210224,103000,2.2,2.2,2.2,2.2,200,0
KKH,5,20210224,111000,2.24,2.24,2.24,2.24,50,0
KKH,5,20210224,111500,2.24,2.24,2.24,2.24,2000,0
KKH,5,20210224,112000,2.24,2.24,2.24,2.24,880,0
KKH,5,20210224,115000,2.2,2.2,2.2,2.2,60,0
KKH,5,20210224,120500,2.24,2.24,2.24,2.24,1570,0
KKH,5,20210224,121000,2.24,2.24,2.24,2.24,150,0
KKH,5,20210224,121500,2.24,2.24,2.24,2.24,1280,0
KKH,5,20210224,131500,2.16,2.16,2.16,2.16,2050,0
KKH,5,20210224,133500,2.16,2.16,2.16,2.16,230,0
KKH,5,20210224,134000,2.16,2.16,2.16,2.16,1450,0
KKH,5,20210224,134500,2.18,2.18,2.18,2.18,400,0
KKH,5,20210224,135000,2.18,2.18,2.18,2.18,220,0
KKH,5,20210224,142000,2.24,2.24,2.24,2.24,500,0
KKH,5,20210224,150500,2.24,2.24,2.24,2.24,240,0
KKH,5,20210224,160500,2.24,2.24,2.24,2.24,500,0
KKH,5,20210224,161000,2.24,2.24,2.24,2.24,150,0
KKH,5,20210224,163000,2.24,2.24,2.24,2.24,1300,0
KKH,5,20210225,091500,2.2,2.26,2.2,2.26,2,0
KKH,5,20210225,092000,2.22,2.22,2.22,2.22,852,0
KKH,5,20210225,094000,2.22,2.22,2.22,2.22,48,0
KKH,5,20210225,101000,2.22,2.22,2.22,2.22,452,0
KKH,5,20210225,102000,2.26,2.26,2.26,2.26,199,0
KKH,5,20210225,104500,2.28,2.28,2.28,2.28,1000,0
KKH,5,20210225,110500,2.26,2.26,2.26,2.26,50,0
KKH,5,20210225,111000,2.22,2.22,2.22,2.22,797,0
KKH,5,20210225,121500,2.2,2.2,2.16,2.16,4100,0
KKH,5,20210225,124000,2.26,2.26,2.26,2.26,190,0
KKH,5,20210225,130000,2.18,2.18,2.18,2.18,800,0
KKH,5,20210225,132000,2.18,2.18,2.14,2.14,1000,0
KKH,5,20210225,142500,2.22,2.22,2.22,2.22,500,0
KKH,5,20210225,143500,2.22,2.22,2.22,2.22,500,0
KKH,5,20210225,154000,2.18,2.18,2.18,2.18,500,0
KKH,5,20210225,155500,2.18,2.18,2.18,2.18,1000,0
KKH,5,20210225,160500,2.16,2.16,2.16,2.16,355,0
KKH,5,20210225,161000,2.18,2.24,2.18,2.24,1300,0
KKH,5,20210225,162500,2.18,2.22,2.16,2.22,1200,0
KKH,5,20210225,163500,2.18,2.18,2.14,2.14,2500,0
KKH,5,20210225,164000,2.22,2.22,2.22,2.22,10,0
KKH,5,20210226,090000,2.12,2.14,2.12,2.12,4788,0
KKH,5,20210226,090500,2.16,2.16,2.16,2.16,550,0
KKH,5,20210226,091000,2.14,2.2,2.12,2.2,6723,0
KKH,5,20210226,093000,2.14,2.14,2.14,2.14,190,0
KKH,5,20210226,094500,2.14,2.14,2.14,2.14,1000,0
KKH,5,20210226,095000,2.14,2.14,2.12,2.12,2000,0
KKH,5,20210226,101000,2.12,2.12,2.12,2.12,590,0
KKH,5,20210226,102000,2.12,2.12,2.12,2.12,5000,0
KKH,5,20210226,105500,2.14,2.14,2.1,2.1,4600,0
KKH,5,20210226,110000,2.1,2.1,2.1,2.1,2453,0
KKH,5,20210226,112500,2.1,2.1,2.1,2.1,800,0
KKH,5,20210226,113000,2.1,2.1,2.1,2.1,486,0
KKH,5,20210226,113500,2.1,2.1,2.1,2.1,107,0
KKH,5,20210226,114000,2.1,2.16,2.1,2.16,380,0
KKH,5,20210226,115500,2.16,2.16,2.16,2.16,870,0
KKH,5,20210226,120500,2.16,2.16,2.1,2.1,2130,0
KKH,5,20210226,125500,2.14,2.14,2.14,2.14,4500,0
KKH,5,20210226,132500,2.14,2.14,2.14,2.14,2105,0
KKH,5,20210226,141000,2.14,2.18,2.14,2.18,1990,0
KKH,5,20210226,141500,2.2,2.2,2.2,2.2,3163,0
KKH,5,20210226,142500,2.22,2.22,2.22,2.22,1100,0
KKH,5,20210226,143500,2.18,2.18,2.14,2.14,808,0
KKH,5,20210226,144500,2.14,2.14,2.14,2.14,214,0
KKH,5,20210226,162000,2.16,2.16,2.16,2.16,110,0
KKH,5,20210226,164000,2.16,2.16,2.16,2.16,1500,0
KKH,5,20210301,090000,2.12,2.12,2.12,2.12,2000,0
KKH,5,20210301,091000,2.12,2.12,2.12,2.12,1036,0
KKH,5,20210301,093000,2.14,2.18,2.14,2.18,2800,0
KKH,5,20210301,093500,2.18,2.2,2.18,2.2,639,0
KKH,5,20210301,095000,2.2,2.2,2.2,2.2,3161,0
KKH,5,20210301,095500,2.22,2.22,2.22,2.22,1465,0
KKH,5,20210301,100000,2.24,2.24,2.14,2.14,1937,0
KKH,5,20210301,101500,2.2,2.2,2.2,2.2,2,0
KKH,5,20210301,103500,2.14,2.14,2.14,2.14,13,0
KKH,5,20210301,111500,2.16,2.16,2.16,2.16,1000,0
KKH,5,20210301,115000,2.14,2.14,2.14,2.14,2190,0
KKH,5,20210301,124000,2.14,2.14,2.14,2.14,600,0
KKH,5,20210301,125000,2.14,2.14,2.14,2.14,1400,0
KKH,5,20210301,125500,2.12,2.12,2.12,2.12,700,0
KKH,5,20210301,130000,2.12,2.12,2.12,2.12,500,0
KKH,5,20210301,130500,2.14,2.14,2.14,2.14,200,0
KKH,5,20210301,134000,2.12,2.12,2.12,2.12,1,0
KKH,5,20210301,135000,2.14,2.14,2.14,2.14,800,0
KKH,5,20210301,135500,2.14,2.14,2.14,2.14,1700,0
KKH,5,20210301,140500,2.14,2.14,2.12,2.12,2000,0
KKH,5,20210301,143000,2.18,2.18,2.18,2.18,912,0
KKH,5,20210301,144000,2.18,2.18,2.18,2.18,1,0
KKH,5,20210301,150500,2.12,2.18,2.12,2.18,9922,0
KKH,5,20210301,155500,2.16,2.16,2.16,2.16,231,0
KKH,5,20210301,163000,2.1,2.1,2.06,2.06,8000,0
KKH,5,20210301,164500,2.06,2.06,2.06,2.06,1769,0
KKH,5,20210302,090000,2.06,2.06,2.06,2.06,3500,0
KKH,5,20210302,090500,2.14,2.14,2.14,2.14,90,0
KKH,5,20210302,092500,2.12,2.12,2.12,2.12,300,0
KKH,5,20210302,093000,2.14,2.14,2.14,2.14,1122,0
KKH,5,20210302,100000,2.08,2.08,2.08,2.08,788,0
KKH,5,20210302,101500,2.08,2.08,2.08,2.08,1000,0
KKH,5,20210302,103000,2.08,2.08,2.08,2.08,500,0
KKH,5,20210302,105500,2.1,2.1,2.08,2.08,2672,0
KKH,5,20210302,110000,2.06,2.06,2.06,2.06,791,0
KKH,5,20210302,111000,2.06,2.06,2.06,2.06,788,0
KKH,5,20210302,120000,2.06,2.08,2.06,2.08,1800,0
KKH,5,20210302,120500,2.04,2.04,2.04,2.04,100,0
KKH,5,20210302,121000,2.06,2.06,2.06,2.06,1000,0
KKH,5,20210302,125500,2.06,2.06,2.06,2.06,100,0
KKH,5,20210302,134000,2.06,2.06,2.04,2.04,1065,0
KKH,5,20210302,140500,2.06,2.06,2.06,2.06,200,0
KKH,5,20210302,143500,2.06,2.06,2.06,2.06,483,0
KKH,5,20210302,145000,2.06,2.06,2.06,2.06,17,0
KKH,5,20210302,155000,2.08,2.08,2.08,2.08,50,0
KKH,5,20210302,163000,2.1,2.1,2.1,2.1,5,0
KKH,5,20210302,164500,2.1,2.1,2.1,2.1,890,0
KKH,5,20210303,090500,2.12,2.12,2.12,2.12,400,0
KKH,5,20210303,091500,2.1,2.1,2.1,2.1,1117,0
KKH,5,20210303,092500,2.1,2.1,2.1,2.1,1283,0
KKH,5,20210303,102000,2.06,2.06,2.06,2.06,618,0
KKH,5,20210303,110000,2.1,2.1,2.1,2.1,500,0
KKH,5,20210303,112500,2.1,2.1,2.1,2.1,2,0
KKH,5,20210303,132500,2.08,2.08,2.08,2.08,100,0
KKH,5,20210303,135500,2.06,2.06,2.04,2.04,2632,0
KKH,5,20210303,140000,2.06,2.06,2.06,2.06,1600,0
KKH,5,20210303,142000,2.06,2.06,2.06,2.06,1500,0
KKH,5,20210303,142500,2.06,2.06,2.06,2.06,1000,0
KKH,5,20210303,143000,2.04,2.04,2.04,2.04,200,0
KKH,5,20210303,143500,2.04,2.04,2.04,2.04,100,0
KKH,5,20210303,144000,2.04,2.04,2.04,2.04,1200,0
KKH,5,20210303,145500,2.04,2.04,2.04,2.04,6000,0
KKH,5,20210303,150000,2.04,2.04,2.04,2.04,672,0
KKH,5,20210303,151000,2.04,2.06,2.04,2.06,3414,0
KKH,5,20210303,151500,2.04,2.04,2.04,2.04,262,0
KKH,5,20210303,152000,2.02,2.02,2,2,13538,0
KKH,5,20210303,154000,2.02,2.02,2.02,2.02,877,0
KKH,5,20210303,155000,2.06,2.06,2.06,2.06,96,0
KKH,5,20210303,155500,2.06,2.06,2.06,2.06,123,0
KKH,5,20210303,161500,2.06,2.06,2.06,2.06,430,0
KKH,5,20210303,162000,2.06,2.06,2.06,2.06,307,0
KKH,5,20210303,162500,2.08,2.08,2.08,2.08,235,0
KKH,5,20210303,163500,2.06,2.06,2.06,2.06,1000,0
KKH,5,20210303,164500,2.06,2.06,2.06,2.06,592,0
KKH,5,20210304,092000,2.06,2.06,2.06,2.06,350,0
KKH,5,20210304,093500,2,2,2,2,650,0
KKH,5,20210304,094000,2.06,2.06,2.06,2.06,490,0
KKH,5,20210304,101000,2,2,2,2,2347,0
KKH,5,20210304,101500,2.06,2.06,2.06,2.06,335,0
KKH,5,20210304,102000,2,2,2,2,3903,0
KKH,5,20210304,102500,2,2,1.98,1.98,8356,0
KKH,5,20210304,103000,2,2,1.97,1.97,1450,0
KKH,5,20210304,103500,1.98,2,1.98,2,4414,0
KKH,5,20210304,104000,2.02,2.02,2,2.02,1336,0
KKH,5,20210304,111000,2,2,2,2,3050,0
KKH,5,20210304,112000,2.02,2.02,2.02,2.02,1414,0
KKH,5,20210304,115500,2.02,2.02,2.02,2.02,950,0
KKH,5,20210304,125500,2.02,2.02,2.02,2.02,50,0
KKH,5,20210304,134500,2,2,2,2,749,0
KKH,5,20210304,135000,2.04,2.04,2.04,2.04,200,0
KKH,5,20210304,141000,2.04,2.04,2.04,2.04,100,0
KKH,5,20210304,144000,2.06,2.08,2.06,2.08,1461,0
KKH,5,20210304,150500,2.08,2.08,2.08,2.08,700,0
KKH,5,20210304,163500,2.04,2.04,2.04,2.04,1,0
KKH,5,20210304,164500,2.08,2.08,2.08,2.08,541,0
KKH,5,20210305,091000,2,2,2,2,1200,0
KKH,5,20210305,091500,2.02,2.02,2.02,2.02,1000,0
KKH,5,20210305,092000,2.02,2.06,2.02,2.06,6580,0
KKH,5,20210305,094500,2.04,2.04,2.04,2.04,104,0
KKH,5,20210305,095500,2.04,2.04,2.04,2.04,1300,0
KKH,5,20210305,100500,2.08,2.08,2.08,2.08,138,0
KKH,5,20210305,101000,2.08,2.12,2.08,2.08,7790,0
KKH,5,20210305,112000,2.04,2.08,2.04,2.08,2455,0
KKH,5,20210305,123500,2.04,2.04,2.04,2.04,600,0
KKH,5,20210305,125500,2.04,2.04,2.04,2.04,400,0
KKH,5,20210305,134500,2.04,2.04,2.04,2.04,1500,0
KKH,5,20210305,145000,2.04,2.04,2.04,2.04,2399,0
KKH,5,20210305,150000,2.02,2.02,2.02,2.02,2800,0
KKH,5,20210305,150500,2.02,2.02,2,2,1500,0
KKH,5,20210305,153000,2,2,2,2,700,0
KKH,5,20210305,164000,2.04,2.04,2.04,2.04,1,0
KKH,5,20210305,164500,2.04,2.08,2.04,2.08,412,0
KKH,5,20210308,090500,2.04,2.06,2.04,2.06,650,0
KKH,5,20210308,091000,2.04,2.04,2.04,2.04,200,0
KKH,5,20210308,092500,2.04,2.04,2.04,2.04,1377,0
KKH,5,20210308,093500,2.06,2.06,2,2,9557,0
KKH,5,20210308,094000,2,2,1.99,1.99,5763,0
KKH,5,20210308,094500,2,2.04,2,2.04,1537,0
KKH,5,20210308,095500,2,2,1.99,1.99,2332,0
KKH,5,20210308,100000,1.99,1.99,1.99,1.99,200,0
KKH,5,20210308,101000,2,2,2,2,3218,0
KKH,5,20210308,102000,2,2.02,2,2.02,1430,0
KKH,5,20210308,102500,2,2,2,2,1200,0
KKH,5,20210308,103500,2.02,2.02,2.02,2.02,500,0
KKH,5,20210308,105000,2.02,2.02,2.02,2.02,810,0
KKH,5,20210308,105500,2.02,2.02,2.02,2.02,200,0
KKH,5,20210308,111000,2.02,2.02,1.99,1.99,2200,0
KKH,5,20210308,111500,1.99,1.99,1.99,1.99,400,0
KKH,5,20210308,114000,1.99,1.99,1.99,1.99,2000,0
KKH,5,20210308,115000,1.99,1.99,1.99,1.99,244,0
KKH,5,20210308,123500,1.99,1.99,1.99,1.99,1000,0
KKH,5,20210308,124500,1.99,1.99,1.99,1.99,640,0
KKH,5,20210308,125000,1.98,1.98,1.98,1.98,360,0
KKH,5,20210308,125500,1.98,1.98,1.98,1.98,2500,0
KKH,5,20210308,131000,1.98,1.98,1.95,1.95,40000,0
KKH,5,20210308,133500,1.97,1.97,1.97,1.97,1000,0
KKH,5,20210308,134000,1.97,1.97,1.97,1.97,72,0
KKH,5,20210308,134500,1.97,1.97,1.97,1.97,928,0
KKH,5,20210308,135000,1.96,1.96,1.96,1.96,2400,0
KKH,5,20210308,140000,1.97,1.97,1.97,1.97,2700,0
KKH,5,20210308,141500,1.96,2,1.96,2,2197,0
KKH,5,20210308,145000,2,2,2,2,497,0
KKH,5,20210308,145500,1.98,1.98,1.98,1.98,2000,0
KKH,5,20210308,151500,1.98,1.98,1.98,1.98,100,0
KKH,5,20210308,152500,1.99,1.99,1.99,1.99,50,0
KKH,5,20210309,090000,1.99,1.99,1.99,1.99,500,0
KKH,5,20210309,092000,1.96,1.96,1.96,1.96,516,0
KKH,5,20210309,093500,1.99,2,1.99,2,418,0
KKH,5,20210309,094500,2,2,2,2,140,0
KKH,5,20210309,103000,1.97,1.97,1.93,1.93,7069,0
KKH,5,20210309,103500,1.95,1.99,1.94,1.99,862,0
KKH,5,20210309,111500,1.96,1.96,1.96,1.96,2404,0
KKH,5,20210309,112000,1.96,1.96,1.96,1.96,6000,0
KKH,5,20210309,112500,1.95,1.95,1.94,1.94,4656,0
KKH,5,20210309,113000,1.98,1.98,1.98,1.98,234,0
KKH,5,20210309,120000,1.99,1.99,1.99,1.99,300,0
KKH,5,20210309,120500,2,2,2,2,2256,0
KKH,5,20210309,122000,2,2,2,2,2400,0
KKH,5,20210309,123500,2.02,2.02,2.02,2.02,1000,0
KKH,5,20210309,124000,2.02,2.02,2.02,2.02,600,0
KKH,5,20210309,133000,2.02,2.02,2.02,2.02,1700,0
KKH,5,20210309,133500,2,2,2,2,500,0
KKH,5,20210309,135500,2,2,2,2,200,0
KKH,5,20210309,140000,2,2.02,2,2.02,2300,0
KKH,5,20210309,144500,2,2,2,2,1000,0
KKH,5,20210309,145000,2,2,2,2,660,0
KKH,5,20210309,150000,2,2,2,2,90,0
KKH,5,20210309,150500,1.99,1.99,1.99,1.99,1550,0
KKH,5,20210309,151500,2,2,2,2,200,0
KKH,5,20210309,153500,1.99,1.99,1.99,1.99,200,0
KKH,5,20210309,161000,1.99,1.99,1.99,1.99,450,0
KKH,5,20210309,162500,1.99,1.99,1.99,1.99,100,0
KKH,5,20210309,164500,1.99,1.99,1.99,1.99,2500,0
KKH,5,20210309,165500,1.99,1.99,1.99,1.99,900,0
KKH,5,20210310,090000,1.94,1.94,1.92,1.92,2595,0
KKH,5,20210310,090500,1.93,1.93,1.93,1.93,3820,0
KKH,5,20210310,091000,1.99,1.99,1.99,1.99,21,0
KKH,5,20210310,094500,1.95,1.95,1.95,1.95,5736,0
KKH,5,20210310,102000,1.97,1.97,1.97,1.97,200,0
KKH,5,20210310,104500,1.98,1.98,1.98,1.98,1022,0
KKH,5,20210310,110000,1.96,1.96,1.96,1.96,2000,0
KKH,5,20210310,111000,1.96,1.96,1.96,1.96,1493,0
KKH,5,20210310,112000,1.96,1.96,1.96,1.96,507,0
KKH,5,20210310,112500,1.98,1.98,1.98,1.98,39,0
KKH,5,20210310,113000,1.98,1.98,1.96,1.96,1209,0
KKH,5,20210310,113500,1.96,1.96,1.96,1.96,250,0
KKH,5,20210310,114000,1.95,1.95,1.95,1.95,716,0
KKH,5,20210310,115000,1.95,1.95,1.94,1.94,6500,0
KKH,5,20210310,122000,1.94,1.94,1.94,1.94,2250,0
KKH,5,20210310,122500,1.96,1.96,1.96,1.96,1000,0
KKH,5,20210310,123000,1.96,1.96,1.96,1.96,400,0
KKH,5,20210310,124500,1.96,1.96,1.96,1.96,2000,0
KKH,5,20210310,130000,1.96,1.96,1.96,1.96,3,0
KKH,5,20210310,131500,1.96,1.96,1.96,1.96,220,0
KKH,5,20210310,132500,1.96,1.99,1.96,1.99,2577,0
KKH,5,20210310,134000,1.95,1.95,1.95,1.95,19,0
KKH,5,20210310,154000,1.96,1.96,1.96,1.96,200,0
KKH,5,20210310,155000,1.98,1.99,1.98,1.99,1500,0
KKH,5,20210310,160000,1.99,1.99,1.99,1.99,500,0
KKH,5,20210310,162000,1.96,1.96,1.96,1.96,1000,0
KKH,5,20210310,164000,1.99,1.99,1.94,1.94,6765,0
KKH,5,20210310,164500,1.93,1.98,1.92,1.98,7553,0
KKH,5,20210311,090000,1.97,1.97,1.97,1.97,3910,0
KKH,5,20210311,090500,1.98,1.99,1.98,1.99,2056,0
KKH,5,20210311,091000,1.96,1.96,1.96,1.96,38,0
KKH,5,20210311,095000,1.98,1.98,1.98,1.98,500,0
KKH,5,20210311,110500,1.96,1.96,1.96,1.96,258,0
KKH,5,20210311,111000,1.96,1.96,1.96,1.96,569,0
KKH,5,20210311,113500,1.96,1.96,1.96,1.96,250,0
KKH,5,20210311,115500,1.98,1.98,1.98,1.98,150,0
KKH,5,20210311,121000,1.96,1.96,1.92,1.92,1900,0
KKH,5,20210311,122500,1.94,1.94,1.94,1.94,1000,0
KKH,5,20210311,131500,1.98,1.98,1.97,1.97,1758,0
KKH,5,20210311,134000,1.97,1.97,1.97,1.97,1251,0
KKH,5,20210311,142000,1.97,1.97,1.97,1.97,911,0
KKH,5,20210311,143500,1.95,1.95,1.95,1.95,1000,0
KKH,5,20210311,144000,1.93,1.93,1.93,1.93,500,0
KKH,5,20210311,145000,1.96,1.96,1.96,1.96,100,0
KKH,5,20210311,151000,1.96,1.96,1.96,1.96,500,0
KKH,5,20210311,151500,1.96,1.96,1.96,1.96,1400,0
KKH,5,20210311,152000,1.93,1.93,1.93,1.93,100,0
KKH,5,20210311,163500,1.98,1.98,1.98,1.98,1600,0
KKH,5,20210311,164500,1.97,1.97,1.97,1.97,509,0
KKH,5,20210312,090000,1.98,1.98,1.98,1.98,697,0
KKH,5,20210312,091000,1.95,1.95,1.95,1.95,1048,0
KKH,5,20210312,091500,1.95,1.95,1.95,1.95,15,0
KKH,5,20210312,093000,1.98,1.98,1.98,1.98,1649,0
KKH,5,20210312,094500,1.95,1.95,1.93,1.93,6000,0
KKH,5,20210312,095000,1.94,1.94,1.9,1.9,10000,0
KKH,5,20210312,101000,1.94,1.94,1.94,1.94,1000,0
KKH,5,20210312,113500,1.96,1.96,1.96,1.96,200,0
KKH,5,20210312,115000,1.96,1.96,1.96,1.96,550,0
KKH,5,20210312,115500,1.95,1.95,1.9,1.9,2000,0
KKH,5,20210312,121500,1.96,1.96,1.96,1.96,300,0
KKH,5,20210312,130500,1.96,1.96,1.96,1.96,1000,0
KKH,5,20210312,131500,1.97,1.97,1.97,1.97,1100,0
KKH,5,20210312,132000,1.94,1.94,1.94,1.94,1100,0
KKH,5,20210312,140500,1.97,1.97,1.97,1.97,400,0
KKH,5,20210312,142500,1.97,1.97,1.97,1.97,1000,0
KKH,5,20210312,144000,1.98,1.98,1.98,1.98,3000,0
KKH,5,20210312,145000,1.95,1.95,1.95,1.95,600,0
KKH,5,20210312,150000,1.95,1.95,1.95,1.95,43,0
KKH,5,20210312,152500,1.99,1.99,1.99,1.99,5,0
KKH,5,20210312,155500,1.99,1.99,1.99,1.99,5,0
KKH,5,20210312,163000,1.99,1.99,1.99,1.99,1,0
KKH,5,20210312,164000,1.99,1.99,1.99,1.99,1000,0
KKH,5,20210312,164500,1.99,2,1.99,2,43,0
KKH,5,20210315,090000,2.04,2.04,2,2.02,4449,0
KKH,5,20210315,090500,2,2,2,2,370,0
KKH,5,20210315,091500,2,2,2,2,5,0
KKH,5,20210315,092000,2,2,2,2,495,0
KKH,5,20210315,094500,2,2,2,2,100,0
KKH,5,20210315,095000,2.04,2.04,2.04,2.04,300,0
KKH,5,20210315,101000,2,2,1.99,2,4607,0
KKH,5,20210315,102000,2.04,2.04,2.04,2.04,6000,0
KKH,5,20210315,103500,2,2,2,2,800,0
KKH,5,20210315,104000,1.99,1.99,1.99,1.99,69,0
KKH,5,20210315,105000,1.99,1.99,1.99,1.99,131,0
KKH,5,20210315,110500,1.99,1.99,1.99,1.99,701,0
KKH,5,20210315,111000,2,2,2,2,800,0
KKH,5,20210315,111500,2,2,1.99,1.99,2,0
KKH,5,20210315,112000,2,2,1.91,1.91,13373,0
KKH,5,20210315,112500,1.91,1.98,1.89,1.98,10885,0
KKH,5,20210315,113000,1.98,1.98,1.9,1.91,1013,0
KKH,5,20210315,114000,1.94,1.94,1.94,1.94,353,0
KKH,5,20210315,115000,1.98,1.98,1.98,1.98,30,0
KKH,5,20210315,115500,1.94,1.94,1.94,1.94,2647,0
KKH,5,20210315,121500,1.98,1.98,1.98,1.98,1252,0
KKH,5,20210315,131000,1.97,1.98,1.97,1.98,1000,0
KKH,5,20210315,134000,1.95,1.95,1.92,1.92,8461,0
KKH,5,20210315,135000,1.92,1.92,1.92,1.92,1300,0
KKH,5,20210315,140500,1.96,1.96,1.95,1.96,711,0
KKH,5,20210315,143500,1.95,1.95,1.95,1.95,1307,0
KKH,5,20210315,145500,1.95,1.95,1.95,1.95,1284,0
KKH,5,20210315,151000,1.94,1.95,1.92,1.95,1418,0
KKH,5,20210315,152000,1.93,1.93,1.92,1.92,1300,0
KKH,5,20210315,153000,1.96,1.96,1.96,1.96,1000,0
KKH,5,20210315,155000,1.96,1.96,1.96,1.96,1291,0
KKH,5,20210315,161500,1.96,1.96,1.96,1.96,39,0
KKH,5,20210315,162000,1.96,1.97,1.96,1.97,2063,0
KKH,5,20210315,163000,1.97,1.97,1.97,1.97,1500,0
KKH,5,20210315,164500,1.98,1.98,1.98,1.98,350,0
KKH,5,20210316,090000,2,2,1.91,1.93,9068,0
KKH,5,20210316,090500,1.99,1.99,1.99,1.99,1000,0
KKH,5,20210316,091000,1.93,1.93,1.93,1.93,100,0
KKH,5,20210316,091500,1.94,1.94,1.93,1.93,1130,0
KKH,5,20210316,092000,1.97,1.97,1.97,1.97,1000,0
KKH,5,20210316,092500,1.98,1.98,1.98,1.98,500,0
KKH,5,20210316,093500,1.97,1.97,1.97,1.97,88,0
KKH,5,20210316,094000,1.93,1.93,1.93,1.93,500,0
KKH,5,20210316,094500,1.97,1.97,1.97,1.97,1412,0
KKH,5,20210316,100000,1.97,1.97,1.97,1.97,100,0
KKH,5,20210316,100500,1.98,1.98,1.93,1.93,4070,0
KKH,5,20210316,101000,1.93,1.93,1.92,1.92,2500,0
KKH,5,20210316,101500,1.96,1.96,1.96,1.96,100,0
KKH,5,20210316,103000,1.92,1.97,1.91,1.97,2510,0
KKH,5,20210316,103500,1.97,1.97,1.97,1.97,1000,0
KKH,5,20210316,110500,1.96,1.97,1.96,1.97,500,0
KKH,5,20210316,111000,1.97,1.98,1.97,1.98,590,0
KKH,5,20210316,111500,1.95,1.95,1.95,1.95,1000,0
KKH,5,20210316,114000,1.98,1.98,1.98,1.98,500,0
KKH,5,20210316,114500,1.98,1.98,1.98,1.98,2000,0
KKH,5,20210316,115500,1.98,1.99,1.98,1.99,2238,0
KKH,5,20210316,120500,1.98,1.98,1.98,1.98,1600,0
KKH,5,20210316,123000,1.98,1.98,1.98,1.98,754,0
KKH,5,20210316,130500,1.99,1.99,1.99,1.99,1800,0
KKH,5,20210316,131000,1.99,1.99,1.99,1.99,5000,0
KKH,5,20210316,132000,1.99,1.99,1.99,1.99,4892,0
KKH,5,20210316,132500,1.99,2,1.99,2,1514,0
KKH,5,20210316,133000,2,2,1.98,1.98,3987,0
KKH,5,20210316,133500,1.97,1.97,1.97,1.97,5000,0
KKH,5,20210316,134000,1.96,1.96,1.96,1.96,3200,0
KKH,5,20210316,141000,1.97,1.97,1.97,1.97,1000,0
KKH,5,20210316,142000,2,2,2,2,8048,0
KKH,5,20210316,142500,2,2,2,2,10500,0
KKH,5,20210316,143500,2,2.06,2,2.06,4000,0
KKH,5,20210316,144000,2.08,2.08,2.08,2.08,1800,0
KKH,5,20210316,150000,2.08,2.1,2.08,2.1,7853,0
KKH,5,20210316,150500,2.1,2.12,2.1,2.12,4011,0
KKH,5,20210316,151500,2.12,2.12,2.12,2.12,683,0
KKH,5,20210316,153000,2.08,2.08,2.08,2.08,47,0
KKH,5,20210316,154000,2.08,2.08,2.08,2.08,500,0
KKH,5,20210316,155000,2.02,2.08,2,2.08,4331,0
KKH,5,20210316,160000,2.08,2.08,2.08,2.08,1000,0
KKH,5,20210316,161500,2.08,2.08,2.08,2.08,250,0
KKH,5,20210316,164000,2.08,2.08,2.08,2.08,140,0
KKH,5,20210316,164500,2.08,2.1,2.08,2.08,1561,0
KKH,5,20210317,090000,2.06,2.06,2.02,2.02,3150,0
KKH,5,20210317,091500,2.02,2.02,2.02,2.02,140,0
KKH,5,20210317,092000,2.02,2.02,2.02,2.02,2865,0
KKH,5,20210317,094500,2.02,2.02,2.02,2.02,2899,0
KKH,5,20210317,104500,2.06,2.06,2.06,2.06,730,0
KKH,5,20210317,105000,2.02,2.02,2.02,2.02,3000,0
KKH,5,20210317,110000,2.02,2.02,2.02,2.02,3500,0
KKH,5,20210317,110500,2.02,2.02,2,2,5287,0
KKH,5,20210317,111000,2,2,2,2,3213,0
KKH,5,20210317,115000,2.02,2.02,2.02,2.02,622,0
KKH,5,20210317,115500,2.02,2.06,2,2,2645,0
KKH,5,20210317,120000,1.99,2.08,1.98,2.08,2858,0
KKH,5,20210317,123000,2.08,2.08,2.08,2.08,717,0
KKH,5,20210317,141500,2.04,2.04,2.04,2.04,220,0
KKH,5,20210317,142000,2.02,2.02,2,2,5800,0
KKH,5,20210317,142500,2,2,1.98,1.98,1295,0
KKH,5,20210317,145000,1.99,1.99,1.99,1.99,500,0
KKH,5,20210317,150000,1.99,1.99,1.99,1.99,1011,0
KKH,5,20210317,154000,2,2,1.98,1.98,26560,0
KKH,5,20210317,155000,2,2,2,2,637,0
KKH,5,20210317,160000,1.99,1.99,1.98,1.98,7434,0
KKH,5,20210317,162000,1.98,1.98,1.98,1.98,5300,0
KKH,5,20210317,162500,2.02,2.02,2.02,2.02,865,0
KKH,5,20210317,165500,2.02,2.02,2.02,2.02,35,0
KKH,5,20210318,090000,2.06,2.06,2.06,2.06,2100,0
KKH,5,20210318,092000,2,2,1.95,1.95,12000,0
KKH,5,20210318,100500,1.96,1.96,1.96,1.96,1600,0
KKH,5,20210318,101500,1.99,1.99,1.99,1.99,200,0
KKH,5,20210318,102500,2,2,2,2,1780,0
KKH,5,20210318,120500,2.02,2.02,2.02,2.02,1000,0
KKH,5,20210318,121000,2.02,2.02,2.02,2.02,1000,0
KKH,5,20210318,123500,2.02,2.02,2.02,2.02,1000,0
KKH,5,20210318,124000,2.02,2.02,2.02,2.02,2000,0
KKH,5,20210318,124500,2,2,1.98,2,6501,0
KKH,5,20210318,131500,2,2,2,2,1654,0
KKH,5,20210318,133500,2,2,1.95,1.95,19346,0
KKH,5,20210318,140500,2.02,2.02,2.02,2.02,2189,0
KKH,5,20210318,141500,2.04,2.04,2.04,2.04,3957,0
KKH,5,20210318,142500,2,2,2,2,7185,0
KKH,5,20210318,143500,2,2,2,2,1658,0
KKH,5,20210318,144000,2,2,2,2,1772,0
KKH,5,20210318,145500,2,2,2,2,3571,0
KKH,5,20210318,155500,1.99,1.99,1.99,1.99,500,0
KKH,5,20210318,161000,1.98,1.98,1.98,1.98,200,0
KKH,5,20210318,163000,2,2,2,2,10,0
KKH,5,20210319,090000,2,2,1.99,2,9050,0
KKH,5,20210319,090500,2,2,2,2,15,0
KKH,5,20210319,091000,2,2,2,2,250,0
KKH,5,20210319,091500,2.02,2.02,2.02,2.02,3028,0
KKH,5,20210319,092000,2.04,2.04,2.04,2.04,2300,0
KKH,5,20210319,092500,2.06,2.06,2.06,2.06,1251,0
KKH,5,20210319,094000,2.06,2.06,2.06,2.06,1000,0
KKH,5,20210319,095000,2.04,2.04,2.04,2.04,1100,0
KKH,5,20210319,102500,2.06,2.08,2.06,2.08,9900,0
KKH,5,20210319,104000,2.02,2.02,2.02,2.02,8,0
KKH,5,20210319,111500,2.02,2.02,2.02,2.02,918,0
KKH,5,20210319,114500,2,2,2,2,1010,0
KKH,5,20210319,120500,2,2,1.98,1.98,2000,0
KKH,5,20210319,123000,2,2,2,2,2000,0
KKH,5,20210319,124000,2,2,2,2,2500,0
KKH,5,20210319,133500,2,2,2,2,2,0
KKH,5,20210319,134000,2.02,2.02,2.02,2.02,3287,0
KKH,5,20210319,140500,2.02,2.02,2.02,2.02,613,0
KKH,5,20210319,141500,2.06,2.06,2.06,2.06,483,0
KKH,5,20210319,150000,2,2.04,2,2.04,127,0
KKH,5,20210319,152000,2.04,2.04,2.04,2.04,286,0
KKH,5,20210319,160000,2.04,2.04,2.04,2.04,229,0
KKH,5,20210322,090000,2.02,2.02,1.97,1.97,5279,0
KKH,5,20210322,090500,2.02,2.02,2.02,2.02,150,0
KKH,5,20210322,091000,2.02,2.1,2.02,2.1,8965,0
KKH,5,20210322,092000,2.12,2.12,2.12,2.12,1140,0
KKH,5,20210322,092500,2.12,2.16,2.1,2.14,2817,0
KKH,5,20210322,093500,2.16,2.16,2.16,2.16,3371,0
KKH,5,20210322,094000,2.16,2.16,2.16,2.16,3574,0
KKH,5,20210322,094500,2.16,2.16,2.16,2.16,390,0
KKH,5,20210322,095000,2.14,2.16,2.14,2.16,2656,0
KKH,5,20210322,095500,2.16,2.2,2.16,2.2,1659,0
KKH,5,20210322,100000,2.2,2.2,2.2,2.2,150,0
KKH,5,20210322,100500,2.16,2.16,2.14,2.14,845,0
KKH,5,20210322,101000,2.16,2.16,2.16,2.16,20,0
KKH,5,20210322,101500,2.16,2.2,2.16,2.2,495,0
KKH,5,20210322,102000,2.2,2.2,2.2,2.2,1000,0
KKH,5,20210322,102500,2.2,2.2,2.14,2.14,3620,0
KKH,5,20210322,103000,2.2,2.2,2.2,2.2,122,0
KKH,5,20210322,105500,2.16,2.16,2.16,2.16,1060,0
KKH,5,20210322,110000,2.18,2.18,2.18,2.18,10,0
KKH,5,20210322,111500,2.16,2.16,2.16,2.16,1090,0
KKH,5,20210322,112000,2.18,2.18,2.18,2.18,233,0
KKH,5,20210322,113000,2.16,2.16,2.16,2.16,700,0
KKH,5,20210322,113500,2.16,2.2,2.16,2.2,11454,0
KKH,5,20210322,114000,2.2,2.2,2.2,2.2,880,0
KKH,5,20210322,115500,2.14,2.14,2.14,2.14,537,0
KKH,5,20210322,123000,2.14,2.14,2.14,2.14,150,0
KKH,5,20210322,124500,2.14,2.14,2.14,2.14,2919,0
KKH,5,20210322,125000,2.18,2.2,2.18,2.2,1456,0
KKH,5,20210322,130000,2.2,2.2,2.2,2.2,5000,0
KKH,5,20210322,130500,2.2,2.24,2.2,2.24,8546,0
KKH,5,20210322,131000,2.24,2.3,2.24,2.26,5306,0
KKH,5,20210322,131500,2.26,2.26,2.2,2.2,2195,0
KKH,5,20210322,132000,2.2,2.2,2.2,2.2,1000,0
KKH,5,20210322,132500,2.16,2.16,2.02,2.02,22886,0
KKH,5,20210322,133000,2.02,2.08,2.02,2.08,4193,0
KKH,5,20210322,133500,2.02,2.02,2,2,10200,0
KKH,5,20210322,134000,2,2.02,1.98,2.02,10057,0
KKH,5,20210322,134500,2,2.06,2,2.06,9845,0
KKH,5,20210322,135000,2.06,2.06,2,2,1024,0
KKH,5,20210322,135500,2,2,1.99,2,8163,0
KKH,5,20210322,140000,2,2.02,2,2,13299,0
KKH,5,20210322,140500,2,2.02,2,2,5682,0
KKH,5,20210322,141000,2,2.02,2,2,3459,0
KKH,5,20210322,141500,2,2,2,2,484,0
KKH,5,20210322,142000,2,2.02,2,2.02,4698,0
KKH,5,20210322,142500,2.02,2.08,2.02,2.08,15277,0
KKH,5,20210322,143000,2.02,2.02,2.02,2.02,500,0
KKH,5,20210322,143500,2.04,2.04,2.02,2.02,2093,0
KKH,5,20210322,144000,2.02,2.04,2.02,2.04,4282,0
KKH,5,20210322,144500,2.04,2.04,2.02,2.02,2837,0
KKH,5,20210322,145500,2.02,2.04,2,2.04,7098,0
KKH,5,20210322,151000,2.02,2.02,2.02,2.02,40,0
KKH,5,20210322,152500,2.02,2.02,2,2,4451,0
KKH,5,20210322,153000,2.04,2.04,2.04,2.04,200,0
KKH,5,20210322,153500,2,2,2,2,500,0
KKH,5,20210322,155500,2.04,2.04,2.04,2.04,400,0
KKH,5,20210322,161000,2.02,2.02,2,2,4510,0
KKH,5,20210322,161500,2.04,2.04,2.04,2.04,10,0
KKH,5,20210322,163000,2.02,2.04,2.02,2.04,6723,0
KKH,5,20210322,163500,2.04,2.04,2.04,2.04,7019,0
KKH,5,20210322,164500,2,2.06,2,2.06,2590,0
KKH,5,20210323,090000,2,2,2,2,3664,0
KKH,5,20210323,090500,2,2,2,2,370,0
KKH,5,20210323,091500,1.99,1.99,1.98,1.98,390,0
KKH,5,20210323,092000,1.98,1.99,1.98,1.98,13906,0
KKH,5,20210323,092500,1.98,2.04,1.9,1.9,28193,0
KKH,5,20210323,093000,1.91,1.96,1.88,1.88,6600,0
KKH,5,20210323,093500,1.89,1.89,1.88,1.88,9946,0
KKH,5,20210323,094000,1.93,1.94,1.93,1.94,650,0
KKH,5,20210323,094500,1.94,1.94,1.94,1.94,200,0
KKH,5,20210323,095000,1.94,1.94,1.94,1.94,386,0
KKH,5,20210323,095500,1.94,1.97,1.9,1.97,7824,0
KKH,5,20210323,100000,1.96,1.96,1.9,1.9,524,0
KKH,5,20210323,100500,1.9,1.91,1.89,1.89,7620,0
KKH,5,20210323,101000,1.94,1.95,1.94,1.95,2452,0
KKH,5,20210323,101500,1.94,1.94,1.91,1.91,8100,0
KKH,5,20210323,102000,1.92,1.92,1.88,1.88,10000,0
KKH,5,20210323,102500,1.88,1.9,1.86,1.86,22509,0
KKH,5,20210323,103000,1.9,1.95,1.86,1.95,6436,0
KKH,5,20210323,103500,1.93,1.93,1.93,1.93,1500,0
KKH,5,20210323,104000,1.94,1.94,1.94,1.94,971,0
KKH,5,20210323,104500,1.94,1.94,1.93,1.93,2500,0
KKH,5,20210323,105000,1.94,1.94,1.94,1.94,2214,0
KKH,5,20210323,105500,1.94,1.94,1.94,1.94,1000,0
KKH,5,20210323,110000,1.94,1.95,1.94,1.95,505,0
KKH,5,20210323,111000,1.95,1.95,1.89,1.89,3660,0
KKH,5,20210323,111500,1.88,1.94,1.88,1.94,2277,0
KKH,5,20210323,112000,1.95,1.95,1.94,1.94,5837,0
KKH,5,20210323,112500,1.94,1.94,1.87,1.93,10965,0
KKH,5,20210323,113000,1.94,1.94,1.91,1.91,1050,0
KKH,5,20210323,113500,1.89,1.89,1.88,1.88,2050,0
KKH,5,20210323,115000,1.92,1.93,1.92,1.93,2640,0
KKH,5,20210323,115500,1.94,1.94,1.94,1.94,2040,0
KKH,5,20210323,121000,1.93,1.93,1.93,1.93,971,0
KKH,5,20210323,122000,1.93,1.93,1.93,1.93,713,0
KKH,5,20210323,124000,1.93,1.93,1.93,1.93,1349,0
KKH,5,20210323,125000,1.92,1.92,1.92,1.92,1630,0
KKH,5,20210323,125500,1.9,1.93,1.87,1.93,23391,0
KKH,5,20210323,132500,1.92,1.93,1.92,1.93,5000,0
KKH,5,20210323,133000,1.93,1.93,1.93,1.93,1000,0
KKH,5,20210323,133500,1.93,1.93,1.93,1.93,1181,0
KKH,5,20210323,134000,1.95,1.95,1.95,1.95,1279,0
KKH,5,20210323,134500,1.95,1.95,1.95,1.95,5050,0
KKH,5,20210323,141000,1.89,1.89,1.89,1.89,4007,0
KKH,5,20210323,141500,1.89,1.89,1.89,1.89,1210,0
KKH,5,20210323,142500,1.89,1.89,1.89,1.89,920,0
KKH,5,20210323,143000,1.94,1.96,1.94,1.96,1501,0
KKH,5,20210323,150000,1.9,1.9,1.9,1.9,2400,0
KKH,5,20210323,152500,1.91,1.91,1.9,1.9,3600,0
KKH,5,20210323,154500,1.91,1.91,1.9,1.9,3499,0
KKH,5,20210323,155000,1.95,1.95,1.95,1.95,200,0
KKH,5,20210323,160500,1.9,1.9,1.9,1.9,130,0
KKH,5,20210323,163000,1.91,1.91,1.89,1.89,3009,0
KKH,5,20210323,163500,1.89,1.94,1.88,1.94,7011,0
KKH,5,20210323,165500,1.9,1.9,1.9,1.9,6310,0
KKH,5,20210324,090000,1.89,1.89,1.86,1.89,22100,0
KKH,5,20210324,090500,1.89,1.89,1.89,1.89,2306,0
KKH,5,20210324,091500,1.89,1.89,1.85,1.85,2543,0
KKH,5,20210324,092000,1.84,1.84,1.82,1.82,13248,0
KKH,5,20210324,092500,1.85,1.9,1.85,1.9,10000,0
KKH,5,20210324,094000,1.89,1.89,1.84,1.84,3050,0
KKH,5,20210324,094500,1.84,1.84,1.82,1.82,5065,0
KKH,5,20210324,100000,1.87,1.88,1.87,1.88,865,0
KKH,5,20210324,100500,1.86,1.86,1.86,1.86,5000,0
KKH,5,20210324,101500,1.87,1.87,1.85,1.85,12781,0
KKH,5,20210324,102000,1.84,1.84,1.84,1.84,2500,0
KKH,5,20210324,102500,1.84,1.84,1.82,1.82,22308,0
KKH,5,20210324,103000,1.82,1.84,1.82,1.83,9996,0
KKH,5,20210324,103500,1.84,1.84,1.83,1.83,5872,0
KKH,5,20210324,104000,1.82,1.82,1.81,1.81,2500,0
KKH,5,20210324,104500,1.82,1.84,1.82,1.84,1500,0
KKH,5,20210324,105000,1.84,1.84,1.82,1.82,8454,0
KKH,5,20210324,105500,1.84,1.85,1.84,1.85,300,0
KKH,5,20210324,110000,1.84,1.84,1.84,1.84,2080,0
KKH,5,20210324,110500,1.83,1.83,1.82,1.82,2984,0
KKH,5,20210324,111000,1.83,1.83,1.83,1.83,1200,0
KKH,5,20210324,111500,1.83,1.84,1.83,1.84,2950,0
KKH,5,20210324,112000,1.84,1.84,1.84,1.84,10000,0
KKH,5,20210324,113500,1.84,1.84,1.82,1.82,544,0
KKH,5,20210324,114500,1.84,1.84,1.84,1.84,1778,0
KKH,5,20210324,115500,1.85,1.86,1.85,1.86,3402,0
KKH,5,20210324,121000,1.86,1.87,1.86,1.87,1800,0
KKH,5,20210324,123000,1.87,1.87,1.87,1.87,235,0
KKH,5,20210324,125500,1.88,1.88,1.88,1.88,500,0
KKH,5,20210324,130000,1.88,1.88,1.88,1.88,1446,0
KKH,5,20210324,132500,1.87,1.87,1.87,1.87,765,0
KKH,5,20210324,135500,1.85,1.85,1.85,1.85,2000,0
KKH,5,20210324,140000,1.85,1.87,1.85,1.87,770,0
KKH,5,20210324,141500,1.85,1.85,1.85,1.85,1000,0
KKH,5,20210324,142000,1.85,1.85,1.85,1.85,1208,0
KKH,5,20210324,142500,1.85,1.85,1.85,1.85,1485,0
KKH,5,20210324,145000,1.86,1.86,1.86,1.86,1300,0
KKH,5,20210324,150000,1.85,1.85,1.84,1.84,3156,0
KKH,5,20210324,150500,1.84,1.84,1.84,1.84,1950,0
KKH,5,20210324,152000,1.84,1.84,1.84,1.84,1000,0
KKH,5,20210324,152500,1.85,1.85,1.85,1.85,800,0
KKH,5,20210324,153500,1.84,1.84,1.82,1.82,8761,0
KKH,5,20210324,154000,1.83,1.83,1.82,1.82,7500,0
KKH,5,20210324,154500,1.85,1.85,1.85,1.85,827,0
KKH,5,20210324,161000,1.85,1.85,1.85,1.85,750,0
KKH,5,20210324,162500,1.83,1.85,1.83,1.85,7557,0
KKH,5,20210324,163000,1.83,1.83,1.83,1.83,1000,0
KKH,5,20210324,163500,1.85,1.85,1.85,1.85,700,0
KKH,5,20210324,164000,1.86,1.86,1.86,1.86,440,0
KKH,5,20210324,164500,1.86,1.86,1.86,1.86,518,0
KKH,5,20210324,165500,1.86,1.86,1.86,1.86,45,0
KKH,5,20210325,090000,1.85,1.85,1.82,1.82,6595,0
KKH,5,20210325,090500,1.82,1.82,1.8,1.8,8617,0
KKH,5,20210325,091000,1.8,1.8,1.75,1.75,8336,0
KKH,5,20210325,091500,1.78,1.78,1.77,1.78,5080,0
KKH,5,20210325,092000,1.78,1.78,1.78,1.78,1930,0
KKH,5,20210325,092500,1.78,1.8,1.78,1.8,1140,0
KKH,5,20210325,093000,1.78,1.78,1.78,1.78,1000,0
KKH,5,20210325,093500,1.8,1.8,1.8,1.8,2050,0
KKH,5,20210325,094000,1.8,1.81,1.8,1.8,2210,0
KKH,5,20210325,094500,1.8,1.8,1.8,1.8,363,0
KKH,5,20210325,100500,1.79,1.8,1.79,1.8,2320,0
KKH,5,20210325,101000,1.8,1.81,1.8,1.81,3750,0
KKH,5,20210325,101500,1.8,1.8,1.8,1.8,1000,0
KKH,5,20210325,102000,1.81,1.81,1.8,1.8,308,0
KKH,5,20210325,102500,1.79,1.8,1.79,1.8,1729,0
KKH,5,20210325,103000,1.78,1.78,1.78,1.78,1463,0
KKH,5,20210325,103500,1.78,1.78,1.73,1.73,15745,0
KKH,5,20210325,104000,1.78,1.78,1.73,1.74,3,0
KKH,5,20210325,104500,1.75,1.75,1.75,1.75,3000,0
KKH,5,20210325,105000,1.77,1.78,1.77,1.78,2967,0
KKH,5,20210325,105500,1.77,1.77,1.77,1.77,200,0
KKH,5,20210325,111000,1.76,1.78,1.71,1.78,7401,0
KKH,5,20210325,111500,1.77,1.77,1.74,1.74,2190,0
KKH,5,20210325,112000,1.79,1.79,1.75,1.75,8025,0
KKH,5,20210325,112500,1.76,1.76,1.75,1.75,5848,0
KKH,5,20210325,114500,1.78,1.78,1.78,1.78,800,0
KKH,5,20210325,115500,1.78,1.79,1.78,1.79,2140,0
KKH,5,20210325,120000,1.75,1.75,1.75,1.75,1400,0
KKH,5,20210325,121000,1.8,1.8,1.8,1.8,1000,0
KKH,5,20210325,122000,1.8,1.8,1.8,1.8,1000,0
KKH,5,20210325,123000,1.8,1.8,1.8,1.8,970,0
KKH,5,20210325,124500,1.8,1.8,1.8,1.8,800,0
KKH,5,20210325,125000,1.81,1.81,1.81,1.81,1000,0
KKH,5,20210325,132000,1.81,1.81,1.81,1.81,700,0
KKH,5,20210325,135000,1.8,1.81,1.8,1.81,1150,0
KKH,5,20210325,141500,1.81,1.81,1.81,1.81,350,0
KKH,5,20210325,142000,1.79,1.79,1.79,1.79,3629,0
KKH,5,20210325,143000,1.79,1.79,1.79,1.79,4939,0
KKH,5,20210325,144500,1.81,1.81,1.81,1.81,730,0
KKH,5,20210325,154500,1.81,1.81,1.81,1.81,1320,0
KKH,5,20210325,161500,1.79,1.79,1.79,1.79,1050,0
KKH,5,20210325,162000,1.79,1.79,1.79,1.79,3022,0
KKH,5,20210325,163000,1.82,1.82,1.82,1.82,1750,0
KKH,5,20210325,165500,1.82,1.82,1.82,1.82,252,0
KKH,5,20210326,090000,1.81,1.81,1.81,1.81,2000,0
KKH,5,20210326,091000,1.81,1.81,1.81,1.81,660,0
KKH,5,20210326,092000,1.81,1.81,1.81,1.81,340,0
KKH,5,20210326,094000,1.81,1.82,1.81,1.82,3100,0
KKH,5,20210326,095000,1.86,1.87,1.86,1.87,35470,0
KKH,5,20210326,100000,1.87,1.87,1.87,1.87,200,0
KKH,5,20210326,103500,1.85,1.85,1.85,1.85,300,0
KKH,5,20210326,105500,1.85,1.86,1.85,1.86,955,0
KKH,5,20210326,110000,1.86,1.86,1.86,1.86,295,0
KKH,5,20210326,111000,1.85,1.85,1.85,1.85,160,0
KKH,5,20210326,114000,1.85,1.85,1.85,1.85,840,0
KKH,5,20210326,120000,1.87,1.88,1.86,1.88,3350,0
KKH,5,20210326,120500,1.85,1.85,1.85,1.85,1159,0
KKH,5,20210326,121000,1.88,1.88,1.88,1.88,500,0
KKH,5,20210326,121500,1.87,1.89,1.87,1.89,10209,0
KKH,5,20210326,122000,1.93,1.96,1.93,1.96,8664,0
KKH,5,20210326,122500,1.96,1.96,1.9,1.94,2600,0
KKH,5,20210326,123000,1.95,1.98,1.95,1.98,7100,0
KKH,5,20210326,124000,1.96,1.96,1.96,1.96,1500,0
KKH,5,20210326,125000,1.97,1.97,1.91,1.91,5000,0
KKH,5,20210326,130500,1.97,1.97,1.97,1.97,10,0
KKH,5,20210326,131500,1.96,1.96,1.96,1.96,1985,0
KKH,5,20210326,132000,1.93,1.93,1.93,1.93,132,0
KKH,5,20210326,132500,1.93,1.93,1.92,1.92,1027,0
KKH,5,20210326,133500,1.92,1.92,1.88,1.88,8502,0
KKH,5,20210326,135000,1.94,1.94,1.9,1.9,260,0
KKH,5,20210326,140500,1.9,1.9,1.9,1.9,750,0
KKH,5,20210326,141500,1.92,1.92,1.92,1.92,1019,0
KKH,5,20210326,144000,1.92,1.92,1.92,1.92,1500,0
KKH,5,20210326,160000,1.92,1.92,1.92,1.92,500,0
KKH,5,20210326,160500,1.9,1.9,1.87,1.87,8000,0
KKH,5,20210326,161000,1.87,1.87,1.85,1.85,3000,0
KKH,5,20210326,162500,1.9,1.9,1.9,1.9,1000,0
KKH,5,20210326,164500,1.86,1.91,1.86,1.91,1571,0
