<TICKER>,<PER>,<DATE>,<TIME>,<OPEN>,<HIGH>,<LOW>,<CLOSE>,<VOL>,<OPENINT>
KOR,5,20210205,123000,5.1,5.1,5.1,5.1,195,0
KOR,5,20210208,094000,5,5,5,5,150,0
KOR,5,20210208,130500,5,5,5,5,50,0
KOR,5,20210208,131500,5,5,5,5,500,0
KOR,5,20210210,143500,5.15,5.15,5.15,5.15,390,0
KOR,5,20210211,093500,5.15,5.15,5.15,5.15,390,0
KOR,5,20210212,090000,5.3,6.35,5.3,6.35,4697,0
KOR,5,20210212,090500,6.35,6.35,6.35,6.35,1190,0
KOR,5,20210212,151000,6.8,6.8,6.8,6.8,1900,0
KOR,5,20210212,151500,7.05,7.05,7.05,7.05,608,0
KOR,5,20210212,154000,7.4,7.4,7.4,7.4,583,0
KOR,5,20210212,164500,7.6,7.6,7.6,7.6,599,0
KOR,5,20210215,090000,9,9,7.6,7.6,1612,0
KOR,5,20210215,091000,8.5,8.5,8.45,8.45,24,0
KOR,5,20210215,092000,9,9.55,9,9.55,1824,0
KOR,5,20210215,093000,9.4,9.4,9.4,9.4,1000,0
KOR,5,20210215,093500,9.45,9.5,9.45,9.5,322,0
KOR,5,20210215,094000,9.45,9.5,9.45,9.5,231,0
KOR,5,20210215,094500,9.45,9.45,9.45,9.45,10,0
KOR,5,20210215,095000,9.45,10,9.45,9.8,2317,0
KOR,5,20210215,100000,9.8,9.8,9.8,9.8,50,0
KOR,5,20210215,101500,9.8,10,9.8,9.9,236,0
KOR,5,20210215,102000,9.9,10,9.9,10,4914,0
KOR,5,20210216,093500,12,12,12,12,1074,0
KOR,5,20210216,094000,12.7,14,12.1,14,1011,0
KOR,5,20210216,094500,14,14,13.5,13.5,3053,0
KOR,5,20210216,095000,13,13.9,12.7,13.9,465,0
KOR,5,20210216,095500,13.9,14.4,13.9,14.4,518,0
KOR,5,20210216,100000,13.5,14.4,13.5,14.2,406,0
KOR,5,20210216,100500,14,14,13.5,13.5,500,0
KOR,5,20210216,101000,14.2,14.4,14.2,14.4,236,0
KOR,5,20210216,101500,14.4,14.4,14.4,14.4,26,0
KOR,5,20210216,102000,14.4,14.4,14,14.2,241,0
KOR,5,20210216,102500,14,14.4,14,14.4,109,0
KOR,5,20210216,103000,14,14.4,14,14.4,32,0
KOR,5,20210216,103500,14,14,14,14,4,0
KOR,5,20210216,104000,14.3,14.3,13.6,13.6,301,0
KOR,5,20210216,104500,14.2,14.2,13.6,13.6,58,0
KOR,5,20210216,105000,13.6,14.4,13.6,14,918,0
KOR,5,20210216,105500,14.4,14.4,14.4,14.4,17,0
KOR,5,20210216,110000,14.4,14.4,14.4,14.4,5,0
KOR,5,20210216,110500,14.4,14.4,14.4,14.4,98,0
KOR,5,20210217,090000,14.4,14.4,14,14,2976,0
KOR,5,20210217,090500,14,14,13.8,13.8,120,0
KOR,5,20210217,091000,13.5,13.5,13.5,13.5,10,0
KOR,5,20210217,091500,12.6,12.6,11.6,11.6,1060,0
KOR,5,20210217,093000,10.5,12,10.5,12,1548,0
KOR,5,20210217,093500,10.9,12.8,10.6,12.8,1378,0
KOR,5,20210217,094000,13,13.2,13,13.2,116,0
KOR,5,20210217,094500,12.6,12.6,12.1,12.3,310,0
KOR,5,20210217,095000,11.1,11.1,11.1,11.1,553,0
KOR,5,20210217,095500,11.2,11.5,10.8,11.5,502,0
KOR,5,20210217,101000,11.9,11.9,11.9,11.9,1,0
KOR,5,20210217,103000,11,11,11,11,127,0
KOR,5,20210217,103500,10.9,10.9,10.9,10.9,136,0
KOR,5,20210217,104000,10.9,10.9,10.9,10.9,20,0
KOR,5,20210217,104500,10.9,10.9,10.8,10.8,271,0
KOR,5,20210217,110000,11.5,11.5,11.5,11.5,1,0
KOR,5,20210217,112000,11,11,11,11,298,0
KOR,5,20210217,112500,11,11,11,11,23,0
KOR,5,20210217,113500,10.9,10.9,10.8,10.8,15,0
KOR,5,20210217,114000,11.2,11.2,10.8,10.8,137,0
KOR,5,20210217,120500,10.9,10.9,10.9,10.9,200,0
KOR,5,20210217,122000,11.2,11.4,11.2,11.4,140,0
KOR,5,20210217,124000,11.5,11.5,11.5,11.5,1,0
KOR,5,20210217,124500,11.2,11.2,11.1,11.1,841,0
KOR,5,20210217,125000,11.1,11.1,10.7,10.7,216,0
KOR,5,20210217,125500,11.4,11.4,11.4,11.4,1,0
KOR,5,20210217,130000,10.7,11.4,10.7,11.4,101,0
KOR,5,20210217,130500,11.4,11.4,11.4,11.4,150,0
KOR,5,20210217,133000,11.3,11.4,11.3,11.4,51,0
KOR,5,20210217,133500,11.4,11.4,11.4,11.4,38,0
KOR,5,20210217,150000,10.9,11.3,10.9,11.3,201,0
KOR,5,20210217,155000,11,11.3,10.9,11.3,101,0
KOR,5,20210217,155500,10.9,10.9,10.8,10.8,144,0
KOR,5,20210217,160500,11.1,11.1,11.1,11.1,10,0
KOR,5,20210217,162500,11.3,11.3,11.3,11.3,1,0
KOR,5,20210217,163000,11.3,11.4,11.3,11.4,282,0
KOR,5,20210217,163500,11.3,11.4,11.3,11.4,100,0
KOR,5,20210217,164500,11.5,11.5,11.5,11.5,300,0
KOR,5,20210218,090000,11.4,11.4,9.4,10.9,2165,0
KOR,5,20210218,093000,10.2,10.2,9.5,9.5,1243,0
KOR,5,20210218,093500,10.5,10.5,9.7,10.2,596,0
KOR,5,20210218,094500,10,10,10,10,9,0
KOR,5,20210218,095000,9.8,10.2,9.8,10.2,501,0
KOR,5,20210218,095500,10.2,10.5,10.2,10.2,562,0
KOR,5,20210218,100000,10.2,10.2,10.2,10.2,11,0
KOR,5,20210218,100500,10.2,10.2,10.2,10.2,143,0
KOR,5,20210218,101000,9.6,10.2,9.6,10.2,1721,0
KOR,5,20210218,102000,9.5,10.1,9.5,10.1,279,0
KOR,5,20210218,103000,10,10.1,10,10.1,603,0
KOR,5,20210218,104000,10,10,10,10,7,0
KOR,5,20210218,105500,9.9,10.1,9.9,10.1,625,0
KOR,5,20210218,112000,9.7,9.7,9.7,9.7,97,0
KOR,5,20210218,112500,10.1,10.1,10.1,10.1,70,0
KOR,5,20210218,113000,10,10.2,10,10.2,400,0
KOR,5,20210218,113500,10.2,10.2,10.2,10.2,43,0
KOR,5,20210218,121500,10.3,10.3,10.3,10.3,57,0
KOR,5,20210218,130000,10.3,10.3,10.3,10.3,100,0
KOR,5,20210218,130500,10.4,10.4,10.4,10.4,70,0
KOR,5,20210218,133000,10.4,10.5,10.4,10.5,153,0
KOR,5,20210218,152000,10.3,10.3,10.3,10.3,10,0
KOR,5,20210218,160500,10,10,10,10,20,0
KOR,5,20210218,161000,10.1,10.7,9.8,9.8,654,0
KOR,5,20210218,161500,10.7,12.6,10.7,12.6,2880,0
KOR,5,20210218,162000,13,13.6,11.6,13.6,243,0
KOR,5,20210218,163500,10.5,10.5,10.5,10.5,40,0
KOR,5,20210218,164000,13,13,13,13,4,0
KOR,5,20210219,090000,12.3,12.3,10.2,11.8,284,0
KOR,5,20210219,090500,10.4,10.4,10,10,1700,0
KOR,5,20210219,091000,11.7,11.7,11.7,11.7,2,0
KOR,5,20210219,092500,10.4,11.7,10.1,11.7,485,0
KOR,5,20210219,094500,10.4,10.4,10.4,10.4,39,0
KOR,5,20210219,095500,11.5,11.5,11.5,11.5,4,0
KOR,5,20210219,100000,11.3,11.4,11.3,11.4,65,0
KOR,5,20210219,114500,10.4,10.4,10.4,10.4,71,0
KOR,5,20210219,120000,11.3,11.3,11.3,11.3,3,0
KOR,5,20210219,130500,10.3,10.3,10.3,10.3,10,0
KOR,5,20210219,140000,10.3,10.3,10,10,1010,0
KOR,5,20210219,142000,11,11,11,11,50,0
KOR,5,20210219,164500,9.85,9.85,9.85,9.85,488,0
KOR,5,20210222,090000,10.6,10.6,10.6,10.6,28,0
KOR,5,20210222,092500,10.6,10.6,10.6,10.6,100,0
KOR,5,20210222,100000,10,10,10,10,120,0
KOR,5,20210222,113500,9.8,9.8,9.65,9.65,76,0
KOR,5,20210222,163000,10,10.4,10,10.4,110,0
KOR,5,20210223,090500,9.65,10.7,9.35,10.7,14,0
KOR,5,20210223,091500,9.4,10.6,9.4,10.6,93,0
KOR,5,20210223,094500,9.35,9.35,9.35,9.35,35,0
KOR,5,20210223,095000,9.4,9.4,9.4,9.4,150,0
KOR,5,20210223,095500,9.4,9.4,9.2,9.2,184,0
KOR,5,20210223,101500,9.15,9.15,9.15,9.15,80,0
KOR,5,20210223,113500,9.2,9.2,9.2,9.2,125,0
KOR,5,20210223,125000,9.15,9.15,9.05,9.05,537,0
KOR,5,20210223,125500,9,9,9,9,158,0
KOR,5,20210223,131000,9,9,9,9,101,0
KOR,5,20210223,135500,9,9,9,9,250,0
KOR,5,20210223,142000,9.3,9.3,9.3,9.3,129,0
KOR,5,20210223,151000,9,9,8.6,9,1010,0
KOR,5,20210223,151500,8.45,8.9,8.45,8.9,602,0
KOR,5,20210223,152000,8.45,8.9,8.45,8.9,266,0
KOR,5,20210223,154500,9,9,9,9,25,0
KOR,5,20210223,161000,8.9,8.95,8.9,8.95,150,0
KOR,5,20210223,163000,8.5,8.5,8.4,8.4,999,0
KOR,5,20210223,164500,8.7,8.7,8.7,8.7,4,0
KOR,5,20210224,090000,8.25,8.25,8.25,8.25,361,0
KOR,5,20210224,094000,8.95,8.95,8.95,8.95,20,0
KOR,5,20210224,100500,8.95,8.95,8.95,8.95,50,0
KOR,5,20210224,121000,8.95,8.95,8.95,8.95,15,0
KOR,5,20210224,153500,8.45,8.45,8.3,8.3,376,0
KOR,5,20210224,165500,8.7,8.7,8.7,8.7,3,0
KOR,5,20210225,090500,8.55,8.55,8.55,8.55,70,0
KOR,5,20210225,105500,8.55,8.55,8.55,8.55,150,0
KOR,5,20210225,113000,8.7,8.95,8.7,8.95,68,0
KOR,5,20210226,093000,8.55,8.55,8.55,8.55,239,0
KOR,5,20210226,104500,8.55,8.55,8.55,8.55,1,0
KOR,5,20210226,110500,8.55,8.55,8.55,8.55,99,0
KOR,5,20210226,124000,8.55,8.55,8.25,8.25,102,0
KOR,5,20210226,124500,8.25,8.8,8.2,8.8,460,0
KOR,5,20210226,130500,8.2,8.2,8,8,236,0
KOR,5,20210226,131500,8,8,8,8,100,0
KOR,5,20210226,132000,8,8,8,8,264,0
KOR,5,20210226,133000,8.3,8.3,8.3,8.3,247,0
KOR,5,20210226,133500,8.3,8.3,8.3,8.3,362,0
KOR,5,20210226,152000,8.3,8.3,8.3,8.3,195,0
KOR,5,20210301,091000,8.55,8.55,8.55,8.55,240,0
KOR,5,20210301,093500,8.05,8.05,7.75,7.75,250,0
KOR,5,20210301,100000,8.4,8.95,8.4,8.95,100,0
KOR,5,20210301,102000,8.5,8.8,8.5,8.8,270,0
KOR,5,20210301,104000,7.85,7.85,7.85,7.85,30,0
KOR,5,20210301,105000,8.8,9,8.8,9,628,0
KOR,5,20210301,111000,8.95,8.95,8.95,8.95,225,0
KOR,5,20210301,113500,9,9,9,9,144,0
KOR,5,20210301,120000,9.15,10.2,9.15,10.2,695,0
KOR,5,20210301,121500,10.9,11.9,10.9,11.9,2505,0
KOR,5,20210301,122000,11.9,12,10.4,10.4,2012,0
KOR,5,20210301,122500,10.4,10.9,10.4,10.9,367,0
KOR,5,20210301,123000,10.4,10.4,10.2,10.2,94,0
KOR,5,20210301,123500,10.2,10.7,10.2,10.7,138,0
KOR,5,20210301,124000,10.2,10.2,10.2,10.2,100,0
KOR,5,20210301,124500,10.5,10.7,10.5,10.7,412,0
KOR,5,20210301,125000,10.9,10.9,10.9,10.9,95,0
KOR,5,20210301,130000,10.8,10.8,10.8,10.8,100,0
KOR,5,20210301,130500,10.9,10.9,10.4,10.4,170,0
KOR,5,20210301,131500,10.5,10.5,10.5,10.5,95,0
KOR,5,20210301,132000,11,11,11,11,166,0
KOR,5,20210301,132500,11,11,11,11,527,0
KOR,5,20210301,134000,10.9,11,10.9,11,105,0
KOR,5,20210301,135500,10.6,10.6,10.3,10.3,355,0
KOR,5,20210301,140500,10.3,11,10.3,11,121,0
KOR,5,20210301,142000,10.3,11.2,10.3,11.2,167,0
KOR,5,20210301,144000,11,11,11,11,195,0
KOR,5,20210301,145000,11,11.1,11,11.1,18,0
KOR,5,20210301,152000,11,11,11,11,20,0
KOR,5,20210301,153000,10.3,10.3,10.2,10.2,600,0
KOR,5,20210301,160000,10.2,10.2,10.2,10.2,166,0
KOR,5,20210301,160500,10.2,10.2,10.2,10.2,450,0
KOR,5,20210301,163000,10.2,10.2,10.1,10.1,27,0
KOR,5,20210301,164000,10,10,10,10,60,0
KOR,5,20210301,164500,10,10.2,10,10.2,175,0
KOR,5,20210302,090000,9.15,9.15,9.15,9.15,220,0
KOR,5,20210302,095000,9.2,9.2,9.15,9.15,234,0
KOR,5,20210302,095500,9.05,9.05,8.5,8.5,991,0
KOR,5,20210302,110000,9.5,9.5,9.5,9.5,20,0
KOR,5,20210302,123000,9.5,9.5,9.5,9.5,130,0
KOR,5,20210302,141500,9.5,9.5,9.5,9.5,35,0
KOR,5,20210302,143500,9.7,10.2,9.7,10.2,303,0
KOR,5,20210302,151000,10,10,10,10,225,0
KOR,5,20210302,152000,10,10,10,10,17,0
KOR,5,20210302,153500,10,10,10,10,83,0
KOR,5,20210302,163000,9.6,9.6,9.55,9.55,129,0
KOR,5,20210303,094000,9.3,9.3,9.3,9.3,200,0
KOR,5,20210303,094500,9.75,9.75,9.75,9.75,20,0
KOR,5,20210303,100000,9.35,9.35,9.35,9.35,218,0
KOR,5,20210303,111000,9.1,9.1,8.7,8.7,100,0
KOR,5,20210303,122500,9,9,9,9,15,0
KOR,5,20210303,132000,8.6,8.6,8.6,8.6,100,0
KOR,5,20210303,133500,8.6,8.6,8.6,8.6,130,0
KOR,5,20210303,150000,9,9,9,9,35,0
KOR,5,20210303,152000,9,9,8.6,8.6,100,0
KOR,5,20210304,103500,9.3,9.3,9.3,9.3,50,0
KOR,5,20210304,104500,8.65,8.65,8.65,8.65,20,0
KOR,5,20210304,112000,9.45,9.45,9.45,9.45,25,0
KOR,5,20210305,090000,9.3,9.3,9.3,9.3,16,0
KOR,5,20210305,110000,9,9,9,9,200,0
KOR,5,20210305,164500,9.3,9.3,9.3,9.3,1,0
KOR,5,20210308,092000,8.9,8.9,8.9,8.9,300,0
KOR,5,20210308,094500,8.75,8.75,8.75,8.75,210,0
KOR,5,20210308,095500,8.75,8.75,8.75,8.75,15,0
KOR,5,20210308,110500,9.15,9.15,9.15,9.15,10,0
KOR,5,20210308,141500,8.75,8.75,8.75,8.75,300,0
KOR,5,20210308,161000,8.75,8.75,8.75,8.75,10,0
KOR,5,20210309,090000,8.7,8.7,8.7,8.7,115,0
KOR,5,20210309,115000,8.6,8.6,8.6,8.6,35,0
KOR,5,20210309,115500,8.6,8.6,8.6,8.6,40,0
KOR,5,20210309,125500,8.7,8.7,8.7,8.7,235,0
KOR,5,20210309,154500,8.6,8.6,8.55,8.55,756,0
KOR,5,20210310,094000,8.8,8.8,8.8,8.8,130,0
KOR,5,20210310,094500,8.8,8.8,8.8,8.8,110,0
KOR,5,20210310,121000,8.7,8.7,8.65,8.65,162,0
KOR,5,20210310,122500,8.65,8.65,8.65,8.65,54,0
KOR,5,20210311,093000,8.7,8.7,8.6,8.6,835,0
KOR,5,20210311,110500,8.55,8.55,8.55,8.55,286,0
KOR,5,20210311,145500,8.55,8.55,8.55,8.55,600,0
KOR,5,20210311,164500,8.9,8.9,8.9,8.9,1,0
KOR,5,20210312,102500,8.7,8.7,8.7,8.7,1000,0
KOR,5,20210312,164000,8.8,8.8,8.8,8.8,27,0
KOR,5,20210316,090000,8.8,8.8,8.8,8.8,6,0
KOR,5,20210316,112500,8.75,8.75,8.75,8.75,5,0
KOR,5,20210316,120500,8.6,8.6,8.6,8.6,4,0
KOR,5,20210316,143500,8.75,8.8,8.75,8.8,177,0
KOR,5,20210317,102500,8.6,8.6,8.6,8.6,50,0
KOR,5,20210317,114000,8.3,8.3,8.3,8.3,25,0
KOR,5,20210317,114500,8.3,8.3,8.3,8.3,232,0
KOR,5,20210317,115500,8.25,8.25,8.2,8.2,700,0
KOR,5,20210317,121000,8,8,8,8,134,0
KOR,5,20210317,123500,8,8,8,8,77,0
KOR,5,20210317,125000,8,8,8,8,150,0
KOR,5,20210317,125500,8,8,8,8,200,0
KOR,5,20210317,135500,8.1,8.1,8.1,8.1,1,0
KOR,5,20210317,141000,8.1,8.1,8,8,879,0
KOR,5,20210317,142500,8,8,8,8,187,0
KOR,5,20210317,144500,8,8,8,8,187,0
KOR,5,20210317,145000,8,8,8,8,775,0
KOR,5,20210317,153500,8.3,8.35,8.3,8.35,224,0
KOR,5,20210317,163500,8.3,8.3,8.3,8.3,150,0
KOR,5,20210317,165500,8.3,8.3,8.3,8.3,50,0
KOR,5,20210318,090000,8.1,8.1,8.05,8.05,490,0
KOR,5,20210318,092500,7.95,7.95,7.95,7.95,62,0
KOR,5,20210318,094000,7.95,7.95,7.95,7.95,193,0
KOR,5,20210318,111500,8.35,8.35,8.35,8.35,200,0
KOR,5,20210318,113000,8.35,8.35,8.35,8.35,71,0
KOR,5,20210318,115500,8.35,8.35,8.35,8.35,19,0
KOR,5,20210318,132000,8.35,8.35,8.35,8.35,150,0
KOR,5,20210318,140000,8.35,8.35,8.35,8.35,20,0
KOR,5,20210318,145000,8.3,8.3,8.3,8.3,200,0
KOR,5,20210319,094000,8.3,8.3,8.3,8.3,25,0
KOR,5,20210319,115000,8.05,8.05,8.05,8.05,400,0
KOR,5,20210322,112000,8.25,8.25,8.25,8.25,245,0
KOR,5,20210322,123500,8.3,8.3,8.3,8.3,65,0
KOR,5,20210322,131000,9.4,9.4,9.4,9.4,5,0
KOR,5,20210322,162500,9,9.2,9,9.2,100,0
KOR,5,20210323,090500,9.3,9.3,9.3,9.3,100,0
KOR,5,20210323,091000,9.3,9.3,9.3,9.3,245,0
KOR,5,20210323,091500,9.3,9.3,9.3,9.3,250,0
KOR,5,20210323,095000,9.35,9.35,9.35,9.35,200,0
KOR,5,20210323,133500,9.5,9.5,9.5,9.5,161,0
KOR,5,20210323,142000,9.5,9.5,9.5,9.5,9,0
KOR,5,20210323,150000,9.5,9.5,9.5,9.5,191,0
KOR,5,20210323,152000,9.55,9.55,9.55,9.55,100,0
KOR,5,20210324,104000,9.5,9.5,9.5,9.5,50,0
KOR,5,20210324,123500,9.4,9.4,9.4,9.4,25,0
KOR,5,20210325,095500,9,9,9,9,200,0
