<TICKER>,<PER>,<DATE>,<TIME>,<OPEN>,<HIGH>,<LOW>,<CLOSE>,<VOL>,<OPENINT>
KPC,5,20210204,090000,2.94,2.94,2.94,2.94,526,0
KPC,5,20210204,101000,2.8,2.92,2.52,2.92,2793,0
KPC,5,20210204,104000,2.72,2.72,2.72,2.72,380,0
KPC,5,20210204,113500,2.7,2.7,2.7,2.7,50,0
KPC,5,20210204,114000,2.7,2.72,2.7,2.72,700,0
KPC,5,20210204,121500,2.58,2.7,2.58,2.7,556,0
KPC,5,20210204,124000,2.4,2.42,2.36,2.36,2395,0
KPC,5,20210204,124500,2.36,2.4,2.36,2.4,928,0
KPC,5,20210204,125000,2.36,2.52,2.36,2.52,512,0
KPC,5,20210204,141000,2.38,2.38,2.36,2.36,1000,0
KPC,5,20210204,142500,2.48,2.48,2.48,2.48,100,0
KPC,5,20210204,150000,2.36,2.36,2.36,2.36,1130,0
KPC,5,20210204,151000,2.52,2.52,2.52,2.52,11,0
KPC,5,20210204,153000,2.48,2.54,2.48,2.54,987,0
KPC,5,20210204,160000,2.46,2.46,2.46,2.46,100,0
KPC,5,20210204,164500,2.36,2.68,2.36,2.68,1780,0
KPC,5,20210205,091000,2.52,2.52,2.52,2.52,405,0
KPC,5,20210205,094000,2.68,2.68,2.68,2.68,50,0
KPC,5,20210205,094500,2.46,2.46,2.46,2.46,1000,0
KPC,5,20210205,095500,2.66,2.66,2.66,2.66,15,0
KPC,5,20210205,101500,2.46,2.6,2.36,2.6,3312,0
KPC,5,20210205,102500,2.5,2.5,2.4,2.4,510,0
KPC,5,20210205,104000,2.64,2.64,2.5,2.5,417,0
KPC,5,20210205,104500,2.5,2.5,2.5,2.5,5,0
KPC,5,20210205,105000,2.44,2.44,2.44,2.44,174,0
KPC,5,20210205,111000,2.56,2.7,2.56,2.68,1164,0
KPC,5,20210205,111500,2.7,2.72,2.7,2.72,80,0
KPC,5,20210205,114000,2.68,2.68,2.68,2.68,369,0
KPC,5,20210205,115500,2.58,2.68,2.46,2.68,2012,0
KPC,5,20210205,122000,2.46,2.6,2.36,2.6,1512,0
KPC,5,20210205,125500,2.58,2.58,2.58,2.58,100,0
KPC,5,20210205,133000,2.52,2.52,2.4,2.4,1407,0
KPC,5,20210205,150000,2.4,2.4,2.4,2.4,258,0
KPC,5,20210205,150500,2.54,2.54,2.54,2.54,32,0
KPC,5,20210205,160000,2.36,2.36,2.26,2.26,3600,0
KPC,5,20210205,160500,2.26,2.38,2.2,2.38,6928,0
KPC,5,20210205,163500,2.38,2.58,2.38,2.58,923,0
KPC,5,20210205,164500,2.56,2.66,2.56,2.66,577,0
KPC,5,20210208,090000,2.62,2.62,2.62,2.62,25,0
KPC,5,20210208,094500,2.5,2.5,2.5,2.5,405,0
KPC,5,20210208,110500,2.4,2.4,2.4,2.4,500,0
KPC,5,20210208,114000,2.38,2.4,2.12,2.12,3308,0
KPC,5,20210208,114500,2.36,2.36,2.36,2.36,10,0
KPC,5,20210208,121000,2.16,2.36,2.16,2.36,1027,0
KPC,5,20210208,121500,2.4,2.4,2.4,2.4,21,0
KPC,5,20210208,142500,2.28,2.28,2.26,2.26,1250,0
KPC,5,20210208,150500,2.38,2.38,2.38,2.38,200,0
KPC,5,20210208,164500,2.38,2.4,2.38,2.4,100,0
KPC,5,20210209,090000,2.42,2.42,2.42,2.42,420,0
KPC,5,20210209,091000,2.54,2.54,2.54,2.54,32,0
KPC,5,20210209,091500,2.38,2.54,2.38,2.54,446,0
KPC,5,20210209,092000,2.38,2.38,2.38,2.38,1671,0
KPC,5,20210209,093000,2.44,2.44,2.44,2.44,30,0
KPC,5,20210209,095000,2.3,2.3,2.3,2.3,200,0
KPC,5,20210209,110000,2.26,2.26,2.1,2.1,705,0
KPC,5,20210209,111500,2.32,2.32,2.32,2.32,200,0
KPC,5,20210209,131000,2.34,2.36,2.34,2.36,155,0
KPC,5,20210209,160500,2.2,2.2,2.2,2.2,362,0
KPC,5,20210209,161000,2.2,2.36,2.2,2.36,339,0
KPC,5,20210209,163500,2.36,2.38,2.36,2.38,96,0
KPC,5,20210210,090000,2.2,2.38,2.2,2.32,337,0
KPC,5,20210210,160500,2.32,2.32,2.32,2.32,140,0
KPC,5,20210210,161000,2.38,2.38,2.38,2.38,100,0
KPC,5,20210210,164500,2.32,2.32,2.32,2.32,248,0
KPC,5,20210212,091500,2.38,2.38,2.38,2.38,22,0
KPC,5,20210215,090500,2.38,2.38,2.38,2.38,350,0
KPC,5,20210215,151500,2.26,2.26,2.1,2.1,5000,0
KPC,5,20210215,154000,2.24,2.24,2.12,2.22,155,0
KPC,5,20210216,090000,2.22,2.3,2.22,2.3,196,0
KPC,5,20210216,091000,2.14,2.14,1.91,2,4800,0
KPC,5,20210216,091500,2.06,2.06,2.06,2.06,15,0
KPC,5,20210216,093000,2.06,2.26,2.06,2.26,487,0
KPC,5,20210216,130000,2.18,2.18,2.18,2.18,440,0
KPC,5,20210216,130500,2.18,2.2,2.18,2.2,30,0
KPC,5,20210217,091500,2.02,2.2,2.02,2.2,515,0
KPC,5,20210217,120500,2.12,2.12,2.12,2.12,20,0
KPC,5,20210217,135500,2.12,2.2,2.12,2.2,865,0
KPC,5,20210217,154000,2.14,2.2,2,2.2,1010,0
KPC,5,20210218,121500,2.04,2.04,1.91,1.91,4456,0
KPC,5,20210218,122000,1.98,1.98,1.98,1.98,7,0
KPC,5,20210218,130000,1.94,1.98,1.94,1.98,6822,0
KPC,5,20210218,131500,2.02,2.02,2.02,2.02,17,0
KPC,5,20210218,132000,2.02,2.02,2.02,2.02,44,0
KPC,5,20210218,151500,1.94,2.02,1.91,2.02,3706,0
KPC,5,20210218,152000,1.91,2,1.9,2,1386,0
KPC,5,20210218,153000,1.99,2,1.99,2,505,0
KPC,5,20210218,153500,2,2,2,2,611,0
KPC,5,20210218,163500,2,2,2,2,572,0
KPC,5,20210219,090000,2,2,2,2,500,0
KPC,5,20210219,095500,1.91,1.95,1.91,1.95,691,0
KPC,5,20210219,151000,1.85,1.95,1.82,1.85,3671,0
KPC,5,20210219,151500,1.95,1.95,1.95,1.95,11,0
KPC,5,20210219,164500,1.95,1.95,1.95,1.95,30,0
KPC,5,20210222,090000,1.77,1.95,1.77,1.95,2669,0
KPC,5,20210222,092000,1.77,1.94,1.77,1.94,653,0
KPC,5,20210222,100000,1.78,1.78,1.78,1.78,2000,0
KPC,5,20210222,103500,1.94,1.94,1.94,1.94,27,0
KPC,5,20210223,162000,1.88,1.88,1.88,1.88,12,0
KPC,5,20210223,164000,1.8,1.88,1.8,1.88,512,0
KPC,5,20210223,164500,1.88,1.88,1.88,1.88,563,0
KPC,5,20210224,091000,1.93,1.94,1.93,1.94,135,0
KPC,5,20210224,111000,1.81,1.81,1.81,1.81,293,0
KPC,5,20210224,113000,1.92,1.92,1.92,1.92,55,0
KPC,5,20210224,164500,1.92,1.92,1.92,1.92,55,0
KPC,5,20210225,091500,1.93,1.94,1.93,1.94,200,0
KPC,5,20210225,123500,1.79,1.79,1.79,1.79,365,0
KPC,5,20210225,132000,1.88,1.88,1.88,1.88,40,0
KPC,5,20210225,133500,1.83,1.83,1.82,1.82,1500,0
KPC,5,20210225,134500,1.82,1.82,1.76,1.76,4750,0
KPC,5,20210225,135000,1.86,1.86,1.86,1.86,31,0
KPC,5,20210225,140500,1.8,1.8,1.8,1.8,600,0
KPC,5,20210225,160500,1.8,1.88,1.8,1.88,1117,0
KPC,5,20210225,164500,1.88,1.94,1.88,1.94,183,0
KPC,5,20210226,090000,1.94,1.94,1.94,1.94,10,0
KPC,5,20210226,095500,1.81,1.81,1.81,1.81,300,0
KPC,5,20210226,100000,1.94,1.94,1.94,1.94,30,0
KPC,5,20210226,113500,1.8,1.8,1.8,1.8,4248,0
KPC,5,20210226,121500,1.9,1.9,1.9,1.9,137,0
KPC,5,20210301,103500,1.88,1.88,1.88,1.88,20,0
KPC,5,20210301,120000,1.8,1.88,1.8,1.88,1000,0
KPC,5,20210301,163000,1.8,1.8,1.8,1.8,743,0
KPC,5,20210301,163500,1.89,1.89,1.89,1.89,10,0
KPC,5,20210301,164500,1.9,1.9,1.9,1.9,400,0
KPC,5,20210302,090000,1.92,1.92,1.92,1.92,21,0
KPC,5,20210302,094000,1.92,1.94,1.92,1.92,3008,0
KPC,5,20210302,095500,1.93,1.94,1.93,1.94,687,0
KPC,5,20210302,100000,1.93,1.93,1.93,1.93,100,0
KPC,5,20210302,100500,1.93,1.93,1.93,1.93,1721,0
KPC,5,20210302,110000,1.93,2,1.93,2,395,0
KPC,5,20210302,113000,2.02,2.04,2.02,2.04,34,0
KPC,5,20210302,121000,2,2,2,2,5,0
KPC,5,20210302,124500,2,2.02,2,2.02,100,0
KPC,5,20210302,134000,1.9,1.9,1.9,1.9,600,0
KPC,5,20210302,135500,1.9,1.9,1.9,1.9,1150,0
KPC,5,20210303,090000,2,2,2,2,11,0
KPC,5,20210303,094000,2,2,2,2,750,0
KPC,5,20210303,151000,1.88,1.88,1.88,1.88,510,0
KPC,5,20210303,152500,1.84,1.84,1.84,1.84,611,0
KPC,5,20210303,154000,1.9,1.9,1.9,1.9,5,0
KPC,5,20210304,102500,1.81,1.81,1.81,1.81,100,0
KPC,5,20210304,103500,1.81,1.81,1.81,1.81,20,0
KPC,5,20210304,112000,1.81,1.81,1.81,1.81,110,0
KPC,5,20210304,125500,1.81,1.81,1.81,1.81,70,0
KPC,5,20210304,130500,1.9,1.9,1.9,1.9,1,0
KPC,5,20210304,164500,1.73,1.73,1.73,1.73,750,0
KPC,5,20210305,090000,1.9,1.9,1.9,1.9,10,0
KPC,5,20210305,120000,1.9,1.9,1.9,1.9,65,0
KPC,5,20210305,141000,1.9,1.94,1.9,1.94,120,0
KPC,5,20210305,145000,1.94,1.94,1.94,1.94,50,0
KPC,5,20210308,090000,2,2,2,2,5000,0
KPC,5,20210308,091000,1.95,1.95,1.95,1.95,500,0
KPC,5,20210308,091500,2,2,2,2,30,0
KPC,5,20210308,095000,1.92,1.92,1.92,1.92,21,0
KPC,5,20210308,100000,2,2,2,2,7,0
KPC,5,20210310,102500,1.87,1.87,1.87,1.87,200,0
KPC,5,20210310,104000,1.99,1.99,1.99,1.99,15,0
KPC,5,20210310,143000,1.99,1.99,1.99,1.99,1000,0
KPC,5,20210310,162500,1.87,1.87,1.8,1.8,1260,0
KPC,5,20210310,163000,1.87,1.99,1.87,1.94,49,0
KPC,5,20210311,113000,1.99,1.99,1.99,1.99,200,0
KPC,5,20210311,142500,1.91,1.99,1.9,1.99,230,0
KPC,5,20210312,110500,1.98,1.98,1.98,1.98,10,0
KPC,5,20210312,134000,1.84,1.84,1.8,1.8,1129,0
KPC,5,20210312,134500,1.94,1.95,1.94,1.95,300,0
KPC,5,20210312,135500,1.98,1.98,1.98,1.98,7,0
KPC,5,20210312,144500,1.96,1.96,1.96,1.96,5,0
KPC,5,20210316,095000,1.81,1.9,1.8,1.9,1605,0
KPC,5,20210316,125500,1.8,1.8,1.8,1.8,440,0
KPC,5,20210316,130000,1.9,1.9,1.9,1.9,10,0
KPC,5,20210317,090000,1.9,1.9,1.9,1.9,5,0
KPC,5,20210317,151000,1.81,1.9,1.81,1.9,105,0
KPC,5,20210318,091500,1.9,1.9,1.9,1.9,351,0
KPC,5,20210318,092000,1.97,1.98,1.97,1.98,110,0
KPC,5,20210318,105000,1.97,1.97,1.97,1.97,500,0
KPC,5,20210318,105500,1.97,1.98,1.97,1.98,610,0
KPC,5,20210318,140000,1.99,1.99,1.99,1.99,11,0
KPC,5,20210318,142000,1.98,1.99,1.98,1.99,990,0
KPC,5,20210318,142500,1.9,1.99,1.9,1.99,5004,0
KPC,5,20210318,143500,1.99,1.99,1.99,1.99,710,0
KPC,5,20210318,154000,2,2,2,2,11,0
KPC,5,20210318,163500,1.88,1.88,1.88,1.88,5100,0
KPC,5,20210318,164500,1.88,1.88,1.88,1.88,10,0
KPC,5,20210319,090000,1.88,1.88,1.88,1.88,6,0
KPC,5,20210319,102500,1.88,1.88,1.88,1.88,10,0
KPC,5,20210319,145000,1.8,1.8,1.8,1.8,385,0
KPC,5,20210322,100500,1.78,1.78,1.78,1.78,10,0
KPC,5,20210322,102000,1.76,1.76,1.76,1.76,611,0
KPC,5,20210322,145000,1.78,1.78,1.78,1.78,558,0
KPC,5,20210322,153000,1.78,1.78,1.78,1.78,33,0
KPC,5,20210322,163000,1.76,1.78,1.73,1.78,526,0
KPC,5,20210323,090000,1.82,1.82,1.82,1.82,12,0
KPC,5,20210323,100000,1.82,1.82,1.82,1.82,10,0
KPC,5,20210323,133500,1.82,1.82,1.82,1.82,100,0
KPC,5,20210323,153000,1.82,1.82,1.82,1.82,500,0
KPC,5,20210324,090000,1.82,1.82,1.82,1.82,9,0
KPC,5,20210324,101500,1.82,1.82,1.82,1.82,10,0
KPC,5,20210324,143000,1.69,1.8,1.69,1.8,312,0
KPC,5,20210326,160000,1.7,1.75,1.7,1.75,6850,0
KPC,5,20210326,160500,1.75,1.89,1.75,1.89,211,0
KPC,5,20210326,161000,1.91,1.91,1.8,1.91,53,0
KPC,5,20210326,164500,1.8,1.8,1.8,1.8,560,0
