<TICKER>,<PER>,<DATE>,<TIME>,<OPEN>,<HIGH>,<LOW>,<CLOSE>,<VOL>,<OPENINT>
LGT,5,20210204,123500,1.06,1.06,1.06,1.06,500,0
LGT,5,20210204,124000,1.05,1.05,1.05,1.05,777,0
LGT,5,20210204,131000,1.05,1.05,1,1,12388,0
LGT,5,20210204,142000,1.08,1.08,1.08,1.08,258,0
LGT,5,20210204,151000,1.08,1.08,1.08,1.08,500,0
LGT,5,20210204,152500,1.02,1.08,1,1.08,3380,0
LGT,5,20210205,105000,0.995,0.995,0.995,0.995,130,0
LGT,5,20210205,124500,1.06,1.06,1.06,1.06,1600,0
LGT,5,20210205,125000,1.08,1.08,1.08,1.08,1,0
LGT,5,20210205,132500,1.08,1.08,1.08,1.08,1303,0
LGT,5,20210210,114000,0.995,0.995,0.99,0.99,7191,0
LGT,5,20210210,114500,0.97,0.97,0.97,0.97,1000,0
LGT,5,20210210,121000,0.97,0.97,0.95,0.95,6623,0
LGT,5,20210210,132500,0.995,0.995,0.995,0.995,1197,0
LGT,5,20210210,133000,0.95,0.95,0.94,0.94,1220,0
LGT,5,20210211,090000,1.08,1.08,1.08,1.08,5,0
LGT,5,20210211,092000,1.04,1.04,1.04,1.04,5000,0
LGT,5,20210211,110500,0.99,0.99,0.98,0.98,5000,0
LGT,5,20210211,111500,0.98,0.98,0.98,0.98,1000,0
LGT,5,20210211,113500,0.98,0.98,0.98,0.98,870,0
LGT,5,20210211,115000,1.01,1.01,1.01,1.01,5000,0
LGT,5,20210211,132500,0.98,0.98,0.94,0.94,12955,0
LGT,5,20210211,133500,0.99,1.01,0.99,1.01,2042,0
LGT,5,20210211,142500,1.01,1.01,1.01,1.01,3749,0
LGT,5,20210211,164500,0.98,0.98,0.98,0.98,1200,0
LGT,5,20210212,095000,1.05,1.05,1.05,1.05,10000,0
LGT,5,20210212,095500,1.05,1.05,1.05,1.05,1706,0
LGT,5,20210212,105000,1.04,1.04,1.04,1.04,2834,0
LGT,5,20210212,113000,1.05,1.05,1.05,1.05,7000,0
LGT,5,20210212,142500,1.03,1.03,0.98,0.98,11321,0
LGT,5,20210212,143000,1.04,1.04,1.04,1.04,1,0
LGT,5,20210212,155500,1.01,1.01,1.01,1.01,1800,0
LGT,5,20210212,164000,1.02,1.03,1.02,1.03,1028,0
LGT,5,20210215,111500,1.02,1.02,1.02,1.02,1768,0
LGT,5,20210215,120000,0.98,0.98,0.94,0.94,4700,0
LGT,5,20210215,141000,0.94,0.94,0.935,0.935,2800,0
LGT,5,20210215,162500,1.01,1.01,1.01,1.01,591,0
LGT,5,20210215,164500,1.01,1.01,1.01,1.01,100,0
LGT,5,20210217,093000,1.01,1.01,1.01,1.01,2300,0
LGT,5,20210217,120000,0.99,0.99,0.99,0.99,1700,0
LGT,5,20210217,143000,1.01,1.01,1.01,1.01,300,0
LGT,5,20210218,091000,0.935,0.935,0.93,0.93,3471,0
LGT,5,20210218,121500,0.93,0.93,0.93,0.93,6920,0
LGT,5,20210218,144000,0.93,0.93,0.93,0.93,200,0
LGT,5,20210218,155000,0.93,0.93,0.93,0.93,1951,0
LGT,5,20210219,095500,0.99,0.99,0.99,0.99,700,0
LGT,5,20210222,135500,0.93,0.93,0.9,0.9,4650,0
LGT,5,20210222,142000,0.9,0.9,0.9,0.9,350,0
LGT,5,20210222,162000,0.985,0.985,0.985,0.985,10,0
LGT,5,20210223,095500,0.985,0.985,0.985,0.985,150,0
LGT,5,20210223,100500,0.88,0.88,0.86,0.86,250,0
LGT,5,20210223,103000,0.86,0.86,0.81,0.81,16998,0
LGT,5,20210223,104500,0.82,0.82,0.8,0.8,7950,0
LGT,5,20210223,105500,0.83,0.83,0.83,0.83,2000,0
LGT,5,20210223,111000,0.82,0.85,0.795,0.795,4900,0
LGT,5,20210223,113500,0.85,0.865,0.79,0.865,17008,0
LGT,5,20210223,114000,0.87,0.87,0.87,0.87,2000,0
LGT,5,20210223,115000,0.865,0.865,0.865,0.865,1500,0
LGT,5,20210223,115500,0.87,0.87,0.87,0.87,1600,0
LGT,5,20210223,120000,0.88,0.88,0.88,0.88,2000,0
LGT,5,20210223,120500,0.82,0.82,0.8,0.8,4000,0
LGT,5,20210223,121000,0.8,0.88,0.8,0.88,4000,0
LGT,5,20210223,122500,0.89,0.89,0.89,0.89,1000,0
LGT,5,20210223,124500,0.89,0.95,0.89,0.95,1001,0
LGT,5,20210223,150500,0.83,0.83,0.8,0.8,10621,0
LGT,5,20210223,161500,0.82,0.82,0.82,0.82,2500,0
LGT,5,20210223,163500,0.88,0.88,0.88,0.88,300,0
LGT,5,20210224,090000,0.88,0.88,0.88,0.88,1019,0
LGT,5,20210224,093500,0.89,0.89,0.89,0.89,397,0
LGT,5,20210224,102500,0.89,0.89,0.89,0.89,603,0
LGT,5,20210224,103000,0.9,0.9,0.82,0.82,16932,0
LGT,5,20210224,151500,0.88,0.88,0.88,0.88,333,0
LGT,5,20210224,164500,0.84,0.84,0.84,0.84,1148,0
LGT,5,20210225,090000,0.82,0.82,0.82,0.82,1204,0
LGT,5,20210225,115000,0.825,0.825,0.805,0.805,20445,0
LGT,5,20210225,164500,0.88,0.88,0.88,0.88,100,0
LGT,5,20210226,090000,0.86,0.86,0.86,0.86,300,0
LGT,5,20210226,091500,0.86,0.86,0.86,0.86,400,0
LGT,5,20210226,125000,0.805,0.805,0.8,0.8,5000,0
LGT,5,20210226,141500,0.87,0.87,0.87,0.87,180,0
LGT,5,20210301,091500,0.87,0.95,0.87,0.95,3000,0
LGT,5,20210301,104500,0.83,0.83,0.815,0.815,5000,0
LGT,5,20210301,105000,0.81,0.81,0.8,0.8,5000,0
LGT,5,20210301,133500,0.89,0.89,0.89,0.89,100,0
LGT,5,20210301,134500,0.89,0.89,0.89,0.89,300,0
LGT,5,20210301,155000,0.83,0.83,0.8,0.8,11650,0
LGT,5,20210301,155500,0.825,0.825,0.825,0.825,540,0
LGT,5,20210301,163000,0.83,0.83,0.83,0.83,1100,0
LGT,5,20210301,164500,0.795,0.795,0.795,0.795,1950,0
LGT,5,20210302,092000,0.85,0.85,0.85,0.85,189,0
LGT,5,20210302,102500,0.85,0.85,0.85,0.85,120,0
LGT,5,20210302,114000,0.84,0.84,0.84,0.84,250,0
LGT,5,20210302,163000,0.795,0.795,0.795,0.795,5540,0
LGT,5,20210302,164500,0.795,0.795,0.795,0.795,1750,0
LGT,5,20210303,135500,0.84,0.85,0.84,0.85,4500,0
LGT,5,20210304,122500,0.85,0.885,0.85,0.885,4610,0
LGT,5,20210304,130500,0.82,0.82,0.8,0.8,35430,0
LGT,5,20210304,164500,0.84,0.84,0.84,0.84,3000,0
LGT,5,20210305,162000,0.895,0.895,0.895,0.895,50,0
LGT,5,20210308,092000,0.895,0.895,0.895,0.895,400,0
LGT,5,20210308,121000,0.825,0.825,0.825,0.825,400,0
LGT,5,20210308,142500,0.83,0.83,0.83,0.83,6000,0
LGT,5,20210308,164000,0.895,0.895,0.895,0.895,350,0
LGT,5,20210308,164500,0.935,0.94,0.935,0.94,2650,0
LGT,5,20210309,105500,0.825,0.825,0.825,0.825,1500,0
LGT,5,20210309,110500,0.825,0.825,0.825,0.825,571,0
LGT,5,20210309,111000,0.825,0.825,0.805,0.805,17107,0
LGT,5,20210309,122500,0.85,0.85,0.85,0.85,500,0
LGT,5,20210309,131000,0.85,0.85,0.85,0.85,37,0
LGT,5,20210309,135000,0.85,0.85,0.85,0.85,1463,0
LGT,5,20210309,160000,0.84,0.84,0.84,0.84,590,0
LGT,5,20210309,165500,0.895,0.895,0.895,0.895,1000,0
LGT,5,20210310,113000,0.85,0.85,0.85,0.85,1000,0
LGT,5,20210310,123000,0.89,0.89,0.89,0.89,221,0
LGT,5,20210310,140000,0.89,0.89,0.89,0.89,429,0
LGT,5,20210310,142000,0.895,0.895,0.895,0.895,940,0
LGT,5,20210310,160000,0.85,0.85,0.85,0.85,2580,0
LGT,5,20210312,090000,0.89,0.89,0.89,0.89,200,0
LGT,5,20210312,150500,0.82,0.88,0.82,0.88,2868,0
LGT,5,20210312,162500,0.88,0.89,0.88,0.89,4000,0
LGT,5,20210312,163000,0.89,0.89,0.89,0.89,600,0
LGT,5,20210312,164500,0.89,0.89,0.89,0.89,444,0
LGT,5,20210315,102500,0.855,0.855,0.855,0.855,1500,0
LGT,5,20210315,164500,0.89,0.89,0.89,0.89,100,0
LGT,5,20210316,111000,0.81,0.81,0.81,0.81,10,0
LGT,5,20210316,121000,0.81,0.81,0.81,0.81,1925,0
LGT,5,20210316,121500,0.805,0.805,0.805,0.805,1429,0
LGT,5,20210316,130500,0.805,0.805,0.8,0.8,15000,0
LGT,5,20210316,134000,0.81,0.81,0.81,0.81,75,0
LGT,5,20210316,164500,0.855,0.855,0.855,0.855,500,0
LGT,5,20210317,092000,0.81,0.81,0.81,0.81,618,0
LGT,5,20210317,092500,0.81,0.81,0.81,0.81,382,0
LGT,5,20210317,093000,0.875,0.875,0.875,0.875,1000,0
LGT,5,20210317,114500,0.81,0.865,0.81,0.865,1250,0
LGT,5,20210317,132000,0.81,0.81,0.81,0.81,1000,0
LGT,5,20210317,142000,0.81,0.81,0.81,0.81,1000,0
LGT,5,20210317,150000,0.81,0.81,0.81,0.81,1000,0
LGT,5,20210317,155500,0.82,0.82,0.82,0.82,1000,0
LGT,5,20210317,162000,0.82,0.82,0.82,0.82,3000,0
LGT,5,20210317,165500,0.865,0.865,0.865,0.865,770,0
LGT,5,20210318,113500,0.805,0.805,0.805,0.805,1000,0
LGT,5,20210318,134000,0.82,0.82,0.82,0.82,1200,0
LGT,5,20210318,135000,0.85,0.85,0.85,0.85,3260,0
LGT,5,20210318,135500,0.855,0.855,0.855,0.855,2036,0
LGT,5,20210318,151500,0.85,0.875,0.85,0.875,11036,0
LGT,5,20210318,152000,0.875,0.88,0.875,0.88,1910,0
LGT,5,20210319,090000,0.89,0.89,0.89,0.89,2399,0
LGT,5,20210319,093000,0.9,0.9,0.9,0.9,10000,0
LGT,5,20210319,094000,0.94,0.94,0.94,0.94,1,0
LGT,5,20210319,100500,0.95,1,0.94,1,29218,0
LGT,5,20210319,101000,1.06,1.06,1.06,1.06,700,0
LGT,5,20210319,102000,1.06,1.06,1.06,1.06,490,0
LGT,5,20210319,103500,1.04,1.04,1.04,1.04,500,0
LGT,5,20210319,110500,1.04,1.06,1.04,1.06,1000,0
LGT,5,20210319,112000,1.06,1.06,1.06,1.06,5,0
LGT,5,20210319,134000,1.04,1.04,1.04,1.04,340,0
LGT,5,20210319,135000,1.04,1.04,1.04,1.04,451,0
LGT,5,20210319,140000,1.05,1.05,1.05,1.05,201,0
LGT,5,20210319,164500,1.04,1.04,1.04,1.04,73,0
LGT,5,20210322,095500,1.03,1.03,1.03,1.03,300,0
LGT,5,20210322,100000,1.03,1.04,1.03,1.04,2250,0
LGT,5,20210322,100500,1.04,1.08,1.04,1.08,2472,0
LGT,5,20210322,101500,1.08,1.1,1.08,1.1,982,0
LGT,5,20210322,102000,1.1,1.1,1.1,1.1,3500,0
LGT,5,20210322,102500,1.06,1.1,0.88,1.1,14,0
LGT,5,20210322,103000,1.09,1.09,1.09,1.09,4,0
LGT,5,20210322,110500,1.05,1.05,1.05,1.05,100,0
LGT,5,20210322,133500,1.05,1.08,1.05,1.08,2024,0
LGT,5,20210322,135500,0.9,0.9,0.9,0.9,121,0
LGT,5,20210322,140000,1.08,1.08,1.08,1.08,10,0
LGT,5,20210323,090000,1.06,1.06,1.06,1.06,17,0
LGT,5,20210323,091000,1.05,1.05,1.05,1.05,1500,0
LGT,5,20210323,093000,1,1.05,1,1.05,5012,0
LGT,5,20210323,141000,0.98,1.05,0.87,1.05,21541,0
LGT,5,20210323,142000,0.86,1.02,0.85,1.02,2011,0
LGT,5,20210323,152500,0.915,1.02,0.91,1.02,1300,0
LGT,5,20210324,093000,0.975,0.975,0.975,0.975,15,0
LGT,5,20210324,094500,0.91,0.91,0.91,0.91,1,0
LGT,5,20210324,095000,0.97,0.97,0.97,0.97,10,0
LGT,5,20210324,095500,0.965,0.965,0.965,0.965,1,0
LGT,5,20210324,100000,0.91,0.965,0.91,0.965,3111,0
LGT,5,20210324,100500,0.91,0.91,0.91,0.91,329,0
LGT,5,20210324,103500,0.955,0.955,0.955,0.955,150,0
LGT,5,20210324,111000,0.955,1.02,0.955,1.02,7435,0
LGT,5,20210324,132000,0.94,0.94,0.94,0.94,1150,0
LGT,5,20210324,133000,0.92,0.92,0.92,0.92,151,0
LGT,5,20210324,133500,1.01,1.01,1.01,1.01,12,0
LGT,5,20210325,090000,1.01,1.01,1.01,1.01,10,0
LGT,5,20210325,132500,0.92,1.01,0.92,1.01,2185,0
LGT,5,20210325,133000,0.915,1.01,0.915,1.01,460,0
LGT,5,20210325,162000,0.985,1.01,0.985,1.01,2636,0
LGT,5,20210325,162500,1.01,1.01,1.01,1.01,1140,0
LGT,5,20210326,090000,1.01,1.01,1.01,1.01,12,0
LGT,5,20210326,091500,0.94,1.01,0.94,1.01,511,0
LGT,5,20210326,092000,1.01,1.01,1.01,1.01,30,0
LGT,5,20210326,093500,0.935,1.01,0.935,1.01,2337,0
LGT,5,20210326,111000,0.935,1.01,0.935,1.01,2311,0
LGT,5,20210326,124000,0.935,1.01,0.935,1.01,3547,0
LGT,5,20210326,140500,0.935,0.935,0.935,0.935,3258,0
LGT,5,20210326,141000,1.01,1.01,1.01,1.01,11,0
LGT,5,20210326,164500,1.04,1.04,1.04,1.04,500,0
