<TICKER>,<PER>,<DATE>,<TIME>,<OPEN>,<HIGH>,<LOW>,<CLOSE>,<VOL>,<OPENINT>
LPS,5,20210204,090000,0.182,0.2,0.182,0.2,274258,0
LPS,5,20210204,090500,0.199,0.199,0.19,0.197,107264,0
LPS,5,20210204,091000,0.197,0.199,0.197,0.198,88485,0
LPS,5,20210204,091500,0.198,0.198,0.195,0.198,29600,0
LPS,5,20210204,092500,0.192,0.196,0.191,0.196,23659,0
LPS,5,20210204,093000,0.192,0.196,0.192,0.196,14801,0
LPS,5,20210204,093500,0.196,0.197,0.196,0.196,46982,0
LPS,5,20210204,094000,0.198,0.198,0.196,0.196,45352,0
LPS,5,20210204,094500,0.193,0.193,0.19,0.19,24000,0
LPS,5,20210204,095000,0.19,0.19,0.183,0.183,83685,0
LPS,5,20210204,095500,0.183,0.183,0.18,0.182,219278,0
LPS,5,20210204,100000,0.193,0.193,0.193,0.193,355,0
LPS,5,20210204,100500,0.192,0.192,0.192,0.192,2000,0
LPS,5,20210204,101000,0.19,0.192,0.19,0.192,16000,0
LPS,5,20210204,102000,0.187,0.19,0.186,0.19,40000,0
LPS,5,20210204,102500,0.189,0.189,0.189,0.189,6000,0
LPS,5,20210204,103500,0.188,0.188,0.188,0.188,2180,0
LPS,5,20210204,105500,0.184,0.184,0.184,0.184,2000,0
LPS,5,20210204,110000,0.184,0.184,0.184,0.184,8645,0
LPS,5,20210204,111500,0.184,0.184,0.182,0.182,17500,0
LPS,5,20210204,113000,0.182,0.184,0.182,0.184,30922,0
LPS,5,20210204,113500,0.184,0.184,0.184,0.184,13000,0
LPS,5,20210204,115000,0.183,0.183,0.183,0.183,6203,0
LPS,5,20210204,115500,0.183,0.183,0.183,0.183,1820,0
LPS,5,20210204,121000,0.183,0.183,0.181,0.181,18985,0
LPS,5,20210204,121500,0.187,0.189,0.187,0.189,22000,0
LPS,5,20210204,123000,0.188,0.188,0.188,0.188,740,0
LPS,5,20210204,123500,0.185,0.185,0.185,0.185,10000,0
LPS,5,20210204,133000,0.182,0.182,0.18,0.18,100000,0
LPS,5,20210204,133500,0.181,0.181,0.18,0.18,5000,0
LPS,5,20210204,134000,0.183,0.183,0.183,0.183,2000,0
LPS,5,20210204,134500,0.184,0.184,0.184,0.184,1000,0
LPS,5,20210204,142500,0.184,0.185,0.184,0.185,9000,0
LPS,5,20210204,144000,0.185,0.185,0.185,0.185,5650,0
LPS,5,20210204,150000,0.182,0.182,0.182,0.182,1435,0
LPS,5,20210204,151000,0.185,0.185,0.185,0.185,9700,0
LPS,5,20210204,151500,0.185,0.187,0.185,0.187,30000,0
LPS,5,20210204,152000,0.187,0.187,0.187,0.187,13300,0
LPS,5,20210204,152500,0.186,0.186,0.186,0.186,20000,0
LPS,5,20210204,153500,0.185,0.185,0.185,0.185,14000,0
LPS,5,20210204,154000,0.187,0.187,0.187,0.187,16535,0
LPS,5,20210204,155000,0.187,0.187,0.187,0.187,3465,0
LPS,5,20210204,155500,0.187,0.191,0.187,0.191,89735,0
LPS,5,20210204,160000,0.19,0.191,0.19,0.191,4257,0
LPS,5,20210204,160500,0.191,0.191,0.19,0.19,94078,0
LPS,5,20210204,161500,0.19,0.19,0.19,0.19,2449,0
LPS,5,20210204,162000,0.186,0.186,0.185,0.185,2000,0
LPS,5,20210204,162500,0.183,0.183,0.183,0.183,1449,0
LPS,5,20210204,163000,0.185,0.185,0.185,0.185,20000,0
LPS,5,20210204,164500,0.183,0.192,0.183,0.192,146364,0
LPS,5,20210205,090000,0.192,0.192,0.192,0.192,984,0
LPS,5,20210205,091500,0.187,0.187,0.187,0.187,7342,0
LPS,5,20210205,092000,0.187,0.19,0.186,0.19,51987,0
LPS,5,20210205,092500,0.186,0.186,0.183,0.183,29000,0
LPS,5,20210205,093500,0.184,0.184,0.183,0.183,50000,0
LPS,5,20210205,101500,0.185,0.185,0.183,0.183,30000,0
LPS,5,20210205,102500,0.186,0.186,0.183,0.183,12000,0
LPS,5,20210205,104500,0.183,0.183,0.183,0.183,16116,0
LPS,5,20210205,105000,0.183,0.183,0.182,0.182,34978,0
LPS,5,20210205,110500,0.182,0.182,0.181,0.181,30415,0
LPS,5,20210205,112000,0.186,0.186,0.186,0.186,1000,0
LPS,5,20210205,112500,0.181,0.181,0.18,0.18,135708,0
LPS,5,20210205,114000,0.183,0.183,0.183,0.183,900,0
LPS,5,20210205,114500,0.183,0.197,0.183,0.197,256949,0
LPS,5,20210205,115000,0.196,0.226,0.196,0.224,1354659,0
LPS,5,20210205,115500,0.22,0.22,0.204,0.212,540893,0
LPS,5,20210205,120000,0.21,0.21,0.198,0.202,284472,0
LPS,5,20210205,120500,0.2,0.202,0.197,0.202,112807,0
LPS,5,20210205,121000,0.202,0.208,0.2,0.202,139037,0
LPS,5,20210205,121500,0.206,0.208,0.202,0.202,135702,0
LPS,5,20210205,122000,0.206,0.21,0.206,0.21,99712,0
LPS,5,20210205,122500,0.21,0.21,0.21,0.21,4500,0
LPS,5,20210205,123000,0.21,0.212,0.21,0.21,21329,0
LPS,5,20210205,123500,0.208,0.212,0.206,0.212,92434,0
LPS,5,20210205,124000,0.212,0.212,0.21,0.21,4270,0
LPS,5,20210205,124500,0.204,0.204,0.204,0.204,15000,0
LPS,5,20210205,125000,0.21,0.21,0.21,0.21,172,0
LPS,5,20210205,130000,0.21,0.21,0.2,0.2,28000,0
LPS,5,20210205,130500,0.208,0.208,0.208,0.208,7000,0
LPS,5,20210205,131500,0.2,0.2,0.198,0.198,108582,0
LPS,5,20210205,132000,0.2,0.2,0.197,0.197,50000,0
LPS,5,20210205,133000,0.2,0.202,0.2,0.202,4000,0
LPS,5,20210205,133500,0.202,0.202,0.202,0.202,3000,0
LPS,5,20210205,134000,0.2,0.2,0.2,0.2,20000,0
LPS,5,20210205,134500,0.197,0.197,0.197,0.197,30000,0
LPS,5,20210205,135000,0.197,0.206,0.194,0.206,145000,0
LPS,5,20210205,135500,0.197,0.197,0.195,0.195,48100,0
LPS,5,20210205,140500,0.199,0.199,0.199,0.199,1500,0
LPS,5,20210205,142000,0.195,0.195,0.194,0.194,30000,0
LPS,5,20210205,142500,0.194,0.194,0.186,0.19,93400,0
LPS,5,20210205,143000,0.196,0.196,0.196,0.196,4750,0
LPS,5,20210205,143500,0.196,0.196,0.196,0.196,6650,0
LPS,5,20210205,144000,0.197,0.2,0.197,0.199,43738,0
LPS,5,20210205,144500,0.199,0.199,0.199,0.199,3899,0
LPS,5,20210205,145500,0.199,0.199,0.199,0.199,500,0
LPS,5,20210205,150000,0.193,0.197,0.193,0.197,17000,0
LPS,5,20210205,151500,0.197,0.197,0.197,0.197,5000,0
LPS,5,20210205,152000,0.192,0.192,0.19,0.19,64500,0
LPS,5,20210205,153000,0.19,0.195,0.19,0.195,9198,0
LPS,5,20210205,153500,0.189,0.189,0.189,0.189,50,0
LPS,5,20210205,154500,0.195,0.195,0.195,0.195,1,0
LPS,5,20210205,155000,0.189,0.189,0.189,0.189,10000,0
LPS,5,20210205,160000,0.189,0.198,0.189,0.198,109654,0
LPS,5,20210205,160500,0.189,0.196,0.189,0.196,10001,0
LPS,5,20210205,161000,0.189,0.189,0.187,0.187,35001,0
LPS,5,20210205,161500,0.186,0.186,0.186,0.186,5914,0
LPS,5,20210205,163000,0.187,0.191,0.187,0.191,3102,0
LPS,5,20210205,163500,0.188,0.193,0.188,0.191,10761,0
LPS,5,20210205,164500,0.19,0.19,0.19,0.19,47752,0
LPS,5,20210208,090000,0.19,0.196,0.19,0.196,8715,0
LPS,5,20210208,090500,0.196,0.196,0.195,0.195,29985,0
LPS,5,20210208,091500,0.194,0.194,0.194,0.194,3179,0
LPS,5,20210208,092000,0.187,0.187,0.184,0.184,107901,0
LPS,5,20210208,092500,0.189,0.189,0.185,0.185,8004,0
LPS,5,20210208,093000,0.185,0.185,0.185,0.185,25000,0
LPS,5,20210208,093500,0.185,0.187,0.185,0.187,18996,0
LPS,5,20210208,094000,0.187,0.187,0.187,0.187,10000,0
LPS,5,20210208,095000,0.186,0.186,0.186,0.186,3112,0
LPS,5,20210208,095500,0.189,0.189,0.189,0.189,5000,0
LPS,5,20210208,100500,0.187,0.187,0.187,0.187,5000,0
LPS,5,20210208,103500,0.187,0.187,0.187,0.187,5000,0
LPS,5,20210208,104000,0.187,0.187,0.187,0.187,5000,0
LPS,5,20210208,105500,0.187,0.187,0.187,0.187,7639,0
LPS,5,20210208,112500,0.19,0.19,0.19,0.19,1,0
LPS,5,20210208,115500,0.187,0.19,0.186,0.19,3001,0
LPS,5,20210208,120000,0.187,0.187,0.185,0.185,52900,0
LPS,5,20210208,120500,0.185,0.185,0.185,0.185,3800,0
LPS,5,20210208,121500,0.187,0.187,0.187,0.187,614,0
LPS,5,20210208,122000,0.186,0.186,0.186,0.186,491,0
LPS,5,20210208,122500,0.186,0.186,0.186,0.186,9,0
LPS,5,20210208,124000,0.186,0.187,0.186,0.187,14375,0
LPS,5,20210208,130000,0.189,0.189,0.189,0.189,2500,0
LPS,5,20210208,131000,0.187,0.187,0.187,0.187,625,0
LPS,5,20210208,131500,0.186,0.186,0.186,0.186,10113,0
LPS,5,20210208,133000,0.186,0.186,0.186,0.186,9000,0
LPS,5,20210208,134000,0.187,0.187,0.187,0.187,1000,0
LPS,5,20210208,135000,0.186,0.186,0.186,0.186,7500,0
LPS,5,20210208,135500,0.186,0.186,0.185,0.185,30000,0
LPS,5,20210208,140500,0.185,0.185,0.185,0.185,7000,0
LPS,5,20210208,143500,0.187,0.187,0.187,0.187,6500,0
LPS,5,20210208,145500,0.188,0.188,0.188,0.188,1911,0
LPS,5,20210208,155000,0.188,0.188,0.188,0.188,17202,0
LPS,5,20210208,161500,0.186,0.186,0.186,0.186,25187,0
LPS,5,20210208,164000,0.188,0.188,0.188,0.188,2287,0
LPS,5,20210208,164500,0.186,0.186,0.186,0.186,54382,0
LPS,5,20210209,090000,0.186,0.192,0.186,0.192,4714,0
LPS,5,20210209,090500,0.187,0.187,0.187,0.187,5718,0
LPS,5,20210209,091500,0.187,0.187,0.184,0.184,27757,0
LPS,5,20210209,092000,0.184,0.184,0.183,0.183,24243,0
LPS,5,20210209,092500,0.183,0.184,0.182,0.183,53000,0
LPS,5,20210209,094500,0.183,0.183,0.183,0.183,10000,0
LPS,5,20210209,095000,0.182,0.182,0.182,0.182,7000,0
LPS,5,20210209,100500,0.183,0.183,0.183,0.183,10000,0
LPS,5,20210209,101500,0.183,0.183,0.183,0.183,6000,0
LPS,5,20210209,102000,0.182,0.182,0.182,0.182,10000,0
LPS,5,20210209,103000,0.182,0.182,0.182,0.182,10000,0
LPS,5,20210209,104500,0.182,0.182,0.182,0.182,200,0
LPS,5,20210209,105500,0.182,0.182,0.18,0.18,63536,0
LPS,5,20210209,110000,0.182,0.182,0.182,0.182,17000,0
LPS,5,20210209,111000,0.183,0.186,0.183,0.186,550,0
LPS,5,20210209,113000,0.182,0.182,0.182,0.182,15000,0
LPS,5,20210209,113500,0.182,0.182,0.182,0.182,1,0
LPS,5,20210209,114500,0.185,0.185,0.185,0.185,950,0
LPS,5,20210209,122500,0.182,0.182,0.182,0.182,3000,0
LPS,5,20210209,123000,0.185,0.185,0.185,0.185,1,0
LPS,5,20210209,125000,0.182,0.182,0.182,0.182,9050,0
LPS,5,20210209,131000,0.185,0.185,0.183,0.183,9008,0
LPS,5,20210209,133500,0.185,0.185,0.185,0.185,15000,0
LPS,5,20210209,140000,0.183,0.183,0.183,0.183,10000,0
LPS,5,20210209,140500,0.185,0.185,0.185,0.185,3000,0
LPS,5,20210209,145500,0.185,0.186,0.18,0.186,126282,0
LPS,5,20210209,151000,0.186,0.186,0.186,0.186,15000,0
LPS,5,20210209,152000,0.186,0.186,0.177,0.177,89980,0
LPS,5,20210209,152500,0.184,0.184,0.178,0.178,8581,0
LPS,5,20210209,153000,0.184,0.184,0.179,0.179,6066,0
LPS,5,20210209,154500,0.183,0.184,0.183,0.184,10000,0
LPS,5,20210209,155000,0.179,0.179,0.178,0.178,37300,0
LPS,5,20210209,161500,0.179,0.179,0.179,0.179,6000,0
LPS,5,20210209,162500,0.179,0.179,0.179,0.179,1500,0
LPS,5,20210209,163500,0.181,0.182,0.181,0.182,14001,0
LPS,5,20210209,164000,0.184,0.184,0.184,0.184,2001,0
LPS,5,20210209,164500,0.182,0.186,0.182,0.186,16952,0
LPS,5,20210210,091500,0.18,0.184,0.18,0.184,8001,0
LPS,5,20210210,092500,0.18,0.18,0.18,0.18,3000,0
LPS,5,20210210,093000,0.183,0.183,0.183,0.183,1,0
LPS,5,20210210,094500,0.18,0.18,0.18,0.18,264,0
LPS,5,20210210,095000,0.179,0.179,0.179,0.179,30,0
LPS,5,20210210,095500,0.179,0.179,0.179,0.179,15000,0
LPS,5,20210210,100000,0.182,0.182,0.182,0.182,7925,0
LPS,5,20210210,100500,0.18,0.18,0.18,0.18,7000,0
LPS,5,20210210,101000,0.18,0.18,0.177,0.177,66968,0
LPS,5,20210210,101500,0.182,0.182,0.177,0.177,15222,0
LPS,5,20210210,102000,0.176,0.176,0.176,0.176,40599,0
LPS,5,20210210,103500,0.178,0.178,0.178,0.178,4000,0
LPS,5,20210210,104000,0.179,0.179,0.179,0.179,1401,0
LPS,5,20210210,105500,0.178,0.178,0.176,0.176,50000,0
LPS,5,20210210,112500,0.177,0.177,0.177,0.177,24700,0
LPS,5,20210210,113000,0.177,0.177,0.177,0.177,9000,0
LPS,5,20210210,120000,0.179,0.18,0.179,0.18,8551,0
LPS,5,20210210,120500,0.18,0.18,0.18,0.18,4749,0
LPS,5,20210210,121000,0.178,0.178,0.178,0.178,15000,0
LPS,5,20210210,122500,0.18,0.181,0.18,0.181,29000,0
LPS,5,20210210,123500,0.18,0.18,0.179,0.179,30000,0
LPS,5,20210210,131000,0.181,0.184,0.181,0.184,20,0
LPS,5,20210210,131500,0.184,0.184,0.184,0.184,450,0
LPS,5,20210210,134000,0.184,0.184,0.184,0.184,1598,0
LPS,5,20210210,145500,0.18,0.18,0.18,0.18,3000,0
LPS,5,20210210,151000,0.183,0.183,0.183,0.183,1,0
LPS,5,20210210,162000,0.181,0.181,0.18,0.18,13000,0
LPS,5,20210210,162500,0.182,0.182,0.182,0.182,42987,0
LPS,5,20210210,163000,0.179,0.179,0.179,0.179,2000,0
LPS,5,20210211,093500,0.182,0.182,0.182,0.182,5200,0
LPS,5,20210211,094500,0.177,0.182,0.177,0.182,10001,0
LPS,5,20210211,104000,0.178,0.178,0.178,0.178,1000,0
LPS,5,20210211,105000,0.178,0.178,0.178,0.178,1000,0
LPS,5,20210211,105500,0.178,0.178,0.178,0.178,4,0
LPS,5,20210211,110500,0.178,0.182,0.177,0.181,27768,0
LPS,5,20210211,113500,0.178,0.178,0.176,0.176,19582,0
LPS,5,20210211,114000,0.176,0.179,0.175,0.179,90008,0
LPS,5,20210211,114500,0.178,0.178,0.178,0.178,20000,0
LPS,5,20210211,122500,0.179,0.182,0.179,0.182,26000,0
LPS,5,20210211,123000,0.182,0.182,0.182,0.182,6800,0
LPS,5,20210211,124000,0.182,0.182,0.182,0.182,697,0
LPS,5,20210211,125500,0.181,0.181,0.181,0.181,5000,0
LPS,5,20210211,133000,0.178,0.178,0.176,0.176,21014,0
LPS,5,20210211,134000,0.177,0.177,0.177,0.177,5000,0
LPS,5,20210211,140500,0.18,0.184,0.18,0.184,55000,0
LPS,5,20210211,141500,0.177,0.183,0.177,0.183,2501,0
LPS,5,20210211,142500,0.184,0.184,0.177,0.177,26200,0
LPS,5,20210211,143000,0.177,0.177,0.177,0.177,35000,0
LPS,5,20210211,145500,0.18,0.18,0.175,0.175,50000,0
LPS,5,20210211,153000,0.177,0.177,0.175,0.175,70507,0
LPS,5,20210211,154000,0.175,0.175,0.175,0.175,21000,0
LPS,5,20210211,154500,0.181,0.181,0.181,0.181,1,0
LPS,5,20210211,155000,0.181,0.181,0.181,0.181,19999,0
LPS,5,20210211,155500,0.181,0.181,0.181,0.181,10000,0
LPS,5,20210211,162500,0.181,0.181,0.181,0.181,31000,0
LPS,5,20210211,164500,0.177,0.182,0.177,0.182,8002,0
LPS,5,20210212,090000,0.182,0.182,0.177,0.177,45000,0
LPS,5,20210212,090500,0.182,0.182,0.182,0.182,12400,0
LPS,5,20210212,091500,0.183,0.183,0.183,0.183,11000,0
LPS,5,20210212,092000,0.184,0.184,0.184,0.184,4008,0
LPS,5,20210212,095000,0.182,0.182,0.182,0.182,11300,0
LPS,5,20210212,095500,0.18,0.18,0.18,0.18,15000,0
LPS,5,20210212,100000,0.178,0.178,0.178,0.178,15000,0
LPS,5,20210212,102500,0.182,0.204,0.182,0.199,887183,0
LPS,5,20210212,103000,0.198,0.2,0.19,0.198,392758,0
LPS,5,20210212,103500,0.197,0.197,0.183,0.19,166113,0
LPS,5,20210212,104000,0.187,0.19,0.186,0.186,142577,0
LPS,5,20210212,104500,0.19,0.199,0.187,0.198,143627,0
LPS,5,20210212,105000,0.194,0.198,0.194,0.198,82730,0
LPS,5,20210212,105500,0.197,0.198,0.196,0.197,70300,0
LPS,5,20210212,110000,0.196,0.204,0.196,0.202,298404,0
LPS,5,20210212,110500,0.2,0.202,0.2,0.2,96903,0
LPS,5,20210212,111000,0.202,0.204,0.2,0.202,43623,0
LPS,5,20210212,111500,0.2,0.208,0.2,0.208,199188,0
LPS,5,20210212,112000,0.208,0.208,0.208,0.208,10000,0
LPS,5,20210212,112500,0.204,0.206,0.2,0.2,60904,0
LPS,5,20210212,113000,0.193,0.2,0.193,0.2,46192,0
LPS,5,20210212,113500,0.199,0.206,0.199,0.2,73000,0
LPS,5,20210212,114000,0.204,0.21,0.204,0.208,94700,0
LPS,5,20210212,114500,0.208,0.208,0.2,0.2,9800,0
LPS,5,20210212,121000,0.202,0.202,0.202,0.202,6593,0
LPS,5,20210212,121500,0.2,0.2,0.195,0.195,30390,0
LPS,5,20210212,122000,0.202,0.204,0.199,0.199,19450,0
LPS,5,20210212,122500,0.199,0.199,0.199,0.199,5000,0
LPS,5,20210212,123500,0.199,0.199,0.199,0.199,8864,0
LPS,5,20210212,124000,0.199,0.199,0.199,0.199,1680,0
LPS,5,20210212,125000,0.199,0.199,0.199,0.199,208,0
LPS,5,20210212,125500,0.197,0.197,0.195,0.195,8120,0
LPS,5,20210212,130500,0.194,0.194,0.191,0.191,166000,0
LPS,5,20210212,131500,0.197,0.198,0.197,0.198,8000,0
LPS,5,20210212,133500,0.193,0.193,0.186,0.186,137678,0
LPS,5,20210212,134000,0.187,0.187,0.187,0.187,9000,0
LPS,5,20210212,135000,0.188,0.188,0.188,0.188,7000,0
LPS,5,20210212,141500,0.188,0.188,0.188,0.188,1300,0
LPS,5,20210212,142000,0.19,0.19,0.19,0.19,16698,0
LPS,5,20210212,143000,0.188,0.188,0.188,0.188,10000,0
LPS,5,20210212,143500,0.188,0.188,0.188,0.188,13302,0
LPS,5,20210212,144500,0.188,0.188,0.188,0.188,6000,0
LPS,5,20210212,145000,0.188,0.188,0.186,0.186,61000,0
LPS,5,20210212,150000,0.191,0.192,0.191,0.192,20000,0
LPS,5,20210212,151500,0.186,0.186,0.186,0.186,7732,0
LPS,5,20210212,152000,0.186,0.186,0.185,0.185,25016,0
LPS,5,20210212,153000,0.185,0.185,0.185,0.185,16984,0
LPS,5,20210212,154500,0.188,0.188,0.188,0.188,8396,0
LPS,5,20210212,155500,0.189,0.189,0.189,0.189,7732,0
LPS,5,20210212,160000,0.19,0.195,0.19,0.19,52268,0
LPS,5,20210212,160500,0.19,0.198,0.19,0.195,71591,0
LPS,5,20210212,161500,0.196,0.198,0.196,0.198,14715,0
LPS,5,20210212,164500,0.196,0.196,0.194,0.196,40715,0
LPS,5,20210215,090000,0.196,0.197,0.191,0.191,192067,0
LPS,5,20210215,090500,0.198,0.204,0.198,0.204,25530,0
LPS,5,20210215,091000,0.195,0.195,0.195,0.195,3000,0
LPS,5,20210215,091500,0.195,0.204,0.195,0.204,105338,0
LPS,5,20210215,092000,0.197,0.197,0.197,0.197,8644,0
LPS,5,20210215,092500,0.196,0.2,0.194,0.195,63767,0
LPS,5,20210215,093500,0.195,0.195,0.194,0.194,33496,0
LPS,5,20210215,094000,0.194,0.197,0.194,0.197,23143,0
LPS,5,20210215,094500,0.198,0.198,0.198,0.198,7930,0
LPS,5,20210215,095500,0.195,0.196,0.195,0.196,3500,0
LPS,5,20210215,100000,0.194,0.194,0.193,0.193,30000,0
LPS,5,20210215,100500,0.196,0.196,0.196,0.196,3000,0
LPS,5,20210215,101000,0.196,0.196,0.193,0.193,26265,0
LPS,5,20210215,101500,0.193,0.193,0.19,0.19,79912,0
LPS,5,20210215,102000,0.191,0.191,0.191,0.191,150,0
LPS,5,20210215,102500,0.191,0.191,0.19,0.19,10000,0
LPS,5,20210215,104000,0.193,0.194,0.191,0.191,75630,0
LPS,5,20210215,104500,0.191,0.191,0.19,0.19,103000,0
LPS,5,20210215,110500,0.194,0.194,0.194,0.194,10500,0
LPS,5,20210215,114000,0.191,0.191,0.191,0.191,10000,0
LPS,5,20210215,115500,0.191,0.191,0.191,0.191,5000,0
LPS,5,20210215,120000,0.193,0.193,0.193,0.193,60,0
LPS,5,20210215,121000,0.193,0.193,0.193,0.193,2461,0
LPS,5,20210215,122500,0.191,0.193,0.191,0.193,12187,0
LPS,5,20210215,123000,0.19,0.19,0.19,0.19,10000,0
LPS,5,20210215,123500,0.193,0.193,0.193,0.193,243,0
LPS,5,20210215,124500,0.19,0.19,0.188,0.188,21500,0
LPS,5,20210215,125500,0.19,0.19,0.19,0.19,500,0
LPS,5,20210215,130000,0.192,0.192,0.19,0.19,53000,0
LPS,5,20210215,130500,0.19,0.19,0.19,0.19,7000,0
LPS,5,20210215,131000,0.188,0.188,0.186,0.186,2429,0
LPS,5,20210215,131500,0.19,0.19,0.18,0.18,283100,0
LPS,5,20210215,132000,0.189,0.189,0.189,0.189,2500,0
LPS,5,20210215,132500,0.189,0.19,0.188,0.19,26000,0
LPS,5,20210215,135000,0.189,0.19,0.189,0.19,16000,0
LPS,5,20210215,140500,0.19,0.19,0.19,0.19,209,0
LPS,5,20210215,141500,0.19,0.19,0.186,0.186,34000,0
LPS,5,20210215,142000,0.188,0.188,0.188,0.188,16450,0
LPS,5,20210215,143000,0.188,0.188,0.185,0.185,12888,0
LPS,5,20210215,143500,0.184,0.184,0.182,0.182,74292,0
LPS,5,20210215,144000,0.182,0.187,0.182,0.187,31001,0
LPS,5,20210215,144500,0.183,0.183,0.181,0.181,28997,0
LPS,5,20210215,151500,0.182,0.182,0.182,0.182,17634,0
LPS,5,20210215,152000,0.184,0.184,0.184,0.184,18985,0
LPS,5,20210215,152500,0.185,0.185,0.185,0.185,150,0
LPS,5,20210215,153500,0.185,0.185,0.185,0.185,7570,0
LPS,5,20210215,154000,0.187,0.187,0.187,0.187,173,0
LPS,5,20210215,163000,0.187,0.19,0.187,0.19,49244,0
LPS,5,20210215,163500,0.19,0.19,0.19,0.19,4406,0
LPS,5,20210215,164000,0.19,0.19,0.19,0.19,7366,0
LPS,5,20210215,164500,0.19,0.19,0.19,0.19,5198,0
LPS,5,20210216,090000,0.191,0.191,0.181,0.181,103405,0
LPS,5,20210216,090500,0.181,0.181,0.176,0.177,114300,0
LPS,5,20210216,091000,0.178,0.182,0.178,0.182,4550,0
LPS,5,20210216,091500,0.182,0.19,0.18,0.18,174676,0
LPS,5,20210216,092000,0.18,0.18,0.18,0.18,20415,0
LPS,5,20210216,092500,0.18,0.184,0.18,0.184,36430,0
LPS,5,20210216,094000,0.181,0.181,0.179,0.179,56688,0
LPS,5,20210216,094500,0.179,0.18,0.175,0.175,392812,0
LPS,5,20210216,095000,0.18,0.18,0.18,0.18,28001,0
LPS,5,20210216,095500,0.18,0.18,0.18,0.18,1999,0
LPS,5,20210216,101500,0.182,0.182,0.182,0.182,7490,0
LPS,5,20210216,102000,0.18,0.18,0.18,0.18,30000,0
LPS,5,20210216,102500,0.18,0.18,0.18,0.18,13101,0
LPS,5,20210216,103000,0.181,0.181,0.181,0.181,4449,0
LPS,5,20210216,103500,0.181,0.181,0.181,0.181,4000,0
LPS,5,20210216,105500,0.178,0.178,0.178,0.178,7930,0
LPS,5,20210216,110000,0.178,0.178,0.178,0.178,19423,0
LPS,5,20210216,110500,0.178,0.178,0.178,0.178,1219,0
LPS,5,20210216,111000,0.178,0.178,0.178,0.178,10000,0
LPS,5,20210216,114500,0.181,0.181,0.181,0.181,1970,0
LPS,5,20210216,115000,0.179,0.179,0.179,0.179,4150,0
LPS,5,20210216,121500,0.181,0.181,0.181,0.181,9295,0
LPS,5,20210216,123500,0.181,0.181,0.181,0.181,705,0
LPS,5,20210216,124000,0.181,0.181,0.181,0.181,18000,0
LPS,5,20210216,124500,0.18,0.181,0.18,0.181,12280,0
LPS,5,20210216,125500,0.182,0.182,0.182,0.182,2510,0
LPS,5,20210216,130000,0.18,0.18,0.18,0.18,15110,0
LPS,5,20210216,130500,0.18,0.18,0.177,0.177,105493,0
LPS,5,20210216,133000,0.178,0.178,0.178,0.178,5500,0
LPS,5,20210216,134500,0.179,0.179,0.179,0.179,1000,0
LPS,5,20210216,135000,0.182,0.183,0.182,0.183,8000,0
LPS,5,20210216,135500,0.18,0.18,0.179,0.179,14000,0
LPS,5,20210216,140000,0.179,0.179,0.179,0.179,500,0
LPS,5,20210216,142000,0.18,0.18,0.18,0.18,400,0
LPS,5,20210216,143000,0.183,0.183,0.183,0.183,3000,0
LPS,5,20210216,143500,0.183,0.183,0.183,0.183,500,0
LPS,5,20210216,144000,0.183,0.183,0.183,0.183,8000,0
LPS,5,20210216,145500,0.181,0.181,0.18,0.18,19000,0
LPS,5,20210216,150000,0.18,0.18,0.18,0.18,89,0
LPS,5,20210216,150500,0.18,0.18,0.18,0.18,1360,0
LPS,5,20210216,152000,0.18,0.18,0.178,0.178,5000,0
LPS,5,20210216,152500,0.179,0.179,0.179,0.179,20000,0
LPS,5,20210216,153000,0.178,0.178,0.177,0.177,26200,0
LPS,5,20210216,155500,0.181,0.181,0.181,0.181,150,0
LPS,5,20210216,162000,0.178,0.178,0.178,0.178,5151,0
LPS,5,20210216,164500,0.181,0.181,0.181,0.181,2555,0
LPS,5,20210217,090500,0.18,0.181,0.18,0.181,6447,0
LPS,5,20210217,092000,0.177,0.177,0.177,0.177,73,0
LPS,5,20210217,093500,0.18,0.18,0.18,0.18,100,0
LPS,5,20210217,094500,0.177,0.177,0.177,0.177,3843,0
LPS,5,20210217,101500,0.18,0.181,0.18,0.181,2063,0
LPS,5,20210217,105000,0.181,0.181,0.181,0.181,5069,0
LPS,5,20210217,105500,0.179,0.179,0.179,0.179,9000,0
LPS,5,20210217,110500,0.179,0.179,0.178,0.178,42557,0
LPS,5,20210217,113500,0.177,0.177,0.176,0.176,48074,0
LPS,5,20210217,114000,0.176,0.176,0.176,0.176,72900,0
LPS,5,20210217,115000,0.178,0.178,0.178,0.178,322,0
LPS,5,20210217,115500,0.178,0.178,0.178,0.178,26650,0
LPS,5,20210217,120000,0.178,0.178,0.178,0.178,210,0
LPS,5,20210217,123000,0.177,0.177,0.177,0.177,721,0
LPS,5,20210217,123500,0.177,0.177,0.177,0.177,5089,0
LPS,5,20210217,125000,0.177,0.177,0.177,0.177,4911,0
LPS,5,20210217,130000,0.179,0.179,0.179,0.179,10000,0
LPS,5,20210217,133000,0.18,0.18,0.18,0.18,933,0
LPS,5,20210217,135500,0.178,0.178,0.178,0.178,6000,0
LPS,5,20210217,142000,0.178,0.178,0.178,0.178,1200,0
LPS,5,20210217,142500,0.178,0.178,0.177,0.177,15000,0
LPS,5,20210217,143000,0.177,0.178,0.177,0.178,26127,0
LPS,5,20210217,143500,0.176,0.176,0.176,0.176,20000,0
LPS,5,20210217,144500,0.178,0.178,0.178,0.178,4073,0
LPS,5,20210217,145000,0.178,0.178,0.178,0.178,5000,0
LPS,5,20210217,151500,0.178,0.178,0.178,0.178,1404,0
LPS,5,20210217,152500,0.177,0.177,0.176,0.176,17220,0
LPS,5,20210217,153000,0.178,0.178,0.178,0.178,2886,0
LPS,5,20210217,160000,0.179,0.179,0.179,0.179,10079,0
LPS,5,20210217,161500,0.18,0.18,0.18,0.18,6000,0
LPS,5,20210217,164500,0.18,0.18,0.18,0.18,4000,0
LPS,5,20210218,090000,0.18,0.18,0.18,0.18,11200,0
LPS,5,20210218,090500,0.176,0.176,0.176,0.176,2683,0
LPS,5,20210218,092000,0.177,0.179,0.177,0.179,10800,0
LPS,5,20210218,092500,0.176,0.176,0.176,0.176,30000,0
LPS,5,20210218,093500,0.176,0.176,0.176,0.176,5822,0
LPS,5,20210218,094000,0.176,0.176,0.176,0.176,72922,0
LPS,5,20210218,094500,0.176,0.176,0.176,0.176,6000,0
LPS,5,20210218,095000,0.176,0.176,0.176,0.176,73,0
LPS,5,20210218,095500,0.176,0.178,0.175,0.178,208035,0
LPS,5,20210218,100000,0.178,0.178,0.178,0.178,5000,0
LPS,5,20210218,100500,0.174,0.174,0.172,0.172,45842,0
LPS,5,20210218,103000,0.172,0.172,0.172,0.172,20000,0
LPS,5,20210218,104500,0.174,0.174,0.174,0.174,21700,0
LPS,5,20210218,123000,0.174,0.174,0.174,0.174,1200,0
LPS,5,20210218,125000,0.177,0.177,0.177,0.177,1000,0
LPS,5,20210218,125500,0.174,0.174,0.174,0.174,2500,0
LPS,5,20210218,132000,0.174,0.174,0.174,0.174,2000,0
LPS,5,20210218,145500,0.175,0.175,0.175,0.175,7406,0
LPS,5,20210218,151500,0.174,0.174,0.173,0.173,697,0
LPS,5,20210218,152000,0.173,0.173,0.172,0.172,38000,0
LPS,5,20210218,160000,0.177,0.177,0.177,0.177,322,0
LPS,5,20210218,162000,0.177,0.177,0.177,0.177,5000,0
LPS,5,20210218,164500,0.173,0.173,0.173,0.173,20000,0
LPS,5,20210219,090000,0.177,0.177,0.177,0.177,1,0
LPS,5,20210219,091000,0.174,0.177,0.17,0.177,107241,0
LPS,5,20210219,091500,0.177,0.177,0.177,0.177,1000,0
LPS,5,20210219,092000,0.171,0.171,0.17,0.17,28865,0
LPS,5,20210219,092500,0.17,0.17,0.17,0.17,32000,0
LPS,5,20210219,093500,0.17,0.179,0.17,0.179,93710,0
LPS,5,20210219,094000,0.177,0.18,0.177,0.18,66450,0
LPS,5,20210219,094500,0.18,0.18,0.179,0.179,35456,0
LPS,5,20210219,095000,0.174,0.18,0.174,0.18,125360,0
LPS,5,20210219,095500,0.181,0.181,0.181,0.181,10,0
LPS,5,20210219,101500,0.18,0.18,0.18,0.18,150,0
LPS,5,20210219,102000,0.18,0.18,0.18,0.18,250,0
LPS,5,20210219,103000,0.18,0.18,0.18,0.18,345,0
LPS,5,20210219,103500,0.177,0.18,0.177,0.18,40458,0
LPS,5,20210219,104500,0.177,0.177,0.175,0.175,2886,0
LPS,5,20210219,105000,0.18,0.181,0.18,0.181,31120,0
LPS,5,20210219,110500,0.177,0.177,0.177,0.177,5,0
LPS,5,20210219,111500,0.181,0.181,0.181,0.181,271,0
LPS,5,20210219,112000,0.181,0.181,0.181,0.181,26874,0
LPS,5,20210219,112500,0.183,0.188,0.183,0.188,98790,0
LPS,5,20210219,113000,0.188,0.189,0.188,0.189,34740,0
LPS,5,20210219,113500,0.189,0.189,0.18,0.18,4750,0
LPS,5,20210219,114000,0.187,0.187,0.187,0.187,1750,0
LPS,5,20210219,114500,0.188,0.189,0.188,0.189,13911,0
LPS,5,20210219,120000,0.186,0.186,0.186,0.186,5322,0
LPS,5,20210219,120500,0.181,0.186,0.18,0.186,17536,0
LPS,5,20210219,121000,0.187,0.187,0.187,0.187,1053,0
LPS,5,20210219,121500,0.187,0.187,0.187,0.187,1,0
LPS,5,20210219,122000,0.181,0.181,0.181,0.181,9000,0
LPS,5,20210219,124000,0.18,0.181,0.177,0.177,29458,0
LPS,5,20210219,125000,0.186,0.186,0.186,0.186,1500,0
LPS,5,20210219,130000,0.186,0.186,0.186,0.186,2000,0
LPS,5,20210219,130500,0.185,0.186,0.185,0.186,35345,0
LPS,5,20210219,131500,0.185,0.185,0.185,0.185,350,0
LPS,5,20210219,132000,0.18,0.185,0.18,0.185,37510,0
LPS,5,20210219,133000,0.18,0.18,0.178,0.178,50001,0
LPS,5,20210219,133500,0.178,0.178,0.178,0.178,18910,0
LPS,5,20210219,134000,0.178,0.178,0.177,0.177,14000,0
LPS,5,20210219,134500,0.177,0.177,0.175,0.175,75280,0
LPS,5,20210219,135500,0.18,0.18,0.18,0.18,6634,0
LPS,5,20210219,140000,0.182,0.182,0.182,0.182,6000,0
LPS,5,20210219,141000,0.182,0.183,0.182,0.183,27750,0
LPS,5,20210219,141500,0.183,0.183,0.183,0.183,3750,0
LPS,5,20210219,142500,0.178,0.179,0.177,0.177,30000,0
LPS,5,20210219,151000,0.182,0.182,0.182,0.182,673,0
LPS,5,20210219,161000,0.18,0.18,0.18,0.18,3982,0
LPS,5,20210219,161500,0.18,0.18,0.179,0.179,14187,0
LPS,5,20210219,162000,0.178,0.178,0.178,0.178,4269,0
LPS,5,20210219,164500,0.178,0.178,0.178,0.178,3000,0
LPS,5,20210222,090000,0.177,0.177,0.177,0.177,35127,0
LPS,5,20210222,090500,0.177,0.18,0.177,0.18,13188,0
LPS,5,20210222,091500,0.18,0.181,0.18,0.18,31522,0
LPS,5,20210222,092000,0.181,0.181,0.181,0.181,900,0
LPS,5,20210222,092500,0.18,0.18,0.18,0.18,26731,0
LPS,5,20210222,093500,0.18,0.18,0.176,0.176,20000,0
LPS,5,20210222,094500,0.176,0.176,0.176,0.176,10149,0
LPS,5,20210222,095000,0.176,0.176,0.175,0.175,37000,0
LPS,5,20210222,095500,0.175,0.175,0.175,0.175,12000,0
LPS,5,20210222,101000,0.175,0.175,0.175,0.175,2000,0
LPS,5,20210222,101500,0.175,0.175,0.174,0.174,18646,0
LPS,5,20210222,102000,0.174,0.18,0.174,0.18,20601,0
LPS,5,20210222,102500,0.18,0.18,0.18,0.18,9399,0
LPS,5,20210222,103500,0.178,0.178,0.175,0.175,26000,0
LPS,5,20210222,104000,0.175,0.175,0.175,0.175,8000,0
LPS,5,20210222,104500,0.174,0.174,0.174,0.174,2000,0
LPS,5,20210222,105500,0.174,0.174,0.174,0.174,7000,0
LPS,5,20210222,110000,0.174,0.174,0.174,0.174,5000,0
LPS,5,20210222,110500,0.174,0.174,0.173,0.173,20000,0
LPS,5,20210222,112000,0.174,0.174,0.174,0.174,11161,0
LPS,5,20210222,112500,0.178,0.178,0.178,0.178,9108,0
LPS,5,20210222,113000,0.176,0.176,0.176,0.176,9327,0
LPS,5,20210222,113500,0.178,0.178,0.178,0.178,2000,0
LPS,5,20210222,115000,0.176,0.176,0.176,0.176,4173,0
LPS,5,20210222,115500,0.175,0.175,0.175,0.175,25828,0
LPS,5,20210222,122500,0.178,0.178,0.178,0.178,2500,0
LPS,5,20210222,125000,0.176,0.176,0.176,0.176,5431,0
LPS,5,20210222,130500,0.178,0.178,0.178,0.178,5034,0
LPS,5,20210222,140500,0.178,0.178,0.178,0.178,2627,0
LPS,5,20210222,143000,0.179,0.179,0.179,0.179,50,0
LPS,5,20210222,154000,0.179,0.179,0.179,0.179,11950,0
LPS,5,20210222,155500,0.18,0.18,0.18,0.18,6298,0
LPS,5,20210222,160500,0.18,0.18,0.18,0.18,6000,0
LPS,5,20210222,161000,0.18,0.18,0.18,0.18,53000,0
LPS,5,20210222,162000,0.18,0.18,0.18,0.18,58500,0
LPS,5,20210222,162500,0.18,0.18,0.18,0.18,50000,0
LPS,5,20210222,163000,0.18,0.184,0.18,0.184,29981,0
LPS,5,20210222,163500,0.184,0.187,0.184,0.187,20740,0
LPS,5,20210222,164000,0.187,0.189,0.186,0.188,67746,0
LPS,5,20210222,164500,0.188,0.19,0.186,0.189,160184,0
LPS,5,20210223,090000,0.189,0.189,0.188,0.188,6841,0
LPS,5,20210223,090500,0.181,0.181,0.181,0.181,10251,0
LPS,5,20210223,091000,0.182,0.194,0.182,0.194,60820,0
LPS,5,20210223,091500,0.193,0.193,0.192,0.192,13690,0
LPS,5,20210223,092000,0.186,0.186,0.186,0.186,16000,0
LPS,5,20210223,092500,0.186,0.186,0.184,0.184,5000,0
LPS,5,20210223,093500,0.184,0.184,0.183,0.183,21000,0
LPS,5,20210223,094000,0.183,0.183,0.183,0.183,3988,0
LPS,5,20210223,095000,0.183,0.183,0.183,0.183,20000,0
LPS,5,20210223,100000,0.183,0.183,0.182,0.182,21329,0
LPS,5,20210223,100500,0.182,0.182,0.182,0.182,5000,0
LPS,5,20210223,101000,0.182,0.182,0.182,0.182,6000,0
LPS,5,20210223,102000,0.183,0.186,0.183,0.186,5777,0
LPS,5,20210223,104000,0.183,0.183,0.183,0.183,24000,0
LPS,5,20210223,104500,0.183,0.183,0.183,0.183,6888,0
LPS,5,20210223,111000,0.182,0.182,0.181,0.181,25000,0
LPS,5,20210223,112000,0.181,0.181,0.181,0.181,73451,0
LPS,5,20210223,113000,0.181,0.181,0.181,0.181,2220,0
LPS,5,20210223,120000,0.185,0.185,0.185,0.185,500,0
LPS,5,20210223,130000,0.182,0.182,0.182,0.182,4032,0
LPS,5,20210223,131000,0.181,0.181,0.181,0.181,11000,0
LPS,5,20210223,134500,0.181,0.181,0.181,0.181,2000,0
LPS,5,20210223,135500,0.181,0.181,0.181,0.181,4000,0
LPS,5,20210223,142000,0.181,0.181,0.18,0.18,70000,0
LPS,5,20210223,142500,0.18,0.183,0.18,0.183,793,0
LPS,5,20210223,143500,0.183,0.183,0.183,0.183,149,0
LPS,5,20210223,150000,0.18,0.18,0.18,0.18,2000,0
LPS,5,20210223,154000,0.178,0.18,0.178,0.18,15977,0
LPS,5,20210223,162500,0.178,0.178,0.177,0.177,69616,0
LPS,5,20210223,164000,0.176,0.176,0.176,0.176,20000,0
LPS,5,20210223,164500,0.177,0.179,0.177,0.179,21933,0
LPS,5,20210224,091000,0.176,0.176,0.176,0.176,6363,0
LPS,5,20210224,091500,0.181,0.186,0.181,0.186,10200,0
LPS,5,20210224,093500,0.18,0.18,0.18,0.18,12000,0
LPS,5,20210224,094500,0.182,0.182,0.182,0.182,777,0
LPS,5,20210224,100500,0.181,0.181,0.181,0.181,6000,0
LPS,5,20210224,104500,0.181,0.182,0.181,0.182,2531,0
LPS,5,20210224,110000,0.182,0.182,0.182,0.182,100,0
LPS,5,20210224,111000,0.181,0.181,0.181,0.181,2,0
LPS,5,20210224,111500,0.181,0.181,0.18,0.18,10552,0
LPS,5,20210224,112500,0.178,0.18,0.177,0.18,10777,0
LPS,5,20210224,113500,0.177,0.182,0.175,0.182,115000,0
LPS,5,20210224,123000,0.178,0.178,0.178,0.178,5686,0
LPS,5,20210224,125000,0.178,0.178,0.178,0.178,5303,0
LPS,5,20210224,131500,0.178,0.178,0.178,0.178,5000,0
LPS,5,20210224,133000,0.178,0.178,0.175,0.175,30000,0
LPS,5,20210224,135500,0.176,0.176,0.176,0.176,8805,0
LPS,5,20210224,143000,0.179,0.179,0.176,0.176,18770,0
LPS,5,20210224,144000,0.176,0.176,0.176,0.176,5000,0
LPS,5,20210224,145000,0.176,0.176,0.176,0.176,10000,0
LPS,5,20210224,152000,0.176,0.176,0.176,0.176,30000,0
LPS,5,20210224,153500,0.176,0.176,0.175,0.175,25000,0
LPS,5,20210224,154000,0.175,0.175,0.175,0.175,9000,0
LPS,5,20210224,155500,0.175,0.175,0.175,0.175,1778,0
LPS,5,20210224,160000,0.175,0.175,0.175,0.175,10000,0
LPS,5,20210224,162000,0.174,0.178,0.174,0.178,20277,0
LPS,5,20210224,165500,0.174,0.174,0.174,0.174,1500,0
LPS,5,20210225,090000,0.178,0.179,0.178,0.179,11533,0
LPS,5,20210225,090500,0.176,0.176,0.176,0.176,6000,0
LPS,5,20210225,091000,0.179,0.179,0.179,0.179,2000,0
LPS,5,20210225,092000,0.179,0.179,0.179,0.179,5177,0
LPS,5,20210225,092500,0.175,0.175,0.175,0.175,8500,0
LPS,5,20210225,093000,0.179,0.179,0.179,0.179,8636,0
LPS,5,20210225,093500,0.18,0.18,0.18,0.18,777,0
LPS,5,20210225,094500,0.18,0.182,0.18,0.182,26392,0
LPS,5,20210225,095000,0.18,0.182,0.18,0.182,22939,0
LPS,5,20210225,095500,0.182,0.183,0.182,0.183,10286,0
LPS,5,20210225,100000,0.183,0.183,0.183,0.183,18573,0
LPS,5,20210225,100500,0.183,0.184,0.18,0.184,136427,0
LPS,5,20210225,101500,0.181,0.181,0.181,0.181,10000,0
LPS,5,20210225,102000,0.18,0.181,0.18,0.181,17613,0
LPS,5,20210225,102500,0.183,0.184,0.183,0.184,10777,0
LPS,5,20210225,103000,0.182,0.182,0.182,0.182,2000,0
LPS,5,20210225,103500,0.182,0.182,0.182,0.182,3500,0
LPS,5,20210225,104000,0.181,0.184,0.181,0.184,45564,0
LPS,5,20210225,104500,0.179,0.179,0.176,0.176,20000,0
LPS,5,20210225,105500,0.183,0.183,0.183,0.183,777,0
LPS,5,20210225,110000,0.177,0.177,0.177,0.177,3500,0
LPS,5,20210225,110500,0.183,0.183,0.183,0.183,777,0
LPS,5,20210225,111000,0.183,0.183,0.183,0.183,1000,0
LPS,5,20210225,123500,0.182,0.182,0.178,0.178,7000,0
LPS,5,20210225,124000,0.182,0.182,0.182,0.182,777,0
LPS,5,20210225,144500,0.181,0.181,0.181,0.181,1666,0
LPS,5,20210225,150500,0.177,0.177,0.177,0.177,10000,0
LPS,5,20210225,154000,0.177,0.177,0.174,0.174,51690,0
LPS,5,20210225,155000,0.174,0.174,0.174,0.174,16800,0
LPS,5,20210225,163500,0.181,0.181,0.181,0.181,1,0
LPS,5,20210225,164000,0.175,0.175,0.175,0.175,33500,0
LPS,5,20210225,164500,0.174,0.18,0.174,0.18,32500,0
LPS,5,20210226,090000,0.176,0.176,0.172,0.172,46500,0
LPS,5,20210226,092000,0.173,0.173,0.173,0.173,777,0
LPS,5,20210226,093000,0.173,0.175,0.173,0.175,14223,0
LPS,5,20210226,093500,0.175,0.175,0.175,0.175,1700,0
LPS,5,20210226,095000,0.173,0.173,0.173,0.173,6154,0
LPS,5,20210226,100000,0.177,0.177,0.177,0.177,7923,0
LPS,5,20210226,101000,0.178,0.178,0.178,0.178,77,0
LPS,5,20210226,101500,0.174,0.178,0.174,0.178,11000,0
LPS,5,20210226,104000,0.178,0.178,0.178,0.178,1000,0
LPS,5,20210226,110000,0.174,0.174,0.174,0.174,250,0
LPS,5,20210226,111000,0.178,0.178,0.178,0.178,100,0
LPS,5,20210226,130000,0.178,0.178,0.178,0.178,1600,0
LPS,5,20210226,134000,0.175,0.175,0.173,0.173,2800,0
LPS,5,20210226,134500,0.178,0.178,0.178,0.178,100,0
LPS,5,20210226,142000,0.178,0.178,0.178,0.178,777,0
LPS,5,20210226,153500,0.174,0.174,0.174,0.174,10000,0
LPS,5,20210226,154000,0.173,0.178,0.173,0.178,1366,0
LPS,5,20210226,160000,0.173,0.173,0.172,0.172,15013,0
LPS,5,20210226,160500,0.178,0.178,0.178,0.178,150,0
LPS,5,20210226,161500,0.174,0.178,0.174,0.178,1415,0
LPS,5,20210226,162000,0.174,0.174,0.172,0.172,9115,0
LPS,5,20210301,090000,0.173,0.173,0.173,0.173,20000,0
LPS,5,20210301,090500,0.172,0.176,0.172,0.176,9331,0
LPS,5,20210301,092000,0.175,0.175,0.175,0.175,1428,0
LPS,5,20210301,092500,0.176,0.177,0.176,0.177,20000,0
LPS,5,20210301,093500,0.177,0.178,0.177,0.178,15461,0
LPS,5,20210301,094000,0.174,0.174,0.174,0.174,6300,0
LPS,5,20210301,100500,0.174,0.174,0.173,0.173,4000,0
LPS,5,20210301,101500,0.174,0.174,0.174,0.174,10000,0
LPS,5,20210301,103500,0.173,0.173,0.173,0.173,474,0
LPS,5,20210301,104000,0.176,0.176,0.176,0.176,5500,0
LPS,5,20210301,104500,0.176,0.176,0.176,0.176,1000,0
LPS,5,20210301,112000,0.174,0.174,0.173,0.173,25000,0
LPS,5,20210301,121000,0.175,0.175,0.175,0.175,777,0
LPS,5,20210301,124000,0.175,0.175,0.175,0.175,9223,0
LPS,5,20210301,131500,0.176,0.176,0.176,0.176,5000,0
LPS,5,20210301,135500,0.176,0.176,0.176,0.176,3000,0
LPS,5,20210301,142000,0.176,0.176,0.176,0.176,5427,0
LPS,5,20210301,143500,0.175,0.175,0.174,0.174,11000,0
LPS,5,20210301,144000,0.173,0.173,0.172,0.172,30000,0
LPS,5,20210301,145500,0.172,0.172,0.172,0.172,101200,0
LPS,5,20210301,151000,0.174,0.174,0.174,0.174,6879,0
LPS,5,20210301,155000,0.174,0.176,0.174,0.176,12969,0
LPS,5,20210301,163000,0.173,0.173,0.171,0.171,78713,0
LPS,5,20210301,163500,0.171,0.171,0.171,0.171,1,0
LPS,5,20210301,164500,0.172,0.176,0.172,0.176,56000,0
LPS,5,20210302,090000,0.175,0.175,0.172,0.172,22823,0
LPS,5,20210302,090500,0.171,0.175,0.17,0.175,105777,0
LPS,5,20210302,091000,0.171,0.171,0.17,0.17,54223,0
LPS,5,20210302,091500,0.17,0.17,0.17,0.17,5000,0
LPS,5,20210302,092500,0.173,0.173,0.173,0.173,11000,0
LPS,5,20210302,094000,0.172,0.172,0.172,0.172,5000,0
LPS,5,20210302,094500,0.17,0.17,0.17,0.17,49395,0
LPS,5,20210302,095000,0.17,0.17,0.17,0.17,984,0
LPS,5,20210302,100000,0.17,0.17,0.17,0.17,9000,0
LPS,5,20210302,101000,0.17,0.17,0.169,0.169,5000,0
LPS,5,20210302,103500,0.169,0.169,0.168,0.168,29747,0
LPS,5,20210302,104000,0.17,0.17,0.17,0.17,550,0
LPS,5,20210302,114000,0.17,0.17,0.17,0.17,13887,0
LPS,5,20210302,115000,0.17,0.17,0.17,0.17,16113,0
LPS,5,20210302,115500,0.173,0.173,0.173,0.173,777,0
LPS,5,20210302,140500,0.169,0.169,0.168,0.168,12969,0
LPS,5,20210302,143500,0.17,0.172,0.17,0.172,53000,0
LPS,5,20210302,150000,0.17,0.17,0.17,0.17,7400,0
LPS,5,20210302,152500,0.17,0.17,0.17,0.17,10166,0
LPS,5,20210302,155000,0.17,0.172,0.17,0.172,22558,0
LPS,5,20210302,160000,0.172,0.172,0.172,0.172,1200,0
LPS,5,20210302,161000,0.168,0.168,0.168,0.168,6000,0
LPS,5,20210302,162000,0.17,0.17,0.17,0.17,10000,0
LPS,5,20210302,163000,0.169,0.169,0.169,0.169,3000,0
LPS,5,20210302,164500,0.172,0.172,0.172,0.172,2860,0
LPS,5,20210303,090000,0.172,0.172,0.172,0.172,5000,0
LPS,5,20210303,091000,0.172,0.172,0.172,0.172,730,0
LPS,5,20210303,091500,0.169,0.169,0.169,0.169,208,0
LPS,5,20210303,094000,0.172,0.177,0.172,0.177,168211,0
LPS,5,20210303,094500,0.175,0.177,0.16,0.16,261478,0
LPS,5,20210303,095000,0.158,0.166,0.158,0.166,381064,0
LPS,5,20210303,095500,0.166,0.166,0.166,0.166,69187,0
LPS,5,20210303,100000,0.166,0.166,0.166,0.166,1234,0
LPS,5,20210303,100500,0.165,0.168,0.165,0.168,27463,0
LPS,5,20210303,101000,0.168,0.169,0.166,0.166,26418,0
LPS,5,20210303,101500,0.166,0.166,0.166,0.166,7000,0
LPS,5,20210303,102000,0.164,0.164,0.162,0.162,7385,0
LPS,5,20210303,103000,0.162,0.162,0.159,0.159,92881,0
LPS,5,20210303,103500,0.164,0.164,0.164,0.164,5000,0
LPS,5,20210303,104500,0.161,0.161,0.159,0.159,132986,0
LPS,5,20210303,105000,0.159,0.159,0.157,0.159,91017,0
LPS,5,20210303,105500,0.158,0.164,0.158,0.164,63787,0
LPS,5,20210303,110000,0.163,0.163,0.163,0.163,2000,0
LPS,5,20210303,110500,0.16,0.16,0.16,0.16,5000,0
LPS,5,20210303,111000,0.162,0.166,0.162,0.166,107447,0
LPS,5,20210303,111500,0.165,0.165,0.162,0.165,6729,0
LPS,5,20210303,112000,0.165,0.165,0.165,0.165,7271,0
LPS,5,20210303,112500,0.167,0.17,0.165,0.17,60355,0
LPS,5,20210303,113000,0.17,0.173,0.17,0.172,39662,0
LPS,5,20210303,113500,0.172,0.173,0.172,0.173,30000,0
LPS,5,20210303,121500,0.168,0.172,0.165,0.165,6110,0
LPS,5,20210303,123500,0.165,0.165,0.165,0.165,25900,0
LPS,5,20210303,124000,0.169,0.169,0.169,0.169,1856,0
LPS,5,20210303,125500,0.172,0.172,0.172,0.172,656,0
LPS,5,20210303,131000,0.172,0.174,0.172,0.174,20000,0
LPS,5,20210303,141000,0.168,0.172,0.168,0.172,1100,0
LPS,5,20210303,160000,0.17,0.17,0.17,0.17,5000,0
LPS,5,20210303,161000,0.167,0.167,0.166,0.166,50000,0
LPS,5,20210303,161500,0.166,0.166,0.163,0.163,34081,0
LPS,5,20210303,162000,0.163,0.163,0.163,0.163,5000,0
LPS,5,20210303,162500,0.169,0.169,0.169,0.169,6000,0
LPS,5,20210304,090000,0.167,0.167,0.167,0.167,128402,0
LPS,5,20210304,090500,0.163,0.163,0.163,0.163,1183,0
LPS,5,20210304,091500,0.163,0.164,0.16,0.16,36745,0
LPS,5,20210304,092000,0.162,0.163,0.16,0.163,50506,0
LPS,5,20210304,093500,0.16,0.16,0.16,0.16,20000,0
LPS,5,20210304,094000,0.163,0.163,0.163,0.163,1300,0
LPS,5,20210304,095000,0.163,0.163,0.163,0.163,10632,0
LPS,5,20210304,100500,0.16,0.163,0.16,0.161,7462,0
LPS,5,20210304,101000,0.16,0.163,0.16,0.163,13000,0
LPS,5,20210304,101500,0.16,0.16,0.16,0.16,10875,0
LPS,5,20210304,102000,0.16,0.16,0.16,0.16,5688,0
LPS,5,20210304,102500,0.16,0.16,0.16,0.16,9793,0
LPS,5,20210304,103000,0.164,0.165,0.16,0.165,25955,0
LPS,5,20210304,103500,0.16,0.16,0.16,0.16,10000,0
LPS,5,20210304,105500,0.165,0.167,0.165,0.167,29223,0
LPS,5,20210304,113500,0.162,0.162,0.162,0.162,6000,0
LPS,5,20210304,114000,0.161,0.166,0.161,0.166,6000,0
LPS,5,20210304,130000,0.164,0.164,0.164,0.164,4000,0
LPS,5,20210304,131000,0.164,0.164,0.164,0.164,6000,0
LPS,5,20210304,131500,0.166,0.166,0.166,0.166,1000,0
LPS,5,20210304,132500,0.164,0.164,0.164,0.164,4288,0
LPS,5,20210304,133000,0.162,0.162,0.162,0.162,5712,0
LPS,5,20210304,142000,0.162,0.162,0.162,0.162,3000,0
LPS,5,20210304,151000,0.166,0.166,0.166,0.166,1000,0
LPS,5,20210304,152500,0.166,0.166,0.166,0.166,8250,0
LPS,5,20210304,155000,0.162,0.162,0.162,0.162,33288,0
LPS,5,20210304,155500,0.166,0.166,0.166,0.166,7,0
LPS,5,20210304,163000,0.165,0.165,0.165,0.165,9223,0
LPS,5,20210304,164000,0.165,0.165,0.165,0.165,124,0
LPS,5,20210304,164500,0.161,0.161,0.16,0.16,100000,0
LPS,5,20210305,090000,0.165,0.165,0.165,0.165,19789,0
LPS,5,20210305,090500,0.165,0.168,0.165,0.168,20989,0
LPS,5,20210305,091000,0.168,0.168,0.168,0.168,7214,0
LPS,5,20210305,092500,0.161,0.168,0.161,0.168,6031,0
LPS,5,20210305,093000,0.167,0.167,0.16,0.16,45020,0
LPS,5,20210305,093500,0.161,0.161,0.16,0.16,38111,0
LPS,5,20210305,095500,0.16,0.166,0.16,0.166,12000,0
LPS,5,20210305,101000,0.16,0.16,0.158,0.158,40888,0
LPS,5,20210305,103500,0.16,0.16,0.16,0.16,10000,0
LPS,5,20210305,111000,0.161,0.161,0.161,0.161,4630,0
LPS,5,20210305,112500,0.164,0.164,0.164,0.164,10000,0
LPS,5,20210305,114000,0.164,0.164,0.164,0.164,10140,0
LPS,5,20210305,120000,0.161,0.161,0.16,0.16,20000,0
LPS,5,20210305,120500,0.162,0.162,0.162,0.162,14860,0
LPS,5,20210305,121500,0.164,0.164,0.164,0.164,1000,0
LPS,5,20210305,122500,0.162,0.162,0.162,0.162,11000,0
LPS,5,20210305,124000,0.162,0.162,0.162,0.162,10000,0
LPS,5,20210305,132500,0.164,0.164,0.164,0.164,5000,0
LPS,5,20210305,133000,0.164,0.164,0.164,0.164,3,0
LPS,5,20210305,135500,0.164,0.164,0.164,0.164,100,0
LPS,5,20210305,151500,0.164,0.164,0.164,0.164,18527,0
LPS,5,20210305,154000,0.165,0.165,0.165,0.165,5400,0
LPS,5,20210305,164500,0.165,0.165,0.165,0.165,25000,0
LPS,5,20210308,090000,0.167,0.167,0.167,0.167,1300,0
LPS,5,20210308,092000,0.166,0.166,0.166,0.166,1000,0
LPS,5,20210308,093500,0.166,0.166,0.166,0.166,900,0
LPS,5,20210308,094000,0.166,0.166,0.166,0.166,100,0
LPS,5,20210308,095500,0.166,0.167,0.161,0.167,78000,0
LPS,5,20210308,102000,0.166,0.166,0.166,0.166,3012,0
LPS,5,20210308,103500,0.162,0.162,0.162,0.162,3303,0
LPS,5,20210308,104000,0.162,0.162,0.158,0.158,167235,0
LPS,5,20210308,104500,0.158,0.158,0.158,0.158,29000,0
LPS,5,20210308,105000,0.158,0.158,0.158,0.158,10500,0
LPS,5,20210308,105500,0.163,0.163,0.163,0.163,1,0
LPS,5,20210308,113500,0.16,0.16,0.16,0.16,2100,0
LPS,5,20210308,115000,0.163,0.164,0.163,0.164,14375,0
LPS,5,20210308,115500,0.161,0.161,0.161,0.161,5000,0
LPS,5,20210308,120500,0.163,0.163,0.163,0.163,5000,0
LPS,5,20210308,121000,0.161,0.161,0.161,0.161,25000,0
LPS,5,20210308,122500,0.163,0.164,0.163,0.164,10000,0
LPS,5,20210308,130500,0.164,0.164,0.164,0.164,7900,0
LPS,5,20210308,131000,0.164,0.165,0.164,0.165,10595,0
LPS,5,20210308,133500,0.164,0.166,0.164,0.166,116588,0
LPS,5,20210308,134000,0.167,0.17,0.167,0.17,87471,0
LPS,5,20210308,134500,0.17,0.17,0.17,0.17,9870,0
LPS,5,20210308,135000,0.166,0.166,0.163,0.163,10000,0
LPS,5,20210308,144500,0.168,0.168,0.168,0.168,150,0
LPS,5,20210308,155000,0.163,0.163,0.162,0.162,39962,0
LPS,5,20210308,155500,0.161,0.161,0.161,0.161,30000,0
LPS,5,20210308,160000,0.162,0.168,0.162,0.168,20000,0
LPS,5,20210308,163500,0.162,0.162,0.162,0.162,3000,0
LPS,5,20210308,164000,0.167,0.168,0.167,0.168,11000,0
LPS,5,20210308,164500,0.168,0.17,0.164,0.164,41000,0
LPS,5,20210309,090000,0.169,0.169,0.169,0.169,200,0
LPS,5,20210309,091500,0.168,0.168,0.168,0.168,3000,0
LPS,5,20210309,093000,0.168,0.168,0.168,0.168,4200,0
LPS,5,20210309,094500,0.166,0.166,0.166,0.166,6000,0
LPS,5,20210309,113500,0.166,0.166,0.166,0.166,3000,0
LPS,5,20210309,133000,0.166,0.166,0.166,0.166,1000,0
LPS,5,20210309,134500,0.166,0.166,0.166,0.166,4771,0
LPS,5,20210309,140000,0.168,0.168,0.168,0.168,4800,0
LPS,5,20210309,142000,0.165,0.165,0.165,0.165,3000,0
LPS,5,20210309,142500,0.164,0.164,0.164,0.164,7000,0
LPS,5,20210309,143500,0.164,0.164,0.163,0.163,20000,0
LPS,5,20210309,144500,0.168,0.168,0.168,0.168,17800,0
LPS,5,20210309,145000,0.169,0.169,0.169,0.169,3000,0
LPS,5,20210309,150500,0.169,0.169,0.169,0.169,376,0
LPS,5,20210309,154000,0.164,0.164,0.164,0.164,30000,0
LPS,5,20210309,155500,0.168,0.168,0.168,0.168,1000,0
LPS,5,20210309,164500,0.164,0.169,0.164,0.168,20553,0
LPS,5,20210309,165500,0.168,0.168,0.168,0.168,1000,0
LPS,5,20210310,090000,0.162,0.162,0.159,0.16,202320,0
LPS,5,20210310,090500,0.16,0.165,0.16,0.16,21023,0
LPS,5,20210310,091000,0.16,0.16,0.159,0.159,33400,0
LPS,5,20210310,091500,0.16,0.16,0.16,0.16,5000,0
LPS,5,20210310,092500,0.162,0.162,0.162,0.162,5000,0
LPS,5,20210310,093000,0.162,0.162,0.162,0.162,6300,0
LPS,5,20210310,095000,0.163,0.163,0.163,0.163,10160,0
LPS,5,20210310,095500,0.163,0.163,0.163,0.163,2700,0
LPS,5,20210310,100500,0.161,0.161,0.161,0.161,9223,0
LPS,5,20210310,101500,0.161,0.163,0.161,0.163,13000,0
LPS,5,20210310,102500,0.163,0.163,0.163,0.163,1117,0
LPS,5,20210310,103000,0.163,0.163,0.163,0.163,15675,0
LPS,5,20210310,105500,0.161,0.161,0.161,0.161,7777,0
LPS,5,20210310,110500,0.161,0.163,0.161,0.163,6548,0
LPS,5,20210310,111500,0.161,0.161,0.161,0.161,21000,0
LPS,5,20210310,112000,0.163,0.163,0.163,0.163,10000,0
LPS,5,20210310,112500,0.16,0.16,0.16,0.16,20000,0
LPS,5,20210310,113000,0.16,0.16,0.158,0.158,100000,0
LPS,5,20210310,115000,0.162,0.162,0.162,0.162,20000,0
LPS,5,20210310,115500,0.163,0.163,0.163,0.163,3000,0
LPS,5,20210310,120500,0.161,0.161,0.161,0.161,1296,0
LPS,5,20210310,123000,0.162,0.162,0.16,0.16,34500,0
LPS,5,20210310,123500,0.16,0.16,0.16,0.16,10000,0
LPS,5,20210310,125000,0.162,0.162,0.162,0.162,1,0
LPS,5,20210310,134000,0.162,0.163,0.162,0.163,12246,0
LPS,5,20210310,140000,0.16,0.16,0.159,0.159,30000,0
LPS,5,20210310,141000,0.162,0.164,0.162,0.164,37000,0
LPS,5,20210310,144000,0.16,0.16,0.159,0.159,83007,0
LPS,5,20210310,144500,0.162,0.162,0.162,0.162,30000,0
LPS,5,20210310,145000,0.159,0.159,0.159,0.159,1000,0
LPS,5,20210310,152500,0.162,0.162,0.16,0.16,5443,0
LPS,5,20210310,153000,0.162,0.162,0.162,0.162,1,0
LPS,5,20210310,154500,0.16,0.16,0.158,0.158,72650,0
LPS,5,20210310,160000,0.158,0.16,0.158,0.16,100750,0
LPS,5,20210310,160500,0.16,0.16,0.16,0.16,7000,0
LPS,5,20210310,161500,0.16,0.16,0.16,0.16,1412,0
LPS,5,20210310,162500,0.16,0.16,0.16,0.16,3588,0
LPS,5,20210310,164500,0.158,0.16,0.158,0.16,17912,0
LPS,5,20210311,090000,0.158,0.158,0.158,0.158,22300,0
LPS,5,20210311,090500,0.158,0.158,0.158,0.158,6000,0
LPS,5,20210311,091500,0.159,0.159,0.156,0.156,57811,0
LPS,5,20210311,092000,0.159,0.159,0.159,0.159,6000,0
LPS,5,20210311,092500,0.159,0.159,0.159,0.159,324,0
LPS,5,20210311,094000,0.158,0.158,0.158,0.158,6000,0
LPS,5,20210311,095000,0.157,0.157,0.157,0.157,24676,0
LPS,5,20210311,101500,0.157,0.157,0.157,0.157,11324,0
LPS,5,20210311,104500,0.156,0.156,0.156,0.156,3002,0
LPS,5,20210311,105000,0.156,0.157,0.156,0.157,12000,0
LPS,5,20210311,105500,0.157,0.157,0.157,0.157,11000,0
LPS,5,20210311,110000,0.157,0.157,0.157,0.157,8529,0
LPS,5,20210311,112500,0.157,0.157,0.157,0.157,1000,0
LPS,5,20210311,113500,0.156,0.156,0.156,0.156,8000,0
LPS,5,20210311,114500,0.156,0.156,0.155,0.155,31330,0
LPS,5,20210311,115500,0.158,0.158,0.158,0.158,10,0
LPS,5,20210311,123000,0.158,0.158,0.158,0.158,130,0
LPS,5,20210311,131500,0.157,0.157,0.157,0.157,5000,0
LPS,5,20210311,132000,0.157,0.157,0.156,0.156,20000,0
LPS,5,20210311,140000,0.156,0.156,0.156,0.156,12000,0
LPS,5,20210311,141500,0.158,0.158,0.158,0.158,192,0
LPS,5,20210311,143000,0.158,0.158,0.158,0.158,11358,0
LPS,5,20210311,145500,0.156,0.156,0.156,0.156,13500,0
LPS,5,20210311,151500,0.158,0.158,0.158,0.158,2500,0
LPS,5,20210311,154500,0.158,0.158,0.158,0.158,1000,0
LPS,5,20210311,160500,0.156,0.156,0.155,0.155,10000,0
LPS,5,20210311,161000,0.155,0.155,0.155,0.155,700,0
LPS,5,20210311,164500,0.158,0.159,0.155,0.155,36043,0
LPS,5,20210312,090000,0.159,0.159,0.159,0.159,998,0
LPS,5,20210312,090500,0.156,0.156,0.156,0.156,5000,0
LPS,5,20210312,091000,0.155,0.155,0.155,0.155,10502,0
LPS,5,20210312,092000,0.155,0.155,0.155,0.155,200,0
LPS,5,20210312,092500,0.155,0.158,0.152,0.158,132800,0
LPS,5,20210312,094000,0.153,0.153,0.142,0.147,169879,0
LPS,5,20210312,094500,0.147,0.151,0.147,0.15,22100,0
LPS,5,20210312,095000,0.15,0.154,0.15,0.152,32666,0
LPS,5,20210312,100000,0.152,0.152,0.152,0.152,10000,0
LPS,5,20210312,100500,0.152,0.152,0.152,0.152,834,0
LPS,5,20210312,101000,0.148,0.151,0.142,0.151,100001,0
LPS,5,20210312,101500,0.144,0.144,0.143,0.143,65000,0
LPS,5,20210312,102000,0.147,0.147,0.147,0.147,20000,0
LPS,5,20210312,102500,0.147,0.147,0.144,0.144,14905,0
LPS,5,20210312,103000,0.145,0.148,0.145,0.148,11550,0
LPS,5,20210312,104000,0.148,0.148,0.148,0.148,13473,0
LPS,5,20210312,105000,0.148,0.148,0.148,0.148,4527,0
LPS,5,20210312,105500,0.15,0.15,0.15,0.15,6000,0
LPS,5,20210312,110000,0.15,0.15,0.15,0.15,7000,0
LPS,5,20210312,112500,0.148,0.148,0.146,0.146,1345,0
LPS,5,20210312,113000,0.148,0.15,0.146,0.146,23639,0
LPS,5,20210312,113500,0.147,0.15,0.147,0.15,6500,0
LPS,5,20210312,114500,0.147,0.15,0.147,0.15,10000,0
LPS,5,20210312,115500,0.148,0.148,0.148,0.148,9500,0
LPS,5,20210312,120000,0.15,0.15,0.15,0.15,2000,0
LPS,5,20210312,121000,0.15,0.151,0.15,0.151,5139,0
LPS,5,20210312,121500,0.151,0.153,0.151,0.153,8621,0
LPS,5,20210312,122000,0.153,0.153,0.153,0.153,8000,0
LPS,5,20210312,122500,0.153,0.154,0.153,0.154,4000,0
LPS,5,20210312,123000,0.154,0.155,0.154,0.155,22796,0
LPS,5,20210312,123500,0.155,0.155,0.155,0.155,10083,0
LPS,5,20210312,124000,0.155,0.155,0.155,0.155,8545,0
LPS,5,20210312,124500,0.155,0.155,0.155,0.155,8000,0
LPS,5,20210312,125500,0.153,0.153,0.153,0.153,15500,0
LPS,5,20210312,131500,0.152,0.152,0.15,0.15,15884,0
LPS,5,20210312,134000,0.153,0.153,0.153,0.153,71,0
LPS,5,20210312,135000,0.151,0.153,0.148,0.153,52115,0
LPS,5,20210312,151000,0.147,0.147,0.147,0.147,6074,0
LPS,5,20210312,151500,0.147,0.15,0.146,0.15,29140,0
LPS,5,20210312,155500,0.152,0.152,0.152,0.152,5000,0
LPS,5,20210312,160000,0.15,0.15,0.15,0.15,2000,0
LPS,5,20210312,160500,0.147,0.147,0.147,0.147,3789,0
LPS,5,20210312,161000,0.152,0.152,0.152,0.152,16,0
LPS,5,20210312,161500,0.151,0.151,0.151,0.151,2559,0
LPS,5,20210312,163000,0.151,0.151,0.151,0.151,1230,0
LPS,5,20210312,164500,0.152,0.153,0.152,0.153,16572,0
LPS,5,20210315,090000,0.149,0.153,0.149,0.153,24551,0
LPS,5,20210315,090500,0.154,0.154,0.154,0.154,1000,0
LPS,5,20210315,091000,0.154,0.154,0.154,0.154,5000,0
LPS,5,20210315,091500,0.154,0.154,0.154,0.154,7600,0
LPS,5,20210315,092000,0.154,0.155,0.154,0.155,6380,0
LPS,5,20210315,093000,0.151,0.151,0.151,0.151,20020,0
LPS,5,20210315,093500,0.151,0.153,0.15,0.153,26000,0
LPS,5,20210315,094000,0.153,0.153,0.153,0.153,20000,0
LPS,5,20210315,094500,0.153,0.153,0.153,0.153,2000,0
LPS,5,20210315,095000,0.153,0.153,0.153,0.153,1960,0
LPS,5,20210315,100000,0.152,0.152,0.152,0.152,540,0
LPS,5,20210315,100500,0.152,0.152,0.152,0.152,280,0
LPS,5,20210315,101000,0.152,0.154,0.15,0.154,84000,0
LPS,5,20210315,102000,0.153,0.153,0.153,0.153,20000,0
LPS,5,20210315,102500,0.154,0.156,0.154,0.156,50000,0
LPS,5,20210315,103000,0.156,0.157,0.156,0.157,10160,0
LPS,5,20210315,111000,0.152,0.152,0.152,0.152,6000,0
LPS,5,20210315,112000,0.151,0.157,0.15,0.156,72000,0
LPS,5,20210315,114500,0.155,0.155,0.155,0.155,15000,0
LPS,5,20210315,115000,0.155,0.155,0.155,0.155,2222,0
LPS,5,20210315,121000,0.152,0.152,0.149,0.149,101310,0
LPS,5,20210315,121500,0.15,0.153,0.148,0.153,90000,0
LPS,5,20210315,122000,0.15,0.15,0.15,0.15,2222,0
LPS,5,20210315,122500,0.15,0.15,0.15,0.15,80,0
LPS,5,20210315,123000,0.15,0.152,0.15,0.152,8000,0
LPS,5,20210315,124500,0.15,0.15,0.15,0.15,1000,0
LPS,5,20210315,130500,0.15,0.15,0.148,0.148,29996,0
LPS,5,20210315,131000,0.148,0.148,0.148,0.148,2000,0
LPS,5,20210315,134000,0.149,0.149,0.149,0.149,2000,0
LPS,5,20210315,135000,0.152,0.152,0.152,0.152,1000,0
LPS,5,20210315,135500,0.152,0.152,0.152,0.152,3000,0
LPS,5,20210315,140500,0.15,0.15,0.148,0.148,21200,0
LPS,5,20210315,141000,0.152,0.152,0.152,0.152,1386,0
LPS,5,20210315,143500,0.151,0.151,0.148,0.148,33672,0
LPS,5,20210315,145500,0.151,0.151,0.149,0.149,2500,0
LPS,5,20210315,155000,0.151,0.151,0.151,0.151,5000,0
LPS,5,20210315,155500,0.149,0.149,0.148,0.148,23248,0
LPS,5,20210315,160500,0.151,0.152,0.149,0.149,53896,0
LPS,5,20210315,163000,0.149,0.149,0.149,0.149,12000,0
LPS,5,20210315,164000,0.15,0.151,0.15,0.151,22778,0
LPS,5,20210315,164500,0.151,0.151,0.151,0.151,12557,0
LPS,5,20210316,090500,0.151,0.151,0.147,0.147,70100,0
LPS,5,20210316,091500,0.147,0.147,0.146,0.146,70511,0
LPS,5,20210316,092000,0.146,0.147,0.145,0.147,19800,0
LPS,5,20210316,092500,0.147,0.147,0.147,0.147,2700,0
LPS,5,20210316,093000,0.147,0.147,0.147,0.147,10212,0
LPS,5,20210316,094000,0.146,0.152,0.146,0.152,5001,0
LPS,5,20210316,095000,0.149,0.149,0.149,0.149,500,0
LPS,5,20210316,100000,0.147,0.147,0.147,0.147,10000,0
LPS,5,20210316,100500,0.146,0.149,0.146,0.149,18592,0
LPS,5,20210316,101500,0.149,0.149,0.143,0.143,63094,0
LPS,5,20210316,102000,0.144,0.147,0.143,0.147,19048,0
LPS,5,20210316,103500,0.147,0.147,0.145,0.145,929,0
LPS,5,20210316,105000,0.147,0.149,0.147,0.149,15000,0
LPS,5,20210316,105500,0.148,0.148,0.148,0.148,10212,0
LPS,5,20210316,110000,0.149,0.149,0.148,0.148,11000,0
LPS,5,20210316,110500,0.148,0.148,0.148,0.148,788,0
LPS,5,20210316,111500,0.148,0.154,0.148,0.154,150828,0
LPS,5,20210316,112000,0.154,0.154,0.154,0.154,8000,0
LPS,5,20210316,112500,0.154,0.156,0.154,0.156,31600,0
LPS,5,20210316,113000,0.156,0.156,0.156,0.156,4863,0
LPS,5,20210316,113500,0.153,0.153,0.153,0.153,900,0
LPS,5,20210316,121000,0.153,0.155,0.153,0.155,7000,0
LPS,5,20210316,122000,0.155,0.155,0.155,0.155,5000,0
LPS,5,20210316,122500,0.155,0.155,0.155,0.155,1000,0
LPS,5,20210316,123000,0.154,0.154,0.154,0.154,10000,0
LPS,5,20210316,123500,0.156,0.157,0.156,0.157,42000,0
LPS,5,20210316,124500,0.157,0.157,0.157,0.157,25000,0
LPS,5,20210316,125000,0.155,0.155,0.155,0.155,10756,0
LPS,5,20210316,130000,0.155,0.155,0.155,0.155,6000,0
LPS,5,20210316,130500,0.155,0.155,0.154,0.154,22400,0
LPS,5,20210316,132500,0.157,0.16,0.157,0.16,9507,0
LPS,5,20210316,133000,0.16,0.163,0.16,0.163,22160,0
LPS,5,20210316,133500,0.163,0.164,0.163,0.163,47080,0
LPS,5,20210316,134500,0.162,0.162,0.157,0.162,6605,0
LPS,5,20210316,135000,0.162,0.162,0.158,0.158,29795,0
LPS,5,20210316,140000,0.158,0.158,0.158,0.158,6132,0
LPS,5,20210316,140500,0.158,0.158,0.158,0.158,15499,0
LPS,5,20210316,141000,0.158,0.158,0.157,0.157,20639,0
LPS,5,20210316,142500,0.157,0.16,0.152,0.152,12699,0
LPS,5,20210316,143000,0.152,0.152,0.15,0.15,23207,0
LPS,5,20210316,144000,0.151,0.151,0.151,0.151,7150,0
LPS,5,20210316,150500,0.151,0.151,0.151,0.151,367,0
LPS,5,20210316,151500,0.151,0.151,0.151,0.151,5000,0
LPS,5,20210316,152000,0.151,0.151,0.151,0.151,4500,0
LPS,5,20210316,154500,0.151,0.151,0.151,0.151,3166,0
LPS,5,20210316,162500,0.151,0.151,0.151,0.151,20000,0
LPS,5,20210316,163000,0.151,0.151,0.148,0.148,30000,0
LPS,5,20210316,164500,0.149,0.149,0.149,0.149,7148,0
LPS,5,20210317,090000,0.147,0.147,0.147,0.147,30000,0
LPS,5,20210317,090500,0.149,0.149,0.149,0.149,21070,0
LPS,5,20210317,091000,0.15,0.15,0.15,0.15,19900,0
LPS,5,20210317,091500,0.149,0.158,0.149,0.158,32015,0
LPS,5,20210317,092000,0.158,0.158,0.153,0.153,31721,0
LPS,5,20210317,093500,0.153,0.153,0.153,0.153,20000,0
LPS,5,20210317,102500,0.153,0.153,0.15,0.15,29035,0
LPS,5,20210317,104000,0.148,0.148,0.148,0.148,1000,0
LPS,5,20210317,105000,0.148,0.148,0.148,0.148,2000,0
LPS,5,20210317,105500,0.15,0.155,0.15,0.155,22965,0
LPS,5,20210317,110000,0.151,0.151,0.149,0.149,82111,0
LPS,5,20210317,112500,0.15,0.15,0.15,0.15,7000,0
LPS,5,20210317,113000,0.153,0.153,0.153,0.153,7945,0
LPS,5,20210317,114000,0.15,0.15,0.15,0.15,1000,0
LPS,5,20210317,114500,0.149,0.15,0.149,0.15,6000,0
LPS,5,20210317,120500,0.149,0.149,0.149,0.149,21000,0
LPS,5,20210317,121000,0.149,0.149,0.149,0.149,7000,0
LPS,5,20210317,124000,0.149,0.153,0.149,0.153,8500,0
LPS,5,20210317,133500,0.15,0.15,0.15,0.15,16555,0
LPS,5,20210317,141000,0.149,0.149,0.149,0.149,6000,0
LPS,5,20210317,142000,0.149,0.149,0.149,0.149,846,0
LPS,5,20210317,151000,0.149,0.152,0.149,0.152,6500,0
LPS,5,20210317,151500,0.149,0.149,0.149,0.149,7000,0
LPS,5,20210317,152000,0.149,0.149,0.149,0.149,1999,0
LPS,5,20210317,152500,0.15,0.15,0.15,0.15,10000,0
LPS,5,20210317,153000,0.15,0.15,0.15,0.15,70,0
LPS,5,20210317,161000,0.149,0.15,0.148,0.15,60649,0
LPS,5,20210317,164500,0.15,0.15,0.15,0.15,46,0
LPS,5,20210317,165500,0.148,0.148,0.148,0.148,6186,0
LPS,5,20210318,090000,0.15,0.15,0.15,0.15,513,0
LPS,5,20210318,090500,0.15,0.15,0.15,0.15,20000,0
LPS,5,20210318,093500,0.148,0.15,0.148,0.15,9387,0
LPS,5,20210318,094000,0.15,0.15,0.15,0.15,700,0
LPS,5,20210318,095000,0.15,0.15,0.141,0.149,265000,0
LPS,5,20210318,095500,0.147,0.147,0.147,0.147,10266,0
LPS,5,20210318,100000,0.145,0.145,0.145,0.145,12000,0
LPS,5,20210318,101500,0.144,0.144,0.142,0.142,50000,0
LPS,5,20210318,102000,0.143,0.143,0.143,0.143,13734,0
LPS,5,20210318,103000,0.145,0.145,0.145,0.145,20000,0
LPS,5,20210318,103500,0.146,0.146,0.146,0.146,28,0
LPS,5,20210318,105500,0.146,0.146,0.144,0.144,4022,0
LPS,5,20210318,112000,0.144,0.144,0.144,0.144,2178,0
LPS,5,20210318,112500,0.145,0.145,0.145,0.145,24191,0
LPS,5,20210318,120500,0.146,0.146,0.146,0.146,5000,0
LPS,5,20210318,124000,0.146,0.146,0.146,0.146,4245,0
LPS,5,20210318,124500,0.147,0.148,0.147,0.148,48974,0
LPS,5,20210318,131000,0.147,0.147,0.147,0.147,1000,0
LPS,5,20210318,131500,0.145,0.145,0.145,0.145,9500,0
LPS,5,20210318,132000,0.147,0.147,0.147,0.147,1200,0
LPS,5,20210318,141000,0.145,0.145,0.144,0.144,8800,0
LPS,5,20210318,143000,0.144,0.144,0.143,0.143,25000,0
LPS,5,20210318,143500,0.144,0.144,0.144,0.144,13401,0
LPS,5,20210318,151000,0.147,0.147,0.147,0.147,4010,0
LPS,5,20210318,152000,0.144,0.147,0.143,0.143,42982,0
LPS,5,20210318,153000,0.143,0.143,0.143,0.143,5100,0
LPS,5,20210318,160500,0.143,0.148,0.143,0.148,27811,0
LPS,5,20210318,161000,0.148,0.148,0.148,0.148,2000,0
LPS,5,20210318,163000,0.143,0.144,0.14,0.144,338500,0
LPS,5,20210318,163500,0.143,0.143,0.143,0.143,3000,0
LPS,5,20210318,164500,0.143,0.143,0.143,0.143,22000,0
LPS,5,20210319,090000,0.143,0.143,0.142,0.142,22599,0
LPS,5,20210319,090500,0.141,0.141,0.141,0.141,1000,0
LPS,5,20210319,091000,0.143,0.143,0.143,0.143,15999,0
LPS,5,20210319,091500,0.141,0.141,0.141,0.141,5000,0
LPS,5,20210319,092500,0.144,0.148,0.144,0.148,82578,0
LPS,5,20210319,093000,0.15,0.152,0.15,0.15,82000,0
LPS,5,20210319,093500,0.152,0.152,0.151,0.151,5145,0
LPS,5,20210319,094000,0.151,0.151,0.15,0.15,21582,0
LPS,5,20210319,094500,0.15,0.15,0.15,0.15,20000,0
LPS,5,20210319,095000,0.151,0.159,0.15,0.154,114170,0
LPS,5,20210319,100000,0.148,0.149,0.143,0.148,122500,0
LPS,5,20210319,100500,0.148,0.148,0.148,0.148,3500,0
LPS,5,20210319,103500,0.145,0.148,0.145,0.148,8200,0
LPS,5,20210319,104500,0.145,0.145,0.145,0.145,4000,0
LPS,5,20210319,105000,0.149,0.149,0.149,0.149,1000,0
LPS,5,20210319,111500,0.149,0.149,0.149,0.149,20000,0
LPS,5,20210319,113500,0.147,0.147,0.147,0.147,2000,0
LPS,5,20210319,123500,0.147,0.151,0.142,0.151,149533,0
LPS,5,20210319,130000,0.148,0.148,0.144,0.144,7140,0
LPS,5,20210319,130500,0.146,0.146,0.146,0.146,8000,0
LPS,5,20210319,131500,0.146,0.146,0.146,0.146,16000,0
LPS,5,20210319,132500,0.144,0.146,0.144,0.146,17500,0
LPS,5,20210319,133000,0.146,0.146,0.146,0.146,60,0
LPS,5,20210319,140000,0.146,0.147,0.146,0.147,33440,0
LPS,5,20210319,140500,0.144,0.144,0.144,0.144,50000,0
LPS,5,20210319,141000,0.144,0.144,0.144,0.144,1000,0
LPS,5,20210319,144000,0.144,0.144,0.143,0.143,75800,0
LPS,5,20210319,144500,0.143,0.143,0.141,0.141,150000,0
LPS,5,20210319,145000,0.142,0.142,0.142,0.142,4000,0
LPS,5,20210319,150000,0.142,0.142,0.141,0.142,28786,0
LPS,5,20210319,150500,0.145,0.145,0.145,0.145,5000,0
LPS,5,20210319,154500,0.143,0.145,0.143,0.145,16001,0
LPS,5,20210319,155000,0.143,0.143,0.143,0.143,14946,0
LPS,5,20210319,160500,0.144,0.144,0.144,0.144,10000,0
LPS,5,20210319,162500,0.145,0.145,0.145,0.145,3580,0
LPS,5,20210319,163500,0.143,0.145,0.143,0.145,7619,0
LPS,5,20210319,164000,0.145,0.145,0.145,0.145,5335,0
LPS,5,20210319,164500,0.143,0.143,0.143,0.143,7445,0
LPS,5,20210322,090000,0.141,0.141,0.14,0.14,10000,0
LPS,5,20210322,091000,0.141,0.143,0.141,0.141,14000,0
LPS,5,20210322,091500,0.143,0.143,0.143,0.143,1000,0
LPS,5,20210322,092000,0.143,0.143,0.143,0.143,3050,0
LPS,5,20210322,094500,0.142,0.145,0.142,0.145,5555,0
LPS,5,20210322,095000,0.144,0.144,0.144,0.144,3458,0
LPS,5,20210322,095500,0.144,0.144,0.144,0.144,3450,0
LPS,5,20210322,100000,0.144,0.145,0.144,0.145,10000,0
LPS,5,20210322,100500,0.142,0.142,0.14,0.14,60219,0
LPS,5,20210322,101000,0.14,0.141,0.136,0.136,20870,0
LPS,5,20210322,101500,0.142,0.145,0.142,0.145,35000,0
LPS,5,20210322,111500,0.14,0.14,0.14,0.14,10216,0
LPS,5,20210322,112000,0.14,0.14,0.14,0.14,14285,0
LPS,5,20210322,112500,0.14,0.14,0.14,0.14,26664,0
LPS,5,20210322,114500,0.14,0.14,0.14,0.14,8014,0
LPS,5,20210322,115000,0.138,0.138,0.138,0.138,14000,0
LPS,5,20210322,115500,0.138,0.138,0.138,0.138,16000,0
LPS,5,20210322,120000,0.138,0.138,0.138,0.138,6000,0
LPS,5,20210322,121000,0.139,0.139,0.139,0.139,7000,0
LPS,5,20210322,121500,0.14,0.14,0.14,0.14,31986,0
LPS,5,20210322,123000,0.139,0.139,0.136,0.136,70000,0
LPS,5,20210322,132500,0.14,0.14,0.14,0.14,2,0
LPS,5,20210322,135000,0.137,0.137,0.137,0.137,55,0
LPS,5,20210322,140000,0.137,0.137,0.135,0.135,80000,0
LPS,5,20210322,141000,0.135,0.135,0.134,0.134,40000,0
LPS,5,20210322,141500,0.135,0.135,0.135,0.135,15000,0
LPS,5,20210322,144000,0.138,0.138,0.138,0.138,6000,0
LPS,5,20210322,145500,0.138,0.138,0.138,0.138,20000,0
LPS,5,20210322,150000,0.138,0.138,0.138,0.138,11000,0
LPS,5,20210322,150500,0.139,0.139,0.138,0.138,4150,0
LPS,5,20210322,151000,0.137,0.14,0.137,0.14,24150,0
LPS,5,20210322,152000,0.14,0.14,0.139,0.139,8550,0
LPS,5,20210322,160000,0.139,0.139,0.139,0.139,15000,0
LPS,5,20210322,162000,0.14,0.14,0.14,0.14,9000,0
LPS,5,20210322,164500,0.139,0.139,0.139,0.139,7000,0
LPS,5,20210323,090000,0.135,0.135,0.134,0.134,25178,0
LPS,5,20210323,090500,0.134,0.139,0.134,0.139,19555,0
LPS,5,20210323,091000,0.135,0.135,0.134,0.134,6216,0
LPS,5,20210323,091500,0.138,0.138,0.138,0.138,777,0
LPS,5,20210323,092000,0.138,0.138,0.138,0.138,10000,0
LPS,5,20210323,092500,0.138,0.138,0.138,0.138,300,0
LPS,5,20210323,094500,0.136,0.136,0.136,0.136,8000,0
LPS,5,20210323,095000,0.138,0.138,0.138,0.138,3000,0
LPS,5,20210323,102500,0.136,0.136,0.136,0.136,1600,0
LPS,5,20210323,103000,0.135,0.136,0.135,0.136,25800,0
LPS,5,20210323,103500,0.135,0.135,0.134,0.134,40878,0
LPS,5,20210323,104000,0.134,0.134,0.134,0.134,722,0
LPS,5,20210323,104500,0.134,0.134,0.134,0.134,14000,0
LPS,5,20210323,111500,0.135,0.135,0.135,0.135,6000,0
LPS,5,20210323,113000,0.135,0.135,0.135,0.135,7000,0
LPS,5,20210323,115500,0.134,0.134,0.134,0.134,15000,0
LPS,5,20210323,120000,0.135,0.136,0.135,0.136,13400,0
LPS,5,20210323,121000,0.136,0.136,0.136,0.136,11973,0
LPS,5,20210323,121500,0.137,0.138,0.137,0.138,18019,0
LPS,5,20210323,123000,0.139,0.139,0.139,0.139,1018,0
LPS,5,20210323,130500,0.134,0.134,0.134,0.134,1,0
LPS,5,20210323,133500,0.135,0.135,0.135,0.135,8000,0
LPS,5,20210323,134000,0.138,0.138,0.138,0.138,3000,0
LPS,5,20210323,142000,0.135,0.135,0.134,0.134,6000,0
LPS,5,20210323,151500,0.135,0.135,0.135,0.135,7500,0
LPS,5,20210323,152000,0.134,0.134,0.134,0.134,8982,0
LPS,5,20210323,153500,0.134,0.134,0.134,0.134,14295,0
LPS,5,20210323,154000,0.134,0.134,0.134,0.134,5705,0
LPS,5,20210323,155000,0.135,0.135,0.134,0.135,17000,0
LPS,5,20210323,155500,0.135,0.135,0.135,0.135,3500,0
LPS,5,20210323,163000,0.135,0.138,0.135,0.138,60070,0
LPS,5,20210323,163500,0.138,0.138,0.138,0.138,14000,0
LPS,5,20210323,164500,0.134,0.14,0.134,0.14,16606,0
LPS,5,20210324,092500,0.134,0.137,0.134,0.137,31500,0
LPS,5,20210324,093500,0.134,0.134,0.134,0.134,12130,0
LPS,5,20210324,094000,0.133,0.135,0.131,0.135,55604,0
LPS,5,20210324,094500,0.132,0.133,0.132,0.132,34468,0
LPS,5,20210324,100000,0.133,0.133,0.133,0.133,27000,0
LPS,5,20210324,101000,0.132,0.134,0.132,0.134,35000,0
LPS,5,20210324,101500,0.135,0.137,0.135,0.137,9000,0
LPS,5,20210324,102000,0.133,0.133,0.132,0.132,20000,0
LPS,5,20210324,102500,0.132,0.132,0.132,0.132,20000,0
LPS,5,20210324,105500,0.132,0.135,0.132,0.135,25000,0
LPS,5,20210324,112000,0.135,0.135,0.135,0.135,15000,0
LPS,5,20210324,115000,0.132,0.132,0.132,0.132,78,0
LPS,5,20210324,121000,0.135,0.135,0.135,0.135,500,0
LPS,5,20210324,124500,0.135,0.135,0.135,0.135,16000,0
LPS,5,20210324,133000,0.135,0.135,0.135,0.135,906,0
LPS,5,20210324,143500,0.132,0.132,0.132,0.132,2000,0
LPS,5,20210324,144000,0.135,0.135,0.135,0.135,1000,0
LPS,5,20210324,152500,0.132,0.132,0.132,0.132,8000,0
LPS,5,20210324,153000,0.132,0.132,0.132,0.132,7482,0
LPS,5,20210324,154000,0.131,0.131,0.131,0.131,10518,0
LPS,5,20210324,161500,0.134,0.134,0.134,0.134,10000,0
LPS,5,20210324,164000,0.133,0.133,0.132,0.132,24060,0
LPS,5,20210324,164500,0.131,0.131,0.131,0.131,53000,0
LPS,5,20210324,165500,0.134,0.134,0.134,0.134,100,0
LPS,5,20210325,090000,0.131,0.131,0.131,0.131,10518,0
LPS,5,20210325,090500,0.132,0.132,0.132,0.132,1000,0
LPS,5,20210325,092500,0.132,0.132,0.13,0.13,44015,0
LPS,5,20210325,093000,0.13,0.13,0.13,0.13,3823,0
LPS,5,20210325,093500,0.13,0.13,0.13,0.13,5000,0
LPS,5,20210325,094000,0.129,0.132,0.129,0.132,21000,0
LPS,5,20210325,094500,0.132,0.132,0.132,0.132,545,0
LPS,5,20210325,102500,0.129,0.129,0.129,0.129,10000,0
LPS,5,20210325,103000,0.13,0.13,0.13,0.13,20000,0
LPS,5,20210325,103500,0.128,0.128,0.128,0.128,2570,0
LPS,5,20210325,105000,0.13,0.131,0.13,0.131,4000,0
LPS,5,20210325,110000,0.13,0.13,0.13,0.13,103500,0
LPS,5,20210325,110500,0.13,0.13,0.13,0.13,22000,0
LPS,5,20210325,111500,0.128,0.128,0.127,0.127,51112,0
LPS,5,20210325,112000,0.128,0.128,0.128,0.128,3232,0
LPS,5,20210325,113500,0.128,0.128,0.127,0.127,39096,0
LPS,5,20210325,114000,0.127,0.127,0.127,0.127,10000,0
LPS,5,20210325,114500,0.126,0.126,0.126,0.126,904,0
LPS,5,20210325,115000,0.13,0.13,0.13,0.13,16000,0
LPS,5,20210325,121000,0.126,0.126,0.126,0.126,8000,0
LPS,5,20210325,123000,0.13,0.13,0.13,0.13,20000,0
LPS,5,20210325,123500,0.13,0.13,0.13,0.13,8000,0
LPS,5,20210325,124000,0.13,0.13,0.13,0.13,1344,0
LPS,5,20210325,130000,0.13,0.13,0.13,0.13,2000,0
LPS,5,20210325,141500,0.127,0.127,0.127,0.127,5335,0
LPS,5,20210325,144500,0.127,0.13,0.127,0.13,4500,0
LPS,5,20210325,151500,0.13,0.13,0.13,0.13,2000,0
LPS,5,20210325,161000,0.13,0.13,0.13,0.13,10000,0
LPS,5,20210326,090000,0.131,0.131,0.13,0.13,11423,0
LPS,5,20210326,090500,0.129,0.129,0.129,0.129,2952,0
LPS,5,20210326,091500,0.128,0.128,0.128,0.128,1000,0
LPS,5,20210326,092000,0.128,0.128,0.127,0.127,12000,0
LPS,5,20210326,092500,0.127,0.127,0.125,0.125,57661,0
LPS,5,20210326,093000,0.125,0.125,0.123,0.124,52000,0
LPS,5,20210326,093500,0.124,0.126,0.124,0.126,2071,0
LPS,5,20210326,094000,0.126,0.128,0.124,0.127,167596,0
LPS,5,20210326,095000,0.128,0.13,0.128,0.13,8000,0
LPS,5,20210326,100000,0.127,0.127,0.125,0.125,10000,0
LPS,5,20210326,100500,0.125,0.125,0.125,0.125,25000,0
LPS,5,20210326,101500,0.128,0.128,0.128,0.128,14494,0
LPS,5,20210326,103000,0.127,0.131,0.127,0.131,24350,0
LPS,5,20210326,105500,0.131,0.131,0.131,0.131,15239,0
LPS,5,20210326,110000,0.132,0.132,0.132,0.132,18000,0
LPS,5,20210326,110500,0.133,0.133,0.133,0.133,1,0
LPS,5,20210326,111000,0.133,0.133,0.133,0.133,6000,0
LPS,5,20210326,111500,0.13,0.13,0.13,0.13,24000,0
LPS,5,20210326,114500,0.133,0.133,0.132,0.132,1005,0
LPS,5,20210326,122000,0.131,0.131,0.13,0.13,15746,0
LPS,5,20210326,125500,0.13,0.134,0.13,0.134,32541,0
LPS,5,20210326,130000,0.135,0.135,0.135,0.135,1459,0
LPS,5,20210326,130500,0.136,0.137,0.136,0.137,30000,0
LPS,5,20210326,134500,0.137,0.137,0.137,0.137,1768,0
LPS,5,20210326,135000,0.137,0.138,0.137,0.137,6584,0
LPS,5,20210326,135500,0.137,0.138,0.137,0.138,4963,0
LPS,5,20210326,140000,0.138,0.14,0.138,0.14,5320,0
LPS,5,20210326,141000,0.139,0.139,0.139,0.139,6000,0
LPS,5,20210326,141500,0.14,0.141,0.14,0.141,35003,0
LPS,5,20210326,142000,0.141,0.143,0.141,0.143,31305,0
LPS,5,20210326,142500,0.143,0.144,0.143,0.144,17702,0
LPS,5,20210326,143000,0.144,0.146,0.144,0.146,49100,0
LPS,5,20210326,143500,0.146,0.146,0.146,0.146,10000,0
LPS,5,20210326,144000,0.146,0.149,0.146,0.148,86296,0
LPS,5,20210326,144500,0.144,0.148,0.143,0.148,3531,0
LPS,5,20210326,145500,0.142,0.147,0.141,0.147,9207,0
LPS,5,20210326,150000,0.148,0.148,0.147,0.147,29614,0
LPS,5,20210326,152500,0.145,0.145,0.145,0.145,750,0
LPS,5,20210326,154500,0.144,0.144,0.144,0.144,650,0
LPS,5,20210326,155000,0.142,0.142,0.142,0.142,7200,0
LPS,5,20210326,160000,0.141,0.142,0.138,0.142,6801,0
LPS,5,20210326,161500,0.138,0.138,0.13,0.13,70000,0
LPS,5,20210326,163500,0.135,0.135,0.135,0.135,6000,0
LPS,5,20210326,164500,0.134,0.136,0.134,0.136,10001,0
