<TICKER>,<PER>,<DATE>,<TIME>,<OPEN>,<HIGH>,<LOW>,<CLOSE>,<VOL>,<OPENINT>
MAD,5,20210204,090500,1.9,1.9,1.9,1.9,30,0
MAD,5,20210204,094500,2,2.08,2,2.08,1250,0
MAD,5,20210204,100000,2.04,2.04,2.04,2.04,250,0
MAD,5,20210205,094000,2.06,2.08,2.06,2.08,250,0
MAD,5,20210205,113000,2.08,2.08,2.08,2.08,970,0
MAD,5,20210205,115000,2.04,2.04,2.04,2.04,981,0
MAD,5,20210205,123500,2.08,2.08,2.04,2.04,397,0
MAD,5,20210205,135000,2.08,2.16,2.08,2.16,800,0
MAD,5,20210208,095500,2.16,2.16,2.16,2.16,431,0
MAD,5,20210208,100000,2.26,2.26,2.26,2.26,150,0
MAD,5,20210208,104500,2.24,2.24,2.24,2.24,69,0
MAD,5,20210208,132000,2.1,2.1,1.99,1.99,2994,0
MAD,5,20210208,133500,2.02,2.02,2.02,2.02,284,0
MAD,5,20210208,141500,2.08,2.08,2.08,2.08,216,0
MAD,5,20210209,103000,2.08,2.08,2.08,2.08,500,0
MAD,5,20210209,110000,2.08,2.26,2.08,2.26,646,0
MAD,5,20210209,110500,2.26,2.26,2.26,2.26,769,0
MAD,5,20210209,111000,2.3,2.32,2.3,2.32,1000,0
MAD,5,20210209,123500,2.32,2.32,2.32,2.32,429,0
MAD,5,20210209,124500,2.28,2.28,2.28,2.28,1000,0
MAD,5,20210209,130000,2.28,2.28,2.26,2.26,2000,0
MAD,5,20210209,131500,2.32,2.32,2.32,2.32,500,0
MAD,5,20210209,132000,2.28,2.32,2.28,2.32,2029,0
MAD,5,20210209,133000,2.32,2.48,2.3,2.48,8018,0
MAD,5,20210209,133500,2.48,2.48,2.46,2.48,4770,0
MAD,5,20210209,134000,2.48,2.48,2.48,2.48,1100,0
MAD,5,20210209,134500,2.48,2.48,2.48,2.48,550,0
MAD,5,20210209,135500,2.46,2.46,2.46,2.46,1405,0
MAD,5,20210209,141500,2.44,2.44,2.44,2.44,230,0
MAD,5,20210209,142000,2.42,2.48,2.4,2.48,2303,0
MAD,5,20210209,145000,2.46,2.46,2.4,2.4,1084,0
MAD,5,20210209,145500,2.4,2.4,2.4,2.4,33,0
MAD,5,20210209,150500,2.46,2.46,2.46,2.46,1,0
MAD,5,20210209,153500,2.46,2.46,2.46,2.46,885,0
MAD,5,20210209,155000,2.4,2.4,2.4,2.4,294,0
MAD,5,20210209,155500,2.42,2.44,2.42,2.44,878,0
MAD,5,20210209,162000,2.4,2.4,2.4,2.4,515,0
MAD,5,20210209,162500,2.3,2.38,2.3,2.38,985,0
MAD,5,20210209,164500,2.2,2.2,2.2,2.2,540,0
MAD,5,20210210,090000,2.5,2.54,2.5,2.54,16298,0
MAD,5,20210210,090500,2.54,3,2.54,3,24257,0
MAD,5,20210210,091500,3,3,2.6,2.6,3664,0
MAD,5,20210210,092000,2.66,2.8,2.66,2.8,2334,0
MAD,5,20210210,092500,2.7,3,2.7,3,7133,0
MAD,5,20210210,093000,3,3,3,3,2010,0
MAD,5,20210210,093500,3,3,2.98,3,2636,0
MAD,5,20210210,094000,2.82,2.82,2.82,2.82,11,0
MAD,5,20210210,094500,3,3,3,3,76,0
MAD,5,20210210,133500,3.3,3.3,3.2,3.3,12465,0
MAD,5,20210210,134000,3.3,3.3,3.3,3.3,2126,0
MAD,5,20210210,135000,3.3,3.3,3.3,3.3,2000,0
MAD,5,20210211,090000,3.4,3.68,3.36,3.68,6407,0
MAD,5,20210211,090500,3.6,3.7,3.6,3.7,6156,0
MAD,5,20210211,091000,3.7,4.08,3.6,4.08,11141,0
MAD,5,20210211,091500,4.08,4.08,4.08,4.08,123,0
MAD,5,20210211,102000,4.48,4.48,4.12,4.12,14487,0
MAD,5,20210211,102500,4.38,4.48,4.14,4.48,18968,0
MAD,5,20210211,152000,4.6,4.6,4.6,4.6,13310,0
MAD,5,20210212,090000,5.5,5.5,4.5,4.5,34711,0
MAD,5,20210212,090500,4.5,4.5,4.4,4.4,1344,0
MAD,5,20210212,091500,4.3,4.3,4.02,4.3,18358,0
MAD,5,20210212,092000,4.14,4.28,4.02,4.06,5086,0
MAD,5,20210212,092500,4.02,4.02,4.02,4.02,1414,0
MAD,5,20210212,093000,4.2,4.3,4.04,4.2,2043,0
MAD,5,20210212,093500,4.2,4.2,4.2,4.2,320,0
MAD,5,20210212,094000,4.06,4.2,4.02,4.04,2570,0
MAD,5,20210212,094500,4.02,4.02,4.02,4.02,1973,0
MAD,5,20210212,095000,4.04,4.04,4.04,4.04,870,0
MAD,5,20210212,095500,4.3,4.6,4.3,4.6,6220,0
MAD,5,20210212,100000,4.88,4.9,4.6,4.6,1533,0
MAD,5,20210212,100500,4.6,5.2,4.6,5.2,4525,0
MAD,5,20210212,102000,5.25,6,5.25,5.95,6911,0
MAD,5,20210212,102500,5.9,5.95,5.6,5.95,3603,0
MAD,5,20210212,103000,5.7,5.85,5.5,5.8,2109,0
MAD,5,20210212,103500,5.75,5.8,5.75,5.8,637,0
MAD,5,20210212,104000,5.7,5.7,5.65,5.65,180,0
MAD,5,20210212,104500,5.6,5.6,5.2,5.2,2230,0
MAD,5,20210212,105000,5.4,5.4,5.4,5.4,200,0
MAD,5,20210212,105500,5.45,5.5,5.45,5.45,2998,0
MAD,5,20210212,110000,5.2,5.2,5.2,5.2,869,0
MAD,5,20210212,111000,5.2,5.35,5.2,5.3,360,0
MAD,5,20210212,111500,5,5,4.62,4.62,520,0
MAD,5,20210212,112000,4.62,4.62,4.6,4.6,831,0
MAD,5,20210212,112500,4.6,5,4.6,5,1120,0
MAD,5,20210212,113000,5.05,5.05,5.05,5.05,711,0
MAD,5,20210212,113500,5.05,5.05,5.05,5.05,500,0
MAD,5,20210212,114000,5.05,5.2,5,5.2,2850,0
MAD,5,20210212,115000,5.15,5.15,5.15,5.15,75,0
MAD,5,20210212,115500,5.05,5.05,4.6,4.6,2670,0
MAD,5,20210212,120500,5.1,5.1,5.1,5.1,244,0
MAD,5,20210212,121500,5.05,5.05,5.05,5.05,100,0
MAD,5,20210212,122000,5.05,5.1,5.05,5.1,767,0
MAD,5,20210212,123000,4.8,4.8,4.8,4.8,150,0
MAD,5,20210212,123500,4.8,4.8,4.8,4.8,50,0
MAD,5,20210212,124000,5.1,5.1,5.1,5.1,514,0
MAD,5,20210212,125000,5,5,4.96,4.96,700,0
MAD,5,20210212,125500,4.96,4.96,4.96,4.96,90,0
MAD,5,20210212,130000,4.96,5,4.96,4.96,1688,0
MAD,5,20210212,130500,5,5,4.96,4.96,711,0
MAD,5,20210212,131000,4.96,4.96,4.96,4.96,200,0
MAD,5,20210212,132000,4.9,4.9,4.9,4.9,453,0
MAD,5,20210212,133000,4.94,4.94,4.94,4.94,367,0
MAD,5,20210212,133500,4.94,4.94,4.94,4.94,396,0
MAD,5,20210212,140500,4.94,4.94,4.94,4.94,120,0
MAD,5,20210212,141000,4.94,4.94,4.94,4.94,2366,0
MAD,5,20210212,142000,4.94,4.94,4.94,4.94,2000,0
MAD,5,20210212,142500,4.96,4.96,4.96,4.96,300,0
MAD,5,20210212,144000,4.98,4.98,4.98,4.98,200,0
MAD,5,20210212,144500,4.98,4.98,4.98,4.98,110,0
MAD,5,20210212,145000,4.98,4.98,4.98,4.98,240,0
MAD,5,20210212,145500,4.96,4.96,4.96,4.96,500,0
MAD,5,20210212,150500,5,5,5,5,211,0
MAD,5,20210212,151000,5,5,4.98,4.98,683,0
MAD,5,20210212,152000,4.9,4.9,4.9,4.9,800,0
MAD,5,20210212,152500,4.8,4.8,4.8,4.8,500,0
MAD,5,20210212,153000,4.8,4.8,4.8,4.8,1006,0
MAD,5,20210212,154000,4.96,4.96,4.96,4.96,14,0
MAD,5,20210212,155000,4.84,4.84,4.84,4.84,170,0
MAD,5,20210212,155500,4.84,4.92,4.68,4.92,510,0
MAD,5,20210212,160000,4.88,4.88,4.6,4.6,2480,0
MAD,5,20210212,160500,4.6,4.9,4.6,4.86,4239,0
MAD,5,20210212,161000,4.88,4.96,4.88,4.96,565,0
MAD,5,20210212,161500,4.96,5.1,4.96,5.1,3877,0
MAD,5,20210212,162000,5.1,5.2,4.9,5.2,4182,0
MAD,5,20210212,163000,5.1,5.1,5.1,5.1,200,0
MAD,5,20210212,163500,5.1,5.1,5.1,5.1,100,0
MAD,5,20210212,164000,5.2,5.2,5.1,5.1,478,0
MAD,5,20210212,164500,5.1,5.1,5.1,5.1,8047,0
MAD,5,20210215,090000,5.4,5.5,5.3,5.5,7155,0
MAD,5,20210215,090500,5.45,5.55,5.45,5.55,3356,0
MAD,5,20210215,091000,5.6,5.6,5.45,5.5,1387,0
MAD,5,20210215,091500,5.45,5.5,5.2,5.5,2889,0
MAD,5,20210215,092000,5.5,5.6,5.4,5.6,767,0
MAD,5,20210215,092500,5.6,5.6,5.45,5.5,546,0
MAD,5,20210215,093000,5.5,5.6,5.5,5.6,2423,0
MAD,5,20210215,094500,5.5,5.5,5.45,5.45,2150,0
MAD,5,20210215,095000,5.45,5.55,5.45,5.55,1158,0
MAD,5,20210215,101000,5.55,5.55,5,5,1949,0
MAD,5,20210215,101500,5,5,4.78,4.78,4659,0
MAD,5,20210215,102000,4.78,4.78,4.78,4.78,570,0
MAD,5,20210215,102500,4.8,4.8,4.8,4.8,200,0
MAD,5,20210215,103000,4.98,5,4.98,5,1861,0
MAD,5,20210215,103500,5.1,5.1,5.1,5.1,390,0
MAD,5,20210215,104000,5,5,4.98,4.98,2338,0
MAD,5,20210215,105000,4.9,4.9,4.9,4.9,60,0
MAD,5,20210215,110000,5,5,5,5,903,0
MAD,5,20210215,111000,5,5,5,5,933,0
MAD,5,20210215,111500,5,5,5,5,364,0
MAD,5,20210215,112500,4.9,4.9,4.9,4.9,720,0
MAD,5,20210215,113500,5,5,5,5,280,0
MAD,5,20210215,114000,5,5,5,5,200,0
MAD,5,20210215,115000,5,5,5,5,110,0
MAD,5,20210215,120000,5,5,5,5,410,0
MAD,5,20210215,121500,4.9,4.9,4.9,4.9,130,0
MAD,5,20210215,122000,4.9,4.9,4.9,4.9,120,0
MAD,5,20210215,123000,5.1,5.1,5.1,5.1,103,0
MAD,5,20210215,123500,5.1,5.1,5.1,5.1,1000,0
MAD,5,20210215,124000,5,5,5,5,423,0
MAD,5,20210215,124500,5,5,5,5,309,0
MAD,5,20210215,132000,5.05,5.05,5.05,5.05,100,0
MAD,5,20210215,133500,5.05,5.05,5.05,5.05,250,0
MAD,5,20210215,134500,5.05,5.05,5.05,5.05,1048,0
MAD,5,20210215,140000,5.05,5.05,5,5,268,0
MAD,5,20210215,140500,5,5.4,5,5.3,7299,0
MAD,5,20210215,141000,5.1,5.5,5.1,5.3,2616,0
MAD,5,20210215,141500,5.4,5.6,5.3,5.6,3009,0
MAD,5,20210215,142000,5.3,5.3,5.3,5.3,1000,0
MAD,5,20210215,142500,5.3,5.3,5.3,5.3,2025,0
MAD,5,20210215,143500,5.45,5.45,5.45,5.45,1420,0
MAD,5,20210215,144000,5.4,5.45,5.4,5.45,2129,0
MAD,5,20210215,144500,5.3,5.3,5.2,5.3,1050,0
MAD,5,20210215,145000,5.2,5.2,5.1,5.1,880,0
MAD,5,20210215,145500,5.05,5.05,5.05,5.05,86,0
MAD,5,20210215,150500,5.1,5.1,5.05,5.05,200,0
MAD,5,20210215,151500,5,5.05,4.9,4.9,2165,0
MAD,5,20210215,152000,5.05,5.05,5.05,5.05,172,0
MAD,5,20210215,152500,5.05,5.05,5.05,5.05,197,0
MAD,5,20210215,154500,4.8,4.8,4.8,4.8,1048,0
MAD,5,20210215,155500,4.98,4.98,4.98,4.98,100,0
MAD,5,20210215,160000,4.98,5,4.98,5,231,0
MAD,5,20210215,160500,5.05,5.05,5.05,5.05,336,0
MAD,5,20210215,162500,5.05,5.05,5.05,5.05,1504,0
MAD,5,20210215,163000,5.1,5.1,5.1,5.1,1425,0
MAD,5,20210215,163500,4.82,4.82,4.82,4.82,150,0
MAD,5,20210215,164500,5.1,5.1,5.05,5.05,2425,0
MAD,5,20210216,090000,4.8,4.8,4.7,4.8,438,0
MAD,5,20210216,091000,4.8,4.8,4.8,4.8,811,0
MAD,5,20210216,092000,4.8,4.8,4.8,4.8,200,0
MAD,5,20210216,093500,4.7,4.7,4.7,4.7,31,0
MAD,5,20210216,094000,4.7,4.7,4.7,4.7,944,0
MAD,5,20210216,094500,4.7,4.7,4.7,4.7,143,0
MAD,5,20210216,095000,4.7,4.7,4.7,4.7,100,0
MAD,5,20210216,095500,4.7,4.7,4.6,4.6,165,0
MAD,5,20210216,100000,4.6,4.6,4.6,4.6,375,0
MAD,5,20210216,100500,4.52,4.52,4,4.06,3892,0
MAD,5,20210216,101000,4.04,4.38,4.04,4.38,719,0
MAD,5,20210216,101500,4.38,4.38,4.38,4.38,290,0
MAD,5,20210216,102000,4.66,4.96,4.6,4.6,2695,0
MAD,5,20210216,102500,4.6,4.9,4.6,4.9,501,0
MAD,5,20210216,103500,4.9,4.98,4.9,4.98,6348,0
MAD,5,20210216,104000,4.9,4.9,4.9,4.9,372,0
MAD,5,20210216,104500,4.88,4.96,4.88,4.88,495,0
MAD,5,20210216,110000,4.94,4.94,4.94,4.94,600,0
MAD,5,20210216,110500,4.94,4.94,4.94,4.94,548,0
MAD,5,20210216,111000,4.94,4.94,4.94,4.94,408,0
MAD,5,20210216,114000,4.92,4.92,4.92,4.92,100,0
MAD,5,20210216,121000,4.9,4.9,4.9,4.9,1940,0
MAD,5,20210216,121500,4.9,4.92,4.9,4.92,2051,0
MAD,5,20210216,122000,4.9,4.9,4.9,4.9,78,0
MAD,5,20210216,122500,4.9,4.9,4.9,4.9,22,0
MAD,5,20210216,123000,4.88,4.88,4.88,4.88,978,0
MAD,5,20210216,123500,4.9,4.94,4.9,4.94,2099,0
MAD,5,20210216,124000,4.96,5,4.96,4.98,5628,0
MAD,5,20210216,124500,5,5,5,5,199,0
MAD,5,20210216,125000,4.98,5,4.98,5,3990,0
MAD,5,20210216,125500,5,5,5,5,2808,0
MAD,5,20210216,132000,4.96,4.96,4.78,4.78,1211,0
MAD,5,20210216,133000,4.78,4.78,4.6,4.6,742,0
MAD,5,20210216,133500,4.6,4.6,4.52,4.52,3686,0
MAD,5,20210216,134000,4.92,4.92,4.92,4.92,49,0
MAD,5,20210216,144000,4.9,4.9,4.62,4.62,837,0
MAD,5,20210216,144500,4.88,4.88,4.88,4.88,330,0
MAD,5,20210216,145000,4.62,4.86,4.62,4.86,1495,0
MAD,5,20210216,145500,4.86,4.86,4.86,4.86,12,0
MAD,5,20210216,150500,4.84,4.84,4.84,4.84,108,0
MAD,5,20210216,151000,4.84,4.84,4.84,4.84,200,0
MAD,5,20210216,152000,4.84,4.84,4.84,4.84,200,0
MAD,5,20210217,090000,4.52,4.52,4.52,4.52,740,0
MAD,5,20210217,090500,4.84,4.84,4.84,4.84,805,0
MAD,5,20210217,091000,4.84,4.84,4.84,4.84,40,0
MAD,5,20210217,092500,4.9,4.9,4.9,4.9,299,0
MAD,5,20210217,093500,4.9,4.98,4.9,4.98,351,0
MAD,5,20210217,095500,4.98,4.98,4.98,4.98,1033,0
MAD,5,20210217,100000,4.98,4.98,4.9,4.9,2812,0
MAD,5,20210217,100500,4.9,4.9,4.9,4.9,70,0
MAD,5,20210217,102000,4.84,4.84,4.84,4.84,500,0
MAD,5,20210217,102500,4.84,4.84,4.7,4.7,753,0
MAD,5,20210217,110000,4.54,4.56,4.54,4.56,333,0
MAD,5,20210217,112500,4.9,4.9,4.9,4.9,2440,0
MAD,5,20210217,120000,4.9,4.9,4.9,4.9,50,0
MAD,5,20210217,124500,4.6,4.6,4.58,4.58,2471,0
MAD,5,20210217,131500,4.86,4.86,4.86,4.86,150,0
MAD,5,20210217,132000,4.86,4.86,4.86,4.86,130,0
MAD,5,20210217,132500,4.86,4.86,4.86,4.86,370,0
MAD,5,20210217,135000,4.56,4.58,4.5,4.5,6000,0
MAD,5,20210217,140000,4.52,4.52,4.52,4.52,400,0
MAD,5,20210217,143500,4.76,4.76,4.76,4.76,120,0
MAD,5,20210217,144500,4.52,4.52,4.52,4.52,300,0
MAD,5,20210217,162500,4.52,4.52,4.52,4.52,100,0
MAD,5,20210217,164000,4.52,4.52,4.52,4.52,100,0
MAD,5,20210217,164500,4.76,4.76,4.76,4.76,2,0
MAD,5,20210218,090000,4.76,4.76,4.76,4.76,319,0
MAD,5,20210218,092000,4.7,4.7,4.7,4.7,200,0
MAD,5,20210218,092500,4.76,4.76,4.76,4.76,150,0
MAD,5,20210218,093000,4.68,4.68,4.68,4.68,300,0
MAD,5,20210218,094000,4.5,4.5,4.2,4.2,276,0
MAD,5,20210218,095000,4.7,4.72,4.7,4.72,300,0
MAD,5,20210218,101000,4.5,4.5,4.5,4.5,2,0
MAD,5,20210218,101500,4.5,4.5,4.5,4.5,498,0
MAD,5,20210218,112000,4.4,4.4,4.4,4.4,230,0
MAD,5,20210218,112500,4.7,4.7,4.7,4.7,200,0
MAD,5,20210218,122000,4.56,4.56,4.56,4.56,7,0
MAD,5,20210218,122500,4.56,4.56,4.56,4.56,9,0
MAD,5,20210218,123000,4.56,4.56,4.56,4.56,6,0
MAD,5,20210218,124000,4.56,4.56,4.56,4.56,78,0
MAD,5,20210218,135500,4.56,4.56,4.46,4.46,1409,0
MAD,5,20210218,143500,4.46,4.46,4.46,4.46,950,0
MAD,5,20210218,151000,4.46,4.46,4.4,4.4,320,0
MAD,5,20210218,151500,4.4,4.4,4.4,4.4,106,0
MAD,5,20210218,152500,4.4,4.4,4.4,4.4,3,0
MAD,5,20210218,153500,4.4,4.4,4.4,4.4,50,0
MAD,5,20210218,154000,4.2,4.2,4.2,4.2,1,0
MAD,5,20210218,154500,4.22,4.22,4.22,4.22,30,0
MAD,5,20210218,155500,4.4,4.4,4.4,4.4,21,0
MAD,5,20210218,163000,4.24,4.24,4.24,4.24,150,0
MAD,5,20210218,163500,4.36,4.44,4.36,4.44,514,0
MAD,5,20210218,164500,4.4,4.62,4.4,4.62,902,0
MAD,5,20210219,090500,4.7,4.7,4.7,4.7,537,0
MAD,5,20210219,091500,4.22,4.22,4.22,4.22,1,0
MAD,5,20210219,094500,4.3,4.3,4.3,4.3,300,0
MAD,5,20210219,095000,4.68,4.68,4.68,4.68,59,0
MAD,5,20210219,101500,4.62,4.62,4.62,4.62,110,0
MAD,5,20210219,114000,4.42,4.42,4.42,4.42,114,0
MAD,5,20210219,115000,4.58,4.58,4.58,4.58,57,0
MAD,5,20210219,115500,4.6,4.6,4.6,4.6,500,0
MAD,5,20210219,120000,4.6,4.66,4.6,4.66,1000,0
MAD,5,20210219,122000,4.48,4.48,4.48,4.48,150,0
MAD,5,20210219,132000,4.5,4.5,4.5,4.5,650,0
MAD,5,20210219,132500,4.46,4.46,4.46,4.46,97,0
MAD,5,20210219,144000,4.64,4.66,4.64,4.66,230,0
MAD,5,20210219,160500,4.46,4.46,4.46,4.46,12,0
MAD,5,20210219,164500,4.44,4.44,4.44,4.44,10,0
MAD,5,20210222,090000,4.46,4.46,4.46,4.46,85,0
MAD,5,20210222,092500,4.46,4.46,4.46,4.46,15,0
MAD,5,20210222,102000,4.3,4.3,4.28,4.28,347,0
MAD,5,20210222,103000,4.22,4.22,4.1,4.1,13866,0
MAD,5,20210222,103500,4.1,4.1,4.1,4.1,400,0
MAD,5,20210222,104500,4.12,4.12,4.12,4.12,251,0
MAD,5,20210222,111500,4.38,4.66,4.38,4.66,301,0
MAD,5,20210222,112000,4.12,4.12,4.12,4.12,1,0
MAD,5,20210222,114000,4.14,4.14,4.14,4.14,10,0
MAD,5,20210222,115500,4.22,4.22,4.22,4.22,50,0
MAD,5,20210222,120000,4.4,4.4,4.4,4.4,1649,0
MAD,5,20210222,123000,4.4,4.4,4.4,4.4,10,0
MAD,5,20210222,130500,4.22,4.22,4.22,4.22,1,0
MAD,5,20210222,132500,4.3,4.58,4.3,4.58,127,0
MAD,5,20210222,133500,4.58,4.58,4.58,4.58,80,0
MAD,5,20210222,144000,4.22,4.22,4.22,4.22,1,0
MAD,5,20210222,155000,4.46,4.46,4.46,4.46,100,0
MAD,5,20210223,090000,4.14,4.14,4.12,4.12,1467,0
MAD,5,20210223,091000,4.12,4.12,4.12,4.12,50,0
MAD,5,20210223,091500,4.12,4.12,4.02,4.02,320,0
MAD,5,20210223,092000,4.2,4.2,4.2,4.2,100,0
MAD,5,20210223,093000,4.2,4.2,4.2,4.2,700,0
MAD,5,20210223,100000,4.1,4.2,4.1,4.2,302,0
MAD,5,20210223,100500,4.1,4.28,4.1,4.28,289,0
MAD,5,20210223,101500,4.2,4.2,4.2,4.2,40,0
MAD,5,20210223,102500,4.2,4.2,4.02,4.02,442,0
MAD,5,20210223,105000,4.06,4.06,4.06,4.06,92,0
MAD,5,20210223,113500,4.04,4.06,4,4.06,1221,0
MAD,5,20210223,121000,4.16,4.16,4.16,4.16,91,0
MAD,5,20210223,142500,4.16,4.16,4.16,4.16,100,0
MAD,5,20210223,150000,4.18,4.18,4.18,4.18,600,0
MAD,5,20210223,160000,4.16,4.16,4.16,4.16,100,0
MAD,5,20210223,162500,4.14,4.14,4.14,4.14,71,0
MAD,5,20210224,090000,4,4,4,4,1127,0
MAD,5,20210224,092000,4.02,4.02,4,4,701,0
MAD,5,20210224,101500,4.02,4.02,4,4,1958,0
MAD,5,20210224,104000,3.98,3.98,3.98,3.98,91,0
MAD,5,20210224,104500,4,4,3.98,3.98,5000,0
MAD,5,20210224,105000,3.96,3.96,3.96,3.96,1674,0
MAD,5,20210224,110500,4.38,4.38,4.38,4.38,280,0
MAD,5,20210224,115500,4.04,4.04,4.04,4.04,1,0
MAD,5,20210224,120500,4.06,4.06,4.06,4.06,87,0
MAD,5,20210224,121000,4.04,4.04,4.04,4.04,749,0
MAD,5,20210224,123500,4.34,4.34,4.34,4.34,87,0
MAD,5,20210224,135500,4.3,4.3,4.3,4.3,169,0
MAD,5,20210224,143500,4.04,4.04,4,4,777,0
MAD,5,20210224,152500,4.26,4.3,4.26,4.3,600,0
MAD,5,20210224,165500,4,4,4,4,2,0
MAD,5,20210225,091000,4.28,4.28,4.28,4.28,200,0
MAD,5,20210225,092500,4.28,4.28,4.28,4.28,100,0
MAD,5,20210225,101500,4.24,4.24,4.24,4.24,20,0
MAD,5,20210225,102000,4,4,4,4,5,0
MAD,5,20210225,102500,4.24,4.24,4.24,4.24,500,0
MAD,5,20210225,124000,4.04,4.04,4.04,4.04,7,0
MAD,5,20210225,142500,4.04,4.04,4.04,4.04,90,0
MAD,5,20210225,143000,4.04,4.04,4.04,4.04,10,0
MAD,5,20210225,144000,4.04,4.04,4.04,4.04,250,0
MAD,5,20210226,090000,4.06,4.06,4.06,4.06,130,0
MAD,5,20210226,092500,4.14,4.14,4.14,4.14,33,0
MAD,5,20210226,111500,4.08,4.08,4.08,4.08,63,0
MAD,5,20210226,112500,3.96,3.96,3.96,3.96,100,0
MAD,5,20210226,114000,4,4,4,4,60,0
MAD,5,20210226,153000,4.02,4.02,4.02,4.02,99,0
MAD,5,20210301,090500,4.02,4.02,4.02,4.02,1,0
MAD,5,20210301,101000,4.24,4.24,4.24,4.24,99,0
MAD,5,20210301,125000,4.04,4.04,4.04,4.04,770,0
MAD,5,20210301,140500,4.04,4.04,4.04,4.04,192,0
MAD,5,20210301,143500,4.22,4.22,4.22,4.22,260,0
MAD,5,20210301,155500,4.26,4.26,4.26,4.26,767,0
MAD,5,20210301,160000,4.46,4.48,4.46,4.48,300,0
MAD,5,20210301,160500,4.66,4.66,4.66,4.66,360,0
MAD,5,20210301,161000,4.66,4.66,4.66,4.66,640,0
MAD,5,20210301,162500,4.64,4.64,4.64,4.64,63,0
MAD,5,20210301,163000,4.64,4.66,4.64,4.66,1380,0
MAD,5,20210301,164500,4.6,4.62,4.6,4.62,206,0
MAD,5,20210302,090000,4.56,4.56,4.14,4.14,601,0
MAD,5,20210302,094000,4.22,4.22,4.22,4.22,349,0
MAD,5,20210302,105000,4.4,4.4,4.4,4.4,4970,0
MAD,5,20210302,132000,4.34,4.34,4.32,4.32,603,0
MAD,5,20210302,140000,4.24,4.24,4.16,4.16,962,0
MAD,5,20210302,151500,4.2,4.2,4.2,4.2,2,0
MAD,5,20210302,160000,4.2,4.2,4.2,4.2,2,0
MAD,5,20210302,164500,4.22,4.22,4.22,4.22,2,0
MAD,5,20210303,090000,4.4,4.4,4.4,4.4,1700,0
MAD,5,20210303,091500,4.3,4.3,4.3,4.3,800,0
MAD,5,20210303,092000,4.36,4.36,4.36,4.36,150,0
MAD,5,20210303,095000,4.34,4.36,4.34,4.36,329,0
MAD,5,20210303,101000,4.4,4.4,4.4,4.4,1100,0
MAD,5,20210303,101500,4.34,4.34,4.34,4.34,1883,0
MAD,5,20210303,110500,4.36,4.36,4.34,4.34,400,0
MAD,5,20210303,112000,4.34,4.34,4.34,4.34,299,0
MAD,5,20210303,120000,4.34,4.34,4.34,4.34,384,0
MAD,5,20210303,135000,4.36,4.36,4.36,4.36,50,0
MAD,5,20210303,144000,4.36,4.36,4.36,4.36,120,0
MAD,5,20210303,145500,4.36,4.36,4.36,4.36,60,0
MAD,5,20210303,150500,4.34,4.34,4.3,4.3,1500,0
MAD,5,20210303,151500,4.3,4.3,4.3,4.3,802,0
MAD,5,20210303,154000,4.2,4.2,4.2,4.2,32,0
MAD,5,20210303,160000,4.28,4.28,4.28,4.28,13,0
MAD,5,20210304,091500,4.18,4.18,4.18,4.18,208,0
MAD,5,20210304,104500,4.2,4.2,4.18,4.18,1477,0
MAD,5,20210304,112500,4.06,4.06,4.04,4.04,650,0
MAD,5,20210304,133000,4.06,4.06,4.06,4.06,900,0
MAD,5,20210304,133500,4.06,4.06,4.06,4.06,760,0
MAD,5,20210304,134000,4.06,4.06,4.06,4.06,3159,0
MAD,5,20210304,160000,4.04,4.04,4.04,4.04,310,0
MAD,5,20210304,161500,4.04,4.04,4.04,4.04,20,0
MAD,5,20210304,162500,4.16,4.16,4.16,4.16,97,0
MAD,5,20210304,163000,4.16,4.16,4.16,4.16,100,0
MAD,5,20210305,103000,4.08,4.08,4.08,4.08,2787,0
MAD,5,20210305,103500,4.1,4.1,4.1,4.1,576,0
MAD,5,20210305,120500,4.02,4.02,4,4,1633,0
MAD,5,20210305,121000,4,4,4,4,74,0
MAD,5,20210305,123000,4.02,4.02,4.02,4.02,639,0
MAD,5,20210305,140000,4.1,4.12,4.1,4.12,1800,0
MAD,5,20210305,160000,4.04,4.04,4.04,4.04,172,0
MAD,5,20210308,090000,4,4,4,4,450,0
MAD,5,20210308,090500,4.02,4.02,4,4,390,0
MAD,5,20210308,093500,3.98,3.98,3.98,3.98,100,0
MAD,5,20210308,115000,4,4,4,4,70,0
MAD,5,20210308,123000,4.16,4.16,4.16,4.16,1080,0
MAD,5,20210309,092000,4.2,4.2,4.2,4.2,115,0
MAD,5,20210309,104500,4.1,4.1,4.1,4.1,1000,0
MAD,5,20210309,113000,4.1,4.1,4.1,4.1,300,0
MAD,5,20210309,120500,4.1,4.1,4.1,4.1,238,0
MAD,5,20210309,124000,4.1,4.1,4.1,4.1,199,0
MAD,5,20210309,150000,4.2,4.2,4.2,4.2,322,0
MAD,5,20210309,151500,4.2,4.2,4.2,4.2,400,0
MAD,5,20210309,152000,4.2,4.24,4.2,4.24,200,0
MAD,5,20210309,154000,4.22,4.22,4.22,4.22,400,0
MAD,5,20210309,154500,4.24,4.28,4.24,4.28,1503,0
MAD,5,20210309,162500,4.34,4.34,4.34,4.34,125,0
MAD,5,20210309,164500,4.54,4.54,4.54,4.54,1,0
MAD,5,20210310,090000,4.56,4.56,4.54,4.54,1977,0
MAD,5,20210310,090500,4.54,4.74,4.54,4.74,6360,0
MAD,5,20210310,091000,4.74,4.74,4.26,4.7,1028,0
MAD,5,20210310,091500,4.7,4.7,4.7,4.7,65,0
MAD,5,20210310,113000,4.46,4.46,4.46,4.46,181,0
MAD,5,20210310,124500,4.46,4.46,4.46,4.46,224,0
MAD,5,20210310,151000,4.42,4.42,4.42,4.42,532,0
MAD,5,20210310,151500,4.36,4.36,4.36,4.36,238,0
MAD,5,20210310,162000,4.36,4.36,4.36,4.36,462,0
MAD,5,20210310,163000,4.24,4.24,4.24,4.24,2,0
MAD,5,20210311,090000,4.52,4.52,4.52,4.52,278,0
MAD,5,20210311,091000,4.52,4.52,4.52,4.52,30,0
MAD,5,20210311,094500,4.4,4.4,4.4,4.4,100,0
MAD,5,20210311,101500,4.4,4.4,4.4,4.4,205,0
MAD,5,20210311,120500,4.22,4.22,4.2,4.2,508,0
MAD,5,20210311,122000,4.2,4.22,4.2,4.22,542,0
MAD,5,20210311,122500,4.12,4.12,4.12,4.12,458,0
MAD,5,20210311,130500,4.36,4.36,4.36,4.36,20,0
MAD,5,20210312,095500,4.38,4.38,4.38,4.38,400,0
MAD,5,20210312,101500,4.2,4.2,4.18,4.18,801,0
MAD,5,20210312,105500,4.14,4.14,4.14,4.14,293,0
MAD,5,20210312,113000,4.16,4.16,4.16,4.16,200,0
MAD,5,20210312,113500,4.16,4.16,4.16,4.16,300,0
MAD,5,20210312,121500,4.16,4.16,4.16,4.16,800,0
MAD,5,20210312,124000,4.16,4.16,4.16,4.16,400,0
MAD,5,20210312,133500,4.16,4.16,4.16,4.16,1600,0
MAD,5,20210312,134500,4.2,4.2,4.2,4.2,477,0
MAD,5,20210312,142500,4.36,4.36,4.36,4.36,97,0
MAD,5,20210312,144000,4.36,4.36,4.36,4.36,14,0
MAD,5,20210312,150000,4.18,4.18,4.16,4.16,981,0
MAD,5,20210312,152500,4.2,4.2,4.2,4.2,481,0
MAD,5,20210312,164500,4.16,4.16,4.16,4.16,702,0
MAD,5,20210315,091500,4.2,4.2,4.2,4.2,477,0
MAD,5,20210315,100000,4.36,4.36,4.36,4.36,386,0
MAD,5,20210315,114500,4.2,4.2,4.2,4.2,80,0
MAD,5,20210315,164500,4.18,4.18,4.18,4.18,80,0
MAD,5,20210316,100000,4.36,4.4,4.36,4.4,462,0
MAD,5,20210316,115000,4.16,4.16,4.16,4.16,391,0
MAD,5,20210317,090000,4.1,4.1,4.1,4.1,2359,0
MAD,5,20210317,090500,4.1,4.1,4.1,4.1,1299,0
MAD,5,20210317,103000,4.06,4.06,4.04,4.04,569,0
MAD,5,20210317,103500,4.14,4.14,4.14,4.14,500,0
MAD,5,20210317,120500,4.22,4.22,4.22,4.22,237,0
MAD,5,20210317,122500,4.2,4.2,4.2,4.2,2400,0
MAD,5,20210317,134500,4.06,4.06,4,4,1524,0
MAD,5,20210317,135000,4,4.08,4,4.08,967,0
MAD,5,20210318,090500,4,4,4,4,100,0
MAD,5,20210318,092000,4.2,4.2,4.2,4.2,400,0
MAD,5,20210319,090000,4.2,4.2,4.2,4.2,325,0
MAD,5,20210319,095500,4,4,4,4,1000,0
MAD,5,20210319,101000,4,4,4,4,500,0
MAD,5,20210319,101500,4.18,4.18,4.18,4.18,100,0
MAD,5,20210319,111000,4.18,4.18,4.18,4.18,20,0
MAD,5,20210319,123000,4.18,4.18,4.18,4.18,360,0
MAD,5,20210319,143500,4.02,4.02,4,4,350,0
MAD,5,20210319,145500,4.04,4.04,4.04,4.04,100,0
MAD,5,20210319,162500,4.04,4.04,4.04,4.04,100,0
MAD,5,20210322,090500,4,4.02,4,4.02,1221,0
MAD,5,20210322,113000,4.04,4.04,4.04,4.04,65,0
MAD,5,20210323,092500,4.04,4.04,4.04,4.04,400,0
MAD,5,20210323,102500,4.18,4.18,4.18,4.18,5,0
MAD,5,20210323,104500,4.18,4.18,4.18,4.18,2,0
MAD,5,20210323,152500,4.18,4.18,4.18,4.18,398,0
MAD,5,20210324,124000,4.18,4.18,4.18,4.18,20,0
MAD,5,20210324,140500,4.02,4.02,4.02,4.02,100,0
MAD,5,20210324,142000,4.02,4.02,4.02,4.02,200,0
MAD,5,20210324,160000,4.18,4.18,4.18,4.18,194,0
MAD,5,20210325,092000,4.02,4.02,4.02,4.02,105,0
MAD,5,20210325,092500,4,4,4,4,427,0
MAD,5,20210325,093000,4,4,4,4,500,0
MAD,5,20210325,093500,4.18,4.18,4.18,4.18,71,0
MAD,5,20210325,121000,4,4,3.9,3.9,8469,0
MAD,5,20210325,121500,4,4.18,4,4.18,648,0
MAD,5,20210326,142500,4,4,4,4,1,0
MAD,5,20210326,153000,4.18,4.18,4.18,4.18,900,0
