<TICKER>,<PER>,<DATE>,<TIME>,<OPEN>,<HIGH>,<LOW>,<CLOSE>,<VOL>,<OPENINT>
MBF,5,20210204,091000,3.38,3.38,3.38,3.38,300,0
MBF,5,20210204,091500,3.38,3.38,3.38,3.38,51,0
MBF,5,20210204,093000,3.34,3.34,3.34,3.34,369,0
MBF,5,20210204,095000,3.34,3.34,3.34,3.34,623,0
MBF,5,20210204,102500,3.38,3.38,3.38,3.38,651,0
MBF,5,20210204,103000,3.3,3.3,3.3,3.3,1,0
MBF,5,20210204,105000,3.36,3.36,3.36,3.36,150,0
MBF,5,20210204,110000,3.38,3.4,3.38,3.4,558,0
MBF,5,20210204,115000,3.4,3.4,3.4,3.4,850,0
MBF,5,20210204,115500,3.42,3.42,3.42,3.42,150,0
MBF,5,20210204,120000,3.42,3.42,3.42,3.42,600,0
MBF,5,20210204,123000,3.4,3.4,3.4,3.4,500,0
MBF,5,20210204,124500,3.4,3.4,3.4,3.4,500,0
MBF,5,20210204,134000,3.4,3.4,3.4,3.4,300,0
MBF,5,20210204,144500,3.4,3.4,3.4,3.4,200,0
MBF,5,20210204,145000,3.4,3.4,3.4,3.4,300,0
MBF,5,20210204,160000,3.4,3.42,3.4,3.42,192,0
MBF,5,20210205,093000,3.36,3.36,3.34,3.34,2200,0
MBF,5,20210205,103000,3.36,3.36,3.36,3.36,110,0
MBF,5,20210205,114000,3.4,3.4,3.4,3.4,100,0
MBF,5,20210205,115000,3.34,3.34,3.26,3.26,1300,0
MBF,5,20210205,121000,3.3,3.3,3.26,3.26,760,0
MBF,5,20210205,121500,3.4,3.44,3.4,3.44,2000,0
MBF,5,20210205,122500,3.44,3.46,3.44,3.46,352,0
MBF,5,20210205,132500,3.4,3.4,3.4,3.4,220,0
MBF,5,20210205,141500,3.32,3.32,3.32,3.32,1000,0
MBF,5,20210205,143500,3.32,3.32,3.3,3.3,3107,0
MBF,5,20210205,164000,3.38,3.38,3.38,3.38,1,0
MBF,5,20210208,091500,3.26,3.26,3.26,3.26,333,0
MBF,5,20210208,094000,3.26,3.26,3.2,3.2,2800,0
MBF,5,20210208,094500,3.22,3.22,3.22,3.22,12,0
MBF,5,20210208,102000,3.26,3.26,3.26,3.26,500,0
MBF,5,20210208,103000,3.3,3.3,3.3,3.3,331,0
MBF,5,20210208,120500,3.26,3.26,3.26,3.26,369,0
MBF,5,20210208,124500,3.26,3.26,3.24,3.24,1000,0
MBF,5,20210208,135000,3.28,3.28,3.28,3.28,120,0
MBF,5,20210208,135500,3.28,3.28,3.28,3.28,221,0
MBF,5,20210208,150500,3.28,3.28,3.28,3.28,550,0
MBF,5,20210208,155500,3.28,3.28,3.26,3.26,128,0
MBF,5,20210208,161500,3.26,3.26,3.26,3.26,1500,0
MBF,5,20210208,164500,3.3,3.3,3.3,3.3,50,0
MBF,5,20210209,092500,3.36,3.36,3.26,3.26,217,0
MBF,5,20210209,095500,3.26,3.26,3.26,3.26,1000,0
MBF,5,20210209,100000,3.26,3.26,3.26,3.26,1000,0
MBF,5,20210209,115500,3.26,3.26,3.26,3.26,120,0
MBF,5,20210209,124500,3.36,3.38,3.36,3.38,1582,0
MBF,5,20210209,153000,3.36,3.38,3.36,3.38,1000,0
MBF,5,20210209,155000,3.36,3.38,3.36,3.38,1000,0
MBF,5,20210209,161500,3.34,3.34,3.34,3.34,447,0
MBF,5,20210209,162000,3.34,3.38,3.3,3.3,1022,0
MBF,5,20210209,164500,3.38,3.38,3.38,3.38,10,0
MBF,5,20210210,111000,3.3,3.3,3.3,3.3,475,0
MBF,5,20210210,123500,3.38,3.38,3.38,3.38,7,0
MBF,5,20210211,091000,3.4,3.4,3.4,3.4,59,0
MBF,5,20210211,091500,3.5,3.52,3.5,3.52,2323,0
MBF,5,20210211,092000,3.54,3.54,3.54,3.54,100,0
MBF,5,20210211,092500,3.54,3.7,3.54,3.7,5871,0
MBF,5,20210211,093000,3.66,3.66,3.66,3.66,96,0
MBF,5,20210211,093500,3.64,3.64,3.64,3.64,100,0
MBF,5,20210211,094000,3.6,3.6,3.58,3.58,331,0
MBF,5,20210211,094500,3.52,3.52,3.5,3.5,775,0
MBF,5,20210211,095000,3.52,3.58,3.52,3.58,2887,0
MBF,5,20210211,095500,3.58,3.6,3.58,3.6,464,0
MBF,5,20210211,100000,3.58,3.58,3.58,3.58,800,0
MBF,5,20210211,103500,3.58,3.58,3.58,3.58,150,0
MBF,5,20210211,104500,3.58,3.58,3.58,3.58,3150,0
MBF,5,20210211,105000,3.58,3.6,3.58,3.58,9101,0
MBF,5,20210211,105500,3.64,3.68,3.64,3.68,1753,0
MBF,5,20210211,110000,3.66,3.66,3.66,3.66,289,0
MBF,5,20210211,111500,3.58,3.58,3.58,3.58,1000,0
MBF,5,20210211,113000,3.6,3.6,3.6,3.6,800,0
MBF,5,20210211,113500,3.6,3.66,3.6,3.66,1500,0
MBF,5,20210211,114500,3.66,3.66,3.66,3.66,1250,0
MBF,5,20210211,115000,3.66,3.68,3.6,3.6,820,0
MBF,5,20210211,115500,3.6,3.6,3.6,3.6,500,0
MBF,5,20210211,120000,3.68,3.74,3.68,3.74,4913,0
MBF,5,20210211,120500,3.78,3.8,3.78,3.8,800,0
MBF,5,20210211,121000,3.78,3.78,3.78,3.78,700,0
MBF,5,20210211,121500,3.78,3.8,3.7,3.7,1291,0
MBF,5,20210211,122000,3.7,3.78,3.7,3.78,1200,0
MBF,5,20210211,122500,3.78,3.78,3.78,3.78,1164,0
MBF,5,20210211,123000,3.78,3.78,3.78,3.78,275,0
MBF,5,20210211,125000,3.78,3.8,3.78,3.8,1306,0
MBF,5,20210211,125500,3.8,3.8,3.78,3.78,1667,0
MBF,5,20210211,130000,3.72,3.72,3.68,3.68,1276,0
MBF,5,20210211,130500,3.68,3.74,3.68,3.74,6182,0
MBF,5,20210211,132500,3.7,3.7,3.68,3.68,480,0
MBF,5,20210211,133000,3.74,3.74,3.74,3.74,1,0
MBF,5,20210211,134000,3.76,3.78,3.76,3.78,1196,0
MBF,5,20210211,134500,3.74,3.74,3.74,3.74,537,0
MBF,5,20210211,140000,3.72,3.72,3.72,3.72,550,0
MBF,5,20210211,142000,3.78,3.8,3.78,3.8,800,0
MBF,5,20210211,143000,3.8,3.8,3.8,3.8,134,0
MBF,5,20210211,143500,3.8,3.8,3.8,3.8,6125,0
MBF,5,20210211,144000,3.8,3.84,3.8,3.84,1300,0
MBF,5,20210211,144500,3.84,3.84,3.84,3.84,1333,0
MBF,5,20210211,145500,3.86,3.86,3.78,3.78,484,0
MBF,5,20210211,150000,3.8,3.8,3.8,3.8,500,0
MBF,5,20210211,150500,3.86,3.86,3.8,3.8,890,0
MBF,5,20210211,151000,3.78,3.86,3.6,3.8,11648,0
MBF,5,20210211,151500,3.8,3.82,3.7,3.76,6157,0
MBF,5,20210211,152000,3.76,3.76,3.76,3.76,2300,0
MBF,5,20210211,153000,3.7,3.7,3.64,3.64,1010,0
MBF,5,20210211,154000,3.72,3.72,3.72,3.72,1,0
MBF,5,20210211,154500,3.72,3.72,3.72,3.72,199,0
MBF,5,20210211,155500,3.64,3.64,3.64,3.64,150,0
MBF,5,20210211,161000,3.66,3.66,3.66,3.66,199,0
MBF,5,20210211,161500,3.66,3.66,3.66,3.66,500,0
MBF,5,20210211,162000,3.74,3.84,3.74,3.84,13650,0
MBF,5,20210211,162500,3.84,3.86,3.84,3.86,2000,0
MBF,5,20210211,163500,3.76,3.76,3.76,3.76,550,0
MBF,5,20210211,164500,3.74,3.8,3.74,3.8,585,0
MBF,5,20210212,090000,3.82,3.82,3.82,3.82,6969,0
MBF,5,20210212,090500,3.84,3.84,3.84,3.84,808,0
MBF,5,20210212,091000,3.86,3.86,3.86,3.86,1000,0
MBF,5,20210212,091500,3.86,3.88,3.86,3.86,1491,0
MBF,5,20210212,092000,3.86,3.9,3.86,3.9,9429,0
MBF,5,20210212,092500,3.94,3.94,3.94,3.94,664,0
MBF,5,20210212,093000,3.96,3.96,3.96,3.96,2900,0
MBF,5,20210212,093500,3.98,4.06,3.98,4.04,7503,0
MBF,5,20210212,094000,4.04,4.1,4.02,4.1,2836,0
MBF,5,20210212,094500,4.1,4.2,4.1,4.2,5553,0
MBF,5,20210212,095000,4.2,4.26,4.2,4.26,4379,0
MBF,5,20210212,095500,4.2,4.2,4.18,4.18,1170,0
MBF,5,20210212,100000,4.16,4.16,4.06,4.1,2053,0
MBF,5,20210212,100500,4.06,4.06,4,4,1300,0
MBF,5,20210212,101000,4.02,4.12,3.86,3.9,5636,0
MBF,5,20210212,101500,3.92,3.92,3.92,3.92,1381,0
MBF,5,20210212,102000,3.92,4,3.92,4,1782,0
MBF,5,20210212,103000,4,4,4,4,1000,0
MBF,5,20210212,104000,4,4,4,4,5550,0
MBF,5,20210212,104500,4,4,4,4,500,0
MBF,5,20210212,105000,4,4,4,4,260,0
MBF,5,20210212,105500,4,4,4,4,1873,0
MBF,5,20210212,110000,4,4.08,4,4.08,500,0
MBF,5,20210212,110500,3.92,3.92,3.92,3.92,374,0
MBF,5,20210212,111000,3.92,3.92,3.9,3.9,1683,0
MBF,5,20210212,112500,3.94,3.94,3.9,3.9,3056,0
MBF,5,20210212,113000,3.88,3.88,3.86,3.86,512,0
MBF,5,20210212,113500,3.94,3.94,3.94,3.94,53,0
MBF,5,20210212,115500,4,4,4,4,13,0
MBF,5,20210212,125000,3.94,3.94,3.9,3.9,644,0
MBF,5,20210212,130500,3.9,3.9,3.88,3.88,200,0
MBF,5,20210212,134500,3.88,3.88,3.86,3.86,500,0
MBF,5,20210212,141000,3.88,3.88,3.86,3.86,3123,0
MBF,5,20210212,141500,3.86,3.92,3.6,3.6,16772,0
MBF,5,20210212,142500,3.62,3.7,3.62,3.7,1120,0
MBF,5,20210212,144000,3.76,3.76,3.76,3.76,1644,0
MBF,5,20210212,144500,3.86,3.86,3.86,3.86,200,0
MBF,5,20210212,150000,3.7,3.7,3.7,3.7,500,0
MBF,5,20210212,151500,3.66,3.78,3.44,3.78,46799,0
MBF,5,20210212,152500,3.7,3.7,3.7,3.7,1251,0
MBF,5,20210212,154000,3.66,3.68,3.66,3.66,3200,0
MBF,5,20210212,154500,3.6,3.6,3.6,3.6,300,0
MBF,5,20210212,155000,3.64,3.64,3.56,3.56,1112,0
MBF,5,20210212,155500,3.66,3.66,3.66,3.66,2000,0
MBF,5,20210212,160000,3.54,3.62,3.54,3.62,10677,0
MBF,5,20210212,160500,3.6,3.6,3.6,3.6,1106,0
MBF,5,20210212,161000,3.6,3.6,3.6,3.6,1410,0
MBF,5,20210212,161500,3.62,3.62,3.62,3.62,476,0
MBF,5,20210212,162500,3.62,3.68,3.62,3.68,2147,0
MBF,5,20210212,163000,3.66,3.66,3.66,3.66,200,0
MBF,5,20210212,163500,3.66,3.68,3.66,3.68,150,0
MBF,5,20210212,164500,3.66,3.66,3.6,3.6,1165,0
MBF,5,20210215,090000,3.48,3.48,3.3,3.4,13576,0
MBF,5,20210215,090500,3.4,3.58,3.4,3.58,3150,0
MBF,5,20210215,091000,3.42,3.42,3.42,3.42,233,0
MBF,5,20210215,091500,3.56,3.6,3.56,3.6,1000,0
MBF,5,20210215,092500,3.42,3.42,3.42,3.42,666,0
MBF,5,20210215,093000,3.5,3.5,3.38,3.4,1600,0
MBF,5,20210215,093500,3.4,3.4,3.4,3.4,2000,0
MBF,5,20210215,094500,3.5,3.5,3.4,3.4,405,0
MBF,5,20210215,095500,3.4,3.4,3.4,3.4,400,0
MBF,5,20210215,100000,3.5,3.5,3.5,3.5,450,0
MBF,5,20210215,100500,3.5,3.52,3.5,3.52,450,0
MBF,5,20210215,102000,3.42,3.42,3.42,3.42,1,0
MBF,5,20210215,102500,3.42,3.42,3.42,3.42,199,0
MBF,5,20210215,105000,3.44,3.44,3.44,3.44,470,0
MBF,5,20210215,105500,3.52,3.54,3.52,3.54,800,0
MBF,5,20210215,110000,3.44,3.44,3.42,3.42,5695,0
MBF,5,20210215,112500,3.52,3.52,3.52,3.52,260,0
MBF,5,20210215,115000,3.44,3.44,3.44,3.44,130,0
MBF,5,20210215,120500,3.44,3.44,3.44,3.44,500,0
MBF,5,20210215,123000,3.44,3.44,3.42,3.42,2333,0
MBF,5,20210215,123500,3.42,3.42,3.42,3.42,1500,0
MBF,5,20210215,124000,3.52,3.52,3.48,3.5,5800,0
MBF,5,20210215,130500,3.42,3.42,3.42,3.42,1000,0
MBF,5,20210215,131000,3.42,3.42,3.42,3.42,170,0
MBF,5,20210215,131500,3.5,3.5,3.5,3.5,444,0
MBF,5,20210215,132500,3.5,3.5,3.5,3.5,256,0
MBF,5,20210215,134000,3.5,3.52,3.5,3.52,582,0
MBF,5,20210215,141000,3.42,3.42,3.42,3.42,390,0
MBF,5,20210215,141500,3.4,3.4,3.4,3.4,1367,0
MBF,5,20210215,152000,3.42,3.42,3.42,3.42,722,0
MBF,5,20210215,152500,3.4,3.4,3.4,3.4,1109,0
MBF,5,20210215,153500,3.38,3.38,3.32,3.32,9164,0
MBF,5,20210215,155000,3.42,3.42,3.42,3.42,1,0
MBF,5,20210215,160500,3.34,3.34,3.34,3.34,220,0
MBF,5,20210215,161000,3.34,3.34,3.32,3.32,1000,0
MBF,5,20210215,162000,3.34,3.34,3.34,3.34,4000,0
MBF,5,20210215,164500,3.36,3.42,3.34,3.42,1850,0
MBF,5,20210216,090500,3.36,3.36,3.3,3.3,699,0
MBF,5,20210216,091000,3.42,3.42,3.42,3.42,250,0
MBF,5,20210216,092500,3.34,3.34,3.32,3.32,1031,0
MBF,5,20210216,093000,3.3,3.3,3.3,3.3,3700,0
MBF,5,20210216,095500,3.4,3.4,3.3,3.3,2077,0
MBF,5,20210216,101000,3.32,3.32,3.32,3.32,595,0
MBF,5,20210216,101500,3.34,3.34,3.34,3.34,259,0
MBF,5,20210216,102000,3.32,3.32,3.32,3.32,799,0
MBF,5,20210216,134000,3.4,3.4,3.4,3.4,150,0
MBF,5,20210216,143000,3.34,3.34,3.34,3.34,150,0
MBF,5,20210216,145500,3.34,3.34,3.34,3.34,244,0
MBF,5,20210216,150000,3.34,3.34,3.34,3.34,278,0
MBF,5,20210216,150500,3.34,3.34,3.3,3.32,5500,0
MBF,5,20210216,154000,3.32,3.32,3.3,3.3,1938,0
MBF,5,20210216,155500,3.32,3.32,3.32,3.32,500,0
MBF,5,20210216,160000,3.34,3.34,3.34,3.34,69,0
MBF,5,20210216,160500,3.32,3.32,3.32,3.32,259,0
MBF,5,20210216,162000,3.32,3.32,3.32,3.32,241,0
MBF,5,20210216,162500,3.32,3.32,3.32,3.32,259,0
MBF,5,20210216,164500,3.3,3.3,3.3,3.3,3712,0
MBF,5,20210217,090000,3.28,3.28,3.28,3.28,2600,0
MBF,5,20210217,091500,3.28,3.28,3.26,3.26,2607,0
MBF,5,20210217,092000,3.26,3.26,3.26,3.26,305,0
MBF,5,20210217,092500,3.32,3.42,3.32,3.42,2000,0
MBF,5,20210217,093000,3.32,3.32,3.26,3.26,400,0
MBF,5,20210217,101500,3.36,3.36,3.36,3.36,45,0
MBF,5,20210217,103000,3.3,3.3,3.28,3.28,1000,0
MBF,5,20210217,110500,3.34,3.34,3.34,3.34,570,0
MBF,5,20210217,111000,3.34,3.34,3.34,3.34,13,0
MBF,5,20210217,112000,3.3,3.3,3.3,3.3,499,0
MBF,5,20210217,125500,3.34,3.34,3.34,3.34,83,0
MBF,5,20210217,133500,3.36,3.38,3.36,3.38,457,0
MBF,5,20210217,135000,3.38,3.4,3.38,3.4,909,0
MBF,5,20210217,135500,3.42,3.42,3.42,3.42,784,0
MBF,5,20210217,140000,3.4,3.4,3.4,3.4,292,0
MBF,5,20210217,150000,3.32,3.32,3.32,3.32,600,0
MBF,5,20210217,152500,3.32,3.32,3.32,3.32,300,0
MBF,5,20210217,153000,3.32,3.32,3.3,3.3,798,0
MBF,5,20210217,164500,3.36,3.36,3.36,3.36,301,0
MBF,5,20210218,100000,3.36,3.46,3.36,3.46,301,0
MBF,5,20210218,124500,3.4,3.4,3.4,3.4,23,0
MBF,5,20210218,151500,3.4,3.4,3.3,3.3,1400,0
MBF,5,20210218,153500,3.3,3.3,3.3,3.3,200,0
MBF,5,20210218,155500,3.3,3.3,3.3,3.3,190,0
MBF,5,20210218,161500,3.3,3.3,3.3,3.3,110,0
MBF,5,20210218,163500,3.4,3.4,3.4,3.4,50,0
MBF,5,20210219,090500,3.3,3.3,3.3,3.3,460,0
MBF,5,20210219,100500,3.3,3.3,3.12,3.12,15000,0
MBF,5,20210219,101000,3.18,3.2,3.18,3.2,300,0
MBF,5,20210219,102000,3.3,3.3,3.3,3.3,500,0
MBF,5,20210219,120500,3.34,3.34,3.34,3.34,500,0
MBF,5,20210219,122500,3.24,3.24,3.24,3.24,665,0
MBF,5,20210219,131000,3.32,3.32,3.32,3.32,300,0
MBF,5,20210219,144500,3.32,3.32,3.32,3.32,179,0
MBF,5,20210219,155000,3.34,3.34,3.34,3.34,366,0
MBF,5,20210219,163500,3.34,3.34,3.34,3.34,100,0
MBF,5,20210222,090000,3.32,3.32,3.24,3.24,301,0
MBF,5,20210222,093000,3.26,3.26,3.2,3.2,2131,0
MBF,5,20210222,093500,3.2,3.2,3.18,3.18,2700,0
MBF,5,20210222,094000,3.2,3.2,3.2,3.2,172,0
MBF,5,20210222,100500,3.22,3.22,3.22,3.22,330,0
MBF,5,20210222,102000,3.22,3.22,3.2,3.2,1550,0
MBF,5,20210222,102500,3.28,3.28,3.28,3.28,182,0
MBF,5,20210222,110000,3.3,3.3,3.28,3.3,2000,0
MBF,5,20210222,111500,3.24,3.24,3.24,3.24,350,0
MBF,5,20210222,113000,3.3,3.3,3.3,3.3,286,0
MBF,5,20210222,121000,3.24,3.24,3.22,3.22,600,0
MBF,5,20210222,131000,3.28,3.3,3.28,3.3,500,0
MBF,5,20210222,132000,3.28,3.28,3.28,3.28,500,0
MBF,5,20210222,132500,3.28,3.28,3.28,3.28,1,0
MBF,5,20210222,134000,3.28,3.28,3.28,3.28,100,0
MBF,5,20210222,143000,3.28,3.28,3.28,3.28,300,0
MBF,5,20210222,143500,3.26,3.26,3.26,3.26,99,0
MBF,5,20210222,144000,3.26,3.28,3.22,3.28,310,0
MBF,5,20210222,145500,3.22,3.22,3.22,3.22,350,0
MBF,5,20210222,155500,3.22,3.22,3.2,3.2,1000,0
MBF,5,20210222,164500,3.2,3.2,3.2,3.2,2500,0
MBF,5,20210223,090000,3.2,3.2,3.2,3.2,426,0
MBF,5,20210223,090500,3.16,3.16,3.16,3.16,100,0
MBF,5,20210223,091000,3.16,3.16,3.16,3.16,985,0
MBF,5,20210223,093000,3.16,3.16,3.16,3.16,835,0
MBF,5,20210223,103000,3.2,3.3,3.2,3.3,517,0
MBF,5,20210223,132000,3.2,3.2,3.2,3.2,666,0
MBF,5,20210223,155500,3.24,3.24,3.24,3.24,55,0
MBF,5,20210223,162500,3.18,3.18,3.18,3.18,160,0
MBF,5,20210223,163000,3.18,3.18,3.18,3.18,840,0
MBF,5,20210223,164500,3.32,3.32,3.32,3.32,12679,0
MBF,5,20210224,101000,3.38,3.46,3.38,3.46,3272,0
MBF,5,20210224,110500,3.3,3.3,3.3,3.3,1,0
MBF,5,20210224,124000,3.4,3.4,3.4,3.4,13850,0
MBF,5,20210224,125000,3.34,3.48,3.34,3.48,11000,0
MBF,5,20210224,130000,3.48,3.52,3.48,3.52,5000,0
MBF,5,20210224,130500,3.52,3.52,3.52,3.52,1840,0
MBF,5,20210224,135000,3.5,3.52,3.5,3.52,2919,0
MBF,5,20210224,141000,3.5,3.5,3.5,3.5,300,0
MBF,5,20210224,150500,3.48,3.5,3.48,3.5,800,0
MBF,5,20210224,151000,3.5,3.5,3.5,3.5,2580,0
MBF,5,20210224,151500,3.42,3.5,3.42,3.5,380,0
MBF,5,20210224,152000,3.5,3.52,3.5,3.52,2000,0
MBF,5,20210224,155500,3.44,3.52,3.44,3.52,500,0
MBF,5,20210224,160000,3.52,3.52,3.52,3.52,1000,0
MBF,5,20210224,161000,3.5,3.52,3.5,3.52,1000,0
MBF,5,20210224,162000,3.48,3.48,3.48,3.48,160,0
MBF,5,20210224,162500,3.48,3.54,3.48,3.54,1411,0
MBF,5,20210224,165500,3.54,3.54,3.54,3.54,6712,0
MBF,5,20210225,090000,3.58,3.58,3.58,3.58,5533,0
MBF,5,20210225,090500,3.46,3.46,3.46,3.46,800,0
MBF,5,20210225,092500,3.4,3.4,3.4,3.4,1000,0
MBF,5,20210225,094500,3.4,3.4,3.4,3.4,1000,0
MBF,5,20210225,101500,3.38,3.38,3.38,3.38,477,0
MBF,5,20210225,114000,3.48,3.56,3.48,3.56,14567,0
MBF,5,20210225,120000,3.42,3.42,3.42,3.42,23,0
MBF,5,20210225,120500,3.54,3.54,3.54,3.54,300,0
MBF,5,20210225,150000,3.56,3.6,3.56,3.6,10000,0
MBF,5,20210225,152000,3.6,3.62,3.6,3.62,6000,0
MBF,5,20210225,152500,3.62,3.62,3.62,3.62,1000,0
MBF,5,20210225,153000,3.62,3.62,3.62,3.62,730,0
MBF,5,20210225,153500,3.62,3.62,3.62,3.62,800,0
MBF,5,20210226,090000,3.5,3.5,3.34,3.34,899,0
MBF,5,20210226,091500,3.36,3.36,3.36,3.36,271,0
MBF,5,20210226,092000,3.36,3.36,3.36,3.36,250,0
MBF,5,20210226,094000,3.4,3.4,3.4,3.4,84,0
MBF,5,20210226,095000,3.4,3.46,3.4,3.44,3704,0
MBF,5,20210226,095500,3.44,3.44,3.42,3.42,501,0
MBF,5,20210226,104500,3.46,3.48,3.46,3.48,2000,0
MBF,5,20210226,105000,3.42,3.42,3.42,3.42,1,0
MBF,5,20210226,113500,3.46,3.46,3.4,3.4,500,0
MBF,5,20210226,114500,3.4,3.4,3.4,3.4,199,0
MBF,5,20210226,115000,3.36,3.36,3.36,3.36,49,0
MBF,5,20210226,125500,3.44,3.44,3.44,3.44,290,0
MBF,5,20210226,132000,3.44,3.44,3.44,3.44,150,0
MBF,5,20210226,135000,3.4,3.4,3.4,3.4,295,0
MBF,5,20210226,140000,3.4,3.5,3.4,3.5,15661,0
MBF,5,20210226,141000,3.4,3.4,3.4,3.4,200,0
MBF,5,20210226,141500,3.4,3.4,3.34,3.34,600,0
MBF,5,20210226,143500,3.44,3.44,3.44,3.44,500,0
MBF,5,20210226,144500,3.46,3.48,3.46,3.48,800,0
MBF,5,20210226,151000,3.46,3.46,3.46,3.46,4,0
MBF,5,20210226,154500,3.4,3.4,3.34,3.34,2000,0
MBF,5,20210226,155000,3.46,3.48,3.44,3.46,2590,0
MBF,5,20210226,160000,3.48,3.54,3.48,3.54,3000,0
MBF,5,20210301,095500,3.5,3.5,3.5,3.5,50,0
MBF,5,20210302,093000,3.32,3.32,3.32,3.32,1300,0
MBF,5,20210302,093500,3.32,3.32,3.32,3.32,89,0
MBF,5,20210302,094000,3.32,3.32,3.32,3.32,31,0
MBF,5,20210302,110000,3.4,3.4,3.4,3.4,100,0
MBF,5,20210302,152500,3.4,3.4,3.4,3.4,2000,0
MBF,5,20210302,153000,3.4,3.5,3.4,3.5,1000,0
MBF,5,20210303,091500,3.3,3.3,3.3,3.3,600,0
MBF,5,20210303,093000,3.36,3.36,3.26,3.3,3327,0
MBF,5,20210303,105000,3.36,3.36,3.3,3.3,2534,0
MBF,5,20210303,110500,3.3,3.3,3.3,3.3,3236,0
MBF,5,20210303,120000,3.3,3.3,3.26,3.26,623,0
MBF,5,20210303,122000,3.3,3.3,3.3,3.3,160,0
MBF,5,20210303,123500,3.3,3.3,3.3,3.3,280,0
MBF,5,20210303,142500,3.3,3.3,3.3,3.3,394,0
MBF,5,20210303,145000,3.3,3.3,3.3,3.3,600,0
MBF,5,20210303,164500,3.38,3.38,3.38,3.38,10,0
MBF,5,20210304,101500,3.3,3.3,3.3,3.3,100,0
MBF,5,20210304,102500,3.3,3.3,3.22,3.22,2670,0
MBF,5,20210304,110500,3.24,3.24,3.22,3.22,500,0
MBF,5,20210304,111500,3.3,3.3,3.3,3.3,160,0
MBF,5,20210304,112000,3.3,3.3,3.3,3.3,438,0
MBF,5,20210304,125500,3.36,3.36,3.36,3.36,185,0
MBF,5,20210304,153000,3.26,3.26,3.2,3.2,2000,0
MBF,5,20210304,155000,3.22,3.36,3.2,3.36,1030,0
MBF,5,20210305,090000,3.2,3.2,3.2,3.2,1000,0
MBF,5,20210305,095000,3.26,3.26,3.26,3.26,650,0
MBF,5,20210305,095500,3.2,3.2,3.2,3.2,1900,0
MBF,5,20210305,102500,3.22,3.22,3.2,3.2,1502,0
MBF,5,20210305,110000,3.24,3.24,3.22,3.22,988,0
MBF,5,20210305,110500,3.2,3.2,3.2,3.2,821,0
MBF,5,20210305,122000,3.22,3.22,3.22,3.22,12,0
MBF,5,20210305,122500,3.22,3.22,3.22,3.22,650,0
MBF,5,20210305,124000,3.22,3.22,3.22,3.22,75,0
MBF,5,20210305,132000,3.3,3.3,3.3,3.3,666,0
MBF,5,20210305,152500,3.32,3.32,3.32,3.32,105,0
MBF,5,20210305,153000,3.28,3.28,3.22,3.22,250,0
MBF,5,20210305,162000,3.24,3.24,3.24,3.24,600,0
MBF,5,20210305,164500,3.3,3.34,3.3,3.34,2763,0
MBF,5,20210308,100000,3.26,3.26,3.26,3.26,300,0
MBF,5,20210308,101000,3.3,3.34,3.3,3.34,4044,0
MBF,5,20210308,101500,3.36,3.36,3.36,3.36,471,0
MBF,5,20210308,104000,3.38,3.38,3.38,3.38,11,0
MBF,5,20210308,144000,3.38,3.4,3.38,3.4,610,0
MBF,5,20210308,163500,3.36,3.36,3.36,3.36,956,0
MBF,5,20210308,164000,3.36,3.36,3.36,3.36,798,0
MBF,5,20210308,164500,3.34,3.34,3.34,3.34,1100,0
MBF,5,20210309,091500,3.42,3.42,3.42,3.42,1,0
MBF,5,20210309,094000,3.36,3.36,3.36,3.36,239,0
MBF,5,20210309,101500,3.36,3.36,3.36,3.36,150,0
MBF,5,20210309,102500,3.36,3.36,3.36,3.36,400,0
MBF,5,20210309,104500,3.36,3.36,3.36,3.36,1000,0
MBF,5,20210309,110500,3.32,3.32,3.32,3.32,90,0
MBF,5,20210309,112000,3.4,3.48,3.4,3.48,2000,0
MBF,5,20210309,113000,3.44,3.44,3.44,3.44,610,0
MBF,5,20210309,113500,3.44,3.44,3.44,3.44,600,0
MBF,5,20210309,114000,3.48,3.48,3.48,3.48,13,0
MBF,5,20210309,114500,3.46,3.6,3.46,3.6,3500,0
MBF,5,20210309,115500,3.58,3.6,3.58,3.6,2000,0
MBF,5,20210309,121000,3.5,3.5,3.5,3.5,545,0
MBF,5,20210309,121500,3.5,3.5,3.5,3.5,105,0
MBF,5,20210309,122500,3.5,3.5,3.5,3.5,67,0
MBF,5,20210309,131000,3.5,3.5,3.34,3.34,1500,0
MBF,5,20210309,131500,3.54,3.54,3.54,3.54,56,0
MBF,5,20210309,143500,3.38,3.38,3.36,3.36,800,0
MBF,5,20210309,150000,3.5,3.54,3.5,3.54,355,0
MBF,5,20210309,151500,3.52,3.52,3.52,3.52,100,0
MBF,5,20210309,152000,3.5,3.5,3.5,3.5,736,0
MBF,5,20210309,152500,3.5,3.52,3.5,3.52,4330,0
MBF,5,20210309,153000,3.52,3.54,3.52,3.54,1384,0
MBF,5,20210309,153500,3.54,3.54,3.54,3.54,1969,0
MBF,5,20210309,154000,3.54,3.54,3.54,3.54,344,0
MBF,5,20210309,162000,3.54,3.54,3.54,3.54,2165,0
MBF,5,20210309,163000,3.54,3.54,3.54,3.54,324,0
MBF,5,20210309,164000,3.52,3.54,3.52,3.54,482,0
MBF,5,20210310,090000,3.54,3.56,3.54,3.56,3802,0
MBF,5,20210310,092000,3.56,3.58,3.56,3.58,25,0
MBF,5,20210310,092500,3.58,3.58,3.58,3.58,971,0
MBF,5,20210310,093000,3.6,3.6,3.6,3.6,10,0
MBF,5,20210310,094500,3.58,3.58,3.58,3.58,10,0
MBF,5,20210310,100000,3.58,3.6,3.58,3.6,200,0
MBF,5,20210310,101500,3.6,3.6,3.6,3.6,85,0
MBF,5,20210310,110500,3.48,3.48,3.48,3.48,50,0
MBF,5,20210310,111000,3.48,3.48,3.48,3.48,800,0
MBF,5,20210310,115000,3.54,3.54,3.54,3.54,1,0
MBF,5,20210310,123500,3.56,3.6,3.56,3.6,2798,0
MBF,5,20210310,124000,3.6,3.6,3.6,3.6,1202,0
MBF,5,20210310,142000,3.58,3.62,3.58,3.62,1939,0
MBF,5,20210310,143500,3.5,3.5,3.5,3.5,1000,0
MBF,5,20210310,144000,3.5,3.5,3.5,3.5,1139,0
MBF,5,20210310,145000,3.62,3.62,3.62,3.62,1,0
MBF,5,20210310,152500,3.6,3.64,3.6,3.64,3000,0
MBF,5,20210310,160000,3.52,3.52,3.52,3.52,345,0
MBF,5,20210310,161500,3.52,3.52,3.52,3.52,755,0
MBF,5,20210310,162000,3.6,3.6,3.6,3.6,20,0
MBF,5,20210310,164500,3.6,3.6,3.6,3.6,800,0
MBF,5,20210311,090000,3.6,3.76,3.6,3.76,13570,0
MBF,5,20210311,090500,3.78,3.86,3.78,3.84,13850,0
MBF,5,20210311,091000,3.8,3.8,3.68,3.68,3191,0
MBF,5,20210311,091500,3.64,3.8,3.64,3.8,6029,0
MBF,5,20210311,092000,3.72,3.82,3.72,3.82,2231,0
MBF,5,20210311,092500,3.84,4,3.84,3.98,25026,0
MBF,5,20210311,093000,3.96,3.98,3.94,3.98,5472,0
MBF,5,20210311,093500,3.94,3.94,3.76,3.76,7343,0
MBF,5,20210311,094000,3.94,3.96,3.82,3.82,3690,0
MBF,5,20210311,094500,3.86,3.86,3.86,3.86,100,0
MBF,5,20210311,095000,3.92,3.92,3.84,3.92,1414,0
MBF,5,20210311,095500,3.92,3.92,3.92,3.92,270,0
MBF,5,20210311,100000,3.92,4,3.92,4,9848,0
MBF,5,20210311,100500,4,4,3.92,3.92,3583,0
MBF,5,20210311,101000,3.9,3.98,3.88,3.9,4815,0
MBF,5,20210311,101500,3.9,3.98,3.9,3.96,1821,0
MBF,5,20210311,102000,3.9,3.98,3.86,3.98,3595,0
MBF,5,20210311,102500,3.96,3.96,3.96,3.96,128,0
MBF,5,20210311,103000,3.96,3.96,3.96,3.96,40,0
MBF,5,20210311,103500,3.96,3.96,3.96,3.96,1232,0
MBF,5,20210311,104000,3.88,3.88,3.88,3.88,430,0
MBF,5,20210311,105000,3.92,3.94,3.92,3.94,172,0
MBF,5,20210311,105500,3.94,3.94,3.86,3.94,3652,0
MBF,5,20210311,110500,3.92,3.92,3.78,3.8,12009,0
MBF,5,20210311,111000,3.8,3.9,3.8,3.9,1338,0
MBF,5,20210311,111500,3.9,3.9,3.9,3.9,766,0
MBF,5,20210311,112500,3.8,3.8,3.8,3.8,2842,0
MBF,5,20210311,113000,3.8,3.9,3.8,3.8,751,0
MBF,5,20210311,114000,3.8,3.8,3.8,3.8,1000,0
MBF,5,20210311,114500,3.88,3.9,3.88,3.9,500,0
MBF,5,20210311,115000,3.8,3.8,3.8,3.8,300,0
MBF,5,20210311,121000,3.8,3.8,3.8,3.8,732,0
MBF,5,20210311,121500,3.8,3.9,3.8,3.9,16,0
MBF,5,20210311,123000,3.9,3.9,3.9,3.9,372,0
MBF,5,20210311,123500,3.88,3.88,3.88,3.88,275,0
MBF,5,20210311,124500,3.88,3.88,3.88,3.88,58,0
MBF,5,20210311,125000,3.88,3.88,3.8,3.8,1181,0
MBF,5,20210311,130500,3.88,3.88,3.88,3.88,764,0
MBF,5,20210311,131000,3.88,3.88,3.88,3.88,736,0
MBF,5,20210311,131500,3.78,3.78,3.78,3.78,1053,0
MBF,5,20210311,133000,3.76,3.76,3.76,3.76,950,0
MBF,5,20210311,133500,3.86,3.86,3.86,3.86,14,0
MBF,5,20210311,135000,3.76,3.76,3.76,3.76,150,0
MBF,5,20210311,135500,3.76,3.76,3.76,3.76,969,0
MBF,5,20210311,140000,3.76,3.88,3.76,3.88,1051,0
MBF,5,20210311,141500,3.86,3.86,3.86,3.86,812,0
MBF,5,20210311,142000,3.86,4.06,3.86,4.06,51861,0
MBF,5,20210311,142500,4.08,4.2,4.08,4.18,15724,0
MBF,5,20210311,143000,4.18,4.18,4.06,4.06,3124,0
MBF,5,20210311,143500,4.02,4.2,4,4.2,13386,0
MBF,5,20210311,144000,4.2,4.2,4.06,4.06,750,0
MBF,5,20210311,144500,4.06,4.06,4.06,4.06,2,0
MBF,5,20210311,145000,4.16,4.32,4.06,4.32,35082,0
MBF,5,20210311,150500,4.4,4.4,4.4,4.4,11059,0
MBF,5,20210311,151000,4.4,4.58,4.4,4.44,14952,0
MBF,5,20210311,151500,4.48,4.48,4.32,4.36,5969,0
MBF,5,20210311,152000,4.44,4.44,4.24,4.24,11584,0
MBF,5,20210311,152500,4.24,4.32,4.24,4.26,3896,0
MBF,5,20210311,153000,4.3,4.42,4.28,4.42,13517,0
MBF,5,20210311,153500,4.42,4.42,4.36,4.42,5191,0
MBF,5,20210311,154000,4.3,4.36,4.3,4.36,2225,0
MBF,5,20210311,154500,4.26,4.4,4.22,4.4,4449,0
MBF,5,20210311,155000,4.38,4.38,4.3,4.38,4004,0
MBF,5,20210311,155500,4.38,4.38,4.18,4.3,11717,0
MBF,5,20210311,160000,4.28,4.28,4.2,4.28,2767,0
MBF,5,20210311,160500,4.2,4.2,4.18,4.18,575,0
MBF,5,20210311,161000,4.26,4.28,4.26,4.28,2703,0
MBF,5,20210311,161500,4.2,4.2,4.2,4.2,1200,0
MBF,5,20210311,162000,4.2,4.2,4.18,4.2,1587,0
MBF,5,20210311,162500,4.22,4.3,4.22,4.3,428,0
MBF,5,20210311,163000,4.22,4.22,4.22,4.22,284,0
MBF,5,20210311,163500,4.2,4.2,3.96,4.1,33908,0
MBF,5,20210311,164000,4,4.1,3.96,3.96,1595,0
MBF,5,20210311,164500,3.96,4.08,3.96,3.96,12564,0
MBF,5,20210312,090000,3.98,4.06,3.96,4.06,13464,0
MBF,5,20210312,090500,4,4.06,4,4.06,5589,0
MBF,5,20210312,091000,3.96,3.96,3.9,3.9,1398,0
MBF,5,20210312,091500,3.9,3.9,3.86,3.86,810,0
MBF,5,20210312,092000,3.86,3.9,3.86,3.9,1673,0
MBF,5,20210312,093500,3.88,3.88,3.74,3.88,8888,0
MBF,5,20210312,094000,3.78,3.78,3.78,3.78,265,0
MBF,5,20210312,094500,3.88,3.94,3.88,3.9,4347,0
MBF,5,20210312,095000,3.9,4.06,3.76,3.98,19105,0
MBF,5,20210312,095500,3.98,3.98,3.98,3.98,1999,0
MBF,5,20210312,100000,3.9,3.98,3.9,3.98,1106,0
MBF,5,20210312,100500,3.98,3.98,3.98,3.98,345,0
MBF,5,20210312,101000,3.94,3.94,3.9,3.9,905,0
MBF,5,20210312,101500,3.9,3.9,3.9,3.9,576,0
MBF,5,20210312,102000,3.9,3.9,3.9,3.9,20,0
MBF,5,20210312,102500,3.9,3.94,3.88,3.94,1163,0
MBF,5,20210312,103000,3.82,3.82,3.82,3.82,200,0
MBF,5,20210312,104000,3.9,3.98,3.9,3.98,2000,0
MBF,5,20210312,105500,3.86,3.98,3.84,3.98,1403,0
MBF,5,20210312,110000,3.94,3.96,3.94,3.96,1737,0
MBF,5,20210312,110500,3.96,4.04,3.88,4.04,6676,0
MBF,5,20210312,111000,4.04,4.04,4.04,4.04,200,0
MBF,5,20210312,111500,4.1,4.14,4,4.14,398,0
MBF,5,20210312,112000,4.1,4.1,4.1,4.1,99,0
MBF,5,20210312,112500,4.1,4.1,4.1,4.1,801,0
MBF,5,20210312,115500,4,4.1,3.9,4.1,5306,0
MBF,5,20210312,120000,4.08,4.1,4.08,4.1,386,0
MBF,5,20210312,121500,4,4.1,4,4.1,1153,0
MBF,5,20210312,123500,3.9,3.9,3.9,3.9,812,0
MBF,5,20210312,124000,3.92,3.92,3.9,3.9,1359,0
MBF,5,20210312,125500,3.9,3.9,3.9,3.9,150,0
MBF,5,20210312,130500,3.9,3.9,3.9,3.9,1057,0
MBF,5,20210312,132000,3.96,3.96,3.82,3.82,1000,0
MBF,5,20210312,132500,3.82,3.82,3.8,3.8,1000,0
MBF,5,20210312,133000,3.8,3.8,3.78,3.78,131,0
MBF,5,20210312,133500,3.88,3.88,3.88,3.88,262,0
MBF,5,20210312,134000,3.82,3.82,3.82,3.82,100,0
MBF,5,20210312,140000,3.86,3.96,3.86,3.96,1670,0
MBF,5,20210312,150500,3.94,3.96,3.94,3.96,540,0
MBF,5,20210312,152500,3.84,3.96,3.82,3.96,2149,0
MBF,5,20210312,153000,3.96,3.96,3.82,3.82,521,0
MBF,5,20210312,153500,3.88,3.88,3.88,3.88,58,0
MBF,5,20210312,154000,3.82,3.82,3.8,3.8,2000,0
MBF,5,20210312,155500,3.88,3.88,3.88,3.88,204,0
MBF,5,20210312,161500,3.82,3.82,3.82,3.82,200,0
MBF,5,20210312,162000,3.82,3.82,3.72,3.72,3184,0
MBF,5,20210312,162500,3.74,3.74,3.72,3.72,732,0
MBF,5,20210312,163000,3.76,3.76,3.7,3.7,5140,0
MBF,5,20210312,163500,3.8,3.8,3.8,3.8,199,0
MBF,5,20210312,164000,3.72,3.72,3.64,3.64,6027,0
MBF,5,20210312,164500,3.74,3.74,3.74,3.74,1000,0
MBF,5,20210315,090000,3.78,3.78,3.78,3.78,22,0
MBF,5,20210315,090500,3.8,3.8,3.8,3.8,300,0
MBF,5,20210315,091500,3.8,3.8,3.8,3.8,500,0
MBF,5,20210315,093500,3.8,3.8,3.8,3.8,135,0
MBF,5,20210315,094500,3.8,3.8,3.8,3.8,1,0
MBF,5,20210315,101000,3.74,3.74,3.74,3.74,500,0
MBF,5,20210315,102500,3.74,3.88,3.74,3.88,5000,0
MBF,5,20210315,104000,3.94,3.94,3.88,3.88,100,0
MBF,5,20210315,111500,3.88,3.88,3.88,3.88,393,0
MBF,5,20210315,112000,3.88,3.88,3.88,3.88,56,0
MBF,5,20210315,112500,3.88,3.88,3.88,3.88,44,0
MBF,5,20210315,113000,3.86,3.86,3.84,3.84,250,0
MBF,5,20210315,113500,3.9,3.9,3.9,3.9,400,0
MBF,5,20210315,122500,3.92,3.92,3.92,3.92,60,0
MBF,5,20210315,123000,3.9,3.9,3.9,3.9,240,0
MBF,5,20210315,124000,3.9,3.9,3.9,3.9,145,0
MBF,5,20210315,125000,3.92,3.92,3.92,3.92,100,0
MBF,5,20210315,130000,3.92,3.92,3.92,3.92,116,0
MBF,5,20210315,130500,3.9,3.9,3.9,3.9,381,0
MBF,5,20210315,131500,3.84,3.84,3.7,3.7,3163,0
MBF,5,20210315,132000,3.9,3.92,3.9,3.9,2200,0
MBF,5,20210315,132500,3.88,3.9,3.88,3.9,746,0
MBF,5,20210315,133500,3.74,3.92,3.74,3.92,1522,0
MBF,5,20210315,134500,3.9,3.94,3.9,3.94,2000,0
MBF,5,20210315,135000,3.94,3.98,3.94,3.98,1534,0
MBF,5,20210315,140000,4.04,4.1,4.04,4.1,601,0
MBF,5,20210315,141500,4.06,4.06,4.06,4.06,190,0
MBF,5,20210315,142500,4.06,4.06,4.06,4.06,810,0
MBF,5,20210315,143000,4.06,4.06,4.06,4.06,353,0
MBF,5,20210315,143500,4.06,4.06,4.06,4.06,900,0
MBF,5,20210315,144000,4,4.02,4,4.02,885,0
MBF,5,20210315,145000,3.94,4,3.82,4,315,0
MBF,5,20210315,162000,3.94,3.94,3.94,3.94,500,0
MBF,5,20210315,162500,3.82,3.82,3.82,3.82,203,0
MBF,5,20210315,164500,3.9,3.9,3.9,3.9,600,0
MBF,5,20210316,090000,4.04,4.1,4.04,4.1,2670,0
MBF,5,20210316,090500,4,4,4,4,258,0
MBF,5,20210316,091000,4,4.08,4,4.08,250,0
MBF,5,20210316,091500,4.08,4.08,4.08,4.08,5,0
MBF,5,20210316,092500,4,4.02,4,4.02,800,0
MBF,5,20210316,093500,4,4.02,4,4.02,700,0
MBF,5,20210316,094000,3.9,3.9,3.9,3.9,1422,0
MBF,5,20210316,094500,3.9,3.9,3.8,3.8,3063,0
MBF,5,20210316,095500,3.88,3.88,3.88,3.88,262,0
MBF,5,20210316,101000,3.88,3.88,3.88,3.88,128,0
MBF,5,20210316,102000,3.88,3.88,3.88,3.88,500,0
MBF,5,20210316,102500,3.88,3.88,3.88,3.88,2882,0
MBF,5,20210316,103000,3.88,3.98,3.88,3.98,1529,0
MBF,5,20210316,103500,3.86,3.86,3.84,3.84,260,0
MBF,5,20210316,105500,3.94,4,3.94,4,5000,0
MBF,5,20210316,111000,3.9,3.9,3.86,3.86,500,0
MBF,5,20210316,111500,3.98,3.98,3.98,3.98,50,0
MBF,5,20210316,112000,3.9,3.9,3.8,3.8,3000,0
MBF,5,20210316,112500,3.88,3.88,3.88,3.88,1,0
MBF,5,20210316,113500,3.88,3.88,3.88,3.88,261,0
MBF,5,20210316,115500,3.96,4.1,3.96,4.1,15000,0
MBF,5,20210316,120000,4,4,4,4,150,0
MBF,5,20210316,120500,4,4,4,4,100,0
MBF,5,20210316,121000,4,4.1,4,4.1,6909,0
MBF,5,20210316,121500,4.1,4.1,4.1,4.1,777,0
MBF,5,20210316,122000,4.1,4.24,4.1,4.2,10673,0
MBF,5,20210316,122500,4.1,4.24,4.1,4.24,2648,0
MBF,5,20210316,123500,4.06,4.2,4.06,4.2,1950,0
MBF,5,20210316,124000,4.2,4.32,4.2,4.32,14017,0
MBF,5,20210316,124500,4.34,4.34,4.34,4.34,1842,0
MBF,5,20210316,125000,4.34,4.46,4.34,4.38,11453,0
MBF,5,20210316,130000,4.38,4.38,4.38,4.38,1000,0
MBF,5,20210316,130500,4.3,4.3,4.26,4.28,2986,0
MBF,5,20210316,131000,4.28,4.46,4.28,4.44,3313,0
MBF,5,20210316,131500,4.42,4.42,4.42,4.42,80,0
MBF,5,20210316,133000,4.32,4.44,4.3,4.44,5234,0
MBF,5,20210316,134000,4.46,4.46,4.46,4.46,2172,0
MBF,5,20210316,134500,4.46,4.48,4.46,4.48,764,0
MBF,5,20210316,135500,4.46,4.48,4.36,4.48,1263,0
MBF,5,20210316,140500,4.48,4.58,4.48,4.54,9789,0
MBF,5,20210316,141000,4.56,4.74,4.56,4.74,13228,0
MBF,5,20210316,141500,4.7,4.7,4.48,4.6,7297,0
MBF,5,20210316,142000,4.6,4.6,4.48,4.48,850,0
MBF,5,20210316,142500,4.64,4.64,4.64,4.64,200,0
MBF,5,20210316,143000,4.64,4.68,4.52,4.52,1287,0
MBF,5,20210316,143500,4.6,4.6,4.6,4.6,650,0
MBF,5,20210316,144000,4.68,4.7,4.68,4.7,1973,0
MBF,5,20210316,144500,4.5,4.6,4.5,4.5,9775,0
MBF,5,20210316,145000,4.6,4.66,4.6,4.62,1766,0
MBF,5,20210316,145500,4.48,4.48,4.4,4.4,4621,0
MBF,5,20210316,150000,4.4,4.58,4.4,4.42,600,0
MBF,5,20210316,150500,4.52,4.56,4.52,4.56,1065,0
MBF,5,20210316,151000,4.44,4.44,4.42,4.42,2164,0
MBF,5,20210316,151500,4.42,4.42,4.42,4.42,304,0
MBF,5,20210316,152000,4.44,4.46,4.38,4.46,8340,0
MBF,5,20210316,152500,4.46,4.46,4.2,4.4,5727,0
MBF,5,20210316,153500,4.4,4.4,4.4,4.4,525,0
MBF,5,20210316,154000,4.38,4.38,4.38,4.38,705,0
MBF,5,20210316,155000,4.38,4.4,4.38,4.4,254,0
MBF,5,20210316,160500,4.38,4.38,4.26,4.26,1323,0
MBF,5,20210316,161500,4.24,4.24,4.22,4.22,1924,0
MBF,5,20210316,162000,4.2,4.2,4.12,4.12,4751,0
MBF,5,20210316,162500,4.12,4.12,4.1,4.12,4033,0
MBF,5,20210316,163000,4.12,4.38,4.12,4.38,7862,0
MBF,5,20210316,163500,4.12,4.12,4.12,4.12,357,0
MBF,5,20210316,164000,4.2,4.2,4.2,4.2,1000,0
MBF,5,20210316,164500,4.14,4.2,4.14,4.2,2993,0
MBF,5,20210317,090000,4.4,4.42,4.12,4.16,10921,0
MBF,5,20210317,090500,4.16,4.2,4.16,4.16,1547,0
MBF,5,20210317,091000,4.16,4.16,4.16,4.16,1878,0
MBF,5,20210317,091500,4.12,4.12,4.1,4.1,1480,0
MBF,5,20210317,092000,4.1,4.18,4.1,4.1,1419,0
MBF,5,20210317,092500,4.18,4.18,4.18,4.18,1,0
MBF,5,20210317,093500,4.1,4.1,4.1,4.1,190,0
MBF,5,20210317,094000,4.1,4.18,4.1,4.18,151,0
MBF,5,20210317,094500,4.18,4.24,4.1,4.1,1700,0
MBF,5,20210317,100000,4.12,4.12,4.12,4.12,1122,0
MBF,5,20210317,101000,4.12,4.12,4.12,4.12,1000,0
MBF,5,20210317,102000,4.12,4.12,4.12,4.12,963,0
MBF,5,20210317,103500,4.12,4.12,4,4,4406,0
MBF,5,20210317,110000,4,4,4,4,2705,0
MBF,5,20210317,110500,4,4,4,4,4462,0
MBF,5,20210317,112000,4,4,4,4,1250,0
MBF,5,20210317,112500,4,4,4,4,900,0
MBF,5,20210317,113000,4.1,4.4,4.1,4.4,5000,0
MBF,5,20210317,114000,4.26,4.26,4.04,4.04,616,0
MBF,5,20210317,121000,4.1,4.1,4.1,4.1,350,0
MBF,5,20210317,122000,4.2,4.28,4.2,4.28,6660,0
MBF,5,20210317,123500,4.12,4.12,4.1,4.1,593,0
MBF,5,20210317,131500,4.1,4.1,4.06,4.06,1000,0
MBF,5,20210317,140500,4.06,4.06,4.04,4.04,330,0
MBF,5,20210317,143500,4.04,4.04,4.04,4.04,2350,0
MBF,5,20210317,144500,4.04,4.04,4.02,4.02,117,0
MBF,5,20210317,153500,4.18,4.18,4.18,4.18,1,0
MBF,5,20210317,164500,4.12,4.12,4.12,4.12,32,0
MBF,5,20210317,165500,4.1,4.1,4.1,4.1,1418,0
MBF,5,20210318,090000,4,4,4,4,1235,0
MBF,5,20210318,091500,4.08,4.18,4.08,4.18,1262,0
MBF,5,20210318,092000,4.02,4.02,4,4,1100,0
MBF,5,20210318,093500,4.08,4.14,4.08,4.14,361,0
MBF,5,20210318,094000,4,4,4,4,1000,0
MBF,5,20210318,094500,4.14,4.14,4.14,4.14,1204,0
MBF,5,20210318,095500,4.04,4.04,4.04,4.04,700,0
MBF,5,20210318,100000,4.04,4.04,4.04,4.04,300,0
MBF,5,20210318,101000,4.1,4.1,4.1,4.1,122,0
MBF,5,20210318,101500,4,4,4,4,605,0
MBF,5,20210318,102500,4,4,4,4,249,0
MBF,5,20210318,103500,4.08,4.2,4.08,4.2,19034,0
MBF,5,20210318,104000,4.2,4.26,4.14,4.18,15356,0
MBF,5,20210318,104500,4.16,4.28,4.16,4.26,8121,0
MBF,5,20210318,105000,4.28,4.4,4.28,4.38,10265,0
MBF,5,20210318,105500,4.28,4.28,4.24,4.24,520,0
MBF,5,20210318,110000,4.26,4.26,4.26,4.26,400,0
MBF,5,20210318,110500,4.28,4.36,4.28,4.36,900,0
MBF,5,20210318,111000,4.26,4.3,4.26,4.3,500,0
MBF,5,20210318,111500,4.36,4.36,4.2,4.2,9145,0
MBF,5,20210318,112000,4.2,4.2,4.2,4.2,331,0
MBF,5,20210318,112500,4.2,4.2,4.2,4.2,820,0
MBF,5,20210318,113000,4.32,4.52,4.32,4.52,12974,0
MBF,5,20210318,114000,4.46,4.5,4.46,4.5,2450,0
MBF,5,20210318,115000,4.4,4.5,4.4,4.48,1637,0
MBF,5,20210318,115500,4.42,4.42,4.4,4.4,1065,0
MBF,5,20210318,120000,4.4,4.4,4.34,4.34,193,0
MBF,5,20210318,120500,4.4,4.48,4.4,4.48,913,0
MBF,5,20210318,121000,4.4,4.4,4.4,4.4,30,0
MBF,5,20210318,122000,4.36,4.44,4.24,4.44,5141,0
MBF,5,20210318,122500,4.44,4.44,4.44,4.44,179,0
MBF,5,20210318,124000,4.36,4.36,4.3,4.3,1450,0
MBF,5,20210318,125000,4.4,4.4,4.4,4.4,240,0
MBF,5,20210318,130500,4.4,4.4,4.4,4.4,250,0
MBF,5,20210318,131000,4.4,4.4,4.4,4.4,500,0
MBF,5,20210318,131500,4.4,4.42,4.4,4.4,2433,0
MBF,5,20210318,133500,4.34,4.34,4.32,4.32,1000,0
MBF,5,20210318,135500,4.32,4.32,4.3,4.3,500,0
MBF,5,20210318,142500,4.3,4.3,4.26,4.26,1448,0
MBF,5,20210318,144000,4.26,4.26,4.24,4.24,800,0
MBF,5,20210318,144500,4.34,4.42,4.34,4.42,4120,0
MBF,5,20210318,145000,4.4,4.56,4.32,4.54,8123,0
MBF,5,20210318,150500,4.5,4.52,4.5,4.52,2350,0
MBF,5,20210318,151000,4.5,4.5,4.5,4.5,1200,0
MBF,5,20210318,151500,4.5,4.5,4.5,4.5,223,0
MBF,5,20210318,152000,4.42,4.42,4.42,4.42,300,0
MBF,5,20210318,153000,4.42,4.42,4.4,4.4,513,0
MBF,5,20210318,160500,4.36,4.36,4.36,4.36,504,0
MBF,5,20210318,161500,4.36,4.36,4.32,4.32,2050,0
MBF,5,20210318,162500,4.38,4.38,4.38,4.38,195,0
MBF,5,20210318,163000,4.38,4.48,4.38,4.48,1046,0
MBF,5,20210318,164500,4.46,4.46,4.38,4.38,1089,0
MBF,5,20210319,090000,4.54,4.54,4.52,4.52,2364,0
MBF,5,20210319,090500,4.32,4.32,4.32,4.32,130,0
MBF,5,20210319,092500,4.32,4.32,4.32,4.32,50,0
MBF,5,20210319,093000,4.46,4.48,4.46,4.48,335,0
MBF,5,20210319,093500,4.46,4.46,4.46,4.46,109,0
MBF,5,20210319,094500,4.46,4.46,4.46,4.46,24,0
MBF,5,20210319,100000,4.36,4.36,4.3,4.3,2000,0
MBF,5,20210319,100500,4.3,4.3,4.3,4.3,1670,0
MBF,5,20210319,103500,4.3,4.3,4.3,4.3,700,0
MBF,5,20210319,104000,4.26,4.26,4.22,4.22,1000,0
MBF,5,20210319,111500,4.32,4.32,4.32,4.32,120,0
MBF,5,20210319,112000,4.32,4.32,4.32,4.32,246,0
MBF,5,20210319,112500,4.32,4.38,4.32,4.38,577,0
MBF,5,20210319,113000,4.4,4.4,4.4,4.4,468,0
MBF,5,20210319,121000,4.4,4.4,4.4,4.4,910,0
MBF,5,20210319,123000,4.32,4.32,4.32,4.32,53,0
MBF,5,20210319,124500,4.32,4.32,4.32,4.32,85,0
MBF,5,20210319,132000,4.24,4.24,4.24,4.24,181,0
MBF,5,20210319,134500,4.3,4.3,4.3,4.3,250,0
MBF,5,20210319,142500,4.3,4.3,4.3,4.3,1200,0
MBF,5,20210319,143000,4.24,4.24,4.14,4.14,2546,0
MBF,5,20210319,143500,4.14,4.14,4.14,4.14,400,0
MBF,5,20210319,144500,4.14,4.14,4.14,4.14,250,0
MBF,5,20210319,145000,4.14,4.14,4.14,4.14,450,0
MBF,5,20210319,154500,4.28,4.28,4.28,4.28,1,0
MBF,5,20210319,155000,4.28,4.28,4.28,4.28,319,0
MBF,5,20210319,161500,4.28,4.28,4.28,4.28,351,0
MBF,5,20210319,162000,4.16,4.16,4.16,4.16,200,0
MBF,5,20210319,164000,4.28,4.28,4.28,4.28,30,0
MBF,5,20210319,164500,4.36,4.36,4.36,4.36,100,0
MBF,5,20210322,090000,4.16,4.16,3.98,3.98,2000,0
MBF,5,20210322,091000,4.2,4.3,4.2,4.3,3194,0
MBF,5,20210322,091500,4.3,4.3,4.12,4.12,594,0
MBF,5,20210322,092000,4.1,4.1,4.1,4.1,3740,0
MBF,5,20210322,093000,4.12,4.12,4.12,4.12,600,0
MBF,5,20210322,093500,4.12,4.12,4,4,3027,0
MBF,5,20210322,095500,4.18,4.24,4.18,4.24,500,0
MBF,5,20210322,101000,4.1,4.1,4.04,4.04,310,0
MBF,5,20210322,103000,4.08,4.08,4.06,4.06,130,0
MBF,5,20210322,104000,4.18,4.2,4.18,4.2,500,0
MBF,5,20210322,105000,4.1,4.1,4.08,4.08,1410,0
MBF,5,20210322,105500,4.08,4.08,4.06,4.06,1514,0
MBF,5,20210322,111000,4.08,4.08,4.02,4.02,1913,0
MBF,5,20210322,111500,4.02,4.1,4.02,4.1,3924,0
MBF,5,20210322,113500,4.04,4.04,4.04,4.04,130,0
MBF,5,20210322,114000,4.1,4.1,4.1,4.1,1,0
MBF,5,20210322,122000,4.04,4.04,4.04,4.04,579,0
MBF,5,20210322,122500,4.1,4.1,4.1,4.1,5,0
MBF,5,20210322,131500,4.04,4.04,4.04,4.04,512,0
MBF,5,20210322,140000,4.12,4.2,4.12,4.2,1000,0
MBF,5,20210322,142000,4.12,4.12,4.12,4.12,60,0
MBF,5,20210322,142500,4.12,4.12,4.02,4.02,7688,0
MBF,5,20210322,150000,4.04,4.04,4.04,4.04,179,0
MBF,5,20210322,151000,4.04,4.04,4.04,4.04,500,0
MBF,5,20210322,152000,4.14,4.16,4.02,4.02,1772,0
MBF,5,20210322,153500,4.02,4.02,4,4,2572,0
MBF,5,20210322,154000,4,4.26,3.98,4.26,9303,0
MBF,5,20210322,155500,4.1,4.1,4.1,4.1,244,0
MBF,5,20210322,161000,4.04,4.04,3.96,3.96,13125,0
MBF,5,20210322,162000,4.08,4.08,3.96,3.96,386,0
MBF,5,20210322,163500,4.06,4.06,4.06,4.06,10,0
MBF,5,20210322,164500,3.98,4.04,3.96,4.04,1520,0
MBF,5,20210323,090000,3.88,3.94,3.82,3.94,4764,0
MBF,5,20210323,090500,3.86,3.86,3.86,3.86,260,0
MBF,5,20210323,091000,3.84,3.9,3.8,3.8,2356,0
MBF,5,20210323,091500,3.8,3.8,3.8,3.8,500,0
MBF,5,20210323,092000,3.8,3.8,3.8,3.8,1053,0
MBF,5,20210323,092500,3.76,3.76,3.68,3.68,5057,0
MBF,5,20210323,093000,3.7,3.72,3.7,3.72,1200,0
MBF,5,20210323,093500,3.76,3.8,3.7,3.7,8706,0
MBF,5,20210323,094500,3.74,3.74,3.74,3.74,10,0
MBF,5,20210323,095500,3.84,3.86,3.84,3.86,1690,0
MBF,5,20210323,101500,3.8,3.8,3.8,3.8,402,0
MBF,5,20210323,103000,3.86,3.88,3.86,3.88,1350,0
MBF,5,20210323,103500,3.9,3.9,3.9,3.9,877,0
MBF,5,20210323,104000,3.86,3.86,3.86,3.86,556,0
MBF,5,20210323,104500,3.86,3.88,3.86,3.88,1126,0
MBF,5,20210323,110000,3.8,3.8,3.76,3.76,610,0
MBF,5,20210323,111000,3.84,3.84,3.84,3.84,3236,0
MBF,5,20210323,113000,3.74,3.86,3.7,3.7,7318,0
MBF,5,20210323,113500,3.7,3.8,3.7,3.8,1872,0
MBF,5,20210323,120500,3.76,3.76,3.76,3.76,75,0
MBF,5,20210323,122000,3.76,3.8,3.76,3.8,4524,0
MBF,5,20210323,123500,3.72,3.72,3.72,3.72,75,0
MBF,5,20210323,130500,3.72,3.72,3.72,3.72,500,0
MBF,5,20210323,133000,3.72,3.72,3.7,3.7,485,0
MBF,5,20210323,133500,3.78,3.78,3.78,3.78,46,0
MBF,5,20210323,140000,3.76,3.84,3.76,3.84,4516,0
MBF,5,20210323,152000,3.84,3.84,3.84,3.84,3,0
MBF,5,20210323,155500,3.8,3.82,3.8,3.82,1345,0
MBF,5,20210323,160500,3.8,3.8,3.8,3.8,10,0
MBF,5,20210323,162000,3.74,3.82,3.7,3.82,7128,0
MBF,5,20210323,164500,3.82,3.82,3.82,3.82,156,0
MBF,5,20210324,090000,3.8,3.8,3.66,3.66,1982,0
MBF,5,20210324,090500,3.66,3.7,3.62,3.7,1085,0
MBF,5,20210324,091000,3.7,3.7,3.66,3.66,2000,0
MBF,5,20210324,095500,3.8,3.8,3.8,3.8,10,0
MBF,5,20210324,100500,3.8,3.8,3.8,3.8,390,0
MBF,5,20210324,101000,3.8,3.82,3.8,3.82,3598,0
MBF,5,20210324,101500,3.82,3.82,3.82,3.82,12,0
MBF,5,20210324,102000,3.7,3.7,3.7,3.7,1000,0
MBF,5,20210324,112500,3.78,3.78,3.78,3.78,160,0
MBF,5,20210324,115000,3.72,3.72,3.72,3.72,163,0
MBF,5,20210324,124000,3.8,3.8,3.8,3.8,1048,0
MBF,5,20210324,140000,3.74,3.74,3.74,3.74,400,0
MBF,5,20210324,150000,3.78,3.78,3.78,3.78,100,0
MBF,5,20210324,163500,3.74,3.74,3.72,3.72,1000,0
MBF,5,20210324,164500,3.72,3.72,3.7,3.7,586,0
MBF,5,20210324,165500,3.78,3.78,3.78,3.78,120,0
MBF,5,20210325,090000,3.78,3.78,3.78,3.78,100,0
MBF,5,20210325,091000,3.78,3.78,3.78,3.78,24,0
MBF,5,20210325,092000,3.76,3.76,3.76,3.76,250,0
MBF,5,20210325,092500,3.76,3.76,3.76,3.76,250,0
MBF,5,20210325,100000,3.7,3.7,3.7,3.7,2000,0
MBF,5,20210325,100500,3.7,3.7,3.62,3.62,1260,0
MBF,5,20210325,102000,3.62,3.62,3.62,3.62,623,0
MBF,5,20210325,104500,3.62,3.62,3.6,3.6,4260,0
MBF,5,20210325,110000,3.68,3.68,3.68,3.68,5,0
MBF,5,20210325,110500,3.58,3.58,3.58,3.58,10,0
MBF,5,20210325,111000,3.58,3.58,3.52,3.52,1280,0
MBF,5,20210325,121000,3.66,3.7,3.66,3.7,2000,0
MBF,5,20210325,122000,3.66,3.66,3.66,3.66,250,0
MBF,5,20210325,123000,3.7,3.7,3.7,3.7,60,0
MBF,5,20210325,143500,3.66,3.66,3.58,3.58,60,0
MBF,5,20210325,150000,3.58,3.58,3.56,3.56,512,0
MBF,5,20210325,151500,3.68,3.68,3.68,3.68,1,0
MBF,5,20210325,153000,3.52,3.52,3.52,3.52,490,0
MBF,5,20210325,160000,3.6,3.6,3.54,3.54,803,0
MBF,5,20210325,160500,3.54,3.54,3.54,3.54,363,0
MBF,5,20210325,163000,3.6,3.6,3.6,3.6,170,0
MBF,5,20210326,090000,3.54,3.54,3.54,3.54,124,0
MBF,5,20210326,092000,3.56,3.56,3.56,3.56,668,0
MBF,5,20210326,101500,3.54,3.54,3.54,3.54,89,0
MBF,5,20210326,102000,3.54,3.54,3.52,3.52,700,0
MBF,5,20210326,103500,3.6,3.6,3.6,3.6,171,0
MBF,5,20210326,105000,3.6,3.6,3.6,3.6,700,0
MBF,5,20210326,105500,3.6,3.66,3.6,3.66,852,0
MBF,5,20210326,110000,3.6,3.6,3.6,3.6,148,0
MBF,5,20210326,120000,3.6,3.6,3.6,3.6,960,0
MBF,5,20210326,131500,3.58,3.58,3.56,3.56,654,0
MBF,5,20210326,132000,3.66,3.68,3.66,3.68,1000,0
MBF,5,20210326,134000,3.56,3.56,3.56,3.56,80,0
MBF,5,20210326,140000,3.66,3.66,3.66,3.66,215,0
MBF,5,20210326,141000,3.66,3.68,3.66,3.68,300,0
MBF,5,20210326,151500,3.66,3.66,3.66,3.66,500,0
MBF,5,20210326,160000,3.66,3.66,3.66,3.66,500,0
MBF,5,20210326,160500,3.66,3.66,3.66,3.66,295,0
MBF,5,20210326,161000,3.68,3.68,3.68,3.68,122,0
MBF,5,20210326,161500,3.68,3.68,3.68,3.68,35,0
MBF,5,20210326,163500,3.66,3.66,3.66,3.66,205,0
