<TICKER>,<PER>,<DATE>,<TIME>,<OPEN>,<HIGH>,<LOW>,<CLOSE>,<VOL>,<OPENINT>
MDB,5,20210204,090000,4.42,4.42,4.42,4.42,10,0
MDB,5,20210204,091000,4.34,4.34,4.18,4.18,2760,0
MDB,5,20210204,091500,4.12,4.12,4.12,4.12,1786,0
MDB,5,20210204,092000,4.14,4.14,4.1,4.1,2680,0
MDB,5,20210204,092500,4.24,4.24,4.18,4.18,710,0
MDB,5,20210204,093000,4.12,4.12,4.12,4.12,1500,0
MDB,5,20210204,093500,4.22,4.22,4.22,4.22,50,0
MDB,5,20210204,094500,4.12,4.12,4.1,4.1,634,0
MDB,5,20210204,100500,4.2,4.2,4.1,4.1,2500,0
MDB,5,20210204,102000,4.12,4.12,4.12,4.12,486,0
MDB,5,20210204,102500,4.12,4.12,4.12,4.12,250,0
MDB,5,20210204,103500,4.2,4.2,4.2,4.2,110,0
MDB,5,20210204,104000,4.14,4.14,4.12,4.12,1000,0
MDB,5,20210204,112500,4.14,4.14,4.14,4.14,130,0
MDB,5,20210204,113000,4.16,4.16,4.16,4.16,33,0
MDB,5,20210204,115000,4.2,4.2,4.2,4.2,2371,0
MDB,5,20210204,115500,4.18,4.18,4.16,4.16,1000,0
MDB,5,20210204,120000,4.16,4.16,4.16,4.16,500,0
MDB,5,20210204,122500,4.16,4.16,4.16,4.16,100,0
MDB,5,20210204,123000,4.16,4.16,4.16,4.16,130,0
MDB,5,20210204,124500,4.16,4.16,4.16,4.16,256,0
MDB,5,20210204,130000,4.16,4.22,4.16,4.22,10,0
MDB,5,20210204,131500,4.14,4.14,4.1,4.1,2391,0
MDB,5,20210204,133000,4.2,4.2,4.2,4.2,10,0
MDB,5,20210204,145500,4.14,4.14,4.14,4.14,1000,0
MDB,5,20210204,150000,4.2,4.2,4.2,4.2,10,0
MDB,5,20210204,152500,4.14,4.2,4.14,4.2,510,0
MDB,5,20210204,154000,4.14,4.14,4.14,4.14,1820,0
MDB,5,20210204,154500,4.2,4.2,4.2,4.2,10,0
MDB,5,20210204,163500,4.14,4.14,4.02,4.02,2858,0
MDB,5,20210204,164000,4.1,4.1,4.1,4.1,50,0
MDB,5,20210204,164500,4.1,4.1,4.1,4.1,511,0
MDB,5,20210205,090000,4.02,4.12,4,4,1300,0
MDB,5,20210205,090500,4.02,4.02,4.02,4.02,290,0
MDB,5,20210205,091000,4.02,4.02,4.02,4.02,945,0
MDB,5,20210205,093000,4.08,4.08,4.08,4.08,110,0
MDB,5,20210205,094000,4.1,4.1,4.1,4.1,10,0
MDB,5,20210205,094500,4.1,4.1,4.02,4.02,1218,0
MDB,5,20210205,095000,4.04,4.04,4.04,4.04,1000,0
MDB,5,20210205,095500,4.02,4.02,4.02,4.02,150,0
MDB,5,20210205,100000,4.06,4.06,4.06,4.06,340,0
MDB,5,20210205,100500,4.06,4.06,4.06,4.06,375,0
MDB,5,20210205,101000,4.06,4.06,4.06,4.06,300,0
MDB,5,20210205,101500,4.06,4.06,4.06,4.06,177,0
MDB,5,20210205,102000,4.1,4.1,4.02,4.02,571,0
MDB,5,20210205,102500,4.04,4.04,4.04,4.04,150,0
MDB,5,20210205,103000,4.02,4.02,4,4.02,2033,0
MDB,5,20210205,103500,4,4.02,4,4.02,7121,0
MDB,5,20210205,104000,3.9,3.9,3.84,3.84,1511,0
MDB,5,20210205,105000,3.9,3.9,3.9,3.9,1172,0
MDB,5,20210205,110000,3.98,3.98,3.98,3.98,1,0
MDB,5,20210205,110500,3.96,3.98,3.96,3.98,715,0
MDB,5,20210205,111000,3.98,3.98,3.98,3.98,1693,0
MDB,5,20210205,111500,3.94,3.98,3.94,3.98,750,0
MDB,5,20210205,112000,3.98,3.98,3.94,3.94,1304,0
MDB,5,20210205,112500,3.98,3.98,3.98,3.98,1708,0
MDB,5,20210205,113500,3.98,3.98,3.98,3.98,1501,0
MDB,5,20210205,115000,3.94,3.94,3.94,3.94,96,0
MDB,5,20210205,115500,3.94,3.94,3.94,3.94,100,0
MDB,5,20210205,120500,3.94,3.98,3.94,3.98,200,0
MDB,5,20210205,123000,3.94,3.98,3.94,3.94,69,0
MDB,5,20210205,131500,3.98,3.98,3.98,3.98,80,0
MDB,5,20210205,132500,3.94,3.94,3.94,3.94,1000,0
MDB,5,20210205,133500,3.94,3.94,3.9,3.9,3516,0
MDB,5,20210205,134000,3.98,3.98,3.98,3.98,500,0
MDB,5,20210205,134500,3.88,3.88,3.88,3.88,273,0
MDB,5,20210205,135000,3.86,3.86,3.86,3.86,1558,0
MDB,5,20210205,135500,3.94,3.94,3.94,3.94,50,0
MDB,5,20210205,140000,3.84,3.84,3.84,3.84,1015,0
MDB,5,20210205,140500,3.84,3.84,3.84,3.84,143,0
MDB,5,20210205,141500,3.9,4,3.84,4,8180,0
MDB,5,20210205,142000,4,4,3.84,3.84,2833,0
MDB,5,20210205,143000,3.86,3.86,3.86,3.86,790,0
MDB,5,20210205,144500,3.92,3.92,3.92,3.92,300,0
MDB,5,20210205,145500,3.98,3.98,3.98,3.98,50,0
MDB,5,20210205,152500,3.88,3.88,3.88,3.88,1051,0
MDB,5,20210205,153500,3.88,3.96,3.88,3.96,240,0
MDB,5,20210205,154500,3.86,3.86,3.86,3.86,250,0
MDB,5,20210205,155000,3.86,3.96,3.86,3.96,60,0
MDB,5,20210205,160500,3.88,3.88,3.88,3.88,150,0
MDB,5,20210205,161000,3.88,3.88,3.88,3.88,200,0
MDB,5,20210205,161500,3.94,3.94,3.94,3.94,500,0
MDB,5,20210205,162000,3.96,3.96,3.96,3.96,536,0
MDB,5,20210205,163000,3.96,3.98,3.96,3.98,4341,0
MDB,5,20210205,163500,4,4,4,4,1959,0
MDB,5,20210205,164000,4,4,3.98,4,1922,0
MDB,5,20210205,164500,4,4.12,4,4.12,1314,0
MDB,5,20210208,090000,4.2,4.2,4.2,4.2,200,0
MDB,5,20210208,090500,4.2,4.2,3.9,4.2,810,0
MDB,5,20210208,091000,4.02,4.02,4,4,1979,0
MDB,5,20210208,091500,4.14,4.14,4.14,4.14,247,0
MDB,5,20210208,093000,4.14,4.14,4.14,4.14,153,0
MDB,5,20210208,094500,4,4.16,4,4.16,540,0
MDB,5,20210208,103000,4.14,4.14,4,4,2056,0
MDB,5,20210208,104000,4,4.12,4,4.12,1160,0
MDB,5,20210208,110000,4,4,4,4,230,0
MDB,5,20210208,112000,4,4.1,4,4.1,610,0
MDB,5,20210208,112500,4.1,4.1,4.1,4.1,180,0
MDB,5,20210208,120000,4.1,4.1,4.1,4.1,121,0
MDB,5,20210208,121000,4,4,4,4,500,0
MDB,5,20210208,121500,3.98,3.98,3.98,3.98,572,0
MDB,5,20210208,122000,3.96,3.96,3.96,3.96,228,0
MDB,5,20210208,122500,3.96,3.96,3.96,3.96,30,0
MDB,5,20210208,123500,3.94,3.94,3.94,3.94,1000,0
MDB,5,20210208,124000,4,4,3.94,3.94,366,0
MDB,5,20210208,124500,3.94,3.94,3.94,3.94,100,0
MDB,5,20210208,125000,3.94,3.94,3.94,3.94,1624,0
MDB,5,20210208,130500,3.94,3.94,3.92,3.92,770,0
MDB,5,20210208,131000,3.9,3.9,3.9,3.9,500,0
MDB,5,20210208,131500,3.9,3.9,3.9,3.9,1700,0
MDB,5,20210208,132000,3.94,3.98,3.94,3.98,469,0
MDB,5,20210208,132500,3.94,3.94,3.94,3.94,100,0
MDB,5,20210208,133000,3.94,3.94,3.94,3.94,200,0
MDB,5,20210208,134500,3.98,3.98,3.98,3.98,949,0
MDB,5,20210208,135000,3.92,3.92,3.92,3.92,255,0
MDB,5,20210208,142000,3.92,3.92,3.92,3.92,200,0
MDB,5,20210208,142500,3.92,3.92,3.92,3.92,98,0
MDB,5,20210208,144500,3.92,3.92,3.9,3.9,2230,0
MDB,5,20210208,152500,3.94,3.94,3.94,3.94,100,0
MDB,5,20210208,155000,3.94,3.94,3.94,3.94,360,0
MDB,5,20210208,160500,4,4,4,4,589,0
MDB,5,20210208,161000,3.92,3.92,3.92,3.92,130,0
MDB,5,20210208,161500,3.92,3.92,3.9,3.9,1000,0
MDB,5,20210208,162000,4.06,4.06,4.06,4.06,200,0
MDB,5,20210208,163000,3.92,3.92,3.92,3.92,1,0
MDB,5,20210208,163500,4.04,4.04,4.04,4.04,133,0
MDB,5,20210208,164000,3.92,4.04,3.92,4.04,1166,0
MDB,5,20210208,164500,4.04,4.06,4.02,4.06,2785,0
MDB,5,20210209,090000,4.06,4.06,4.06,4.06,102,0
MDB,5,20210209,091500,3.92,3.92,3.92,3.92,1485,0
MDB,5,20210209,092500,4.06,4.06,4.06,4.06,10,0
MDB,5,20210209,101000,4,4,3.92,3.92,1709,0
MDB,5,20210209,102500,4.02,4.02,4.02,4.02,300,0
MDB,5,20210209,104500,3.92,3.92,3.84,3.9,4841,0
MDB,5,20210209,111000,3.86,3.86,3.86,3.86,1210,0
MDB,5,20210209,112000,3.84,3.84,3.84,3.84,800,0
MDB,5,20210209,113000,3.9,3.9,3.9,3.9,335,0
MDB,5,20210209,115000,4,4,4,4,5,0
MDB,5,20210209,115500,4,4,4,4,250,0
MDB,5,20210209,121500,3.92,3.92,3.92,3.92,499,0
MDB,5,20210209,131500,3.92,3.92,3.9,3.9,1000,0
MDB,5,20210209,132000,4,4,4,4,604,0
MDB,5,20210209,134000,4,4,4,4,762,0
MDB,5,20210209,135000,3.98,3.98,3.98,3.98,2000,0
MDB,5,20210209,135500,4.02,4.02,3.98,4.02,406,0
MDB,5,20210209,145500,3.9,3.9,3.9,3.9,826,0
MDB,5,20210209,150000,3.88,3.88,3.88,3.88,1631,0
MDB,5,20210209,151000,4,4,4,4,386,0
MDB,5,20210209,152500,4,4,4,4,85,0
MDB,5,20210209,153500,3.88,3.88,3.88,3.88,2300,0
MDB,5,20210209,155500,3.96,3.96,3.96,3.96,1031,0
MDB,5,20210209,160500,3.96,3.96,3.96,3.96,269,0
MDB,5,20210209,161000,4,4,4,4,24,0
MDB,5,20210209,164000,3.9,3.9,3.9,3.9,100,0
MDB,5,20210209,164500,4,4,4,4,1,0
MDB,5,20210210,090000,4,4,4,4,1875,0
MDB,5,20210210,092500,4,4,4,4,600,0
MDB,5,20210210,093000,3.84,3.84,3.84,3.84,670,0
MDB,5,20210210,093500,4,4,4,4,100,0
MDB,5,20210210,094500,4,4,3.84,3.84,1311,0
MDB,5,20210210,095000,3.98,3.98,3.98,3.98,130,0
MDB,5,20210210,095500,3.98,3.98,3.98,3.98,85,0
MDB,5,20210210,101000,3.98,3.98,3.98,3.98,1350,0
MDB,5,20210210,110000,3.98,3.98,3.98,3.98,1509,0
MDB,5,20210210,114000,3.94,3.98,3.94,3.98,163,0
MDB,5,20210210,115500,3.94,3.94,3.94,3.94,62,0
MDB,5,20210210,120000,3.94,3.94,3.94,3.94,153,0
MDB,5,20210210,143000,3.88,3.88,3.88,3.88,150,0
MDB,5,20210210,144000,3.96,3.96,3.96,3.96,1,0
MDB,5,20210210,150000,3.94,3.94,3.94,3.94,653,0
MDB,5,20210210,155000,3.9,3.9,3.9,3.9,250,0
MDB,5,20210210,155500,3.94,3.94,3.94,3.94,50,0
MDB,5,20210210,161000,3.9,3.96,3.9,3.96,37,0
MDB,5,20210210,161500,3.88,3.88,3.88,3.88,250,0
MDB,5,20210210,164500,3.82,3.82,3.82,3.82,36000,0
MDB,5,20210211,090000,3.96,3.96,3.96,3.96,4049,0
MDB,5,20210211,090500,3.8,3.96,3.8,3.96,900,0
MDB,5,20210211,093000,3.92,3.92,3.92,3.92,10,0
MDB,5,20210211,095000,3.8,3.8,3.8,3.8,9,0
MDB,5,20210211,095500,3.8,3.92,3.8,3.92,210,0
MDB,5,20210211,101000,3.88,3.88,3.8,3.8,3742,0
MDB,5,20210211,102000,3.8,3.8,3.78,3.78,599,0
MDB,5,20210211,102500,3.78,3.78,3.78,3.78,432,0
MDB,5,20210211,103000,3.76,3.76,3.72,3.76,2587,0
MDB,5,20210211,103500,3.76,3.9,3.76,3.9,11037,0
MDB,5,20210211,104000,3.9,3.9,3.9,3.9,10,0
MDB,5,20210211,104500,3.82,3.82,3.8,3.8,543,0
MDB,5,20210211,105000,3.8,3.8,3.76,3.76,2650,0
MDB,5,20210211,105500,3.8,3.92,3.8,3.9,6467,0
MDB,5,20210211,110000,3.9,3.92,3.88,3.88,1366,0
MDB,5,20210211,110500,3.82,3.86,3.78,3.86,1434,0
MDB,5,20210211,111000,3.76,3.76,3.76,3.76,1,0
MDB,5,20210211,111500,3.86,3.86,3.86,3.86,77,0
MDB,5,20210211,112000,3.86,3.86,3.86,3.86,300,0
MDB,5,20210211,112500,3.86,3.86,3.86,3.86,100,0
MDB,5,20210211,113000,3.86,3.86,3.86,3.86,166,0
MDB,5,20210211,113500,3.86,3.88,3.86,3.88,145,0
MDB,5,20210211,115000,3.8,3.8,3.78,3.78,1000,0
MDB,5,20210211,115500,3.84,3.84,3.84,3.84,50,0
MDB,5,20210211,121000,3.8,3.8,3.78,3.78,1000,0
MDB,5,20210211,121500,3.82,3.84,3.82,3.84,1061,0
MDB,5,20210211,122000,3.84,3.9,3.84,3.9,2500,0
MDB,5,20210211,123500,3.78,3.9,3.78,3.9,151,0
MDB,5,20210211,124000,3.9,3.9,3.9,3.9,790,0
MDB,5,20210211,124500,3.78,3.78,3.78,3.78,1,0
MDB,5,20210211,125000,3.88,3.88,3.88,3.88,1,0
MDB,5,20210211,125500,3.8,3.8,3.78,3.78,1049,0
MDB,5,20210211,131000,3.78,3.78,3.78,3.78,1471,0
MDB,5,20210211,131500,3.8,3.8,3.8,3.8,300,0
MDB,5,20210211,132000,3.8,3.8,3.8,3.8,1000,0
MDB,5,20210211,133500,3.8,3.8,3.8,3.8,150,0
MDB,5,20210211,134000,3.86,3.86,3.86,3.86,6,0
MDB,5,20210211,140500,3.8,3.8,3.8,3.8,65,0
MDB,5,20210211,141000,3.78,3.78,3.78,3.78,816,0
MDB,5,20210211,141500,3.86,3.86,3.86,3.86,200,0
MDB,5,20210211,142000,3.8,3.8,3.76,3.76,1000,0
MDB,5,20210211,143000,3.78,3.78,3.78,3.78,1137,0
MDB,5,20210211,144000,3.8,3.84,3.8,3.84,628,0
MDB,5,20210211,150000,3.82,3.82,3.82,3.82,51,0
MDB,5,20210211,155000,3.82,3.82,3.78,3.78,360,0
MDB,5,20210211,155500,3.82,3.82,3.82,3.82,500,0
MDB,5,20210211,160500,3.76,3.76,3.76,3.76,2920,0
MDB,5,20210211,161500,3.76,3.76,3.76,3.76,756,0
MDB,5,20210211,163000,3.82,3.84,3.82,3.84,145,0
MDB,5,20210212,090000,3.9,3.9,3.86,3.86,3240,0
MDB,5,20210212,090500,3.76,3.78,3.76,3.78,600,0
MDB,5,20210212,091000,3.8,3.8,3.8,3.8,250,0
MDB,5,20210212,091500,3.78,3.84,3.74,3.74,2033,0
MDB,5,20210212,092000,3.7,3.7,3.7,3.7,1143,0
MDB,5,20210212,092500,3.7,3.7,3.7,3.7,250,0
MDB,5,20210212,093000,3.74,3.74,3.74,3.74,1000,0
MDB,5,20210212,094500,3.84,3.84,3.84,3.84,250,0
MDB,5,20210212,095000,3.84,3.84,3.84,3.84,1000,0
MDB,5,20210212,101000,3.82,3.82,3.82,3.82,285,0
MDB,5,20210212,101500,3.74,3.74,3.6,3.6,3074,0
MDB,5,20210212,103000,3.8,3.8,3.78,3.78,1852,0
MDB,5,20210212,103500,3.78,3.78,3.78,3.78,1279,0
MDB,5,20210212,104000,3.66,3.66,3.62,3.62,1111,0
MDB,5,20210212,105000,3.62,3.62,3.62,3.62,2000,0
MDB,5,20210212,105500,3.78,3.78,3.78,3.78,300,0
MDB,5,20210212,110000,3.62,3.62,3.6,3.6,500,0
MDB,5,20210212,110500,3.6,3.6,3.6,3.6,300,0
MDB,5,20210212,111500,3.76,3.76,3.76,3.76,425,0
MDB,5,20210212,112500,3.76,3.76,3.66,3.66,2025,0
MDB,5,20210212,124000,3.76,3.76,3.76,3.76,10,0
MDB,5,20210212,125000,3.76,3.76,3.54,3.76,6068,0
MDB,5,20210212,130500,3.76,3.78,3.76,3.78,1935,0
MDB,5,20210212,131500,3.7,3.7,3.7,3.7,500,0
MDB,5,20210212,132500,3.72,3.72,3.72,3.72,250,0
MDB,5,20210212,134000,3.78,3.78,3.78,3.78,290,0
MDB,5,20210212,135000,3.8,3.8,3.8,3.8,300,0
MDB,5,20210212,135500,3.82,3.82,3.82,3.82,265,0
MDB,5,20210212,142000,3.82,3.84,3.82,3.84,3846,0
MDB,5,20210212,142500,3.86,3.86,3.86,3.86,510,0
MDB,5,20210212,143500,3.84,3.86,3.84,3.86,44,0
MDB,5,20210212,145500,3.86,3.88,3.86,3.88,889,0
MDB,5,20210212,150000,3.8,3.8,3.8,3.8,250,0
MDB,5,20210212,150500,3.88,3.88,3.88,3.88,10,0
MDB,5,20210212,154000,3.86,3.86,3.7,3.7,211,0
MDB,5,20210212,155500,3.84,3.84,3.84,3.84,1200,0
MDB,5,20210212,160000,3.84,3.84,3.84,3.84,500,0
MDB,5,20210212,161000,3.74,3.74,3.74,3.74,541,0
MDB,5,20210212,161500,3.74,3.74,3.74,3.74,320,0
MDB,5,20210212,162000,3.86,3.86,3.86,3.86,1,0
MDB,5,20210212,164500,3.84,3.86,3.84,3.86,956,0
MDB,5,20210215,090000,3.86,4.14,3.86,4.14,300,0
MDB,5,20210215,090500,4,4,3.9,3.9,1520,0
MDB,5,20210215,091000,4.06,4.06,4.04,4.04,300,0
MDB,5,20210215,091500,4,4,4,4,717,0
MDB,5,20210215,092000,3.96,3.96,3.94,3.94,1819,0
MDB,5,20210215,092500,3.92,3.92,3.9,3.9,5316,0
MDB,5,20210215,093000,3.9,3.9,3.9,3.9,1000,0
MDB,5,20210215,094000,4,4,4,4,410,0
MDB,5,20210215,094500,3.98,3.98,3.98,3.98,150,0
MDB,5,20210215,100000,3.98,3.98,3.98,3.98,741,0
MDB,5,20210215,100500,3.98,3.98,3.98,3.98,946,0
MDB,5,20210215,101000,4,4,3.98,4,2589,0
MDB,5,20210215,101500,3.94,4,3.94,4,1190,0
MDB,5,20210215,102000,3.94,3.94,3.94,3.94,530,0
MDB,5,20210215,103000,3.98,3.98,3.94,3.94,451,0
MDB,5,20210215,104000,4,4,4,4,204,0
MDB,5,20210215,110500,3.96,3.96,3.86,3.86,3627,0
MDB,5,20210215,111000,3.96,3.98,3.96,3.98,2950,0
MDB,5,20210215,112000,3.92,3.92,3.88,3.88,838,0
MDB,5,20210215,112500,3.98,3.98,3.98,3.98,500,0
MDB,5,20210215,114500,3.98,3.98,3.98,3.98,1101,0
MDB,5,20210215,115000,3.98,3.98,3.98,3.98,1112,0
MDB,5,20210215,115500,3.98,3.98,3.98,3.98,3,0
MDB,5,20210215,120500,3.98,3.98,3.98,3.98,997,0
MDB,5,20210215,125000,4,4,4,4,10,0
MDB,5,20210215,132000,3.98,3.98,3.98,3.98,2816,0
MDB,5,20210215,140000,4,4,4,4,10,0
MDB,5,20210215,143000,3.92,3.92,3.92,3.92,90,0
MDB,5,20210215,145500,3.92,3.92,3.92,3.92,45,0
MDB,5,20210215,152500,3.96,3.96,3.96,3.96,96,0
MDB,5,20210215,155000,3.96,3.96,3.9,3.9,2190,0
MDB,5,20210215,160000,3.9,3.9,3.9,3.9,150,0
MDB,5,20210215,161500,3.9,3.9,3.86,3.86,1311,0
MDB,5,20210215,162000,3.98,3.98,3.98,3.98,500,0
MDB,5,20210215,163000,4.08,4.08,4.08,4.08,10,0
MDB,5,20210215,163500,4.06,4.06,4.06,4.06,183,0
MDB,5,20210215,164500,4.06,4.06,3.92,3.92,1790,0
MDB,5,20210216,090000,4,4,4,4,2200,0
MDB,5,20210216,091500,4,4,3.94,3.98,760,0
MDB,5,20210216,092000,3.9,3.9,3.9,3.9,500,0
MDB,5,20210216,094500,4,4,4,4,1,0
MDB,5,20210216,103500,3.9,3.9,3.9,3.9,500,0
MDB,5,20210216,104500,3.92,3.92,3.92,3.92,500,0
MDB,5,20210216,110000,3.92,3.92,3.7,3.7,10000,0
MDB,5,20210216,110500,3.82,3.84,3.82,3.84,1380,0
MDB,5,20210216,111000,3.72,3.72,3.72,3.72,2179,0
MDB,5,20210216,111500,3.86,3.88,3.86,3.88,600,0
MDB,5,20210216,112000,3.88,3.88,3.88,3.88,100,0
MDB,5,20210216,113500,3.86,3.86,3.86,3.86,283,0
MDB,5,20210216,123000,3.88,3.88,3.88,3.88,150,0
MDB,5,20210216,123500,3.78,3.78,3.74,3.74,2065,0
MDB,5,20210216,132000,3.88,3.88,3.88,3.88,100,0
MDB,5,20210216,133000,3.76,3.76,3.76,3.76,1900,0
MDB,5,20210216,134000,3.74,3.74,3.74,3.74,4177,0
MDB,5,20210216,135000,3.72,3.84,3.72,3.84,1300,0
MDB,5,20210216,140500,3.74,3.74,3.74,3.74,1223,0
MDB,5,20210216,141000,3.74,3.74,3.74,3.74,777,0
MDB,5,20210216,141500,3.84,3.84,3.84,3.84,1273,0
MDB,5,20210216,143500,3.76,3.76,3.72,3.72,2984,0
MDB,5,20210216,144000,3.7,3.7,3.7,3.7,2150,0
MDB,5,20210216,144500,3.76,3.76,3.76,3.76,200,0
MDB,5,20210216,150000,3.76,3.76,3.76,3.76,3400,0
MDB,5,20210216,150500,3.86,3.86,3.86,3.86,50,0
MDB,5,20210216,155000,3.8,3.8,3.8,3.8,1,0
MDB,5,20210216,155500,3.8,3.8,3.76,3.76,961,0
MDB,5,20210216,161000,3.82,3.82,3.82,3.82,500,0
MDB,5,20210216,161500,3.84,3.84,3.84,3.84,600,0
MDB,5,20210216,163000,3.76,3.76,3.7,3.7,4086,0
MDB,5,20210216,163500,3.8,3.82,3.8,3.82,400,0
MDB,5,20210217,090000,3.9,3.92,3.86,3.86,3280,0
MDB,5,20210217,090500,3.88,3.9,3.88,3.88,2505,0
MDB,5,20210217,091500,3.86,3.9,3.86,3.9,2380,0
MDB,5,20210217,092000,3.9,3.9,3.9,3.9,1323,0
MDB,5,20210217,092500,3.94,4.2,3.94,4.04,27365,0
MDB,5,20210217,093000,4.06,4.14,4.06,4.06,912,0
MDB,5,20210217,093500,4.14,4.16,4.06,4.06,5896,0
MDB,5,20210217,094000,4.16,4.22,4.06,4.12,9961,0
MDB,5,20210217,094500,4.22,4.34,4.22,4.3,3427,0
MDB,5,20210217,095000,4.28,4.28,4.28,4.28,130,0
MDB,5,20210217,100000,4.32,4.4,4.32,4.4,10525,0
MDB,5,20210217,100500,4.36,4.38,4.36,4.38,679,0
MDB,5,20210217,101000,4.38,4.4,4.38,4.4,3436,0
MDB,5,20210217,101500,4.4,4.4,4.38,4.38,7521,0
MDB,5,20210217,102000,4.28,4.36,4.06,4.36,5233,0
MDB,5,20210217,103000,4.16,4.28,4.06,4.28,2025,0
MDB,5,20210217,103500,4.28,4.28,4.28,4.28,1461,0
MDB,5,20210217,104000,4.34,4.34,4.28,4.28,3704,0
MDB,5,20210217,105000,4.28,4.28,4.26,4.26,432,0
MDB,5,20210217,110000,4.14,4.14,4.14,4.14,358,0
MDB,5,20210217,110500,4.22,4.24,4.22,4.24,450,0
MDB,5,20210217,111000,4.2,4.2,4.2,4.2,565,0
MDB,5,20210217,111500,4.24,4.24,4.24,4.24,702,0
MDB,5,20210217,113000,4.2,4.26,4.2,4.26,1064,0
MDB,5,20210217,120000,4.16,4.16,4.16,4.16,120,0
MDB,5,20210217,124500,4.16,4.16,4.16,4.16,100,0
MDB,5,20210217,125000,4.26,4.26,4.26,4.26,200,0
MDB,5,20210217,132500,4.16,4.16,4.12,4.12,738,0
MDB,5,20210217,133000,4.14,4.14,4.14,4.14,100,0
MDB,5,20210217,133500,4.2,4.2,4.2,4.2,136,0
MDB,5,20210217,134500,4.2,4.22,4.2,4.22,309,0
MDB,5,20210217,141000,4.16,4.16,4.16,4.16,500,0
MDB,5,20210217,141500,4.22,4.22,4.22,4.22,1539,0
MDB,5,20210217,142000,4.22,4.22,4.22,4.22,583,0
MDB,5,20210217,142500,4.26,4.28,4.24,4.28,3070,0
MDB,5,20210217,144000,4.18,4.18,4.18,4.18,130,0
MDB,5,20210217,150500,4.26,4.26,4.26,4.26,268,0
MDB,5,20210217,151000,4.16,4.16,4.16,4.16,1654,0
MDB,5,20210217,152500,4.14,4.28,4.14,4.28,2118,0
MDB,5,20210217,154000,4.24,4.24,4.24,4.24,100,0
MDB,5,20210217,155500,4.24,4.24,4.24,4.24,1000,0
MDB,5,20210217,160000,4.3,4.3,4.3,4.3,1,0
MDB,5,20210217,160500,4.3,4.3,4.3,4.3,1000,0
MDB,5,20210217,161500,4.28,4.28,4.28,4.28,1,0
MDB,5,20210217,162000,4.28,4.28,4.28,4.28,727,0
MDB,5,20210217,163500,4.24,4.24,4.22,4.22,1119,0
MDB,5,20210217,164500,4.24,4.28,4.24,4.28,803,0
MDB,5,20210218,090000,4.5,4.68,4.5,4.5,37597,0
MDB,5,20210218,090500,4.58,4.7,4.58,4.7,6849,0
MDB,5,20210218,091000,4.7,4.78,4.7,4.7,6672,0
MDB,5,20210218,091500,4.74,4.74,4.66,4.66,3574,0
MDB,5,20210218,092000,4.72,4.72,4.6,4.66,2920,0
MDB,5,20210218,092500,4.66,4.66,4.62,4.66,766,0
MDB,5,20210218,093000,4.66,4.68,4.66,4.68,1050,0
MDB,5,20210218,093500,4.6,4.68,4.58,4.58,1517,0
MDB,5,20210218,094000,4.58,4.66,4.58,4.66,1341,0
MDB,5,20210218,094500,4.6,4.66,4.6,4.66,11700,0
MDB,5,20210218,095000,4.66,4.66,4.6,4.6,1780,0
MDB,5,20210218,100500,4.66,4.66,4.66,4.66,643,0
MDB,5,20210218,101000,4.66,4.66,4.66,4.66,2139,0
MDB,5,20210218,101500,4.6,4.6,4.6,4.6,540,0
MDB,5,20210218,102500,4.6,4.6,4.6,4.6,260,0
MDB,5,20210218,103000,4.64,4.66,4.64,4.66,1566,0
MDB,5,20210218,104000,4.62,4.66,4.62,4.66,6778,0
MDB,5,20210218,105000,4.64,4.68,4.64,4.68,319,0
MDB,5,20210218,105500,4.68,4.68,4.66,4.66,1131,0
MDB,5,20210218,111000,4.6,4.6,4.6,4.6,1160,0
MDB,5,20210218,111500,4.68,4.68,4.68,4.68,5683,0
MDB,5,20210218,112000,4.64,4.68,4.64,4.68,4400,0
MDB,5,20210218,112500,4.68,4.68,4.6,4.6,4000,0
MDB,5,20210218,113000,4.68,4.68,4.68,4.68,400,0
MDB,5,20210218,113500,4.6,4.68,4.6,4.68,1700,0
MDB,5,20210218,114000,4.64,4.64,4.64,4.64,600,0
MDB,5,20210218,115000,4.64,4.64,4.64,4.64,35,0
MDB,5,20210218,115500,4.6,4.6,4.58,4.58,1233,0
MDB,5,20210218,120000,4.58,4.68,4.58,4.68,201,0
MDB,5,20210218,121500,4.6,4.6,4.6,4.6,288,0
MDB,5,20210218,122000,4.6,4.68,4.6,4.6,1470,0
MDB,5,20210218,123000,4.66,4.66,4.66,4.66,1600,0
MDB,5,20210218,123500,4.68,4.68,4.68,4.68,300,0
MDB,5,20210218,125500,4.68,4.68,4.66,4.66,2522,0
MDB,5,20210218,130000,4.66,4.68,4.66,4.68,1573,0
MDB,5,20210218,131500,4.64,4.7,4.64,4.7,2764,0
MDB,5,20210218,132500,4.7,4.7,4.7,4.7,2088,0
MDB,5,20210218,133500,4.7,4.7,4.7,4.7,650,0
MDB,5,20210218,134500,4.7,4.7,4.7,4.7,212,0
MDB,5,20210218,135500,4.7,4.7,4.7,4.7,127,0
MDB,5,20210218,140000,4.7,4.7,4.7,4.7,5896,0
MDB,5,20210218,140500,4.7,4.7,4.7,4.7,2000,0
MDB,5,20210218,141000,4.74,4.74,4.74,4.74,1,0
MDB,5,20210218,142000,4.72,4.72,4.72,4.72,1527,0
MDB,5,20210218,142500,4.7,4.74,4.7,4.74,2202,0
MDB,5,20210218,143000,4.72,4.72,4.72,4.72,150,0
MDB,5,20210218,143500,4.72,4.72,4.72,4.72,250,0
MDB,5,20210218,144000,4.74,4.8,4.74,4.78,10373,0
MDB,5,20210218,144500,4.78,4.8,4.76,4.8,7416,0
MDB,5,20210218,145000,4.8,4.8,4.78,4.78,13610,0
MDB,5,20210218,145500,4.74,4.8,4.74,4.8,8000,0
MDB,5,20210218,150000,4.78,4.78,4.78,4.78,290,0
MDB,5,20210218,150500,4.78,4.78,4.7,4.7,3146,0
MDB,5,20210218,151000,4.74,4.74,4.74,4.74,871,0
MDB,5,20210218,151500,4.68,4.72,4.68,4.72,2460,0
MDB,5,20210218,152000,4.68,4.68,4.66,4.66,1181,0
MDB,5,20210218,152500,4.66,4.76,4.66,4.76,309,0
MDB,5,20210218,153000,4.7,4.7,4.7,4.7,71,0
MDB,5,20210218,153500,4.7,4.7,4.66,4.66,3988,0
MDB,5,20210218,154500,4.7,4.7,4.7,4.7,4337,0
MDB,5,20210218,155000,4.7,4.7,4.7,4.7,457,0
MDB,5,20210218,155500,4.7,4.7,4.7,4.7,1020,0
MDB,5,20210218,160000,4.7,4.74,4.7,4.74,2508,0
MDB,5,20210218,160500,4.74,4.74,4.7,4.7,6945,0
MDB,5,20210218,161000,4.72,4.72,4.66,4.66,1000,0
MDB,5,20210218,161500,4.7,4.7,4.6,4.6,5736,0
MDB,5,20210218,162000,4.7,4.7,4.66,4.66,211,0
MDB,5,20210218,162500,4.66,4.68,4.6,4.6,411,0
MDB,5,20210218,163000,4.68,4.68,4.68,4.68,965,0
MDB,5,20210218,163500,4.68,4.68,4.68,4.68,400,0
MDB,5,20210218,164000,4.68,4.7,4.68,4.7,520,0
MDB,5,20210218,164500,4.7,4.7,4.66,4.68,1600,0
MDB,5,20210219,090000,4.94,5.05,4.8,4.98,21526,0
MDB,5,20210219,090500,4.98,5.2,4.98,5.1,9377,0
MDB,5,20210219,091000,5.15,5.35,5.15,5.3,12825,0
MDB,5,20210219,091500,5.3,5.3,5,5,9609,0
MDB,5,20210219,092000,5.15,5.25,5,5.2,2084,0
MDB,5,20210219,092500,5.1,5.15,5,5.1,3682,0
MDB,5,20210219,093000,5.05,5.1,5,5.1,3778,0
MDB,5,20210219,093500,5.05,5.15,5,5.15,3559,0
MDB,5,20210219,094000,5.1,5.1,5,5.1,2800,0
MDB,5,20210219,094500,5,5,5,5,4174,0
MDB,5,20210219,095000,5,5,4.82,5,5069,0
MDB,5,20210219,095500,4.82,4.82,4.82,4.82,100,0
MDB,5,20210219,100000,5,5,5,5,1778,0
MDB,5,20210219,100500,4.9,4.9,4.9,4.9,585,0
MDB,5,20210219,101500,4.9,4.9,4.9,4.9,328,0
MDB,5,20210219,102000,5,5,5,5,27,0
MDB,5,20210219,103000,5,5,5,5,1246,0
MDB,5,20210219,103500,4.9,4.9,4.9,4.9,1208,0
MDB,5,20210219,104000,4.98,4.98,4.98,4.98,40,0
MDB,5,20210219,105500,4.98,4.98,4.98,4.98,921,0
MDB,5,20210219,110000,5,5,4.98,4.98,679,0
MDB,5,20210219,111000,4.96,5,4.96,5,567,0
MDB,5,20210219,111500,5,5,5,5,200,0
MDB,5,20210219,112000,5,5,5,5,1582,0
MDB,5,20210219,112500,4.96,4.96,4.96,4.96,150,0
MDB,5,20210219,115500,5,5,5,5,438,0
MDB,5,20210219,123500,5,5,4.98,5,690,0
MDB,5,20210219,124000,5,5,5,5,200,0
MDB,5,20210219,124500,5,5,4.98,4.98,220,0
MDB,5,20210219,125000,4.98,5,4.98,5,459,0
MDB,5,20210219,125500,4.96,5,4.96,5,910,0
MDB,5,20210219,130000,5,5,5,5,120,0
MDB,5,20210219,130500,4.96,5,4.9,5,1546,0
MDB,5,20210219,131500,4.96,4.96,4.96,4.96,39,0
MDB,5,20210219,132000,4.9,4.9,4.9,4.9,828,0
MDB,5,20210219,133000,4.9,4.9,4.84,4.9,1020,0
MDB,5,20210219,133500,4.9,4.9,4.9,4.9,496,0
MDB,5,20210219,134000,4.84,4.9,4.82,4.82,1580,0
MDB,5,20210219,134500,4.82,4.88,4.8,4.88,3053,0
MDB,5,20210219,140000,4.8,4.8,4.8,4.8,514,0
MDB,5,20210219,140500,4.72,4.72,4.72,4.72,89,0
MDB,5,20210219,141000,4.7,4.72,4.7,4.7,2235,0
MDB,5,20210219,141500,4.72,4.72,4.7,4.7,525,0
MDB,5,20210219,142000,4.6,4.6,4.6,4.6,1,0
MDB,5,20210219,142500,4.6,4.6,4.58,4.6,3080,0
MDB,5,20210219,143000,4.6,4.78,4.6,4.78,313,0
MDB,5,20210219,143500,4.78,4.9,4.78,4.9,263,0
MDB,5,20210219,144000,4.9,4.9,4.9,4.9,764,0
MDB,5,20210219,144500,4.9,4.98,4.9,4.96,2420,0
MDB,5,20210219,151500,4.78,4.96,4.72,4.96,580,0
MDB,5,20210219,153500,4.9,4.9,4.9,4.9,300,0
MDB,5,20210219,154000,4.9,4.9,4.9,4.9,195,0
MDB,5,20210219,154500,4.9,4.9,4.9,4.9,300,0
MDB,5,20210219,155000,4.9,4.9,4.8,4.8,11,0
MDB,5,20210219,160500,4.8,4.8,4.8,4.8,518,0
MDB,5,20210219,161000,4.74,4.74,4.72,4.72,1452,0
MDB,5,20210219,161500,4.72,4.9,4.72,4.72,875,0
MDB,5,20210219,162000,4.9,4.9,4.9,4.9,1,0
MDB,5,20210219,163000,4.72,4.72,4.7,4.7,6273,0
MDB,5,20210219,163500,4.9,4.9,4.9,4.9,201,0
MDB,5,20210219,164500,4.86,4.86,4.86,4.86,674,0
MDB,5,20210222,090000,4.9,4.9,4.86,4.88,7189,0
MDB,5,20210222,090500,4.88,4.88,4.86,4.86,1595,0
MDB,5,20210222,091000,4.72,4.86,4.72,4.86,120,0
MDB,5,20210222,091500,4.72,4.72,4.72,4.72,37,0
MDB,5,20210222,092500,4.74,4.74,4.74,4.74,150,0
MDB,5,20210222,093500,4.74,4.74,4.7,4.7,330,0
MDB,5,20210222,094000,4.7,4.7,4.7,4.7,820,0
MDB,5,20210222,094500,4.7,4.7,4.64,4.64,181,0
MDB,5,20210222,095000,4.66,4.66,4.66,4.66,520,0
MDB,5,20210222,095500,4.66,4.78,4.6,4.78,5570,0
MDB,5,20210222,101000,4.74,4.74,4.62,4.62,200,0
MDB,5,20210222,101500,4.62,4.74,4.62,4.74,225,0
MDB,5,20210222,103000,4.74,4.78,4.74,4.78,1341,0
MDB,5,20210222,103500,4.68,4.68,4.64,4.64,1299,0
MDB,5,20210222,104000,4.76,4.78,4.76,4.78,773,0
MDB,5,20210222,104500,4.64,4.64,4.64,4.64,1,0
MDB,5,20210222,110500,4.66,4.66,4.66,4.66,318,0
MDB,5,20210222,111500,4.64,4.64,4.62,4.62,636,0
MDB,5,20210222,112000,4.64,4.72,4.64,4.64,767,0
MDB,5,20210222,113500,4.66,4.66,4.64,4.64,900,0
MDB,5,20210222,114000,4.64,4.64,4.64,4.64,540,0
MDB,5,20210222,115000,4.74,4.74,4.74,4.74,33,0
MDB,5,20210222,121000,4.66,4.66,4.6,4.6,1000,0
MDB,5,20210222,121500,4.6,4.6,4.6,4.6,480,0
MDB,5,20210222,124000,4.6,4.6,4.6,4.6,2758,0
MDB,5,20210222,125000,4.6,4.6,4.6,4.6,200,0
MDB,5,20210222,130500,4.74,4.74,4.74,4.74,10,0
MDB,5,20210222,132000,4.62,4.62,4.6,4.6,4274,0
MDB,5,20210222,141000,4.74,4.74,4.74,4.74,1,0
MDB,5,20210222,142000,4.74,4.74,4.74,4.74,480,0
MDB,5,20210222,142500,4.66,4.66,4.66,4.66,1,0
MDB,5,20210222,143000,4.66,4.72,4.6,4.72,511,0
MDB,5,20210222,144500,4.7,4.7,4.6,4.6,5004,0
MDB,5,20210222,151500,4.6,4.6,4.54,4.54,1174,0
MDB,5,20210222,152000,4.7,4.72,4.48,4.72,1310,0
MDB,5,20210222,155500,4.5,4.5,4.5,4.5,1,0
MDB,5,20210222,160000,4.66,4.7,4.66,4.7,300,0
MDB,5,20210222,160500,4.54,4.54,4.54,4.54,1,0
MDB,5,20210222,161500,4.66,4.66,4.66,4.66,100,0
MDB,5,20210222,162000,4.68,4.68,4.68,4.68,300,0
MDB,5,20210222,163000,4.56,4.56,4.56,4.56,201,0
MDB,5,20210222,163500,4.66,4.66,4.56,4.56,400,0
MDB,5,20210222,164500,4.66,4.66,4.56,4.56,601,0
MDB,5,20210223,090000,4.64,4.64,4.64,4.64,3716,0
MDB,5,20210223,090500,4.56,4.56,4.56,4.56,178,0
MDB,5,20210223,091000,4.56,4.64,4.52,4.62,2109,0
MDB,5,20210223,091500,4.52,4.52,4.52,4.52,179,0
MDB,5,20210223,092500,4.52,4.52,4.5,4.5,1397,0
MDB,5,20210223,093000,4.5,4.5,4.24,4.24,7814,0
MDB,5,20210223,093500,4.24,4.24,4.24,4.24,300,0
MDB,5,20210223,094000,4.3,4.4,4.28,4.28,8395,0
MDB,5,20210223,094500,4.3,4.3,4.28,4.28,2472,0
MDB,5,20210223,095000,4.28,4.28,4.28,4.28,340,0
MDB,5,20210223,100000,4.32,4.32,4.32,4.32,30,0
MDB,5,20210223,100500,4.32,4.4,4.3,4.4,3187,0
MDB,5,20210223,101000,4.3,4.3,4.3,4.3,1,0
MDB,5,20210223,101500,4.3,4.3,4.3,4.3,67,0
MDB,5,20210223,103500,4.4,4.4,4.4,4.4,300,0
MDB,5,20210223,104000,4.4,4.4,4.4,4.4,180,0
MDB,5,20210223,110000,4.3,4.3,4.3,4.3,1227,0
MDB,5,20210223,110500,4.38,4.38,4.38,4.38,1200,0
MDB,5,20210223,112500,4.38,4.4,4.38,4.4,1485,0
MDB,5,20210223,113000,4.4,4.4,4.4,4.4,500,0
MDB,5,20210223,114500,4.3,4.3,4.28,4.28,1200,0
MDB,5,20210223,120000,4.34,4.34,4.34,4.34,985,0
MDB,5,20210223,121000,4.34,4.34,4.34,4.34,875,0
MDB,5,20210223,122500,4.34,4.34,4.34,4.34,789,0
MDB,5,20210223,123000,4.28,4.28,4.28,4.28,1000,0
MDB,5,20210223,123500,4.3,4.3,4.3,4.3,183,0
MDB,5,20210223,125000,4.3,4.3,4.3,4.3,320,0
MDB,5,20210223,125500,4.3,4.3,4.3,4.3,80,0
MDB,5,20210223,131500,4.34,4.34,4.34,4.34,350,0
MDB,5,20210223,132500,4.3,4.3,4.3,4.3,1010,0
MDB,5,20210223,133500,4.3,4.3,4.3,4.3,934,0
MDB,5,20210223,134000,4.3,4.3,4.3,4.3,1183,0
MDB,5,20210223,134500,4.34,4.34,4.34,4.34,502,0
MDB,5,20210223,135000,4.3,4.3,4.3,4.3,1000,0
MDB,5,20210223,142500,4.3,4.3,4.22,4.22,6500,0
MDB,5,20210223,143000,4.22,4.22,4.22,4.22,564,0
MDB,5,20210223,144000,4.3,4.3,4.3,4.3,17,0
MDB,5,20210223,145000,4.3,4.3,4.3,4.3,300,0
MDB,5,20210223,151500,4.3,4.3,4.3,4.3,300,0
MDB,5,20210223,152000,4.3,4.3,4.3,4.3,844,0
MDB,5,20210223,152500,4.28,4.28,4.28,4.28,300,0
MDB,5,20210223,155500,4.26,4.26,4.26,4.26,3350,0
MDB,5,20210223,160000,4.34,4.34,4.2,4.2,3390,0
MDB,5,20210223,160500,4.2,4.26,4.2,4.26,6731,0
MDB,5,20210223,161500,4.26,4.26,4.26,4.26,200,0
MDB,5,20210223,162000,4.2,4.2,4.2,4.2,500,0
MDB,5,20210223,162500,4.2,4.2,4.08,4.1,1442,0
MDB,5,20210223,163000,4.26,4.26,4.26,4.26,309,0
MDB,5,20210223,163500,4.14,4.18,4.14,4.18,301,0
MDB,5,20210223,164000,4.18,4.18,4.18,4.18,1400,0
MDB,5,20210223,164500,4.22,4.24,4.22,4.24,2623,0
MDB,5,20210224,090000,4.1,4.24,4.1,4.24,1965,0
MDB,5,20210224,090500,4.24,4.24,4.24,4.24,400,0
MDB,5,20210224,091000,4.14,4.16,4.14,4.16,1121,0
MDB,5,20210224,091500,4.18,4.2,4.18,4.2,478,0
MDB,5,20210224,092000,4.2,4.2,4.16,4.16,720,0
MDB,5,20210224,092500,4.2,4.22,4.2,4.22,2066,0
MDB,5,20210224,093500,4.22,4.22,4.2,4.2,1350,0
MDB,5,20210224,094000,4.2,4.2,4.2,4.2,1750,0
MDB,5,20210224,094500,4.18,4.18,4.18,4.18,550,0
MDB,5,20210224,095000,4.2,4.2,4.2,4.2,650,0
MDB,5,20210224,100000,4.2,4.22,4.16,4.22,7100,0
MDB,5,20210224,100500,4.2,4.2,4.2,4.2,1829,0
MDB,5,20210224,101500,4.2,4.2,4.2,4.2,1230,0
MDB,5,20210224,102000,4.22,4.22,4.22,4.22,97,0
MDB,5,20210224,103000,4.16,4.16,4.16,4.16,484,0
MDB,5,20210224,103500,4.16,4.16,4.16,4.16,1250,0
MDB,5,20210224,104500,4.16,4.2,4.16,4.2,2290,0
MDB,5,20210224,111000,4.2,4.2,4.2,4.2,4,0
MDB,5,20210224,111500,4.16,4.16,4.16,4.16,3,0
MDB,5,20210224,112000,4.14,4.14,4.12,4.12,1247,0
MDB,5,20210224,114500,4.14,4.14,4.14,4.14,1880,0
MDB,5,20210224,120500,4.18,4.18,4.18,4.18,398,0
MDB,5,20210224,121000,4.14,4.14,4.14,4.14,200,0
MDB,5,20210224,122500,4.18,4.18,4.18,4.18,370,0
MDB,5,20210224,124000,4.2,4.2,4.2,4.2,82,0
MDB,5,20210224,124500,4.18,4.2,4.12,4.2,8414,0
MDB,5,20210224,131500,4.16,4.16,4.16,4.16,500,0
MDB,5,20210224,133000,4.18,4.18,4.18,4.18,2947,0
MDB,5,20210224,135000,4.2,4.2,4.2,4.2,500,0
MDB,5,20210224,140500,4.2,4.2,4.18,4.18,1100,0
MDB,5,20210224,141000,4.18,4.18,4.18,4.18,1000,0
MDB,5,20210224,142000,4.12,4.12,4.12,4.12,100,0
MDB,5,20210224,143000,4.18,4.18,4.18,4.18,200,0
MDB,5,20210224,150000,4.16,4.16,4.16,4.16,200,0
MDB,5,20210224,154000,4.16,4.16,4.14,4.14,500,0
MDB,5,20210224,155000,4.16,4.16,4.16,4.16,1000,0
MDB,5,20210224,163000,4.14,4.14,4.12,4.14,2500,0
MDB,5,20210224,163500,4.12,4.12,4.12,4.12,500,0
MDB,5,20210224,164500,4.12,4.12,4.12,4.12,200,0
MDB,5,20210224,165500,4.12,4.12,4.12,4.12,18,0
MDB,5,20210225,090000,4.12,4.12,4.12,4.12,100,0
MDB,5,20210225,091000,4.18,4.18,4.18,4.18,1310,0
MDB,5,20210225,091500,4.12,4.12,4.12,4.12,200,0
MDB,5,20210225,092000,4.12,4.12,4.12,4.12,200,0
MDB,5,20210225,093500,4.12,4.12,4.12,4.12,100,0
MDB,5,20210225,094000,4.2,4.2,4.2,4.2,10,0
MDB,5,20210225,094500,4.2,4.24,4.2,4.24,5002,0
MDB,5,20210225,095500,4.14,4.14,4.14,4.14,263,0
MDB,5,20210225,100000,4.24,4.24,4.24,4.24,1,0
MDB,5,20210225,100500,4.16,4.16,4.16,4.16,1,0
MDB,5,20210225,101000,4.16,4.16,4.16,4.16,199,0
MDB,5,20210225,104000,4.16,4.16,4.16,4.16,200,0
MDB,5,20210225,104500,4.16,4.16,4.16,4.16,650,0
MDB,5,20210225,105500,4.14,4.14,4.14,4.14,579,0
MDB,5,20210225,110500,4.16,4.16,4.16,4.16,500,0
MDB,5,20210225,111000,4.16,4.16,4.16,4.16,848,0
MDB,5,20210225,112500,4.16,4.16,4.16,4.16,4000,0
MDB,5,20210225,113000,4.16,4.22,4.16,4.22,140,0
MDB,5,20210225,123000,4.16,4.16,4.16,4.16,22,0
MDB,5,20210225,130000,4.14,4.14,4.12,4.12,3999,0
MDB,5,20210225,142000,4.16,4.16,4.12,4.12,520,0
MDB,5,20210225,143500,4.12,4.12,4.12,4.12,2349,0
MDB,5,20210225,144000,4.08,4.12,4,4.12,20287,0
MDB,5,20210225,145000,4.16,4.16,4.16,4.16,10,0
MDB,5,20210225,151500,4.14,4.2,4.04,4.18,6990,0
MDB,5,20210225,152500,4.06,4.18,4,4.18,8440,0
MDB,5,20210225,154500,4.02,4.02,4,4,2757,0
MDB,5,20210225,155000,4,4,4,4,243,0
MDB,5,20210225,160000,4.14,4.14,4.14,4.14,1,0
MDB,5,20210225,160500,4.12,4.12,4,4,6271,0
MDB,5,20210225,161000,4,4,4,4,280,0
MDB,5,20210225,161500,4,4,4,4,1071,0
MDB,5,20210225,162500,4.02,4.06,4,4.06,2500,0
MDB,5,20210225,163500,3.98,3.98,3.98,3.98,2444,0
MDB,5,20210225,164500,4.08,4.08,4.02,4.08,851,0
MDB,5,20210226,090000,3.98,4.14,3.98,4,14596,0
MDB,5,20210226,090500,4.12,4.12,4,4,3599,0
MDB,5,20210226,091500,4.1,4.1,3.98,3.98,2271,0
MDB,5,20210226,092000,4,4,4,4,2016,0
MDB,5,20210226,092500,3.98,3.98,3.98,3.98,1100,0
MDB,5,20210226,093000,4,4.04,4,4.04,209,0
MDB,5,20210226,093500,4,4.04,4,4.04,6653,0
MDB,5,20210226,094500,4.04,4.04,4,4,1266,0
MDB,5,20210226,100000,4,4,4,4,1259,0
MDB,5,20210226,101000,4.06,4.06,3.98,4.06,1800,0
MDB,5,20210226,101500,4.06,4.06,4.06,4.06,300,0
MDB,5,20210226,103000,4,4.06,4,4.06,545,0
MDB,5,20210226,104000,4.06,4.06,4.06,4.06,541,0
MDB,5,20210226,110000,4.06,4.06,4.06,4.06,10,0
MDB,5,20210226,111500,4,4,4,4,666,0
MDB,5,20210226,113500,4,4,4,4,533,0
MDB,5,20210226,114000,4,4,4,4,100,0
MDB,5,20210226,120000,4,4,4,4,600,0
MDB,5,20210226,120500,4,4,4,4,422,0
MDB,5,20210226,122500,4,4,4,4,300,0
MDB,5,20210226,123000,4,4,4,4,232,0
MDB,5,20210226,123500,4,4,4,4,600,0
MDB,5,20210226,125000,4.06,4.06,4.06,4.06,1,0
MDB,5,20210226,133000,4.06,4.06,4,4,1339,0
MDB,5,20210226,140500,4,4,4,4,1291,0
MDB,5,20210226,141000,4,4,4,4,635,0
MDB,5,20210226,141500,4,4,4,4,1300,0
MDB,5,20210226,142500,4,4.06,4,4.06,510,0
MDB,5,20210226,143500,4.04,4.04,3.98,3.98,3,0
MDB,5,20210226,145500,4,4.02,4,4,1223,0
MDB,5,20210226,150000,4,4,4,4,663,0
MDB,5,20210226,150500,4,4.08,4,4.08,608,0
MDB,5,20210226,151000,4,4,4,4,3081,0
MDB,5,20210226,151500,4.08,4.08,4.08,4.08,10,0
MDB,5,20210226,164500,4.08,4.08,4.08,4.08,800,0
MDB,5,20210301,090000,4.24,4.24,4.1,4.22,16094,0
MDB,5,20210301,090500,4.2,4.2,4.2,4.2,526,0
MDB,5,20210301,091000,4.18,4.18,4.06,4.14,3158,0
MDB,5,20210301,091500,4.12,4.12,4,4,3758,0
MDB,5,20210301,092000,4.08,4.08,4.08,4.08,10,0
MDB,5,20210301,093000,4.08,4.1,4,4.08,4165,0
MDB,5,20210301,093500,4,4,4,4,2000,0
MDB,5,20210301,094000,4.08,4.08,4,4.08,7539,0
MDB,5,20210301,095000,4,4,4,4,4649,0
MDB,5,20210301,095500,3.98,3.98,3.98,3.98,1936,0
MDB,5,20210301,100000,3.98,3.98,3.98,3.98,1000,0
MDB,5,20210301,101000,3.98,3.98,3.98,3.98,311,0
MDB,5,20210301,102000,3.96,3.98,3.96,3.98,789,0
MDB,5,20210301,102500,3.98,3.98,3.98,3.98,700,0
MDB,5,20210301,111500,4.02,4.02,4.02,4.02,379,0
MDB,5,20210301,112500,4,4,4,4,500,0
MDB,5,20210301,113500,4,4,4,4,20,0
MDB,5,20210301,120500,4.02,4.02,4.02,4.02,20,0
MDB,5,20210301,121000,4,4,4,4,830,0
MDB,5,20210301,130000,4,4,4,4,67,0
MDB,5,20210301,131000,4,4,4,4,659,0
MDB,5,20210301,133500,4.02,4.02,4.02,4.02,100,0
MDB,5,20210301,140000,4,4,4,4,18,0
MDB,5,20210301,140500,4,4,3.98,3.98,979,0
MDB,5,20210301,141000,3.98,3.98,3.98,3.98,300,0
MDB,5,20210301,142000,3.98,3.98,3.96,3.96,3000,0
MDB,5,20210301,142500,3.96,3.96,3.96,3.96,1500,0
MDB,5,20210301,145500,3.98,3.98,3.98,3.98,1,0
MDB,5,20210301,150000,3.98,3.98,3.98,3.98,380,0
MDB,5,20210301,151000,3.98,3.98,3.98,3.98,1120,0
MDB,5,20210301,153500,3.98,3.98,3.98,3.98,505,0
MDB,5,20210301,154500,3.98,3.98,3.98,3.98,370,0
MDB,5,20210301,161500,3.98,3.98,3.98,3.98,1625,0
MDB,5,20210301,162000,4,4,4,4,2732,0
MDB,5,20210301,163000,4.04,4.04,4.04,4.04,465,0
MDB,5,20210301,164500,4.04,4.04,4,4,764,0
MDB,5,20210302,090000,4.02,4.02,4.02,4.02,155,0
MDB,5,20210302,090500,3.98,3.98,3.98,3.98,1620,0
MDB,5,20210302,091000,3.98,3.98,3.98,3.98,692,0
MDB,5,20210302,092500,3.94,3.94,3.94,3.94,260,0
MDB,5,20210302,093000,3.94,3.94,3.94,3.94,444,0
MDB,5,20210302,093500,3.92,3.96,3.92,3.96,101,0
MDB,5,20210302,094000,3.96,3.96,3.96,3.96,5250,0
MDB,5,20210302,094500,3.92,3.96,3.92,3.96,2054,0
MDB,5,20210302,100000,3.92,3.96,3.9,3.9,5089,0
MDB,5,20210302,100500,3.88,3.9,3.84,3.9,1916,0
MDB,5,20210302,101500,3.9,3.9,3.9,3.9,360,0
MDB,5,20210302,102000,3.86,3.86,3.86,3.86,7000,0
MDB,5,20210302,104000,3.88,3.88,3.88,3.88,175,0
MDB,5,20210302,104500,3.88,3.88,3.84,3.84,3389,0
MDB,5,20210302,105000,3.86,3.86,3.86,3.86,220,0
MDB,5,20210302,110000,3.88,3.88,3.88,3.88,500,0
MDB,5,20210302,112000,3.84,3.84,3.84,3.84,422,0
MDB,5,20210302,113000,3.86,3.86,3.86,3.86,1,0
MDB,5,20210302,114000,3.86,3.86,3.86,3.86,100,0
MDB,5,20210302,115000,3.84,3.86,3.84,3.86,920,0
MDB,5,20210302,115500,3.86,3.86,3.86,3.86,520,0
MDB,5,20210302,121500,3.86,3.94,3.86,3.94,1293,0
MDB,5,20210302,123500,3.86,3.86,3.86,3.86,300,0
MDB,5,20210302,124500,3.86,3.86,3.86,3.86,63,0
MDB,5,20210302,125000,3.84,3.84,3.84,3.84,442,0
MDB,5,20210302,125500,3.88,3.88,3.88,3.88,194,0
MDB,5,20210302,132500,3.9,3.9,3.9,3.9,105,0
MDB,5,20210302,140000,3.88,3.88,3.88,3.88,370,0
MDB,5,20210302,140500,3.88,3.88,3.88,3.88,1000,0
MDB,5,20210302,141500,3.88,3.88,3.88,3.88,345,0
MDB,5,20210302,143500,3.88,3.88,3.86,3.86,1155,0
MDB,5,20210302,150500,3.86,3.86,3.86,3.86,1500,0
MDB,5,20210302,152000,3.86,3.86,3.86,3.86,380,0
MDB,5,20210302,154000,3.9,3.9,3.9,3.9,895,0
MDB,5,20210302,154500,3.92,3.92,3.92,3.92,500,0
MDB,5,20210302,164500,3.88,3.92,3.88,3.92,1186,0
MDB,5,20210303,090000,4,4,3.86,3.86,1774,0
MDB,5,20210303,090500,3.86,3.86,3.86,3.86,600,0
MDB,5,20210303,091000,3.84,3.84,3.84,3.84,1504,0
MDB,5,20210303,091500,3.82,4,3.8,4,2013,0
MDB,5,20210303,094500,3.86,3.86,3.86,3.86,800,0
MDB,5,20210303,095000,4,4,4,4,1,0
MDB,5,20210303,100500,3.98,3.98,3.98,3.98,1003,0
MDB,5,20210303,104500,3.94,4,3.94,4,1000,0
MDB,5,20210303,115000,3.88,3.88,3.86,3.86,1000,0
MDB,5,20210303,120500,3.84,3.84,3.8,3.8,2139,0
MDB,5,20210303,121500,3.82,3.98,3.8,3.98,844,0
MDB,5,20210303,123000,3.8,3.8,3.8,3.8,763,0
MDB,5,20210303,123500,3.76,3.76,3.76,3.76,1084,0
MDB,5,20210303,124000,3.76,3.76,3.76,3.76,61,0
MDB,5,20210303,125000,3.8,3.8,3.8,3.8,100,0
MDB,5,20210303,131500,3.9,3.9,3.9,3.9,228,0
MDB,5,20210303,132000,3.84,3.84,3.84,3.84,100,0
MDB,5,20210303,132500,3.84,3.9,3.84,3.84,201,0
MDB,5,20210303,134500,3.84,3.84,3.84,3.84,100,0
MDB,5,20210303,135500,3.9,3.9,3.9,3.9,1000,0
MDB,5,20210303,140000,3.84,3.84,3.84,3.84,150,0
MDB,5,20210303,141000,3.84,3.84,3.82,3.82,100,0
MDB,5,20210303,142000,3.82,3.82,3.82,3.82,50,0
MDB,5,20210303,142500,3.82,3.82,3.8,3.8,221,0
MDB,5,20210303,143500,3.82,3.82,3.8,3.8,4479,0
MDB,5,20210303,144000,3.86,3.86,3.86,3.86,545,0
MDB,5,20210303,144500,3.82,3.82,3.82,3.82,200,0
MDB,5,20210303,145000,3.78,3.78,3.74,3.74,1821,0
MDB,5,20210303,151500,3.84,3.84,3.84,3.84,10,0
MDB,5,20210303,153500,3.84,3.84,3.84,3.84,990,0
MDB,5,20210303,154500,3.86,3.86,3.86,3.86,1,0
MDB,5,20210303,163000,3.86,3.86,3.86,3.86,1,0
MDB,5,20210304,090000,3.9,3.9,3.86,3.86,110,0
MDB,5,20210304,090500,3.86,3.86,3.8,3.8,100,0
MDB,5,20210304,091000,3.86,3.9,3.8,3.8,398,0
MDB,5,20210304,091500,3.8,3.9,3.7,3.7,3014,0
MDB,5,20210304,092000,3.88,3.88,3.88,3.88,21,0
MDB,5,20210304,093000,3.64,3.8,3.64,3.8,57,0
MDB,5,20210304,094500,3.74,3.74,3.66,3.66,1444,0
MDB,5,20210304,100500,3.68,3.74,3.66,3.74,1626,0
MDB,5,20210304,101000,3.66,3.66,3.56,3.56,8030,0
MDB,5,20210304,101500,3.6,3.6,3.6,3.6,1370,0
MDB,5,20210304,103000,3.6,3.6,3.6,3.6,1442,0
MDB,5,20210304,103500,3.56,3.6,3.56,3.58,900,0
MDB,5,20210304,104500,3.6,3.6,3.6,3.6,1126,0
MDB,5,20210304,105500,3.58,3.58,3.58,3.58,300,0
MDB,5,20210304,110000,3.58,3.6,3.58,3.6,538,0
MDB,5,20210304,111000,3.6,3.6,3.6,3.6,200,0
MDB,5,20210304,111500,3.6,3.6,3.6,3.6,13582,0
MDB,5,20210304,112000,3.74,3.74,3.74,3.74,1,0
MDB,5,20210304,113000,3.74,3.74,3.74,3.74,510,0
MDB,5,20210304,120500,3.74,3.74,3.74,3.74,1128,0
MDB,5,20210304,121500,3.74,3.78,3.74,3.78,510,0
MDB,5,20210304,122500,3.8,3.8,3.8,3.8,50,0
MDB,5,20210304,124500,3.8,3.8,3.8,3.8,1313,0
MDB,5,20210304,125000,3.8,3.8,3.8,3.8,250,0
MDB,5,20210304,130500,3.8,3.8,3.8,3.8,124,0
MDB,5,20210304,131000,3.84,3.84,3.84,3.84,1,0
MDB,5,20210304,132000,3.84,3.84,3.84,3.84,1000,0
MDB,5,20210304,132500,3.84,3.88,3.84,3.88,2171,0
MDB,5,20210304,133000,3.88,3.9,3.88,3.9,973,0
MDB,5,20210304,135500,3.84,3.84,3.84,3.84,100,0
MDB,5,20210304,140500,3.9,3.9,3.9,3.9,150,0
MDB,5,20210304,141000,3.9,3.98,3.9,3.98,3154,0
MDB,5,20210304,143000,3.96,3.98,3.96,3.98,801,0
MDB,5,20210304,144500,3.96,3.96,3.84,3.84,972,0
MDB,5,20210304,145000,3.86,3.98,3.86,3.98,2247,0
MDB,5,20210304,150000,3.94,3.94,3.94,3.94,6,0
MDB,5,20210304,151500,3.86,3.86,3.86,3.86,527,0
MDB,5,20210304,152500,3.94,3.94,3.94,3.94,4,0
MDB,5,20210304,163500,3.9,3.9,3.9,3.9,1000,0
MDB,5,20210304,164500,3.86,3.86,3.86,3.86,6722,0
MDB,5,20210305,090000,3.94,3.94,3.88,3.88,71,0
MDB,5,20210305,094000,3.88,3.88,3.86,3.86,2160,0
MDB,5,20210305,094500,3.88,3.88,3.88,3.88,100,0
MDB,5,20210305,100000,3.94,3.94,3.94,3.94,5,0
MDB,5,20210305,102500,3.8,3.88,3.8,3.88,101,0
MDB,5,20210305,103000,3.8,3.8,3.8,3.8,1000,0
MDB,5,20210305,103500,3.86,3.86,3.86,3.86,164,0
MDB,5,20210305,110500,3.88,3.88,3.88,3.88,1,0
MDB,5,20210305,111000,3.88,3.88,3.88,3.88,280,0
MDB,5,20210305,111500,3.86,3.86,3.86,3.86,156,0
MDB,5,20210305,120000,3.96,3.96,3.96,3.96,5,0
MDB,5,20210305,122500,3.84,3.84,3.84,3.84,500,0
MDB,5,20210305,123500,3.84,3.94,3.82,3.94,100,0
MDB,5,20210305,143000,3.94,3.94,3.94,3.94,73,0
MDB,5,20210305,143500,3.88,3.88,3.84,3.84,5800,0
MDB,5,20210305,144000,3.84,3.94,3.84,3.94,255,0
MDB,5,20210305,151000,3.94,3.94,3.94,3.94,31,0
MDB,5,20210305,164500,3.92,3.92,3.92,3.92,2486,0
MDB,5,20210308,090000,4,4,3.98,3.98,10892,0
MDB,5,20210308,090500,3.98,3.98,3.98,3.98,426,0
MDB,5,20210308,091000,3.94,3.94,3.94,3.94,200,0
MDB,5,20210308,100500,3.94,3.94,3.94,3.94,100,0
MDB,5,20210308,101500,3.92,3.92,3.92,3.92,138,0
MDB,5,20210308,103000,3.84,3.94,3.84,3.84,1638,0
MDB,5,20210308,103500,3.86,3.94,3.84,3.94,570,0
MDB,5,20210308,104000,3.84,3.84,3.84,3.84,150,0
MDB,5,20210308,104500,3.94,3.94,3.94,3.94,1,0
MDB,5,20210308,110500,3.94,3.94,3.86,3.86,1774,0
MDB,5,20210308,111000,3.84,3.96,3.84,3.96,2973,0
MDB,5,20210308,113500,3.84,3.84,3.84,3.84,1218,0
MDB,5,20210308,114000,3.94,3.94,3.94,3.94,1,0
MDB,5,20210308,124000,3.86,3.86,3.86,3.86,100,0
MDB,5,20210308,124500,3.86,3.86,3.86,3.86,130,0
MDB,5,20210308,125000,3.86,3.86,3.84,3.84,380,0
MDB,5,20210308,125500,3.86,3.86,3.86,3.86,25,0
MDB,5,20210308,130000,3.86,3.86,3.86,3.86,500,0
MDB,5,20210308,131000,3.86,3.86,3.86,3.86,1000,0
MDB,5,20210308,131500,3.84,3.84,3.84,3.84,1000,0
MDB,5,20210308,132000,3.86,3.96,3.86,3.96,1463,0
MDB,5,20210308,135500,3.94,3.94,3.94,3.94,500,0
MDB,5,20210308,141000,3.96,3.96,3.96,3.96,8,0
MDB,5,20210308,142000,3.84,3.96,3.82,3.82,973,0
MDB,5,20210308,143500,3.96,3.96,3.96,3.96,1,0
MDB,5,20210308,144500,3.96,3.96,3.96,3.96,18,0
MDB,5,20210308,145000,3.96,3.96,3.96,3.96,15,0
MDB,5,20210308,163500,3.82,3.82,3.82,3.82,353,0
MDB,5,20210308,164500,3.94,3.94,3.94,3.94,5001,0
MDB,5,20210309,090000,4,4,4,4,12034,0
MDB,5,20210309,092500,4,4,4,4,11,0
MDB,5,20210309,094500,4,4,4,4,15,0
MDB,5,20210309,104000,4,4,4,4,147,0
MDB,5,20210309,105000,3.94,3.94,3.94,3.94,8,0
MDB,5,20210309,105500,4,4,4,4,1,0
MDB,5,20210309,110500,3.94,3.94,3.94,3.94,162,0
MDB,5,20210309,111000,3.94,3.94,3.94,3.94,300,0
MDB,5,20210309,111500,3.94,3.94,3.94,3.94,200,0
MDB,5,20210309,112000,3.94,3.94,3.94,3.94,300,0
MDB,5,20210309,113000,3.94,3.94,3.94,3.94,38,0
MDB,5,20210309,120000,3.96,3.96,3.96,3.96,330,0
MDB,5,20210309,120500,3.94,3.94,3.92,3.92,450,0
MDB,5,20210309,121000,4,4,4,4,101,0
MDB,5,20210309,122500,4,4.1,4,4.1,1968,0
MDB,5,20210309,123000,4,4.1,4,4.1,2005,0
MDB,5,20210309,123500,4.1,4.14,4.1,4.12,645,0
MDB,5,20210309,125500,4.1,4.12,4.1,4.12,300,0
MDB,5,20210309,130500,4.12,4.12,4.12,4.12,385,0
MDB,5,20210309,135000,4.02,4.02,4.02,4.02,7,0
MDB,5,20210309,135500,4.08,4.08,4.08,4.08,6,0
MDB,5,20210309,150000,4.08,4.1,4.08,4.1,3650,0
MDB,5,20210309,151000,4.1,4.1,4.1,4.1,125,0
MDB,5,20210309,153000,4.04,4.04,4.04,4.04,7,0
MDB,5,20210309,153500,4.04,4.08,4.04,4.08,40,0
MDB,5,20210309,162000,4.04,4.04,4,4,107,0
MDB,5,20210309,162500,3.96,4.08,3.92,4.08,994,0
MDB,5,20210309,164500,4.08,4.08,4.08,4.08,539,0
MDB,5,20210309,165500,4.1,4.1,4.1,4.1,251,0
MDB,5,20210310,090000,4.1,4.1,4.1,4.1,736,0
MDB,5,20210310,090500,4.1,4.1,4.1,4.1,1078,0
MDB,5,20210310,093500,4.08,4.08,4.08,4.08,750,0
MDB,5,20210310,095000,4.08,4.08,4.08,4.08,340,0
MDB,5,20210310,103500,4.08,4.08,4.08,4.08,576,0
MDB,5,20210310,105000,4.08,4.08,4.08,4.08,424,0
MDB,5,20210310,111000,3.96,4.08,3.96,4.08,501,0
MDB,5,20210310,113500,3.98,3.98,3.98,3.98,565,0
MDB,5,20210310,114500,3.98,3.98,3.98,3.98,276,0
MDB,5,20210310,115500,3.98,3.98,3.98,3.98,6,0
MDB,5,20210310,120500,3.98,3.98,3.86,3.86,2043,0
MDB,5,20210310,121000,3.94,3.94,3.94,3.94,300,0
MDB,5,20210310,122000,3.98,3.98,3.98,3.98,1,0
MDB,5,20210310,124000,3.98,4.1,3.98,4.1,567,0
MDB,5,20210310,130500,3.88,3.88,3.88,3.88,737,0
MDB,5,20210310,131000,4.06,4.06,4.06,4.06,5,0
MDB,5,20210310,140500,3.9,3.9,3.86,3.86,994,0
MDB,5,20210310,141000,4.04,4.04,4.04,4.04,5,0
MDB,5,20210310,142500,3.88,4.04,3.88,4.04,631,0
MDB,5,20210310,143000,3.88,4.04,3.86,4.04,1005,0
MDB,5,20210310,154000,4.04,4.1,4.04,4.1,527,0
MDB,5,20210310,163500,3.9,3.9,3.9,3.9,1030,0
MDB,5,20210310,164500,3.98,4,3.98,4,2047,0
MDB,5,20210311,090000,4,4,4,4,498,0
MDB,5,20210311,091500,3.9,3.9,3.88,3.9,947,0
MDB,5,20210311,092000,3.88,3.88,3.88,3.88,453,0
MDB,5,20210311,092500,3.88,3.9,3.88,3.9,651,0
MDB,5,20210311,093000,4,4,4,4,25,0
MDB,5,20210311,101500,3.98,3.98,3.94,3.94,700,0
MDB,5,20210311,103000,3.9,3.9,3.9,3.9,50,0
MDB,5,20210311,103500,4,4,4,4,5,0
MDB,5,20210311,111500,3.94,3.94,3.88,3.88,327,0
MDB,5,20210311,112500,3.88,3.88,3.86,3.86,830,0
MDB,5,20210311,113000,3.98,3.98,3.98,3.98,1,0
MDB,5,20210311,114500,3.86,3.86,3.86,3.86,500,0
MDB,5,20210311,115000,3.96,4,3.96,4,3170,0
MDB,5,20210311,131500,4,4,4,4,2,0
MDB,5,20210311,133000,3.9,3.9,3.9,3.9,100,0
MDB,5,20210311,133500,3.9,3.9,3.9,3.9,700,0
MDB,5,20210311,134000,3.9,3.98,3.9,3.98,207,0
MDB,5,20210311,140500,3.88,3.88,3.88,3.88,745,0
MDB,5,20210311,143500,3.98,3.98,3.98,3.98,5,0
MDB,5,20210311,145000,3.88,3.96,3.86,3.96,220,0
MDB,5,20210311,150000,3.96,3.96,3.96,3.96,100,0
MDB,5,20210311,151000,3.96,3.96,3.96,3.96,322,0
MDB,5,20210311,151500,3.96,3.96,3.96,3.96,434,0
MDB,5,20210311,162500,3.92,3.92,3.92,3.92,120,0
MDB,5,20210311,164500,4,4,4,4,200,0
MDB,5,20210312,090000,3.9,3.98,3.9,3.98,3482,0
MDB,5,20210312,090500,3.98,4,3.98,4,3483,0
MDB,5,20210312,091000,4,4,4,4,2003,0
MDB,5,20210312,091500,4.02,4.02,4,4,676,0
MDB,5,20210312,092000,4.02,4.02,4.02,4.02,240,0
MDB,5,20210312,092500,4,4,4,4,134,0
MDB,5,20210312,093500,4,4,4,4,350,0
MDB,5,20210312,104500,3.92,3.92,3.9,3.9,1920,0
MDB,5,20210312,105500,3.9,3.9,3.88,3.88,1100,0
MDB,5,20210312,110000,3.88,3.88,3.86,3.86,12752,0
MDB,5,20210312,110500,3.96,3.96,3.96,3.96,15,0
MDB,5,20210312,111500,3.96,3.96,3.96,3.96,50,0
MDB,5,20210312,114000,3.9,3.96,3.86,3.96,1001,0
MDB,5,20210312,135500,3.9,3.9,3.9,3.9,450,0
MDB,5,20210312,144500,3.92,3.92,3.92,3.92,9,0
MDB,5,20210312,145500,3.92,3.92,3.86,3.86,1372,0
MDB,5,20210312,150000,3.86,3.92,3.86,3.86,351,0
MDB,5,20210312,150500,3.92,3.94,3.92,3.94,787,0
MDB,5,20210312,151000,3.96,3.96,3.96,3.96,1666,0
MDB,5,20210312,153000,3.96,3.96,3.96,3.96,8,0
MDB,5,20210312,154000,3.92,3.96,3.92,3.96,419,0
MDB,5,20210312,161500,3.96,3.98,3.96,3.98,674,0
MDB,5,20210312,162000,3.98,3.98,3.98,3.98,250,0
MDB,5,20210312,164000,3.98,3.98,3.98,3.98,740,0
MDB,5,20210312,164500,4,4,3.98,3.98,257,0
MDB,5,20210315,090000,3.98,4.1,3.98,4.1,5331,0
MDB,5,20210315,090500,4.1,4.18,4.1,4.18,4081,0
MDB,5,20210315,091000,4.16,4.16,4.16,4.16,669,0
MDB,5,20210315,092000,4.16,4.18,4.16,4.16,4123,0
MDB,5,20210315,093500,4.16,4.18,4.16,4.18,3073,0
MDB,5,20210315,094000,4.18,4.18,4.18,4.18,300,0
MDB,5,20210315,100000,4.1,4.18,3.9,4.18,955,0
MDB,5,20210315,100500,4.16,4.16,4.16,4.16,299,0
MDB,5,20210315,101000,4.16,4.16,4.16,4.16,179,0
MDB,5,20210315,103500,4.14,4.14,4.14,4.14,100,0
MDB,5,20210315,104000,4.14,4.16,4.14,4.16,171,0
MDB,5,20210315,105000,4.16,4.16,4.16,4.16,23,0
MDB,5,20210315,111000,4.14,4.14,4.14,4.14,300,0
MDB,5,20210315,112000,4.14,4.14,4.14,4.14,235,0
MDB,5,20210315,112500,4.1,4.1,4.1,4.1,1045,0
MDB,5,20210315,114500,4.02,4.1,3.96,4.1,1306,0
MDB,5,20210315,121500,3.98,3.98,3.98,3.98,556,0
MDB,5,20210315,122500,3.96,3.96,3.94,3.94,2111,0
MDB,5,20210315,123000,3.96,3.96,3.9,3.9,3000,0
MDB,5,20210315,124500,3.96,3.96,3.96,3.96,473,0
MDB,5,20210315,125000,4.08,4.08,4.08,4.08,5,0
MDB,5,20210315,125500,3.96,3.96,3.96,3.96,50,0
MDB,5,20210315,130500,3.96,3.96,3.9,3.9,1639,0
MDB,5,20210315,131000,3.9,3.9,3.9,3.9,600,0
MDB,5,20210315,132000,3.9,4.1,3.9,4.08,1440,0
MDB,5,20210315,132500,4.08,4.1,3.96,3.96,2696,0
MDB,5,20210315,133000,4.1,4.1,4.1,4.1,1016,0
MDB,5,20210315,133500,4.14,4.14,4.14,4.14,4,0
MDB,5,20210315,134000,4.14,4.14,4.14,4.14,1100,0
MDB,5,20210315,134500,4.12,4.14,4.12,4.14,1240,0
MDB,5,20210315,135000,4.14,4.4,4.14,4.4,38491,0
MDB,5,20210315,135500,4.4,4.7,4.4,4.56,16318,0
MDB,5,20210315,140000,4.5,4.5,4.34,4.48,2234,0
MDB,5,20210315,140500,4.48,4.5,4.4,4.4,16490,0
MDB,5,20210315,141000,4.36,4.48,4.34,4.46,3130,0
MDB,5,20210315,141500,4.44,4.44,4.38,4.4,1905,0
MDB,5,20210315,142000,4.4,4.66,4.4,4.64,17931,0
MDB,5,20210315,142500,4.6,4.64,4.6,4.64,1314,0
MDB,5,20210315,143500,4.6,4.64,4.5,4.64,7749,0
MDB,5,20210315,144000,4.6,4.64,4.6,4.64,1280,0
MDB,5,20210315,144500,4.64,4.68,4.64,4.68,5175,0
MDB,5,20210315,145000,4.66,4.7,4.66,4.7,13428,0
MDB,5,20210315,145500,4.66,4.76,4.64,4.76,33357,0
MDB,5,20210315,150500,4.8,4.86,4.8,4.86,17338,0
MDB,5,20210315,151000,4.86,4.92,4.8,4.8,13125,0
MDB,5,20210315,151500,4.78,4.82,4.72,4.82,11288,0
MDB,5,20210315,152000,4.82,4.82,4.8,4.8,2920,0
MDB,5,20210315,152500,4.8,4.8,4.7,4.7,7543,0
MDB,5,20210315,153000,4.7,4.7,4.6,4.7,18850,0
MDB,5,20210315,153500,4.7,4.74,4.7,4.7,4038,0
MDB,5,20210315,154000,4.68,4.68,4.62,4.62,5690,0
MDB,5,20210315,154500,4.62,4.68,4.6,4.68,7251,0
MDB,5,20210315,155000,4.68,4.68,4.6,4.6,2840,0
MDB,5,20210315,155500,4.66,4.68,4.6,4.68,3132,0
MDB,5,20210315,160000,4.7,4.7,4.66,4.68,6886,0
MDB,5,20210315,160500,4.68,4.68,4.62,4.62,1835,0
MDB,5,20210315,161000,4.7,4.8,4.7,4.76,18919,0
MDB,5,20210315,161500,4.8,4.8,4.7,4.7,8552,0
MDB,5,20210315,162000,4.7,4.7,4.7,4.7,785,0
MDB,5,20210315,162500,4.76,4.78,4.74,4.76,9206,0
MDB,5,20210315,163000,4.78,4.78,4.7,4.7,2938,0
MDB,5,20210315,163500,4.78,4.78,4.7,4.78,772,0
MDB,5,20210315,164000,4.78,4.78,4.76,4.76,10383,0
MDB,5,20210315,164500,4.76,4.76,4.72,4.72,14402,0
MDB,5,20210316,090000,5.05,5.7,5.05,5.3,73563,0
MDB,5,20210316,090500,5.55,5.55,5.2,5.2,28699,0
MDB,5,20210316,091000,5.25,5.5,5.25,5.5,23115,0
MDB,5,20210316,091500,5.5,5.5,5.4,5.5,12391,0
MDB,5,20210316,092000,5.5,5.6,5.5,5.55,18551,0
MDB,5,20210316,092500,5.5,5.5,5.4,5.4,8742,0
MDB,5,20210316,093000,5.35,5.4,5.25,5.3,5244,0
MDB,5,20210316,093500,5.3,5.4,5.15,5.15,8845,0
MDB,5,20210316,094000,5.15,5.3,5.1,5.15,7165,0
MDB,5,20210316,094500,5.15,5.3,5.15,5.3,4368,0
MDB,5,20210316,095000,5.3,5.35,5.3,5.35,4539,0
MDB,5,20210316,095500,5.3,5.35,5.15,5.3,5230,0
MDB,5,20210316,100000,5.15,5.3,5.15,5.3,2900,0
MDB,5,20210316,100500,5.3,5.3,5.3,5.3,1607,0
MDB,5,20210316,101000,5.3,5.4,5.25,5.4,12889,0
MDB,5,20210316,101500,5.4,5.5,5.3,5.45,3739,0
MDB,5,20210316,102000,5.45,5.45,5.3,5.45,1099,0
MDB,5,20210316,102500,5.45,5.5,5.45,5.5,3885,0
MDB,5,20210316,103000,5.45,5.65,5.45,5.65,21095,0
MDB,5,20210316,103500,5.65,5.65,5.5,5.6,8281,0
MDB,5,20210316,104000,5.6,5.6,5.4,5.4,6553,0
MDB,5,20210316,104500,5.4,5.55,5.4,5.55,4524,0
MDB,5,20210316,105000,5.55,5.55,5.5,5.55,3541,0
MDB,5,20210316,105500,5.55,5.6,5.55,5.6,3219,0
MDB,5,20210316,110000,5.6,5.6,5.6,5.6,656,0
MDB,5,20210316,110500,5.5,5.6,5.5,5.6,3448,0
MDB,5,20210316,111000,5.55,5.55,5.45,5.5,486,0
MDB,5,20210316,111500,5.45,5.55,5.45,5.55,1125,0
MDB,5,20210316,112000,5.55,5.55,5.55,5.55,150,0
MDB,5,20210316,112500,5.55,5.55,5.5,5.5,3680,0
MDB,5,20210316,113000,5.45,5.5,5.4,5.5,3302,0
MDB,5,20210316,113500,5.5,5.55,5.5,5.55,1411,0
MDB,5,20210316,114000,5.5,5.5,5.5,5.5,658,0
MDB,5,20210316,114500,5.4,5.5,5.2,5.2,17140,0
MDB,5,20210316,115000,5.4,5.4,5.2,5.2,342,0
MDB,5,20210316,115500,5.2,5.2,5.2,5.2,4677,0
MDB,5,20210316,120000,5.2,5.2,5.15,5.15,6220,0
MDB,5,20210316,120500,5.15,5.2,5.15,5.2,681,0
MDB,5,20210316,121000,5.2,5.35,5.2,5.35,2688,0
MDB,5,20210316,121500,5.35,5.35,5.35,5.35,1919,0
MDB,5,20210316,122000,5.3,5.3,5.3,5.3,1000,0
MDB,5,20210316,123000,5.2,5.2,5.15,5.15,1916,0
MDB,5,20210316,124000,5.3,5.3,5.3,5.3,350,0
MDB,5,20210316,124500,5.3,5.3,5.3,5.3,76,0
MDB,5,20210316,125000,5.25,5.3,5.1,5.1,5500,0
MDB,5,20210316,125500,5.15,5.15,5.15,5.15,3387,0
MDB,5,20210316,130000,5.1,5.25,5.1,5.25,2315,0
MDB,5,20210316,130500,5.15,5.15,5.15,5.15,240,0
MDB,5,20210316,131000,5.25,5.3,5.1,5.3,3996,0
MDB,5,20210316,131500,5.35,5.4,5.2,5.2,6251,0
MDB,5,20210316,132000,5.35,5.4,5.2,5.4,1340,0
MDB,5,20210316,133500,5.35,5.35,5.35,5.35,122,0
MDB,5,20210316,134000,5.3,5.35,5.3,5.35,40,0
MDB,5,20210316,135000,5.35,5.35,5.2,5.2,6039,0
MDB,5,20210316,135500,5.2,5.3,5.15,5.3,5300,0
MDB,5,20210316,141000,5.2,5.2,5.15,5.2,4176,0
MDB,5,20210316,141500,5.25,5.25,5.25,5.25,200,0
MDB,5,20210316,142500,5.25,5.25,5.25,5.25,999,0
MDB,5,20210316,143000,5.25,5.3,5.2,5.3,2878,0
MDB,5,20210316,143500,5.35,5.35,5.35,5.35,169,0
MDB,5,20210316,144500,5.3,5.3,5.2,5.2,2224,0
MDB,5,20210316,145000,5.25,5.35,5.25,5.35,10540,0
MDB,5,20210316,145500,5.2,5.2,5.2,5.2,10000,0
MDB,5,20210316,150000,5.3,5.3,5.3,5.3,200,0
MDB,5,20210316,150500,5.35,5.35,5.1,5.1,9182,0
MDB,5,20210316,151000,5.3,5.3,5.3,5.3,3,0
MDB,5,20210316,151500,5.3,5.3,5,5.05,11920,0
MDB,5,20210316,152000,5.15,5.15,4.9,5.1,13917,0
MDB,5,20210316,152500,5,5,5,5,1803,0
MDB,5,20210316,153000,5,5.1,5,5.1,559,0
MDB,5,20210316,153500,5.05,5.05,5.05,5.05,5,0
MDB,5,20210316,154500,5,5.05,4.96,5,1420,0
MDB,5,20210316,155000,4.96,4.96,4.9,4.9,6171,0
MDB,5,20210316,155500,4.84,4.98,4.84,4.9,2639,0
MDB,5,20210316,160000,4.98,4.98,4.98,4.98,1189,0
MDB,5,20210316,160500,5,5.15,5,5.15,2761,0
MDB,5,20210316,161000,5,5,5,5,2442,0
MDB,5,20210316,161500,4.98,4.98,4.98,4.98,50,0
MDB,5,20210316,162000,4.9,4.9,4.84,4.84,3671,0
MDB,5,20210316,162500,4.84,5.15,4.84,5.1,13745,0
MDB,5,20210316,163000,5.1,5.2,5.1,5.15,4130,0
MDB,5,20210316,163500,5.15,5.15,5.1,5.15,1343,0
MDB,5,20210316,164500,5.1,5.15,4.96,5.15,1411,0
MDB,5,20210317,090000,5.5,5.5,5.1,5.15,14341,0
MDB,5,20210317,090500,5.3,5.3,5.15,5.2,6366,0
MDB,5,20210317,091000,5.15,5.25,4.7,4.7,16262,0
MDB,5,20210317,091500,4.8,4.9,4.6,4.9,7490,0
MDB,5,20210317,092000,4.9,5.2,4.7,5.1,6921,0
MDB,5,20210317,092500,5.1,5.1,5.1,5.1,1707,0
MDB,5,20210317,093000,4.98,5.1,4.86,4.98,992,0
MDB,5,20210317,093500,4.86,5,4.84,5,2852,0
MDB,5,20210317,094000,5,5,4.9,5,4079,0
MDB,5,20210317,094500,5,5,5,5,846,0
MDB,5,20210317,095000,4.88,4.88,4.88,4.88,100,0
MDB,5,20210317,095500,4.9,5,4.9,5,1040,0
MDB,5,20210317,100000,5,5.1,5,5.05,399,0
MDB,5,20210317,100500,5,5,4.9,4.9,3039,0
MDB,5,20210317,101000,4.9,4.9,4.88,4.9,1000,0
MDB,5,20210317,101500,4.9,5,4.9,4.98,670,0
MDB,5,20210317,102000,4.98,5,4.88,4.88,1847,0
MDB,5,20210317,102500,4.88,4.88,4.86,4.86,853,0
MDB,5,20210317,103000,4.84,4.84,4.8,4.8,6903,0
MDB,5,20210317,103500,4.84,4.84,4.8,4.8,1500,0
MDB,5,20210317,104000,4.9,5,4.8,5,4614,0
MDB,5,20210317,104500,4.78,4.78,4.78,4.78,200,0
MDB,5,20210317,105000,4.78,4.8,4.7,4.8,1914,0
MDB,5,20210317,110000,4.74,4.74,4.7,4.7,2331,0
MDB,5,20210317,110500,4.74,4.8,4.7,4.8,3736,0
MDB,5,20210317,111000,4.8,4.88,4.8,4.88,5160,0
MDB,5,20210317,111500,4.88,4.9,4.8,4.8,2865,0
MDB,5,20210317,112000,4.74,4.86,4.74,4.86,295,0
MDB,5,20210317,112500,4.86,4.86,4.86,4.86,1116,0
MDB,5,20210317,113500,4.88,4.88,4.74,4.74,1021,0
MDB,5,20210317,114500,4.84,4.84,4.84,4.84,200,0
MDB,5,20210317,115000,4.84,4.88,4.84,4.88,1125,0
MDB,5,20210317,115500,4.88,4.88,4.74,4.74,504,0
MDB,5,20210317,120000,4.84,4.84,4.84,4.84,300,0
MDB,5,20210317,120500,4.8,4.8,4.8,4.8,25,0
MDB,5,20210317,121500,4.8,4.86,4.74,4.86,1200,0
MDB,5,20210317,122000,4.86,4.86,4.86,4.86,40,0
MDB,5,20210317,122500,4.86,4.86,4.86,4.86,550,0
MDB,5,20210317,123000,4.9,4.98,4.9,4.98,2603,0
MDB,5,20210317,123500,4.96,4.96,4.96,4.96,2,0
MDB,5,20210317,124000,4.92,4.92,4.92,4.92,178,0
MDB,5,20210317,125500,4.92,4.92,4.92,4.92,1060,0
MDB,5,20210317,130500,4.86,4.86,4.86,4.86,1450,0
MDB,5,20210317,131500,4.86,4.86,4.8,4.8,567,0
MDB,5,20210317,133000,4.8,4.8,4.8,4.8,798,0
MDB,5,20210317,134500,4.82,4.82,4.82,4.82,533,0
MDB,5,20210317,135000,4.8,4.86,4.8,4.86,510,0
MDB,5,20210317,140000,4.8,4.8,4.76,4.8,2534,0
MDB,5,20210317,140500,4.76,4.76,4.7,4.7,6895,0
MDB,5,20210317,141000,4.78,4.78,4.78,4.78,3486,0
MDB,5,20210317,141500,4.78,4.78,4.78,4.78,350,0
MDB,5,20210317,142000,4.78,4.78,4.66,4.66,2217,0
MDB,5,20210317,142500,4.66,4.66,4.66,4.66,1090,0
MDB,5,20210317,143000,4.68,4.68,4.62,4.62,470,0
MDB,5,20210317,143500,4.62,4.62,4.58,4.58,5712,0
MDB,5,20210317,144000,4.6,4.6,4.6,4.6,1339,0
MDB,5,20210317,144500,4.6,4.6,4.6,4.6,2002,0
MDB,5,20210317,145000,4.62,4.62,4.62,4.62,447,0
MDB,5,20210317,145500,4.72,4.72,4.72,4.72,1650,0
MDB,5,20210317,150000,4.72,4.72,4.7,4.7,493,0
MDB,5,20210317,151000,4.7,4.7,4.7,4.7,400,0
MDB,5,20210317,151500,4.62,4.76,4.62,4.76,1900,0
MDB,5,20210317,152000,4.76,4.78,4.76,4.78,200,0
MDB,5,20210317,153000,4.76,4.76,4.76,4.76,1657,0
MDB,5,20210317,154000,4.7,4.78,4.7,4.78,2674,0
MDB,5,20210317,154500,4.76,4.78,4.76,4.78,1000,0
MDB,5,20210317,155500,4.76,4.76,4.76,4.76,162,0
MDB,5,20210317,160000,4.76,4.76,4.64,4.64,525,0
MDB,5,20210317,161000,4.74,4.74,4.74,4.74,200,0
MDB,5,20210317,162000,4.7,4.78,4.7,4.78,976,0
MDB,5,20210317,162500,4.86,4.92,4.86,4.92,5757,0
MDB,5,20210317,163000,4.92,4.92,4.92,4.92,234,0
MDB,5,20210317,163500,4.92,4.92,4.92,4.92,150,0
MDB,5,20210317,164000,4.88,4.88,4.78,4.88,737,0
MDB,5,20210317,164500,4.88,4.92,4.68,4.92,1729,0
MDB,5,20210318,090000,4.98,4.98,4.52,4.9,4177,0
MDB,5,20210318,090500,4.72,4.9,4.72,4.9,1068,0
MDB,5,20210318,091000,4.88,4.88,4.88,4.88,475,0
MDB,5,20210318,091500,4.84,4.84,4.84,4.84,2,0
MDB,5,20210318,092500,4.72,4.72,4.7,4.7,1546,0
MDB,5,20210318,093000,4.7,4.7,4.7,4.7,54,0
MDB,5,20210318,093500,4.7,4.7,4.7,4.7,188,0
MDB,5,20210318,095000,4.84,4.84,4.84,4.84,408,0
MDB,5,20210318,102500,4.7,4.7,4.7,4.7,31,0
MDB,5,20210318,104500,4.7,4.7,4.7,4.7,50,0
MDB,5,20210318,105500,4.82,4.82,4.72,4.72,600,0
MDB,5,20210318,110000,4.72,4.82,4.72,4.82,300,0
MDB,5,20210318,111000,4.84,4.84,4.84,4.84,10,0
MDB,5,20210318,111500,4.84,4.84,4.84,4.84,500,0
MDB,5,20210318,115000,4.84,4.84,4.84,4.84,100,0
MDB,5,20210318,115500,4.84,4.84,4.84,4.84,37,0
MDB,5,20210318,122000,4.84,4.84,4.84,4.84,1265,0
MDB,5,20210318,122500,4.88,4.88,4.88,4.88,500,0
MDB,5,20210318,123000,4.9,4.98,4.9,4.98,3298,0
MDB,5,20210318,123500,4.96,4.96,4.96,4.96,1000,0
MDB,5,20210318,125000,4.82,4.82,4.82,4.82,522,0
MDB,5,20210318,125500,4.82,4.82,4.82,4.82,120,0
MDB,5,20210318,132000,4.9,4.9,4.9,4.9,270,0
MDB,5,20210318,141500,4.86,4.86,4.86,4.86,500,0
MDB,5,20210318,142000,4.86,4.86,4.86,4.86,790,0
MDB,5,20210318,142500,4.86,4.86,4.86,4.86,110,0
MDB,5,20210318,143000,4.84,4.84,4.84,4.84,186,0
MDB,5,20210318,144000,4.82,4.82,4.82,4.82,631,0
MDB,5,20210318,144500,4.74,4.74,4.72,4.72,769,0
MDB,5,20210318,150000,4.82,4.82,4.82,4.82,220,0
MDB,5,20210318,152000,4.82,4.82,4.82,4.82,1565,0
MDB,5,20210318,153500,4.74,4.9,4.72,4.9,1326,0
MDB,5,20210318,160500,4.86,4.86,4.86,4.86,102,0
MDB,5,20210318,163500,4.86,4.86,4.86,4.86,500,0
MDB,5,20210319,090000,4.9,4.9,4.72,4.74,1260,0
MDB,5,20210319,090500,4.74,4.88,4.72,4.88,2212,0
MDB,5,20210319,091000,4.88,4.96,4.88,4.96,3466,0
MDB,5,20210319,091500,4.94,4.96,4.66,4.88,2232,0
MDB,5,20210319,092000,4.92,4.92,4.92,4.92,16,0
MDB,5,20210319,092500,4.72,4.72,4.7,4.7,7140,0
MDB,5,20210319,093000,4.76,4.76,4.76,4.76,1000,0
MDB,5,20210319,093500,4.9,4.9,4.9,4.9,540,0
MDB,5,20210319,094000,4.76,4.76,4.76,4.76,2422,0
MDB,5,20210319,094500,4.76,4.76,4.76,4.76,50,0
MDB,5,20210319,095000,4.78,4.78,4.76,4.76,600,0
MDB,5,20210319,095500,4.76,4.76,4.76,4.76,178,0
MDB,5,20210319,100000,4.76,4.76,4.76,4.76,847,0
MDB,5,20210319,100500,4.9,4.9,4.9,4.9,90,0
MDB,5,20210319,103000,4.82,4.82,4.74,4.74,873,0
MDB,5,20210319,103500,4.86,4.86,4.86,4.86,30,0
MDB,5,20210319,104500,4.88,4.9,4.88,4.9,1390,0
MDB,5,20210319,110000,4.84,4.84,4.84,4.84,1000,0
MDB,5,20210319,110500,4.9,4.9,4.9,4.9,92,0
MDB,5,20210319,114500,4.82,4.82,4.8,4.8,500,0
MDB,5,20210319,115000,4.88,4.88,4.88,4.88,50,0
MDB,5,20210319,120500,4.88,4.88,4.88,4.88,100,0
MDB,5,20210319,122500,4.88,4.88,4.88,4.88,150,0
MDB,5,20210319,123000,4.88,4.88,4.88,4.88,50,0
MDB,5,20210319,123500,4.88,4.88,4.88,4.88,150,0
MDB,5,20210319,124000,4.9,4.9,4.74,4.74,1550,0
MDB,5,20210319,125000,4.88,4.88,4.88,4.88,10,0
MDB,5,20210319,131500,4.88,4.88,4.88,4.88,50,0
MDB,5,20210319,134500,4.82,4.82,4.82,4.82,1,0
MDB,5,20210319,135000,4.82,4.82,4.82,4.82,699,0
MDB,5,20210319,135500,4.8,4.8,4.8,4.8,361,0
MDB,5,20210319,140500,4.88,4.88,4.88,4.88,200,0
MDB,5,20210319,141500,4.78,4.78,4.78,4.78,800,0
MDB,5,20210319,142500,4.84,4.84,4.84,4.84,148,0
MDB,5,20210319,143000,4.84,4.84,4.82,4.82,500,0
MDB,5,20210319,143500,4.82,4.82,4.8,4.8,861,0
MDB,5,20210319,144000,4.8,4.8,4.8,4.8,23,0
MDB,5,20210319,145500,4.8,4.8,4.78,4.78,2261,0
MDB,5,20210319,151000,4.88,4.88,4.88,4.88,74,0
MDB,5,20210319,152000,4.88,4.88,4.88,4.88,260,0
MDB,5,20210319,152500,4.88,4.88,4.82,4.82,350,0
MDB,5,20210319,153500,4.82,4.82,4.82,4.82,2315,0
MDB,5,20210319,154000,4.86,4.88,4.86,4.88,1081,0
MDB,5,20210319,154500,4.8,4.8,4.8,4.8,211,0
MDB,5,20210319,155000,4.82,4.82,4.8,4.8,500,0
MDB,5,20210319,155500,4.8,4.8,4.78,4.8,590,0
MDB,5,20210319,160500,4.8,4.8,4.8,4.8,234,0
MDB,5,20210319,161000,4.78,4.78,4.78,4.78,916,0
MDB,5,20210319,162000,4.88,4.88,4.88,4.88,2,0
MDB,5,20210319,163000,4.82,4.82,4.82,4.82,250,0
MDB,5,20210319,163500,4.88,4.88,4.8,4.8,385,0
MDB,5,20210319,164000,4.88,4.92,4.76,4.92,3107,0
MDB,5,20210319,164500,4.76,4.86,4.7,4.7,7752,0
MDB,5,20210322,090000,4.54,4.66,4.5,4.54,4917,0
MDB,5,20210322,090500,4.68,4.68,4.62,4.62,262,0
MDB,5,20210322,091000,4.56,4.6,4.54,4.56,2316,0
MDB,5,20210322,091500,4.6,4.6,4.56,4.56,363,0
MDB,5,20210322,092000,4.62,4.66,4.62,4.64,4127,0
MDB,5,20210322,092500,4.64,4.64,4.64,4.64,500,0
MDB,5,20210322,093000,4.58,4.64,4.58,4.64,652,0
MDB,5,20210322,094000,4.6,4.6,4.54,4.54,1909,0
MDB,5,20210322,095500,4.64,4.66,4.64,4.66,187,0
MDB,5,20210322,100500,4.66,4.66,4.66,4.66,300,0
MDB,5,20210322,101000,4.6,4.66,4.6,4.66,700,0
MDB,5,20210322,101500,4.66,4.66,4.64,4.64,2225,0
MDB,5,20210322,102000,4.64,4.64,4.64,4.64,150,0
MDB,5,20210322,102500,4.68,4.68,4.68,4.68,456,0
MDB,5,20210322,103000,4.68,4.68,4.68,4.68,73,0
MDB,5,20210322,104000,4.68,4.68,4.68,4.68,585,0
MDB,5,20210322,104500,4.7,4.7,4.7,4.7,28,0
MDB,5,20210322,105000,4.7,4.7,4.7,4.7,200,0
MDB,5,20210322,105500,4.7,4.7,4.7,4.7,1514,0
MDB,5,20210322,110000,4.7,4.7,4.7,4.7,449,0
MDB,5,20210322,111000,4.66,4.66,4.66,4.66,114,0
MDB,5,20210322,111500,4.66,4.66,4.66,4.66,100,0
MDB,5,20210322,112000,4.7,4.7,4.7,4.7,19,0
MDB,5,20210322,113500,4.66,4.7,4.66,4.7,325,0
MDB,5,20210322,114000,4.66,4.66,4.66,4.66,142,0
MDB,5,20210322,114500,4.66,4.66,4.66,4.66,104,0
MDB,5,20210322,121000,4.7,4.7,4.7,4.7,2,0
MDB,5,20210322,123500,4.7,4.7,4.7,4.7,300,0
MDB,5,20210322,124500,4.66,4.66,4.66,4.66,236,0
MDB,5,20210322,125000,4.7,4.7,4.7,4.7,500,0
MDB,5,20210322,125500,4.74,4.74,4.74,4.74,5,0
MDB,5,20210322,130500,4.74,4.74,4.74,4.74,400,0
MDB,5,20210322,133000,4.74,4.74,4.74,4.74,250,0
MDB,5,20210322,133500,4.76,4.88,4.76,4.88,225,0
MDB,5,20210322,134500,4.88,4.88,4.88,4.88,251,0
MDB,5,20210322,140000,4.88,4.88,4.8,4.8,610,0
MDB,5,20210322,142500,4.86,4.88,4.86,4.88,878,0
MDB,5,20210322,145500,4.82,4.82,4.82,4.82,54,0
MDB,5,20210322,150000,4.84,4.84,4.84,4.84,1125,0
MDB,5,20210322,151500,4.82,4.82,4.82,4.82,1328,0
MDB,5,20210322,152000,4.82,4.82,4.82,4.82,20,0
MDB,5,20210322,155500,4.82,4.82,4.82,4.82,977,0
MDB,5,20210322,160500,4.82,4.86,4.82,4.86,442,0
MDB,5,20210322,161500,4.74,4.74,4.74,4.74,100,0
MDB,5,20210322,163000,4.82,4.84,4.82,4.82,106,0
MDB,5,20210322,164000,4.84,4.84,4.84,4.84,6,0
MDB,5,20210322,164500,4.84,4.86,4.84,4.86,2779,0
MDB,5,20210323,090000,4.7,4.72,4.64,4.64,2656,0
MDB,5,20210323,090500,4.64,4.86,4.46,4.86,3172,0
MDB,5,20210323,091000,4.7,4.8,4.52,4.52,706,0
MDB,5,20210323,091500,4.56,4.58,4.56,4.58,1325,0
MDB,5,20210323,092000,4.6,4.6,4.6,4.6,1599,0
MDB,5,20210323,092500,4.54,4.7,4.54,4.7,410,0
MDB,5,20210323,093500,4.68,4.68,4.6,4.6,170,0
MDB,5,20210323,094500,4.58,4.68,4.58,4.68,1050,0
MDB,5,20210323,100500,4.64,4.64,4.52,4.52,1390,0
MDB,5,20210323,101500,4.66,4.66,4.66,4.66,137,0
MDB,5,20210323,102500,4.54,4.54,4.52,4.52,356,0
MDB,5,20210323,103500,4.66,4.66,4.66,4.66,1,0
MDB,5,20210323,104500,4.54,4.54,4.52,4.52,411,0
MDB,5,20210323,105000,4.52,4.52,4.52,4.52,2148,0
MDB,5,20210323,105500,4.5,4.64,4.5,4.64,56,0
MDB,5,20210323,110500,4.64,4.64,4.64,4.64,4,0
MDB,5,20210323,112000,4.54,4.54,4.54,4.54,500,0
MDB,5,20210323,113000,4.52,4.52,4.5,4.5,1630,0
MDB,5,20210323,113500,4.62,4.62,4.62,4.62,150,0
MDB,5,20210323,114500,4.62,4.64,4.62,4.64,267,0
MDB,5,20210323,115500,4.64,4.64,4.64,4.64,83,0
MDB,5,20210323,120000,4.66,4.66,4.66,4.66,676,0
MDB,5,20210323,120500,4.68,4.68,4.68,4.68,710,0
MDB,5,20210323,130000,4.68,4.7,4.68,4.7,20,0
MDB,5,20210323,131000,4.68,4.68,4.68,4.68,500,0
MDB,5,20210323,135000,4.56,4.66,4.56,4.66,200,0
MDB,5,20210323,144000,4.58,4.68,4.58,4.68,64,0
MDB,5,20210323,144500,4.56,4.56,4.56,4.56,49,0
MDB,5,20210323,145500,4.66,4.66,4.66,4.66,10,0
MDB,5,20210323,150000,4.66,4.66,4.66,4.66,100,0
MDB,5,20210323,150500,4.6,4.6,4.58,4.58,500,0
MDB,5,20210323,151500,4.56,4.58,4.56,4.58,39,0
MDB,5,20210323,152000,4.62,4.62,4.62,4.62,216,0
MDB,5,20210323,152500,4.58,4.62,4.56,4.62,1001,0
MDB,5,20210323,153000,4.56,4.56,4.56,4.56,460,0
MDB,5,20210323,154000,4.56,4.56,4.56,4.56,540,0
MDB,5,20210323,154500,4.52,4.52,4.52,4.52,550,0
MDB,5,20210323,155000,4.6,4.6,4.6,4.6,100,0
MDB,5,20210323,155500,4.6,4.6,4.6,4.6,3098,0
MDB,5,20210323,160000,4.6,4.62,4.6,4.62,102,0
MDB,5,20210323,164000,4.54,4.6,4.54,4.6,212,0
MDB,5,20210323,164500,4.62,4.62,4.62,4.62,10,0
MDB,5,20210324,090000,4.6,4.6,4.5,4.52,2355,0
MDB,5,20210324,090500,4.5,4.5,4.5,4.5,153,0
MDB,5,20210324,091000,4.5,4.52,4.4,4.4,4677,0
MDB,5,20210324,092500,4.58,4.58,4.58,4.58,347,0
MDB,5,20210324,093000,4.58,4.58,4.56,4.56,37,0
MDB,5,20210324,093500,4.58,4.58,4.5,4.5,636,0
MDB,5,20210324,094000,4.5,4.5,4.48,4.48,974,0
MDB,5,20210324,094500,4.56,4.56,4.48,4.48,501,0
MDB,5,20210324,095500,4.5,4.5,4.4,4.4,2779,0
MDB,5,20210324,101500,4.42,4.42,4.42,4.42,300,0
MDB,5,20210324,103000,4.44,4.44,4.44,4.44,500,0
MDB,5,20210324,104000,4.42,4.42,4.4,4.4,1502,0
MDB,5,20210324,104500,4.4,4.52,4.4,4.52,510,0
MDB,5,20210324,105000,4.42,4.42,4.4,4.4,838,0
MDB,5,20210324,105500,4.38,4.5,4.26,4.3,4668,0
MDB,5,20210324,110000,4.5,4.5,4.5,4.5,163,0
MDB,5,20210324,114500,4.48,4.48,4.48,4.48,60,0
MDB,5,20210324,115500,4.42,4.42,4.4,4.4,509,0
MDB,5,20210324,120000,4.4,4.4,4.4,4.4,501,0
MDB,5,20210324,121500,4.38,4.38,4.38,4.38,400,0
MDB,5,20210324,122000,4.42,4.42,4.42,4.42,500,0
MDB,5,20210324,124500,4.4,4.4,4.4,4.4,28,0
MDB,5,20210324,125500,4.42,4.42,4.42,4.42,4,0
MDB,5,20210324,131000,4.4,4.4,4.4,4.4,486,0
MDB,5,20210324,132000,4.4,4.4,4.4,4.4,209,0
MDB,5,20210324,143000,4.38,4.38,4.36,4.36,1630,0
MDB,5,20210324,144500,4.4,4.44,4.4,4.44,1538,0
MDB,5,20210324,150500,4.36,4.36,4.32,4.32,1200,0
MDB,5,20210324,151000,4.42,4.42,4.42,4.42,1,0
MDB,5,20210324,152500,4.38,4.38,4.3,4.3,4850,0
MDB,5,20210324,153000,4.3,4.36,4.3,4.36,801,0
MDB,5,20210324,154500,4.36,4.44,4.36,4.44,2249,0
MDB,5,20210324,155000,4.44,4.44,4.44,4.44,800,0
MDB,5,20210324,160000,4.42,4.42,4.42,4.42,730,0
MDB,5,20210324,160500,4.42,4.42,4.42,4.42,182,0
MDB,5,20210324,162000,4.42,4.42,4.42,4.42,88,0
MDB,5,20210324,163500,4.42,4.42,4.42,4.42,26,0
MDB,5,20210324,164000,4.38,4.4,4.38,4.4,701,0
MDB,5,20210324,164500,4.34,4.4,4.34,4.4,272,0
MDB,5,20210325,090000,4.5,4.52,4.5,4.5,2595,0
MDB,5,20210325,090500,4.5,4.5,4.46,4.46,1204,0
MDB,5,20210325,091500,4.44,4.44,4.44,4.44,250,0
MDB,5,20210325,092000,4.3,4.3,4.3,4.3,82,0
MDB,5,20210325,092500,4.3,4.3,4.22,4.22,2000,0
MDB,5,20210325,093000,4.24,4.4,4.24,4.4,446,0
MDB,5,20210325,094500,4.3,4.3,4.3,4.3,150,0
MDB,5,20210325,101000,4.3,4.3,4.3,4.3,260,0
MDB,5,20210325,101500,4.26,4.26,4.24,4.24,285,0
MDB,5,20210325,102000,4.24,4.28,4.24,4.28,1088,0
MDB,5,20210325,102500,4.26,4.26,4.22,4.22,1900,0
MDB,5,20210325,103000,4.22,4.22,4.18,4.18,2853,0
MDB,5,20210325,103500,4.18,4.2,4.18,4.2,737,0
MDB,5,20210325,105500,4.3,4.3,4.3,4.3,355,0
MDB,5,20210325,110000,4.28,4.28,4.28,4.28,250,0
MDB,5,20210325,111000,4.22,4.22,4.22,4.22,273,0
MDB,5,20210325,113000,4.26,4.26,4.26,4.26,1000,0
MDB,5,20210325,122000,4.22,4.26,4.2,4.26,635,0
MDB,5,20210325,123500,4.2,4.2,4.2,4.2,500,0
MDB,5,20210325,124000,4.2,4.2,4.2,4.2,500,0
MDB,5,20210325,130500,4.26,4.28,4.26,4.28,400,0
MDB,5,20210325,132500,4.2,4.2,4.2,4.2,140,0
MDB,5,20210325,133500,4.2,4.2,4.14,4.14,10024,0
MDB,5,20210325,134000,4.12,4.24,4.12,4.24,1073,0
MDB,5,20210325,135000,4.2,4.2,4.2,4.2,20,0
MDB,5,20210325,135500,4.12,4.12,4.08,4.08,1000,0
MDB,5,20210325,141500,4.1,4.1,4.1,4.1,2000,0
MDB,5,20210325,142500,4.2,4.2,4.2,4.2,140,0
MDB,5,20210325,144000,4.2,4.2,4.2,4.2,40,0
MDB,5,20210325,145000,4.12,4.12,4.1,4.1,796,0
MDB,5,20210325,145500,4.18,4.18,4.18,4.18,228,0
MDB,5,20210325,152000,4.1,4.1,4.1,4.1,500,0
MDB,5,20210325,152500,4.1,4.1,4.1,4.1,1994,0
MDB,5,20210325,154000,4.12,4.12,4.1,4.1,300,0
MDB,5,20210325,155000,4.1,4.1,4.08,4.08,850,0
MDB,5,20210325,160000,4.08,4.08,4.08,4.08,62,0
MDB,5,20210325,160500,4.16,4.18,4.16,4.18,284,0
MDB,5,20210325,161000,4.1,4.1,4.1,4.1,342,0
MDB,5,20210325,161500,4.1,4.1,4.1,4.1,428,0
MDB,5,20210325,162000,4.1,4.1,4.1,4.1,731,0
MDB,5,20210325,163500,4.12,4.12,4.1,4.1,2341,0
MDB,5,20210325,164000,4.08,4.18,4.08,4.18,366,0
MDB,5,20210325,164500,4.18,4.2,4.18,4.2,1552,0
MDB,5,20210325,165500,4.2,4.2,4.2,4.2,350,0
MDB,5,20210326,090000,4.04,4.04,3.96,4,10275,0
MDB,5,20210326,090500,4.08,4.14,4.08,4.14,572,0
MDB,5,20210326,091000,4.1,4.1,4.08,4.08,1248,0
MDB,5,20210326,091500,4.12,4.12,4.12,4.12,15,0
MDB,5,20210326,093000,4.12,4.12,4.08,4.08,1179,0
MDB,5,20210326,094500,4.08,4.08,4.08,4.08,182,0
MDB,5,20210326,095000,4.06,4.06,4.06,4.06,100,0
MDB,5,20210326,100500,4.08,4.08,4.08,4.08,313,0
MDB,5,20210326,101000,4.08,4.08,4.08,4.08,530,0
MDB,5,20210326,103000,4.08,4.08,4.06,4.08,2644,0
MDB,5,20210326,103500,4.08,4.08,4.08,4.08,91,0
MDB,5,20210326,104000,4.1,4.14,4.1,4.14,142,0
MDB,5,20210326,110500,4.14,4.14,4.14,4.14,200,0
MDB,5,20210326,111000,4.1,4.1,4.1,4.1,100,0
MDB,5,20210326,112500,4.1,4.1,4.1,4.1,400,0
MDB,5,20210326,120000,4.14,4.16,4.14,4.16,502,0
MDB,5,20210326,120500,4.14,4.14,4.14,4.14,800,0
MDB,5,20210326,122000,4.12,4.14,4.1,4.14,667,0
MDB,5,20210326,124000,4.12,4.12,4.12,4.12,287,0
MDB,5,20210326,124500,4.12,4.12,4.12,4.12,982,0
MDB,5,20210326,125500,4.16,4.18,4.16,4.16,1330,0
MDB,5,20210326,130000,4.18,4.2,4.18,4.2,2114,0
MDB,5,20210326,131500,4.14,4.14,4.14,4.14,1,0
MDB,5,20210326,133000,4.14,4.14,4.14,4.14,448,0
MDB,5,20210326,134000,4.14,4.14,4.14,4.14,238,0
MDB,5,20210326,142500,4.1,4.1,4.1,4.1,500,0
MDB,5,20210326,143000,4.14,4.14,4.14,4.14,300,0
MDB,5,20210326,143500,4.1,4.1,4.1,4.1,261,0
MDB,5,20210326,150000,4.1,4.1,4.1,4.1,699,0
MDB,5,20210326,150500,4.1,4.1,4.1,4.1,370,0
MDB,5,20210326,153000,4.1,4.1,4.1,4.1,40,0
MDB,5,20210326,155500,4.14,4.18,4.14,4.18,991,0
MDB,5,20210326,160500,4.2,4.2,4.2,4.2,1,0
MDB,5,20210326,163000,4.2,4.2,4.2,4.2,161,0
MDB,5,20210326,163500,4.2,4.22,4.2,4.22,3809,0
MDB,5,20210326,164000,4.3,4.3,4.3,4.3,5,0
MDB,5,20210326,164500,4.3,4.3,4.3,4.3,230,0
