<TICKER>,<PER>,<DATE>,<TIME>,<OPEN>,<HIGH>,<LOW>,<CLOSE>,<VOL>,<OPENINT>
MDP,5,20210204,090000,3.68,3.68,3.68,3.68,134,0
MDP,5,20210204,090500,3.6,3.6,3.6,3.6,40,0
MDP,5,20210204,091000,3.54,3.54,3.54,3.54,282,0
MDP,5,20210204,092000,3.54,3.54,3.54,3.54,1000,0
MDP,5,20210204,092500,3.56,3.56,3.52,3.52,1010,0
MDP,5,20210204,093500,3.56,3.68,3.5,3.68,6900,0
MDP,5,20210204,094500,3.68,3.68,3.68,3.68,100,0
MDP,5,20210204,095500,3.68,3.72,3.68,3.72,2688,0
MDP,5,20210204,101000,3.6,3.6,3.6,3.6,759,0
MDP,5,20210204,102000,3.6,3.6,3.6,3.6,125,0
MDP,5,20210204,104000,3.7,3.7,3.7,3.7,25,0
MDP,5,20210204,104500,3.7,3.7,3.7,3.7,100,0
MDP,5,20210204,111500,3.68,3.68,3.68,3.68,100,0
MDP,5,20210204,112500,3.62,3.62,3.6,3.6,975,0
MDP,5,20210204,114000,3.6,3.68,3.58,3.58,1050,0
MDP,5,20210204,115000,3.6,3.6,3.6,3.6,10,0
MDP,5,20210204,120000,3.62,3.62,3.62,3.62,300,0
MDP,5,20210204,121000,3.68,3.74,3.68,3.72,5568,0
MDP,5,20210204,122000,3.66,3.66,3.66,3.66,1500,0
MDP,5,20210204,123000,3.66,3.66,3.66,3.66,2500,0
MDP,5,20210204,125500,3.66,3.66,3.66,3.66,125,0
MDP,5,20210204,130000,3.7,3.7,3.7,3.7,50,0
MDP,5,20210204,135000,3.62,3.62,3.62,3.62,500,0
MDP,5,20210204,140000,3.62,3.62,3.62,3.62,70,0
MDP,5,20210204,141000,3.68,3.68,3.68,3.68,100,0
MDP,5,20210204,143000,3.62,3.62,3.62,3.62,1575,0
MDP,5,20210204,150000,3.62,3.62,3.62,3.62,506,0
MDP,5,20210204,152000,3.68,3.7,3.68,3.7,1000,0
MDP,5,20210204,152500,3.58,3.58,3.58,3.58,100,0
MDP,5,20210204,161500,3.58,3.58,3.56,3.56,2641,0
MDP,5,20210204,162000,3.58,3.58,3.58,3.58,758,0
MDP,5,20210204,163500,3.6,3.6,3.6,3.6,920,0
MDP,5,20210204,164500,3.6,3.6,3.6,3.6,770,0
MDP,5,20210205,090500,3.7,3.8,3.7,3.8,5200,0
MDP,5,20210205,091000,3.78,3.78,3.7,3.7,685,0
MDP,5,20210205,091500,3.7,3.8,3.7,3.8,5914,0
MDP,5,20210205,092000,3.82,3.86,3.74,3.84,2870,0
MDP,5,20210205,092500,3.84,3.84,3.84,3.84,494,0
MDP,5,20210205,093000,3.86,4.16,3.86,4.1,26245,0
MDP,5,20210205,093500,4.1,4.22,4.1,4.2,25737,0
MDP,5,20210205,094000,4.2,4.2,3.8,4.2,10384,0
MDP,5,20210205,094500,4.18,4.18,4.12,4.12,3647,0
MDP,5,20210205,095000,4.04,4.16,4,4.16,12570,0
MDP,5,20210205,095500,4.14,4.14,4.1,4.1,1360,0
MDP,5,20210205,100000,4.16,4.16,4.08,4.08,268,0
MDP,5,20210205,100500,4.08,4.08,4.08,4.08,500,0
MDP,5,20210205,101000,4.12,4.12,4.12,4.12,122,0
MDP,5,20210205,101500,4.12,4.12,4.02,4.02,5844,0
MDP,5,20210205,102000,4.08,4.12,4.08,4.1,5524,0
MDP,5,20210205,102500,4.1,4.1,4.08,4.08,401,0
MDP,5,20210205,103000,4.08,4.12,4.08,4.12,1324,0
MDP,5,20210205,103500,4.12,4.14,4.12,4.14,3387,0
MDP,5,20210205,104000,4.16,4.16,4.14,4.16,3580,0
MDP,5,20210205,104500,4.1,4.16,4.1,4.16,1000,0
MDP,5,20210205,105000,4.16,4.16,4.16,4.16,60,0
MDP,5,20210205,105500,4.16,4.16,4.16,4.16,750,0
MDP,5,20210205,110000,4.16,4.16,4.16,4.16,5000,0
MDP,5,20210205,110500,4.16,4.16,4.16,4.16,160,0
MDP,5,20210205,111000,4.16,4.16,4.08,4.08,460,0
MDP,5,20210205,111500,4.14,4.14,4.14,4.14,293,0
MDP,5,20210205,112000,4.14,4.16,4.1,4.12,1374,0
MDP,5,20210205,112500,4.14,4.16,4.1,4.1,2616,0
MDP,5,20210205,113000,4.14,4.16,4.14,4.16,700,0
MDP,5,20210205,113500,4.1,4.12,4.1,4.12,352,0
MDP,5,20210205,114000,4.14,4.14,4.14,4.14,90,0
MDP,5,20210205,114500,4.14,4.14,4.08,4.14,240,0
MDP,5,20210205,115000,4.08,4.08,4.08,4.08,280,0
MDP,5,20210205,115500,4.08,4.1,3.98,4.1,8386,0
MDP,5,20210205,120000,4.1,4.1,4.1,4.1,2,0
MDP,5,20210205,120500,4.1,4.1,4.1,4.1,1,0
MDP,5,20210205,121000,4.1,4.1,3.98,3.98,530,0
MDP,5,20210205,122000,4.08,4.1,4.08,4.1,2400,0
MDP,5,20210205,122500,4.08,4.08,4,4,150,0
MDP,5,20210205,123000,4.1,4.1,4.1,4.1,1269,0
MDP,5,20210205,123500,4.1,4.1,4.1,4.1,1981,0
MDP,5,20210205,125500,4.02,4.02,4.02,4.02,400,0
MDP,5,20210205,130500,4.06,4.06,4.02,4.02,2310,0
MDP,5,20210205,131000,4,4,3.98,4,4620,0
MDP,5,20210205,131500,4,4,4,4,850,0
MDP,5,20210205,132000,4,4,4,4,300,0
MDP,5,20210205,133000,4,4,4,4,3670,0
MDP,5,20210205,133500,4,4.02,4,4.02,498,0
MDP,5,20210205,134000,4,4.02,4,4.02,250,0
MDP,5,20210205,134500,4.02,4.08,4,4,4432,0
MDP,5,20210205,135500,4,4,4,4,1000,0
MDP,5,20210205,140500,4,4,4,4,750,0
MDP,5,20210205,141000,4.02,4.02,4,4,343,0
MDP,5,20210205,142000,4.06,4.06,4.06,4.06,189,0
MDP,5,20210205,142500,4,4,4,4,100,0
MDP,5,20210205,143500,4,4.1,4,4.1,2199,0
MDP,5,20210205,144000,4.12,4.16,4.12,4.14,6723,0
MDP,5,20210205,150500,4.02,4.02,4.02,4.02,318,0
MDP,5,20210205,152500,4.12,4.12,4.12,4.12,1800,0
MDP,5,20210205,153000,4.12,4.12,4.12,4.12,982,0
MDP,5,20210205,155000,4.12,4.12,4.12,4.12,150,0
MDP,5,20210205,160000,4.1,4.1,4.1,4.1,700,0
MDP,5,20210205,160500,4.12,4.12,4.12,4.12,492,0
MDP,5,20210205,161000,4.1,4.1,4.1,4.1,810,0
MDP,5,20210205,162000,4.1,4.12,4.08,4.12,1386,0
MDP,5,20210205,162500,4.04,4.04,4.04,4.04,201,0
MDP,5,20210205,163000,4.1,4.14,4.1,4.12,5200,0
MDP,5,20210205,163500,4.14,4.14,4.14,4.14,603,0
MDP,5,20210205,164000,4.14,4.14,4.1,4.1,591,0
MDP,5,20210205,164500,4.1,4.14,4.1,4.12,3155,0
MDP,5,20210208,090000,4.02,4.02,4,4,1000,0
MDP,5,20210208,090500,4.02,4.02,4,4,506,0
MDP,5,20210208,091000,4,4.08,4,4,1967,0
MDP,5,20210208,091500,4.02,4.02,4,4.02,1388,0
MDP,5,20210208,092500,4.02,4.08,4.02,4.08,500,0
MDP,5,20210208,093000,4.08,4.08,4.08,4.08,100,0
MDP,5,20210208,093500,4.08,4.1,4.08,4.1,337,0
MDP,5,20210208,094500,4.1,4.12,4.1,4.12,1150,0
MDP,5,20210208,095000,4.1,4.1,4.1,4.1,10,0
MDP,5,20210208,095500,4.1,4.1,4.1,4.1,279,0
MDP,5,20210208,101000,4.06,4.1,4.06,4.1,148,0
MDP,5,20210208,101500,4.12,4.12,4.12,4.12,130,0
MDP,5,20210208,102000,4.12,4.12,4.12,4.12,1188,0
MDP,5,20210208,103500,4.1,4.1,4.1,4.1,97,0
MDP,5,20210208,110000,4.14,4.14,4.14,4.14,92,0
MDP,5,20210208,111000,4.14,4.14,4.14,4.14,940,0
MDP,5,20210208,111500,4.1,4.1,4.1,4.1,155,0
MDP,5,20210208,112500,4.1,4.1,4.1,4.1,35,0
MDP,5,20210208,113500,4.04,4.04,4.04,4.04,466,0
MDP,5,20210208,114500,4.04,4.04,4.02,4.02,850,0
MDP,5,20210208,115000,4.1,4.1,4.1,4.1,10,0
MDP,5,20210208,121000,4.1,4.1,4.1,4.1,350,0
MDP,5,20210208,121500,4.04,4.14,4.04,4.14,1030,0
MDP,5,20210208,122000,4.14,4.18,4.14,4.18,5037,0
MDP,5,20210208,122500,4.2,4.2,4.2,4.2,40,0
MDP,5,20210208,123000,4.1,4.1,4.1,4.1,20,0
MDP,5,20210208,124500,4.1,4.16,4.1,4.1,737,0
MDP,5,20210208,130500,4.1,4.1,4.1,4.1,200,0
MDP,5,20210208,131000,4.12,4.12,4.12,4.12,150,0
MDP,5,20210208,131500,4.1,4.1,4.08,4.08,500,0
MDP,5,20210208,132500,4.14,4.14,4.14,4.14,3000,0
MDP,5,20210208,142000,4.14,4.14,4.14,4.14,37,0
MDP,5,20210208,142500,4.06,4.06,4.06,4.06,400,0
MDP,5,20210208,143000,4.06,4.06,4.06,4.06,697,0
MDP,5,20210208,143500,4.04,4.04,4.04,4.04,590,0
MDP,5,20210208,144000,4.06,4.06,4.06,4.06,289,0
MDP,5,20210208,150500,4.04,4.12,4.04,4.12,230,0
MDP,5,20210208,160500,4.12,4.12,4.12,4.12,249,0
MDP,5,20210208,161000,4.04,4.04,4,4,3128,0
MDP,5,20210208,162000,4.02,4.02,4,4,3035,0
MDP,5,20210208,163000,4,4,4,4,3085,0
MDP,5,20210208,164000,4,4,4,4,265,0
MDP,5,20210208,164500,3.96,3.98,3.9,3.98,2946,0
MDP,5,20210209,090000,3.96,3.96,3.9,3.9,4592,0
MDP,5,20210209,090500,3.9,3.9,3.9,3.9,500,0
MDP,5,20210209,091000,3.9,3.9,3.9,3.9,471,0
MDP,5,20210209,091500,3.84,3.94,3.82,3.94,883,0
MDP,5,20210209,093000,3.94,3.94,3.84,3.84,1850,0
MDP,5,20210209,093500,3.86,3.86,3.86,3.86,110,0
MDP,5,20210209,095000,3.88,3.94,3.84,3.94,1906,0
MDP,5,20210209,095500,3.9,3.9,3.9,3.9,111,0
MDP,5,20210209,100500,3.84,3.84,3.84,3.84,122,0
MDP,5,20210209,101000,3.9,3.9,3.9,3.9,87,0
MDP,5,20210209,101500,3.86,3.86,3.86,3.86,333,0
MDP,5,20210209,102500,3.86,3.86,3.86,3.86,667,0
MDP,5,20210209,103000,3.9,3.94,3.9,3.94,900,0
MDP,5,20210209,104000,3.92,3.92,3.92,3.92,480,0
MDP,5,20210209,111000,3.92,3.94,3.92,3.94,1520,0
MDP,5,20210209,112000,3.94,3.94,3.94,3.94,243,0
MDP,5,20210209,114000,3.94,3.94,3.94,3.94,114,0
MDP,5,20210209,115500,3.92,3.92,3.9,3.9,500,0
MDP,5,20210209,120000,3.9,3.9,3.9,3.9,1100,0
MDP,5,20210209,123000,3.94,3.94,3.94,3.94,250,0
MDP,5,20210209,124000,3.9,3.9,3.9,3.9,82,0
MDP,5,20210209,131000,3.88,3.88,3.88,3.88,145,0
MDP,5,20210209,134500,3.9,3.9,3.9,3.9,402,0
MDP,5,20210209,143000,3.88,3.88,3.8,3.8,5275,0
MDP,5,20210209,145500,3.92,3.92,3.92,3.92,4,0
MDP,5,20210209,150500,3.8,3.8,3.8,3.8,3420,0
MDP,5,20210209,151500,3.82,3.82,3.82,3.82,1000,0
MDP,5,20210209,155000,3.8,3.8,3.74,3.74,1120,0
MDP,5,20210209,155500,3.76,3.8,3.74,3.8,3333,0
MDP,5,20210209,160000,3.78,3.78,3.78,3.78,2000,0
MDP,5,20210209,161000,3.8,3.8,3.8,3.8,348,0
MDP,5,20210209,161500,3.88,3.92,3.88,3.92,1765,0
MDP,5,20210209,164500,3.84,3.88,3.84,3.88,1443,0
MDP,5,20210210,090000,3.92,3.92,3.8,3.8,367,0
MDP,5,20210210,090500,3.88,3.92,3.88,3.92,2794,0
MDP,5,20210210,091500,3.92,3.92,3.92,3.92,2500,0
MDP,5,20210210,092000,3.9,3.98,3.9,3.98,2923,0
MDP,5,20210210,092500,3.96,4.08,3.96,4.08,3326,0
MDP,5,20210210,093000,4,4.16,4,4.16,5133,0
MDP,5,20210210,093500,4.1,4.3,4.1,4.26,12089,0
MDP,5,20210210,094000,4.24,4.24,4.1,4.1,3741,0
MDP,5,20210210,094500,4.08,4.08,4.04,4.04,1005,0
MDP,5,20210210,095000,4.06,4.06,4.06,4.06,1693,0
MDP,5,20210210,095500,4.08,4.08,4.08,4.08,1525,0
MDP,5,20210210,101500,4.08,4.08,4.08,4.08,350,0
MDP,5,20210210,102000,4.06,4.06,4,4,1346,0
MDP,5,20210210,103000,4,4.08,4,4,268,0
MDP,5,20210210,104000,4,4,3.96,3.96,1341,0
MDP,5,20210210,104500,3.96,4.1,3.94,4.1,10749,0
MDP,5,20210210,105000,4.08,4.1,4.08,4.1,452,0
MDP,5,20210210,110000,4,4,4,4,250,0
MDP,5,20210210,113000,4.06,4.08,4.06,4.08,1976,0
MDP,5,20210210,113500,4.08,4.08,4.06,4.06,320,0
MDP,5,20210210,121500,4.08,4.1,4.08,4.1,310,0
MDP,5,20210210,123000,4,4.1,4,4.1,140,0
MDP,5,20210210,125000,4.08,4.08,4.08,4.08,100,0
MDP,5,20210210,131500,4,4,4,4,1,0
MDP,5,20210210,132000,4,4,4,4,585,0
MDP,5,20210210,132500,4,4,3.94,3.94,2000,0
MDP,5,20210210,133500,4.06,4.06,4.06,4.06,500,0
MDP,5,20210210,134000,4,4.06,4,4.06,510,0
MDP,5,20210210,141000,4.06,4.06,4.06,4.06,148,0
MDP,5,20210210,143000,4.06,4.06,4.06,4.06,24,0
MDP,5,20210210,145500,4.02,4.02,4.02,4.02,10,0
MDP,5,20210210,151000,4.06,4.06,4.06,4.06,1000,0
MDP,5,20210210,151500,4.06,4.06,4.06,4.06,293,0
MDP,5,20210210,154000,4.02,4.02,4.02,4.02,33,0
MDP,5,20210210,163500,3.96,3.96,3.96,3.96,334,0
MDP,5,20210210,164000,4.06,4.06,4.06,4.06,1000,0
MDP,5,20210211,090000,4.1,4.1,3.92,3.92,1001,0
MDP,5,20210211,090500,3.9,3.9,3.88,3.88,2000,0
MDP,5,20210211,091500,3.86,3.86,3.84,3.84,2000,0
MDP,5,20210211,093000,3.9,3.9,3.9,3.9,250,0
MDP,5,20210211,094000,3.92,3.92,3.92,3.92,1000,0
MDP,5,20210211,094500,4,4,4,4,1817,0
MDP,5,20210211,095000,4,4,4,4,582,0
MDP,5,20210211,095500,4.06,4.08,3.94,3.94,1655,0
MDP,5,20210211,100000,4.06,4.06,4.06,4.06,55,0
MDP,5,20210211,102500,4.06,4.06,4.06,4.06,12,0
MDP,5,20210211,103000,4.04,4.04,4.04,4.04,302,0
MDP,5,20210211,103500,4,4,4,4,5250,0
MDP,5,20210211,105500,3.94,3.94,3.94,3.94,905,0
MDP,5,20210211,110000,3.92,3.92,3.9,3.9,2274,0
MDP,5,20210211,110500,3.9,3.9,3.9,3.9,216,0
MDP,5,20210211,113500,3.9,3.9,3.9,3.9,100,0
MDP,5,20210211,115000,3.92,3.92,3.92,3.92,1000,0
MDP,5,20210211,120500,3.94,3.94,3.94,3.94,1000,0
MDP,5,20210211,122500,3.94,3.94,3.94,3.94,55,0
MDP,5,20210211,123500,4,4,4,4,2000,0
MDP,5,20210211,124000,4,4,4,4,445,0
MDP,5,20210211,130500,3.92,3.92,3.9,3.9,3202,0
MDP,5,20210211,131000,3.9,3.9,3.88,3.88,1257,0
MDP,5,20210211,134500,4,4,4,4,950,0
MDP,5,20210211,140500,4,4,4,4,50,0
MDP,5,20210211,141500,4,4,4,4,150,0
MDP,5,20210211,143500,3.94,3.94,3.94,3.94,700,0
MDP,5,20210211,144000,3.94,3.94,3.94,3.94,256,0
MDP,5,20210211,154500,3.96,3.96,3.96,3.96,100,0
MDP,5,20210211,160000,3.96,3.96,3.94,3.94,1000,0
MDP,5,20210211,160500,3.94,3.94,3.88,3.88,1393,0
MDP,5,20210211,161500,3.9,3.9,3.88,3.88,1000,0
MDP,5,20210211,162500,3.92,3.94,3.92,3.94,700,0
MDP,5,20210211,163000,3.92,3.92,3.92,3.92,1800,0
MDP,5,20210211,164000,3.92,3.92,3.9,3.9,11900,0
MDP,5,20210212,090000,3.92,3.94,3.92,3.94,6591,0
MDP,5,20210212,090500,3.98,4,3.98,4,894,0
MDP,5,20210212,091000,3.98,3.98,3.98,3.98,300,0
MDP,5,20210212,092500,3.98,3.98,3.98,3.98,11,0
MDP,5,20210212,093000,3.92,3.92,3.84,3.84,2407,0
MDP,5,20210212,093500,3.86,3.86,3.86,3.86,950,0
MDP,5,20210212,094000,3.88,3.88,3.8,3.8,5000,0
MDP,5,20210212,095500,3.82,3.82,3.82,3.82,100,0
MDP,5,20210212,100000,3.9,3.9,3.9,3.9,135,0
MDP,5,20210212,100500,3.82,3.82,3.8,3.8,2564,0
MDP,5,20210212,101000,3.82,3.82,3.8,3.8,4573,0
MDP,5,20210212,101500,3.86,3.86,3.86,3.86,300,0
MDP,5,20210212,102000,3.86,3.88,3.86,3.88,950,0
MDP,5,20210212,102500,3.88,3.88,3.88,3.88,200,0
MDP,5,20210212,103500,3.84,3.84,3.8,3.8,2700,0
MDP,5,20210212,105500,3.8,3.82,3.8,3.82,2482,0
MDP,5,20210212,110500,3.88,3.88,3.86,3.86,372,0
MDP,5,20210212,111000,3.88,3.9,3.86,3.9,1678,0
MDP,5,20210212,111500,3.9,3.92,3.9,3.92,2641,0
MDP,5,20210212,112000,3.94,3.98,3.94,3.98,5322,0
MDP,5,20210212,112500,3.98,4.14,3.98,4.1,17805,0
MDP,5,20210212,113000,4.02,4.02,4,4,2080,0
MDP,5,20210212,113500,3.98,4.04,3.98,4.04,1477,0
MDP,5,20210212,114000,4.04,4.04,4.04,4.04,900,0
MDP,5,20210212,114500,3.96,4.04,3.94,4.04,2000,0
MDP,5,20210212,115500,3.94,3.94,3.94,3.94,250,0
MDP,5,20210212,120500,3.94,3.94,3.94,3.94,500,0
MDP,5,20210212,121000,3.94,3.94,3.94,3.94,300,0
MDP,5,20210212,122000,3.94,3.94,3.94,3.94,935,0
MDP,5,20210212,123500,3.96,3.96,3.92,3.92,300,0
MDP,5,20210212,132000,3.98,3.98,3.98,3.98,50,0
MDP,5,20210212,134500,3.96,3.96,3.96,3.96,59,0
MDP,5,20210212,135500,3.94,3.94,3.94,3.94,1000,0
MDP,5,20210212,141000,3.94,3.94,3.94,3.94,50,0
MDP,5,20210212,142500,3.92,3.92,3.92,3.92,750,0
MDP,5,20210212,143000,3.92,3.92,3.92,3.92,250,0
MDP,5,20210212,143500,3.9,3.9,3.9,3.9,200,0
MDP,5,20210212,145000,3.9,3.9,3.9,3.9,3050,0
MDP,5,20210212,145500,3.88,3.9,3.86,3.9,1945,0
MDP,5,20210212,152500,3.86,3.86,3.86,3.86,500,0
MDP,5,20210212,153000,3.88,3.88,3.88,3.88,250,0
MDP,5,20210212,153500,3.9,3.9,3.9,3.9,1300,0
MDP,5,20210212,160500,3.88,3.88,3.84,3.84,2962,0
MDP,5,20210212,161000,3.84,3.84,3.84,3.84,522,0
MDP,5,20210212,161500,3.84,3.84,3.84,3.84,650,0
MDP,5,20210212,163000,3.84,3.84,3.8,3.8,11302,0
MDP,5,20210212,163500,3.74,3.74,3.74,3.74,675,0
MDP,5,20210212,164000,3.74,3.74,3.74,3.74,1625,0
MDP,5,20210212,164500,3.8,3.8,3.8,3.8,2700,0
MDP,5,20210215,090000,3.56,3.76,3.5,3.66,19006,0
MDP,5,20210215,090500,3.66,3.68,3.6,3.68,6711,0
MDP,5,20210215,091500,3.66,3.66,3.64,3.64,500,0
MDP,5,20210215,092000,3.64,3.64,3.6,3.6,8399,0
MDP,5,20210215,092500,3.6,3.6,3.42,3.42,16848,0
MDP,5,20210215,093000,3.54,3.78,3.52,3.6,6253,0
MDP,5,20210215,093500,3.58,3.6,3.58,3.6,1200,0
MDP,5,20210215,094000,3.6,3.6,3.52,3.52,606,0
MDP,5,20210215,094500,3.6,3.6,3.6,3.6,200,0
MDP,5,20210215,095000,3.56,3.58,3.56,3.58,1280,0
MDP,5,20210215,095500,3.58,3.58,3.58,3.58,1,0
MDP,5,20210215,100000,3.54,3.58,3.54,3.58,450,0
MDP,5,20210215,100500,3.58,3.58,3.58,3.58,2538,0
MDP,5,20210215,101000,3.58,3.58,3.58,3.58,150,0
MDP,5,20210215,101500,3.58,3.6,3.58,3.6,2021,0
MDP,5,20210215,102000,3.54,3.58,3.54,3.56,900,0
MDP,5,20210215,102500,3.56,3.56,3.54,3.54,1500,0
MDP,5,20210215,103000,3.54,3.54,3.54,3.54,400,0
MDP,5,20210215,104000,3.58,3.58,3.58,3.58,150,0
MDP,5,20210215,110000,3.58,3.6,3.58,3.6,1378,0
MDP,5,20210215,110500,3.6,3.6,3.58,3.58,957,0
MDP,5,20210215,111000,3.6,3.6,3.6,3.6,1484,0
MDP,5,20210215,111500,3.6,3.6,3.6,3.6,2330,0
MDP,5,20210215,113500,3.58,3.58,3.58,3.58,1000,0
MDP,5,20210215,115500,3.58,3.58,3.58,3.58,1410,0
MDP,5,20210215,121000,3.56,3.6,3.56,3.56,2651,0
MDP,5,20210215,122500,3.58,3.58,3.58,3.58,100,0
MDP,5,20210215,123500,3.58,3.58,3.58,3.58,100,0
MDP,5,20210215,124000,3.58,3.6,3.58,3.6,850,0
MDP,5,20210215,124500,3.6,3.6,3.6,3.6,2000,0
MDP,5,20210215,125500,3.6,3.6,3.6,3.6,2589,0
MDP,5,20210215,130500,3.6,3.6,3.6,3.6,870,0
MDP,5,20210215,133500,3.58,3.58,3.54,3.54,5500,0
MDP,5,20210215,135500,3.56,3.56,3.56,3.56,150,0
MDP,5,20210215,141500,3.6,3.6,3.56,3.6,4044,0
MDP,5,20210215,143000,3.56,3.6,3.56,3.6,700,0
MDP,5,20210215,144000,3.56,3.56,3.52,3.52,3000,0
MDP,5,20210215,144500,3.6,3.6,3.6,3.6,716,0
MDP,5,20210215,145000,3.6,3.6,3.6,3.6,50,0
MDP,5,20210215,151500,3.58,3.58,3.58,3.58,200,0
MDP,5,20210215,152000,3.56,3.56,3.56,3.56,395,0
MDP,5,20210215,152500,3.58,3.6,3.58,3.6,750,0
MDP,5,20210215,154500,3.62,3.62,3.62,3.62,300,0
MDP,5,20210215,155000,3.62,3.62,3.62,3.62,300,0
MDP,5,20210215,160500,3.62,3.68,3.62,3.68,500,0
MDP,5,20210215,162000,3.58,3.58,3.58,3.58,2000,0
MDP,5,20210215,163500,3.62,3.62,3.62,3.62,140,0
MDP,5,20210215,164000,3.6,3.6,3.6,3.6,6000,0
MDP,5,20210215,164500,3.6,3.6,3.56,3.56,5249,0
MDP,5,20210216,090000,3.56,3.56,3.56,3.56,270,0
MDP,5,20210216,090500,3.54,3.56,3.54,3.56,2374,0
MDP,5,20210216,091000,3.66,3.66,3.56,3.56,200,0
MDP,5,20210216,091500,3.64,3.68,3.64,3.68,400,0
MDP,5,20210216,092000,3.68,3.68,3.68,3.68,90,0
MDP,5,20210216,092500,3.58,3.58,3.56,3.56,1869,0
MDP,5,20210216,094500,3.54,3.54,3.54,3.54,207,0
MDP,5,20210216,095000,3.52,3.52,3.5,3.5,3300,0
MDP,5,20210216,095500,3.5,3.5,3.5,3.5,1000,0
MDP,5,20210216,100000,3.54,3.56,3.54,3.56,2109,0
MDP,5,20210216,100500,3.46,3.46,3.4,3.42,11413,0
MDP,5,20210216,101000,3.52,3.54,3.52,3.54,2802,0
MDP,5,20210216,101500,3.42,3.42,3.42,3.42,1015,0
MDP,5,20210216,102000,3.44,3.46,3.44,3.46,2350,0
MDP,5,20210216,102500,3.5,3.52,3.5,3.52,944,0
MDP,5,20210216,103000,3.52,3.52,3.52,3.52,500,0
MDP,5,20210216,104000,3.5,3.52,3.44,3.52,1350,0
MDP,5,20210216,105500,3.5,3.5,3.5,3.5,90,0
MDP,5,20210216,110000,3.52,3.52,3.52,3.52,660,0
MDP,5,20210216,112500,3.52,3.52,3.44,3.44,6500,0
MDP,5,20210216,113500,3.44,3.44,3.44,3.44,1501,0
MDP,5,20210216,114500,3.44,3.44,3.44,3.44,1500,0
MDP,5,20210216,115000,3.46,3.46,3.42,3.42,1180,0
MDP,5,20210216,120500,3.48,3.48,3.48,3.48,200,0
MDP,5,20210216,121500,3.42,3.48,3.42,3.42,210,0
MDP,5,20210216,122500,3.44,3.44,3.44,3.44,60,0
MDP,5,20210216,123000,3.44,3.48,3.44,3.48,400,0
MDP,5,20210216,123500,3.42,3.42,3.42,3.42,2000,0
MDP,5,20210216,124500,3.42,3.42,3.42,3.42,6178,0
MDP,5,20210216,125500,3.48,3.48,3.48,3.48,200,0
MDP,5,20210216,131000,3.4,3.4,3.4,3.4,1000,0
MDP,5,20210216,131500,3.4,3.4,3.4,3.4,2005,0
MDP,5,20210216,134000,3.4,3.4,3.4,3.4,4000,0
MDP,5,20210216,135000,3.42,3.42,3.42,3.42,600,0
MDP,5,20210216,135500,3.42,3.42,3.42,3.42,50,0
MDP,5,20210216,142000,3.42,3.42,3.42,3.42,500,0
MDP,5,20210216,142500,3.42,3.42,3.4,3.4,2005,0
MDP,5,20210216,143000,3.44,3.44,3.44,3.44,250,0
MDP,5,20210216,144500,3.46,3.46,3.46,3.46,80,0
MDP,5,20210216,152500,3.46,3.54,3.46,3.46,3711,0
MDP,5,20210216,153000,3.56,3.56,3.56,3.56,590,0
MDP,5,20210216,155000,3.5,3.5,3.5,3.5,279,0
MDP,5,20210216,162000,3.52,3.52,3.52,3.52,1000,0
MDP,5,20210216,162500,3.52,3.6,3.52,3.6,2700,0
MDP,5,20210216,163500,3.5,3.5,3.5,3.5,500,0
MDP,5,20210216,164500,3.56,3.56,3.56,3.56,1600,0
MDP,5,20210217,090000,3.6,3.72,3.6,3.72,5800,0
MDP,5,20210217,090500,3.7,3.7,3.7,3.7,695,0
MDP,5,20210217,093500,3.62,3.62,3.6,3.6,300,0
MDP,5,20210217,094000,3.6,3.6,3.6,3.6,467,0
MDP,5,20210217,095000,3.66,3.66,3.66,3.66,865,0
MDP,5,20210217,095500,3.66,3.66,3.66,3.66,135,0
MDP,5,20210217,100500,3.64,3.64,3.64,3.64,293,0
MDP,5,20210217,101000,3.66,3.66,3.66,3.66,250,0
MDP,5,20210217,101500,3.64,3.64,3.64,3.64,7,0
MDP,5,20210217,103000,3.62,3.66,3.36,3.38,6417,0
MDP,5,20210217,103500,3.38,3.64,3.38,3.64,278,0
MDP,5,20210217,115500,3.46,3.46,3.46,3.46,5,0
MDP,5,20210217,121500,3.58,3.58,3.58,3.58,10,0
MDP,5,20210217,132500,3.58,3.58,3.58,3.58,990,0
MDP,5,20210217,135000,3.5,3.5,3.5,3.5,13,0
MDP,5,20210217,140500,3.5,3.5,3.5,3.5,585,0
MDP,5,20210217,144000,3.5,3.5,3.48,3.48,300,0
MDP,5,20210217,144500,3.48,3.48,3.46,3.46,199,0
MDP,5,20210217,154500,3.48,3.48,3.46,3.46,2500,0
MDP,5,20210217,160000,3.56,3.56,3.56,3.56,200,0
MDP,5,20210217,161000,3.58,3.58,3.58,3.58,1900,0
MDP,5,20210217,162500,3.56,3.56,3.56,3.56,17,0
MDP,5,20210217,163000,3.56,3.56,3.56,3.56,63,0
MDP,5,20210217,164000,3.56,3.56,3.56,3.56,100,0
MDP,5,20210217,164500,3.56,3.58,3.56,3.58,282,0
MDP,5,20210218,090000,3.6,3.6,3.6,3.6,100,0
MDP,5,20210218,092500,3.5,3.5,3.44,3.44,1914,0
MDP,5,20210218,093500,3.58,3.58,3.58,3.58,1000,0
MDP,5,20210218,094500,3.5,3.5,3.5,3.5,150,0
MDP,5,20210218,095000,3.5,3.5,3.48,3.48,339,0
MDP,5,20210218,101000,3.48,3.56,3.46,3.56,1286,0
MDP,5,20210218,105500,3.48,3.48,3.48,3.48,550,0
MDP,5,20210218,110500,3.48,3.48,3.48,3.48,350,0
MDP,5,20210218,112000,3.46,3.46,3.46,3.46,500,0
MDP,5,20210218,112500,3.48,3.48,3.48,3.48,548,0
MDP,5,20210218,115500,3.48,3.48,3.48,3.48,452,0
MDP,5,20210218,120000,3.46,3.46,3.46,3.46,1000,0
MDP,5,20210218,121000,3.46,3.46,3.46,3.46,100,0
MDP,5,20210218,122000,3.46,3.46,3.46,3.46,1200,0
MDP,5,20210218,122500,3.46,3.46,3.46,3.46,2999,0
MDP,5,20210218,123000,3.46,3.46,3.46,3.46,2800,0
MDP,5,20210218,123500,3.46,3.46,3.46,3.46,1500,0
MDP,5,20210218,124000,3.46,3.46,3.46,3.46,700,0
MDP,5,20210218,124500,3.44,3.46,3.44,3.46,2600,0
MDP,5,20210218,125000,3.46,3.46,3.44,3.44,1091,0
MDP,5,20210218,125500,3.48,3.48,3.48,3.48,2,0
MDP,5,20210218,130500,3.48,3.48,3.48,3.48,940,0
MDP,5,20210218,132500,3.46,3.46,3.46,3.46,200,0
MDP,5,20210218,133000,3.44,3.44,3.44,3.44,66,0
MDP,5,20210218,133500,3.42,3.42,3.42,3.42,4934,0
MDP,5,20210218,134500,3.42,3.42,3.4,3.42,1848,0
MDP,5,20210218,135000,3.42,3.42,3.42,3.42,1000,0
MDP,5,20210218,141000,3.42,3.42,3.42,3.42,289,0
MDP,5,20210218,142000,3.42,3.42,3.42,3.42,757,0
MDP,5,20210218,142500,3.48,3.48,3.4,3.46,8229,0
MDP,5,20210218,145500,3.48,3.48,3.48,3.48,200,0
MDP,5,20210218,152000,3.5,3.5,3.5,3.5,200,0
MDP,5,20210218,152500,3.48,3.48,3.48,3.48,400,0
MDP,5,20210218,153000,3.46,3.46,3.46,3.46,347,0
MDP,5,20210218,153500,3.46,3.46,3.46,3.46,464,0
MDP,5,20210218,154000,3.48,3.48,3.48,3.48,250,0
MDP,5,20210218,154500,3.46,3.46,3.46,3.46,300,0
MDP,5,20210218,155500,3.46,3.46,3.4,3.4,2899,0
MDP,5,20210218,160000,3.48,3.48,3.48,3.48,800,0
MDP,5,20210218,161500,3.42,3.42,3.4,3.4,2748,0
MDP,5,20210218,162500,3.46,3.5,3.46,3.5,3400,0
MDP,5,20210218,163000,3.44,3.44,3.44,3.44,6,0
MDP,5,20210218,164500,3.52,3.52,3.52,3.52,11,0
MDP,5,20210219,090000,3.46,3.46,3.4,3.4,3576,0
MDP,5,20210219,090500,3.4,3.5,3.4,3.5,1748,0
MDP,5,20210219,091000,3.4,3.4,3.4,3.4,1552,0
MDP,5,20210219,091500,3.4,3.4,3.4,3.4,400,0
MDP,5,20210219,092500,3.5,3.5,3.42,3.42,440,0
MDP,5,20210219,094000,3.5,3.5,3.5,3.5,562,0
MDP,5,20210219,094500,3.42,3.42,3.42,3.42,800,0
MDP,5,20210219,100000,3.42,3.42,3.4,3.4,1900,0
MDP,5,20210219,101000,3.5,3.5,3.5,3.5,8,0
MDP,5,20210219,101500,3.48,3.48,3.48,3.48,100,0
MDP,5,20210219,103000,3.42,3.42,3.42,3.42,1100,0
MDP,5,20210219,105500,3.48,3.48,3.48,3.48,7,0
MDP,5,20210219,110500,3.42,3.42,3.42,3.42,1629,0
MDP,5,20210219,112000,3.48,3.48,3.48,3.48,200,0
MDP,5,20210219,113000,3.48,3.48,3.48,3.48,300,0
MDP,5,20210219,120000,3.48,3.48,3.48,3.48,177,0
MDP,5,20210219,125000,3.48,3.5,3.48,3.5,4610,0
MDP,5,20210219,125500,3.56,3.56,3.56,3.56,7,0
MDP,5,20210219,130500,3.5,3.5,3.5,3.5,390,0
MDP,5,20210219,132000,3.5,3.5,3.5,3.5,298,0
MDP,5,20210219,134000,3.52,3.54,3.52,3.54,1051,0
MDP,5,20210219,140000,3.54,3.54,3.54,3.54,170,0
MDP,5,20210219,140500,3.54,3.54,3.54,3.54,2050,0
MDP,5,20210219,141000,3.54,3.54,3.54,3.54,300,0
MDP,5,20210219,143000,3.52,3.52,3.52,3.52,69,0
MDP,5,20210219,152000,3.52,3.6,3.52,3.6,6328,0
MDP,5,20210219,152500,3.6,3.64,3.6,3.64,3119,0
MDP,5,20210219,153500,3.64,3.64,3.64,3.64,120,0
MDP,5,20210219,154000,3.62,3.62,3.62,3.62,323,0
MDP,5,20210219,154500,3.62,3.62,3.6,3.6,1977,0
MDP,5,20210219,155000,3.64,3.66,3.64,3.66,6580,0
MDP,5,20210219,155500,3.66,3.84,3.66,3.84,14740,0
MDP,5,20210219,160000,3.8,3.8,3.66,3.66,1991,0
MDP,5,20210219,160500,3.68,3.72,3.6,3.72,7600,0
MDP,5,20210219,161000,3.62,3.62,3.62,3.62,1000,0
MDP,5,20210219,161500,3.7,3.7,3.7,3.7,10,0
MDP,5,20210219,163000,3.7,3.7,3.7,3.7,700,0
MDP,5,20210219,164000,3.62,3.7,3.62,3.7,611,0
MDP,5,20210219,164500,3.58,3.66,3.58,3.66,3497,0
MDP,5,20210222,090000,3.58,3.66,3.58,3.66,2171,0
MDP,5,20210222,090500,3.58,3.58,3.54,3.54,2000,0
MDP,5,20210222,091500,3.64,3.66,3.64,3.66,2100,0
MDP,5,20210222,092000,3.68,3.7,3.68,3.7,7610,0
MDP,5,20210222,092500,3.7,3.78,3.7,3.78,4500,0
MDP,5,20210222,093000,3.7,3.76,3.7,3.76,2698,0
MDP,5,20210222,093500,3.76,3.76,3.76,3.76,1124,0
MDP,5,20210222,095000,3.74,3.74,3.74,3.74,200,0
MDP,5,20210222,100500,3.74,3.74,3.74,3.74,532,0
MDP,5,20210222,101000,3.7,3.7,3.68,3.7,1900,0
MDP,5,20210222,102000,3.74,3.76,3.74,3.76,900,0
MDP,5,20210222,102500,3.68,3.68,3.62,3.62,850,0
MDP,5,20210222,105000,3.64,3.64,3.6,3.6,1000,0
MDP,5,20210222,110500,3.6,3.6,3.6,3.6,555,0
MDP,5,20210222,113000,3.7,3.7,3.7,3.7,20,0
MDP,5,20210222,114500,3.7,3.72,3.7,3.72,980,0
MDP,5,20210222,115000,3.72,3.74,3.66,3.74,720,0
MDP,5,20210222,120000,3.72,3.72,3.72,3.72,247,0
MDP,5,20210222,121500,3.68,3.68,3.68,3.68,100,0
MDP,5,20210222,125500,3.7,3.7,3.7,3.7,60,0
MDP,5,20210222,132000,3.7,3.72,3.7,3.72,2403,0
MDP,5,20210222,143500,3.7,3.7,3.7,3.7,2000,0
MDP,5,20210222,145000,3.68,3.68,3.68,3.68,100,0
MDP,5,20210222,150000,3.68,3.68,3.68,3.68,40,0
MDP,5,20210222,150500,3.68,3.68,3.68,3.68,709,0
MDP,5,20210222,151000,3.66,3.66,3.66,3.66,1680,0
MDP,5,20210222,153500,3.72,3.72,3.72,3.72,6,0
MDP,5,20210222,154500,3.66,3.66,3.66,3.66,180,0
MDP,5,20210222,155000,3.66,3.66,3.66,3.66,690,0
MDP,5,20210222,160000,3.64,3.64,3.6,3.6,2409,0
MDP,5,20210222,161500,3.62,3.62,3.62,3.62,18,0
MDP,5,20210222,163000,3.62,3.62,3.62,3.62,6285,0
MDP,5,20210222,164000,3.6,3.6,3.6,3.6,535,0
MDP,5,20210222,164500,3.6,3.6,3.58,3.58,986,0
MDP,5,20210223,090000,3.64,3.64,3.54,3.54,3455,0
MDP,5,20210223,090500,3.54,3.54,3.52,3.52,1241,0
MDP,5,20210223,092000,3.52,3.52,3.52,3.52,200,0
MDP,5,20210223,092500,3.54,3.54,3.54,3.54,400,0
MDP,5,20210223,093000,3.52,3.64,3.52,3.64,623,0
MDP,5,20210223,095500,3.64,3.78,3.64,3.7,6000,0
MDP,5,20210223,100500,3.66,3.76,3.66,3.76,2174,0
MDP,5,20210223,101000,3.78,3.78,3.78,3.78,784,0
MDP,5,20210223,101500,3.76,3.76,3.76,3.76,1,0
MDP,5,20210223,102500,3.66,3.66,3.66,3.66,300,0
MDP,5,20210223,103500,3.62,3.62,3.62,3.62,400,0
MDP,5,20210223,105500,3.62,3.62,3.62,3.62,420,0
MDP,5,20210223,110500,3.62,3.62,3.6,3.6,530,0
MDP,5,20210223,112000,3.6,3.66,3.6,3.66,402,0
MDP,5,20210223,114000,3.6,3.6,3.6,3.6,470,0
MDP,5,20210223,131000,3.6,3.6,3.6,3.6,280,0
MDP,5,20210223,132000,3.64,3.64,3.64,3.64,100,0
MDP,5,20210223,133500,3.6,3.6,3.6,3.6,1000,0
MDP,5,20210223,142000,3.58,3.58,3.54,3.54,1046,0
MDP,5,20210223,142500,3.54,3.54,3.54,3.54,1,0
MDP,5,20210223,143500,3.56,3.56,3.56,3.56,500,0
MDP,5,20210223,144000,3.56,3.56,3.56,3.56,490,0
MDP,5,20210223,145500,3.56,3.56,3.5,3.5,4852,0
MDP,5,20210223,150000,3.48,3.6,3.48,3.6,2580,0
MDP,5,20210223,150500,3.5,3.5,3.5,3.5,1000,0
MDP,5,20210223,155000,3.5,3.5,3.5,3.5,800,0
MDP,5,20210223,155500,3.5,3.5,3.5,3.5,4800,0
MDP,5,20210223,164500,3.5,3.5,3.5,3.5,91,0
MDP,5,20210224,090000,3.5,3.5,3.5,3.5,7,0
MDP,5,20210224,091500,3.54,3.54,3.44,3.44,1680,0
MDP,5,20210224,092000,3.52,3.52,3.5,3.5,1000,0
MDP,5,20210224,093000,3.52,3.52,3.52,3.52,130,0
MDP,5,20210224,100500,3.6,3.6,3.6,3.6,10,0
MDP,5,20210224,101000,3.6,3.64,3.6,3.64,240,0
MDP,5,20210224,103000,3.54,3.54,3.54,3.54,1962,0
MDP,5,20210224,104500,3.54,3.54,3.54,3.54,77,0
MDP,5,20210224,110500,3.54,3.6,3.54,3.6,8400,0
MDP,5,20210224,111000,3.6,3.6,3.6,3.6,100,0
MDP,5,20210224,115500,3.58,3.6,3.58,3.6,3464,0
MDP,5,20210224,120000,3.6,3.6,3.6,3.6,1536,0
MDP,5,20210224,132000,3.52,3.52,3.52,3.52,1000,0
MDP,5,20210224,133500,3.52,3.52,3.5,3.5,3500,0
MDP,5,20210224,141000,3.48,3.48,3.46,3.46,1200,0
MDP,5,20210224,141500,3.46,3.46,3.46,3.46,240,0
MDP,5,20210224,143500,3.54,3.54,3.54,3.54,2,0
MDP,5,20210224,155000,3.48,3.48,3.48,3.48,250,0
MDP,5,20210224,160000,3.46,3.46,3.46,3.46,640,0
MDP,5,20210224,162000,3.46,3.46,3.46,3.46,2170,0
MDP,5,20210224,163000,3.48,3.48,3.48,3.48,1965,0
MDP,5,20210224,163500,3.56,3.56,3.56,3.56,35,0
MDP,5,20210225,090000,3.54,3.54,3.54,3.54,85,0
MDP,5,20210225,092500,3.5,3.5,3.5,3.5,363,0
MDP,5,20210225,093500,3.52,3.52,3.5,3.5,787,0
MDP,5,20210225,095500,3.48,3.48,3.48,3.48,550,0
MDP,5,20210225,100500,3.5,3.5,3.5,3.5,350,0
MDP,5,20210225,101500,3.52,3.52,3.52,3.52,128,0
MDP,5,20210225,102000,3.54,3.54,3.54,3.54,650,0
MDP,5,20210225,102500,3.54,3.54,3.54,3.54,349,0
MDP,5,20210225,110500,3.54,3.54,3.52,3.52,1516,0
MDP,5,20210225,111000,3.52,3.52,3.52,3.52,307,0
MDP,5,20210225,112500,3.5,3.5,3.5,3.5,50,0
MDP,5,20210225,113000,3.48,3.48,3.46,3.48,2800,0
MDP,5,20210225,113500,3.46,3.46,3.46,3.46,800,0
MDP,5,20210225,121000,3.5,3.5,3.5,3.5,20,0
MDP,5,20210225,124000,3.5,3.5,3.5,3.5,1500,0
MDP,5,20210225,124500,3.5,3.58,3.5,3.58,1250,0
MDP,5,20210225,125500,3.48,3.48,3.48,3.48,80,0
MDP,5,20210225,140500,3.48,3.48,3.48,3.48,20,0
MDP,5,20210225,151000,3.48,3.48,3.48,3.48,606,0
MDP,5,20210225,151500,3.48,3.48,3.48,3.48,2171,0
MDP,5,20210225,164500,3.48,3.48,3.48,3.48,800,0
MDP,5,20210226,090000,3.46,3.46,3.46,3.46,1000,0
MDP,5,20210226,090500,3.48,3.54,3.48,3.54,300,0
MDP,5,20210226,095500,3.52,3.52,3.52,3.52,1000,0
MDP,5,20210226,102000,3.46,3.46,3.46,3.46,300,0
MDP,5,20210226,104500,3.5,3.5,3.5,3.5,1456,0
MDP,5,20210226,114000,3.52,3.52,3.52,3.52,460,0
MDP,5,20210226,114500,3.5,3.5,3.5,3.5,44,0
MDP,5,20210226,115500,3.5,3.5,3.5,3.5,356,0
MDP,5,20210226,120000,3.5,3.5,3.46,3.46,500,0
MDP,5,20210226,120500,3.46,3.46,3.46,3.46,300,0
MDP,5,20210226,124000,3.46,3.5,3.46,3.5,800,0
MDP,5,20210226,125000,3.46,3.46,3.46,3.46,107,0
MDP,5,20210226,125500,3.44,3.44,3.44,3.44,675,0
MDP,5,20210226,131500,3.5,3.5,3.5,3.5,1,0
MDP,5,20210226,132000,3.5,3.5,3.5,3.5,1,0
MDP,5,20210226,141500,3.46,3.46,3.44,3.44,250,0
MDP,5,20210226,142000,3.44,3.44,3.44,3.44,500,0
MDP,5,20210226,152500,3.44,3.44,3.4,3.4,7226,0
MDP,5,20210226,160000,3.5,3.5,3.42,3.42,500,0
MDP,5,20210226,161500,3.44,3.44,3.4,3.4,1049,0
MDP,5,20210301,090000,3.5,3.5,3.5,3.5,50,0
MDP,5,20210301,090500,3.5,3.5,3.5,3.5,1000,0
MDP,5,20210301,094500,3.44,3.44,3.26,3.26,4380,0
MDP,5,20210301,100000,3.48,3.48,3.48,3.48,450,0
MDP,5,20210301,103500,3.4,3.4,3.4,3.4,300,0
MDP,5,20210301,104000,3.48,3.48,3.48,3.48,100,0
MDP,5,20210301,105500,3.44,3.48,3.44,3.48,1119,0
MDP,5,20210301,112000,3.5,3.5,3.5,3.5,57,0
MDP,5,20210301,113000,3.44,3.44,3.38,3.38,2000,0
MDP,5,20210301,123000,3.5,3.5,3.5,3.5,10,0
MDP,5,20210301,132000,3.42,3.42,3.42,3.42,103,0
MDP,5,20210301,141000,3.42,3.42,3.42,3.42,286,0
MDP,5,20210301,150500,3.46,3.5,3.46,3.5,6273,0
MDP,5,20210301,151000,3.58,3.7,3.58,3.7,14854,0
MDP,5,20210301,151500,3.66,3.68,3.66,3.68,1306,0
MDP,5,20210301,152000,3.66,3.66,3.66,3.66,1088,0
MDP,5,20210301,152500,3.64,3.66,3.64,3.66,194,0
MDP,5,20210301,153000,3.6,3.6,3.6,3.6,1,0
MDP,5,20210301,154000,3.6,3.6,3.6,3.6,299,0
MDP,5,20210301,154500,3.6,3.68,3.6,3.68,3200,0
MDP,5,20210301,161000,3.54,3.54,3.54,3.54,500,0
MDP,5,20210301,162000,3.54,3.54,3.54,3.54,688,0
MDP,5,20210301,162500,3.52,3.52,3.44,3.44,2859,0
MDP,5,20210301,163000,3.46,3.46,3.46,3.46,10,0
MDP,5,20210301,164000,3.58,3.58,3.58,3.58,688,0
MDP,5,20210301,164500,3.64,3.64,3.64,3.64,2000,0
MDP,5,20210302,090000,3.64,3.64,3.64,3.64,500,0
MDP,5,20210302,091000,3.66,3.66,3.66,3.66,20,0
MDP,5,20210302,094500,3.6,3.6,3.6,3.6,600,0
MDP,5,20210302,100000,3.6,3.6,3.48,3.48,594,0
MDP,5,20210302,101500,3.5,3.5,3.5,3.5,400,0
MDP,5,20210302,102500,3.6,3.6,3.6,3.6,100,0
MDP,5,20210302,103000,3.6,3.6,3.6,3.6,394,0
MDP,5,20210302,103500,3.6,3.66,3.6,3.66,2519,0
MDP,5,20210302,105000,3.64,3.64,3.62,3.62,300,0
MDP,5,20210302,110000,3.6,3.6,3.6,3.6,150,0
MDP,5,20210302,111500,3.6,3.6,3.6,3.6,913,0
MDP,5,20210302,114500,3.52,3.52,3.52,3.52,500,0
MDP,5,20210302,115500,3.5,3.5,3.46,3.46,2292,0
MDP,5,20210302,121000,3.48,3.48,3.48,3.48,400,0
MDP,5,20210302,123000,3.48,3.48,3.46,3.46,1767,0
MDP,5,20210302,123500,3.46,3.46,3.46,3.46,1000,0
MDP,5,20210302,135000,3.5,3.5,3.5,3.5,1000,0
MDP,5,20210302,145000,3.5,3.5,3.48,3.48,2000,0
MDP,5,20210302,153000,3.58,3.58,3.48,3.48,560,0
MDP,5,20210302,160000,3.48,3.48,3.48,3.48,970,0
MDP,5,20210302,162000,3.48,3.48,3.48,3.48,45,0
MDP,5,20210302,163000,3.48,3.48,3.48,3.48,800,0
MDP,5,20210302,164500,3.48,3.56,3.48,3.56,870,0
MDP,5,20210303,090000,3.48,3.48,3.48,3.48,700,0
MDP,5,20210303,090500,3.48,3.48,3.48,3.48,734,0
MDP,5,20210303,091000,3.48,3.48,3.48,3.48,210,0
MDP,5,20210303,094500,3.5,3.5,3.5,3.5,1800,0
MDP,5,20210303,095500,3.5,3.5,3.5,3.5,2958,0
MDP,5,20210303,104000,3.5,3.5,3.5,3.5,940,0
MDP,5,20210303,110000,3.52,3.52,3.52,3.52,264,0
MDP,5,20210303,112500,3.5,3.5,3.48,3.48,592,0
MDP,5,20210303,113000,3.46,3.46,3.46,3.46,500,0
MDP,5,20210303,114000,3.46,3.46,3.46,3.46,480,0
MDP,5,20210303,115000,3.46,3.46,3.46,3.46,562,0
MDP,5,20210303,122000,3.46,3.46,3.46,3.46,200,0
MDP,5,20210303,130000,3.46,3.46,3.46,3.46,300,0
MDP,5,20210303,132000,3.46,3.46,3.46,3.46,495,0
MDP,5,20210303,132500,3.46,3.46,3.46,3.46,1245,0
MDP,5,20210303,133000,3.42,3.42,3.4,3.4,900,0
MDP,5,20210303,134500,3.42,3.42,3.42,3.42,20,0
MDP,5,20210303,140000,3.42,3.42,3.42,3.42,80,0
MDP,5,20210303,141000,3.42,3.42,3.42,3.42,931,0
MDP,5,20210303,143000,3.4,3.4,3.4,3.4,18,0
MDP,5,20210303,143500,3.42,3.42,3.42,3.42,30,0
MDP,5,20210303,145500,3.42,3.42,3.42,3.42,39,0
MDP,5,20210303,150000,3.42,3.42,3.42,3.42,224,0
MDP,5,20210303,151500,3.44,3.44,3.44,3.44,2,0
MDP,5,20210303,152000,3.44,3.44,3.44,3.44,574,0
MDP,5,20210303,152500,3.46,3.46,3.46,3.46,755,0
MDP,5,20210303,155000,3.5,3.5,3.5,3.5,5000,0
MDP,5,20210303,163000,3.42,3.42,3.42,3.42,1883,0
MDP,5,20210303,163500,3.4,3.4,3.4,3.4,1088,0
MDP,5,20210303,164000,3.4,3.4,3.4,3.4,600,0
MDP,5,20210303,164500,3.42,3.42,3.42,3.42,2359,0
MDP,5,20210304,090000,3.5,3.5,3.5,3.5,678,0
MDP,5,20210304,090500,3.5,3.5,3.3,3.3,5572,0
MDP,5,20210304,091000,3.4,3.4,3.4,3.4,1413,0
MDP,5,20210304,092500,3.32,3.32,3.3,3.3,5550,0
MDP,5,20210304,093000,3.32,3.32,3.32,3.32,1450,0
MDP,5,20210304,093500,3.34,3.4,3.34,3.4,970,0
MDP,5,20210304,094000,3.4,3.4,3.4,3.4,750,0
MDP,5,20210304,094500,3.34,3.34,3.34,3.34,487,0
MDP,5,20210304,101000,3.34,3.34,3.34,3.34,2500,0
MDP,5,20210304,102000,3.34,3.34,3.32,3.32,688,0
MDP,5,20210304,113000,3.4,3.4,3.4,3.4,576,0
MDP,5,20210304,113500,3.46,3.46,3.46,3.46,230,0
MDP,5,20210304,122500,3.44,3.44,3.44,3.44,400,0
MDP,5,20210304,123000,3.44,3.44,3.44,3.44,500,0
MDP,5,20210304,123500,3.4,3.4,3.4,3.4,900,0
MDP,5,20210304,124000,3.4,3.4,3.4,3.4,2500,0
MDP,5,20210304,125500,3.4,3.4,3.4,3.4,1024,0
MDP,5,20210304,131500,3.4,3.42,3.4,3.42,400,0
MDP,5,20210304,132500,3.4,3.4,3.4,3.4,200,0
MDP,5,20210304,134000,3.4,3.4,3.4,3.4,680,0
MDP,5,20210304,143000,3.34,3.34,3.34,3.34,1131,0
MDP,5,20210304,144000,3.4,3.4,3.4,3.4,16,0
MDP,5,20210304,150000,3.34,3.34,3.34,3.34,62,0
MDP,5,20210304,151500,3.34,3.34,3.34,3.34,1000,0
MDP,5,20210304,152000,3.4,3.4,3.4,3.4,259,0
MDP,5,20210304,154500,3.38,3.38,3.38,3.38,450,0
MDP,5,20210304,155000,3.38,3.38,3.38,3.38,100,0
MDP,5,20210304,161500,3.38,3.38,3.38,3.38,150,0
MDP,5,20210304,162000,3.4,3.4,3.4,3.4,350,0
MDP,5,20210304,163500,3.4,3.4,3.4,3.4,300,0
MDP,5,20210304,164000,3.4,3.4,3.4,3.4,200,0
MDP,5,20210304,164500,3.4,3.4,3.4,3.4,1500,0
MDP,5,20210305,090000,3.44,3.44,3.44,3.44,50,0
MDP,5,20210305,090500,3.48,3.48,3.48,3.48,50,0
MDP,5,20210305,092500,3.44,3.44,3.4,3.4,1000,0
MDP,5,20210305,093000,3.4,3.4,3.4,3.4,1000,0
MDP,5,20210305,093500,3.44,3.44,3.44,3.44,150,0
MDP,5,20210305,094000,3.3,3.3,3.3,3.3,400,0
MDP,5,20210305,094500,3.3,3.3,3.28,3.28,1397,0
MDP,5,20210305,095500,3.3,3.3,3.3,3.3,650,0
MDP,5,20210305,101000,3.32,3.32,3.32,3.32,2000,0
MDP,5,20210305,104500,3.4,3.4,3.4,3.4,1000,0
MDP,5,20210305,105000,3.44,3.44,3.44,3.44,25,0
MDP,5,20210305,113000,3.44,3.46,3.44,3.46,1895,0
MDP,5,20210305,114000,3.46,3.46,3.46,3.46,1000,0
MDP,5,20210305,114500,3.34,3.34,3.34,3.34,300,0
MDP,5,20210305,122000,3.34,3.34,3.34,3.34,2000,0
MDP,5,20210305,122500,3.34,3.34,3.34,3.34,950,0
MDP,5,20210305,123000,3.32,3.32,3.3,3.3,1550,0
MDP,5,20210305,123500,3.3,3.3,3.3,3.3,800,0
MDP,5,20210305,124500,3.38,3.38,3.38,3.38,1500,0
MDP,5,20210305,125000,3.38,3.38,3.38,3.38,15,0
MDP,5,20210305,125500,3.38,3.38,3.38,3.38,125,0
MDP,5,20210305,130000,3.32,3.32,3.32,3.32,700,0
MDP,5,20210305,132500,3.38,3.4,3.38,3.4,952,0
MDP,5,20210305,133000,3.4,3.4,3.4,3.4,1000,0
MDP,5,20210305,150000,3.36,3.36,3.36,3.36,600,0
MDP,5,20210305,155500,3.36,3.36,3.34,3.34,1013,0
MDP,5,20210305,160000,3.4,3.4,3.4,3.4,18,0
MDP,5,20210305,161000,3.4,3.42,3.4,3.42,1071,0
MDP,5,20210305,162500,3.34,3.34,3.34,3.34,230,0
MDP,5,20210305,164500,3.34,3.36,3.34,3.36,1690,0
MDP,5,20210308,093500,3.36,3.36,3.36,3.36,66,0
MDP,5,20210308,094500,3.3,3.3,3.28,3.28,1971,0
MDP,5,20210308,095500,3.4,3.4,3.4,3.4,200,0
MDP,5,20210308,100500,3.38,3.38,3.38,3.38,500,0
MDP,5,20210308,101000,3.36,3.4,3.36,3.4,2566,0
MDP,5,20210308,112000,3.42,3.42,3.42,3.42,437,0
MDP,5,20210308,112500,3.42,3.42,3.42,3.42,63,0
MDP,5,20210308,113000,3.42,3.42,3.42,3.42,287,0
MDP,5,20210308,114500,3.4,3.4,3.4,3.4,250,0
MDP,5,20210308,130000,3.36,3.36,3.3,3.3,146,0
MDP,5,20210308,131500,3.4,3.4,3.4,3.4,1000,0
MDP,5,20210308,135000,3.4,3.4,3.4,3.4,19,0
MDP,5,20210308,161000,3.34,3.4,3.34,3.4,51,0
MDP,5,20210308,164500,3.4,3.4,3.4,3.4,600,0
MDP,5,20210309,090000,3.42,3.44,3.42,3.44,1216,0
MDP,5,20210309,094000,3.4,3.4,3.4,3.4,630,0
MDP,5,20210309,094500,3.36,3.36,3.36,3.36,1,0
MDP,5,20210309,101500,3.38,3.38,3.38,3.38,1,0
MDP,5,20210309,103500,3.38,3.38,3.32,3.32,6196,0
MDP,5,20210309,104000,3.32,3.32,3.32,3.32,3204,0
MDP,5,20210309,104500,3.4,3.4,3.4,3.4,1,0
MDP,5,20210309,111500,3.36,3.36,3.36,3.36,749,0
MDP,5,20210309,114000,3.3,3.32,3.3,3.32,3279,0
MDP,5,20210309,120000,3.36,3.36,3.36,3.36,1000,0
MDP,5,20210309,120500,3.32,3.32,3.32,3.32,152,0
MDP,5,20210309,121500,3.32,3.32,3.3,3.3,1400,0
MDP,5,20210309,123500,3.3,3.32,3.3,3.32,1417,0
MDP,5,20210309,124500,3.28,3.3,3.28,3.3,540,0
MDP,5,20210309,125500,3.3,3.32,3.3,3.32,2096,0
MDP,5,20210309,130000,3.32,3.36,3.32,3.36,61,0
MDP,5,20210309,131500,3.3,3.3,3.3,3.3,1500,0
MDP,5,20210309,132000,3.3,3.3,3.3,3.3,1000,0
MDP,5,20210309,134000,3.32,3.32,3.32,3.32,2000,0
MDP,5,20210309,134500,3.34,3.34,3.34,3.34,300,0
MDP,5,20210309,135500,3.34,3.34,3.34,3.34,200,0
MDP,5,20210309,140000,3.36,3.36,3.36,3.36,27,0
MDP,5,20210309,143000,3.36,3.36,3.36,3.36,1500,0
MDP,5,20210309,144500,3.36,3.36,3.36,3.36,2700,0
MDP,5,20210309,150000,3.36,3.36,3.36,3.36,443,0
MDP,5,20210309,150500,3.38,3.38,3.36,3.36,1157,0
MDP,5,20210309,152500,3.34,3.34,3.34,3.34,118,0
MDP,5,20210309,154500,3.38,3.38,3.38,3.38,298,0
MDP,5,20210309,155000,3.38,3.38,3.38,3.38,200,0
MDP,5,20210309,160500,3.38,3.38,3.38,3.38,118,0
MDP,5,20210309,165500,3.36,3.36,3.36,3.36,150,0
MDP,5,20210310,090000,3.3,3.3,3.3,3.3,300,0
MDP,5,20210310,092500,3.34,3.34,3.34,3.34,1346,0
MDP,5,20210310,093000,3.36,3.36,3.36,3.36,150,0
MDP,5,20210310,093500,3.36,3.36,3.36,3.36,50,0
MDP,5,20210310,094000,3.36,3.36,3.34,3.34,1000,0
MDP,5,20210310,094500,3.34,3.34,3.3,3.3,1000,0
MDP,5,20210310,100500,3.38,3.38,3.38,3.38,1,0
MDP,5,20210310,102500,3.38,3.38,3.38,3.38,300,0
MDP,5,20210310,110000,3.32,3.32,3.32,3.32,50,0
MDP,5,20210310,110500,3.32,3.36,3.3,3.36,1400,0
MDP,5,20210310,114500,3.3,3.3,3.3,3.3,3750,0
MDP,5,20210310,115000,3.36,3.36,3.36,3.36,1,0
MDP,5,20210310,120000,3.36,3.4,3.36,3.4,3560,0
MDP,5,20210310,120500,3.3,3.4,3.3,3.4,2501,0
MDP,5,20210310,121500,3.36,3.36,3.32,3.32,860,0
MDP,5,20210310,122500,3.34,3.4,3.28,3.4,3501,0
MDP,5,20210310,123000,3.3,3.3,3.3,3.3,503,0
MDP,5,20210310,124000,3.3,3.3,3.3,3.3,1034,0
MDP,5,20210310,124500,3.3,3.3,3.3,3.3,345,0
MDP,5,20210310,130000,3.32,3.32,3.32,3.32,300,0
MDP,5,20210310,130500,3.32,3.32,3.28,3.28,2999,0
MDP,5,20210310,131000,3.34,3.34,3.16,3.16,11676,0
MDP,5,20210310,131500,3.2,3.3,3.2,3.3,995,0
MDP,5,20210310,132000,3.2,3.3,3.18,3.3,1000,0
MDP,5,20210310,132500,3.2,3.2,3.18,3.2,4059,0
MDP,5,20210310,133000,3.34,3.34,3.2,3.2,2654,0
MDP,5,20210310,133500,3.32,3.32,3.2,3.2,11,0
MDP,5,20210310,134500,3.24,3.24,3.24,3.24,2500,0
MDP,5,20210310,135000,3.32,3.32,3.32,3.32,1685,0
MDP,5,20210310,140500,3.32,3.32,3.32,3.32,3127,0
MDP,5,20210310,141000,3.36,3.36,3.36,3.36,1,0
MDP,5,20210310,142500,3.32,3.32,3.32,3.32,189,0
MDP,5,20210310,145500,3.26,3.26,3.26,3.26,349,0
MDP,5,20210310,152000,3.32,3.32,3.32,3.32,1000,0
MDP,5,20210310,153000,3.32,3.32,3.32,3.32,580,0
MDP,5,20210310,164500,3.3,3.3,3.28,3.3,1866,0
MDP,5,20210311,090000,3.3,3.38,3.3,3.38,3744,0
MDP,5,20210311,090500,3.38,3.42,3.38,3.42,5596,0
MDP,5,20210311,091000,3.42,3.42,3.38,3.38,4412,0
MDP,5,20210311,091500,3.42,3.5,3.38,3.5,7806,0
MDP,5,20210311,092000,3.52,3.68,3.52,3.68,7187,0
MDP,5,20210311,092500,3.66,3.66,3.48,3.54,4835,0
MDP,5,20210311,093000,3.56,3.76,3.54,3.76,10500,0
MDP,5,20210311,093500,3.74,3.74,3.6,3.6,4979,0
MDP,5,20210311,094000,3.54,3.54,3.54,3.54,3430,0
MDP,5,20210311,094500,3.6,3.6,3.6,3.6,247,0
MDP,5,20210311,095000,3.6,3.6,3.5,3.5,2098,0
MDP,5,20210311,095500,3.52,3.52,3.52,3.52,900,0
MDP,5,20210311,100000,3.52,3.52,3.46,3.46,8500,0
MDP,5,20210311,100500,3.48,3.52,3.42,3.52,3059,0
MDP,5,20210311,101000,3.52,3.64,3.46,3.6,10403,0
MDP,5,20210311,101500,3.48,3.48,3.48,3.48,389,0
MDP,5,20210311,103000,3.58,3.58,3.58,3.58,300,0
MDP,5,20210311,104000,3.5,3.5,3.5,3.5,600,0
MDP,5,20210311,104500,3.52,3.52,3.52,3.52,300,0
MDP,5,20210311,105000,3.5,3.52,3.5,3.52,210,0
MDP,5,20210311,105500,3.52,3.52,3.52,3.52,1039,0
MDP,5,20210311,112000,3.48,3.48,3.46,3.46,1000,0
MDP,5,20210311,112500,3.56,3.56,3.56,3.56,600,0
MDP,5,20210311,113000,3.56,3.56,3.56,3.56,300,0
MDP,5,20210311,114500,3.46,3.46,3.46,3.46,1636,0
MDP,5,20210311,115000,3.44,3.44,3.44,3.44,1102,0
MDP,5,20210311,120000,3.44,3.44,3.42,3.42,1000,0
MDP,5,20210311,121000,3.54,3.54,3.54,3.54,5,0
MDP,5,20210311,121500,3.42,3.42,3.42,3.42,1000,0
MDP,5,20210311,123000,3.42,3.42,3.42,3.42,2,0
MDP,5,20210311,125500,3.42,3.42,3.4,3.4,300,0
MDP,5,20210311,130500,3.4,3.4,3.4,3.4,153,0
MDP,5,20210311,134500,3.42,3.42,3.42,3.42,1000,0
MDP,5,20210311,135000,3.42,3.42,3.4,3.4,685,0
MDP,5,20210311,135500,3.42,3.42,3.4,3.4,247,0
MDP,5,20210311,143500,3.42,3.42,3.42,3.42,300,0
MDP,5,20210311,144500,3.44,3.44,3.44,3.44,5700,0
MDP,5,20210311,145000,3.44,3.44,3.44,3.44,2396,0
MDP,5,20210311,145500,3.44,3.44,3.44,3.44,554,0
MDP,5,20210311,151500,3.46,3.46,3.44,3.44,260,0
MDP,5,20210311,153500,3.46,3.46,3.46,3.46,95,0
MDP,5,20210311,155000,3.5,3.5,3.5,3.5,670,0
MDP,5,20210311,155500,3.5,3.5,3.5,3.5,600,0
MDP,5,20210311,160000,3.44,3.44,3.44,3.44,1000,0
MDP,5,20210311,160500,3.48,3.5,3.48,3.5,103,0
MDP,5,20210311,161000,3.5,3.5,3.5,3.5,1500,0
MDP,5,20210311,161500,3.5,3.5,3.5,3.5,142,0
MDP,5,20210311,163000,3.48,3.48,3.48,3.48,2000,0
MDP,5,20210311,164000,3.5,3.5,3.5,3.5,300,0
MDP,5,20210312,090000,3.5,3.5,3.46,3.46,337,0
MDP,5,20210312,091000,3.46,3.46,3.46,3.46,300,0
MDP,5,20210312,091500,3.46,3.46,3.42,3.42,636,0
MDP,5,20210312,092000,3.42,3.42,3.4,3.4,670,0
MDP,5,20210312,092500,3.4,3.4,3.4,3.4,1126,0
MDP,5,20210312,093000,3.4,3.42,3.4,3.42,734,0
MDP,5,20210312,094000,3.42,3.42,3.38,3.38,3412,0
MDP,5,20210312,094500,3.38,3.38,3.38,3.38,595,0
MDP,5,20210312,095000,3.38,3.38,3.38,3.38,500,0
MDP,5,20210312,100000,3.38,3.38,3.36,3.36,2500,0
MDP,5,20210312,100500,3.38,3.44,3.36,3.44,2250,0
MDP,5,20210312,101000,3.36,3.36,3.34,3.34,1000,0
MDP,5,20210312,101500,3.4,3.4,3.4,3.4,175,0
MDP,5,20210312,102500,3.34,3.34,3.34,3.34,1663,0
MDP,5,20210312,103500,3.34,3.34,3.34,3.34,1000,0
MDP,5,20210312,104500,3.4,3.4,3.4,3.4,298,0
MDP,5,20210312,110500,3.4,3.4,3.4,3.4,702,0
MDP,5,20210312,113000,3.36,3.36,3.36,3.36,400,0
MDP,5,20210312,113500,3.34,3.34,3.34,3.34,600,0
MDP,5,20210312,114000,3.4,3.4,3.36,3.36,1175,0
MDP,5,20210312,114500,3.42,3.42,3.36,3.36,1030,0
MDP,5,20210312,115000,3.36,3.36,3.36,3.36,288,0
MDP,5,20210312,115500,3.36,3.36,3.3,3.3,6731,0
MDP,5,20210312,120500,3.42,3.42,3.32,3.32,438,0
MDP,5,20210312,121500,3.34,3.34,3.32,3.32,800,0
MDP,5,20210312,122000,3.42,3.42,3.42,3.42,1,0
MDP,5,20210312,123500,3.4,3.4,3.4,3.4,1382,0
MDP,5,20210312,124500,3.38,3.38,3.34,3.34,3000,0
MDP,5,20210312,125000,3.4,3.4,3.36,3.36,501,0
MDP,5,20210312,130000,3.36,3.36,3.34,3.34,5500,0
MDP,5,20210312,131000,3.34,3.4,3.34,3.34,3300,0
MDP,5,20210312,131500,3.4,3.4,3.34,3.34,539,0
MDP,5,20210312,132000,3.4,3.4,3.4,3.4,1,0
MDP,5,20210312,132500,3.4,3.42,3.4,3.42,69,0
MDP,5,20210312,133000,3.34,3.34,3.32,3.34,4500,0
MDP,5,20210312,133500,3.34,3.4,3.32,3.4,901,0
MDP,5,20210312,134500,3.34,3.34,3.34,3.34,400,0
MDP,5,20210312,135000,3.36,3.36,3.36,3.36,295,0
MDP,5,20210312,135500,3.32,3.32,3.32,3.32,1000,0
MDP,5,20210312,140500,3.32,3.32,3.3,3.3,400,0
MDP,5,20210312,141000,3.32,3.32,3.32,3.32,1180,0
MDP,5,20210312,141500,3.32,3.32,3.32,3.32,600,0
MDP,5,20210312,145500,3.36,3.36,3.36,3.36,500,0
MDP,5,20210312,150000,3.36,3.36,3.36,3.36,180,0
MDP,5,20210312,152000,3.4,3.4,3.4,3.4,7,0
MDP,5,20210312,154000,3.36,3.36,3.3,3.3,5000,0
MDP,5,20210312,154500,3.32,3.32,3.3,3.3,5000,0
MDP,5,20210312,160000,3.38,3.38,3.38,3.38,1000,0
MDP,5,20210312,161000,3.34,3.34,3.3,3.3,6000,0
MDP,5,20210312,161500,3.32,3.38,3.32,3.38,1000,0
MDP,5,20210312,162000,3.38,3.38,3.38,3.38,30,0
MDP,5,20210312,162500,3.32,3.34,3.3,3.34,3562,0
MDP,5,20210312,163000,3.32,3.32,3.3,3.3,2000,0
MDP,5,20210312,164000,3.32,3.32,3.24,3.28,13000,0
MDP,5,20210312,164500,3.34,3.34,3.26,3.26,13991,0
MDP,5,20210315,090000,3.26,3.32,3.24,3.24,4457,0
MDP,5,20210315,091000,3.28,3.28,3.28,3.28,499,0
MDP,5,20210315,091500,3.3,3.3,3.3,3.3,130,0
MDP,5,20210315,092000,3.3,3.32,3.3,3.32,1009,0
MDP,5,20210315,093000,3.32,3.32,3.3,3.3,1930,0
MDP,5,20210315,093500,3.3,3.32,3.3,3.32,8289,0
MDP,5,20210315,094000,3.32,3.42,3.28,3.36,11330,0
MDP,5,20210315,094500,3.36,3.36,3.36,3.36,925,0
MDP,5,20210315,100000,3.3,3.3,3.3,3.3,5000,0
MDP,5,20210315,101000,3.3,3.3,3.3,3.3,1000,0
MDP,5,20210315,102000,3.3,3.3,3.3,3.3,499,0
MDP,5,20210315,102500,3.28,3.3,3.28,3.3,700,0
MDP,5,20210315,103000,3.28,3.28,3.28,3.28,300,0
MDP,5,20210315,104000,3.3,3.36,3.3,3.34,1400,0
MDP,5,20210315,105500,3.3,3.3,3.28,3.28,2800,0
MDP,5,20210315,110000,3.3,3.38,3.3,3.38,1000,0
MDP,5,20210315,112000,3.38,3.4,3.38,3.4,4401,0
MDP,5,20210315,112500,3.4,3.4,3.4,3.4,2148,0
MDP,5,20210315,113000,3.4,3.42,3.4,3.4,11134,0
MDP,5,20210315,113500,3.34,3.34,3.34,3.34,2699,0
MDP,5,20210315,114000,3.4,3.4,3.4,3.4,2000,0
MDP,5,20210315,115000,3.38,3.38,3.36,3.36,2307,0
MDP,5,20210315,120500,3.36,3.36,3.34,3.34,2900,0
MDP,5,20210315,122000,3.36,3.36,3.36,3.36,940,0
MDP,5,20210315,125000,3.36,3.36,3.36,3.36,200,0
MDP,5,20210315,131000,3.36,3.36,3.3,3.3,5200,0
MDP,5,20210315,134000,3.36,3.4,3.36,3.4,6599,0
MDP,5,20210315,134500,3.4,3.42,3.4,3.42,1660,0
MDP,5,20210315,135500,3.4,3.4,3.4,3.4,2855,0
MDP,5,20210315,140000,3.4,3.4,3.4,3.4,86,0
MDP,5,20210315,140500,3.34,3.4,3.34,3.4,450,0
MDP,5,20210315,141000,3.4,3.54,3.4,3.54,19486,0
MDP,5,20210315,142500,3.42,3.42,3.4,3.4,6829,0
MDP,5,20210315,143000,3.4,3.42,3.4,3.4,3704,0
MDP,5,20210315,143500,3.4,3.48,3.4,3.48,1859,0
MDP,5,20210315,145000,3.4,3.4,3.4,3.4,300,0
MDP,5,20210315,145500,3.4,3.4,3.4,3.4,5105,0
MDP,5,20210315,150000,3.48,3.5,3.48,3.5,4950,0
MDP,5,20210315,150500,3.5,3.5,3.5,3.5,25,0
MDP,5,20210315,151000,3.5,3.5,3.5,3.5,35,0
MDP,5,20210315,153000,3.44,3.44,3.44,3.44,1000,0
MDP,5,20210315,154000,3.42,3.42,3.34,3.34,2529,0
MDP,5,20210315,154500,3.4,3.4,3.4,3.4,3500,0
MDP,5,20210315,155000,3.36,3.36,3.36,3.36,700,0
MDP,5,20210315,155500,3.36,3.36,3.34,3.34,500,0
MDP,5,20210315,162000,3.44,3.44,3.44,3.44,1000,0
MDP,5,20210315,162500,3.36,3.36,3.36,3.36,259,0
MDP,5,20210315,163000,3.44,3.44,3.44,3.44,500,0
MDP,5,20210315,163500,3.44,3.44,3.4,3.4,1860,0
MDP,5,20210315,164000,3.44,3.46,3.44,3.46,450,0
MDP,5,20210315,164500,3.46,3.48,3.42,3.42,5154,0
MDP,5,20210316,090000,3.5,3.54,3.42,3.42,3500,0
MDP,5,20210316,090500,3.44,3.54,3.44,3.54,1068,0
MDP,5,20210316,091500,3.52,3.52,3.44,3.44,2878,0
MDP,5,20210316,092500,3.48,3.48,3.48,3.48,745,0
MDP,5,20210316,093000,3.5,3.52,3.46,3.46,3290,0
MDP,5,20210316,093500,3.5,3.52,3.5,3.52,636,0
MDP,5,20210316,094000,3.52,3.54,3.5,3.54,3035,0
MDP,5,20210316,095000,3.5,3.52,3.5,3.52,836,0
MDP,5,20210316,095500,3.52,3.54,3.52,3.54,260,0
MDP,5,20210316,100000,3.5,3.5,3.46,3.46,2000,0
MDP,5,20210316,101500,3.42,3.46,3.42,3.46,500,0
MDP,5,20210316,102500,3.46,3.46,3.46,3.46,1000,0
MDP,5,20210316,103000,3.46,3.54,3.46,3.54,4000,0
MDP,5,20210316,103500,3.42,3.44,3.42,3.42,1100,0
MDP,5,20210316,104000,3.42,3.42,3.42,3.42,60,0
MDP,5,20210316,104500,3.48,3.48,3.48,3.48,150,0
MDP,5,20210316,105000,3.44,3.44,3.42,3.42,1976,0
MDP,5,20210316,110000,3.42,3.42,3.42,3.42,500,0
MDP,5,20210316,110500,3.46,3.5,3.46,3.5,1000,0
MDP,5,20210316,111500,3.48,3.48,3.48,3.48,500,0
MDP,5,20210316,112000,3.48,3.48,3.48,3.48,1150,0
MDP,5,20210316,112500,3.5,3.5,3.5,3.5,575,0
MDP,5,20210316,113000,3.5,3.5,3.5,3.5,275,0
MDP,5,20210316,114000,3.52,3.52,3.52,3.52,189,0
MDP,5,20210316,115000,3.48,3.48,3.48,3.48,1000,0
MDP,5,20210316,124000,3.46,3.46,3.46,3.46,1000,0
MDP,5,20210316,124500,3.48,3.5,3.48,3.5,420,0
MDP,5,20210316,130500,3.48,3.48,3.48,3.48,1610,0
MDP,5,20210316,131000,3.5,3.5,3.5,3.5,550,0
MDP,5,20210316,132000,3.46,3.46,3.46,3.46,1100,0
MDP,5,20210316,135000,3.46,3.46,3.46,3.46,150,0
MDP,5,20210316,140000,3.5,3.5,3.46,3.46,1146,0
MDP,5,20210316,141000,3.5,3.5,3.44,3.44,3000,0
MDP,5,20210316,141500,3.46,3.46,3.46,3.46,798,0
MDP,5,20210316,142000,3.44,3.44,3.44,3.44,1000,0
MDP,5,20210316,142500,3.44,3.44,3.44,3.44,1251,0
MDP,5,20210316,143000,3.44,3.44,3.44,3.44,347,0
MDP,5,20210316,143500,3.46,3.46,3.44,3.44,800,0
MDP,5,20210316,144000,3.44,3.5,3.44,3.5,2692,0
MDP,5,20210316,144500,3.5,3.5,3.5,3.5,5877,0
MDP,5,20210316,145000,3.5,3.6,3.46,3.6,17348,0
MDP,5,20210316,145500,3.6,3.6,3.6,3.6,1225,0
MDP,5,20210316,150000,3.6,3.6,3.6,3.6,2000,0
MDP,5,20210316,150500,3.6,3.82,3.6,3.82,36200,0
MDP,5,20210316,151000,3.82,4.06,3.82,4.06,41448,0
MDP,5,20210316,151500,4,4.04,3.86,3.92,24275,0
MDP,5,20210316,152000,3.92,4.06,3.9,4.04,31333,0
MDP,5,20210316,152500,4,4.06,4,4.02,14130,0
MDP,5,20210316,153000,4.02,4.2,4,4.2,60003,0
MDP,5,20210316,154500,4.28,4.38,4.22,4.26,40006,0
MDP,5,20210316,155000,4.22,4.3,4.14,4.26,36514,0
MDP,5,20210316,155500,4.3,4.36,4.28,4.28,36873,0
MDP,5,20210316,160000,4.26,4.32,4.22,4.26,48297,0
MDP,5,20210316,160500,4.22,4.22,4.06,4.2,28016,0
MDP,5,20210316,161000,4.18,4.2,4.1,4.1,6852,0
MDP,5,20210316,161500,4.1,4.1,4.08,4.08,3817,0
MDP,5,20210316,162000,4.08,4.18,4.08,4.1,6521,0
MDP,5,20210316,162500,4.1,4.18,4.1,4.1,9531,0
MDP,5,20210316,163000,4.1,4.18,4.1,4.12,8140,0
MDP,5,20210316,163500,4.14,4.18,4.12,4.18,16557,0
MDP,5,20210316,164000,4.18,4.76,4.18,4.6,94707,0
MDP,5,20210316,164500,4.6,4.74,4.54,4.72,92193,0
MDP,5,20210317,090000,5,5.3,4.8,4.9,78402,0
MDP,5,20210317,090500,4.88,4.88,4,4.4,118716,0
MDP,5,20210317,091000,4.46,4.68,4.46,4.5,33225,0
MDP,5,20210317,091500,4.5,4.58,4.4,4.56,21158,0
MDP,5,20210317,092000,4.52,4.6,4.48,4.52,20411,0
MDP,5,20210317,092500,4.5,4.66,4.5,4.66,20760,0
MDP,5,20210317,093000,4.66,4.68,4.5,4.5,13393,0
MDP,5,20210317,093500,4.54,4.58,4.5,4.5,960,0
MDP,5,20210317,094000,4.5,4.5,4.24,4.28,18890,0
MDP,5,20210317,094500,4.28,4.4,4.24,4.3,15842,0
MDP,5,20210317,095000,4.38,4.42,4.3,4.4,12645,0
MDP,5,20210317,095500,4.32,4.42,4.32,4.42,3580,0
MDP,5,20210317,100000,4.38,4.38,4.36,4.36,7837,0
MDP,5,20210317,100500,4.36,4.42,4.34,4.42,3992,0
MDP,5,20210317,101000,4.4,4.42,4.36,4.42,3349,0
MDP,5,20210317,102000,4.42,4.44,4.4,4.44,2324,0
MDP,5,20210317,102500,4.4,4.4,4.36,4.36,1325,0
MDP,5,20210317,103000,4.4,4.4,4.36,4.38,2200,0
MDP,5,20210317,103500,4.4,4.42,4.4,4.42,820,0
MDP,5,20210317,104000,4.36,4.36,4.3,4.3,6613,0
MDP,5,20210317,104500,4.3,4.4,4.3,4.4,500,0
MDP,5,20210317,105000,4.36,4.38,4.32,4.32,1391,0
MDP,5,20210317,105500,4.36,4.38,4.36,4.38,1271,0
MDP,5,20210317,110000,4.34,4.36,4.3,4.36,2329,0
MDP,5,20210317,110500,4.36,4.38,4.36,4.36,3726,0
MDP,5,20210317,111000,4.36,4.36,4.3,4.36,1626,0
MDP,5,20210317,112000,4.32,4.32,4.3,4.3,3484,0
MDP,5,20210317,112500,4.3,4.4,4.3,4.32,2567,0
MDP,5,20210317,113000,4.4,4.4,4.34,4.34,1326,0
MDP,5,20210317,113500,4.4,4.4,4.34,4.4,1815,0
MDP,5,20210317,114000,4.36,4.36,4.3,4.3,4250,0
MDP,5,20210317,114500,4.34,4.38,4.34,4.38,525,0
MDP,5,20210317,115000,4.36,4.38,4.36,4.38,1099,0
MDP,5,20210317,115500,4.38,4.44,4.38,4.4,6602,0
MDP,5,20210317,120000,4.4,4.4,4.4,4.4,400,0
MDP,5,20210317,120500,4.4,4.44,4.4,4.42,950,0
MDP,5,20210317,121000,4.44,4.46,4.44,4.46,3214,0
MDP,5,20210317,121500,4.46,4.5,4.46,4.5,2645,0
MDP,5,20210317,122000,4.5,4.66,4.5,4.64,9129,0
MDP,5,20210317,122500,4.64,4.66,4.52,4.66,3131,0
MDP,5,20210317,123000,4.52,4.68,4.52,4.66,30872,0
MDP,5,20210317,123500,4.66,4.66,4.66,4.66,100,0
MDP,5,20210317,124500,4.64,4.66,4.64,4.66,500,0
MDP,5,20210317,125000,4.66,4.66,4.5,4.5,1992,0
MDP,5,20210317,125500,4.5,4.5,4.5,4.5,1458,0
MDP,5,20210317,130000,4.46,4.46,4.24,4.24,16734,0
MDP,5,20210317,130500,4.38,4.4,4.38,4.4,3694,0
MDP,5,20210317,131000,4.4,4.4,4.4,4.4,735,0
MDP,5,20210317,131500,4.38,4.38,4.32,4.36,4289,0
MDP,5,20210317,132000,4.32,4.4,4.26,4.26,14046,0
MDP,5,20210317,132500,4.26,4.26,4.26,4.26,1820,0
MDP,5,20210317,133000,4.34,4.34,4.34,4.34,140,0
MDP,5,20210317,133500,4.34,4.38,4.2,4.36,21330,0
MDP,5,20210317,134000,4.2,4.24,4.16,4.18,7471,0
MDP,5,20210317,134500,4.2,4.2,4.18,4.2,8983,0
MDP,5,20210317,135000,4.18,4.26,4.14,4.18,3896,0
MDP,5,20210317,135500,4.18,4.18,4.18,4.18,750,0
MDP,5,20210317,140000,4.24,4.26,4.2,4.2,3430,0
MDP,5,20210317,140500,4.16,4.16,4.1,4.12,11283,0
MDP,5,20210317,141000,4.1,4.18,4,4.18,41534,0
MDP,5,20210317,141500,4.14,4.14,4.12,4.12,825,0
MDP,5,20210317,142000,4.14,4.14,4.06,4.06,997,0
MDP,5,20210317,142500,4.06,4.14,4.06,4.14,1692,0
MDP,5,20210317,143000,4.14,4.14,4.14,4.14,13,0
MDP,5,20210317,143500,4.14,4.16,4.14,4.16,1948,0
MDP,5,20210317,144000,4.16,4.2,4.16,4.2,5876,0
MDP,5,20210317,144500,4.2,4.2,4.2,4.2,333,0
MDP,5,20210317,145000,4.2,4.3,4.2,4.3,43614,0
MDP,5,20210317,145500,4.3,4.3,4.26,4.26,5814,0
MDP,5,20210317,150500,4.26,4.26,4.26,4.26,500,0
MDP,5,20210317,151500,4.26,4.3,4.22,4.26,14027,0
MDP,5,20210317,152000,4.3,4.32,4.28,4.32,6058,0
MDP,5,20210317,152500,4.32,4.32,4.28,4.28,1370,0
MDP,5,20210317,153000,4.26,4.26,4.2,4.2,2236,0
MDP,5,20210317,153500,4.24,4.24,4.24,4.24,4760,0
MDP,5,20210317,154500,4.26,4.26,4.26,4.26,200,0
MDP,5,20210317,155000,4.22,4.22,4.16,4.16,3146,0
MDP,5,20210317,155500,4.2,4.2,4.14,4.14,528,0
MDP,5,20210317,160000,4.2,4.26,4.12,4.26,1594,0
MDP,5,20210317,160500,4.14,4.2,4.14,4.2,468,0
MDP,5,20210317,161000,4.2,4.22,4.2,4.22,2300,0
MDP,5,20210317,161500,4.22,4.26,4.22,4.26,600,0
MDP,5,20210317,162000,4.26,4.34,4.26,4.34,3555,0
MDP,5,20210317,162500,4.28,4.28,4.28,4.28,232,0
MDP,5,20210317,163000,4.2,4.28,4.2,4.28,919,0
MDP,5,20210317,163500,4.28,4.28,4.2,4.24,4180,0
MDP,5,20210317,164000,4.16,4.24,4.08,4.12,9727,0
MDP,5,20210317,164500,4.1,4.2,4.08,4.1,6259,0
MDP,5,20210317,165500,4.16,4.16,4.16,4.16,8053,0
MDP,5,20210318,090000,4.16,4.16,3.9,4.02,31128,0
MDP,5,20210318,090500,4.02,4.02,3.94,4,8861,0
MDP,5,20210318,091000,4,4,3.94,3.94,1100,0
MDP,5,20210318,091500,4,4.08,4,4,3421,0
MDP,5,20210318,092000,4.02,4.02,4,4,2143,0
MDP,5,20210318,092500,4.02,4.02,4.02,4.02,38,0
MDP,5,20210318,093000,4.02,4.02,3.96,3.96,6702,0
MDP,5,20210318,094000,4.02,4.02,3.96,3.96,1794,0
MDP,5,20210318,094500,4.02,4.06,4,4,875,0
MDP,5,20210318,095000,3.98,3.98,3.96,3.96,1005,0
MDP,5,20210318,100500,4,4,4,4,2000,0
MDP,5,20210318,101000,4.04,4.04,4.04,4.04,30,0
MDP,5,20210318,103500,4.04,4.1,4.04,4.1,10125,0
MDP,5,20210318,104000,4.1,4.18,4.1,4.16,706,0
MDP,5,20210318,104500,4.1,4.16,4.02,4.16,525,0
MDP,5,20210318,105000,4.16,4.16,4.16,4.16,1000,0
MDP,5,20210318,111500,4.18,4.26,4.18,4.26,6757,0
MDP,5,20210318,112000,4.2,4.2,4.2,4.2,148,0
MDP,5,20210318,112500,4.2,4.2,4.2,4.2,852,0
MDP,5,20210318,113000,4.2,4.2,4.2,4.2,900,0
MDP,5,20210318,114500,4.24,4.26,4.24,4.26,1816,0
MDP,5,20210318,115500,4.24,4.24,4.24,4.24,707,0
MDP,5,20210318,120500,4.24,4.26,4.24,4.26,400,0
MDP,5,20210318,121500,4.18,4.18,4.16,4.16,1900,0
MDP,5,20210318,122000,4.22,4.24,4.22,4.24,3116,0
MDP,5,20210318,122500,4.26,4.3,4.26,4.28,6703,0
MDP,5,20210318,123000,4.3,4.36,4.3,4.32,6300,0
MDP,5,20210318,123500,4.32,4.32,4.28,4.28,242,0
MDP,5,20210318,124500,4.28,4.28,4.28,4.28,200,0
MDP,5,20210318,125000,4.22,4.22,4.22,4.22,618,0
MDP,5,20210318,125500,4.22,4.26,4.2,4.26,1317,0
MDP,5,20210318,130000,4.26,4.26,4.26,4.26,991,0
MDP,5,20210318,130500,4.2,4.2,4.2,4.2,100,0
MDP,5,20210318,131000,4.2,4.2,4.2,4.2,1074,0
MDP,5,20210318,132000,4.14,4.14,4.08,4.08,1550,0
MDP,5,20210318,132500,4.08,4.08,4.08,4.08,1000,0
MDP,5,20210318,133000,4.08,4.1,4,4.1,22452,0
MDP,5,20210318,133500,4.08,4.2,4.08,4.18,20692,0
MDP,5,20210318,134000,4.12,4.12,4.12,4.12,2600,0
MDP,5,20210318,134500,4.18,4.2,4.18,4.2,2399,0
MDP,5,20210318,135000,4.2,4.2,4.2,4.2,588,0
MDP,5,20210318,135500,4.2,4.22,4.2,4.22,2419,0
MDP,5,20210318,142000,4.12,4.12,4.12,4.12,1000,0
MDP,5,20210318,145500,4.2,4.2,4.2,4.2,1478,0
MDP,5,20210318,151000,4.1,4.1,4.1,4.1,150,0
MDP,5,20210318,153500,4.18,4.18,4.18,4.18,920,0
MDP,5,20210318,154000,4.18,4.18,4.04,4.04,10810,0
MDP,5,20210318,155000,4.04,4.14,4.04,4.14,2473,0
MDP,5,20210318,155500,4.04,4.04,4.04,4.04,85,0
MDP,5,20210318,160500,4.14,4.14,4.14,4.14,30,0
MDP,5,20210318,161000,4.08,4.14,4.08,4.14,770,0
MDP,5,20210318,161500,4.14,4.14,4.14,4.14,1000,0
MDP,5,20210318,162500,4.14,4.14,4.14,4.14,30,0
MDP,5,20210318,163000,4.14,4.14,4.08,4.08,2160,0
MDP,5,20210318,163500,4.14,4.14,4.14,4.14,30,0
MDP,5,20210318,164500,4.08,4.12,4.08,4.12,1582,0
MDP,5,20210319,090000,4.18,4.18,4.18,4.18,1914,0
MDP,5,20210319,090500,4.12,4.12,3.98,4,6981,0
MDP,5,20210319,091000,4,4.14,4,4.14,1632,0
MDP,5,20210319,091500,4.14,4.2,4.14,4.2,3830,0
MDP,5,20210319,092500,4.1,4.1,4.1,4.1,25,0
MDP,5,20210319,093000,4.08,4.08,4,4,2419,0
MDP,5,20210319,094000,4,4,4,4,250,0
MDP,5,20210319,094500,4,4,4,4,1300,0
MDP,5,20210319,095000,4,4,4,4,3064,0
MDP,5,20210319,095500,4,4,4,4,1000,0
MDP,5,20210319,100000,4,4,4,4,99,0
MDP,5,20210319,101000,4,4,4,4,500,0
MDP,5,20210319,102000,4.08,4.08,4.08,4.08,30,0
MDP,5,20210319,102500,4.08,4.08,4.08,4.08,520,0
MDP,5,20210319,103000,4.1,4.14,4.1,4.14,540,0
MDP,5,20210319,104500,4.14,4.16,4.14,4.16,1000,0
MDP,5,20210319,105000,4.14,4.14,4.14,4.14,100,0
MDP,5,20210319,110000,4.1,4.1,4.1,4.1,700,0
MDP,5,20210319,111000,4.1,4.1,4.1,4.1,160,0
MDP,5,20210319,112000,4.1,4.1,4.1,4.1,100,0
MDP,5,20210319,112500,4.1,4.12,4.1,4.12,3054,0
MDP,5,20210319,113000,4.12,4.12,4.12,4.12,791,0
MDP,5,20210319,113500,4.1,4.1,4.1,4.1,201,0
MDP,5,20210319,114000,4.1,4.1,4.06,4.06,490,0
MDP,5,20210319,115000,4.06,4.06,4.06,4.06,110,0
MDP,5,20210319,124500,4.08,4.08,4.08,4.08,2100,0
MDP,5,20210319,125500,4.06,4.12,4.06,4.12,168,0
MDP,5,20210319,130500,4.1,4.12,4.1,4.12,800,0
MDP,5,20210319,131000,4.12,4.12,4.12,4.12,183,0
MDP,5,20210319,132500,4.12,4.16,4.12,4.16,1650,0
MDP,5,20210319,135500,4.08,4.08,4.08,4.08,1000,0
MDP,5,20210319,140500,4.06,4.06,4.02,4.02,1594,0
MDP,5,20210319,141500,4.12,4.12,4.12,4.12,30,0
MDP,5,20210319,142500,4.04,4.04,4,4,6992,0
MDP,5,20210319,143000,3.96,3.96,3.96,3.96,300,0
MDP,5,20210319,143500,3.96,4.1,3.94,4.1,6821,0
MDP,5,20210319,144000,3.92,3.92,3.92,3.92,450,0
MDP,5,20210319,144500,4.02,4.02,4.02,4.02,10,0
MDP,5,20210319,150000,4.02,4.02,4.02,4.02,625,0
MDP,5,20210319,152000,4.02,4.02,4.02,4.02,1330,0
MDP,5,20210319,152500,3.92,3.92,3.92,3.92,1186,0
MDP,5,20210319,153500,4.02,4.02,3.98,4.02,430,0
MDP,5,20210319,154000,4.02,4.02,4,4,2860,0
MDP,5,20210319,154500,3.96,3.96,3.96,3.96,140,0
MDP,5,20210319,155000,4.08,4.08,4.08,4.08,301,0
MDP,5,20210319,161000,4.04,4.04,4.04,4.04,250,0
MDP,5,20210319,163000,4,4,4,4,319,0
MDP,5,20210319,163500,4,4,4,4,1723,0
MDP,5,20210319,164000,4.04,4.04,4.04,4.04,500,0
MDP,5,20210319,164500,4,4,3.94,4,3921,0
MDP,5,20210322,090000,3.98,3.98,3.92,3.98,3282,0
MDP,5,20210322,090500,3.92,3.92,3.92,3.92,200,0
MDP,5,20210322,091500,3.98,4.22,3.98,4.2,10772,0
MDP,5,20210322,092000,4.18,4.2,4.16,4.2,1600,0
MDP,5,20210322,092500,4.18,4.18,4.18,4.18,435,0
MDP,5,20210322,093000,4.16,4.18,4.16,4.18,9,0
MDP,5,20210322,093500,4.1,4.1,4.08,4.1,902,0
MDP,5,20210322,094000,4.1,4.1,4.1,4.1,100,0
MDP,5,20210322,094500,4.16,4.16,4.1,4.16,871,0
MDP,5,20210322,095000,4.16,4.16,4.16,4.16,132,0
MDP,5,20210322,095500,4.16,4.18,4.16,4.18,641,0
MDP,5,20210322,100000,4.18,4.3,4.18,4.28,5155,0
MDP,5,20210322,100500,4.26,4.28,4.26,4.26,772,0
MDP,5,20210322,101000,4.26,4.3,4.24,4.26,3577,0
MDP,5,20210322,101500,4.26,4.28,4.26,4.26,1222,0
MDP,5,20210322,102000,4.26,4.26,4.2,4.2,320,0
MDP,5,20210322,102500,4.2,4.2,4.16,4.16,7410,0
MDP,5,20210322,104500,4.2,4.2,4.2,4.2,139,0
MDP,5,20210322,105500,4.18,4.2,4.18,4.2,600,0
MDP,5,20210322,110000,4.18,4.2,4.18,4.2,800,0
MDP,5,20210322,110500,4.12,4.12,4.04,4.04,2745,0
MDP,5,20210322,111000,4.16,4.16,4.1,4.1,7,0
MDP,5,20210322,112000,4.1,4.1,4.1,4.1,1995,0
MDP,5,20210322,112500,4.16,4.16,4.16,4.16,620,0
MDP,5,20210322,115000,4.1,4.1,4.04,4.04,2069,0
MDP,5,20210322,115500,4.16,4.16,4.16,4.16,227,0
MDP,5,20210322,120000,4.16,4.16,4.16,4.16,1,0
MDP,5,20210322,123500,4.1,4.1,4.1,4.1,200,0
MDP,5,20210322,125500,4.14,4.16,4.14,4.16,500,0
MDP,5,20210322,131500,4.14,4.14,4.1,4.1,300,0
MDP,5,20210322,140000,4.08,4.08,4.08,4.08,2895,0
MDP,5,20210322,140500,4.08,4.08,4.08,4.08,129,0
MDP,5,20210322,141000,4.06,4.06,4.06,4.06,30,0
MDP,5,20210322,141500,4.08,4.08,4.02,4.02,5985,0
MDP,5,20210322,142000,4.02,4.06,4,4.06,1047,0
MDP,5,20210322,142500,4.06,4.06,4.06,4.06,700,0
MDP,5,20210322,143500,4.08,4.08,4.08,4.08,2000,0
MDP,5,20210322,144500,4.06,4.06,3.98,3.98,9785,0
MDP,5,20210322,145000,4.02,4.02,4.02,4.02,100,0
MDP,5,20210322,145500,4.02,4.14,4,4.14,5736,0
MDP,5,20210322,151000,4.1,4.1,4.1,4.1,40,0
MDP,5,20210322,152500,4.1,4.1,4.1,4.1,2960,0
MDP,5,20210322,155500,4.08,4.1,4.08,4.1,328,0
MDP,5,20210322,161500,4.1,4.1,4.1,4.1,2300,0
MDP,5,20210322,162000,4.14,4.14,4.1,4.1,45,0
MDP,5,20210322,163000,4.1,4.1,4.1,4.1,257,0
MDP,5,20210322,163500,4.1,4.1,4.1,4.1,6,0
MDP,5,20210322,164500,4.1,4.1,4.1,4.1,300,0
MDP,5,20210323,090000,4.16,4.18,4.14,4.16,2858,0
MDP,5,20210323,091000,4.14,4.14,4.14,4.14,500,0
MDP,5,20210323,091500,4.08,4.1,4.08,4.1,109,0
MDP,5,20210323,092000,4.08,4.08,4.06,4.06,1184,0
MDP,5,20210323,092500,4.04,4.04,4.02,4.02,1725,0
MDP,5,20210323,093000,4.04,4.04,4.04,4.04,103,0
MDP,5,20210323,093500,4.02,4.04,4,4.04,2615,0
MDP,5,20210323,094000,4.04,4.08,4,4.08,4174,0
MDP,5,20210323,094500,4.08,4.08,4.08,4.08,104,0
MDP,5,20210323,095000,4.12,4.12,4.12,4.12,500,0
MDP,5,20210323,102000,4.08,4.08,4.08,4.08,1000,0
MDP,5,20210323,103000,4.04,4.04,4.04,4.04,222,0
MDP,5,20210323,104000,4.08,4.08,4.08,4.08,171,0
MDP,5,20210323,110500,4.08,4.1,4.08,4.1,113,0
MDP,5,20210323,111000,4.08,4.1,4.08,4.1,1683,0
MDP,5,20210323,114000,4.04,4.04,4.04,4.04,300,0
MDP,5,20210323,125500,4.1,4.1,4.1,4.1,5,0
MDP,5,20210323,133000,4.04,4.04,4.02,4.02,1313,0
MDP,5,20210323,134500,4.08,4.08,4.08,4.08,100,0
MDP,5,20210323,140000,4.08,4.1,4.08,4.1,1000,0
MDP,5,20210323,140500,4.04,4.04,4.04,4.04,100,0
MDP,5,20210323,143000,4.04,4.04,4.04,4.04,87,0
MDP,5,20210323,143500,4.04,4.04,4.04,4.04,6,0
MDP,5,20210323,144500,4.04,4.04,4.02,4.02,400,0
MDP,5,20210323,151500,4.04,4.04,4.02,4.02,913,0
MDP,5,20210323,153000,4.02,4.02,4.02,4.02,250,0
MDP,5,20210323,153500,4.02,4.02,4.02,4.02,300,0
MDP,5,20210323,154500,4.02,4.02,4.02,4.02,347,0
MDP,5,20210323,160500,4.06,4.06,4.06,4.06,196,0
MDP,5,20210323,161500,4.08,4.08,4.08,4.08,300,0
MDP,5,20210323,162000,4.06,4.06,4.06,4.06,304,0
MDP,5,20210323,163000,4.02,4.02,4.02,4.02,131,0
MDP,5,20210323,164000,4.02,4.02,4.02,4.02,137,0
MDP,5,20210323,164500,4.02,4.08,4,4.08,1144,0
MDP,5,20210323,165500,4,4,4,4,11849,0
MDP,5,20210324,090000,4.1,4.1,3.94,3.94,4040,0
MDP,5,20210324,090500,4.08,4.08,4,4,1030,0
MDP,5,20210324,091500,3.96,3.96,3.82,3.86,14524,0
MDP,5,20210324,092000,3.86,3.96,3.86,3.96,14870,0
MDP,5,20210324,093500,3.96,4,3.96,4,3676,0
MDP,5,20210324,094500,3.98,3.98,3.96,3.96,3500,0
MDP,5,20210324,095000,4.02,4.08,4.02,4.08,1100,0
MDP,5,20210324,095500,4.06,4.06,4.06,4.06,400,0
MDP,5,20210324,104000,3.96,3.96,3.96,3.96,171,0
MDP,5,20210324,110500,3.98,3.98,3.94,3.94,127,0
MDP,5,20210324,112500,3.94,3.94,3.9,3.9,4000,0
MDP,5,20210324,115500,3.9,3.9,3.9,3.9,1000,0
MDP,5,20210324,123000,3.9,3.9,3.9,3.9,590,0
MDP,5,20210324,123500,3.88,3.88,3.84,3.84,1113,0
MDP,5,20210324,124000,3.92,3.94,3.92,3.94,1000,0
MDP,5,20210324,125500,3.88,3.88,3.82,3.82,6150,0
MDP,5,20210324,130000,3.82,3.82,3.82,3.82,300,0
MDP,5,20210324,130500,3.82,3.82,3.76,3.76,3360,0
MDP,5,20210324,131000,3.76,3.76,3.72,3.72,10330,0
MDP,5,20210324,131500,3.8,3.8,3.8,3.8,200,0
MDP,5,20210324,132500,3.8,3.8,3.78,3.78,1030,0
MDP,5,20210324,133500,3.8,4,3.8,4,900,0
MDP,5,20210324,135500,3.86,3.86,3.8,3.8,11767,0
MDP,5,20210324,142500,3.84,3.84,3.84,3.84,129,0
MDP,5,20210324,144000,3.84,3.84,3.84,3.84,500,0
MDP,5,20210324,145000,3.86,3.86,3.86,3.86,200,0
MDP,5,20210324,145500,3.84,3.84,3.8,3.8,1437,0
MDP,5,20210324,150000,3.78,3.78,3.78,3.78,200,0
MDP,5,20210324,151000,3.82,3.82,3.8,3.8,500,0
MDP,5,20210324,152000,3.78,3.78,3.74,3.74,1900,0
MDP,5,20210324,152500,3.72,3.72,3.7,3.72,2949,0
MDP,5,20210324,153000,3.72,3.72,3.72,3.72,11,0
MDP,5,20210324,153500,3.7,3.7,3.7,3.7,85,0
MDP,5,20210324,154000,3.76,3.76,3.76,3.76,7511,0
MDP,5,20210324,160000,3.82,3.82,3.82,3.82,429,0
MDP,5,20210324,160500,3.78,3.78,3.78,3.78,249,0
MDP,5,20210324,162500,3.82,3.84,3.82,3.84,4711,0
MDP,5,20210324,163000,3.84,3.84,3.84,3.84,289,0
MDP,5,20210324,164500,3.84,3.84,3.76,3.76,6000,0
MDP,5,20210324,165500,3.76,3.76,3.76,3.76,1792,0
MDP,5,20210325,090000,3.78,3.8,3.78,3.78,2946,0
MDP,5,20210325,090500,3.82,3.82,3.8,3.8,1060,0
MDP,5,20210325,091000,3.8,3.8,3.8,3.8,500,0
MDP,5,20210325,091500,3.8,3.8,3.8,3.8,550,0
MDP,5,20210325,092000,3.8,3.84,3.8,3.84,1100,0
MDP,5,20210325,092500,3.78,3.78,3.74,3.74,3268,0
MDP,5,20210325,093000,3.74,3.74,3.74,3.74,97,0
MDP,5,20210325,094500,3.8,3.8,3.8,3.8,25,0
MDP,5,20210325,095500,3.76,3.76,3.72,3.72,2800,0
MDP,5,20210325,100000,3.74,3.74,3.74,3.74,303,0
MDP,5,20210325,101500,3.72,3.72,3.72,3.72,222,0
MDP,5,20210325,102500,3.72,3.72,3.66,3.66,4247,0
MDP,5,20210325,103000,3.68,3.68,3.68,3.68,1216,0
MDP,5,20210325,103500,3.68,3.68,3.66,3.66,2009,0
MDP,5,20210325,104500,3.68,3.68,3.68,3.68,407,0
MDP,5,20210325,110500,3.74,3.78,3.74,3.76,7911,0
MDP,5,20210325,112000,3.8,3.8,3.8,3.8,140,0
MDP,5,20210325,113000,3.78,3.8,3.76,3.8,4516,0
MDP,5,20210325,115500,3.8,3.8,3.7,3.7,2465,0
MDP,5,20210325,123500,3.82,3.82,3.82,3.82,5,0
MDP,5,20210325,143000,3.76,3.76,3.76,3.76,5,0
MDP,5,20210325,143500,3.74,3.74,3.7,3.7,2200,0
MDP,5,20210325,145500,3.7,3.7,3.7,3.7,500,0
MDP,5,20210325,150500,3.76,3.76,3.76,3.76,260,0
MDP,5,20210325,151500,3.76,3.78,3.76,3.78,1080,0
MDP,5,20210325,152500,3.78,3.78,3.78,3.78,1135,0
MDP,5,20210325,153500,3.78,3.78,3.78,3.78,565,0
MDP,5,20210325,154500,3.78,3.78,3.78,3.78,65,0
MDP,5,20210325,155000,3.8,3.8,3.8,3.8,200,0
MDP,5,20210325,161000,3.72,3.72,3.7,3.7,1000,0
MDP,5,20210325,162000,3.7,3.7,3.64,3.64,6097,0
MDP,5,20210325,163500,3.66,3.66,3.66,3.66,500,0
MDP,5,20210325,165500,3.66,3.66,3.66,3.66,600,0
MDP,5,20210326,090000,3.7,3.78,3.7,3.78,349,0
MDP,5,20210326,090500,3.84,3.9,3.84,3.9,9434,0
MDP,5,20210326,091000,3.88,3.88,3.86,3.88,600,0
MDP,5,20210326,091500,3.88,3.88,3.76,3.82,2478,0
MDP,5,20210326,092000,3.82,3.82,3.82,3.82,1360,0
MDP,5,20210326,093000,3.82,3.82,3.82,3.82,927,0
MDP,5,20210326,093500,3.84,3.84,3.76,3.84,2345,0
MDP,5,20210326,095000,3.78,3.78,3.74,3.74,5607,0
MDP,5,20210326,095500,3.74,3.74,3.74,3.74,1515,0
MDP,5,20210326,103500,3.8,3.8,3.8,3.8,200,0
MDP,5,20210326,105000,3.8,3.82,3.8,3.82,1325,0
MDP,5,20210326,123000,3.76,3.76,3.76,3.76,270,0
MDP,5,20210326,132000,3.76,3.76,3.76,3.76,30,0
MDP,5,20210326,133500,3.8,3.8,3.8,3.8,270,0
MDP,5,20210326,134000,3.8,3.8,3.8,3.8,730,0
MDP,5,20210326,134500,3.76,3.76,3.76,3.76,400,0
MDP,5,20210326,135500,3.76,3.76,3.76,3.76,100,0
MDP,5,20210326,140000,3.8,3.8,3.8,3.8,1270,0
MDP,5,20210326,141500,3.82,3.84,3.82,3.84,4263,0
MDP,5,20210326,142000,3.84,3.84,3.84,3.84,100,0
MDP,5,20210326,143000,3.82,3.82,3.78,3.78,6755,0
MDP,5,20210326,143500,3.78,3.78,3.78,3.78,539,0
MDP,5,20210326,153000,3.8,3.84,3.8,3.84,357,0
MDP,5,20210326,164000,3.76,3.78,3.72,3.78,2766,0
MDP,5,20210326,164500,3.74,3.74,3.72,3.74,934,0
