<TICKER>,<PER>,<DATE>,<TIME>,<OPEN>,<HIGH>,<LOW>,<CLOSE>,<VOL>,<OPENINT>
MFD,5,20210204,100000,4.2,4.2,4.2,4.2,375,0
MFD,5,20210204,140500,4.28,4.28,4.28,4.28,41,0
MFD,5,20210204,143000,4.2,4.2,4.2,4.2,461,0
MFD,5,20210204,145000,4.16,4.16,4.14,4.14,358,0
MFD,5,20210204,150000,4.16,4.16,4.14,4.14,541,0
MFD,5,20210204,161500,4.2,4.2,4.2,4.2,27,0
MFD,5,20210204,164500,4.3,4.3,4.3,4.3,29,0
MFD,5,20210205,090000,4.34,4.34,4.34,4.34,24,0
MFD,5,20210205,140000,4.3,4.3,4.3,4.3,230,0
MFD,5,20210205,144000,4.3,4.3,4.3,4.3,1,0
MFD,5,20210205,164500,4.3,4.3,4.3,4.3,261,0
MFD,5,20210208,090000,4.14,4.28,4.14,4.28,125,0
MFD,5,20210208,095500,4.2,4.2,4.2,4.2,225,0
MFD,5,20210208,164500,4.22,4.22,4.22,4.22,1,0
MFD,5,20210209,091500,4.14,4.14,4.14,4.14,600,0
MFD,5,20210209,092500,4.1,4.1,4,4,1000,0
MFD,5,20210209,093000,3.86,3.86,3.86,3.86,1,0
MFD,5,20210209,093500,4,4,4,4,500,0
MFD,5,20210209,123500,4,4,4,4,60,0
MFD,5,20210210,090000,4,4,4,4,930,0
MFD,5,20210210,135000,4,4,4,4,18,0
MFD,5,20210210,140000,3.98,3.98,3.98,3.98,182,0
MFD,5,20210211,094000,4.12,4.12,4.12,4.12,10,0
MFD,5,20210211,103000,4.12,4.12,4.12,4.12,496,0
MFD,5,20210211,103500,4.2,4.2,4.2,4.2,51,0
MFD,5,20210211,131500,4.2,4.2,4.2,4.2,198,0
MFD,5,20210211,141000,4.2,4.2,4.2,4.2,279,0
MFD,5,20210211,143000,4.34,4.34,4.34,4.34,30,0
MFD,5,20210211,145000,4.36,4.36,4.36,4.36,25,0
MFD,5,20210212,092000,4.36,4.36,4.36,4.36,25,0
MFD,5,20210212,113500,4.36,4.36,4.36,4.36,20,0
MFD,5,20210212,144500,4.36,4.36,4.36,4.36,2100,0
MFD,5,20210212,145500,4.36,4.4,4.36,4.4,62,0
MFD,5,20210212,150000,4.56,4.94,4.56,4.94,165,0
MFD,5,20210212,160500,4.7,4.96,4.7,4.96,500,0
MFD,5,20210212,163000,4.84,4.84,4.84,4.84,1,0
MFD,5,20210212,163500,4.36,4.84,4.36,4.84,10,0
MFD,5,20210212,164500,4.84,4.96,4.84,4.96,1104,0
MFD,5,20210215,090000,4.92,4.94,4.24,4.94,646,0
MFD,5,20210215,090500,4.28,4.28,4.24,4.24,1041,0
MFD,5,20210215,091000,4.92,4.92,4.6,4.6,525,0
MFD,5,20210215,092500,4.84,4.84,4.84,4.84,98,0
MFD,5,20210215,100000,4.84,4.88,4.84,4.88,200,0
MFD,5,20210215,120000,4.88,4.88,4.88,4.88,14,0
MFD,5,20210215,122000,4.88,4.88,4.88,4.88,37,0
MFD,5,20210215,125500,4.64,4.64,4.62,4.62,597,0
MFD,5,20210215,130000,4.6,4.6,4.52,4.52,502,0
MFD,5,20210215,132000,4.6,4.6,4.6,4.6,713,0
MFD,5,20210215,141500,4.6,4.6,4.6,4.6,599,0
MFD,5,20210215,153500,4.6,4.82,4.6,4.82,190,0
MFD,5,20210215,155000,4.82,4.88,4.82,4.88,254,0
MFD,5,20210215,155500,4.62,4.62,4.6,4.6,847,0
MFD,5,20210215,160500,4.6,4.86,4.6,4.86,55,0
MFD,5,20210215,164500,4.8,4.8,4.8,4.8,100,0
MFD,5,20210216,090000,4.9,4.9,4.9,4.9,55,0
MFD,5,20210216,090500,4.8,4.8,4.5,4.7,139,0
MFD,5,20210216,105000,4.5,4.5,4.5,4.5,149,0
MFD,5,20210216,105500,4.4,4.7,4.4,4.7,653,0
MFD,5,20210216,111500,4.26,4.7,4.26,4.7,11,0
MFD,5,20210216,112000,4.68,4.68,4.5,4.5,402,0
MFD,5,20210216,112500,4.5,4.5,4.5,4.5,50,0
MFD,5,20210216,113500,4.32,4.32,3.92,4.2,3883,0
MFD,5,20210216,114500,4.18,4.2,4.18,4.2,260,0
MFD,5,20210216,115000,4.2,4.48,4.2,4.48,761,0
MFD,5,20210216,115500,4.44,4.44,4.44,4.44,80,0
MFD,5,20210216,123000,4.06,4.06,4.06,4.06,1,0
MFD,5,20210216,123500,4.34,4.34,4.34,4.34,25,0
MFD,5,20210216,130500,4.1,4.1,4.1,4.1,1,0
MFD,5,20210216,132500,4.1,4.1,4,4,867,0
MFD,5,20210216,133000,4,4,4,4,1109,0
MFD,5,20210216,133500,4,4,4,4,184,0
MFD,5,20210216,134000,4.1,4.1,4.1,4.1,585,0
MFD,5,20210216,135500,4.18,4.2,4.18,4.2,525,0
MFD,5,20210216,141000,4.1,4.1,4.1,4.1,3,0
MFD,5,20210216,143000,4.1,4.2,3.98,4.2,240,0
MFD,5,20210216,145000,3.98,3.98,3.98,3.98,1,0
MFD,5,20210216,151000,4.1,4.1,4,4,24,0
MFD,5,20210216,153500,4.1,4.1,4.1,4.1,177,0
MFD,5,20210216,155000,4.04,4.04,4,4,500,0
MFD,5,20210216,162000,4.12,4.12,4.12,4.12,100,0
MFD,5,20210216,162500,4,4.14,4,4.14,575,0
MFD,5,20210216,163000,4.2,4.2,4.2,4.2,230,0
MFD,5,20210216,164000,4.3,4.3,4.28,4.3,599,0
MFD,5,20210216,164500,4.38,4.38,4.3,4.38,933,0
MFD,5,20210217,090000,4.48,4.48,4.1,4.48,2111,0
MFD,5,20210217,090500,4.48,4.48,4.46,4.48,1135,0
MFD,5,20210217,102000,4.12,4.48,4.12,4.48,26,0
MFD,5,20210217,124500,4.16,4.16,4.16,4.16,1,0
MFD,5,20210217,153000,4.22,4.22,4.22,4.22,97,0
MFD,5,20210217,154000,4.12,4.12,4.12,4.12,368,0
MFD,5,20210217,155500,4.12,4.14,4.12,4.14,125,0
MFD,5,20210217,160000,4.14,4.36,4.14,4.36,500,0
MFD,5,20210217,160500,4.12,4.12,3.98,3.98,1250,0
MFD,5,20210217,161000,4.26,4.26,3.98,3.98,27,0
MFD,5,20210217,163000,4.14,4.14,4.14,4.14,492,0
MFD,5,20210217,164500,4.22,4.24,4.12,4.12,199,0
MFD,5,20210218,090000,4.34,4.34,4.34,4.34,8,0
MFD,5,20210218,093000,4.1,4.1,4.1,4.1,1,0
MFD,5,20210218,094500,4.14,4.14,4.14,4.14,240,0
MFD,5,20210218,095000,4.1,4.1,4.1,4.1,160,0
MFD,5,20210218,095500,4.24,4.24,4.24,4.24,25,0
MFD,5,20210218,114000,4.1,4.1,4.1,4.1,59,0
MFD,5,20210218,134000,4.1,4.1,4.1,4.1,35,0
MFD,5,20210218,142500,4.24,4.24,4.24,4.24,25,0
MFD,5,20210218,162500,4.06,4.06,3.92,3.92,1000,0
MFD,5,20210218,163500,3.9,3.9,3.9,3.9,2100,0
MFD,5,20210218,164000,3.9,4.18,3.86,3.86,32,0
MFD,5,20210218,164500,4.1,4.1,3.86,3.88,548,0
MFD,5,20210219,090000,3.86,4.14,3.86,4.1,204,0
MFD,5,20210219,091000,3.86,3.86,3.82,3.82,300,0
MFD,5,20210219,091500,4.08,4.08,3.82,3.82,27,0
MFD,5,20210219,092500,4,4,4,4,25,0
MFD,5,20210219,093000,3.82,3.82,3.82,3.82,2,0
MFD,5,20210219,100000,4,4,3.82,3.82,27,0
MFD,5,20210219,113000,3.82,3.82,3.82,3.82,73,0
MFD,5,20210219,124500,3.82,3.82,3.82,3.82,666,0
MFD,5,20210219,125000,3.8,3.98,3.8,3.98,655,0
MFD,5,20210219,125500,4,4.2,4,4.2,730,0
MFD,5,20210219,132000,3.96,4.1,3.96,4.1,26,0
MFD,5,20210219,153500,4.1,4.1,4.1,4.1,317,0
MFD,5,20210222,090000,4.16,4.3,4.1,4.3,3789,0
MFD,5,20210222,090500,4.4,4.4,4.3,4.3,525,0
MFD,5,20210222,091500,4.3,4.3,4.3,4.3,106,0
MFD,5,20210222,092000,4.3,4.3,4.3,4.3,394,0
MFD,5,20210222,092500,4.2,4.38,4.2,4.38,835,0
MFD,5,20210222,095500,4.36,4.36,4.36,4.36,100,0
MFD,5,20210222,110000,4.36,4.36,4.36,4.36,230,0
MFD,5,20210222,113000,4.36,4.36,4.36,4.36,150,0
MFD,5,20210222,125000,4.36,4.36,4.36,4.36,50,0
MFD,5,20210222,142000,4.26,4.26,4.2,4.2,200,0
MFD,5,20210222,145500,4.36,4.36,4.36,4.36,200,0
MFD,5,20210223,145000,4.16,4.16,3.94,3.94,1989,0
MFD,5,20210223,155500,4.12,4.12,4.12,4.12,88,0
MFD,5,20210223,164500,4.14,4.14,4.14,4.14,100,0
MFD,5,20210224,092500,4.08,4.08,4.08,4.08,87,0
MFD,5,20210224,110500,4,4,4,4,1,0
MFD,5,20210224,141000,4.08,4.16,4.08,4.16,1000,0
MFD,5,20210225,090000,4.06,4.06,4.06,4.06,493,0
MFD,5,20210225,092500,4.1,4.1,4.1,4.1,150,0
MFD,5,20210225,152500,4.02,4.02,4.02,4.02,150,0
MFD,5,20210225,160500,3.96,3.96,3.94,3.94,200,0
MFD,5,20210225,164000,4,4.02,4,4.02,125,0
MFD,5,20210226,091000,3.92,3.92,3.9,3.9,1030,0
MFD,5,20210226,091500,3.94,4.08,3.94,4.08,515,0
MFD,5,20210226,092000,4.08,4.1,4.08,4.1,155,0
MFD,5,20210226,144000,3.96,3.96,3.96,3.96,120,0
MFD,5,20210226,151000,3.94,3.94,3.94,3.94,125,0
MFD,5,20210226,160000,3.94,3.94,3.94,3.94,175,0
MFD,5,20210226,162000,3.92,3.92,3.9,3.9,670,0
MFD,5,20210226,164000,3.94,3.94,3.94,3.94,200,0
MFD,5,20210226,164500,3.9,3.9,3.9,3.9,1160,0
MFD,5,20210301,105500,3.82,3.94,3.82,3.94,200,0
MFD,5,20210302,090000,3.94,4.16,3.94,4.16,510,0
MFD,5,20210302,095500,4.16,4.16,4.16,4.16,125,0
MFD,5,20210302,121500,4.1,4.1,4.1,4.1,2345,0
MFD,5,20210302,122000,4.1,4.1,4.1,4.1,500,0
MFD,5,20210302,134000,4.14,4.14,4.14,4.14,50,0
MFD,5,20210302,135000,4.1,4.14,4.1,4.14,1295,0
MFD,5,20210302,143000,4.14,4.2,4.14,4.2,160,0
MFD,5,20210302,150500,4.1,4.1,4.1,4.1,500,0
MFD,5,20210302,151000,4.1,4.1,4.1,4.1,760,0
MFD,5,20210303,094500,4.2,4.2,4.2,4.2,270,0
MFD,5,20210303,101500,4.1,4.1,4.1,4.1,50,0
MFD,5,20210303,110500,4.1,4.1,4,4,200,0
MFD,5,20210303,111500,4.1,4.1,4.1,4.1,100,0
MFD,5,20210303,124500,4.2,4.2,4.2,4.2,50,0
MFD,5,20210304,095000,4.04,4.04,4.04,4.04,200,0
MFD,5,20210304,101000,4.2,4.2,4.2,4.2,25,0
MFD,5,20210305,091500,4,4,4,4,3340,0
MFD,5,20210305,094500,4,4,4,4,501,0
MFD,5,20210305,095000,4.18,4.18,4.18,4.18,25,0
MFD,5,20210305,104500,4.02,4.02,4.02,4.02,100,0
MFD,5,20210305,105500,4.16,4.16,4.16,4.16,10,0
MFD,5,20210305,130000,4.02,4.02,4,4,700,0
MFD,5,20210305,130500,4.02,4.14,4.02,4.14,548,0
MFD,5,20210308,101500,4.16,4.26,4.16,4.26,916,0
MFD,5,20210308,102000,4.26,4.26,4.26,4.26,300,0
MFD,5,20210308,110000,4.24,4.24,4.2,4.2,1000,0
MFD,5,20210308,110500,4.2,4.2,4.2,4.2,500,0
MFD,5,20210308,122500,4.2,4.2,4.2,4.2,384,0
MFD,5,20210308,140000,4.02,4.1,4,4.1,852,0
MFD,5,20210308,162000,4.2,4.2,4.2,4.2,10,0
MFD,5,20210309,125500,4.2,4.2,4.2,4.2,250,0
MFD,5,20210309,163000,4.2,4.2,4.2,4.2,344,0
MFD,5,20210310,102500,4.2,4.2,4.2,4.2,220,0
MFD,5,20210310,122000,4.28,4.28,4.28,4.28,25,0
MFD,5,20210310,155500,4.22,4.22,4.08,4.08,1025,0
MFD,5,20210312,090000,4.14,4.2,4.14,4.2,291,0
MFD,5,20210312,095500,4.2,4.2,4.2,4.2,50,0
MFD,5,20210312,145500,4.12,4.12,4.12,4.12,150,0
MFD,5,20210312,151000,4.12,4.12,4.12,4.12,125,0
MFD,5,20210312,151500,4.12,4.12,4,4,2050,0
MFD,5,20210312,155500,4.2,4.2,4.2,4.2,10,0
MFD,5,20210312,161500,4.18,4.18,4.18,4.18,72,0
MFD,5,20210312,162000,4.18,4.28,4.18,4.28,531,0
MFD,5,20210312,162500,4.2,4.2,4.2,4.2,135,0
MFD,5,20210312,164500,4.26,4.26,4.26,4.26,25,0
MFD,5,20210315,090000,4.28,4.28,4.28,4.28,700,0
MFD,5,20210315,090500,4.28,4.28,4.28,4.28,430,0
MFD,5,20210315,091000,4.28,4.28,4.02,4.02,840,0
MFD,5,20210315,092000,4.14,4.14,4.14,4.14,493,0
MFD,5,20210315,131500,4.26,4.26,4.26,4.26,50,0
MFD,5,20210315,135500,4.26,4.28,4.26,4.28,486,0
MFD,5,20210315,142500,4.16,4.16,4.04,4.04,1500,0
MFD,5,20210315,163500,4.26,4.26,4.26,4.26,300,0
MFD,5,20210316,090000,4.26,4.26,4.06,4.06,526,0
MFD,5,20210316,091000,4.1,4.26,4.1,4.26,562,0
MFD,5,20210316,110000,4.26,4.3,4.26,4.3,1000,0
MFD,5,20210316,115000,4.12,4.12,4.12,4.12,173,0
MFD,5,20210316,135000,4.28,4.28,4.28,4.28,10,0
MFD,5,20210316,135500,4.28,4.3,4.28,4.3,3429,0
MFD,5,20210316,140000,4.3,4.3,4.3,4.3,571,0
MFD,5,20210316,144000,4.3,4.3,4.3,4.3,900,0
MFD,5,20210316,145000,4.38,4.38,4.38,4.38,200,0
MFD,5,20210317,090000,4.24,4.24,4.24,4.24,200,0
MFD,5,20210317,092500,4.26,4.26,4.26,4.26,800,0
MFD,5,20210317,093000,4.3,4.3,4.3,4.3,981,0
MFD,5,20210317,093500,4.24,4.24,4.24,4.24,1,0
MFD,5,20210317,094000,4.38,5,4.38,5,5533,0
MFD,5,20210317,094500,4.9,5,4.9,5,938,0
MFD,5,20210317,095000,5,5.05,5,5.05,1986,0
MFD,5,20210317,112500,5.95,5.95,5.95,5.95,4801,0
MFD,5,20210317,113500,5.3,5.3,5.2,5.25,2473,0
MFD,5,20210317,114000,5.2,5.2,5.2,5.2,7,0
MFD,5,20210317,120500,5.45,5.45,5.45,5.45,386,0
MFD,5,20210317,122000,5.45,5.45,5.35,5.35,1068,0
MFD,5,20210317,123500,5.35,5.35,5.35,5.35,140,0
MFD,5,20210317,124500,5.35,5.35,5.35,5.35,135,0
MFD,5,20210317,125000,5.4,5.4,5.4,5.4,300,0
MFD,5,20210317,125500,5.35,5.35,5.35,5.35,236,0
MFD,5,20210317,130000,5.35,5.35,5.35,5.35,129,0
MFD,5,20210317,130500,5.25,5.25,5.25,5.25,200,0
MFD,5,20210317,131500,5.2,5.2,5.2,5.2,474,0
MFD,5,20210317,132500,5.25,5.5,5.25,5.5,782,0
MFD,5,20210317,133000,5.2,5.2,5.2,5.2,200,0
MFD,5,20210317,134000,5.2,5.2,5.2,5.2,99,0
MFD,5,20210317,135500,5.2,5.2,5.2,5.2,401,0
MFD,5,20210317,140500,5.2,5.2,5.2,5.2,233,0
MFD,5,20210317,143000,5.2,5.2,5.2,5.2,87,0
MFD,5,20210317,151500,5.2,5.35,5.2,5.35,224,0
MFD,5,20210317,155000,5.05,5.05,5.05,5.05,300,0
MFD,5,20210317,161000,5.05,5.05,5,5,200,0
MFD,5,20210317,162500,5.3,5.3,5.3,5.3,50,0
MFD,5,20210317,163000,5.3,5.35,5.3,5.35,543,0
MFD,5,20210317,164000,5.4,5.4,5.4,5.4,10,0
MFD,5,20210317,165500,5.4,5.4,5.4,5.4,480,0
MFD,5,20210318,090000,5.5,5.85,5.5,5.85,5262,0
MFD,5,20210318,092000,5.7,5.7,5.7,5.7,401,0
MFD,5,20210318,093000,5.65,5.85,5.65,5.85,1201,0
MFD,5,20210318,093500,5.85,5.9,5.85,5.9,434,0
MFD,5,20210318,094000,5.9,5.95,5.8,5.85,2978,0
MFD,5,20210318,095500,5.8,5.8,5.8,5.8,429,0
MFD,5,20210318,100000,5.8,5.9,5.8,5.85,500,0
MFD,5,20210318,101000,5.85,5.85,5.85,5.85,60,0
MFD,5,20210318,111000,5.55,5.55,5.55,5.55,65,0
MFD,5,20210318,111500,5.45,5.45,5.45,5.45,75,0
MFD,5,20210318,114000,5.8,5.8,5.8,5.8,60,0
MFD,5,20210318,122500,5.5,5.5,5.5,5.5,83,0
MFD,5,20210318,131000,5.5,5.5,5.5,5.5,150,0
MFD,5,20210318,140000,5.8,5.8,5.8,5.8,50,0
MFD,5,20210318,143500,5.8,5.8,5.8,5.8,90,0
MFD,5,20210318,144000,5.8,5.8,5.8,5.8,110,0
MFD,5,20210318,152000,5.8,5.8,5.8,5.8,265,0
MFD,5,20210318,155500,5.8,5.8,5.8,5.8,425,0
MFD,5,20210318,161500,5.8,5.8,5.8,5.8,291,0
MFD,5,20210319,090000,5.8,5.85,5.8,5.8,1142,0
MFD,5,20210319,090500,5.8,5.8,5.8,5.8,250,0
MFD,5,20210319,092500,5.75,5.8,5.75,5.8,10510,0
MFD,5,20210319,110500,5.75,5.75,5.75,5.75,400,0
MFD,5,20210319,112500,5.75,5.8,5.75,5.8,190,0
MFD,5,20210319,123000,5.8,5.8,5.8,5.8,138,0
MFD,5,20210319,124000,5.8,5.95,5.8,5.95,1336,0
MFD,5,20210319,125500,5.95,5.95,5.95,5.95,1,0
MFD,5,20210319,130500,5.95,5.95,5.95,5.95,111,0
MFD,5,20210319,133000,5.7,5.7,5.7,5.7,500,0
MFD,5,20210319,152000,5.9,5.9,5.9,5.9,170,0
MFD,5,20210319,164000,5.6,5.6,5.6,5.6,359,0
MFD,5,20210319,164500,5.9,5.9,5.9,5.9,500,0
MFD,5,20210322,090000,5.95,5.95,5.95,5.95,200,0
MFD,5,20210322,090500,5.95,5.95,5.95,5.95,321,0
MFD,5,20210322,091000,6,6,6,6,179,0
MFD,5,20210322,092000,5.95,5.95,5.95,5.95,130,0
MFD,5,20210322,102000,5.85,5.9,5.6,5.6,338,0
MFD,5,20210322,104000,5.95,5.95,5.95,5.95,100,0
MFD,5,20210322,104500,5.95,6,5.95,6,400,0
MFD,5,20210322,105000,6,6,6,6,200,0
MFD,5,20210322,110000,5.75,5.75,5.7,5.7,100,0
MFD,5,20210322,111500,5.95,6,5.95,6,100,0
MFD,5,20210322,133000,5.75,5.75,5.75,5.75,97,0
MFD,5,20210322,134500,5.9,5.9,5.9,5.9,1,0
MFD,5,20210322,155000,5.9,5.9,5.9,5.9,75,0
MFD,5,20210322,161500,5.7,5.9,5.7,5.9,39,0
MFD,5,20210322,164000,5.7,5.95,5.7,5.95,75,0
MFD,5,20210322,164500,6,6,6,6,125,0
MFD,5,20210323,090000,6,6,6,6,167,0
MFD,5,20210323,090500,6,6,5.5,5.5,5,0
MFD,5,20210323,092000,5.95,5.95,5.95,5.95,138,0
MFD,5,20210323,094500,5.95,6,5.95,6,200,0
MFD,5,20210323,125000,6,6,6,6,50,0
MFD,5,20210323,132500,5.95,6,5.95,6,1612,0
MFD,5,20210323,133000,6,6.05,6,6.05,60,0
MFD,5,20210323,151500,5.75,5.75,5.7,5.7,400,0
MFD,5,20210323,152000,5.9,5.9,5.9,5.9,1,0
MFD,5,20210323,155000,5.9,5.95,5.9,5.95,100,0
MFD,5,20210323,163500,5.7,5.95,5.65,5.65,491,0
MFD,5,20210323,164500,5.65,6.05,5.5,6.05,1778,0
MFD,5,20210323,165500,6,6,6,6,333,0
MFD,5,20210324,090000,5.1,5.1,5.1,5.1,1,0
MFD,5,20210324,092500,6.05,6.05,6.05,6.05,10,0
MFD,5,20210324,103000,5.75,5.75,5.7,5.7,349,0
MFD,5,20210324,103500,5.85,5.9,5.85,5.9,163,0
MFD,5,20210324,124500,5.95,5.95,5.95,5.95,1,0
MFD,5,20210324,160000,6,6,6,6,10,0
MFD,5,20210325,133500,5.55,6.05,4.8,6.05,1623,0
MFD,5,20210325,134000,5.55,5.55,5.55,5.55,210,0
MFD,5,20210325,134500,5.5,5.5,5.5,5.5,1,0
MFD,5,20210325,135000,5.4,5.45,5.4,5.45,20,0
MFD,5,20210325,142500,5.5,5.55,5.5,5.55,200,0
MFD,5,20210325,144000,5.55,5.55,5.55,5.55,37,0
MFD,5,20210325,144500,5.65,5.65,5.65,5.65,10,0
MFD,5,20210325,145000,5.5,5.5,5.5,5.5,10,0
MFD,5,20210325,150000,5.5,5.55,5.5,5.55,50,0
MFD,5,20210325,152000,5.6,5.65,5.6,5.65,60,0
MFD,5,20210325,162000,5.6,5.8,5.6,5.8,330,0
MFD,5,20210325,163000,5.6,5.75,5.6,5.75,20,0
MFD,5,20210325,165500,6.35,6.35,6.35,6.35,5520,0
MFD,5,20210326,103000,5.7,5.7,5.7,5.7,1,0
MFD,5,20210326,113000,5.75,5.75,5.75,5.75,434,0
MFD,5,20210326,121000,5.9,5.9,5.9,5.9,1,0
MFD,5,20210326,121500,5.9,5.9,5.9,5.9,140,0
MFD,5,20210326,132500,5.85,5.85,5.85,5.85,10,0
MFD,5,20210326,140000,5.8,5.9,5.8,5.9,500,0
MFD,5,20210326,144000,5.9,6.15,5.9,6.15,359,0
MFD,5,20210326,144500,6.1,6.1,6.1,6.1,1,0
MFD,5,20210326,155000,6.05,6.1,6.05,6.1,172,0
MFD,5,20210326,155500,6.05,6.05,6.05,6.05,29,0
MFD,5,20210326,160500,5.8,6.05,5.8,6.05,510,0
MFD,5,20210326,162500,6.05,6.05,6.05,6.05,165,0
MFD,5,20210326,164500,6.05,6.05,6.05,6.05,23,0
