<TICKER>,<PER>,<DATE>,<TIME>,<OPEN>,<HIGH>,<LOW>,<CLOSE>,<VOL>,<OPENINT>
MLB,5,20210204,090000,7.9,7.9,7.9,7.9,1,0
MLB,5,20210204,102500,7.55,7.55,7.55,7.55,100,0
MLB,5,20210204,103000,7.9,7.9,7.9,7.9,9,0
MLB,5,20210204,103500,7.9,7.9,7.9,7.9,290,0
MLB,5,20210204,104500,8,8,8,8,165,0
MLB,5,20210204,124000,8,8,8,8,2,0
MLB,5,20210204,131000,7.95,8,7.95,8,670,0
MLB,5,20210204,155000,8,8,8,8,1073,0
MLB,5,20210204,164500,8.05,8.05,8.05,8.05,20,0
MLB,5,20210205,090000,8.05,8.05,8.05,8.05,500,0
MLB,5,20210205,095500,8.05,8.05,8.05,8.05,240,0
MLB,5,20210205,112000,7.9,7.9,7.9,7.9,282,0
MLB,5,20210205,144000,8,8,8,8,100,0
MLB,5,20210205,145500,7.9,7.9,7.6,7.6,3347,0
MLB,5,20210205,150000,7.6,7.6,7.6,7.6,100,0
MLB,5,20210205,151000,7.6,7.6,7.6,7.6,1553,0
MLB,5,20210205,151500,7.7,8,7.7,8,270,0
MLB,5,20210205,153000,8,8,8,8,1315,0
MLB,5,20210205,161000,8,8,8,8,370,0
MLB,5,20210205,164500,8.05,8.05,8.05,8.05,221,0
MLB,5,20210208,090000,8.05,8.05,8.05,8.05,1,0
MLB,5,20210208,114500,7.9,7.9,7.9,7.9,1500,0
MLB,5,20210208,150000,7.85,7.85,7.8,7.8,1100,0
MLB,5,20210208,153500,7.8,7.8,7.8,7.8,900,0
MLB,5,20210208,164500,8.05,8.05,8.05,8.05,1,0
MLB,5,20210209,092500,7.95,7.95,7.95,7.95,400,0
MLB,5,20210209,140000,7.95,7.95,7.95,7.95,6,0
MLB,5,20210209,142000,7.95,7.95,7.9,7.9,994,0
MLB,5,20210209,150000,7.9,7.9,7.9,7.9,632,0
MLB,5,20210209,155000,7.9,7.9,7.9,7.9,874,0
MLB,5,20210209,163500,8.05,8.05,8.05,8.05,2,0
MLB,5,20210210,101000,8.05,8.05,8.05,8.05,1,0
MLB,5,20210210,111000,7.8,7.8,7.8,7.8,2154,0
MLB,5,20210210,111500,8.05,8.05,8.05,8.05,30,0
MLB,5,20210211,090000,8.05,8.05,8.05,8.05,24,0
MLB,5,20210211,095000,8.05,8.05,8.05,8.05,550,0
MLB,5,20210211,100000,7.9,8.4,7.9,8.4,2800,0
MLB,5,20210211,101000,8.5,8.7,8.5,8.7,500,0
MLB,5,20210211,114500,8.6,8.6,8.6,8.6,22,0
MLB,5,20210211,121000,8.6,8.6,8.6,8.6,100,0
MLB,5,20210212,090000,8.5,8.5,8.5,8.5,300,0
MLB,5,20210212,111500,8.45,8.6,8.45,8.6,300,0
MLB,5,20210212,130500,8.6,8.8,8.6,8.8,2000,0
MLB,5,20210212,163000,8.6,8.6,8.6,8.6,53,0
MLB,5,20210212,163500,8.15,8.15,8.1,8.1,1884,0
MLB,5,20210212,164500,8.1,8.6,8.1,8.6,1222,0
MLB,5,20210215,090000,8.75,8.75,8.75,8.75,349,0
MLB,5,20210215,090500,8.7,8.7,8.7,8.7,450,0
MLB,5,20210215,091000,8.7,8.7,8.7,8.7,350,0
MLB,5,20210215,093500,8.6,8.6,8.6,8.6,560,0
MLB,5,20210215,095500,8.7,8.7,8.7,8.7,200,0
MLB,5,20210215,101500,8.7,8.7,8.7,8.7,200,0
MLB,5,20210215,103000,8.7,8.7,8.7,8.7,787,0
MLB,5,20210215,112500,8.65,8.65,8.65,8.65,900,0
MLB,5,20210215,120000,8.5,8.5,8.5,8.5,23,0
MLB,5,20210215,125000,8.4,8.4,8.4,8.4,240,0
MLB,5,20210215,131500,8.4,8.4,8.4,8.4,15,0
MLB,5,20210215,143500,8.4,8.4,8.4,8.4,198,0
MLB,5,20210215,144500,8.4,8.4,8.4,8.4,329,0
MLB,5,20210215,145000,8.45,8.45,8.45,8.45,350,0
MLB,5,20210215,150500,8.5,8.5,8.5,8.5,1477,0
MLB,5,20210215,164000,8.65,8.65,8.65,8.65,1,0
MLB,5,20210216,090000,8.65,8.65,8.65,8.65,1,0
MLB,5,20210216,092000,8.65,8.65,8.65,8.65,173,0
MLB,5,20210216,124500,8.75,8.75,8.75,8.75,185,0
MLB,5,20210216,130000,8.75,8.75,8.75,8.75,299,0
MLB,5,20210217,090000,8.75,8.75,8.75,8.75,1,0
MLB,5,20210217,100000,8.75,8.75,8.75,8.75,200,0
MLB,5,20210217,140500,8.35,8.35,8.2,8.2,1640,0
MLB,5,20210217,143000,8.25,8.25,8.25,8.25,300,0
MLB,5,20210217,161500,8.2,8.2,8.2,8.2,92,0
MLB,5,20210217,162000,8.15,8.15,8.15,8.15,81,0
MLB,5,20210217,163500,8.25,8.25,8.25,8.25,1,0
MLB,5,20210217,164500,8.15,8.15,8.15,8.15,100,0
MLB,5,20210218,090000,8.35,8.35,8.35,8.35,1,0
MLB,5,20210218,095000,8.35,8.35,8.35,8.35,35,0
MLB,5,20210218,101500,8.35,8.35,8.35,8.35,205,0
MLB,5,20210218,102500,8.4,8.4,8.4,8.4,5,0
MLB,5,20210218,130000,8.35,8.35,8.35,8.35,400,0
MLB,5,20210218,134000,8.05,8.05,8.05,8.05,584,0
MLB,5,20210218,135000,8.3,8.3,8.3,8.3,10,0
MLB,5,20210218,143000,8.25,8.25,8.25,8.25,200,0
MLB,5,20210218,160000,8.3,8.3,8.3,8.3,100,0
MLB,5,20210218,164500,8.4,8.4,8.4,8.4,1,0
MLB,5,20210219,090000,8.4,8.4,8.4,8.4,4,0
MLB,5,20210219,114000,8.3,8.3,8.3,8.3,120,0
MLB,5,20210219,122500,8.4,8.4,8.4,8.4,194,0
MLB,5,20210219,140000,8.05,8.05,7.9,7.9,1359,0
MLB,5,20210219,142500,8.1,8.1,8.1,8.1,249,0
MLB,5,20210219,145500,8.1,8.1,8.05,8.05,446,0
MLB,5,20210219,151500,8.05,8.05,8.05,8.05,2113,0
MLB,5,20210219,154500,8.1,8.1,8.1,8.1,249,0
MLB,5,20210219,155500,8.05,8.15,8.05,8.15,259,0
MLB,5,20210219,162000,8.1,8.1,8.1,8.1,249,0
MLB,5,20210219,164500,8.2,8.7,8.2,8.7,581,0
MLB,5,20210222,090000,8.55,8.55,8.5,8.5,36,0
MLB,5,20210222,101500,8.5,8.5,8.5,8.5,118,0
MLB,5,20210222,104000,8.5,8.5,8.5,8.5,829,0
MLB,5,20210222,122500,8.5,8.5,8.5,8.5,236,0
MLB,5,20210222,142500,8.1,8.1,8.1,8.1,247,0
MLB,5,20210222,155500,8.1,8.1,8.1,8.1,1753,0
MLB,5,20210222,160500,8.5,8.5,8.5,8.5,10,0
MLB,5,20210223,090000,8.5,8.5,8.5,8.5,2,0
MLB,5,20210223,092000,8.5,8.5,8.5,8.5,117,0
MLB,5,20210223,114500,8.5,8.5,8.5,8.5,10,0
MLB,5,20210224,090000,8.5,8.5,8.5,8.5,11,0
MLB,5,20210224,150000,8.1,8.1,7.8,7.8,2360,0
MLB,5,20210224,151000,8.5,8.5,8.5,8.5,200,0
MLB,5,20210224,152000,8.15,8.15,8.15,8.15,247,0
MLB,5,20210224,152500,8.5,8.5,8.5,8.5,1,0
MLB,5,20210224,153000,8.1,8.1,8.1,8.1,247,0
MLB,5,20210225,090000,8.15,8.15,8.15,8.15,1,0
MLB,5,20210225,121000,7.8,7.8,7.8,7.8,660,0
MLB,5,20210225,122000,7.85,7.85,7.85,7.85,60,0
MLB,5,20210225,134000,8.15,8.25,8.15,8.25,250,0
MLB,5,20210225,160000,8.1,8.1,8.1,8.1,247,0
MLB,5,20210225,161500,8.15,8.15,8.15,8.15,247,0
MLB,5,20210225,163000,8.25,8.3,8.25,8.3,837,0
MLB,5,20210225,164000,8.3,8.3,8.3,8.3,100,0
MLB,5,20210225,164500,8.3,8.5,8.3,8.5,460,0
MLB,5,20210226,090000,8.45,8.45,7.8,7.8,1067,0
MLB,5,20210226,091500,7.85,7.85,7.85,7.85,258,0
MLB,5,20210226,101500,7.9,7.9,7.8,7.8,700,0
MLB,5,20210226,102000,7.85,8.15,7.85,8.15,255,0
MLB,5,20210226,131000,8.1,8.1,8.1,8.1,700,0
MLB,5,20210226,145000,8.15,8.15,8.15,8.15,247,0
MLB,5,20210226,145500,7.85,7.85,7.8,7.8,1500,0
MLB,5,20210226,150000,8.4,8.4,8.4,8.4,50,0
MLB,5,20210301,090000,7.7,7.7,7.7,7.7,150,0
MLB,5,20210301,090500,7.9,7.9,7.9,7.9,254,0
MLB,5,20210301,091500,8.15,8.15,8.15,8.15,246,0
MLB,5,20210301,113000,8.1,8.35,8.1,8.35,250,0
MLB,5,20210302,142000,7.85,7.85,7.85,7.85,257,0
MLB,5,20210302,144000,7.85,7.85,7.85,7.85,743,0
MLB,5,20210302,150000,7.9,7.9,7.9,7.9,900,0
MLB,5,20210302,164500,7.9,7.9,7.9,7.9,1000,0
MLB,5,20210303,094500,7.9,7.9,7.9,7.9,50,0
MLB,5,20210304,095000,7.8,7.8,7.7,7.7,465,0
MLB,5,20210304,142500,7.7,7.7,7.7,7.7,1207,0
MLB,5,20210304,143500,7.7,7.7,7.7,7.7,293,0
MLB,5,20210304,144000,7.7,7.7,7.7,7.7,607,0
MLB,5,20210304,163000,7.7,7.7,7.7,7.7,393,0
MLB,5,20210304,164500,7.95,7.95,7.95,7.95,10,0
MLB,5,20210305,100000,8,8,8,8,10,0
MLB,5,20210305,132500,7.95,7.95,7.95,7.95,360,0
MLB,5,20210305,133000,7.8,7.8,7.8,7.8,1000,0
MLB,5,20210305,133500,7.8,8,7.8,8,100,0
MLB,5,20210305,145500,7.7,7.7,7.65,7.65,1000,0
MLB,5,20210305,161000,7.6,7.6,7.55,7.55,650,0
MLB,5,20210308,090000,8,8.3,8,8.3,2000,0
MLB,5,20210308,091000,8.35,8.35,8.35,8.35,10,0
MLB,5,20210308,105500,8,8,8,8,350,0
MLB,5,20210308,110500,8,8,8,8,160,0
MLB,5,20210308,122500,7.7,7.7,7.6,7.6,2161,0
MLB,5,20210308,123000,7.6,7.95,7.6,7.95,340,0
MLB,5,20210308,130000,7.55,7.55,7.55,7.55,97,0
MLB,5,20210308,131000,7.55,7.55,7.55,7.55,100,0
MLB,5,20210308,135500,7.6,7.75,7.55,7.75,452,0
MLB,5,20210308,145000,7.75,7.75,7.75,7.75,11,0
MLB,5,20210308,152500,7.75,8,7.75,8,161,0
MLB,5,20210308,164000,8,8,8,8,150,0
MLB,5,20210308,164500,8,8,8,8,5,0
MLB,5,20210309,090000,8,8,8,8,1,0
MLB,5,20210309,131000,8,8,8,8,60,0
MLB,5,20210309,134000,8,8,8,8,60,0
MLB,5,20210309,153500,7.7,7.7,7.7,7.7,120,0
MLB,5,20210309,164000,8,8,8,8,50,0
MLB,5,20210309,164500,8,8,8,8,70,0
MLB,5,20210310,090000,8,8,8,8,1,0
MLB,5,20210310,131000,7.75,7.75,7.1,7.75,2261,0
MLB,5,20210310,132500,7.6,7.6,7.6,7.6,10,0
MLB,5,20210310,140000,7.95,7.95,7.95,7.95,1,0
MLB,5,20210310,160000,7.9,7.95,7.9,7.95,520,0
MLB,5,20210311,090000,7.6,7.6,7.6,7.6,1000,0
MLB,5,20210311,090500,7.6,7.6,7.6,7.6,14,0
MLB,5,20210311,091000,7.25,7.25,7.25,7.25,100,0
MLB,5,20210311,093500,7.6,7.6,7.6,7.6,280,0
MLB,5,20210311,100000,7.85,7.85,7.85,7.85,10,0
MLB,5,20210311,155000,7.4,7.85,7.2,7.85,1600,0
MLB,5,20210312,104000,7.45,7.85,7.45,7.85,600,0
MLB,5,20210312,122500,7.4,7.75,7.1,7.75,1450,0
MLB,5,20210312,123500,7.1,7.1,7.1,7.1,10,0
MLB,5,20210312,125500,7.45,7.75,7.45,7.75,300,0
MLB,5,20210315,090000,7.3,7.3,7.3,7.3,479,0
MLB,5,20210315,091000,7.35,7.35,7.35,7.35,200,0
MLB,5,20210315,091500,7.2,7.2,7.2,7.2,117,0
MLB,5,20210315,100000,7.35,7.35,7.35,7.35,73,0
MLB,5,20210315,100500,7.5,7.5,7.5,7.5,250,0
MLB,5,20210315,102000,7.55,7.6,7.55,7.6,750,0
MLB,5,20210315,121000,7.5,7.5,7.5,7.5,230,0
MLB,5,20210315,121500,7.5,7.5,7.5,7.5,20,0
MLB,5,20210315,160500,7.45,7.45,7.45,7.45,269,0
MLB,5,20210316,090000,7.5,7.5,7.5,7.5,1,0
MLB,5,20210316,161500,7.45,7.5,7.45,7.5,3178,0
MLB,5,20210316,162500,7.5,7.5,7.5,7.5,822,0
MLB,5,20210317,090000,7.8,7.8,7.15,7.15,1075,0
MLB,5,20210317,092000,7.25,7.75,7.25,7.75,549,0
MLB,5,20210317,094000,7.65,7.7,7.65,7.7,387,0
MLB,5,20210317,095000,7.45,7.45,7.45,7.45,270,0
MLB,5,20210317,121500,7.25,7.25,7.25,7.25,1262,0
MLB,5,20210317,142500,7.25,7.25,7.15,7.2,573,0
MLB,5,20210317,143500,7.2,7.2,7.2,7.2,2,0
MLB,5,20210317,151500,7.15,7.15,7.05,7.05,500,0
MLB,5,20210317,160500,7.2,7.2,7.2,7.2,1,0
MLB,5,20210317,163500,7.2,7.4,7.2,7.4,200,0
MLB,5,20210318,090000,7.5,7.5,7.4,7.4,51,0
MLB,5,20210318,112000,7.45,7.45,7.45,7.45,100,0
MLB,5,20210318,125500,7.15,7.15,7.15,7.15,280,0
MLB,5,20210318,144500,7.15,7.15,7.15,7.15,200,0
MLB,5,20210318,164500,7.05,7.15,7.05,7.15,569,0
MLB,5,20210319,090000,7.2,7.2,7.2,7.2,130,0
MLB,5,20210319,093500,7.2,7.2,7.2,7.2,280,0
MLB,5,20210319,094000,7.5,7.5,7.5,7.5,10,0
MLB,5,20210319,094500,7.5,7.65,7.5,7.65,1090,0
MLB,5,20210319,101000,7.45,7.65,7.2,7.65,1010,0
MLB,5,20210319,113500,7.5,7.5,7.5,7.5,269,0
MLB,5,20210319,115500,7.5,7.5,7.5,7.5,1600,0
MLB,5,20210319,125500,7.5,7.5,7.45,7.45,130,0
MLB,5,20210319,130500,7.5,7.6,7.45,7.45,770,0
MLB,5,20210319,133500,7.3,7.3,7.25,7.25,1056,0
MLB,5,20210319,140500,7.2,7.2,7.2,7.2,310,0
MLB,5,20210319,144000,7.2,7.2,7.2,7.2,1130,0
MLB,5,20210319,144500,7.2,7.2,7.15,7.15,310,0
MLB,5,20210319,151000,7.15,7.2,7.15,7.2,1914,0
MLB,5,20210319,152000,7.5,7.5,7.5,7.5,10,0
MLB,5,20210319,152500,7.15,7.15,7.15,7.15,280,0
MLB,5,20210319,155500,7.15,7.15,7.15,7.15,280,0
MLB,5,20210319,163500,7.1,7.1,7,7,647,0
MLB,5,20210319,164500,7,7,7,7,101,0
MLB,5,20210322,090000,7.2,7.2,7.2,7.2,99,0
MLB,5,20210322,094500,7.2,7.2,7.2,7.2,250,0
MLB,5,20210322,120000,7.15,7.15,7.1,7.1,1030,0
MLB,5,20210322,132500,7.1,7.1,7.1,7.1,1470,0
MLB,5,20210322,142500,7.2,7.2,7.2,7.2,280,0
MLB,5,20210322,144500,7.5,7.5,7.5,7.5,1,0
MLB,5,20210322,150000,7.15,7.15,7.05,7.05,1400,0
MLB,5,20210322,164500,7.2,7.2,7.2,7.2,1,0
MLB,5,20210323,090000,7.2,7.2,7.2,7.2,14,0
MLB,5,20210323,142500,7.15,7.15,7.15,7.15,57,0
MLB,5,20210323,143000,7.05,7.2,6.8,6.95,2155,0
MLB,5,20210323,143500,7.2,7.2,7.2,7.2,275,0
MLB,5,20210323,144000,7.25,7.25,7.2,7.2,211,0
MLB,5,20210324,090000,7.45,7.45,7.45,7.45,10,0
MLB,5,20210324,140500,7.15,7.15,7.15,7.15,280,0
MLB,5,20210324,154500,7.1,7.1,7.1,7.1,111,0
MLB,5,20210325,091500,7.2,7.2,7.2,7.2,200,0
MLB,5,20210325,120000,7.2,7.2,7.2,7.2,80,0
MLB,5,20210325,124500,7.2,7.2,7.15,7.15,290,0
MLB,5,20210325,164000,7.15,7.15,7.15,7.15,10,0
MLB,5,20210325,165500,6.9,6.9,6.9,6.9,5,0
MLB,5,20210326,091500,6.95,6.95,6.95,6.95,5,0
MLB,5,20210326,100000,7.2,7.2,7.2,7.2,280,0
MLB,5,20210326,101000,7.45,7.45,7.45,7.45,90,0
MLB,5,20210326,120500,7.45,7.5,7.45,7.5,571,0
MLB,5,20210326,121000,7.7,7.7,7.7,7.7,30,0
MLB,5,20210326,131500,7.4,7.4,7.4,7.4,271,0
MLB,5,20210326,132500,7.25,7.25,7.25,7.25,266,0
MLB,5,20210326,135000,7.3,7.3,7.2,7.2,749,0
MLB,5,20210326,145000,7.2,7.2,7.2,7.2,415,0
MLB,5,20210326,153000,7.5,7.5,7.5,7.5,10,0
