<TICKER>,<PER>,<DATE>,<TIME>,<OPEN>,<HIGH>,<LOW>,<CLOSE>,<VOL>,<OPENINT>
MLT,5,20210204,093000,4.8,4.8,4.8,4.8,200,0
MLT,5,20210204,100500,4.89,4.89,4.89,4.89,10,0
MLT,5,20210204,104000,4.85,4.85,4.85,4.85,1000,0
MLT,5,20210204,111000,4.85,4.85,4.85,4.85,734,0
MLT,5,20210204,114500,4.85,4.85,4.85,4.85,190,0
MLT,5,20210204,141500,4.9,4.9,4.9,4.9,300,0
MLT,5,20210204,142000,5.16,5.16,5.16,5.16,1,0
MLT,5,20210204,143000,5.16,5.16,5.16,5.16,50,0
MLT,5,20210204,155500,4.85,4.85,4.85,4.85,1076,0
MLT,5,20210204,160000,5,5,5,5,1,0
MLT,5,20210205,122000,4.8,4.8,4.8,4.8,1200,0
MLT,5,20210205,130000,4.9,5,4.9,5,1000,0
MLT,5,20210208,090000,5,5,5,5,200,0
MLT,5,20210208,105500,4.71,4.71,4.71,4.71,200,0
MLT,5,20210208,110000,4.71,4.71,4.71,4.71,23,0
MLT,5,20210208,152500,4.97,4.97,4.97,4.97,200,0
MLT,5,20210208,163000,4.71,4.98,4.71,4.98,1251,0
MLT,5,20210209,124000,4.73,4.73,4.73,4.73,191,0
MLT,5,20210209,141500,4.73,4.94,4.73,4.94,1201,0
MLT,5,20210209,145000,4.73,4.73,4.73,4.73,87,0
MLT,5,20210209,145500,4.94,4.94,4.94,4.94,10,0
MLT,5,20210209,150500,4.94,4.94,4.94,4.94,49,0
MLT,5,20210209,164500,4.74,4.91,4.74,4.91,379,0
MLT,5,20210210,090000,4.93,4.93,4.91,4.91,521,0
MLT,5,20210210,091000,4.9,4.9,4.9,4.9,11,0
MLT,5,20210210,102500,4.88,4.88,4.88,4.88,173,0
MLT,5,20210210,151000,4.74,4.74,4.7,4.7,1082,0
MLT,5,20210210,152000,4.88,4.88,4.88,4.88,10,0
MLT,5,20210210,164000,4.61,4.61,4.6,4.6,1853,0
MLT,5,20210210,164500,4.88,4.88,4.88,4.88,10,0
MLT,5,20210211,093000,4.7,5.6,4.7,4.99,6449,0
MLT,5,20210211,163500,4.78,4.78,4.75,4.75,3199,0
MLT,5,20210211,164500,4.95,4.95,4.95,4.95,90,0
MLT,5,20210212,090000,5,5,4.67,5,2148,0
MLT,5,20210212,093000,4.7,5,4.7,5,126,0
MLT,5,20210212,100000,4.71,4.71,4.7,4.7,640,0
MLT,5,20210212,100500,5,5,4.75,4.8,106,0
MLT,5,20210212,104000,4.8,4.9,4.8,4.9,500,0
MLT,5,20210212,104500,4.75,4.9,4.7,4.9,401,0
MLT,5,20210212,105000,4.7,4.9,4.7,4.9,207,0
MLT,5,20210212,110500,4.7,4.89,4.7,4.89,269,0
MLT,5,20210212,111000,4.7,4.7,4.7,4.7,300,0
MLT,5,20210212,111500,4.89,4.89,4.89,4.89,1,0
MLT,5,20210212,112500,4.57,4.79,4.51,4.79,2401,0
MLT,5,20210212,132500,4.7,4.77,4.7,4.77,241,0
MLT,5,20210212,154500,4.7,4.7,4.7,4.7,10,0
MLT,5,20210212,155500,4.65,4.65,4.65,4.65,1297,0
MLT,5,20210212,160500,4.65,4.65,4.52,4.52,1273,0
MLT,5,20210212,161000,4.52,4.52,4.52,4.52,50,0
MLT,5,20210212,161500,4.52,4.52,4.51,4.51,2030,0
MLT,5,20210212,162000,4.51,4.51,4.51,4.51,335,0
MLT,5,20210212,162500,4.5,4.5,4.5,4.5,75,0
MLT,5,20210212,163000,4.5,4.5,4.5,4.5,880,0
MLT,5,20210212,163500,4.5,4.5,4.5,4.5,300,0
MLT,5,20210212,164500,4.7,4.7,4.43,4.43,240,0
MLT,5,20210215,090000,4.45,4.45,4.4,4.4,1726,0
MLT,5,20210215,091000,4.3,4.3,4.3,4.3,725,0
MLT,5,20210215,091500,4.45,4.5,4.45,4.5,42,0
MLT,5,20210215,101500,4.45,4.5,4.45,4.5,526,0
MLT,5,20210215,103000,4.64,4.64,4.64,4.64,236,0
MLT,5,20210215,111000,4.64,4.65,4.64,4.65,110,0
MLT,5,20210215,114000,4.65,4.69,4.65,4.69,859,0
MLT,5,20210215,123000,4.69,4.7,4.69,4.7,2295,0
MLT,5,20210215,125000,4.77,4.8,4.77,4.8,78,0
MLT,5,20210215,134000,4.6,4.6,4.6,4.6,300,0
MLT,5,20210215,140500,4.74,4.74,4.74,4.74,500,0
MLT,5,20210215,144500,4.74,4.77,4.74,4.77,200,0
MLT,5,20210215,150500,4.77,4.77,4.77,4.77,43,0
MLT,5,20210215,151500,4.77,4.77,4.77,4.77,400,0
MLT,5,20210215,154000,4.65,4.65,4.65,4.65,70,0
MLT,5,20210215,155000,4.79,4.79,4.79,4.79,10,0
MLT,5,20210216,103500,4.79,4.91,4.79,4.91,1000,0
MLT,5,20210216,104000,4.91,4.92,4.91,4.92,350,0
MLT,5,20210216,105000,4.95,4.98,4.95,4.98,1300,0
MLT,5,20210216,105500,4.98,4.98,4.98,4.98,20,0
MLT,5,20210216,112000,4.97,4.98,4.97,4.98,320,0
MLT,5,20210216,145500,4.8,4.8,4.8,4.8,100,0
MLT,5,20210216,150500,4.9,4.9,4.9,4.9,2,0
MLT,5,20210217,094000,4.7,4.7,4.7,4.7,380,0
MLT,5,20210217,105500,4.97,4.97,4.97,4.97,90,0
MLT,5,20210217,110000,4.97,4.97,4.97,4.97,5,0
MLT,5,20210217,111000,4.97,4.97,4.97,4.97,105,0
MLT,5,20210217,112000,4.71,4.71,4.71,4.71,190,0
MLT,5,20210217,113000,4.97,4.97,4.97,4.97,88,0
MLT,5,20210217,113500,4.97,4.97,4.97,4.97,12,0
MLT,5,20210217,114000,4.97,4.97,4.97,4.97,68,0
MLT,5,20210217,153000,4.95,4.95,4.95,4.95,46,0
MLT,5,20210218,111000,4.95,4.95,4.95,4.95,333,0
MLT,5,20210218,130500,4.97,4.97,4.97,4.97,100,0
MLT,5,20210219,090000,4.98,4.98,4.98,4.98,737,0
MLT,5,20210219,092500,4.8,4.8,4.8,4.8,1149,0
MLT,5,20210219,093000,4.98,4.98,4.98,4.98,20,0
MLT,5,20210219,102500,4.9,4.9,4.9,4.9,203,0
MLT,5,20210219,105000,4.82,4.82,4.8,4.8,711,0
MLT,5,20210219,110500,4.9,4.9,4.9,4.9,10,0
MLT,5,20210219,155500,4.73,4.73,4.72,4.72,300,0
MLT,5,20210219,163000,4.56,4.8,4.55,4.8,1645,0
MLT,5,20210219,164500,4.61,4.8,4.6,4.8,1405,0
MLT,5,20210222,092000,4.7,4.7,4.6,4.6,203,0
MLT,5,20210222,094000,4.8,4.8,4.8,4.8,20,0
MLT,5,20210222,152500,4.79,4.79,4.79,4.79,100,0
MLT,5,20210222,162000,4.79,4.79,4.79,4.79,300,0
MLT,5,20210223,091000,4.8,4.8,4.8,4.8,100,0
MLT,5,20210223,092000,4.8,4.8,4.8,4.8,518,0
MLT,5,20210223,093000,4.8,4.8,4.8,4.8,60,0
MLT,5,20210223,111500,4.7,4.8,4.7,4.8,220,0
MLT,5,20210223,163000,4.64,4.64,4.64,4.64,197,0
MLT,5,20210224,125000,4.7,4.7,4.7,4.7,15,0
MLT,5,20210224,145500,4.7,4.7,4.7,4.7,500,0
MLT,5,20210224,162000,4.6,4.6,4.6,4.6,575,0
MLT,5,20210225,095000,4.55,4.55,4.51,4.55,32,0
MLT,5,20210225,104000,4.55,4.55,4.55,4.55,300,0
MLT,5,20210225,110000,4.55,4.55,4.55,4.55,747,0
MLT,5,20210225,111500,4.51,4.51,4.5,4.5,547,0
MLT,5,20210225,112000,4.55,4.55,4.4,4.4,2850,0
MLT,5,20210225,112500,4.55,4.55,4.55,4.55,10,0
MLT,5,20210225,120000,4.55,4.55,4.55,4.55,500,0
MLT,5,20210225,131500,4.55,4.55,4.32,4.32,4,0
MLT,5,20210225,132000,4.55,4.55,4.55,4.55,10,0
MLT,5,20210225,163500,4.55,4.6,4.55,4.6,2514,0
MLT,5,20210226,091000,4.36,4.36,4.36,4.36,200,0
MLT,5,20210226,092000,4.6,4.6,4.6,4.6,15,0
MLT,5,20210226,144500,4.37,4.37,4.37,4.37,33,0
MLT,5,20210226,150500,4.5,4.5,4.5,4.5,1,0
MLT,5,20210226,154000,4.5,4.5,4.32,4.32,2,0
MLT,5,20210226,154500,4.5,4.5,4.5,4.5,129,0
MLT,5,20210301,090000,4.6,4.6,4.6,4.6,229,0
MLT,5,20210301,092500,4.56,4.56,4.56,4.56,1142,0
MLT,5,20210301,095500,4.56,4.56,4.56,4.56,536,0
MLT,5,20210301,104500,4.56,4.56,4.56,4.56,200,0
MLT,5,20210301,124500,4.6,4.6,4.6,4.6,1,0
MLT,5,20210301,125000,4.56,4.56,4.56,4.56,1,0
MLT,5,20210301,151000,4.6,4.6,4.6,4.6,50,0
MLT,5,20210301,161500,4.6,4.6,4.6,4.6,180,0
MLT,5,20210301,163000,4.56,4.56,4.56,4.56,1,0
MLT,5,20210301,164500,4.6,4.6,4.6,4.6,20,0
MLT,5,20210302,094000,4.6,4.8,4.6,4.8,290,0
MLT,5,20210302,101000,4.65,4.8,4.65,4.8,1010,0
MLT,5,20210302,131000,4.79,4.79,4.79,4.79,100,0
MLT,5,20210302,155000,4.65,4.65,4.65,4.65,450,0
MLT,5,20210302,164500,4.79,4.79,4.79,4.79,5,0
MLT,5,20210303,105000,4.79,4.8,4.79,4.8,200,0
MLT,5,20210303,130500,4.5,4.5,4.41,4.41,758,0
MLT,5,20210303,131500,4.6,4.6,4.6,4.6,5,0
MLT,5,20210303,140000,4.6,4.6,4.42,4.42,2,0
MLT,5,20210303,141000,4.6,4.6,4.6,4.6,1,0
MLT,5,20210303,155000,4.42,4.42,4.42,4.42,207,0
MLT,5,20210303,160000,4.6,4.6,4.6,4.6,1,0
MLT,5,20210303,162000,4.6,4.79,4.6,4.79,400,0
MLT,5,20210304,133500,4.5,4.5,4.5,4.5,300,0
MLT,5,20210304,142500,4.5,4.5,4.5,4.5,208,0
MLT,5,20210304,151500,4.42,4.42,4.42,4.42,200,0
MLT,5,20210304,152000,4.5,4.5,4.5,4.5,40,0
MLT,5,20210305,111500,4.5,4.5,4.5,4.5,1452,0
MLT,5,20210305,113000,4.69,4.69,4.69,4.69,2,0
MLT,5,20210305,161500,4.69,4.7,4.69,4.7,220,0
MLT,5,20210305,162000,4.7,4.7,4.7,4.7,28,0
MLT,5,20210308,160000,4.69,4.7,4.69,4.7,250,0
MLT,5,20210309,115000,4.4,4.4,4.06,4.06,815,0
MLT,5,20210309,120500,4.68,4.68,4.68,4.68,50,0
MLT,5,20210309,125000,4.59,4.6,4.59,4.6,200,0
MLT,5,20210309,134000,4.65,4.65,4.65,4.65,50,0
MLT,5,20210309,135500,4.5,4.5,4.5,4.5,50,0
MLT,5,20210309,142500,4.5,4.5,4.5,4.5,50,0
MLT,5,20210309,143500,4.5,4.5,4.5,4.5,100,0
MLT,5,20210309,150000,4.5,4.5,4.5,4.5,100,0
MLT,5,20210310,104500,4.26,4.26,4.26,4.26,1160,0
MLT,5,20210310,105500,4.5,4.5,4.5,4.5,10,0
MLT,5,20210310,110000,4.21,4.21,4.21,4.21,8821,0
MLT,5,20210310,110500,4.5,4.5,4.5,4.5,11,0
MLT,5,20210310,134500,4.27,4.5,4.27,4.5,1010,0
MLT,5,20210310,150000,4.5,4.5,4.27,4.27,2,0
MLT,5,20210310,150500,4.5,4.5,4.5,4.5,10,0
MLT,5,20210311,090000,4.29,4.5,4.29,4.5,520,0
MLT,5,20210311,103000,4.4,4.4,4.4,4.4,2,0
MLT,5,20210311,105500,4.28,4.4,4.28,4.4,1801,0
MLT,5,20210311,121000,4.28,4.28,4.06,4.06,1897,0
MLT,5,20210311,121500,4.4,4.4,4.4,4.4,20,0
MLT,5,20210311,130500,4.39,4.39,4.39,4.39,112,0
MLT,5,20210311,132000,4.2,4.2,4.2,4.2,300,0
MLT,5,20210311,135000,4.2,4.2,4.2,4.2,130,0
MLT,5,20210311,150500,4.1,4.1,4,4,1259,0
MLT,5,20210311,151000,4,4,4,4,500,0
MLT,5,20210311,152500,4,4.2,4,4.2,1850,0
MLT,5,20210311,160500,4,4,4,4,550,0
MLT,5,20210311,161500,4.2,4.2,4.2,4.2,130,0
MLT,5,20210312,091000,4,4.2,4,4.2,805,0
MLT,5,20210312,092500,4.1,4.2,4.1,4.2,350,0
MLT,5,20210312,101000,4,4.2,4,4.2,305,0
MLT,5,20210312,104500,4.08,4.08,3.9,3.9,737,0
MLT,5,20210312,112000,4.1,4.2,4.1,4.2,301,0
MLT,5,20210312,114000,4.2,4.2,4.2,4.2,240,0
MLT,5,20210312,120000,4.2,4.2,4.2,4.2,110,0
MLT,5,20210312,123500,4.4,4.4,4.4,4.4,5,0
MLT,5,20210312,124500,4.4,4.4,4.4,4.4,100,0
MLT,5,20210312,134500,4.11,4.11,3.9,3.9,1000,0
MLT,5,20210312,142500,4,4,3.9,3.9,1362,0
MLT,5,20210312,145000,4.18,4.19,4.18,4.19,584,0
MLT,5,20210312,151500,4.19,4.19,4.19,4.19,100,0
MLT,5,20210312,163500,4.19,4.19,4.19,4.19,30,0
MLT,5,20210312,164500,4.18,4.18,4,4,612,0
MLT,5,20210315,090000,4.2,4.2,4.2,4.2,270,0
MLT,5,20210315,090500,4.29,4.29,4.29,4.29,100,0
MLT,5,20210315,092500,4.29,4.3,4.24,4.3,400,0
MLT,5,20210315,093000,4.3,4.3,4.3,4.3,200,0
MLT,5,20210315,093500,4.52,4.52,4.52,4.52,20,0
MLT,5,20210315,094000,4.51,4.51,4.51,4.51,210,0
MLT,5,20210315,095000,4.51,4.51,4.51,4.51,100,0
MLT,5,20210315,095500,4.48,4.48,4.48,4.48,82,0
MLT,5,20210315,100000,4.46,4.48,4.46,4.48,320,0
MLT,5,20210315,100500,4.48,4.7,4.48,4.7,2515,0
MLT,5,20210315,101000,4.7,4.7,4.7,4.7,200,0
MLT,5,20210315,101500,4.73,4.73,4.73,4.73,3512,0
MLT,5,20210315,104000,4.7,4.7,4.7,4.7,500,0
MLT,5,20210315,104500,4.7,4.8,4.68,4.8,1218,0
MLT,5,20210315,105000,4.5,4.5,4.5,4.5,1300,0
MLT,5,20210315,110000,4.6,4.6,4.6,4.6,295,0
MLT,5,20210315,114000,4.7,4.7,4.7,4.7,1000,0
MLT,5,20210315,115500,4.8,4.8,4.7,4.7,606,0
MLT,5,20210315,132500,4.67,4.67,4.67,4.67,100,0
MLT,5,20210315,133500,4.6,4.6,4.6,4.6,650,0
MLT,5,20210315,140000,4.67,4.7,4.67,4.7,1200,0
MLT,5,20210315,142000,4.7,4.7,4.7,4.7,103,0
MLT,5,20210315,143000,4.7,4.7,4.7,4.7,32,0
MLT,5,20210315,145500,4.68,4.68,4.68,4.68,500,0
MLT,5,20210315,160500,4.5,4.5,4.5,4.5,300,0
MLT,5,20210315,161500,4.5,4.5,4.5,4.5,690,0
MLT,5,20210315,164500,4.35,4.35,4.35,4.35,502,0
MLT,5,20210316,090000,4.6,4.6,4.6,4.6,3,0
MLT,5,20210316,090500,4.6,4.6,4.31,4.31,2,0
MLT,5,20210316,091500,4.35,4.35,4.3,4.3,887,0
MLT,5,20210316,092000,4.25,4.25,4.25,4.25,1325,0
MLT,5,20210316,103000,4.4,4.4,4.4,4.4,296,0
MLT,5,20210316,105000,4.8,4.8,4.8,4.8,20,0
MLT,5,20210316,105500,4.8,4.8,4.5,4.5,188,0
MLT,5,20210316,113500,4.5,4.5,4.5,4.5,292,0
MLT,5,20210316,114500,4.7,4.7,4.7,4.7,13,0
MLT,5,20210316,120500,4.7,4.7,4.7,4.7,128,0
MLT,5,20210316,123000,4.4,4.4,4.4,4.4,300,0
MLT,5,20210316,123500,4.4,4.4,4.4,4.4,47,0
MLT,5,20210316,152000,4.5,4.6,4.5,4.6,200,0
MLT,5,20210316,161000,4.4,4.4,4.4,4.4,100,0
MLT,5,20210316,164500,4.6,4.7,4.6,4.7,120,0
MLT,5,20210317,104000,4.7,4.7,4.7,4.7,500,0
MLT,5,20210317,104500,4.7,4.85,4.7,4.85,120,0
MLT,5,20210317,132000,4.68,4.68,4.4,4.4,2,0
MLT,5,20210317,133500,4.68,4.68,4.68,4.68,50,0
MLT,5,20210318,095500,4.64,4.64,4.4,4.4,800,0
MLT,5,20210318,100000,4.67,4.68,4.67,4.68,150,0
MLT,5,20210319,093500,4.4,4.4,4.4,4.4,300,0
MLT,5,20210319,102500,4.26,4.26,4.26,4.26,100,0
MLT,5,20210319,103500,4.26,4.26,4.26,4.26,280,0
MLT,5,20210319,104500,4.26,4.26,4.26,4.26,120,0
MLT,5,20210319,111000,4.5,4.5,4.5,4.5,10,0
MLT,5,20210319,113000,4.26,4.26,4,4,3890,0
MLT,5,20210319,113500,4.45,4.5,4.45,4.5,140,0
MLT,5,20210319,130000,4.45,4.45,4.45,4.45,447,0
MLT,5,20210319,131500,4.45,4.45,4.45,4.45,287,0
MLT,5,20210319,133000,4.5,4.5,4.5,4.5,50,0
MLT,5,20210319,133500,4.45,4.45,4.2,4.2,684,0
MLT,5,20210319,135500,4.3,4.3,4.3,4.3,30,0
MLT,5,20210319,141000,4.3,4.3,4.3,4.3,100,0
MLT,5,20210319,142500,4.3,4.85,4.3,4.85,400,0
MLT,5,20210319,150000,4.15,4.15,4.15,4.15,100,0
MLT,5,20210319,150500,4.3,4.3,4.3,4.3,100,0
MLT,5,20210319,152000,4.3,4.3,4.3,4.3,200,0
MLT,5,20210319,154500,4.55,4.55,4.55,4.55,50,0
MLT,5,20210322,090000,4.55,4.55,4.55,4.55,60,0
MLT,5,20210322,092500,4.3,4.3,4.3,4.3,300,0
MLT,5,20210322,093000,4.1,4.3,4.1,4.3,340,0
MLT,5,20210322,102500,4.11,4.4,4.09,4.4,1003,0
MLT,5,20210322,103000,4.09,4.2,4.07,4.2,697,0
MLT,5,20210322,103500,4.3,4.3,4.3,4.3,300,0
MLT,5,20210322,104500,4.4,4.4,4.4,4.4,1,0
MLT,5,20210322,105000,4.4,4.4,4.4,4.4,60,0
MLT,5,20210322,115500,4.4,4.4,4.4,4.4,339,0
MLT,5,20210322,122000,4.42,4.42,4.42,4.42,161,0
MLT,5,20210322,135500,4.2,4.2,4.2,4.2,300,0
MLT,5,20210322,144000,4.23,4.23,4.23,4.23,300,0
MLT,5,20210322,151000,4.2,4.2,4.2,4.2,300,0
MLT,5,20210322,153500,4.25,4.25,4.25,4.25,350,0
MLT,5,20210322,161500,4.5,4.5,4.5,4.5,100,0
MLT,5,20210322,163000,4.2,4.2,4.2,4.2,100,0
MLT,5,20210322,163500,4.5,4.5,4.5,4.5,100,0
MLT,5,20210322,164500,4.5,4.5,4.5,4.5,20,0
MLT,5,20210323,120000,4.2,4.2,4.2,4.2,300,0
MLT,5,20210323,123000,4.3,4.3,4.3,4.3,130,0
MLT,5,20210323,165500,4.3,4.3,4.3,4.3,100,0
MLT,5,20210324,120000,4.26,4.26,4.26,4.26,100,0
MLT,5,20210324,123000,4.26,4.26,4.26,4.26,200,0
MLT,5,20210325,093500,4.3,4.3,4.3,4.3,40,0
MLT,5,20210325,125500,4.2,4.2,4.2,4.2,400,0
MLT,5,20210325,132500,4.11,4.11,4.1,4.1,700,0
MLT,5,20210325,133500,4.3,4.3,4.3,4.3,260,0
MLT,5,20210326,091500,4.32,4.32,4.32,4.32,210,0
MLT,5,20210326,093000,4.2,4.32,4.2,4.32,320,0
MLT,5,20210326,134000,4.1,4.1,4.1,4.1,300,0
MLT,5,20210326,135500,4.3,4.3,4.3,4.3,100,0
MLT,5,20210326,160000,4.3,4.32,4.3,4.32,500,0
MLT,5,20210326,161000,4.32,4.34,4.32,4.34,100,0
MLT,5,20210326,163500,4.34,4.34,4.34,4.34,50,0
