<TICKER>,<PER>,<DATE>,<TIME>,<OPEN>,<HIGH>,<LOW>,<CLOSE>,<VOL>,<OPENINT>
MNS,5,20210204,090000,117,117,116,116,128,0
MNS,5,20210204,090500,115,115,115,115,89,0
MNS,5,20210204,091000,115,116,115,115,130,0
MNS,5,20210204,093000,115,115,115,115,72,0
MNS,5,20210204,093500,115,116,115,116,98,0
MNS,5,20210204,094000,118,118,118,118,19,0
MNS,5,20210204,101000,118,118,118,118,14,0
MNS,5,20210204,102000,118,118,118,118,68,0
MNS,5,20210204,103500,118,119,118,119,96,0
MNS,5,20210204,104000,119,119,119,119,10,0
MNS,5,20210204,104500,118,118,118,118,15,0
MNS,5,20210204,105500,118,118,118,118,16,0
MNS,5,20210204,111000,118,118,118,118,47,0
MNS,5,20210204,111500,119,119,119,119,50,0
MNS,5,20210204,112500,119,122,119,122,319,0
MNS,5,20210204,113000,122,123,122,122,30,0
MNS,5,20210204,113500,120,120,118,118,95,0
MNS,5,20210204,115000,120,120,120,120,21,0
MNS,5,20210204,120000,120,120,120,120,14,0
MNS,5,20210204,121500,120,120,120,120,15,0
MNS,5,20210204,122000,119,119,119,119,26,0
MNS,5,20210204,123500,119,119,118,118,40,0
MNS,5,20210204,125500,120,120,120,120,21,0
MNS,5,20210204,131000,120,120,120,120,17,0
MNS,5,20210204,152000,118,118,118,118,49,0
MNS,5,20210204,153000,117,117,117,117,20,0
MNS,5,20210204,153500,117,117,116,116,60,0
MNS,5,20210204,154500,122,122,122,122,23,0
MNS,5,20210204,155000,121,121,121,121,18,0
MNS,5,20210204,155500,118,118,118,118,6,0
MNS,5,20210204,162000,119,119,119,119,20,0
MNS,5,20210204,162500,119,119,119,119,14,0
MNS,5,20210204,163500,118,118,118,118,50,0
MNS,5,20210204,164000,118,118,118,118,100,0
MNS,5,20210204,164500,118,119,118,119,14,0
MNS,5,20210205,090000,120,120,120,120,100,0
MNS,5,20210205,091000,120,120,120,120,45,0
MNS,5,20210205,092500,121,121,121,121,180,0
MNS,5,20210205,093500,120,120,120,120,75,0
MNS,5,20210205,094000,119,119,119,119,10,0
MNS,5,20210205,094500,118,118,118,118,18,0
MNS,5,20210205,100500,119,119,118,118,25,0
MNS,5,20210205,102500,119,119,118,118,20,0
MNS,5,20210205,104000,120,122,120,122,23,0
MNS,5,20210205,114000,120,120,119,119,100,0
MNS,5,20210205,114500,119,119,119,119,20,0
MNS,5,20210205,115500,120,120,119,119,23,0
MNS,5,20210205,120000,121,121,121,121,1,0
MNS,5,20210205,121000,119,119,119,119,8,0
MNS,5,20210205,122000,119,119,119,119,1,0
MNS,5,20210205,124500,119,119,119,119,5,0
MNS,5,20210205,125500,119,119,119,119,11,0
MNS,5,20210205,130000,119,119,119,119,26,0
MNS,5,20210205,130500,120,120,120,120,85,0
MNS,5,20210205,131500,121,123,121,123,169,0
MNS,5,20210205,132000,120,120,120,120,20,0
MNS,5,20210205,134000,119,123,119,123,18,0
MNS,5,20210205,140500,123,123,123,123,25,0
MNS,5,20210205,141000,122,123,122,123,20,0
MNS,5,20210205,142000,122,122,122,122,7,0
MNS,5,20210205,143000,122,122,122,122,4,0
MNS,5,20210205,144000,120,120,120,120,3,0
MNS,5,20210205,150500,121,121,120,120,34,0
MNS,5,20210205,152500,120,121,120,121,19,0
MNS,5,20210205,153500,121,121,121,121,5,0
MNS,5,20210205,154000,123,123,120,120,105,0
MNS,5,20210205,162500,120,120,120,120,40,0
MNS,5,20210205,163500,121,121,121,121,24,0
MNS,5,20210205,164500,122,123,122,123,41,0
MNS,5,20210208,090000,125,126,125,125,83,0
MNS,5,20210208,090500,125,126,125,126,35,0
MNS,5,20210208,091000,126,126,124,124,24,0
MNS,5,20210208,092000,125,125,125,125,57,0
MNS,5,20210208,092500,126,126,125,125,121,0
MNS,5,20210208,093500,126,126,125,125,7,0
MNS,5,20210208,094000,124,124,124,124,100,0
MNS,5,20210208,094500,125,126,125,126,370,0
MNS,5,20210208,095000,126,126,126,126,34,0
MNS,5,20210208,100500,124,124,124,124,4,0
MNS,5,20210208,104000,125,126,125,126,16,0
MNS,5,20210208,104500,125,125,125,125,24,0
MNS,5,20210208,105000,125,125,125,125,30,0
MNS,5,20210208,110500,126,126,126,126,24,0
MNS,5,20210208,112000,126,126,126,126,147,0
MNS,5,20210208,113000,126,126,125,125,158,0
MNS,5,20210208,113500,124,124,124,124,56,0
MNS,5,20210208,115500,124,124,123,123,40,0
MNS,5,20210208,120500,125,125,125,125,15,0
MNS,5,20210208,130000,124,124,124,124,20,0
MNS,5,20210208,131000,124,124,124,124,5,0
MNS,5,20210208,132000,124,124,124,124,68,0
MNS,5,20210208,132500,123,123,123,123,25,0
MNS,5,20210208,134000,123,123,123,123,25,0
MNS,5,20210208,140500,124,124,124,124,10,0
MNS,5,20210208,150500,123,123,123,123,20,0
MNS,5,20210208,152000,124,124,123,123,139,0
MNS,5,20210208,154500,122,122,122,122,10,0
MNS,5,20210208,155500,122,123,122,123,10,0
MNS,5,20210208,161500,122,122,122,122,26,0
MNS,5,20210208,162000,121,123,121,121,42,0
MNS,5,20210208,163500,123,123,123,123,19,0
MNS,5,20210208,164500,121,123,121,123,7,0
MNS,5,20210209,090000,121,121,118,120,141,0
MNS,5,20210209,091000,120,120,120,120,36,0
MNS,5,20210209,091500,120,120,119,119,17,0
MNS,5,20210209,093500,121,121,121,121,30,0
MNS,5,20210209,100500,120,120,120,120,21,0
MNS,5,20210209,102000,119,119,119,119,5,0
MNS,5,20210209,104500,119,119,118,118,207,0
MNS,5,20210209,105000,120,120,120,120,1,0
MNS,5,20210209,112500,120,120,120,120,9,0
MNS,5,20210209,120500,119,119,119,119,30,0
MNS,5,20210209,121500,118,118,118,118,43,0
MNS,5,20210209,122500,118,118,117,117,26,0
MNS,5,20210209,124000,118,118,117,117,31,0
MNS,5,20210209,124500,118,118,118,118,5,0
MNS,5,20210209,125000,118,118,118,118,9,0
MNS,5,20210209,130500,119,119,119,119,175,0
MNS,5,20210209,132500,119,119,119,119,50,0
MNS,5,20210209,135000,118,118,118,118,10,0
MNS,5,20210209,135500,119,119,119,119,10,0
MNS,5,20210209,140500,120,120,120,120,15,0
MNS,5,20210209,143000,119,119,118,118,10,0
MNS,5,20210209,144500,120,120,120,120,3,0
MNS,5,20210209,150000,118,118,117,117,201,0
MNS,5,20210209,162500,119,119,119,119,17,0
MNS,5,20210209,163500,119,120,119,120,31,0
MNS,5,20210209,164500,120,120,120,120,29,0
MNS,5,20210210,090000,120,120,120,120,123,0
MNS,5,20210210,090500,121,123,121,123,122,0
MNS,5,20210210,091000,121,123,121,123,66,0
MNS,5,20210210,091500,123,124,123,124,172,0
MNS,5,20210210,092000,124,124,124,124,394,0
MNS,5,20210210,092500,124,125,124,124,191,0
MNS,5,20210210,093500,124,124,124,124,20,0
MNS,5,20210210,100500,123,123,122,122,120,0
MNS,5,20210210,101000,121,121,121,121,26,0
MNS,5,20210210,101500,123,123,123,123,30,0
MNS,5,20210210,103000,124,124,124,124,3,0
MNS,5,20210210,104000,123,123,123,123,32,0
MNS,5,20210210,120000,123,123,123,123,6,0
MNS,5,20210210,120500,123,123,121,121,13,0
MNS,5,20210210,121000,121,121,121,121,42,0
MNS,5,20210210,124500,121,121,121,121,50,0
MNS,5,20210210,131000,121,121,121,121,100,0
MNS,5,20210210,141500,121,122,121,122,34,0
MNS,5,20210210,145500,121,121,121,121,5,0
MNS,5,20210210,150500,120,120,120,120,27,0
MNS,5,20210210,151000,123,123,123,123,87,0
MNS,5,20210210,163000,120,120,120,120,100,0
MNS,5,20210210,164000,122,122,122,122,1,0
MNS,5,20210210,164500,121,121,120,120,19,0
MNS,5,20210211,090000,120,120,119,119,30,0
MNS,5,20210211,091500,123,123,123,123,6,0
MNS,5,20210211,093000,120,120,120,120,14,0
MNS,5,20210211,094500,119,119,118,118,20,0
MNS,5,20210211,101000,118,118,118,118,29,0
MNS,5,20210211,101500,118,118,118,118,8,0
MNS,5,20210211,102000,118,118,118,118,5,0
MNS,5,20210211,102500,117,117,117,117,102,0
MNS,5,20210211,103000,117,117,117,117,10,0
MNS,5,20210211,104000,117,117,117,117,278,0
MNS,5,20210211,104500,117,117,117,117,148,0
MNS,5,20210211,111000,119,119,119,119,10,0
MNS,5,20210211,120500,118,118,118,118,10,0
MNS,5,20210211,121500,118,118,117,117,40,0
MNS,5,20210211,122500,119,120,119,120,20,0
MNS,5,20210211,125500,118,118,118,118,7,0
MNS,5,20210211,133000,118,118,117,117,100,0
MNS,5,20210211,143500,118,118,118,118,40,0
MNS,5,20210211,144000,118,118,118,118,5,0
MNS,5,20210211,144500,118,118,118,118,5,0
MNS,5,20210211,145500,118,118,118,118,45,0
MNS,5,20210211,150500,118,118,118,118,5,0
MNS,5,20210211,151500,118,118,117,117,22,0
MNS,5,20210211,152000,120,120,120,120,17,0
MNS,5,20210211,161500,120,120,120,120,5,0
MNS,5,20210211,162500,119,119,119,119,8,0
MNS,5,20210211,163500,119,119,119,119,35,0
MNS,5,20210211,164000,119,119,119,119,15,0
MNS,5,20210211,164500,120,120,120,120,62,0
MNS,5,20210212,090000,122,122,122,122,158,0
MNS,5,20210212,090500,121,121,118,118,81,0
MNS,5,20210212,091000,115,118,115,118,60,0
MNS,5,20210212,091500,118,120,118,120,10,0
MNS,5,20210212,092500,118,118,118,118,30,0
MNS,5,20210212,093000,120,120,120,120,5,0
MNS,5,20210212,093500,120,122,120,122,94,0
MNS,5,20210212,094000,121,122,121,122,119,0
MNS,5,20210212,094500,120,120,120,120,65,0
MNS,5,20210212,102500,122,122,120,122,61,0
MNS,5,20210212,103000,123,123,123,123,21,0
MNS,5,20210212,103500,120,120,120,120,70,0
MNS,5,20210212,105500,121,121,118,118,65,0
MNS,5,20210212,111000,119,119,119,119,28,0
MNS,5,20210212,111500,119,119,119,119,20,0
MNS,5,20210212,112000,121,122,121,122,39,0
MNS,5,20210212,112500,123,123,123,123,30,0
MNS,5,20210212,113000,121,121,121,121,18,0
MNS,5,20210212,114500,122,122,122,122,16,0
MNS,5,20210212,115000,122,122,122,122,11,0
MNS,5,20210212,122000,121,121,121,121,45,0
MNS,5,20210212,124500,122,122,122,122,9,0
MNS,5,20210212,125000,122,123,122,123,101,0
MNS,5,20210212,130000,123,123,123,123,50,0
MNS,5,20210212,130500,123,123,123,123,300,0
MNS,5,20210212,131000,122,122,122,122,1,0
MNS,5,20210212,132000,121,121,121,121,26,0
MNS,5,20210212,132500,120,120,120,120,19,0
MNS,5,20210212,134500,120,120,120,120,10,0
MNS,5,20210212,135000,121,121,121,121,18,0
MNS,5,20210212,135500,120,120,120,120,5,0
MNS,5,20210212,140000,120,120,120,120,100,0
MNS,5,20210212,142000,120,120,120,120,70,0
MNS,5,20210212,142500,119,119,119,119,20,0
MNS,5,20210212,143000,120,120,120,120,33,0
MNS,5,20210212,143500,119,119,119,119,10,0
MNS,5,20210212,144000,120,120,120,120,50,0
MNS,5,20210212,144500,120,120,120,120,50,0
MNS,5,20210212,145000,120,120,119,120,162,0
MNS,5,20210212,145500,120,120,119,119,50,0
MNS,5,20210212,150000,119,119,119,119,104,0
MNS,5,20210212,152500,119,119,119,119,55,0
MNS,5,20210212,154500,119,119,116,116,536,0
MNS,5,20210212,155000,116,116,116,116,15,0
MNS,5,20210212,155500,116,116,116,116,469,0
MNS,5,20210212,160000,117,119,112,119,654,0
MNS,5,20210212,160500,115,118,115,115,191,0
MNS,5,20210212,161500,115,119,115,119,168,0
MNS,5,20210212,162000,115,115,114,114,343,0
MNS,5,20210212,162500,115,115,112,112,853,0
MNS,5,20210212,163000,115,117,115,117,62,0
MNS,5,20210212,163500,117,117,117,117,45,0
MNS,5,20210212,164000,115,115,113,115,410,0
MNS,5,20210212,164500,114,116,114,115,201,0
MNS,5,20210215,090000,113,113,106,110,1268,0
MNS,5,20210215,090500,109,110,107,108,431,0
MNS,5,20210215,091000,107,107,105,107,440,0
MNS,5,20210215,091500,107,111,107,111,642,0
MNS,5,20210215,092000,110,111,110,110,167,0
MNS,5,20210215,092500,110,110,110,110,25,0
MNS,5,20210215,093000,109,110,108,108,225,0
MNS,5,20210215,093500,108,109,108,109,102,0
MNS,5,20210215,094000,109,109,109,109,270,0
MNS,5,20210215,094500,108,109,108,109,252,0
MNS,5,20210215,095000,109,109,109,109,37,0
MNS,5,20210215,095500,110,110,109,109,119,0
MNS,5,20210215,100000,109,112,109,112,654,0
MNS,5,20210215,100500,112,112,110,111,178,0
MNS,5,20210215,101000,111,112,111,112,70,0
MNS,5,20210215,101500,112,112,112,112,74,0
MNS,5,20210215,102000,113,113,113,113,39,0
MNS,5,20210215,102500,113,113,113,113,30,0
MNS,5,20210215,103000,114,114,114,114,100,0
MNS,5,20210215,103500,114,115,114,115,103,0
MNS,5,20210215,104000,115,115,115,115,18,0
MNS,5,20210215,104500,115,115,115,115,20,0
MNS,5,20210215,105000,115,115,115,115,10,0
MNS,5,20210215,105500,116,117,116,116,134,0
MNS,5,20210215,110000,117,117,117,117,61,0
MNS,5,20210215,111500,117,117,117,117,40,0
MNS,5,20210215,112000,118,118,118,118,30,0
MNS,5,20210215,112500,118,118,118,118,30,0
MNS,5,20210215,113000,115,115,115,115,40,0
MNS,5,20210215,114000,115,115,111,111,689,0
MNS,5,20210215,114500,111,112,111,112,174,0
MNS,5,20210215,115500,112,112,111,111,191,0
MNS,5,20210215,120000,111,111,111,111,45,0
MNS,5,20210215,120500,110,111,110,111,110,0
MNS,5,20210215,122000,113,114,113,114,33,0
MNS,5,20210215,123500,112,112,112,112,10,0
MNS,5,20210215,125500,111,111,111,111,5,0
MNS,5,20210215,130000,111,111,111,111,50,0
MNS,5,20210215,131500,111,112,111,112,40,0
MNS,5,20210215,132000,111,111,111,111,31,0
MNS,5,20210215,132500,112,112,112,112,18,0
MNS,5,20210215,134000,112,112,112,112,3,0
MNS,5,20210215,135500,112,112,112,112,10,0
MNS,5,20210215,140000,112,112,112,112,10,0
MNS,5,20210215,140500,112,112,112,112,5,0
MNS,5,20210215,141500,111,111,111,111,115,0
MNS,5,20210215,142000,111,112,111,112,254,0
MNS,5,20210215,142500,112,112,112,112,5,0
MNS,5,20210215,143500,111,111,111,111,35,0
MNS,5,20210215,145000,111,111,111,111,30,0
MNS,5,20210215,145500,110,110,109,109,208,0
MNS,5,20210215,150000,109,110,109,110,75,0
MNS,5,20210215,151500,111,111,111,111,10,0
MNS,5,20210215,153000,112,112,112,112,10,0
MNS,5,20210215,153500,111,111,111,111,54,0
MNS,5,20210215,154000,111,111,111,111,35,0
MNS,5,20210215,155000,112,114,112,114,115,0
MNS,5,20210215,160000,112,112,112,112,19,0
MNS,5,20210215,160500,111,111,111,111,30,0
MNS,5,20210215,161000,110,110,110,110,18,0
MNS,5,20210215,161500,110,111,108,111,844,0
MNS,5,20210215,162500,111,111,111,111,5,0
MNS,5,20210215,163500,111,111,109,109,64,0
MNS,5,20210215,164000,111,111,110,110,27,0
MNS,5,20210215,164500,111,111,110,110,62,0
MNS,5,20210216,090000,116,116,110,112,299,0
MNS,5,20210216,090500,111,116,111,116,39,0
MNS,5,20210216,091000,111,116,111,116,61,0
MNS,5,20210216,091500,113,116,111,115,118,0
MNS,5,20210216,092000,115,115,109,109,806,0
MNS,5,20210216,092500,114,115,112,112,22,0
MNS,5,20210216,093000,110,110,110,110,32,0
MNS,5,20210216,093500,113,114,113,114,15,0
MNS,5,20210216,094000,110,112,110,112,135,0
MNS,5,20210216,094500,110,114,109,109,309,0
MNS,5,20210216,095000,113,113,113,113,3,0
MNS,5,20210216,095500,110,113,109,113,75,0
MNS,5,20210216,100500,111,112,108,112,322,0
MNS,5,20210216,101000,112,112,112,112,13,0
MNS,5,20210216,103000,110,110,107,108,594,0
MNS,5,20210216,103500,109,110,108,108,30,0
MNS,5,20210216,104000,109,109,109,109,26,0
MNS,5,20210216,104500,110,110,110,110,9,0
MNS,5,20210216,105000,108,110,108,110,43,0
MNS,5,20210216,110000,110,110,109,109,24,0
MNS,5,20210216,110500,109,109,107,108,206,0
MNS,5,20210216,111000,108,108,106,106,450,0
MNS,5,20210216,111500,107,108,106,108,243,0
MNS,5,20210216,112000,108,108,108,108,19,0
MNS,5,20210216,112500,108,108,108,108,15,0
MNS,5,20210216,113000,107,109,107,109,16,0
MNS,5,20210216,121000,107,107,106,106,165,0
MNS,5,20210216,121500,107,107,107,107,31,0
MNS,5,20210216,122500,108,108,108,108,10,0
MNS,5,20210216,125000,107,108,106,108,548,0
MNS,5,20210216,125500,107,107,105,105,746,0
MNS,5,20210216,130000,108,108,108,108,3,0
MNS,5,20210216,130500,107,107,107,107,20,0
MNS,5,20210216,131000,106,108,103,107,689,0
MNS,5,20210216,131500,107,107,107,107,10,0
MNS,5,20210216,132000,105,105,104,104,273,0
MNS,5,20210216,132500,105,106,104,106,323,0
MNS,5,20210216,133000,106,106,105,106,131,0
MNS,5,20210216,133500,106,106,106,106,200,0
MNS,5,20210216,134000,106,106,105,106,119,0
MNS,5,20210216,134500,106,106,106,106,50,0
MNS,5,20210216,135000,107,107,107,107,43,0
MNS,5,20210216,135500,108,108,108,108,2,0
MNS,5,20210216,141500,108,108,108,108,40,0
MNS,5,20210216,142000,108,108,108,108,40,0
MNS,5,20210216,142500,108,108,108,108,15,0
MNS,5,20210216,143500,108,108,108,108,10,0
MNS,5,20210216,144500,107,107,107,107,1,0
MNS,5,20210216,145500,108,108,108,108,1,0
MNS,5,20210216,150000,108,110,108,110,279,0
MNS,5,20210216,150500,107,107,107,107,31,0
MNS,5,20210216,153500,108,108,108,108,56,0
MNS,5,20210216,155000,107,108,102,108,1633,0
MNS,5,20210216,160000,106,106,104,104,62,0
MNS,5,20210216,160500,104,105,101,103,2012,0
MNS,5,20210216,161000,105,105,105,105,152,0
MNS,5,20210216,161500,105,105,105,105,275,0
MNS,5,20210216,162500,105,105,105,105,10,0
MNS,5,20210216,163000,104,104,104,104,40,0
MNS,5,20210216,163500,104,105,104,105,45,0
MNS,5,20210216,164000,105,105,105,105,275,0
MNS,5,20210216,164500,106,106,106,106,87,0
MNS,5,20210217,090000,105,106,105,105,259,0
MNS,5,20210217,090500,105,105,103,104,127,0
MNS,5,20210217,091000,104,105,104,105,18,0
MNS,5,20210217,091500,105,105,105,105,19,0
MNS,5,20210217,092000,104,104,103,103,137,0
MNS,5,20210217,092500,104,104,103,103,31,0
MNS,5,20210217,093000,104,104,104,104,4,0
MNS,5,20210217,093500,103,103,103,103,65,0
MNS,5,20210217,094000,103,104,102,102,161,0
MNS,5,20210217,094500,102,104,102,102,215,0
MNS,5,20210217,095000,102,104,102,102,153,0
MNS,5,20210217,095500,102,102,101,101,177,0
MNS,5,20210217,100000,101,103,94,102,2390,0
MNS,5,20210217,100500,101,102,101,102,409,0
MNS,5,20210217,101000,102,103,102,103,144,0
MNS,5,20210217,101500,102,102,100,101,265,0
MNS,5,20210217,102000,101,101,101,101,80,0
MNS,5,20210217,102500,101,101,100,101,143,0
MNS,5,20210217,103000,101,101,101,101,30,0
MNS,5,20210217,103500,102,103,102,103,176,0
MNS,5,20210217,104000,102,102,101,101,120,0
MNS,5,20210217,104500,102,102,102,102,102,0
MNS,5,20210217,110000,102,102,102,102,9,0
MNS,5,20210217,110500,102,102,100,100,24,0
MNS,5,20210217,111000,100,101,100,101,178,0
MNS,5,20210217,111500,101,101,101,101,57,0
MNS,5,20210217,112000,102,102,102,102,30,0
MNS,5,20210217,113000,102,102,102,102,24,0
MNS,5,20210217,113500,102,102,102,102,2,0
MNS,5,20210217,114000,102,102,102,102,40,0
MNS,5,20210217,114500,101,101,101,101,47,0
MNS,5,20210217,115000,101,101,101,101,30,0
MNS,5,20210217,120000,102,102,102,102,4,0
MNS,5,20210217,120500,101,101,101,101,100,0
MNS,5,20210217,121000,101,101,101,101,89,0
MNS,5,20210217,121500,101,101,101,101,124,0
MNS,5,20210217,122500,101,101,101,101,51,0
MNS,5,20210217,123500,101,101,101,101,15,0
MNS,5,20210217,124500,102,102,102,102,20,0
MNS,5,20210217,125000,102,102,102,102,20,0
MNS,5,20210217,125500,102,102,102,102,35,0
MNS,5,20210217,130500,102,103,102,103,195,0
MNS,5,20210217,131500,103,103,103,103,30,0
MNS,5,20210217,132500,103,104,103,104,93,0
MNS,5,20210217,133500,104,104,104,104,9,0
MNS,5,20210217,134500,104,104,104,104,158,0
MNS,5,20210217,135000,104,104,104,104,38,0
MNS,5,20210217,140000,104,104,104,104,42,0
MNS,5,20210217,141000,103,103,103,103,9,0
MNS,5,20210217,142000,104,105,104,105,200,0
MNS,5,20210217,142500,105,105,101,101,57,0
MNS,5,20210217,143500,102,105,102,105,24,0
MNS,5,20210217,144000,102,102,102,102,10,0
MNS,5,20210217,150000,102,102,102,102,50,0
MNS,5,20210217,151000,105,105,105,105,10,0
MNS,5,20210217,152000,104,104,104,104,20,0
MNS,5,20210217,160500,104,104,104,104,10,0
MNS,5,20210217,162000,104,104,104,104,13,0
MNS,5,20210217,164500,105,105,104,104,42,0
MNS,5,20210218,090000,108,108,108,108,348,0
MNS,5,20210218,091000,107,107,107,107,8,0
MNS,5,20210218,091500,107,107,107,107,10,0
MNS,5,20210218,092500,106,107,106,107,25,0
MNS,5,20210218,093000,107,107,107,107,26,0
MNS,5,20210218,094000,106,107,106,107,11,0
MNS,5,20210218,095000,107,107,106,106,38,0
MNS,5,20210218,095500,106,107,105,107,64,0
MNS,5,20210218,100000,106,106,106,106,4,0
MNS,5,20210218,100500,105,105,104,104,20,0
MNS,5,20210218,102000,105,105,105,105,4,0
MNS,5,20210218,103000,104,104,104,104,16,0
MNS,5,20210218,103500,103,103,101,102,317,0
MNS,5,20210218,104000,102,102,102,102,45,0
MNS,5,20210218,104500,102,102,102,102,18,0
MNS,5,20210218,105000,103,104,103,104,125,0
MNS,5,20210218,105500,102,102,102,102,65,0
MNS,5,20210218,112500,102,102,101,101,50,0
MNS,5,20210218,113000,101,101,101,101,170,0
MNS,5,20210218,114500,102,102,102,102,50,0
MNS,5,20210218,115500,104,105,104,105,100,0
MNS,5,20210218,121000,105,105,105,105,46,0
MNS,5,20210218,122500,104,104,104,104,19,0
MNS,5,20210218,123000,104,105,104,105,135,0
MNS,5,20210218,124000,106,106,106,106,100,0
MNS,5,20210218,124500,105,105,105,105,47,0
MNS,5,20210218,130500,105,105,105,105,20,0
MNS,5,20210218,132000,105,106,105,106,12,0
MNS,5,20210218,132500,106,106,106,106,11,0
MNS,5,20210218,133000,106,106,103,103,66,0
MNS,5,20210218,133500,107,107,107,107,10,0
MNS,5,20210218,134500,106,106,105,105,10,0
MNS,5,20210218,135500,106,107,106,107,29,0
MNS,5,20210218,140000,105,105,105,105,10,0
MNS,5,20210218,141500,105,105,103,103,10,0
MNS,5,20210218,143500,105,105,105,105,50,0
MNS,5,20210218,144500,103,103,103,103,20,0
MNS,5,20210218,145000,104,104,104,104,5,0
MNS,5,20210218,150000,106,106,104,104,62,0
MNS,5,20210218,151000,104,104,104,104,11,0
MNS,5,20210218,151500,103,103,103,103,50,0
MNS,5,20210218,152500,104,104,104,104,9,0
MNS,5,20210218,155000,105,105,104,104,23,0
MNS,5,20210218,160000,104,104,104,104,10,0
MNS,5,20210218,161000,104,104,104,104,10,0
MNS,5,20210218,161500,104,106,104,104,80,0
MNS,5,20210218,162000,104,104,103,103,40,0
MNS,5,20210218,163000,103,103,102,102,73,0
MNS,5,20210218,164000,105,105,105,105,2,0
MNS,5,20210218,164500,102,104,102,104,52,0
MNS,5,20210219,090000,102,102,102,102,63,0
MNS,5,20210219,090500,102,102,102,102,3,0
MNS,5,20210219,091000,102,105,102,105,53,0
MNS,5,20210219,091500,105,105,105,105,7,0
MNS,5,20210219,094000,103,103,103,103,80,0
MNS,5,20210219,094500,103,103,103,103,24,0
MNS,5,20210219,100500,104,104,104,104,8,0
MNS,5,20210219,101000,103,103,103,103,3,0
MNS,5,20210219,102500,103,104,103,104,10,0
MNS,5,20210219,110000,102,102,102,102,50,0
MNS,5,20210219,110500,102,102,102,102,30,0
MNS,5,20210219,111000,102,102,102,102,239,0
MNS,5,20210219,111500,102,102,102,102,10,0
MNS,5,20210219,112000,104,104,104,104,10,0
MNS,5,20210219,112500,102,102,102,102,10,0
MNS,5,20210219,114500,102,102,102,102,291,0
MNS,5,20210219,120500,101,101,101,101,51,0
MNS,5,20210219,122000,103,103,103,103,10,0
MNS,5,20210219,122500,102,104,102,104,157,0
MNS,5,20210219,123000,104,105,104,105,5,0
MNS,5,20210219,123500,104,104,104,104,8,0
MNS,5,20210219,124000,104,104,104,104,5,0
MNS,5,20210219,125000,102,102,102,102,10,0
MNS,5,20210219,125500,102,103,102,103,25,0
MNS,5,20210219,130000,104,104,104,104,12,0
MNS,5,20210219,130500,104,104,104,104,26,0
MNS,5,20210219,131000,103,103,103,103,63,0
MNS,5,20210219,131500,103,103,103,103,15,0
MNS,5,20210219,132000,104,104,104,104,16,0
MNS,5,20210219,133500,104,104,104,104,12,0
MNS,5,20210219,134000,103,103,103,103,76,0
MNS,5,20210219,134500,104,104,104,104,5,0
MNS,5,20210219,140000,102,102,102,102,80,0
MNS,5,20210219,141000,102,102,102,102,10,0
MNS,5,20210219,143000,103,103,103,103,19,0
MNS,5,20210219,145500,104,104,104,104,15,0
MNS,5,20210219,152000,104,104,104,104,10,0
MNS,5,20210219,152500,104,104,103,103,47,0
MNS,5,20210219,155500,103,103,103,103,11,0
MNS,5,20210219,160500,104,104,104,104,10,0
MNS,5,20210219,161500,103,103,103,103,10,0
MNS,5,20210219,162000,104,104,104,104,10,0
MNS,5,20210219,163500,104,104,104,104,10,0
MNS,5,20210219,164000,104,104,103,103,77,0
MNS,5,20210219,164500,104,104,104,104,17,0
MNS,5,20210222,090000,103,104,103,104,70,0
MNS,5,20210222,090500,104,104,104,104,40,0
MNS,5,20210222,091500,103,103,101,102,92,0
MNS,5,20210222,092000,102,102,102,102,27,0
MNS,5,20210222,095000,102,102,102,102,25,0
MNS,5,20210222,095500,101,101,101,101,45,0
MNS,5,20210222,102000,103,103,103,103,55,0
MNS,5,20210222,102500,102,102,101,101,20,0
MNS,5,20210222,103000,101,101,100,100,554,0
MNS,5,20210222,104000,102,102,102,102,30,0
MNS,5,20210222,104500,102,102,102,102,1,0
MNS,5,20210222,105000,102,102,100,100,25,0
MNS,5,20210222,105500,100,100,100,100,12,0
MNS,5,20210222,112000,101,101,101,101,10,0
MNS,5,20210222,112500,101,101,100,100,80,0
MNS,5,20210222,113000,101,101,100,100,150,0
MNS,5,20210222,115500,101,101,101,101,12,0
MNS,5,20210222,120000,102,102,102,102,10,0
MNS,5,20210222,120500,102,102,102,102,10,0
MNS,5,20210222,122500,101,101,101,101,20,0
MNS,5,20210222,123000,101,101,101,101,11,0
MNS,5,20210222,123500,101,101,101,101,32,0
MNS,5,20210222,124000,101,101,101,101,7,0
MNS,5,20210222,132500,101,101,100,100,898,0
MNS,5,20210222,133000,100,100,100,100,212,0
MNS,5,20210222,133500,99.5,99.5,99,99,191,0
MNS,5,20210222,134500,99,99,99,99,100,0
MNS,5,20210222,140000,101,101,100,100,12,0
MNS,5,20210222,141000,101,101,101,101,100,0
MNS,5,20210222,144000,101,101,101,101,200,0
MNS,5,20210222,144500,101,101,101,101,20,0
MNS,5,20210222,145000,100,101,100,101,123,0
MNS,5,20210222,150000,100,100,100,100,65,0
MNS,5,20210222,150500,101,101,101,101,10,0
MNS,5,20210222,151000,101,101,101,101,100,0
MNS,5,20210222,152500,100,100,100,100,10,0
MNS,5,20210222,154000,102,102,102,102,15,0
MNS,5,20210222,155000,102,102,102,102,30,0
MNS,5,20210222,155500,102,103,102,103,93,0
MNS,5,20210222,160000,103,103,103,103,10,0
MNS,5,20210222,161500,103,103,103,103,151,0
MNS,5,20210222,163000,103,103,103,103,30,0
MNS,5,20210222,164000,103,104,102,102,54,0
MNS,5,20210223,090000,104,104,102,102,45,0
MNS,5,20210223,091000,102,102,102,102,116,0
MNS,5,20210223,094000,102,102,102,102,10,0
MNS,5,20210223,095000,102,103,102,103,17,0
MNS,5,20210223,095500,102,102,102,102,18,0
MNS,5,20210223,100000,101,101,101,101,20,0
MNS,5,20210223,100500,103,103,103,103,25,0
MNS,5,20210223,101500,101,101,101,101,125,0
MNS,5,20210223,102500,101,101,101,101,26,0
MNS,5,20210223,111000,103,103,103,103,4,0
MNS,5,20210223,111500,101,101,101,101,5,0
MNS,5,20210223,112500,103,103,103,103,8,0
MNS,5,20210223,121000,101,101,101,101,20,0
MNS,5,20210223,122500,101,101,101,101,10,0
MNS,5,20210223,123500,102,102,102,102,10,0
MNS,5,20210223,124500,101,101,101,101,20,0
MNS,5,20210223,125000,101,101,101,101,10,0
MNS,5,20210223,130000,101,101,99,99,358,0
MNS,5,20210223,130500,99.5,99.5,99.5,99.5,10,0
MNS,5,20210223,131000,99.5,99.5,99.5,99.5,4,0
MNS,5,20210223,131500,101,101,99.5,99.5,34,0
MNS,5,20210223,132000,99.5,99.5,99.5,99.5,9,0
MNS,5,20210223,133500,99.5,99.5,99.5,99.5,45,0
MNS,5,20210223,135000,100,101,100,101,40,0
MNS,5,20210223,140500,100,100,100,100,10,0
MNS,5,20210223,141000,100,100,100,100,10,0
MNS,5,20210223,142500,101,102,101,102,45,0
MNS,5,20210223,144000,102,102,102,102,20,0
MNS,5,20210223,145500,99.5,99.5,99.5,99.5,20,0
MNS,5,20210223,150500,99,99,99,99,10,0
MNS,5,20210223,151500,100,100,99,99,200,0
MNS,5,20210223,152500,100,100,100,100,14,0
MNS,5,20210223,153000,99,99,99,99,5,0
MNS,5,20210223,153500,99,99,99,99,49,0
MNS,5,20210223,155500,98,98,97,97,57,0
MNS,5,20210223,160000,97,98,97,98,35,0
MNS,5,20210223,160500,98,98,98,98,11,0
MNS,5,20210223,161500,98,98,98,98,73,0
MNS,5,20210223,162500,99,99,99,99,12,0
MNS,5,20210223,163000,99.5,99.5,99.5,99.5,21,0
MNS,5,20210223,164000,100,100,100,100,30,0
MNS,5,20210223,164500,101,102,101,102,11,0
MNS,5,20210224,090500,100,100,100,100,5,0
MNS,5,20210224,091500,100,100,100,100,15,0
MNS,5,20210224,092500,101,101,101,101,3,0
MNS,5,20210224,093000,101,101,101,101,10,0
MNS,5,20210224,094500,100,100,100,100,60,0
MNS,5,20210224,095000,100,100,99.5,99.5,30,0
MNS,5,20210224,103500,100,100,100,100,12,0
MNS,5,20210224,104000,100,100,100,100,18,0
MNS,5,20210224,105000,100,100,100,100,16,0
MNS,5,20210224,111000,100,100,100,100,84,0
MNS,5,20210224,112000,99,99,99,99,14,0
MNS,5,20210224,113500,101,101,101,101,7,0
MNS,5,20210224,114500,99.5,99.5,99.5,99.5,23,0
MNS,5,20210224,125000,100,100,100,100,10,0
MNS,5,20210224,125500,100,100,100,100,4,0
MNS,5,20210224,132500,100,100,100,100,113,0
MNS,5,20210224,133500,100,100,100,100,40,0
MNS,5,20210224,134000,100,100,100,100,36,0
MNS,5,20210224,135000,100,100,100,100,46,0
MNS,5,20210224,141000,100,100,99.5,99.5,9,0
MNS,5,20210224,142500,99.5,99.5,99.5,99.5,10,0
MNS,5,20210224,143000,99.5,99.5,99.5,99.5,20,0
MNS,5,20210224,144500,99.5,99.5,99,99,180,0
MNS,5,20210224,151000,99,99,99,99,142,0
MNS,5,20210224,151500,99,99,98.5,98.5,21,0
MNS,5,20210224,152500,98.5,98.5,97.5,97.5,200,0
MNS,5,20210224,154000,98,98,98,98,5,0
MNS,5,20210224,154500,98.5,98.5,98.5,98.5,39,0
MNS,5,20210224,155500,98,98,98,98,3,0
MNS,5,20210224,161000,98,98,98,98,22,0
MNS,5,20210224,161500,98,98,98,98,2,0
MNS,5,20210224,162000,98,98,98,98,12,0
MNS,5,20210224,162500,98,98,98,98,10,0
MNS,5,20210224,163500,97.5,98,97.5,98,45,0
MNS,5,20210224,164000,98,98,98,98,25,0
MNS,5,20210224,164500,98,99,98,99,159,0
MNS,5,20210225,090000,99,99,96,97,213,0
MNS,5,20210225,090500,98.5,98.5,98.5,98.5,10,0
MNS,5,20210225,091000,97,97,97,97,45,0
MNS,5,20210225,092000,99,99,99,99,40,0
MNS,5,20210225,093500,98,98,98,98,22,0
MNS,5,20210225,095000,99,99,99,99,30,0
MNS,5,20210225,100000,98,98,97,97,50,0
MNS,5,20210225,100500,98,98,98,98,31,0
MNS,5,20210225,101000,98,99,98,99,69,0
MNS,5,20210225,101500,99,99,99,99,30,0
MNS,5,20210225,103500,99,99,99,99,10,0
MNS,5,20210225,105000,97.5,97.5,97.5,97.5,10,0
MNS,5,20210225,112000,97.5,97.5,97.5,97.5,15,0
MNS,5,20210225,115000,97.5,97.5,97.5,97.5,24,0
MNS,5,20210225,122000,97.5,97.5,97.5,97.5,20,0
MNS,5,20210225,123000,98,98,98,98,4,0
MNS,5,20210225,125000,98,98,98,98,20,0
MNS,5,20210225,131000,98,98,98,98,6,0
MNS,5,20210225,131500,97.5,97.5,97.5,97.5,6,0
MNS,5,20210225,133000,99,99,99,99,25,0
MNS,5,20210225,144000,98,98,98,98,15,0
MNS,5,20210225,144500,97.5,97.5,97.5,97.5,12,0
MNS,5,20210225,153000,98.5,98.5,98.5,98.5,50,0
MNS,5,20210225,154000,98.5,98.5,98.5,98.5,10,0
MNS,5,20210225,154500,98.5,98.5,98.5,98.5,20,0
MNS,5,20210225,155500,98,98,98,98,10,0
MNS,5,20210225,164000,98,98,98,98,1,0
MNS,5,20210225,164500,98,98,98,98,25,0
MNS,5,20210226,090000,96.5,96.5,94.5,94.5,428,0
MNS,5,20210226,090500,94.5,95,94,94,516,0
MNS,5,20210226,091000,94,95,91.5,95,554,0
MNS,5,20210226,091500,92,92.5,92,92.5,71,0
MNS,5,20210226,092000,93,93,92.5,93,55,0
MNS,5,20210226,092500,95,95,95,95,244,0
MNS,5,20210226,093000,95,96,95,96,52,0
MNS,5,20210226,094000,96,96,96,96,30,0
MNS,5,20210226,094500,96.5,96.5,96,96,34,0
MNS,5,20210226,095000,96,96.5,96,96.5,18,0
MNS,5,20210226,095500,96.5,96.5,96.5,96.5,8,0
MNS,5,20210226,100000,95.5,95.5,95.5,95.5,5,0
MNS,5,20210226,103500,95.5,95.5,95.5,95.5,35,0
MNS,5,20210226,105000,95,95,95,95,1,0
MNS,5,20210226,105500,95.5,95.5,95,95,239,0
MNS,5,20210226,112500,95,95,95,95,70,0
MNS,5,20210226,113500,95.5,95.5,95,95,152,0
MNS,5,20210226,114500,95,95,94,94,97,0
MNS,5,20210226,115000,94,94,94,94,70,0
MNS,5,20210226,115500,94,94,93.5,93.5,20,0
MNS,5,20210226,120500,96,96,96,96,6,0
MNS,5,20210226,121500,94.5,94.5,93,93,96,0
MNS,5,20210226,122000,93,93,92.5,92.5,90,0
MNS,5,20210226,122500,92.5,93,92.5,93,58,0
MNS,5,20210226,123000,93,93,93,93,32,0
MNS,5,20210226,123500,94,94,94,94,50,0
MNS,5,20210226,124000,94,94,94,94,5,0
MNS,5,20210226,130000,94,94,94,94,20,0
MNS,5,20210226,131500,94,94,94,94,9,0
MNS,5,20210226,134500,94,94,94,94,13,0
MNS,5,20210226,135000,94,94,94,94,3,0
MNS,5,20210226,142000,93.5,93.5,93.5,93.5,100,0
MNS,5,20210226,142500,94,94,93,93,15,0
MNS,5,20210226,143000,93,93,93,93,70,0
MNS,5,20210226,143500,93,93,93,93,2,0
MNS,5,20210226,144500,93,93,93,93,59,0
MNS,5,20210226,152000,94,94,94,94,2,0
MNS,5,20210226,153500,93,93,93,93,72,0
MNS,5,20210226,154000,92.5,92.5,92.5,92.5,82,0
MNS,5,20210226,155500,93,93,93,93,10,0
MNS,5,20210226,160000,93,93,93,93,19,0
MNS,5,20210226,162000,93,93,93,93,29,0
MNS,5,20210226,163500,93,93,92.5,92.5,30,0
MNS,5,20210226,164000,94,94,94,94,90,0
MNS,5,20210226,164500,94,94,93,93,103,0
MNS,5,20210301,090000,95,96,95,96,273,0
MNS,5,20210301,091000,98,98,98,98,10,0
MNS,5,20210301,091500,97,98,97,98,17,0
MNS,5,20210301,093000,97.5,97.5,97.5,97.5,15,0
MNS,5,20210301,093500,98,98,97.5,97.5,12,0
MNS,5,20210301,094500,97.5,97.5,97.5,97.5,10,0
MNS,5,20210301,095000,97.5,97.5,97.5,97.5,115,0
MNS,5,20210301,095500,97,97,97,97,5,0
MNS,5,20210301,100000,96,97,96,97,80,0
MNS,5,20210301,100500,97.5,97.5,97.5,97.5,138,0
MNS,5,20210301,101500,97.5,98,97.5,98,323,0
MNS,5,20210301,102000,98.5,98.5,98.5,98.5,100,0
MNS,5,20210301,105500,98,98,98,98,10,0
MNS,5,20210301,110000,98,98,98,98,20,0
MNS,5,20210301,111000,98,98,97,97,76,0
MNS,5,20210301,111500,97,98,97,98,165,0
MNS,5,20210301,112500,98,98,98,98,10,0
MNS,5,20210301,114500,98,98,98,98,4,0
MNS,5,20210301,115000,98,98,98,98,22,0
MNS,5,20210301,115500,97.5,97.5,97.5,97.5,15,0
MNS,5,20210301,120000,98,98,98,98,10,0
MNS,5,20210301,122000,98,98,97.5,97.5,66,0
MNS,5,20210301,123000,97.5,97.5,97.5,97.5,30,0
MNS,5,20210301,124000,97.5,98,97.5,98,19,0
MNS,5,20210301,124500,98,98,98,98,36,0
MNS,5,20210301,131000,98,98,98,98,30,0
MNS,5,20210301,134000,98,98,97,97,57,0
MNS,5,20210301,142000,98,98,98,98,20,0
MNS,5,20210301,143000,97,97,97,97,35,0
MNS,5,20210301,144000,97.5,97.5,97.5,97.5,20,0
MNS,5,20210301,151500,97.5,97.5,97.5,97.5,75,0
MNS,5,20210301,152500,97,97,97,97,362,0
MNS,5,20210301,154000,96,96,96,96,20,0
MNS,5,20210301,155000,97.5,97.5,97.5,97.5,20,0
MNS,5,20210301,161000,96,96,96,96,125,0
MNS,5,20210301,162500,97,97,96,96,13,0
MNS,5,20210301,164000,97.5,97.5,97.5,97.5,1,0
MNS,5,20210301,164500,97,97,97,97,125,0
MNS,5,20210302,090000,95,95,95,95,140,0
MNS,5,20210302,090500,94.5,94.5,94,94,6,0
MNS,5,20210302,092500,94,94,94,94,115,0
MNS,5,20210302,093500,93.5,93.5,93.5,93.5,10,0
MNS,5,20210302,094000,93.5,93.5,93.5,93.5,18,0
MNS,5,20210302,095000,94,94,94,94,16,0
MNS,5,20210302,095500,94,95,94,95,9,0
MNS,5,20210302,103500,95,95,95,95,20,0
MNS,5,20210302,104000,95,95,95,95,107,0
MNS,5,20210302,105500,94.5,94.5,94.5,94.5,40,0
MNS,5,20210302,111500,95,95,95,95,130,0
MNS,5,20210302,114000,95,95,95,95,30,0
MNS,5,20210302,114500,95,95,95,95,101,0
MNS,5,20210302,115000,95,96,95,96,5,0
MNS,5,20210302,130000,96,96,96,96,10,0
MNS,5,20210302,130500,96,96,96,96,10,0
MNS,5,20210302,141000,95,95,95,95,4,0
MNS,5,20210302,141500,94.5,94.5,94.5,94.5,1,0
MNS,5,20210302,142000,95,95,95,95,46,0
MNS,5,20210302,144500,95,95,95,95,97,0
MNS,5,20210302,145000,96,96,96,96,57,0
MNS,5,20210302,145500,96.5,96.5,96.5,96.5,77,0
MNS,5,20210302,150500,97,97,97,97,17,0
MNS,5,20210302,155000,98,98,98,98,20,0
MNS,5,20210302,161000,98,98,98,98,12,0
MNS,5,20210302,161500,98,98,98,98,45,0
MNS,5,20210302,162000,98,98,98,98,27,0
MNS,5,20210302,164500,98.5,98.5,98.5,98.5,6,0
MNS,5,20210303,090000,98.5,98.5,98.5,98.5,6,0
MNS,5,20210303,092000,97,97,97,97,12,0
MNS,5,20210303,092500,98,99,98,99,42,0
MNS,5,20210303,093000,98,98,98,98,18,0
MNS,5,20210303,095000,98,98,98,98,40,0
MNS,5,20210303,101000,98,98,98,98,15,0
MNS,5,20210303,105000,98,98,97,97,180,0
MNS,5,20210303,105500,97,97,97,97,69,0
MNS,5,20210303,113000,97.5,97.5,97.5,97.5,50,0
MNS,5,20210303,113500,97,97,97,97,30,0
MNS,5,20210303,115000,97,97,97,97,100,0
MNS,5,20210303,125000,98,98,98,98,51,0
MNS,5,20210303,130500,97.5,97.5,97.5,97.5,21,0
MNS,5,20210303,131000,97.5,97.5,97.5,97.5,9,0
MNS,5,20210303,142000,97,97,97,97,7,0
MNS,5,20210303,143000,97,97,97,97,10,0
MNS,5,20210303,150000,97,97,97,97,5,0
MNS,5,20210303,150500,97,97,97,97,30,0
MNS,5,20210303,161000,96.5,96.5,96.5,96.5,28,0
MNS,5,20210303,164500,96.5,97.5,96,97.5,43,0
MNS,5,20210304,090000,97.5,97.5,97.5,97.5,5,0
MNS,5,20210304,091000,95,95,95,95,25,0
MNS,5,20210304,092500,95,95,95,95,34,0
MNS,5,20210304,094000,95,95,95,95,8,0
MNS,5,20210304,094500,94.5,94.5,94,94,80,0
MNS,5,20210304,095500,94,96,94,96,138,0
MNS,5,20210304,100000,94,94,94,94,35,0
MNS,5,20210304,101500,95,95,95,95,10,0
MNS,5,20210304,102500,96,96,94,94,28,0
MNS,5,20210304,104500,94,94,94,94,18,0
MNS,5,20210304,111500,94,94,93.5,93.5,58,0
MNS,5,20210304,113000,94.5,94.5,94.5,94.5,9,0
MNS,5,20210304,115500,95,95,95,95,10,0
MNS,5,20210304,121000,93,93,93,93,15,0
MNS,5,20210304,122000,93,93,93,93,36,0
MNS,5,20210304,124000,95,95,95,95,1,0
MNS,5,20210304,132500,94,94,94,94,15,0
MNS,5,20210304,151000,94.5,94.5,94,94,78,0
MNS,5,20210304,155000,95,95,95,95,21,0
MNS,5,20210304,160000,95,95,95,95,20,0
MNS,5,20210304,161500,95,95,95,95,78,0
MNS,5,20210304,164000,96,96,96,96,65,0
MNS,5,20210304,164500,96.5,96.5,96.5,96.5,30,0
MNS,5,20210305,095500,96.5,97,96.5,97,19,0
MNS,5,20210305,104500,96.5,96.5,96.5,96.5,20,0
MNS,5,20210305,105500,96.5,96.5,96.5,96.5,7,0
MNS,5,20210305,110000,97,97,97,97,27,0
MNS,5,20210305,111500,97,98,97,98,55,0
MNS,5,20210305,114500,95,95,95,95,74,0
MNS,5,20210305,120500,94.5,94.5,94.5,94.5,25,0
MNS,5,20210305,121000,94.5,94.5,94.5,94.5,11,0
MNS,5,20210305,121500,95,95,95,95,118,0
MNS,5,20210305,124000,95.5,95.5,95.5,95.5,10,0
MNS,5,20210305,130000,95.5,95.5,95.5,95.5,20,0
MNS,5,20210305,135000,95.5,95.5,95.5,95.5,8,0
MNS,5,20210305,141500,95.5,95.5,95.5,95.5,10,0
MNS,5,20210305,151000,95.5,95.5,95,95,146,0
MNS,5,20210305,151500,95,95,95,95,5,0
MNS,5,20210305,152000,95.5,95.5,95,95,30,0
MNS,5,20210305,153000,95,95,95,95,15,0
MNS,5,20210305,164500,96.5,96.5,96.5,96.5,40,0
MNS,5,20210308,092500,96.5,96.5,96.5,96.5,20,0
MNS,5,20210308,093500,95,96.5,95,96.5,10,0
MNS,5,20210308,094500,95,95,95,95,20,0
MNS,5,20210308,095500,97.5,97.5,97.5,97.5,2,0
MNS,5,20210308,100500,95,95,95,95,64,0
MNS,5,20210308,101000,94,94,94,94,15,0
MNS,5,20210308,102000,97,97,97,97,100,0
MNS,5,20210308,104000,94.5,94.5,94.5,94.5,10,0
MNS,5,20210308,105500,97,97,97,97,10,0
MNS,5,20210308,110500,95,95,95,95,20,0
MNS,5,20210308,120000,95,95,95,95,1,0
MNS,5,20210308,122500,96,96,95,95,101,0
MNS,5,20210308,145000,95,95,95,95,100,0
MNS,5,20210308,150000,95,95,95,95,53,0
MNS,5,20210308,152000,94.5,94.5,94.5,94.5,81,0
MNS,5,20210308,152500,94.5,94.5,94.5,94.5,20,0
MNS,5,20210308,153000,94.5,94.5,94,94,110,0
MNS,5,20210308,162500,96,96,96,96,20,0
MNS,5,20210309,090000,96.5,96.5,96,96,50,0
MNS,5,20210309,090500,94,94,94,94,68,0
MNS,5,20210309,092000,94,94,94,94,3,0
MNS,5,20210309,092500,94,94,94,94,8,0
MNS,5,20210309,093000,94,94,94,94,4,0
MNS,5,20210309,093500,94,94,94,94,17,0
MNS,5,20210309,101000,95.5,95.5,95.5,95.5,50,0
MNS,5,20210309,101500,95,95,95,95,35,0
MNS,5,20210309,102000,95,96,95,96,90,0
MNS,5,20210309,103000,95,95,95,95,103,0
MNS,5,20210309,105000,95.5,95.5,95.5,95.5,45,0
MNS,5,20210309,110000,95,95,95,95,15,0
MNS,5,20210309,110500,96,96,96,96,10,0
MNS,5,20210309,111000,96,96,95,96,59,0
MNS,5,20210309,112000,96.5,96.5,96.5,96.5,32,0
MNS,5,20210309,112500,96.5,96.5,96.5,96.5,130,0
MNS,5,20210309,113500,95,95,95,95,62,0
MNS,5,20210309,114000,96.5,96.5,96.5,96.5,52,0
MNS,5,20210309,115000,96.5,96.5,96.5,96.5,50,0
MNS,5,20210309,120000,96.5,97,96.5,97,33,0
MNS,5,20210309,120500,97,98,97,98,209,0
MNS,5,20210309,121500,98,98,98,98,10,0
MNS,5,20210309,122000,98,99,98,99,103,0
MNS,5,20210309,122500,99,99.5,99,99.5,116,0
MNS,5,20210309,123000,99.5,99.5,99,99,17,0
MNS,5,20210309,124000,99,99,99,99,35,0
MNS,5,20210309,124500,99,99,99,99,115,0
MNS,5,20210309,125500,99,99,99,99,100,0
MNS,5,20210309,131000,99,99,99,99,15,0
MNS,5,20210309,131500,99,99,99,99,6,0
MNS,5,20210309,132500,99,99,99,99,6,0
MNS,5,20210309,133000,97.5,97.5,97,97,52,0
MNS,5,20210309,135000,98,98,98,98,15,0
MNS,5,20210309,142000,99,99,99,99,100,0
MNS,5,20210309,142500,99,99,99,99,4,0
MNS,5,20210309,144000,100,101,100,100,42,0
MNS,5,20210309,144500,100,100,100,100,4,0
MNS,5,20210309,145000,99,99,99,99,8,0
MNS,5,20210309,145500,100,100,100,100,5,0
MNS,5,20210309,150500,99.5,99.5,99.5,99.5,50,0
MNS,5,20210309,151000,100,100,100,100,85,0
MNS,5,20210309,151500,100,100,100,100,5,0
MNS,5,20210309,154500,99.5,99.5,99.5,99.5,3,0
MNS,5,20210309,160500,99,99,99,99,102,0
MNS,5,20210309,161000,99.5,99.5,99.5,99.5,132,0
MNS,5,20210309,161500,100,104,100,104,428,0
MNS,5,20210309,162000,103,103,103,103,10,0
MNS,5,20210309,162500,104,104,104,104,20,0
MNS,5,20210309,163000,103,103,103,103,10,0
MNS,5,20210309,163500,103,103,103,103,57,0
MNS,5,20210309,164000,103,104,103,104,129,0
MNS,5,20210309,164500,102,103,102,103,30,0
MNS,5,20210309,165500,102,102,102,102,65,0
MNS,5,20210310,090000,101,101,101,101,101,0
MNS,5,20210310,090500,103,103,101,101,20,0
MNS,5,20210310,091000,103,104,103,104,44,0
MNS,5,20210310,092000,103,103,103,103,40,0
MNS,5,20210310,093500,102,102,102,102,12,0
MNS,5,20210310,094000,102,102,101,101,24,0
MNS,5,20210310,095000,101,101,100,100,227,0
MNS,5,20210310,100000,103,103,103,103,19,0
MNS,5,20210310,104000,102,103,102,103,170,0
MNS,5,20210310,110000,101,101,101,101,28,0
MNS,5,20210310,111000,101,101,101,101,10,0
MNS,5,20210310,120500,101,101,101,101,100,0
MNS,5,20210310,121500,101,101,101,101,31,0
MNS,5,20210310,130000,101,101,101,101,10,0
MNS,5,20210310,132000,100,100,100,100,15,0
MNS,5,20210310,145000,101,103,101,103,26,0
MNS,5,20210310,150000,102,102,102,102,8,0
MNS,5,20210310,150500,102,102,102,102,15,0
MNS,5,20210310,151000,103,103,103,103,20,0
MNS,5,20210310,160000,103,103,103,103,10,0
MNS,5,20210310,161500,102,102,102,102,64,0
MNS,5,20210310,162500,102,102,102,102,113,0
MNS,5,20210310,164000,102,102,101,101,101,0
MNS,5,20210310,164500,101,101,100,100,109,0
MNS,5,20210311,090000,102,103,102,103,35,0
MNS,5,20210311,091500,103,103,103,103,10,0
MNS,5,20210311,092000,104,104,104,104,10,0
MNS,5,20210311,092500,103,103,103,103,210,0
MNS,5,20210311,093000,102,102,102,102,15,0
MNS,5,20210311,093500,102,102,102,102,57,0
MNS,5,20210311,094000,102,102,102,102,6,0
MNS,5,20210311,094500,103,103,103,103,44,0
MNS,5,20210311,095000,103,103,103,103,5,0
MNS,5,20210311,100000,103,103,103,103,15,0
MNS,5,20210311,100500,103,103,103,103,22,0
MNS,5,20210311,101500,102,103,101,103,65,0
MNS,5,20210311,102500,103,103,103,103,26,0
MNS,5,20210311,121500,102,102,102,102,100,0
MNS,5,20210311,132000,103,103,102,102,47,0
MNS,5,20210311,144000,102,102,102,102,4,0
MNS,5,20210311,144500,102,102,102,102,57,0
MNS,5,20210311,145000,102,102,102,102,90,0
MNS,5,20210311,152500,102,102,102,102,32,0
MNS,5,20210311,153000,101,101,101,101,26,0
MNS,5,20210311,153500,101,101,101,101,49,0
MNS,5,20210311,155500,103,103,103,103,57,0
MNS,5,20210311,163500,103,103,103,103,20,0
MNS,5,20210312,091500,101,101,101,101,10,0
MNS,5,20210312,094000,101,101,101,101,80,0
MNS,5,20210312,095000,100,100,100,100,173,0
MNS,5,20210312,095500,100,100,100,100,37,0
MNS,5,20210312,101500,100,100,100,100,6,0
MNS,5,20210312,102000,100,100,99,99,78,0
MNS,5,20210312,102500,99,99,99,99,5,0
MNS,5,20210312,103000,98.5,98.5,98.5,98.5,10,0
MNS,5,20210312,103500,98,98,98,98,30,0
MNS,5,20210312,104000,98,99,98,99,29,0
MNS,5,20210312,105000,98,98,98,98,10,0
MNS,5,20210312,105500,99,99,99,99,10,0
MNS,5,20210312,112500,99,99,99,99,71,0
MNS,5,20210312,115000,99,99,99,99,20,0
MNS,5,20210312,121500,100,100,100,100,20,0
MNS,5,20210312,124000,100,100,100,100,7,0
MNS,5,20210312,131000,100,100,100,100,10,0
MNS,5,20210312,132000,100,100,100,100,25,0
MNS,5,20210312,133500,100,100,100,100,9,0
MNS,5,20210312,142500,101,101,101,101,13,0
MNS,5,20210312,152000,100,100,100,100,4,0
MNS,5,20210312,152500,100,100,100,100,18,0
MNS,5,20210312,162500,100,100,100,100,10,0
MNS,5,20210312,164000,101,101,101,101,30,0
MNS,5,20210312,164500,101,101,101,101,6,0
MNS,5,20210315,090000,102,102,102,102,53,0
MNS,5,20210315,092500,103,103,103,103,96,0
MNS,5,20210315,093000,101,101,100,100,221,0
MNS,5,20210315,100000,103,103,103,103,30,0
MNS,5,20210315,101000,103,103,103,103,20,0
MNS,5,20210315,102000,103,103,103,103,15,0
MNS,5,20210315,103500,101,101,101,101,20,0
MNS,5,20210315,104500,101,101,100,101,38,0
MNS,5,20210315,105000,100,101,100,101,17,0
MNS,5,20210315,105500,100,100,100,100,82,0
MNS,5,20210315,110000,100,100,100,100,5,0
MNS,5,20210315,111000,100,100,100,100,43,0
MNS,5,20210315,111500,100,100,100,100,21,0
MNS,5,20210315,114000,100,100,100,100,5,0
MNS,5,20210315,121500,99.5,99.5,98,98,279,0
MNS,5,20210315,123000,98,98,98,98,25,0
MNS,5,20210315,124000,100,100,100,100,3,0
MNS,5,20210315,124500,100,100,100,100,52,0
MNS,5,20210315,131000,100,100,100,100,13,0
MNS,5,20210315,140000,99,99,99,99,6,0
MNS,5,20210315,140500,99,99,99,99,8,0
MNS,5,20210315,143000,100,100,100,100,52,0
MNS,5,20210315,143500,100,100,100,100,40,0
MNS,5,20210315,144000,100,100,100,100,25,0
MNS,5,20210315,151500,100,100,100,100,12,0
MNS,5,20210315,152000,102,102,102,102,5,0
MNS,5,20210315,160000,99.5,99.5,99,99,55,0
MNS,5,20210315,164500,100,100,100,100,14,0
MNS,5,20210316,090000,101,101,98,98,110,0
MNS,5,20210316,091000,98,98,98,98,63,0
MNS,5,20210316,091500,99,101,99,101,25,0
MNS,5,20210316,092500,100,100,100,100,3,0
MNS,5,20210316,093000,100,100,100,100,30,0
MNS,5,20210316,093500,100,100,100,100,22,0
MNS,5,20210316,095000,99,99,99,99,45,0
MNS,5,20210316,101000,99,99,99,99,5,0
MNS,5,20210316,105000,99,99,99,99,20,0
MNS,5,20210316,105500,100,100,100,100,5,0
MNS,5,20210316,111500,100,100,100,100,25,0
MNS,5,20210316,112000,100,101,100,101,70,0
MNS,5,20210316,113000,101,101,101,101,2,0
MNS,5,20210316,124500,98,98,98,98,6,0
MNS,5,20210316,135500,98,98,98,98,3,0
MNS,5,20210316,142000,99.5,104,99.5,103,929,0
MNS,5,20210316,142500,104,104,104,104,31,0
MNS,5,20210316,143000,100,100,100,100,13,0
MNS,5,20210316,144000,103,103,103,103,3,0
MNS,5,20210316,153000,102,102,102,102,14,0
MNS,5,20210316,154000,101,101,101,101,9,0
MNS,5,20210316,162000,101,101,101,101,21,0
MNS,5,20210316,164000,100,100,100,100,125,0
MNS,5,20210316,164500,99,102,99,102,12,0
MNS,5,20210317,090000,102,102,102,102,10,0
MNS,5,20210317,092000,102,102,102,102,15,0
MNS,5,20210317,094000,101,101,101,101,20,0
MNS,5,20210317,094500,102,102,102,102,2,0
MNS,5,20210317,100500,100,100,100,100,73,0
MNS,5,20210317,105000,100,100,100,100,48,0
MNS,5,20210317,111500,100,100,100,100,14,0
MNS,5,20210317,113000,99,99,99,99,10,0
MNS,5,20210317,114000,100,100,99,99,106,0
MNS,5,20210317,130000,100,100,99,99,113,0
MNS,5,20210317,135500,99,99,99,99,14,0
MNS,5,20210317,141000,99,99,99,99,36,0
MNS,5,20210317,143000,99,99,98,98,66,0
MNS,5,20210317,144000,98,98,98,98,35,0
MNS,5,20210317,153000,100,100,100,100,5,0
MNS,5,20210317,155000,98,98,98,98,16,0
MNS,5,20210317,164000,100,100,100,100,48,0
MNS,5,20210317,165500,100,100,100,100,13,0
MNS,5,20210318,091500,99.5,99.5,99.5,99.5,8,0
MNS,5,20210318,094000,100,100,100,100,25,0
MNS,5,20210318,103000,100,100,100,100,1,0
MNS,5,20210318,110500,99.5,99.5,99,99,7,0
MNS,5,20210318,121000,99,99,98.5,98.5,50,0
MNS,5,20210318,123000,99,99,98.5,98.5,14,0
MNS,5,20210318,132500,98.5,98.5,98.5,98.5,5,0
MNS,5,20210318,143000,99,99,99,99,7,0
MNS,5,20210318,144000,99.5,99.5,99.5,99.5,17,0
MNS,5,20210318,162000,100,100,100,100,55,0
MNS,5,20210318,164500,100,100,98.5,98.5,102,0
MNS,5,20210319,090000,100,100,100,100,30,0
MNS,5,20210319,093000,100,101,100,101,20,0
MNS,5,20210319,095000,100,100,100,100,11,0
MNS,5,20210319,111500,99,99,99,99,4,0
MNS,5,20210319,124500,99,99,99,99,20,0
MNS,5,20210319,130000,99,99,99,99,10,0
MNS,5,20210319,135500,99,99,99,99,9,0
MNS,5,20210319,141000,100,106,100,106,990,0
MNS,5,20210319,141500,105,105,104,105,216,0
MNS,5,20210319,142000,105,106,105,106,40,0
MNS,5,20210319,143000,106,106,106,106,180,0
MNS,5,20210319,143500,105,105,104,105,147,0
MNS,5,20210319,144000,106,108,106,106,250,0
MNS,5,20210319,144500,106,107,106,107,40,0
MNS,5,20210319,145000,107,108,107,108,157,0
MNS,5,20210319,145500,108,109,107,109,222,0
MNS,5,20210319,150000,107,107,107,107,108,0
MNS,5,20210319,150500,107,107,107,107,5,0
MNS,5,20210319,151000,105,106,104,104,446,0
MNS,5,20210319,151500,104,106,104,105,60,0
MNS,5,20210319,153000,105,105,105,105,10,0
MNS,5,20210319,155000,105,105,105,105,20,0
MNS,5,20210319,155500,106,107,106,107,55,0
MNS,5,20210319,160000,107,108,106,108,547,0
MNS,5,20210319,160500,107,108,107,107,107,0
MNS,5,20210319,161000,107,107,107,107,5,0
MNS,5,20210319,161500,107,107,107,107,42,0
MNS,5,20210319,162000,106,106,106,106,45,0
MNS,5,20210319,162500,107,107,106,106,166,0
MNS,5,20210319,163000,106,106,106,106,84,0
MNS,5,20210319,164000,106,106,106,106,69,0
MNS,5,20210319,164500,105,107,105,107,62,0
MNS,5,20210322,090000,106,106,104,104,126,0
MNS,5,20210322,090500,103,104,100,104,263,0
MNS,5,20210322,091000,104,104,104,104,2,0
MNS,5,20210322,091500,102,102,101,101,153,0
MNS,5,20210322,092500,104,104,104,104,1,0
MNS,5,20210322,093000,102,102,100,100,112,0
MNS,5,20210322,093500,100,100,100,100,10,0
MNS,5,20210322,100000,101,101,101,101,10,0
MNS,5,20210322,101000,101,101,101,101,67,0
MNS,5,20210322,102000,103,103,103,103,50,0
MNS,5,20210322,102500,101,101,101,101,12,0
MNS,5,20210322,104000,103,103,103,103,10,0
MNS,5,20210322,105000,102,102,101,101,39,0
MNS,5,20210322,111000,102,102,101,101,5,0
MNS,5,20210322,112500,103,103,101,103,59,0
MNS,5,20210322,113000,103,103,103,103,9,0
MNS,5,20210322,114000,103,103,103,103,6,0
MNS,5,20210322,122000,102,102,102,102,7,0
MNS,5,20210322,123000,103,103,103,103,50,0
MNS,5,20210322,124000,102,102,102,102,33,0
MNS,5,20210322,124500,102,102,101,101,15,0
MNS,5,20210322,135500,103,103,103,103,32,0
MNS,5,20210322,140000,103,103,103,103,50,0
MNS,5,20210322,141000,104,104,104,104,3,0
MNS,5,20210322,145000,102,102,101,101,100,0
MNS,5,20210322,152000,102,102,102,102,40,0
MNS,5,20210322,154000,103,105,103,105,579,0
MNS,5,20210322,154500,105,106,105,106,45,0
MNS,5,20210322,155500,105,105,105,105,5,0
MNS,5,20210322,163000,106,106,106,106,2,0
MNS,5,20210322,163500,105,105,105,105,16,0
MNS,5,20210322,164000,105,105,105,105,84,0
MNS,5,20210322,164500,105,105,105,105,154,0
MNS,5,20210323,090000,108,108,102,102,60,0
MNS,5,20210323,091500,103,103,102,102,105,0
MNS,5,20210323,092000,102,107,102,107,74,0
MNS,5,20210323,094000,106,106,106,106,10,0
MNS,5,20210323,094500,106,107,106,107,40,0
MNS,5,20210323,100500,107,107,107,107,15,0
MNS,5,20210323,113000,106,106,106,106,16,0
MNS,5,20210323,113500,106,106,106,106,20,0
MNS,5,20210323,114500,106,106,106,106,13,0
MNS,5,20210323,121000,106,106,104,104,199,0
MNS,5,20210323,122500,105,106,105,106,40,0
MNS,5,20210323,123000,106,106,106,106,5,0
MNS,5,20210323,135000,106,106,106,106,20,0
MNS,5,20210323,140000,105,105,105,105,2,0
MNS,5,20210323,142500,105,105,105,105,5,0
MNS,5,20210323,144500,105,105,104,104,20,0
MNS,5,20210323,155500,104,104,103,103,50,0
MNS,5,20210323,162500,103,103,103,103,98,0
MNS,5,20210323,163000,103,103,103,103,30,0
MNS,5,20210323,164000,103,103,103,103,39,0
MNS,5,20210323,165500,105,105,105,105,2,0
MNS,5,20210324,090000,105,105,105,105,28,0
MNS,5,20210324,100500,105,105,105,105,10,0
MNS,5,20210324,113000,103,103,103,103,10,0
MNS,5,20210324,125500,103,103,103,103,4,0
MNS,5,20210324,134000,103,103,102,102,73,0
MNS,5,20210324,145500,102,102,102,102,8,0
MNS,5,20210324,150000,102,102,102,102,19,0
MNS,5,20210324,161500,104,104,104,104,14,0
MNS,5,20210324,164000,104,104,104,104,2,0
MNS,5,20210324,165500,103,103,103,103,71,0
MNS,5,20210325,090000,104,104,104,104,3,0
MNS,5,20210325,101000,103,103,103,103,4,0
MNS,5,20210325,105500,103,103,103,103,80,0
MNS,5,20210325,111000,102,102,102,102,50,0
MNS,5,20210325,113000,102,102,101,101,97,0
MNS,5,20210325,121500,102,102,102,102,41,0
MNS,5,20210325,124500,102,102,102,102,2,0
MNS,5,20210325,132000,101,101,101,101,30,0
MNS,5,20210325,132500,101,101,101,101,15,0
MNS,5,20210325,133000,101,101,101,101,10,0
MNS,5,20210325,133500,101,101,101,101,60,0
MNS,5,20210325,140500,101,101,100,100,119,0
MNS,5,20210325,142000,100,100,100,100,20,0
MNS,5,20210325,143500,100,100,100,100,100,0
MNS,5,20210325,144000,100,100,100,100,36,0
MNS,5,20210325,144500,100,100,100,100,155,0
MNS,5,20210325,145500,99.5,99.5,99,99,129,0
MNS,5,20210325,150000,99,99,97,97.5,215,0
MNS,5,20210325,150500,99,99,99,99,175,0
MNS,5,20210325,151000,101,101,101,101,5,0
MNS,5,20210326,091000,101,101,101,101,3,0
MNS,5,20210326,092500,99.5,99.5,99.5,99.5,12,0
MNS,5,20210326,093000,99.5,99.5,99.5,99.5,19,0
MNS,5,20210326,093500,98,98,96.5,96.5,196,0
MNS,5,20210326,094000,100,100,100,100,15,0
MNS,5,20210326,095000,100,100,100,100,14,0
MNS,5,20210326,095500,100,100,100,100,14,0
MNS,5,20210326,100000,97.5,97.5,97,97.5,30,0
MNS,5,20210326,102000,100,100,100,100,15,0
MNS,5,20210326,102500,100,100,100,100,14,0
MNS,5,20210326,111500,99,99,99,99,100,0
MNS,5,20210326,135000,99,100,99,100,15,0
MNS,5,20210326,144000,100,101,100,101,15,0
MNS,5,20210326,145000,101,101,101,101,6,0
MNS,5,20210326,153500,100,100,100,100,9,0
MNS,5,20210326,154500,100,100,100,100,12,0
MNS,5,20210326,155000,100,100,100,100,12,0
MNS,5,20210326,160000,100,100,100,100,1,0
MNS,5,20210326,161500,101,101,101,101,100,0
MNS,5,20210326,163500,101,101,101,101,23,0
MNS,5,20210326,164000,101,101,101,101,17,0
