<TICKER>,<PER>,<DATE>,<TIME>,<OPEN>,<HIGH>,<LOW>,<CLOSE>,<VOL>,<OPENINT>
MOV,5,20210204,090000,111.5,111.5,111.5,111.5,32,0
MOV,5,20210204,094500,110,110,110,110,10,0
MOV,5,20210204,100000,110,110,109,109,48,0
MOV,5,20210204,101500,110,110,110,110,32,0
MOV,5,20210204,102000,111,112,111,112,231,0
MOV,5,20210204,102500,111,111,107,107,105,0
MOV,5,20210204,103500,107.5,107.5,107,107,38,0
MOV,5,20210204,105000,111.5,111.5,111.5,111.5,13,0
MOV,5,20210204,110000,111,111,111,111,10,0
MOV,5,20210204,111000,110.5,112,107,107,228,0
MOV,5,20210204,111500,112.5,112.5,108,108,70,0
MOV,5,20210204,112000,112,112,112,112,50,0
MOV,5,20210204,112500,112,112,112,112,21,0
MOV,5,20210204,114500,111,111,110,110,75,0
MOV,5,20210204,115500,111,111,111,111,6,0
MOV,5,20210204,121000,109,109,109,109,25,0
MOV,5,20210204,121500,110,111,110,111,12,0
MOV,5,20210204,123000,111,111,111,111,5,0
MOV,5,20210204,123500,109,111,108.5,111,22,0
MOV,5,20210204,124000,111,111,111,111,37,0
MOV,5,20210204,131500,110.5,110.5,110.5,110.5,2,0
MOV,5,20210204,132500,110.5,111,110.5,111,30,0
MOV,5,20210204,133500,111.5,111.5,111.5,111.5,9,0
MOV,5,20210204,135500,110,110,110,110,82,0
MOV,5,20210204,145500,110,110,110,110,15,0
MOV,5,20210204,150500,110,110,110,110,25,0
MOV,5,20210204,152000,110,110,109,109,21,0
MOV,5,20210204,154500,110,110,110,110,10,0
MOV,5,20210204,162500,110,110,110,110,9,0
MOV,5,20210204,163000,109,109,109,109,9,0
MOV,5,20210204,164500,111.5,111.5,111.5,111.5,35,0
MOV,5,20210205,091000,109.5,109.5,109.5,109.5,19,0
MOV,5,20210205,091500,111,111,111,111,1,0
MOV,5,20210205,092500,110.5,110.5,108,108,133,0
MOV,5,20210205,093000,108,111,108,111,17,0
MOV,5,20210205,094000,111,111,111,111,5,0
MOV,5,20210205,094500,109,109,109,109,10,0
MOV,5,20210205,095500,110,110,110,110,1,0
MOV,5,20210205,100000,110,110,110,110,10,0
MOV,5,20210205,101000,109,109,109,109,97,0
MOV,5,20210205,103000,109,109,109,109,15,0
MOV,5,20210205,103500,109,109,108.5,108.5,13,0
MOV,5,20210205,104000,109.5,109.5,109.5,109.5,17,0
MOV,5,20210205,105500,109.5,109.5,109.5,109.5,3,0
MOV,5,20210205,110500,110,110,109.5,109.5,17,0
MOV,5,20210205,111000,110,110,109,109,311,0
MOV,5,20210205,112500,109,109,109,109,7,0
MOV,5,20210205,113000,109,109,108.5,108.5,20,0
MOV,5,20210205,113500,111,111,111,111,2,0
MOV,5,20210205,120500,110,111,110,111,10,0
MOV,5,20210205,122000,110,110,110,110,50,0
MOV,5,20210205,133000,110.5,110.5,110.5,110.5,5,0
MOV,5,20210205,140500,110.5,110.5,110.5,110.5,105,0
MOV,5,20210205,143000,111,111,110.5,110.5,128,0
MOV,5,20210205,143500,111,111,111,111,18,0
MOV,5,20210205,161000,111,111,111,111,50,0
MOV,5,20210205,162000,111,111,111,111,13,0
MOV,5,20210205,162500,111,111,111,111,26,0
MOV,5,20210205,163000,110.5,112,110.5,112,77,0
MOV,5,20210205,164000,112,112,112,112,10,0
MOV,5,20210205,164500,112,112,112,112,71,0
MOV,5,20210208,090000,113,113,113,113,117,0
MOV,5,20210208,091500,112,112,112,112,8,0
MOV,5,20210208,092500,110,110,110,110,81,0
MOV,5,20210208,093500,110.5,112.5,110,112.5,40,0
MOV,5,20210208,095000,112.5,112.5,112.5,112.5,32,0
MOV,5,20210208,095500,110.5,110.5,110,110,15,0
MOV,5,20210208,100500,111,111,111,111,20,0
MOV,5,20210208,102000,111.5,111.5,111.5,111.5,12,0
MOV,5,20210208,102500,111.5,111.5,111.5,111.5,5,0
MOV,5,20210208,103000,112,112,112,112,12,0
MOV,5,20210208,103500,112,112,112,112,18,0
MOV,5,20210208,104000,112.5,113,112.5,113,20,0
MOV,5,20210208,104500,113,113,113,113,64,0
MOV,5,20210208,105500,111.5,111.5,111.5,111.5,3,0
MOV,5,20210208,114500,111,111,111,111,25,0
MOV,5,20210208,121500,111,111,111,111,12,0
MOV,5,20210208,124500,110,110,110,110,1,0
MOV,5,20210208,125500,110,110,109.5,109.5,129,0
MOV,5,20210208,130500,111.5,111.5,111.5,111.5,1,0
MOV,5,20210208,132000,111,111,111,111,10,0
MOV,5,20210208,135500,109.5,109.5,109.5,109.5,5,0
MOV,5,20210208,140500,111,111,111,111,5,0
MOV,5,20210208,142000,110,110,110,110,10,0
MOV,5,20210208,142500,110,110,110,110,5,0
MOV,5,20210208,143500,109.5,109.5,109.5,109.5,17,0
MOV,5,20210208,144500,110,110,110,110,4,0
MOV,5,20210208,152500,110,110,110,110,16,0
MOV,5,20210208,153000,111,111,111,111,3,0
MOV,5,20210208,153500,111,111,111,111,16,0
MOV,5,20210208,163000,110,110,110,110,20,0
MOV,5,20210208,164000,110,110,110,110,8,0
MOV,5,20210208,164500,110,111,109,111,213,0
MOV,5,20210209,090000,111,111,109.5,111,110,0
MOV,5,20210209,090500,109,109,109,109,12,0
MOV,5,20210209,091000,109,109,108.5,108.5,20,0
MOV,5,20210209,091500,108.5,108.5,108,108.5,75,0
MOV,5,20210209,092500,108,108,108,108,4,0
MOV,5,20210209,093500,108,108,108,108,236,0
MOV,5,20210209,100000,108.5,109,108.5,109,51,0
MOV,5,20210209,100500,108.5,108.5,108.5,108.5,63,0
MOV,5,20210209,102500,108.5,108.5,108.5,108.5,30,0
MOV,5,20210209,103500,109,109,109,109,11,0
MOV,5,20210209,104000,108.5,108.5,108,108,40,0
MOV,5,20210209,105500,108,108.5,108,108.5,113,0
MOV,5,20210209,111500,107.5,107.5,107.5,107.5,50,0
MOV,5,20210209,112000,108.5,108.5,108.5,108.5,1,0
MOV,5,20210209,113000,108.5,108.5,108.5,108.5,62,0
MOV,5,20210209,114000,108.5,108.5,108.5,108.5,20,0
MOV,5,20210209,115000,108.5,108.5,108.5,108.5,92,0
MOV,5,20210209,120500,108,108,106.5,106.5,381,0
MOV,5,20210209,122000,107,108.5,107,108.5,16,0
MOV,5,20210209,123500,108.5,108.5,108.5,108.5,20,0
MOV,5,20210209,130500,107.5,107.5,107,107,100,0
MOV,5,20210209,131000,108.5,108.5,108.5,108.5,18,0
MOV,5,20210209,131500,108.5,108.5,108.5,108.5,9,0
MOV,5,20210209,132500,108,108,108,108,250,0
MOV,5,20210209,134500,108,108,108,108,52,0
MOV,5,20210209,135500,108,108,107,107,195,0
MOV,5,20210209,140000,106.5,107,106.5,107,25,0
MOV,5,20210209,140500,106.5,107,106.5,107,219,0
MOV,5,20210209,141000,107,107,107,107,100,0
MOV,5,20210209,141500,107,107,107,107,300,0
MOV,5,20210209,142000,106.5,108,106.5,108,25,0
MOV,5,20210209,143000,106.5,106.5,106.5,106.5,7,0
MOV,5,20210209,143500,107.5,107.5,107.5,107.5,11,0
MOV,5,20210209,145000,107.5,107.5,107.5,107.5,200,0
MOV,5,20210209,150500,107,107,107,107,13,0
MOV,5,20210209,151500,106.5,106.5,106.5,106.5,39,0
MOV,5,20210209,152000,106.5,107,106.5,107,39,0
MOV,5,20210209,153000,107,107,107,107,10,0
MOV,5,20210209,154000,106.5,107,106,107,60,0
MOV,5,20210209,155000,106.5,107,106,107,54,0
MOV,5,20210209,155500,107,107,107,107,65,0
MOV,5,20210209,160000,107.5,107.5,106.5,106.5,57,0
MOV,5,20210209,161000,107.5,107.5,107.5,107.5,86,0
MOV,5,20210209,161500,107.5,107.5,107.5,107.5,9,0
MOV,5,20210209,163500,107,107.5,107,107.5,109,0
MOV,5,20210209,164000,107.5,107.5,107.5,107.5,54,0
MOV,5,20210209,164500,107.5,107.5,107.5,107.5,62,0
MOV,5,20210210,090000,109,110,107,110,1262,0
MOV,5,20210210,090500,109.5,112.5,109.5,112.5,248,0
MOV,5,20210210,091000,112,116,112,115.5,868,0
MOV,5,20210210,091500,114.5,114.5,112,113.5,144,0
MOV,5,20210210,092000,113.5,113.5,113,113,42,0
MOV,5,20210210,092500,112,112,112,112,34,0
MOV,5,20210210,093500,113,115,113,115,223,0
MOV,5,20210210,094000,114.5,114.5,114.5,114.5,10,0
MOV,5,20210210,095000,113.5,114,113.5,114,53,0
MOV,5,20210210,095500,113.5,113.5,110.5,113,195,0
MOV,5,20210210,100000,113.5,114,113.5,114,19,0
MOV,5,20210210,100500,114,114,114,114,10,0
MOV,5,20210210,101000,111.5,111.5,111.5,111.5,3,0
MOV,5,20210210,101500,111,111,110,110,355,0
MOV,5,20210210,102000,112,112,112,112,100,0
MOV,5,20210210,102500,112,112,112,112,26,0
MOV,5,20210210,103000,112,112,112,112,15,0
MOV,5,20210210,103500,111,112,111,112,3,0
MOV,5,20210210,104000,112,112,111,111,34,0
MOV,5,20210210,105000,111.5,111.5,111.5,111.5,15,0
MOV,5,20210210,105500,111.5,111.5,111.5,111.5,80,0
MOV,5,20210210,110000,111.5,112,111.5,112,100,0
MOV,5,20210210,111500,112,114,112,114,215,0
MOV,5,20210210,113500,113.5,113.5,113.5,113.5,100,0
MOV,5,20210210,114500,113.5,113.5,113,113,95,0
MOV,5,20210210,115000,113.5,113.5,113.5,113.5,10,0
MOV,5,20210210,120500,113.5,113.5,113.5,113.5,10,0
MOV,5,20210210,121000,113,113,111,111,194,0
MOV,5,20210210,122000,112,112,112,112,30,0
MOV,5,20210210,123500,112,112,112,112,68,0
MOV,5,20210210,124000,112,112,112,112,22,0
MOV,5,20210210,124500,112,112,112,112,1,0
MOV,5,20210210,125000,113,113,113,113,11,0
MOV,5,20210210,134000,113,113,113,113,6,0
MOV,5,20210210,142500,112.5,113,112.5,113,150,0
MOV,5,20210210,143500,113,113,113,113,20,0
MOV,5,20210210,145000,113,113,113,113,40,0
MOV,5,20210210,150000,112,112,112,112,20,0
MOV,5,20210210,151000,112,112,112,112,5,0
MOV,5,20210210,154000,112,112,112,112,45,0
MOV,5,20210210,155500,112,112,112,112,3,0
MOV,5,20210210,160500,112,112,112,112,25,0
MOV,5,20210210,162000,112,112,112,112,42,0
MOV,5,20210210,163500,111,111,111,111,211,0
MOV,5,20210210,164000,110.5,113,110.5,113,25,0
MOV,5,20210210,164500,112.5,112.5,112.5,112.5,212,0
MOV,5,20210211,090000,115,115.5,115,115.5,123,0
MOV,5,20210211,090500,115,115,115,115,13,0
MOV,5,20210211,091500,114,114,114,114,43,0
MOV,5,20210211,092500,114,115.5,114,115.5,400,0
MOV,5,20210211,093000,115.5,115.5,115.5,115.5,16,0
MOV,5,20210211,093500,114.5,114.5,114.5,114.5,10,0
MOV,5,20210211,094000,114,114,114,114,42,0
MOV,5,20210211,094500,114.5,114.5,114.5,114.5,20,0
MOV,5,20210211,095000,114.5,114.5,114.5,114.5,11,0
MOV,5,20210211,102500,112.5,112.5,112,112,20,0
MOV,5,20210211,103000,112,112,112,112,82,0
MOV,5,20210211,104500,112,112,112,112,20,0
MOV,5,20210211,105000,113.5,114,113.5,114,31,0
MOV,5,20210211,112000,112,112,112,112,73,0
MOV,5,20210211,114000,112,112,111.5,111.5,92,0
MOV,5,20210211,114500,111.5,111.5,111.5,111.5,3,0
MOV,5,20210211,120000,111.5,112,111.5,112,21,0
MOV,5,20210211,120500,112,112,112,112,15,0
MOV,5,20210211,122000,112,112,112,112,15,0
MOV,5,20210211,124000,111.5,111.5,111.5,111.5,20,0
MOV,5,20210211,124500,112,112,112,112,15,0
MOV,5,20210211,125500,111,111,111,111,10,0
MOV,5,20210211,131000,111,111,111,111,5,0
MOV,5,20210211,132000,111,111,111,111,96,0
MOV,5,20210211,132500,110.5,112,109.5,112,241,0
MOV,5,20210211,134000,111.5,111.5,109.5,109.5,15,0
MOV,5,20210211,135000,110,110,110,110,3,0
MOV,5,20210211,135500,111.5,111.5,111.5,111.5,5,0
MOV,5,20210211,140500,111.5,111.5,111.5,111.5,48,0
MOV,5,20210211,141500,110,110,110,110,7,0
MOV,5,20210211,142000,110,110,110,110,31,0
MOV,5,20210211,151000,110,110,110,110,164,0
MOV,5,20210211,154000,112,112,112,112,120,0
MOV,5,20210211,163000,110.5,110.5,109,110.5,155,0
MOV,5,20210211,163500,110.5,110.5,110.5,110.5,4,0
MOV,5,20210211,164000,112,112,112,112,12,0
MOV,5,20210211,164500,112,112,112,112,133,0
MOV,5,20210212,090000,115,115,112,112,130,0
MOV,5,20210212,091000,112,112,112,112,45,0
MOV,5,20210212,091500,114,114,110,110,105,0
MOV,5,20210212,092500,114,114,114,114,5,0
MOV,5,20210212,094000,110,110,110,110,10,0
MOV,5,20210212,094500,113,113,113,113,10,0
MOV,5,20210212,095500,113,113.5,113,113.5,10,0
MOV,5,20210212,101000,113.5,113.5,113.5,113.5,30,0
MOV,5,20210212,101500,112,112,112,112,9,0
MOV,5,20210212,103500,112,113.5,112,113.5,10,0
MOV,5,20210212,112000,113,114,113,114,258,0
MOV,5,20210212,113500,114.5,114.5,114.5,114.5,5,0
MOV,5,20210212,114500,111.5,111.5,111.5,111.5,25,0
MOV,5,20210212,115500,111.5,111.5,111.5,111.5,12,0
MOV,5,20210212,123000,114,114,114,114,9,0
MOV,5,20210212,133000,113.5,113.5,111.5,111.5,56,0
MOV,5,20210212,133500,111.5,111.5,111.5,111.5,50,0
MOV,5,20210212,135500,111.5,111.5,111.5,111.5,10,0
MOV,5,20210212,141000,113.5,113.5,113.5,113.5,29,0
MOV,5,20210212,142000,113.5,113.5,113.5,113.5,123,0
MOV,5,20210212,143500,113.5,113.5,113.5,113.5,98,0
MOV,5,20210212,150000,114,114,114,114,127,0
MOV,5,20210212,151000,114,114.5,114,114.5,81,0
MOV,5,20210212,153000,114.5,114.5,113.5,113.5,81,0
MOV,5,20210212,154500,115,115,115,115,40,0
MOV,5,20210212,160000,114.5,114.5,114.5,114.5,40,0
MOV,5,20210212,160500,115,115,115,115,3,0
MOV,5,20210212,161500,114,114,114,114,30,0
MOV,5,20210212,164500,115,115,115,115,255,0
MOV,5,20210215,090000,115.5,116,115.5,115.5,451,0
MOV,5,20210215,092000,115.5,115.5,115.5,115.5,4,0
MOV,5,20210215,092500,115.5,115.5,115.5,115.5,40,0
MOV,5,20210215,093000,116,116,115.5,115.5,19,0
MOV,5,20210215,094500,115,115.5,115,115.5,71,0
MOV,5,20210215,095000,115.5,115.5,115.5,115.5,116,0
MOV,5,20210215,095500,115.5,116,115.5,116,14,0
MOV,5,20210215,100500,115,115,114.5,114.5,30,0
MOV,5,20210215,101500,115,115,115,115,40,0
MOV,5,20210215,113000,114.5,114.5,114.5,114.5,100,0
MOV,5,20210215,113500,115,115,114.5,114.5,84,0
MOV,5,20210215,114500,114.5,114.5,114,114,63,0
MOV,5,20210215,115000,115,115,115,115,2,0
MOV,5,20210215,120500,115,115,115,115,15,0
MOV,5,20210215,121000,115,115,115,115,30,0
MOV,5,20210215,122500,115,115,115,115,9,0
MOV,5,20210215,125500,114.5,114.5,114.5,114.5,17,0
MOV,5,20210215,130000,114,114,114,114,53,0
MOV,5,20210215,132500,115,115,115,115,30,0
MOV,5,20210215,133000,114.5,114.5,114.5,114.5,30,0
MOV,5,20210215,134500,115,115,114.5,114.5,60,0
MOV,5,20210215,135500,114.5,114.5,114.5,114.5,46,0
MOV,5,20210215,140000,114,114,114,114,435,0
MOV,5,20210215,141500,113,115,113,115,122,0
MOV,5,20210215,142000,113,113,113,113,1000,0
MOV,5,20210215,142500,113,113.5,112.5,113,6555,0
MOV,5,20210215,144000,113,113,113,113,50,0
MOV,5,20210215,154000,114,114,114,114,10,0
MOV,5,20210215,154500,114,114,114,114,43,0
MOV,5,20210215,155000,114,114,113.5,113.5,37,0
MOV,5,20210215,155500,114,114,114,114,10,0
MOV,5,20210215,162000,113.5,113.5,113.5,113.5,10,0
MOV,5,20210215,162500,113.5,113.5,112.5,112.5,188,0
MOV,5,20210215,163000,112.5,112.5,112.5,112.5,100,0
MOV,5,20210215,164000,112.5,112.5,112.5,112.5,4,0
MOV,5,20210215,164500,114,114.5,114,114.5,498,0
MOV,5,20210216,090000,114,114,114,114,43,0
MOV,5,20210216,091500,114,114,114,114,14,0
MOV,5,20210216,092000,115,115,113,113,54,0
MOV,5,20210216,094000,114,114,114,114,10,0
MOV,5,20210216,094500,115,115,115,115,20,0
MOV,5,20210216,095500,114,114,113,113,193,0
MOV,5,20210216,100000,113,113,113,113,450,0
MOV,5,20210216,100500,115,115,115,115,18,0
MOV,5,20210216,101500,114,114,114,114,50,0
MOV,5,20210216,110000,114.5,115.5,114.5,115.5,487,0
MOV,5,20210216,110500,115.5,116,115.5,116,57,0
MOV,5,20210216,111000,115.5,121,115.5,120.5,2326,0
MOV,5,20210216,111500,120.5,120.5,119,119,37,0
MOV,5,20210216,112000,120.5,120.5,119,119,120,0
MOV,5,20210216,113000,119,119.5,119,119,267,0
MOV,5,20210216,113500,119,119,119,119,270,0
MOV,5,20210216,114000,119.5,121,119.5,121,507,0
MOV,5,20210216,114500,120.5,120.5,120.5,120.5,43,0
MOV,5,20210216,115000,120,121,119.5,121,189,0
MOV,5,20210216,115500,120,121,120,121,34,0
MOV,5,20210216,120000,120,121,120,121,28,0
MOV,5,20210216,120500,120,120,120,120,39,0
MOV,5,20210216,121000,120,120.5,120,120.5,33,0
MOV,5,20210216,122000,120,121,118,121,226,0
MOV,5,20210216,122500,117.5,120.5,117.5,117.5,36,0
MOV,5,20210216,123500,119,119,119,119,15,0
MOV,5,20210216,124000,119,119,119,119,17,0
MOV,5,20210216,125000,118.5,118.5,118.5,118.5,15,0
MOV,5,20210216,125500,119,119,119,119,59,0
MOV,5,20210216,130500,119,119,119,119,20,0
MOV,5,20210216,131500,119,119,119,119,59,0
MOV,5,20210216,132000,119.5,119.5,119.5,119.5,40,0
MOV,5,20210216,132500,120,120,119.5,119.5,24,0
MOV,5,20210216,135000,119,119,119,119,27,0
MOV,5,20210216,140500,118.5,118.5,118.5,118.5,11,0
MOV,5,20210216,141000,118,118,117.5,117.5,70,0
MOV,5,20210216,142000,118.5,118.5,118.5,118.5,1,0
MOV,5,20210216,142500,118.5,118.5,118.5,118.5,443,0
MOV,5,20210216,145500,117.5,118,117.5,118,27,0
MOV,5,20210216,150000,118,118,118,118,27,0
MOV,5,20210216,150500,118,118,118,118,10,0
MOV,5,20210216,154000,117,117,116,116,43,0
MOV,5,20210216,155000,117,117,116,116,30,0
MOV,5,20210216,160500,117.5,118,117.5,118,48,0
MOV,5,20210216,161000,118,118,118,118,5,0
MOV,5,20210216,162000,118,118,118,118,11,0
MOV,5,20210216,163000,118,118,118,118,60,0
MOV,5,20210216,164000,118,118,118,118,43,0
MOV,5,20210216,164500,118,118,118,118,99,0
MOV,5,20210217,090000,120,121,120,120.5,888,0
MOV,5,20210217,090500,120,120.5,120,120.5,140,0
MOV,5,20210217,091000,120,120.5,120,120.5,54,0
MOV,5,20210217,091500,120,120,120,120,11,0
MOV,5,20210217,092000,120,120.5,120,120.5,5,0
MOV,5,20210217,092500,120.5,120.5,120.5,120.5,45,0
MOV,5,20210217,093000,121,121,121,121,35,0
MOV,5,20210217,093500,120.5,120.5,120,120,20,0
MOV,5,20210217,094000,120.5,121,120.5,120.5,171,0
MOV,5,20210217,094500,121,121,119.5,119.5,86,0
MOV,5,20210217,095000,119.5,121,119.5,121,194,0
MOV,5,20210217,100000,121,121,121,121,200,0
MOV,5,20210217,100500,121,121,121,121,18,0
MOV,5,20210217,102500,120,120,119,119,81,0
MOV,5,20210217,104000,119,121,119,121,112,0
MOV,5,20210217,104500,121,121.5,121,121.5,175,0
MOV,5,20210217,105500,121,121.5,121,121.5,27,0
MOV,5,20210217,110500,121,121.5,121,121.5,22,0
MOV,5,20210217,111000,121.5,124.5,121.5,124.5,563,0
MOV,5,20210217,111500,124,124,121.5,123,260,0
MOV,5,20210217,112000,123,124,121,124,214,0
MOV,5,20210217,112500,121.5,121.5,121.5,121.5,90,0
MOV,5,20210217,113000,124,124,121.5,121.5,35,0
MOV,5,20210217,114000,122,122,122,122,10,0
MOV,5,20210217,115000,121.5,123.5,121.5,123.5,33,0
MOV,5,20210217,115500,121.5,123.5,121.5,123.5,68,0
MOV,5,20210217,120000,121.5,121.5,121.5,121.5,38,0
MOV,5,20210217,120500,121.5,123.5,121.5,123.5,23,0
MOV,5,20210217,121000,121.5,121.5,121,121,200,0
MOV,5,20210217,121500,121,121,120.5,120.5,55,0
MOV,5,20210217,122000,120.5,120.5,120.5,120.5,10,0
MOV,5,20210217,122500,120.5,120.5,120.5,120.5,50,0
MOV,5,20210217,123000,120.5,120.5,120,120,911,0
MOV,5,20210217,123500,120,120,120,120,30,0
MOV,5,20210217,124000,122,122,122,122,10,0
MOV,5,20210217,124500,120,120,120,120,7,0
MOV,5,20210217,125000,122,122,122,122,9,0
MOV,5,20210217,131000,120,122,120,122,35,0
MOV,5,20210217,132000,122,122,122,122,13,0
MOV,5,20210217,132500,122,122,122,122,100,0
MOV,5,20210217,134000,120,120,120,120,192,0
MOV,5,20210217,134500,120,120,119,119,140,0
MOV,5,20210217,135000,119.5,119.5,119,119,55,0
MOV,5,20210217,135500,122,122,122,122,68,0
MOV,5,20210217,142000,121,122,121,122,96,0
MOV,5,20210217,144000,122,122,122,122,43,0
MOV,5,20210217,145500,120.5,120.5,120,120,60,0
MOV,5,20210217,152000,120,120,120,120,10,0
MOV,5,20210217,153000,119,119,119,119,100,0
MOV,5,20210217,153500,120,120,120,120,6,0
MOV,5,20210217,155000,120,120,120,120,1,0
MOV,5,20210217,160000,120,120,120,120,60,0
MOV,5,20210217,160500,120,120,120,120,30,0
MOV,5,20210217,161000,120,120,120,120,24,0
MOV,5,20210217,162000,119.5,119.5,119,119,88,0
MOV,5,20210217,162500,120,120,120,120,5,0
MOV,5,20210217,163500,120,120,120,120,85,0
MOV,5,20210217,164500,120,121,120,121,30,0
MOV,5,20210218,090000,118.5,118.5,118,118,101,0
MOV,5,20210218,090500,117.5,119.5,116.5,119.5,221,0
MOV,5,20210218,091000,119.5,119.5,119.5,119.5,18,0
MOV,5,20210218,091500,118,120,118,120,224,0
MOV,5,20210218,092000,119.5,119.5,119.5,119.5,20,0
MOV,5,20210218,092500,117.5,117.5,117,117,45,0
MOV,5,20210218,093000,117,117,117,117,9,0
MOV,5,20210218,093500,119,119,119,119,79,0
MOV,5,20210218,094000,119,119,119,119,87,0
MOV,5,20210218,094500,117.5,117.5,117.5,117.5,30,0
MOV,5,20210218,095000,119,119,119,119,18,0
MOV,5,20210218,100500,118,118,117.5,117.5,80,0
MOV,5,20210218,101500,117.5,117.5,117.5,117.5,37,0
MOV,5,20210218,102000,117.5,118,117.5,117.5,46,0
MOV,5,20210218,102500,117.5,117.5,117.5,117.5,4,0
MOV,5,20210218,103500,117.5,118.5,117,117,158,0
MOV,5,20210218,104000,118.5,118.5,118.5,118.5,86,0
MOV,5,20210218,104500,117.5,117.5,117.5,117.5,10,0
MOV,5,20210218,105500,119,119,119,119,20,0
MOV,5,20210218,111000,119,119,119,119,8,0
MOV,5,20210218,114000,117.5,117.5,117.5,117.5,10,0
MOV,5,20210218,114500,117.5,117.5,117.5,117.5,36,0
MOV,5,20210218,115500,118.5,118.5,118.5,118.5,5,0
MOV,5,20210218,121500,118,118,118,118,20,0
MOV,5,20210218,132500,118,118,118,118,20,0
MOV,5,20210218,133000,118,118,117.5,117.5,10,0
MOV,5,20210218,134500,118.5,118.5,118.5,118.5,20,0
MOV,5,20210218,135500,118.5,118.5,118.5,118.5,10,0
MOV,5,20210218,140500,118.5,118.5,118.5,118.5,1,0
MOV,5,20210218,142000,118,118,118,118,25,0
MOV,5,20210218,143500,118,118,118,118,12,0
MOV,5,20210218,144000,118,118,118,118,70,0
MOV,5,20210218,144500,117.5,117.5,117.5,117.5,23,0
MOV,5,20210218,150000,117.5,117.5,117.5,117.5,20,0
MOV,5,20210218,151000,117.5,117.5,117.5,117.5,10,0
MOV,5,20210218,154500,117.5,117.5,117.5,117.5,100,0
MOV,5,20210218,155500,118,118,118,118,17,0
MOV,5,20210218,161000,117.5,117.5,117.5,117.5,137,0
MOV,5,20210218,162000,117.5,117.5,117,117,21,0
MOV,5,20210218,163000,117,117,117,117,369,0
MOV,5,20210218,163500,117,117,116,116,231,0
MOV,5,20210218,164500,117,117,117,117,180,0
MOV,5,20210219,090000,118.5,118.5,118.5,118.5,5,0
MOV,5,20210219,090500,118,118,115,115,59,0
MOV,5,20210219,091500,118,118,118,118,37,0
MOV,5,20210219,093500,117.5,118,117.5,117.5,43,0
MOV,5,20210219,094000,118,118,118,118,10,0
MOV,5,20210219,095000,116.5,116.5,114,114,244,0
MOV,5,20210219,095500,117.5,118,117.5,118,20,0
MOV,5,20210219,101000,117.5,117.5,117.5,117.5,1,0
MOV,5,20210219,104000,117.5,117.5,117.5,117.5,5,0
MOV,5,20210219,105500,117.5,119,117.5,119,342,0
MOV,5,20210219,110000,118.5,118.5,116,116,18,0
MOV,5,20210219,110500,116,116,115.5,115.5,22,0
MOV,5,20210219,112000,116,116,115,115,68,0
MOV,5,20210219,113000,115,115,115,115,7,0
MOV,5,20210219,114500,115,115,115,115,10,0
MOV,5,20210219,115000,115,115,115,115,11,0
MOV,5,20210219,120500,116.5,116.5,116.5,116.5,3,0
MOV,5,20210219,125000,116.5,116.5,115.5,115.5,10,0
MOV,5,20210219,130000,116.5,116.5,116.5,116.5,2,0
MOV,5,20210219,132000,116.5,116.5,116.5,116.5,20,0
MOV,5,20210219,133000,115.5,115.5,115,115,30,0
MOV,5,20210219,135000,115,115,115,115,13,0
MOV,5,20210219,140500,115,115,115,115,24,0
MOV,5,20210219,141000,115,115,115,115,36,0
MOV,5,20210219,143000,115,115,115,115,6,0
MOV,5,20210219,144500,114.5,114.5,114,114,78,0
MOV,5,20210219,145000,114,114,114,114,2,0
MOV,5,20210219,151500,114,114,114,114,69,0
MOV,5,20210219,154500,115,115,115,115,134,0
MOV,5,20210219,155000,115,115,115,115,23,0
MOV,5,20210219,155500,115.5,115.5,115.5,115.5,9,0
MOV,5,20210219,161500,114.5,114.5,114.5,114.5,30,0
MOV,5,20210219,162000,116,116,116,116,11,0
MOV,5,20210219,164500,116,116,116,116,360,0
MOV,5,20210222,090000,115,115,114,114,213,0
MOV,5,20210222,090500,113.5,113.5,113.5,113.5,11,0
MOV,5,20210222,091000,113.5,114,112.5,113,61,0
MOV,5,20210222,091500,114,114,114,114,87,0
MOV,5,20210222,092000,114,114,114,114,42,0
MOV,5,20210222,092500,112.5,114,112.5,114,56,0
MOV,5,20210222,093000,111,114,111,114,64,0
MOV,5,20210222,093500,114,114,114,114,61,0
MOV,5,20210222,095000,112,113.5,112,113.5,21,0
MOV,5,20210222,095500,114,114,114,114,101,0
MOV,5,20210222,100000,115,115,115,115,8,0
MOV,5,20210222,101000,114.5,114.5,112,112,414,0
MOV,5,20210222,101500,112,112,112,112,70,0
MOV,5,20210222,102500,112,112,111,111,270,0
MOV,5,20210222,103000,114,114,114,114,5,0
MOV,5,20210222,103500,112,112,111,111,186,0
MOV,5,20210222,104000,111,111,111,111,34,0
MOV,5,20210222,104500,111,111,111,111,3,0
MOV,5,20210222,105000,113,113,113,113,10,0
MOV,5,20210222,105500,111.5,111.5,111.5,111.5,6,0
MOV,5,20210222,110500,112,114,111,114,595,0
MOV,5,20210222,111000,111,111,110.5,111,272,0
MOV,5,20210222,115500,114,114,114,114,20,0
MOV,5,20210222,121000,112,112,111,111,153,0
MOV,5,20210222,122500,111,111,110.5,110.5,100,0
MOV,5,20210222,123000,110.5,110.5,110.5,110.5,4,0
MOV,5,20210222,131000,113.5,113.5,113.5,113.5,12,0
MOV,5,20210222,133500,111.5,111.5,111.5,111.5,10,0
MOV,5,20210222,141000,113.5,113.5,113.5,113.5,10,0
MOV,5,20210222,145500,112,112,112,112,20,0
MOV,5,20210222,150000,112.5,112.5,112.5,112.5,10,0
MOV,5,20210222,151500,113,113.5,113,113.5,45,0
MOV,5,20210222,160000,113.5,113.5,113.5,113.5,17,0
MOV,5,20210222,160500,113.5,114,113.5,114,4,0
MOV,5,20210222,164500,113,114,112.5,114,123,0
MOV,5,20210223,090000,114.5,114.5,114.5,114.5,16,0
MOV,5,20210223,092000,114,114.5,114,114.5,149,0
MOV,5,20210223,092500,114,114,114,114,20,0
MOV,5,20210223,093000,114,114,114,114,309,0
MOV,5,20210223,093500,114,114,114,114,60,0
MOV,5,20210223,095500,114,114,114,114,40,0
MOV,5,20210223,101500,114,115,114,115,114,0
MOV,5,20210223,102500,114,114,114,114,30,0
MOV,5,20210223,105500,113.5,113.5,113.5,113.5,23,0
MOV,5,20210223,110000,113.5,113.5,113.5,113.5,8,0
MOV,5,20210223,111500,113.5,113.5,113.5,113.5,10,0
MOV,5,20210223,112500,113.5,113.5,113,113,40,0
MOV,5,20210223,114000,113,113,113,113,72,0
MOV,5,20210223,120500,113,113,113,113,15,0
MOV,5,20210223,130500,114,114,114,114,8,0
MOV,5,20210223,131500,113,113,113,113,2,0
MOV,5,20210223,132000,113,113,113,113,9,0
MOV,5,20210223,132500,112.5,112.5,112.5,112.5,98,0
MOV,5,20210223,134000,113,114,112.5,114,260,0
MOV,5,20210223,134500,115,117,115,117,297,0
MOV,5,20210223,135500,116.5,118,114,114,107,0
MOV,5,20210223,140000,114,114,114,114,150,0
MOV,5,20210223,140500,112.5,118,112,112.5,160,0
MOV,5,20210223,141500,116.5,116.5,116.5,116.5,20,0
MOV,5,20210223,142500,116.5,116.5,116.5,116.5,4,0
MOV,5,20210223,143500,116.5,116.5,116.5,116.5,30,0
MOV,5,20210223,144000,114,114,114,114,32,0
MOV,5,20210223,145000,114,116,114,116,82,0
MOV,5,20210223,152500,115.5,115.5,115.5,115.5,23,0
MOV,5,20210223,154500,114,114,114,114,24,0
MOV,5,20210223,155500,113,113,112.5,112.5,130,0
MOV,5,20210223,160000,112.5,112.5,112.5,112.5,35,0
MOV,5,20210223,161000,112.5,112.5,112.5,112.5,134,0
MOV,5,20210223,161500,112,112,112,112,50,0
MOV,5,20210223,162000,112,112,112,112,46,0
MOV,5,20210223,162500,113,113,113,113,10,0
MOV,5,20210223,163000,113,113,113,113,10,0
MOV,5,20210223,163500,112.5,112.5,111.5,111.5,406,0
MOV,5,20210223,164000,111.5,111.5,111.5,111.5,134,0
MOV,5,20210223,164500,113,113,112.5,112.5,118,0
MOV,5,20210224,090000,115.5,115.5,115.5,115.5,100,0
MOV,5,20210224,092500,115,115,115,115,47,0
MOV,5,20210224,100500,115,115.5,115,115.5,44,0
MOV,5,20210224,103500,113.5,113.5,113.5,113.5,10,0
MOV,5,20210224,104500,115,115,115,115,9,0
MOV,5,20210224,120000,114,114,114,114,2,0
MOV,5,20210224,122000,113.5,113.5,113,113,112,0
MOV,5,20210224,123000,114,114,114,114,10,0
MOV,5,20210224,133000,113.5,113.5,113,113,10,0
MOV,5,20210224,134000,114,114,114,114,49,0
MOV,5,20210224,135000,113,113,112.5,112.5,200,0
MOV,5,20210224,140000,115,115,115,115,16,0
MOV,5,20210224,145500,114,114,114,114,33,0
MOV,5,20210224,150000,113.5,113.5,113.5,113.5,3,0
MOV,5,20210224,150500,113.5,115,113.5,115,268,0
MOV,5,20210224,154500,115,115,115,115,130,0
MOV,5,20210224,162000,115,115,115,115,21,0
MOV,5,20210224,162500,115,115,115,115,9,0
MOV,5,20210224,163000,115.5,115.5,115,115.5,18,0
MOV,5,20210224,165500,115.5,115.5,115.5,115.5,40,0
MOV,5,20210225,090000,116,117,116,117,106,0
MOV,5,20210225,091000,116.5,117.5,116.5,117.5,201,0
MOV,5,20210225,091500,117.5,118,117,118,82,0
MOV,5,20210225,092000,117.5,118,117.5,118,100,0
MOV,5,20210225,093000,116.5,116.5,116.5,116.5,50,0
MOV,5,20210225,093500,117.5,118,116.5,116.5,394,0
MOV,5,20210225,094000,118,118,118,118,9,0
MOV,5,20210225,104500,117,117,117,117,9,0
MOV,5,20210225,110500,116.5,116.5,116,116,88,0
MOV,5,20210225,111000,116,116,116,116,104,0
MOV,5,20210225,124000,115.5,115.5,115.5,115.5,7,0
MOV,5,20210225,124500,115.5,115.5,115.5,115.5,5,0
MOV,5,20210225,131000,116,116,116,116,5,0
MOV,5,20210225,133500,115.5,115.5,114.5,114.5,50,0
MOV,5,20210225,135000,115,115,114,114,81,0
MOV,5,20210225,140000,114,114,114,114,80,0
MOV,5,20210225,140500,114,116,113,116,148,0
MOV,5,20210225,141000,116,116,116,116,2,0
MOV,5,20210225,143500,115.5,115.5,115.5,115.5,5,0
MOV,5,20210225,145000,115.5,115.5,115.5,115.5,5,0
MOV,5,20210225,145500,115.5,116,115.5,116,149,0
MOV,5,20210225,155000,116,116,116,116,45,0
MOV,5,20210225,160000,115.5,115.5,115.5,115.5,10,0
MOV,5,20210225,160500,115,115,115,115,9,0
MOV,5,20210225,161500,115,115,115,115,5,0
MOV,5,20210225,163000,114,114,114,114,63,0
MOV,5,20210225,164500,114,114,114,114,37,0
MOV,5,20210226,090000,112.5,112.5,112.5,112.5,20,0
MOV,5,20210226,090500,111.5,113,111.5,111.5,126,0
MOV,5,20210226,091000,112,112,112,112,17,0
MOV,5,20210226,092000,112.5,112.5,111.5,111.5,56,0
MOV,5,20210226,092500,112.5,112.5,111.5,111.5,14,0
MOV,5,20210226,093000,112,112,112,112,20,0
MOV,5,20210226,093500,111.5,111.5,111.5,111.5,15,0
MOV,5,20210226,094000,111.5,111.5,111,111,75,0
MOV,5,20210226,101000,111,111,111,111,7,0
MOV,5,20210226,102000,111,111,111,111,6,0
MOV,5,20210226,103500,112,112,112,112,140,0
MOV,5,20210226,112500,112,112,111,111.5,111,0
MOV,5,20210226,113000,111,111.5,111,111.5,34,0
MOV,5,20210226,113500,111,111,111,111,20,0
MOV,5,20210226,115500,111,111,111,111,25,0
MOV,5,20210226,120000,111,111,111,111,50,0
MOV,5,20210226,131000,112,112,112,112,6,0
MOV,5,20210226,140500,111.5,111.5,111,111,170,0
MOV,5,20210226,142500,111.5,112,111.5,112,689,0
MOV,5,20210226,143000,112.5,113,112.5,113,111,0
MOV,5,20210226,144000,113,114,113,114,30,0
MOV,5,20210226,151000,113.5,113.5,113.5,113.5,6,0
MOV,5,20210226,152000,114,114,114,114,3,0
MOV,5,20210226,153000,113,114,113,114,6,0
MOV,5,20210226,154000,112.5,112.5,112.5,112.5,79,0
MOV,5,20210226,155000,113,113,111,111,420,0
MOV,5,20210226,155500,111,111,111,111,35,0
MOV,5,20210226,161500,111.5,111.5,111,111,100,0
MOV,5,20210226,162500,111,111,111,111,25,0
MOV,5,20210226,163500,111.5,111.5,111,111,37,0
MOV,5,20210226,164000,111,111,111,111,52,0
MOV,5,20210226,164500,112,112,112,112,46,0
MOV,5,20210301,090000,110.5,111,110.5,111,83,0
MOV,5,20210301,090500,111,111,111,111,91,0
MOV,5,20210301,091500,111,111,111,111,100,0
MOV,5,20210301,092000,111,111,111,111,150,0
MOV,5,20210301,092500,112,112,112,112,10,0
MOV,5,20210301,094500,110.5,112,110,112,178,0
MOV,5,20210301,100000,112,112,112,112,69,0
MOV,5,20210301,103500,113.5,114.5,113.5,114.5,42,0
MOV,5,20210301,104500,112,112,112,112,100,0
MOV,5,20210301,105000,112,112,112,112,12,0
MOV,5,20210301,105500,114,114.5,112,114.5,45,0
MOV,5,20210301,110000,114,114,114,114,20,0
MOV,5,20210301,111000,114,114,114,114,11,0
MOV,5,20210301,111500,112,112,112,112,80,0
MOV,5,20210301,113000,114,114,114,114,10,0
MOV,5,20210301,121500,113,114,113,114,33,0
MOV,5,20210301,122500,114,114,114,114,6,0
MOV,5,20210301,132000,114,114,114,114,40,0
MOV,5,20210301,133000,113,114,113,114,46,0
MOV,5,20210301,145000,114,114,114,114,5,0
MOV,5,20210301,145500,113,113,113,113,2,0
MOV,5,20210301,154500,113,114,113,114,50,0
MOV,5,20210301,161500,113,113,113,113,30,0
MOV,5,20210301,163000,113,113,113,113,1,0
MOV,5,20210301,164500,114.5,114.5,114.5,114.5,16,0
MOV,5,20210302,090000,112.5,112.5,112.5,112.5,12,0
MOV,5,20210302,090500,112,112.5,112,112.5,17,0
MOV,5,20210302,092500,112,112,112,112,1,0
MOV,5,20210302,093500,112,112,112,112,13,0
MOV,5,20210302,094000,111.5,111.5,111.5,111.5,45,0
MOV,5,20210302,095000,111,113.5,111,113.5,16,0
MOV,5,20210302,102500,113.5,113.5,113.5,113.5,16,0
MOV,5,20210302,103000,114,114,114,114,6,0
MOV,5,20210302,114500,113,113.5,113,113.5,32,0
MOV,5,20210302,115000,114,114,114,114,7,0
MOV,5,20210302,120000,113.5,113.5,113.5,113.5,30,0
MOV,5,20210302,123000,113,113,113,113,10,0
MOV,5,20210302,130000,113,113,113,113,39,0
MOV,5,20210302,143000,113,113,113,113,43,0
MOV,5,20210302,160000,112.5,112.5,112,112,75,0
MOV,5,20210302,163000,113,113,113,113,8,0
MOV,5,20210302,164500,113,113,113,113,12,0
MOV,5,20210303,090000,113,113,113,113,4,0
MOV,5,20210303,091000,112,112,111,111,168,0
MOV,5,20210303,092000,111,111,108,109,112,0
MOV,5,20210303,092500,109,113,108,113,45,0
MOV,5,20210303,094500,112.5,113,112.5,113,45,0
MOV,5,20210303,100500,110,110,110,110,8,0
MOV,5,20210303,102500,113,113,113,113,6,0
MOV,5,20210303,110000,111,111,110,110,300,0
MOV,5,20210303,112000,110,110,110,110,74,0
MOV,5,20210303,112500,109.5,109.5,108.5,108.5,150,0
MOV,5,20210303,113500,109.5,109.5,109.5,109.5,21,0
MOV,5,20210303,115500,112,112,112,112,5,0
MOV,5,20210303,120500,110,110,110,110,5,0
MOV,5,20210303,123000,112,112.5,112,112.5,30,0
MOV,5,20210303,124000,110.5,110.5,110.5,110.5,10,0
MOV,5,20210303,131000,110.5,112,109,112,220,0
MOV,5,20210303,131500,111.5,111.5,109,109,31,0
MOV,5,20210303,133500,110,111.5,110,111.5,14,0
MOV,5,20210303,134000,111.5,112,111.5,112,52,0
MOV,5,20210303,151000,110.5,110.5,110.5,110.5,20,0
MOV,5,20210303,152500,111.5,111.5,111.5,111.5,10,0
MOV,5,20210303,162000,110,110,110,110,25,0
MOV,5,20210303,162500,110.5,111.5,110.5,111.5,40,0
MOV,5,20210303,164500,111.5,111.5,111.5,111.5,25,0
MOV,5,20210304,090000,111,111,111,111,20,0
MOV,5,20210304,091500,109,109,105,106,537,0
MOV,5,20210304,092000,105.5,110,105.5,110,23,0
MOV,5,20210304,093500,109,109.5,106,109.5,269,0
MOV,5,20210304,094000,108,108,108,108,24,0
MOV,5,20210304,101500,107,107,106,106.5,282,0
MOV,5,20210304,102000,107.5,109.5,107.5,109.5,83,0
MOV,5,20210304,103000,108,109.5,108,109.5,70,0
MOV,5,20210304,104000,109.5,110,109.5,110,90,0
MOV,5,20210304,111000,107.5,107.5,107,107,22,0
MOV,5,20210304,111500,107.5,107.5,107,107,44,0
MOV,5,20210304,112500,109,109,109,109,1,0
MOV,5,20210304,113000,109,109,109,109,9,0
MOV,5,20210304,120000,108,108,106.5,106.5,249,0
MOV,5,20210304,121000,106.5,106.5,106.5,106.5,4,0
MOV,5,20210304,121500,107,107,107,107,50,0
MOV,5,20210304,123500,108,108,107,107,60,0
MOV,5,20210304,124500,108,108,108,108,10,0
MOV,5,20210304,125500,108,108,108,108,23,0
MOV,5,20210304,130500,108,108,108,108,27,0
MOV,5,20210304,134000,108,108,107,107,131,0
MOV,5,20210304,140000,107,107,107,107,15,0
MOV,5,20210304,140500,107,107,107,107,19,0
MOV,5,20210304,141000,106.5,106.5,106.5,106.5,104,0
MOV,5,20210304,142500,106.5,106.5,106.5,106.5,300,0
MOV,5,20210304,144500,108.5,108.5,108.5,108.5,19,0
MOV,5,20210304,145000,107,107,106,106,220,0
MOV,5,20210304,150000,108.5,109,108.5,109,2,0
MOV,5,20210304,152500,107,107,106,106,133,0
MOV,5,20210304,154000,108,108,108,108,15,0
MOV,5,20210304,155000,109,109,109,109,5,0
MOV,5,20210304,160500,108,108,108,108,18,0
MOV,5,20210304,161500,108.5,108.5,108.5,108.5,6,0
MOV,5,20210304,163000,109,109,109,109,8,0
MOV,5,20210304,164000,109,109,109,109,9,0
MOV,5,20210304,164500,109,109,109,109,53,0
MOV,5,20210305,090000,106.5,106.5,106,106,55,0
MOV,5,20210305,090500,108,108,108,108,5,0
MOV,5,20210305,091000,108,108,108,108,35,0
MOV,5,20210305,093000,108,108,108,108,20,0
MOV,5,20210305,093500,108,108,108,108,130,0
MOV,5,20210305,094000,107.5,108.5,107.5,108.5,19,0
MOV,5,20210305,094500,108.5,108.5,108.5,108.5,26,0
MOV,5,20210305,095000,109,109,109,109,6,0
MOV,5,20210305,095500,109,109,108.5,108.5,46,0
MOV,5,20210305,100500,108.5,108.5,108.5,108.5,20,0
MOV,5,20210305,101000,109,109,109,109,4,0
MOV,5,20210305,111000,109,109,109,109,27,0
MOV,5,20210305,113000,109,109,109,109,12,0
MOV,5,20210305,120000,109,109,109,109,46,0
MOV,5,20210305,121500,108.5,108.5,108,108,205,0
MOV,5,20210305,123000,109,109,109,109,6,0
MOV,5,20210305,123500,108,108,108,108,68,0
MOV,5,20210305,124000,107,107,107,107,56,0
MOV,5,20210305,125000,107,107,107,107,115,0
MOV,5,20210305,125500,107,109,107,109,67,0
MOV,5,20210305,134000,109,109,106.5,106.5,213,0
MOV,5,20210305,135000,108.5,108.5,108.5,108.5,6,0
MOV,5,20210305,150500,108,108,108,108,21,0
MOV,5,20210305,151000,108,108,108,108,23,0
MOV,5,20210305,152000,108,108,108,108,2,0
MOV,5,20210305,152500,108.5,109,108.5,109,15,0
MOV,5,20210305,153000,108,108,108,108,6,0
MOV,5,20210305,154500,109,109,109,109,1,0
MOV,5,20210305,155500,109,110,109,110,155,0
MOV,5,20210305,160500,110,111,110,111,250,0
MOV,5,20210305,161000,111,111,111,111,28,0
MOV,5,20210305,162500,110,110,110,110,76,0
MOV,5,20210305,163000,110,110,110,110,5,0
MOV,5,20210305,163500,109,110,109,110,4,0
MOV,5,20210305,164500,110,110,110,110,12,0
MOV,5,20210308,090500,111,111,111,111,5,0
MOV,5,20210308,091000,110.5,111,110,111,54,0
MOV,5,20210308,093000,110.5,110.5,110.5,110.5,40,0
MOV,5,20210308,094000,109,109,109,109,87,0
MOV,5,20210308,100500,108.5,108.5,107.5,108,79,0
MOV,5,20210308,101000,108,109.5,108,109.5,294,0
MOV,5,20210308,101500,109.5,110.5,109.5,110.5,146,0
MOV,5,20210308,102000,110.5,110.5,110.5,110.5,65,0
MOV,5,20210308,104500,109.5,109.5,108,108,140,0
MOV,5,20210308,105000,107.5,107.5,107.5,107.5,14,0
MOV,5,20210308,110000,107.5,107.5,107.5,107.5,96,0
MOV,5,20210308,111000,109,109,109,109,2,0
MOV,5,20210308,112000,109,110,109,110,20,0
MOV,5,20210308,113000,109.5,109.5,109.5,109.5,10,0
MOV,5,20210308,115500,109,109,109,109,5,0
MOV,5,20210308,121000,107.5,110,107.5,110,100,0
MOV,5,20210308,121500,109.5,110,109.5,110,28,0
MOV,5,20210308,122000,107.5,110.5,107.5,110.5,50,0
MOV,5,20210308,123500,107.5,107.5,107,107,23,0
MOV,5,20210308,125500,107.5,107.5,107,107,180,0
MOV,5,20210308,132500,108,109.5,107,109.5,32,0
MOV,5,20210308,135500,109.5,109.5,109.5,109.5,39,0
MOV,5,20210308,140000,107.5,109.5,107.5,109.5,45,0
MOV,5,20210308,153000,109,110,109,110,98,0
MOV,5,20210308,161000,110,110,110,110,10,0
MOV,5,20210308,161500,110,110,110,110,33,0
MOV,5,20210308,162000,110,110,110,110,3,0
MOV,5,20210308,162500,110,110,110,110,64,0
MOV,5,20210308,164500,109,110.5,109,110.5,456,0
MOV,5,20210309,090000,110,110,109.5,109.5,193,0
MOV,5,20210309,090500,109,109,108,108,39,0
MOV,5,20210309,091500,108,108,107.5,107.5,141,0
MOV,5,20210309,092000,107.5,107.5,107.5,107.5,72,0
MOV,5,20210309,094500,108,108,108,108,30,0
MOV,5,20210309,095000,108,108,107,107,375,0
MOV,5,20210309,095500,106.5,106.5,106.5,106.5,2,0
MOV,5,20210309,102000,107,107,107,107,30,0
MOV,5,20210309,102500,107,107,107,107,37,0
MOV,5,20210309,110000,108.5,109,108.5,109,38,0
MOV,5,20210309,110500,109,109,109,109,2,0
MOV,5,20210309,111000,109.5,110,109.5,110,150,0
MOV,5,20210309,111500,110,111.5,110,111.5,384,0
MOV,5,20210309,112500,111,111.5,111,111.5,68,0
MOV,5,20210309,113000,111.5,111.5,111.5,111.5,20,0
MOV,5,20210309,114000,112,112,112,112,33,0
MOV,5,20210309,114500,111.5,111.5,111.5,111.5,28,0
MOV,5,20210309,120000,109.5,109.5,108,108,243,0
MOV,5,20210309,120500,110,110,110,110,120,0
MOV,5,20210309,121000,110.5,111.5,110.5,111.5,40,0
MOV,5,20210309,121500,110,110,110,110,51,0
MOV,5,20210309,122000,111.5,111.5,111.5,111.5,25,0
MOV,5,20210309,130000,110,110,110,110,6,0
MOV,5,20210309,133500,111,111,111,111,2,0
MOV,5,20210309,134500,111,111.5,111,111.5,100,0
MOV,5,20210309,141000,110.5,110.5,110.5,110.5,10,0
MOV,5,20210309,141500,110.5,110.5,110.5,110.5,10,0
MOV,5,20210309,150000,109,110,108,110,236,0
MOV,5,20210309,151000,108,108,108,108,10,0
MOV,5,20210309,152000,108,108,108,108,10,0
MOV,5,20210309,153500,108,108,108,108,15,0
MOV,5,20210309,155000,110,110,110,110,5,0
MOV,5,20210309,160500,110,110,110,110,50,0
MOV,5,20210309,163000,108,108,108,108,65,0
MOV,5,20210309,164500,108,108,107.5,107.5,20,0
MOV,5,20210309,165500,109.5,109.5,109.5,109.5,30,0
MOV,5,20210310,090000,110,110,110,110,13,0
MOV,5,20210310,090500,110,110,110,110,10,0
MOV,5,20210310,091000,110,110.5,110,110.5,247,0
MOV,5,20210310,092000,110,110,110,110,83,0
MOV,5,20210310,092500,110,110,110,110,92,0
MOV,5,20210310,093000,110,110.5,110,110.5,35,0
MOV,5,20210310,093500,110.5,110.5,110.5,110.5,183,0
MOV,5,20210310,095000,110,110,110,110,244,0
MOV,5,20210310,095500,109.5,109.5,109.5,109.5,4,0
MOV,5,20210310,100500,108.5,108.5,108.5,108.5,29,0
MOV,5,20210310,101000,109.5,110,109.5,110,71,0
MOV,5,20210310,102000,108.5,110,108,110,411,0
MOV,5,20210310,102500,110,110,110,110,73,0
MOV,5,20210310,103000,110,110,110,110,7,0
MOV,5,20210310,104500,108.5,108.5,108.5,108.5,25,0
MOV,5,20210310,112500,108.5,108.5,108,108.5,100,0
MOV,5,20210310,120500,108,109.5,108,109.5,122,0
MOV,5,20210310,123000,109,109,109,109,6,0
MOV,5,20210310,123500,108,108,107,107,210,0
MOV,5,20210310,130000,109.5,109.5,109.5,109.5,5,0
MOV,5,20210310,132000,109,109.5,109,109.5,65,0
MOV,5,20210310,132500,109.5,109.5,109.5,109.5,8,0
MOV,5,20210310,133000,108.5,109.5,108.5,109.5,86,0
MOV,5,20210310,133500,110,110,109.5,110,120,0
MOV,5,20210310,135500,109.5,109.5,109.5,109.5,1,0
MOV,5,20210310,141000,109.5,110,109.5,110,151,0
MOV,5,20210310,141500,110,110,110,110,60,0
MOV,5,20210310,142000,110,110,109,109,29,0
MOV,5,20210310,142500,110,110,110,110,80,0
MOV,5,20210310,143000,110.5,110.5,110,110,18,0
MOV,5,20210310,144000,110,110,110,110,10,0
MOV,5,20210310,145000,110,110.5,110,110.5,35,0
MOV,5,20210310,151000,109,109,109,109,12,0
MOV,5,20210310,153500,110,110,110,110,2,0
MOV,5,20210310,160000,110,110.5,110,110.5,24,0
MOV,5,20210310,162000,109,109,108,108,15,0
MOV,5,20210310,162500,108,108,93.4,100.5,2508,0
MOV,5,20210310,163000,101,102.5,100.5,102,394,0
MOV,5,20210310,163500,103,105,103,104,281,0
MOV,5,20210310,164000,104,105,102,103,228,0
MOV,5,20210310,164500,103,104.5,102,104.5,275,0
MOV,5,20210311,090000,107.5,107.5,101,101,535,0
MOV,5,20210311,090500,103.5,104,103.5,104,269,0
MOV,5,20210311,091000,103,107,103,107,44,0
MOV,5,20210311,091500,105,105,105,105,10,0
MOV,5,20210311,092000,105,105,103.5,103.5,86,0
MOV,5,20210311,092500,105,105,105,105,17,0
MOV,5,20210311,093000,105,105,104,104,21,0
MOV,5,20210311,093500,104,104,102,102,190,0
MOV,5,20210311,094000,103,103,102,102,174,0
MOV,5,20210311,094500,103,103,103,103,10,0
MOV,5,20210311,095000,103.5,106,103.5,106,47,0
MOV,5,20210311,095500,104,104,103,103,71,0
MOV,5,20210311,100000,103.5,103.5,103,103,328,0
MOV,5,20210311,101000,103,103,103,103,55,0
MOV,5,20210311,101500,103,103.5,103,103.5,60,0
MOV,5,20210311,102000,103.5,104,103.5,104,20,0
MOV,5,20210311,102500,104,104,104,104,124,0
MOV,5,20210311,103000,104,104,104,104,3,0
MOV,5,20210311,103500,104,104,104,104,20,0
MOV,5,20210311,104500,104,104,104,104,15,0
MOV,5,20210311,105500,104,104,104,104,19,0
MOV,5,20210311,111000,103,103,102.5,102.5,155,0
MOV,5,20210311,111500,102,102,102,102,18,0
MOV,5,20210311,112000,102,102,102,102,110,0
MOV,5,20210311,113000,103,103,103,103,10,0
MOV,5,20210311,113500,102,102,101.5,101.5,43,0
MOV,5,20210311,114500,102,102,101.5,101.5,40,0
MOV,5,20210311,115000,101.5,101.5,101.5,101.5,181,0
MOV,5,20210311,120000,101,101.5,101,101.5,15,0
MOV,5,20210311,120500,102,102,102,102,10,0
MOV,5,20210311,121000,102,102,102,102,30,0
MOV,5,20210311,122000,101.5,101.5,101.5,101.5,20,0
MOV,5,20210311,123500,102,103,102,103,50,0
MOV,5,20210311,124500,103,103,103,103,19,0
MOV,5,20210311,125000,102,102,102,102,65,0
MOV,5,20210311,125500,101.5,101.5,101,101,300,0
MOV,5,20210311,130000,102,102,101,101.5,49,0
MOV,5,20210311,130500,101.5,103,101,103,138,0
MOV,5,20210311,131000,102,102,102,102,5,0
MOV,5,20210311,131500,102,102.5,102,102.5,73,0
MOV,5,20210311,132000,103,103,102.5,102.5,60,0
MOV,5,20210311,133000,102.5,102.5,102.5,102.5,13,0
MOV,5,20210311,133500,101.5,101.5,101.5,101.5,54,0
MOV,5,20210311,140000,103,103,103,103,30,0
MOV,5,20210311,140500,103,104,103,104,12,0
MOV,5,20210311,141000,104,104,104,104,1,0
MOV,5,20210311,141500,104,104,104,104,50,0
MOV,5,20210311,143000,104,104,104,104,30,0
MOV,5,20210311,143500,104,104,104,104,184,0
MOV,5,20210311,145000,104.5,105,104.5,105,134,0
MOV,5,20210311,150500,105,106,105,106,188,0
MOV,5,20210311,151000,106,107,106,107,1057,0
MOV,5,20210311,151500,107.5,112.5,107.5,112,1286,0
MOV,5,20210311,152000,110.5,112,110.5,111,105,0
MOV,5,20210311,152500,109,109,108.5,108.5,1241,0
MOV,5,20210311,153000,107,107,107,107,50,0
MOV,5,20210311,153500,107,108.5,107,108.5,24,0
MOV,5,20210311,154000,107,108.5,107,108.5,119,0
MOV,5,20210311,160000,108.5,108.5,108.5,108.5,135,0
MOV,5,20210311,160500,108.5,108.5,108.5,108.5,55,0
MOV,5,20210311,161000,108.5,108.5,108.5,108.5,8,0
MOV,5,20210311,161500,108.5,109.5,108.5,109.5,36,0
MOV,5,20210311,162000,109.5,109.5,109.5,109.5,1,0
MOV,5,20210311,162500,109,109,109,109,24,0
MOV,5,20210311,163000,109,109.5,109,109.5,153,0
MOV,5,20210311,163500,110,110,109,109.5,172,0
MOV,5,20210311,164000,109.5,109.5,109.5,109.5,20,0
MOV,5,20210311,164500,109,109,107.5,107.5,52,0
MOV,5,20210312,090000,107.5,107.5,96,105,1316,0
MOV,5,20210312,090500,106,107,105,105,115,0
MOV,5,20210312,091000,106,107,106,107,265,0
MOV,5,20210312,091500,105,105,105,105,283,0
MOV,5,20210312,092000,106.5,107.5,106.5,107.5,15,0
MOV,5,20210312,092500,105.5,106.5,105,106.5,65,0
MOV,5,20210312,094000,105.5,105.5,105.5,105.5,4,0
MOV,5,20210312,094500,105.5,105.5,105.5,105.5,36,0
MOV,5,20210312,095000,105.5,105.5,105,105,133,0
MOV,5,20210312,101000,104.5,104.5,104.5,104.5,21,0
MOV,5,20210312,101500,104,104,104,104,22,0
MOV,5,20210312,102500,104,104,103.5,103.5,46,0
MOV,5,20210312,103000,103.5,103.5,103,103,34,0
MOV,5,20210312,104000,103,103,103,103,10,0
MOV,5,20210312,104500,103,103,103,103,50,0
MOV,5,20210312,105000,103,103,103,103,25,0
MOV,5,20210312,110000,102.5,102.5,102.5,102.5,21,0
MOV,5,20210312,110500,103,103,103,103,59,0
MOV,5,20210312,111000,103,103,103,103,50,0
MOV,5,20210312,111500,102.5,102.5,102.5,102.5,56,0
MOV,5,20210312,112000,102.5,102.5,102.5,102.5,20,0
MOV,5,20210312,112500,102.5,103,102.5,103,34,0
MOV,5,20210312,113000,103,103,103,103,45,0
MOV,5,20210312,113500,103,104,103,104,23,0
MOV,5,20210312,114000,104,104,104,104,54,0
MOV,5,20210312,114500,104,104,104,104,301,0
MOV,5,20210312,115000,105,106.5,105,106.5,101,0
MOV,5,20210312,121500,106,106,106,106,16,0
MOV,5,20210312,122000,106,106,106,106,4,0
MOV,5,20210312,122500,104.5,104.5,104.5,104.5,16,0
MOV,5,20210312,123000,104.5,106,104,104,132,0
MOV,5,20210312,123500,104,104,104,104,59,0
MOV,5,20210312,130500,105,105,104,104,79,0
MOV,5,20210312,131500,105,105,105,105,3,0
MOV,5,20210312,134500,104,105.5,102,105.5,214,0
MOV,5,20210312,135500,102,102,102,102,3,0
MOV,5,20210312,140000,105.5,105.5,105.5,105.5,10,0
MOV,5,20210312,142000,105.5,105.5,105.5,105.5,1,0
MOV,5,20210312,144500,105,105,103,103,269,0
MOV,5,20210312,145000,103.5,103.5,102,102,129,0
MOV,5,20210312,145500,102,102,101,101,333,0
MOV,5,20210312,150000,103.5,103.5,101,101,120,0
MOV,5,20210312,150500,104,104,103,103,112,0
MOV,5,20210312,152000,103.5,103.5,103.5,103.5,10,0
MOV,5,20210312,152500,102,102,102,102,20,0
MOV,5,20210312,153000,103,106,103,106,300,0
MOV,5,20210312,161500,104,104,104,104,15,0
MOV,5,20210312,162500,104,105,104,105,2,0
MOV,5,20210312,163000,103,103,103,103,10,0
MOV,5,20210312,163500,105,105,105,105,12,0
MOV,5,20210312,164000,104,104,104,104,12,0
MOV,5,20210312,164500,104,104,104,104,73,0
MOV,5,20210315,090000,103,103,101,101,379,0
MOV,5,20210315,090500,102,102,101,101.5,125,0
MOV,5,20210315,091000,100.5,101.5,99.2,99.2,152,0
MOV,5,20210315,091500,100,101.5,100,101.5,141,0
MOV,5,20210315,092000,101.5,101.5,100,100,65,0
MOV,5,20210315,092500,100,100,100,100,320,0
MOV,5,20210315,093000,101.5,101.5,100,100,300,0
MOV,5,20210315,094000,100.5,102,100.5,102,12,0
MOV,5,20210315,094500,102,102,102,102,2,0
MOV,5,20210315,095000,101,101.5,101,101.5,107,0
MOV,5,20210315,100000,101.5,101.5,101,101,410,0
MOV,5,20210315,100500,101,101,100.5,101,187,0
MOV,5,20210315,101000,101,102,101,102,293,0
MOV,5,20210315,101500,100.5,102,100.5,102,350,0
MOV,5,20210315,102000,102,102,101,101,257,0
MOV,5,20210315,102500,102,103,101.5,103,31,0
MOV,5,20210315,103000,102,102,101,102,60,0
MOV,5,20210315,104000,102,102,102,102,10,0
MOV,5,20210315,104500,101,102,101,102,238,0
MOV,5,20210315,105500,101,101,101,101,50,0
MOV,5,20210315,110000,101,101,101,101,131,0
MOV,5,20210315,110500,101,101,101,101,115,0
MOV,5,20210315,112000,101,101,101,101,20,0
MOV,5,20210315,112500,101,101,101,101,149,0
MOV,5,20210315,113000,102,104,102,104,926,0
MOV,5,20210315,113500,102.5,104,102.5,104,159,0
MOV,5,20210315,114000,104,104,104,104,36,0
MOV,5,20210315,114500,104,104,103,103,34,0
MOV,5,20210315,115000,104,104,104,104,7,0
MOV,5,20210315,115500,103,103,103,103,74,0
MOV,5,20210315,121000,104,104,104,104,138,0
MOV,5,20210315,122000,104.5,105,103.5,104.5,89,0
MOV,5,20210315,123500,104,104,104,104,2,0
MOV,5,20210315,124500,103.5,103.5,103.5,103.5,20,0
MOV,5,20210315,125000,103,103,102.5,102.5,92,0
MOV,5,20210315,130000,102.5,104,102,104,409,0
MOV,5,20210315,131000,102,102,102,102,77,0
MOV,5,20210315,132000,101.5,101.5,101,101,14,0
MOV,5,20210315,133000,101,101,101,101,42,0
MOV,5,20210315,135000,103,103,103,103,2,0
MOV,5,20210315,140000,102,102,102,102,62,0
MOV,5,20210315,141000,102.5,104,102.5,104,224,0
MOV,5,20210315,141500,104,104,104,104,12,0
MOV,5,20210315,143000,104,104,104,104,10,0
MOV,5,20210315,144000,104,104,104,104,10,0
MOV,5,20210315,145000,104,104.5,104,104.5,90,0
MOV,5,20210315,150500,103,103,103,103,20,0
MOV,5,20210315,151000,104,104,104,104,10,0
MOV,5,20210315,153500,104,104,103,103,40,0
MOV,5,20210315,155000,104,104,104,104,14,0
MOV,5,20210315,160000,103.5,103.5,103.5,103.5,10,0
MOV,5,20210315,161500,103.5,104,103.5,104,68,0
MOV,5,20210315,162500,104,104,104,104,44,0
MOV,5,20210315,163000,103,104.5,103,104.5,11,0
MOV,5,20210315,164000,104.5,104.5,104.5,104.5,50,0
MOV,5,20210315,164500,104.5,105,102.5,105,218,0
MOV,5,20210316,090000,105,105,104.5,104.5,48,0
MOV,5,20210316,090500,104.5,105.5,104.5,105.5,114,0
MOV,5,20210316,091000,104.5,104.5,103.5,103.5,95,0
MOV,5,20210316,091500,103.5,103.5,103.5,103.5,90,0
MOV,5,20210316,093000,104,104,103,103,501,0
MOV,5,20210316,095500,104,104,103.5,104,78,0
MOV,5,20210316,100000,103.5,103.5,103.5,103.5,100,0
MOV,5,20210316,100500,103,103,103,103,125,0
MOV,5,20210316,101000,104,104,103,104,30,0
MOV,5,20210316,102000,104,104,104,104,1,0
MOV,5,20210316,104500,104,104,104,104,16,0
MOV,5,20210316,105000,104,104,104,104,7,0
MOV,5,20210316,105500,104,104,104,104,261,0
MOV,5,20210316,110000,105,105,105,105,5,0
MOV,5,20210316,110500,105,105,105,105,13,0
MOV,5,20210316,115000,104,104,104,104,70,0
MOV,5,20210316,115500,104,104,104,104,30,0
MOV,5,20210316,120500,104,104,104,104,10,0
MOV,5,20210316,121000,103.5,103.5,103.5,103.5,30,0
MOV,5,20210316,121500,103.5,103.5,103.5,103.5,30,0
MOV,5,20210316,123000,103.5,104,103.5,104,150,0
MOV,5,20210316,123500,103.5,103.5,103.5,103.5,15,0
MOV,5,20210316,124000,104,104.5,104,104.5,10,0
MOV,5,20210316,124500,104.5,104.5,104.5,104.5,12,0
MOV,5,20210316,130500,103.5,103.5,103.5,103.5,50,0
MOV,5,20210316,131500,103.5,103.5,103.5,103.5,37,0
MOV,5,20210316,133000,104.5,104.5,104.5,104.5,7,0
MOV,5,20210316,134000,103.5,103.5,103.5,103.5,25,0
MOV,5,20210316,134500,103.5,103.5,103.5,103.5,6,0
MOV,5,20210316,135000,103.5,103.5,103.5,103.5,20,0
MOV,5,20210316,135500,103.5,103.5,103.5,103.5,50,0
MOV,5,20210316,142500,103.5,103.5,103,103,16,0
MOV,5,20210316,151000,104,104,104,104,115,0
MOV,5,20210316,152500,104,104,103.5,103.5,25,0
MOV,5,20210316,153000,103.5,103.5,103.5,103.5,100,0
MOV,5,20210316,154500,103.5,103.5,103.5,103.5,20,0
MOV,5,20210316,155500,104.5,104.5,104.5,104.5,3,0
MOV,5,20210316,161000,104.5,104.5,104.5,104.5,20,0
MOV,5,20210316,162500,104.5,104.5,104.5,104.5,120,0
MOV,5,20210316,163500,104,104,104,104,20,0
MOV,5,20210316,164500,104.5,104.5,104.5,104.5,20,0
MOV,5,20210317,090000,99.2,101,98.4,101,1546,0
MOV,5,20210317,090500,100.5,100.5,100,100.5,417,0
MOV,5,20210317,091000,100.5,100.5,99.4,99.4,25,0
MOV,5,20210317,091500,99.8,100,99.8,100,290,0
MOV,5,20210317,092500,99.6,99.6,99.4,99.4,95,0
MOV,5,20210317,093000,99.4,100.5,99.2,100,370,0
MOV,5,20210317,093500,100,100,99.6,100,117,0
MOV,5,20210317,094000,99.8,100,99.8,100,191,0
MOV,5,20210317,094500,100,100,100,100,204,0
MOV,5,20210317,095000,99.8,100,99.6,100,129,0
MOV,5,20210317,095500,99.8,100,99.6,99.6,43,0
MOV,5,20210317,100000,99.6,99.8,99.6,99.8,118,0
MOV,5,20210317,100500,99.8,99.8,99.8,99.8,7,0
MOV,5,20210317,101500,99.8,99.8,99.6,99.6,188,0
MOV,5,20210317,102000,99.2,99.8,99,99,695,0
MOV,5,20210317,102500,99.4,99.4,99.4,99.4,78,0
MOV,5,20210317,103000,99.4,99.6,99.2,99.4,73,0
MOV,5,20210317,103500,99.2,99.2,99.2,99.2,10,0
MOV,5,20210317,104000,99.6,99.8,99.6,99.8,11,0
MOV,5,20210317,104500,99.4,99.4,99.4,99.4,12,0
MOV,5,20210317,105000,99.4,99.4,99.4,99.4,8,0
MOV,5,20210317,105500,99.4,99.6,99.4,99.6,38,0
MOV,5,20210317,110000,99.6,99.6,99.4,99.4,17,0
MOV,5,20210317,110500,99.4,99.4,99.4,99.4,10,0
MOV,5,20210317,111000,99.4,99.4,99.4,99.4,30,0
MOV,5,20210317,112000,99.4,99.4,99.4,99.4,10,0
MOV,5,20210317,113000,99.2,99.4,99.2,99.4,144,0
MOV,5,20210317,113500,99.2,99.2,99.2,99.2,9,0
MOV,5,20210317,114500,99,99.2,99,99.2,64,0
MOV,5,20210317,115000,99.2,99.2,99,99,314,0
MOV,5,20210317,115500,99,99,99,99,40,0
MOV,5,20210317,120000,98.8,98.8,98.8,98.8,120,0
MOV,5,20210317,121500,98.8,99,98.4,98.4,367,0
MOV,5,20210317,122000,98.2,98.2,98.2,98.2,163,0
MOV,5,20210317,122500,98.2,98.2,97.2,97.2,418,0
MOV,5,20210317,123000,98.2,98.2,98.2,98.2,49,0
MOV,5,20210317,124000,98.2,98.2,98.2,98.2,11,0
MOV,5,20210317,125000,99,99,99,99,20,0
MOV,5,20210317,125500,98.8,99,98.8,99,46,0
MOV,5,20210317,130500,98,98,98,98,150,0
MOV,5,20210317,131000,98,98,98,98,42,0
MOV,5,20210317,131500,98,98,97.8,97.8,58,0
MOV,5,20210317,132000,98,98,98,98,10,0
MOV,5,20210317,132500,98,98,98,98,20,0
MOV,5,20210317,133000,98,98,97.8,98,71,0
MOV,5,20210317,133500,98,98,98,98,10,0
MOV,5,20210317,134000,98,98.8,97.8,98.8,245,0
MOV,5,20210317,135000,97.8,97.8,97,97,300,0
MOV,5,20210317,135500,97.6,97.6,97.6,97.6,29,0
MOV,5,20210317,140000,97,98.4,97,98.4,103,0
MOV,5,20210317,140500,98.4,98.6,98.4,98.6,36,0
MOV,5,20210317,141000,98.6,98.6,98.6,98.6,35,0
MOV,5,20210317,141500,98.6,98.8,98.6,98.8,10,0
MOV,5,20210317,142500,97.6,97.6,97.2,97.2,52,0
MOV,5,20210317,143000,97.2,97.2,97,97,195,0
MOV,5,20210317,143500,97.6,97.6,97.6,97.6,3,0
MOV,5,20210317,144000,97,97,97,97,106,0
MOV,5,20210317,144500,96.8,96.8,96,96,690,0
MOV,5,20210317,145000,96,97.4,96,97.4,70,0
MOV,5,20210317,150500,97.6,97.8,97.6,97.8,24,0
MOV,5,20210317,151000,97.8,98,97.8,98,80,0
MOV,5,20210317,151500,98,98,98,98,25,0
MOV,5,20210317,152000,98,98,98,98,16,0
MOV,5,20210317,152500,97.8,98.6,97.8,98.4,140,0
MOV,5,20210317,153000,98.6,99,98.6,99,282,0
MOV,5,20210317,154500,98.8,98.8,98.8,98.8,15,0
MOV,5,20210317,161000,98,98,98,98,50,0
MOV,5,20210317,161500,98,98.8,98,98.8,4,0
MOV,5,20210317,162500,98.8,98.8,98.8,98.8,65,0
MOV,5,20210317,163000,98,98.8,98,98,185,0
MOV,5,20210317,163500,97.8,97.8,97,97,370,0
MOV,5,20210317,164000,98,98.8,97.4,98.8,121,0
MOV,5,20210317,164500,97.2,99,97.2,98.8,191,0
MOV,5,20210317,165500,96.6,96.6,96.6,96.6,122,0
MOV,5,20210318,090000,95,98.8,94,96,569,0
MOV,5,20210318,091000,98.4,98.6,98.4,98.6,42,0
MOV,5,20210318,091500,98.8,99,98.4,99,272,0
MOV,5,20210318,092000,98.8,98.8,98.8,98.8,20,0
MOV,5,20210318,093000,98.6,98.6,96,96,80,0
MOV,5,20210318,093500,98.6,99,98.6,99,6,0
MOV,5,20210318,094000,96.6,96.6,96.6,96.6,20,0
MOV,5,20210318,095000,99,99,99,99,5,0
MOV,5,20210318,100500,97.2,97.2,97.2,97.2,18,0
MOV,5,20210318,104000,97.2,97.2,97.2,97.2,12,0
MOV,5,20210318,105500,98.4,98.4,98.4,98.4,4,0
MOV,5,20210318,110000,98.4,98.4,98.4,98.4,72,0
MOV,5,20210318,110500,98.4,98.4,98.4,98.4,1,0
MOV,5,20210318,111500,98.6,98.6,98.6,98.6,10,0
MOV,5,20210318,113000,97.4,97.4,97.4,97.4,10,0
MOV,5,20210318,115000,98,98,98,98,10,0
MOV,5,20210318,115500,98,98,98,98,7,0
MOV,5,20210318,120000,98.2,98.2,98.2,98.2,14,0
MOV,5,20210318,121000,98,98,98,98,35,0
MOV,5,20210318,125000,98,98,98,98,50,0
MOV,5,20210318,131000,98,98,98,98,10,0
MOV,5,20210318,133000,98,98,98,98,7,0
MOV,5,20210318,135000,97.6,97.6,97,97,264,0
MOV,5,20210318,135500,97,97,97,97,35,0
MOV,5,20210318,140000,97,97,97,97,44,0
MOV,5,20210318,141500,97.6,97.6,97.6,97.6,2,0
MOV,5,20210318,144000,97,97,97,97,50,0
MOV,5,20210318,144500,97,97,97,97,200,0
MOV,5,20210318,151000,97,97,97,97,10,0
MOV,5,20210318,153000,97,97.6,97,97.6,40,0
MOV,5,20210318,163000,97.4,97.4,97.4,97.4,9,0
MOV,5,20210318,163500,97,97.4,97,97,27,0
MOV,5,20210318,164000,97.4,97.4,97.4,97.4,19,0
MOV,5,20210318,164500,97.4,97.4,97,97,176,0
MOV,5,20210319,090000,96.6,96.6,96.6,96.6,3,0
MOV,5,20210319,091000,96.6,96.6,96.6,96.6,30,0
MOV,5,20210319,091500,96,96,95,95,243,0
MOV,5,20210319,092500,95.2,95.6,95.2,95.6,22,0
MOV,5,20210319,093000,95.2,95.2,94.2,94.2,100,0
MOV,5,20210319,093500,95,95,95,95,16,0
MOV,5,20210319,094000,95.6,96,95.6,96,54,0
MOV,5,20210319,094500,95.6,95.6,95.6,95.6,10,0
MOV,5,20210319,095500,96,96,96,96,10,0
MOV,5,20210319,100000,96,96,95,95,23,0
MOV,5,20210319,100500,94.4,94.4,94.2,94.4,18,0
MOV,5,20210319,101000,96,96,96,96,39,0
MOV,5,20210319,101500,95.2,95.2,95.2,95.2,20,0
MOV,5,20210319,102500,95.2,95.8,95.2,95.8,14,0
MOV,5,20210319,103500,95.8,95.8,95,95,12,0
MOV,5,20210319,104500,96,96,96,96,108,0
MOV,5,20210319,105000,96,96,96,96,97,0
MOV,5,20210319,105500,96,96,96,96,103,0
MOV,5,20210319,110500,96,96,96,96,20,0
MOV,5,20210319,112000,96,96,96,96,6,0
MOV,5,20210319,114000,96,96,96,96,45,0
MOV,5,20210319,114500,96.2,96.2,96.2,96.2,2,0
MOV,5,20210319,115000,96,96,96,96,4,0
MOV,5,20210319,115500,96,96,96,96,1,0
MOV,5,20210319,120500,96,96,96,96,29,0
MOV,5,20210319,122000,96,96,96,96,66,0
MOV,5,20210319,123000,96,96,96,96,25,0
MOV,5,20210319,125500,96.2,96.2,96.2,96.2,6,0
MOV,5,20210319,133000,96,96,96,96,13,0
MOV,5,20210319,133500,96,96,96,96,100,0
MOV,5,20210319,135000,96,96,96,96,12,0
MOV,5,20210319,141000,95.8,95.8,95.8,95.8,110,0
MOV,5,20210319,141500,96.2,96.2,96.2,96.2,3,0
MOV,5,20210319,142000,96.2,96.2,96.2,96.2,59,0
MOV,5,20210319,142500,96.2,96.4,96.2,96.4,15,0
MOV,5,20210319,145000,96.4,96.4,96.4,96.4,15,0
MOV,5,20210319,152000,95.8,95.8,95.8,95.8,3,0
MOV,5,20210319,152500,95.6,95.6,95.2,95.2,127,0
MOV,5,20210319,153500,95.2,95.2,95.2,95.2,21,0
MOV,5,20210319,155000,95.2,95.2,95,95,160,0
MOV,5,20210319,155500,96.2,96.2,96.2,96.2,5,0
MOV,5,20210319,160000,96.2,96.2,96.2,96.2,11,0
MOV,5,20210319,163500,96,96,96,96,35,0
MOV,5,20210319,164000,95,95,94.2,95,115,0
MOV,5,20210319,164500,94.8,95,94.8,95,45,0
MOV,5,20210322,090000,96.8,97,95.2,97,55,0
MOV,5,20210322,090500,95.2,95.2,95.2,95.2,67,0
MOV,5,20210322,091000,95.2,95.2,95.2,95.2,8,0
MOV,5,20210322,091500,95.2,96.8,95,95,51,0
MOV,5,20210322,092500,95,96.8,95,96.8,9,0
MOV,5,20210322,093000,96.8,96.8,96.8,96.8,100,0
MOV,5,20210322,094000,96.6,96.6,96.6,96.6,28,0
MOV,5,20210322,100000,96.2,96.2,96,96,30,0
MOV,5,20210322,100500,96.2,96.2,96.2,96.2,10,0
MOV,5,20210322,101500,96.2,96.2,96.2,96.2,102,0
MOV,5,20210322,105000,96.2,96.2,96.2,96.2,23,0
MOV,5,20210322,110500,96.2,96.4,96.2,96.4,104,0
MOV,5,20210322,111000,96.4,96.4,96.4,96.4,11,0
MOV,5,20210322,112000,96,96,96,96,119,0
MOV,5,20210322,113500,95.6,96,95.6,96,120,0
MOV,5,20210322,114000,96,96,96,96,20,0
MOV,5,20210322,124000,96,96,96,96,17,0
MOV,5,20210322,124500,95.2,95.2,95,95,100,0
MOV,5,20210322,130000,96,96,96,96,508,0
MOV,5,20210322,130500,96,96,96,96,249,0
MOV,5,20210322,133500,96,96,96,96,5,0
MOV,5,20210322,134500,96,96,96,96,11,0
MOV,5,20210322,135500,96.2,96.4,96.2,96.4,12,0
MOV,5,20210322,140000,96.4,96.4,96.4,96.4,27,0
MOV,5,20210322,143000,96.6,96.6,96.6,96.6,3,0
MOV,5,20210322,144500,95.4,95.4,94.8,94.8,310,0
MOV,5,20210322,150000,96.6,96.6,96.6,96.6,5,0
MOV,5,20210322,150500,95.2,95.2,95,95,33,0
MOV,5,20210322,151000,95,95,95,95,10,0
MOV,5,20210322,153500,95,95,95,95,12,0
MOV,5,20210322,154000,95,95,95,95,23,0
MOV,5,20210322,154500,94.8,95,94.8,95,9,0
MOV,5,20210322,160000,95,95,95,95,100,0
MOV,5,20210322,160500,95,95,95,95,89,0
MOV,5,20210322,162000,94.6,94.6,94,94,150,0
MOV,5,20210322,162500,95,95,94,95,451,0
MOV,5,20210322,163000,95,96.6,95,96.6,174,0
MOV,5,20210322,164500,96,96,96,96,15,0
MOV,5,20210323,090000,96,99.6,96,98,1705,0
MOV,5,20210323,090500,97.8,99.6,97.8,99.6,332,0
MOV,5,20210323,091500,97.8,97.8,97.8,97.8,1,0
MOV,5,20210323,092000,99.2,99.2,99.2,99.2,11,0
MOV,5,20210323,093000,99,99.2,93.8,93.8,134,0
MOV,5,20210323,094000,98,98,98,98,2,0
MOV,5,20210323,095500,97,98.8,97,98.8,251,0
MOV,5,20210323,102500,98,98,98,98,10,0
MOV,5,20210323,104000,96.6,96.6,96,96,77,0
MOV,5,20210323,105000,95.8,95.8,95.8,95.8,10,0
MOV,5,20210323,110000,95.8,95.8,95.8,95.8,42,0
MOV,5,20210323,111500,95.8,97.6,95.8,97.6,16,0
MOV,5,20210323,113500,96,96,96,96,51,0
MOV,5,20210323,114500,95.4,97.2,95.4,97.2,11,0
MOV,5,20210323,120500,95.2,95.2,95.2,95.2,30,0
MOV,5,20210323,121000,95,95,95,95,25,0
MOV,5,20210323,121500,95,95,95,95,11,0
MOV,5,20210323,123000,95,95,95,95,20,0
MOV,5,20210323,123500,95,95.2,95,95.2,21,0
MOV,5,20210323,130500,97,98.6,97,98.6,650,0
MOV,5,20210323,131000,98.4,98.4,98.4,98.4,153,0
MOV,5,20210323,131500,98.6,98.6,98.6,98.6,96,0
MOV,5,20210323,132000,98.4,98.6,98.4,98.6,31,0
MOV,5,20210323,132500,98,98,98,98,42,0
MOV,5,20210323,133000,98,98,98,98,20,0
MOV,5,20210323,133500,98.4,98.6,98.4,98.6,150,0
MOV,5,20210323,134000,98.4,98.4,98,98,211,0
MOV,5,20210323,134500,98,98,98,98,15,0
MOV,5,20210323,135000,98,98,98,98,203,0
MOV,5,20210323,135500,98.2,98.2,98.2,98.2,10,0
MOV,5,20210323,140000,97.8,98,97.8,98,206,0
MOV,5,20210323,140500,97.6,97.6,97.6,97.6,65,0
MOV,5,20210323,142000,97.6,97.6,97.6,97.6,50,0
MOV,5,20210323,143000,97.4,97.4,97,97,130,0
MOV,5,20210323,151500,97.6,97.6,97.6,97.6,100,0
MOV,5,20210323,153000,96.2,97.6,96.2,97.6,29,0
MOV,5,20210323,161000,97.6,97.6,97.6,97.6,6,0
MOV,5,20210323,162000,97.6,97.6,97.6,97.6,28,0
MOV,5,20210323,162500,97,97,97,97,20,0
MOV,5,20210323,165500,96.6,96.6,96.6,96.6,157,0
MOV,5,20210324,090000,97.6,97.6,97.4,97.4,83,0
MOV,5,20210324,091000,96.6,97,96.2,97,29,0
MOV,5,20210324,091500,97,97,97,97,19,0
MOV,5,20210324,092000,97.6,97.6,97.6,97.6,5,0
MOV,5,20210324,092500,97.4,97.6,97.4,97.4,96,0
MOV,5,20210324,093000,97.4,97.4,97.2,97.2,80,0
MOV,5,20210324,094000,97.2,97.2,97,97,26,0
MOV,5,20210324,101000,97,97,97,97,5,0
MOV,5,20210324,101500,97.4,97.4,97.4,97.4,2,0
MOV,5,20210324,102500,97.2,97.2,97.2,97.2,20,0
MOV,5,20210324,104000,97.2,97.2,95.8,96,30,0
MOV,5,20210324,105000,95.8,95.8,95.6,95.6,15,0
MOV,5,20210324,110000,96,96,96,96,10,0
MOV,5,20210324,111000,97,97,97,97,2,0
MOV,5,20210324,112000,97,97,96,96,7,0
MOV,5,20210324,113000,97,97,97,97,41,0
MOV,5,20210324,114500,97,98,97,98,287,0
MOV,5,20210324,122500,97,97.8,97,97.8,55,0
MOV,5,20210324,125500,97,97.8,96.8,97.8,52,0
MOV,5,20210324,130000,97.8,99.8,97.8,99.8,856,0
MOV,5,20210324,130500,99.8,100,99.6,99.6,360,0
MOV,5,20210324,131000,99.6,99.6,98,98,329,0
MOV,5,20210324,131500,99.6,99.6,99.6,99.6,3,0
MOV,5,20210324,132000,98,98.6,98,98.6,75,0
MOV,5,20210324,132500,98.6,98.8,98.6,98.8,110,0
MOV,5,20210324,133000,98.6,100,98.6,99.8,779,0
MOV,5,20210324,133500,98.6,99,98.6,99,24,0
MOV,5,20210324,134000,99,99.8,99,99.8,90,0
MOV,5,20210324,134500,99.6,99.6,99.6,99.6,14,0
MOV,5,20210324,135500,99.6,99.6,99.6,99.6,24,0
MOV,5,20210324,140000,99.6,99.6,99.6,99.6,10,0
MOV,5,20210324,141000,99.4,99.4,99,99.4,119,0
MOV,5,20210324,141500,98.8,98.8,98.4,98.4,59,0
MOV,5,20210324,142000,98.4,98.4,98.4,98.4,11,0
MOV,5,20210324,142500,98.2,98.2,96.6,96.6,100,0
MOV,5,20210324,143000,98.8,98.8,98.8,98.8,2,0
MOV,5,20210324,143500,98,98,98,98,10,0
MOV,5,20210324,144500,96.8,96.8,96.8,96.8,6,0
MOV,5,20210324,151000,97,98,97,98,5,0
MOV,5,20210324,152500,97,97,96.8,96.8,66,0
MOV,5,20210324,153000,96.6,98,96.6,96.6,11,0
MOV,5,20210324,155000,96.8,96.8,96.8,96.8,2,0
MOV,5,20210324,160500,96.8,96.8,96.8,96.8,15,0
MOV,5,20210324,161000,97.8,97.8,97.8,97.8,2,0
MOV,5,20210324,161500,97.8,97.8,97.8,97.8,10,0
MOV,5,20210324,162500,97,97,96.8,96.8,153,0
MOV,5,20210324,163000,96.8,96.8,96.8,96.8,6,0
MOV,5,20210324,163500,96.8,96.8,96.6,96.6,93,0
MOV,5,20210324,164500,97.8,97.8,97.8,97.8,2,0
MOV,5,20210324,165500,97.8,97.8,97.8,97.8,96,0
MOV,5,20210325,090000,97.8,98,97.8,98,34,0
MOV,5,20210325,090500,98,100,98,100,320,0
MOV,5,20210325,091500,99.8,99.8,99.8,99.8,10,0
MOV,5,20210325,093000,98,98,98,98,55,0
MOV,5,20210325,094500,98.4,98.4,98.4,98.4,2,0
MOV,5,20210325,101500,98.6,98.6,98.6,98.6,30,0
MOV,5,20210325,103000,99.4,99.6,99.4,99.6,119,0
MOV,5,20210325,103500,99.6,99.8,99.6,99.8,232,0
MOV,5,20210325,104000,99.6,100,99.6,99.6,179,0
MOV,5,20210325,104500,99.6,99.8,99.6,99.8,126,0
MOV,5,20210325,105000,100,101,100,101,623,0
MOV,5,20210325,105500,101,101,101,101,60,0
MOV,5,20210325,110000,101,101,100,101,51,0
MOV,5,20210325,110500,101,101,101,101,13,0
MOV,5,20210325,111000,100,100,100,100,50,0
MOV,5,20210325,111500,100.5,101,99.8,99.8,138,0
MOV,5,20210325,112000,99.8,100.5,99.8,100.5,21,0
MOV,5,20210325,112500,100.5,100.5,99.6,99.6,30,0
MOV,5,20210325,113000,99.6,99.6,99.6,99.6,62,0
MOV,5,20210325,113500,99.6,99.6,99.6,99.6,84,0
MOV,5,20210325,115000,99.6,99.6,99.6,99.6,19,0
MOV,5,20210325,120000,100.5,101,100.5,101,39,0
MOV,5,20210325,121500,100,100,100,100,11,0
MOV,5,20210325,122500,100,100,100,100,5,0
MOV,5,20210325,123000,100,100,100,100,19,0
MOV,5,20210325,123500,100.5,101,100.5,101,30,0
MOV,5,20210325,124000,101,101,101,101,98,0
MOV,5,20210325,125500,101,101,101,101,25,0
MOV,5,20210325,131000,101,101,101,101,160,0
MOV,5,20210325,132000,99.6,99.6,99.2,99.2,10,0
MOV,5,20210325,132500,99.4,101,99.4,101,105,0
MOV,5,20210325,133500,101,101,101,101,10,0
MOV,5,20210325,134500,99.6,101,99.6,101,50,0
MOV,5,20210325,144500,100,100,100,100,18,0
MOV,5,20210325,155000,99.6,99.6,99.6,99.6,10,0
MOV,5,20210325,155500,99.4,99.4,99,99,106,0
MOV,5,20210325,162500,98.4,98.4,98.2,98.2,10,0
MOV,5,20210325,163000,99,100,99,100,52,0
MOV,5,20210325,165500,100,100,100,100,70,0
MOV,5,20210326,090000,100,100,100,100,15,0
MOV,5,20210326,091000,99,99,99,99,10,0
MOV,5,20210326,093500,100,100,99,99,549,0
MOV,5,20210326,094000,100,100,100,100,2,0
MOV,5,20210326,094500,99,99,98.6,98.6,68,0
MOV,5,20210326,095500,98.6,98.6,98,98,38,0
MOV,5,20210326,101000,98,98,98,98,5,0
MOV,5,20210326,101500,97.4,97.4,96.6,96.6,84,0
MOV,5,20210326,102500,96.6,96.6,96.6,96.6,20,0
MOV,5,20210326,104000,97,98,96.4,98,45,0
MOV,5,20210326,105500,98,98.6,98,98.6,55,0
MOV,5,20210326,110500,98.6,98.6,98.6,98.6,70,0
MOV,5,20210326,111500,99,99,99,99,3,0
MOV,5,20210326,120500,98.6,98.6,98.6,98.6,7,0
MOV,5,20210326,121000,98.6,98.6,98.6,98.6,46,0
MOV,5,20210326,122000,98.6,98.6,95,95,500,0
MOV,5,20210326,123000,96,96,96,96,10,0
MOV,5,20210326,123500,96.2,96.2,96.2,96.2,1,0
MOV,5,20210326,124000,96.2,96.2,95,95,514,0
MOV,5,20210326,125500,96.6,96.6,96.6,96.6,4,0
MOV,5,20210326,131500,96.4,96.4,96.4,96.4,59,0
MOV,5,20210326,133000,96.2,96.2,96,96,28,0
MOV,5,20210326,133500,96,96,96,96,2,0
MOV,5,20210326,134000,95.6,95.6,95.2,95.2,201,0
MOV,5,20210326,134500,95.2,95.2,95,95,197,0
MOV,5,20210326,140000,96.4,96.4,95.2,95.2,41,0
MOV,5,20210326,141000,96.4,96.4,96.4,96.4,4,0
MOV,5,20210326,141500,96.4,96.4,96.4,96.4,2,0
MOV,5,20210326,142000,95.4,95.4,95.4,95.4,10,0
MOV,5,20210326,142500,97,97,97,97,1,0
MOV,5,20210326,150500,97,97,97,97,14,0
MOV,5,20210326,151000,97,97,97,97,40,0
MOV,5,20210326,152000,97,97.6,97,97.6,52,0
MOV,5,20210326,152500,97.6,98.4,97.6,98.4,50,0
MOV,5,20210326,155500,98.4,98.4,98.4,98.4,31,0
MOV,5,20210326,161500,97.6,97.6,97.6,97.6,3,0
MOV,5,20210326,162000,98.6,98.6,98.6,98.6,1,0
MOV,5,20210326,164500,98.4,98.4,98.2,98.2,75,0
