<TICKER>,<PER>,<DATE>,<TIME>,<OPEN>,<HIGH>,<LOW>,<CLOSE>,<VOL>,<OPENINT>
MRG,5,20210204,092500,0.225,0.225,0.225,0.225,1793,0
MRG,5,20210204,093000,0.222,0.222,0.22,0.22,9860,0
MRG,5,20210204,100000,0.22,0.22,0.22,0.22,140,0
MRG,5,20210204,100500,0.217,0.225,0.216,0.225,5600,0
MRG,5,20210204,105000,0.22,0.22,0.22,0.22,2076,0
MRG,5,20210204,112500,0.224,0.226,0.216,0.216,24246,0
MRG,5,20210204,113000,0.215,0.222,0.215,0.222,6578,0
MRG,5,20210204,115500,0.214,0.214,0.214,0.214,4000,0
MRG,5,20210204,120500,0.224,0.226,0.224,0.226,1111,0
MRG,5,20210204,132500,0.226,0.226,0.226,0.226,108,0
MRG,5,20210204,135500,0.218,0.218,0.217,0.217,10000,0
MRG,5,20210204,154000,0.217,0.217,0.217,0.217,1000,0
MRG,5,20210204,162500,0.22,0.22,0.22,0.22,1000,0
MRG,5,20210205,102000,0.217,0.217,0.216,0.216,21000,0
MRG,5,20210205,122000,0.217,0.217,0.217,0.217,10000,0
MRG,5,20210205,141000,0.216,0.216,0.216,0.216,2000,0
MRG,5,20210205,152000,0.218,0.22,0.218,0.22,10000,0
MRG,5,20210205,152500,0.22,0.22,0.22,0.22,10000,0
MRG,5,20210208,090000,0.218,0.218,0.218,0.218,200,0
MRG,5,20210208,091500,0.218,0.218,0.218,0.218,5000,0
MRG,5,20210208,092500,0.212,0.212,0.21,0.21,11079,0
MRG,5,20210208,093500,0.21,0.21,0.208,0.208,10335,0
MRG,5,20210208,094000,0.217,0.217,0.217,0.217,294,0
MRG,5,20210208,095000,0.217,0.22,0.217,0.22,40000,0
MRG,5,20210208,100500,0.219,0.219,0.219,0.219,1,0
MRG,5,20210208,102000,0.213,0.213,0.213,0.213,5,0
MRG,5,20210208,104500,0.213,0.213,0.213,0.213,15,0
MRG,5,20210208,112500,0.213,0.219,0.213,0.219,6270,0
MRG,5,20210208,113500,0.213,0.213,0.213,0.213,5,0
MRG,5,20210208,114500,0.219,0.22,0.213,0.213,10005,0
MRG,5,20210208,115500,0.22,0.223,0.22,0.223,19766,0
MRG,5,20210208,120000,0.22,0.22,0.22,0.22,5,0
MRG,5,20210208,121000,0.22,0.22,0.22,0.22,8229,0
MRG,5,20210208,122500,0.222,0.222,0.222,0.222,4000,0
MRG,5,20210208,123000,0.223,0.226,0.216,0.216,11005,0
MRG,5,20210208,123500,0.216,0.216,0.213,0.213,13000,0
MRG,5,20210208,130000,0.22,0.224,0.22,0.224,10000,0
MRG,5,20210208,130500,0.214,0.214,0.214,0.214,5,0
MRG,5,20210208,132500,0.224,0.224,0.214,0.214,3955,0
MRG,5,20210208,142000,0.223,0.223,0.223,0.223,550,0
MRG,5,20210208,145500,0.223,0.224,0.223,0.224,5000,0
MRG,5,20210208,150500,0.224,0.239,0.22,0.228,49593,0
MRG,5,20210208,151000,0.232,0.24,0.232,0.234,13221,0
MRG,5,20210208,151500,0.228,0.228,0.222,0.222,31538,0
MRG,5,20210208,152000,0.234,0.234,0.222,0.222,569,0
MRG,5,20210208,160000,0.221,0.221,0.218,0.218,10523,0
MRG,5,20210208,162000,0.218,0.218,0.218,0.218,1558,0
MRG,5,20210208,164500,0.22,0.22,0.22,0.22,3520,0
MRG,5,20210209,090000,0.22,0.228,0.22,0.228,15994,0
MRG,5,20210209,090500,0.229,0.24,0.228,0.24,43151,0
MRG,5,20210209,091000,0.228,0.238,0.228,0.23,7004,0
MRG,5,20210209,093000,0.23,0.23,0.23,0.23,11000,0
MRG,5,20210209,094500,0.237,0.237,0.237,0.237,16185,0
MRG,5,20210209,100000,0.236,0.236,0.236,0.236,10000,0
MRG,5,20210209,100500,0.236,0.236,0.236,0.236,2000,0
MRG,5,20210209,101000,0.225,0.236,0.224,0.236,6000,0
MRG,5,20210209,102000,0.223,0.223,0.222,0.222,7000,0
MRG,5,20210209,102500,0.229,0.23,0.229,0.23,15000,0
MRG,5,20210209,103000,0.23,0.23,0.23,0.23,480,0
MRG,5,20210209,103500,0.224,0.224,0.223,0.223,5754,0
MRG,5,20210209,111000,0.233,0.233,0.222,0.233,10094,0
MRG,5,20210209,112500,0.223,0.223,0.223,0.223,3548,0
MRG,5,20210209,113500,0.223,0.223,0.223,0.223,4000,0
MRG,5,20210209,123000,0.23,0.238,0.23,0.238,27039,0
MRG,5,20210209,125500,0.223,0.223,0.22,0.22,15000,0
MRG,5,20210209,135500,0.23,0.23,0.23,0.23,50,0
MRG,5,20210209,144500,0.23,0.23,0.23,0.23,3960,0
MRG,5,20210209,162000,0.23,0.23,0.23,0.23,9500,0
MRG,5,20210209,164000,0.23,0.235,0.23,0.235,68,0
MRG,5,20210209,164500,0.235,0.235,0.235,0.235,8485,0
MRG,5,20210210,101000,0.23,0.23,0.22,0.22,14455,0
MRG,5,20210210,101500,0.22,0.232,0.22,0.22,14056,0
MRG,5,20210210,110500,0.229,0.23,0.229,0.23,2000,0
MRG,5,20210210,122000,0.23,0.23,0.23,0.23,5000,0
MRG,5,20210210,131500,0.222,0.222,0.222,0.222,7000,0
MRG,5,20210210,140000,0.229,0.229,0.229,0.229,2585,0
MRG,5,20210210,143000,0.23,0.23,0.23,0.23,4915,0
MRG,5,20210210,151000,0.23,0.23,0.23,0.23,5000,0
MRG,5,20210210,152000,0.23,0.23,0.23,0.23,16611,0
MRG,5,20210210,153500,0.23,0.239,0.224,0.224,201790,0
MRG,5,20210210,154000,0.24,0.248,0.239,0.248,31584,0
MRG,5,20210210,154500,0.25,0.253,0.25,0.25,49455,0
MRG,5,20210210,155000,0.248,0.26,0.248,0.26,104600,0
MRG,5,20210210,155500,0.256,0.26,0.245,0.245,55712,0
MRG,5,20210210,160000,0.246,0.25,0.246,0.25,24651,0
MRG,5,20210210,160500,0.245,0.245,0.24,0.24,15000,0
MRG,5,20210210,161000,0.24,0.24,0.24,0.24,8203,0
MRG,5,20210210,161500,0.24,0.249,0.231,0.248,63812,0
MRG,5,20210210,162000,0.245,0.245,0.218,0.218,51600,0
MRG,5,20210210,164500,0.226,0.229,0.224,0.229,2605,0
MRG,5,20210211,090000,0.229,0.252,0.229,0.252,53582,0
MRG,5,20210211,090500,0.23,0.25,0.23,0.25,27899,0
MRG,5,20210211,091000,0.249,0.251,0.249,0.251,48788,0
MRG,5,20210211,092000,0.245,0.262,0.245,0.25,169881,0
MRG,5,20210211,092500,0.25,0.25,0.25,0.25,1203,0
MRG,5,20210211,093000,0.259,0.265,0.242,0.265,60022,0
MRG,5,20210211,093500,0.26,0.264,0.26,0.26,26112,0
MRG,5,20210211,094000,0.26,0.26,0.26,0.26,5700,0
MRG,5,20210211,094500,0.258,0.258,0.248,0.248,18534,0
MRG,5,20210211,095000,0.248,0.248,0.248,0.248,12965,0
MRG,5,20210211,100500,0.245,0.245,0.24,0.24,13575,0
MRG,5,20210211,102500,0.248,0.248,0.248,0.248,1856,0
MRG,5,20210211,103500,0.25,0.25,0.25,0.25,1000,0
MRG,5,20210211,105000,0.258,0.258,0.258,0.258,3000,0
MRG,5,20210211,105500,0.255,0.255,0.255,0.255,3750,0
MRG,5,20210211,110000,0.255,0.255,0.255,0.255,2133,0
MRG,5,20210211,110500,0.255,0.257,0.255,0.257,20250,0
MRG,5,20210211,111000,0.257,0.257,0.255,0.256,46300,0
MRG,5,20210211,111500,0.256,0.257,0.256,0.257,61600,0
MRG,5,20210211,112000,0.257,0.257,0.257,0.257,6602,0
MRG,5,20210211,112500,0.257,0.27,0.257,0.27,207165,0
MRG,5,20210211,113000,0.268,0.272,0.268,0.271,42000,0
MRG,5,20210211,113500,0.271,0.274,0.271,0.274,49408,0
MRG,5,20210211,114000,0.274,0.274,0.274,0.274,47500,0
MRG,5,20210211,114500,0.274,0.274,0.274,0.274,18450,0
MRG,5,20210211,115500,0.28,0.29,0.28,0.29,89169,0
MRG,5,20210211,120000,0.29,0.3,0.254,0.254,125877,0
MRG,5,20210211,120500,0.299,0.3,0.296,0.296,88896,0
MRG,5,20210211,121000,0.29,0.29,0.273,0.273,15827,0
MRG,5,20210211,121500,0.276,0.292,0.276,0.292,7800,0
MRG,5,20210211,122000,0.292,0.292,0.281,0.281,3784,0
MRG,5,20210211,122500,0.293,0.293,0.281,0.281,11216,0
MRG,5,20210211,123000,0.285,0.285,0.285,0.285,1000,0
MRG,5,20210211,123500,0.293,0.293,0.293,0.293,7200,0
MRG,5,20210211,124000,0.292,0.292,0.29,0.29,789,0
MRG,5,20210211,124500,0.285,0.285,0.281,0.281,1969,0
MRG,5,20210211,125000,0.279,0.288,0.279,0.288,18750,0
MRG,5,20210211,130000,0.287,0.287,0.287,0.287,150,0
MRG,5,20210211,131000,0.287,0.29,0.287,0.29,10133,0
MRG,5,20210211,131500,0.29,0.293,0.29,0.293,33031,0
MRG,5,20210211,134000,0.29,0.291,0.29,0.291,8830,0
MRG,5,20210211,134500,0.291,0.291,0.291,0.291,6846,0
MRG,5,20210211,135500,0.291,0.295,0.29,0.295,39005,0
MRG,5,20210211,140000,0.295,0.297,0.295,0.295,6000,0
MRG,5,20210211,140500,0.297,0.298,0.297,0.298,29353,0
MRG,5,20210211,141000,0.298,0.319,0.298,0.315,57752,0
MRG,5,20210211,141500,0.304,0.304,0.298,0.298,37361,0
MRG,5,20210211,142000,0.3,0.3,0.297,0.297,8856,0
MRG,5,20210211,142500,0.297,0.305,0.297,0.3,13519,0
MRG,5,20210211,143000,0.298,0.298,0.298,0.298,12966,0
MRG,5,20210211,144000,0.3,0.3,0.3,0.3,17166,0
MRG,5,20210211,144500,0.298,0.299,0.281,0.299,13726,0
MRG,5,20210211,150500,0.295,0.299,0.295,0.299,14439,0
MRG,5,20210211,151000,0.282,0.282,0.282,0.282,1000,0
MRG,5,20210211,151500,0.282,0.299,0.282,0.299,29890,0
MRG,5,20210211,152000,0.299,0.299,0.282,0.282,23060,0
MRG,5,20210211,153500,0.297,0.297,0.297,0.297,4555,0
MRG,5,20210211,154500,0.282,0.282,0.282,0.282,933,0
MRG,5,20210211,155000,0.295,0.295,0.285,0.285,17000,0
MRG,5,20210211,155500,0.285,0.285,0.285,0.285,2200,0
MRG,5,20210211,160000,0.285,0.285,0.285,0.285,8456,0
MRG,5,20210211,160500,0.282,0.282,0.282,0.282,1990,0
MRG,5,20210211,161500,0.29,0.29,0.29,0.29,360,0
MRG,5,20210211,162000,0.282,0.282,0.282,0.282,5000,0
MRG,5,20210211,162500,0.289,0.289,0.289,0.289,860,0
MRG,5,20210211,163000,0.282,0.282,0.279,0.282,50951,0
MRG,5,20210211,163500,0.282,0.282,0.282,0.282,6550,0
MRG,5,20210211,164000,0.279,0.279,0.278,0.278,7497,0
MRG,5,20210211,164500,0.278,0.28,0.275,0.28,34263,0
MRG,5,20210212,090000,0.299,0.304,0.28,0.304,37326,0
MRG,5,20210212,090500,0.304,0.325,0.29,0.29,118318,0
MRG,5,20210212,091500,0.3,0.316,0.3,0.3,72000,0
MRG,5,20210212,092000,0.3,0.3,0.3,0.3,6000,0
MRG,5,20210212,092500,0.3,0.324,0.3,0.324,39572,0
MRG,5,20210212,093000,0.325,0.325,0.325,0.325,1000,0
MRG,5,20210212,093500,0.32,0.32,0.32,0.32,1650,0
MRG,5,20210212,094000,0.301,0.32,0.301,0.301,37996,0
MRG,5,20210212,094500,0.316,0.316,0.316,0.316,1000,0
MRG,5,20210212,095000,0.316,0.316,0.31,0.31,11300,0
MRG,5,20210212,095500,0.301,0.315,0.301,0.315,703,0
MRG,5,20210212,100000,0.301,0.301,0.301,0.301,4829,0
MRG,5,20210212,100500,0.298,0.298,0.286,0.286,12000,0
MRG,5,20210212,101000,0.287,0.29,0.277,0.282,97586,0
MRG,5,20210212,101500,0.286,0.299,0.286,0.299,30945,0
MRG,5,20210212,102000,0.284,0.284,0.28,0.28,13266,0
MRG,5,20210212,102500,0.281,0.281,0.277,0.277,54763,0
MRG,5,20210212,103000,0.28,0.294,0.28,0.28,37290,0
MRG,5,20210212,103500,0.276,0.276,0.274,0.274,26986,0
MRG,5,20210212,104500,0.27,0.28,0.262,0.28,50086,0
MRG,5,20210212,105000,0.28,0.28,0.27,0.27,26997,0
MRG,5,20210212,112500,0.282,0.284,0.28,0.28,20021,0
MRG,5,20210212,113500,0.274,0.274,0.261,0.261,65130,0
MRG,5,20210212,114000,0.261,0.27,0.261,0.27,4527,0
MRG,5,20210212,114500,0.27,0.27,0.27,0.27,15000,0
MRG,5,20210212,115500,0.264,0.264,0.263,0.263,4958,0
MRG,5,20210212,120500,0.263,0.277,0.262,0.262,5009,0
MRG,5,20210212,121000,0.263,0.275,0.263,0.275,3621,0
MRG,5,20210212,122000,0.275,0.276,0.275,0.276,18594,0
MRG,5,20210212,124000,0.276,0.276,0.276,0.276,430,0
MRG,5,20210212,125500,0.279,0.282,0.279,0.282,12091,0
MRG,5,20210212,130000,0.265,0.281,0.265,0.281,20,0
MRG,5,20210212,132000,0.28,0.28,0.28,0.28,1200,0
MRG,5,20210212,132500,0.281,0.281,0.281,0.281,2800,0
MRG,5,20210212,140000,0.279,0.279,0.279,0.279,3000,0
MRG,5,20210212,140500,0.28,0.281,0.28,0.281,5000,0
MRG,5,20210212,142000,0.281,0.281,0.281,0.281,2356,0
MRG,5,20210212,142500,0.282,0.282,0.282,0.282,1000,0
MRG,5,20210212,144500,0.27,0.27,0.27,0.27,19305,0
MRG,5,20210212,145500,0.28,0.28,0.28,0.28,1080,0
MRG,5,20210212,150500,0.27,0.27,0.27,0.27,21671,0
MRG,5,20210212,152000,0.28,0.28,0.28,0.28,4000,0
MRG,5,20210212,153000,0.279,0.279,0.279,0.279,6153,0
MRG,5,20210212,154500,0.28,0.28,0.28,0.28,24,0
MRG,5,20210212,155000,0.28,0.28,0.28,0.28,3000,0
MRG,5,20210212,155500,0.28,0.28,0.28,0.28,1000,0
MRG,5,20210212,160000,0.279,0.279,0.279,0.279,1581,0
MRG,5,20210212,162000,0.279,0.279,0.279,0.279,3500,0
MRG,5,20210212,163500,0.27,0.27,0.265,0.265,21460,0
MRG,5,20210212,164000,0.27,0.27,0.27,0.27,1000,0
MRG,5,20210212,164500,0.278,0.278,0.278,0.278,6324,0
MRG,5,20210215,090000,0.279,0.281,0.277,0.281,27919,0
MRG,5,20210215,090500,0.284,0.3,0.281,0.291,54038,0
MRG,5,20210215,091000,0.29,0.29,0.281,0.281,11080,0
MRG,5,20210215,091500,0.281,0.288,0.281,0.288,11969,0
MRG,5,20210215,092500,0.286,0.287,0.278,0.287,24827,0
MRG,5,20210215,093000,0.278,0.288,0.278,0.28,89357,0
MRG,5,20210215,093500,0.287,0.287,0.28,0.28,15014,0
MRG,5,20210215,094000,0.285,0.288,0.281,0.288,39665,0
MRG,5,20210215,094500,0.288,0.288,0.287,0.287,10000,0
MRG,5,20210215,095000,0.281,0.288,0.281,0.287,31921,0
MRG,5,20210215,100000,0.283,0.283,0.283,0.283,2000,0
MRG,5,20210215,102000,0.285,0.285,0.285,0.285,3000,0
MRG,5,20210215,102500,0.285,0.285,0.285,0.285,500,0
MRG,5,20210215,103500,0.285,0.285,0.285,0.285,5000,0
MRG,5,20210215,105000,0.285,0.285,0.285,0.285,2000,0
MRG,5,20210215,110000,0.283,0.283,0.278,0.278,4010,0
MRG,5,20210215,111000,0.278,0.278,0.277,0.277,7186,0
MRG,5,20210215,112000,0.28,0.285,0.28,0.285,10111,0
MRG,5,20210215,114000,0.278,0.278,0.278,0.278,207,0
MRG,5,20210215,114500,0.278,0.278,0.278,0.278,9109,0
MRG,5,20210215,115500,0.277,0.277,0.277,0.277,2000,0
MRG,5,20210215,121500,0.277,0.277,0.275,0.275,4452,0
MRG,5,20210215,124500,0.282,0.283,0.282,0.283,8730,0
MRG,5,20210215,125000,0.283,0.283,0.283,0.283,1826,0
MRG,5,20210215,125500,0.283,0.285,0.283,0.285,6675,0
MRG,5,20210215,132000,0.284,0.284,0.284,0.284,3888,0
MRG,5,20210215,133000,0.284,0.284,0.284,0.284,6112,0
MRG,5,20210215,133500,0.28,0.28,0.28,0.28,4000,0
MRG,5,20210215,134000,0.275,0.276,0.275,0.275,21045,0
MRG,5,20210215,135000,0.274,0.274,0.274,0.274,6222,0
MRG,5,20210215,135500,0.274,0.284,0.273,0.275,46778,0
MRG,5,20210215,140000,0.285,0.285,0.285,0.285,37003,0
MRG,5,20210215,140500,0.285,0.285,0.285,0.285,42115,0
MRG,5,20210215,141000,0.284,0.285,0.284,0.285,8893,0
MRG,5,20210215,141500,0.285,0.285,0.285,0.285,12682,0
MRG,5,20210215,142000,0.285,0.285,0.285,0.285,8423,0
MRG,5,20210215,143000,0.288,0.288,0.288,0.288,111,0
MRG,5,20210215,143500,0.288,0.29,0.288,0.29,43554,0
MRG,5,20210215,144000,0.29,0.297,0.29,0.297,47060,0
MRG,5,20210215,144500,0.297,0.297,0.296,0.296,1931,0
MRG,5,20210215,145000,0.294,0.297,0.292,0.297,59473,0
MRG,5,20210215,145500,0.296,0.297,0.29,0.29,51000,0
MRG,5,20210215,150000,0.295,0.295,0.285,0.294,19212,0
MRG,5,20210215,150500,0.285,0.285,0.285,0.285,5500,0
MRG,5,20210215,151500,0.282,0.282,0.276,0.276,64592,0
MRG,5,20210215,152500,0.29,0.29,0.29,0.29,927,0
MRG,5,20210215,154500,0.279,0.279,0.277,0.277,16300,0
MRG,5,20210215,155000,0.277,0.277,0.277,0.277,1000,0
MRG,5,20210215,162500,0.289,0.289,0.289,0.289,400,0
MRG,5,20210215,164500,0.287,0.287,0.287,0.287,2,0
MRG,5,20210216,090000,0.277,0.28,0.277,0.28,8834,0
MRG,5,20210216,090500,0.287,0.287,0.276,0.287,2699,0
MRG,5,20210216,091500,0.287,0.32,0.287,0.319,69396,0
MRG,5,20210216,092000,0.319,0.319,0.3,0.3,24650,0
MRG,5,20210216,092500,0.309,0.32,0.299,0.3,77622,0
MRG,5,20210216,093000,0.302,0.325,0.3,0.318,67312,0
MRG,5,20210216,093500,0.311,0.311,0.308,0.308,3889,0
MRG,5,20210216,094000,0.301,0.301,0.3,0.3,7437,0
MRG,5,20210216,094500,0.3,0.3,0.3,0.3,3932,0
MRG,5,20210216,102000,0.3,0.309,0.296,0.309,51645,0
MRG,5,20210216,102500,0.308,0.318,0.296,0.317,95586,0
MRG,5,20210216,103000,0.314,0.315,0.314,0.315,19711,0
MRG,5,20210216,103500,0.314,0.315,0.314,0.315,12111,0
MRG,5,20210216,104000,0.312,0.312,0.308,0.308,6911,0
MRG,5,20210216,104500,0.301,0.307,0.301,0.307,5237,0
MRG,5,20210216,105000,0.307,0.307,0.307,0.307,17163,0
MRG,5,20210216,105500,0.308,0.308,0.308,0.308,10000,0
MRG,5,20210216,113500,0.309,0.309,0.309,0.309,111,0
MRG,5,20210216,121500,0.302,0.309,0.301,0.309,2600,0
MRG,5,20210216,123500,0.309,0.309,0.309,0.309,600,0
MRG,5,20210216,125000,0.301,0.301,0.301,0.301,10000,0
MRG,5,20210216,130000,0.309,0.31,0.309,0.31,7000,0
MRG,5,20210216,130500,0.31,0.31,0.31,0.31,14533,0
MRG,5,20210216,133000,0.302,0.302,0.302,0.302,10873,0
MRG,5,20210216,133500,0.301,0.315,0.3,0.315,25858,0
MRG,5,20210216,134000,0.314,0.315,0.314,0.315,21858,0
MRG,5,20210216,135000,0.314,0.314,0.314,0.314,1000,0
MRG,5,20210216,140000,0.31,0.31,0.31,0.31,1000,0
MRG,5,20210216,141000,0.3,0.3,0.3,0.3,10000,0
MRG,5,20210216,143000,0.309,0.309,0.309,0.309,22,0
MRG,5,20210216,145000,0.309,0.309,0.309,0.309,3868,0
MRG,5,20210216,145500,0.31,0.31,0.31,0.31,1599,0
MRG,5,20210216,151000,0.301,0.31,0.301,0.31,4,0
MRG,5,20210216,151500,0.301,0.31,0.296,0.31,27207,0
MRG,5,20210216,152000,0.31,0.314,0.28,0.313,102060,0
MRG,5,20210216,152500,0.301,0.301,0.301,0.301,299,0
MRG,5,20210216,153000,0.301,0.309,0.301,0.309,4812,0
MRG,5,20210216,153500,0.309,0.316,0.309,0.316,51334,0
MRG,5,20210216,154000,0.317,0.319,0.31,0.317,48339,0
MRG,5,20210216,154500,0.31,0.317,0.307,0.317,9877,0
MRG,5,20210216,155000,0.308,0.308,0.308,0.308,5000,0
MRG,5,20210216,155500,0.317,0.32,0.317,0.32,20043,0
MRG,5,20210216,160000,0.318,0.32,0.318,0.32,19221,0
MRG,5,20210216,160500,0.32,0.33,0.32,0.33,75899,0
MRG,5,20210216,161000,0.335,0.335,0.335,0.335,15000,0
MRG,5,20210216,161500,0.335,0.349,0.33,0.34,141392,0
MRG,5,20210216,162000,0.34,0.346,0.34,0.343,1893,0
MRG,5,20210216,162500,0.342,0.344,0.342,0.344,17008,0
MRG,5,20210216,163000,0.344,0.346,0.33,0.34,49131,0
MRG,5,20210216,163500,0.34,0.345,0.34,0.341,22087,0
MRG,5,20210216,164000,0.341,0.341,0.33,0.33,12522,0
MRG,5,20210216,164500,0.337,0.337,0.325,0.326,59751,0
MRG,5,20210217,090000,0.327,0.346,0.327,0.327,15829,0
MRG,5,20210217,090500,0.325,0.34,0.321,0.34,30443,0
MRG,5,20210217,091000,0.34,0.34,0.312,0.314,44804,0
MRG,5,20210217,091500,0.312,0.312,0.312,0.312,15000,0
MRG,5,20210217,092000,0.311,0.312,0.304,0.304,33665,0
MRG,5,20210217,092500,0.33,0.33,0.33,0.33,1,0
MRG,5,20210217,103500,0.32,0.32,0.32,0.32,4300,0
MRG,5,20210217,104500,0.309,0.309,0.305,0.305,10110,0
MRG,5,20210217,110500,0.31,0.31,0.31,0.31,20000,0
MRG,5,20210217,111500,0.305,0.305,0.305,0.305,8710,0
MRG,5,20210217,112500,0.304,0.314,0.302,0.314,3140,0
MRG,5,20210217,113000,0.313,0.313,0.313,0.313,1561,0
MRG,5,20210217,121000,0.295,0.295,0.295,0.295,3000,0
MRG,5,20210217,122000,0.295,0.295,0.295,0.295,20000,0
MRG,5,20210217,122500,0.295,0.295,0.295,0.295,500,0
MRG,5,20210217,130500,0.309,0.309,0.309,0.309,4400,0
MRG,5,20210217,132500,0.309,0.309,0.309,0.309,4100,0
MRG,5,20210217,135500,0.3,0.3,0.3,0.3,330,0
MRG,5,20210217,145000,0.305,0.305,0.305,0.305,1300,0
MRG,5,20210217,145500,0.301,0.301,0.301,0.301,1500,0
MRG,5,20210217,150000,0.303,0.303,0.3,0.3,4951,0
MRG,5,20210217,151000,0.305,0.305,0.3,0.3,2000,0
MRG,5,20210217,151500,0.3,0.3,0.297,0.297,10000,0
MRG,5,20210217,152500,0.297,0.297,0.297,0.297,2748,0
MRG,5,20210217,153500,0.293,0.293,0.29,0.29,10800,0
MRG,5,20210217,154000,0.29,0.29,0.29,0.29,32500,0
MRG,5,20210217,155500,0.29,0.29,0.29,0.29,700,0
MRG,5,20210217,160000,0.295,0.304,0.295,0.304,2994,0
MRG,5,20210217,161000,0.295,0.295,0.295,0.295,600,0
MRG,5,20210217,164500,0.295,0.295,0.295,0.295,10400,0
MRG,5,20210218,090000,0.302,0.302,0.3,0.302,5000,0
MRG,5,20210218,091000,0.302,0.305,0.302,0.305,7499,0
MRG,5,20210218,091500,0.3,0.3,0.3,0.3,4000,0
MRG,5,20210218,092000,0.304,0.304,0.287,0.287,10000,0
MRG,5,20210218,100000,0.294,0.294,0.287,0.294,15120,0
MRG,5,20210218,101000,0.287,0.287,0.287,0.287,3000,0
MRG,5,20210218,101500,0.298,0.298,0.298,0.298,5000,0
MRG,5,20210218,102000,0.298,0.298,0.298,0.298,80,0
MRG,5,20210218,103000,0.298,0.298,0.287,0.287,18065,0
MRG,5,20210218,104000,0.297,0.297,0.297,0.297,963,0
MRG,5,20210218,110000,0.296,0.297,0.287,0.287,15000,0
MRG,5,20210218,111500,0.29,0.29,0.29,0.29,15000,0
MRG,5,20210218,112500,0.29,0.29,0.29,0.29,400,0
MRG,5,20210218,113500,0.286,0.286,0.278,0.278,51768,0
MRG,5,20210218,114000,0.276,0.276,0.276,0.276,3000,0
MRG,5,20210218,115500,0.28,0.28,0.276,0.276,4000,0
MRG,5,20210218,120500,0.29,0.29,0.29,0.29,303,0
MRG,5,20210218,131000,0.29,0.295,0.29,0.295,5000,0
MRG,5,20210218,140000,0.293,0.293,0.293,0.293,1000,0
MRG,5,20210218,142000,0.282,0.282,0.277,0.277,22710,0
MRG,5,20210218,143500,0.292,0.292,0.292,0.292,2540,0
MRG,5,20210218,154000,0.28,0.28,0.277,0.277,28330,0
MRG,5,20210218,155500,0.285,0.285,0.276,0.276,10496,0
MRG,5,20210218,160500,0.29,0.29,0.29,0.29,111,0
MRG,5,20210218,164500,0.29,0.29,0.29,0.29,12146,0
MRG,5,20210219,090000,0.285,0.285,0.285,0.285,1035,0
MRG,5,20210219,094500,0.276,0.276,0.276,0.276,1120,0
MRG,5,20210219,095000,0.276,0.276,0.276,0.276,3300,0
MRG,5,20210219,104500,0.285,0.285,0.285,0.285,1,0
MRG,5,20210219,113500,0.285,0.286,0.285,0.286,7599,0
MRG,5,20210219,115500,0.289,0.289,0.289,0.289,6728,0
MRG,5,20210219,120000,0.289,0.289,0.289,0.289,1038,0
MRG,5,20210219,121000,0.28,0.28,0.28,0.28,1000,0
MRG,5,20210219,121500,0.289,0.289,0.288,0.288,8568,0
MRG,5,20210219,122000,0.288,0.288,0.288,0.288,5000,0
MRG,5,20210219,122500,0.288,0.289,0.288,0.289,2000,0
MRG,5,20210219,133000,0.28,0.28,0.28,0.28,1994,0
MRG,5,20210219,134500,0.288,0.289,0.288,0.289,12500,0
MRG,5,20210219,141000,0.289,0.289,0.289,0.289,5000,0
MRG,5,20210219,141500,0.289,0.289,0.289,0.289,4300,0
MRG,5,20210219,150000,0.286,0.286,0.285,0.285,5456,0
MRG,5,20210219,150500,0.288,0.289,0.28,0.28,1606,0
MRG,5,20210219,151000,0.278,0.278,0.278,0.278,6938,0
MRG,5,20210219,155500,0.278,0.288,0.278,0.28,34000,0
MRG,5,20210219,160000,0.278,0.278,0.278,0.278,977,0
MRG,5,20210219,161000,0.278,0.278,0.278,0.278,10046,0
MRG,5,20210219,161500,0.276,0.276,0.276,0.276,1900,0
MRG,5,20210219,163500,0.283,0.29,0.283,0.29,54102,0
MRG,5,20210219,164000,0.29,0.294,0.29,0.294,68261,0
MRG,5,20210219,164500,0.295,0.32,0.295,0.317,50159,0
MRG,5,20210222,090000,0.273,0.273,0.273,0.273,3529,0
MRG,5,20210222,094500,0.289,0.291,0.288,0.291,6500,0
MRG,5,20210222,095500,0.291,0.291,0.291,0.291,6861,0
MRG,5,20210222,100000,0.292,0.292,0.292,0.292,6000,0
MRG,5,20210222,100500,0.292,0.292,0.292,0.292,22700,0
MRG,5,20210222,101000,0.3,0.3,0.3,0.3,1500,0
MRG,5,20210222,102500,0.3,0.3,0.3,0.3,3000,0
MRG,5,20210222,110500,0.303,0.303,0.3,0.3,4942,0
MRG,5,20210222,111500,0.293,0.293,0.291,0.291,25459,0
MRG,5,20210222,112000,0.29,0.29,0.29,0.29,2500,0
MRG,5,20210222,113000,0.299,0.3,0.299,0.3,10550,0
MRG,5,20210222,125000,0.299,0.299,0.299,0.299,1100,0
MRG,5,20210222,133500,0.291,0.291,0.291,0.291,4172,0
MRG,5,20210222,134000,0.29,0.29,0.29,0.29,4000,0
MRG,5,20210222,140500,0.288,0.288,0.288,0.288,1000,0
MRG,5,20210222,150000,0.288,0.291,0.288,0.291,28523,0
MRG,5,20210222,150500,0.291,0.291,0.291,0.291,4449,0
MRG,5,20210222,161000,0.294,0.295,0.294,0.295,3750,0
MRG,5,20210222,162500,0.295,0.295,0.295,0.295,4590,0
MRG,5,20210222,163000,0.298,0.298,0.298,0.298,20,0
MRG,5,20210222,164000,0.298,0.298,0.298,0.298,777,0
MRG,5,20210223,090000,0.285,0.285,0.281,0.281,4770,0
MRG,5,20210223,091000,0.284,0.284,0.284,0.284,89,0
MRG,5,20210223,091500,0.284,0.284,0.283,0.283,7000,0
MRG,5,20210223,092000,0.283,0.283,0.283,0.283,606,0
MRG,5,20210223,092500,0.297,0.297,0.297,0.297,111,0
MRG,5,20210223,101500,0.296,0.297,0.296,0.297,8363,0
MRG,5,20210223,102000,0.3,0.3,0.3,0.3,15000,0
MRG,5,20210223,103000,0.298,0.298,0.298,0.298,1637,0
MRG,5,20210223,110000,0.285,0.295,0.285,0.285,7100,0
MRG,5,20210223,111500,0.284,0.284,0.284,0.284,1000,0
MRG,5,20210223,123000,0.284,0.284,0.282,0.282,4913,0
MRG,5,20210223,123500,0.282,0.282,0.282,0.282,238,0
MRG,5,20210223,130000,0.282,0.294,0.282,0.294,1000,0
MRG,5,20210223,154000,0.29,0.29,0.29,0.29,111,0
MRG,5,20210223,160500,0.285,0.285,0.285,0.285,4900,0
MRG,5,20210224,090000,0.292,0.292,0.292,0.292,400,0
MRG,5,20210224,091500,0.291,0.291,0.291,0.291,7500,0
MRG,5,20210224,095000,0.291,0.292,0.291,0.292,6361,0
MRG,5,20210224,102500,0.291,0.291,0.291,0.291,4000,0
MRG,5,20210224,103000,0.291,0.292,0.291,0.292,1111,0
MRG,5,20210224,103500,0.292,0.292,0.292,0.292,11000,0
MRG,5,20210224,120500,0.292,0.292,0.292,0.292,2582,0
MRG,5,20210224,132500,0.292,0.292,0.292,0.292,6117,0
MRG,5,20210224,142500,0.292,0.294,0.292,0.294,6000,0
MRG,5,20210224,143000,0.294,0.294,0.294,0.294,10125,0
MRG,5,20210224,144000,0.294,0.294,0.294,0.294,111,0
MRG,5,20210224,145500,0.285,0.294,0.285,0.294,12753,0
MRG,5,20210224,153500,0.292,0.292,0.292,0.292,2157,0
MRG,5,20210224,162500,0.292,0.293,0.292,0.293,3333,0
MRG,5,20210224,164000,0.293,0.293,0.293,0.293,2011,0
MRG,5,20210224,165500,0.291,0.291,0.291,0.291,10000,0
MRG,5,20210225,090000,0.282,0.282,0.282,0.282,5000,0
MRG,5,20210225,094000,0.282,0.282,0.282,0.282,2000,0
MRG,5,20210225,094500,0.282,0.282,0.281,0.281,11105,0
MRG,5,20210225,095500,0.274,0.274,0.271,0.271,24312,0
MRG,5,20210225,100000,0.272,0.272,0.272,0.272,9688,0
MRG,5,20210225,100500,0.271,0.271,0.253,0.26,32326,0
MRG,5,20210225,111500,0.275,0.275,0.275,0.275,10000,0
MRG,5,20210225,122000,0.275,0.275,0.275,0.275,200,0
MRG,5,20210225,124500,0.275,0.275,0.275,0.275,6300,0
MRG,5,20210225,130000,0.27,0.27,0.27,0.27,6900,0
MRG,5,20210225,130500,0.266,0.266,0.26,0.266,36826,0
MRG,5,20210225,133500,0.266,0.269,0.266,0.269,1111,0
MRG,5,20210225,135000,0.269,0.27,0.269,0.27,16943,0
MRG,5,20210225,141000,0.27,0.27,0.27,0.27,1476,0
MRG,5,20210225,141500,0.27,0.27,0.27,0.27,364,0
MRG,5,20210225,152000,0.27,0.27,0.27,0.27,17310,0
MRG,5,20210225,154000,0.26,0.26,0.258,0.258,31150,0
MRG,5,20210225,154500,0.257,0.257,0.245,0.254,129660,0
MRG,5,20210225,155000,0.269,0.269,0.269,0.269,111,0
MRG,5,20210225,160500,0.255,0.255,0.255,0.255,6000,0
MRG,5,20210225,161500,0.255,0.255,0.255,0.255,4000,0
MRG,5,20210225,162000,0.263,0.263,0.263,0.263,6900,0
MRG,5,20210225,162500,0.263,0.266,0.263,0.266,50,0
MRG,5,20210225,164500,0.259,0.266,0.259,0.266,6001,0
MRG,5,20210226,093000,0.268,0.268,0.268,0.268,1500,0
MRG,5,20210226,093500,0.269,0.269,0.269,0.269,111,0
MRG,5,20210226,101000,0.266,0.266,0.266,0.266,230,0
MRG,5,20210226,101500,0.266,0.266,0.266,0.266,4000,0
MRG,5,20210226,104500,0.26,0.26,0.253,0.253,5211,0
MRG,5,20210226,105000,0.253,0.253,0.253,0.253,500,0
MRG,5,20210226,110000,0.255,0.255,0.253,0.253,3300,0
MRG,5,20210226,113000,0.255,0.255,0.255,0.255,2000,0
MRG,5,20210226,121500,0.256,0.256,0.253,0.253,24497,0
MRG,5,20210226,122000,0.252,0.252,0.251,0.251,20683,0
MRG,5,20210226,122500,0.251,0.254,0.25,0.254,15184,0
MRG,5,20210226,124000,0.254,0.254,0.254,0.254,2367,0
MRG,5,20210226,124500,0.26,0.269,0.26,0.269,7596,0
MRG,5,20210226,125000,0.265,0.267,0.252,0.266,29708,0
MRG,5,20210226,131000,0.267,0.267,0.267,0.267,4000,0
MRG,5,20210226,140000,0.262,0.262,0.262,0.262,1111,0
MRG,5,20210226,141000,0.256,0.256,0.256,0.256,7700,0
MRG,5,20210226,141500,0.256,0.256,0.252,0.252,19170,0
MRG,5,20210226,142000,0.252,0.252,0.252,0.252,8000,0
MRG,5,20210226,142500,0.26,0.26,0.26,0.26,5000,0
MRG,5,20210226,145000,0.263,0.263,0.263,0.263,2778,0
MRG,5,20210226,151500,0.264,0.264,0.264,0.264,4000,0
MRG,5,20210226,161000,0.252,0.252,0.25,0.25,20000,0
MRG,5,20210226,161500,0.251,0.251,0.25,0.25,15288,0
MRG,5,20210226,162500,0.245,0.245,0.242,0.245,5157,0
MRG,5,20210226,163000,0.245,0.245,0.245,0.245,4000,0
MRG,5,20210226,164000,0.25,0.25,0.25,0.25,5000,0
MRG,5,20210301,090000,0.256,0.256,0.256,0.256,5000,0
MRG,5,20210301,090500,0.251,0.251,0.25,0.25,1360,0
MRG,5,20210301,093000,0.242,0.242,0.24,0.24,35088,0
MRG,5,20210301,093500,0.24,0.24,0.24,0.24,1911,0
MRG,5,20210301,100000,0.24,0.254,0.24,0.254,14677,0
MRG,5,20210301,111000,0.248,0.248,0.248,0.248,500,0
MRG,5,20210301,112000,0.248,0.248,0.248,0.248,200,0
MRG,5,20210301,113500,0.248,0.249,0.248,0.249,10000,0
MRG,5,20210301,114000,0.249,0.249,0.24,0.24,6116,0
MRG,5,20210301,114500,0.24,0.24,0.24,0.24,10000,0
MRG,5,20210301,115000,0.24,0.25,0.24,0.24,8620,0
MRG,5,20210301,115500,0.238,0.238,0.238,0.238,10000,0
MRG,5,20210301,120500,0.248,0.248,0.248,0.248,5000,0
MRG,5,20210301,122000,0.24,0.24,0.238,0.238,42143,0
MRG,5,20210301,131000,0.238,0.238,0.238,0.238,1140,0
MRG,5,20210301,140000,0.24,0.24,0.24,0.24,111,0
MRG,5,20210301,141500,0.24,0.24,0.24,0.24,1000,0
MRG,5,20210301,143500,0.24,0.24,0.24,0.24,54015,0
MRG,5,20210301,144000,0.24,0.24,0.24,0.24,15000,0
MRG,5,20210301,145000,0.24,0.24,0.24,0.24,7573,0
MRG,5,20210301,150500,0.25,0.25,0.25,0.25,3000,0
MRG,5,20210301,151000,0.25,0.25,0.25,0.25,2000,0
MRG,5,20210301,151500,0.255,0.255,0.255,0.255,1,0
MRG,5,20210301,152000,0.25,0.25,0.25,0.25,1,0
MRG,5,20210301,152500,0.25,0.25,0.25,0.25,99,0
MRG,5,20210301,163000,0.254,0.254,0.254,0.254,6010,0
MRG,5,20210301,163500,0.254,0.256,0.254,0.256,1500,0
MRG,5,20210302,090000,0.255,0.255,0.255,0.255,23000,0
MRG,5,20210302,092500,0.24,0.24,0.24,0.24,3262,0
MRG,5,20210302,101000,0.24,0.24,0.24,0.24,95,0
MRG,5,20210302,112000,0.25,0.25,0.25,0.25,200,0
MRG,5,20210302,114000,0.241,0.241,0.24,0.24,5000,0
MRG,5,20210302,131000,0.242,0.242,0.242,0.242,2491,0
MRG,5,20210302,134000,0.251,0.251,0.251,0.251,500,0
MRG,5,20210302,134500,0.252,0.253,0.252,0.253,6500,0
MRG,5,20210302,140000,0.253,0.253,0.253,0.253,5000,0
MRG,5,20210302,144000,0.253,0.255,0.253,0.255,25000,0
MRG,5,20210302,145500,0.243,0.243,0.243,0.243,7721,0
MRG,5,20210302,151500,0.254,0.26,0.254,0.26,50000,0
MRG,5,20210302,160000,0.259,0.259,0.246,0.246,2,0
MRG,5,20210302,162000,0.259,0.259,0.259,0.259,1000,0
MRG,5,20210302,163000,0.259,0.259,0.246,0.246,4,0
MRG,5,20210302,164500,0.259,0.259,0.259,0.259,7000,0
MRG,5,20210303,091000,0.245,0.245,0.243,0.243,15000,0
MRG,5,20210303,092500,0.245,0.245,0.245,0.245,8000,0
MRG,5,20210303,093000,0.243,0.243,0.242,0.242,10000,0
MRG,5,20210303,094000,0.241,0.241,0.241,0.241,10000,0
MRG,5,20210303,102000,0.242,0.242,0.241,0.241,14000,0
MRG,5,20210303,102500,0.242,0.242,0.24,0.24,14412,0
MRG,5,20210303,103000,0.24,0.24,0.24,0.24,5486,0
MRG,5,20210303,103500,0.237,0.237,0.237,0.237,4000,0
MRG,5,20210303,104000,0.24,0.24,0.24,0.24,5000,0
MRG,5,20210303,104500,0.24,0.24,0.24,0.24,10000,0
MRG,5,20210303,105000,0.24,0.24,0.24,0.24,4514,0
MRG,5,20210303,105500,0.246,0.246,0.246,0.246,6000,0
MRG,5,20210303,111000,0.237,0.237,0.225,0.225,50002,0
MRG,5,20210303,112000,0.235,0.235,0.235,0.235,5486,0
MRG,5,20210303,112500,0.235,0.235,0.235,0.235,2514,0
MRG,5,20210303,113000,0.239,0.239,0.235,0.235,3623,0
MRG,5,20210303,114500,0.24,0.248,0.24,0.24,47342,0
MRG,5,20210303,120500,0.24,0.24,0.24,0.24,4475,0
MRG,5,20210303,121000,0.24,0.24,0.24,0.24,500,0
MRG,5,20210303,132000,0.244,0.246,0.244,0.246,10000,0
MRG,5,20210303,132500,0.246,0.246,0.24,0.24,4219,0
MRG,5,20210303,145500,0.252,0.252,0.252,0.252,500,0
MRG,5,20210303,155500,0.24,0.24,0.24,0.24,1722,0
MRG,5,20210303,164000,0.252,0.252,0.252,0.252,100,0
MRG,5,20210303,164500,0.252,0.259,0.252,0.258,2903,0
MRG,5,20210304,090000,0.258,0.258,0.258,0.258,1661,0
MRG,5,20210304,091500,0.244,0.244,0.244,0.244,500,0
MRG,5,20210304,094500,0.244,0.244,0.244,0.244,409,0
MRG,5,20210304,095500,0.244,0.244,0.244,0.244,7687,0
MRG,5,20210304,100000,0.257,0.257,0.257,0.257,111,0
MRG,5,20210304,104000,0.245,0.245,0.231,0.231,35630,0
MRG,5,20210304,111500,0.25,0.255,0.25,0.254,4226,0
MRG,5,20210305,090000,0.253,0.253,0.253,0.253,200,0
MRG,5,20210305,103500,0.24,0.24,0.236,0.236,10000,0
MRG,5,20210305,105500,0.24,0.24,0.24,0.24,5530,0
MRG,5,20210305,120500,0.25,0.25,0.25,0.25,111,0
MRG,5,20210305,123000,0.25,0.25,0.25,0.25,5711,0
MRG,5,20210305,124500,0.252,0.254,0.252,0.254,1000,0
MRG,5,20210305,125000,0.255,0.255,0.255,0.255,1000,0
MRG,5,20210305,140000,0.253,0.254,0.253,0.254,23389,0
MRG,5,20210305,141500,0.253,0.253,0.253,0.253,878,0
MRG,5,20210305,144500,0.24,0.24,0.24,0.24,15000,0
MRG,5,20210305,151000,0.253,0.253,0.253,0.253,10,0
MRG,5,20210305,155000,0.25,0.25,0.25,0.25,6233,0
MRG,5,20210305,162000,0.253,0.253,0.253,0.253,10,0
MRG,5,20210305,164500,0.252,0.252,0.252,0.252,1,0
MRG,5,20210308,090000,0.25,0.25,0.25,0.25,500,0
MRG,5,20210308,094000,0.242,0.242,0.24,0.24,7000,0
MRG,5,20210308,094500,0.243,0.243,0.243,0.243,500,0
MRG,5,20210308,095000,0.244,0.245,0.244,0.245,2000,0
MRG,5,20210308,154000,0.24,0.24,0.24,0.24,6500,0
MRG,5,20210308,162500,0.235,0.235,0.233,0.233,10411,0
MRG,5,20210308,163000,0.239,0.241,0.239,0.241,2000,0
MRG,5,20210308,164500,0.24,0.24,0.24,0.24,3000,0
MRG,5,20210309,093500,0.24,0.24,0.24,0.24,1000,0
MRG,5,20210309,102000,0.24,0.24,0.22,0.22,38988,0
MRG,5,20210309,103000,0.23,0.23,0.23,0.23,1499,0
MRG,5,20210309,104000,0.235,0.235,0.235,0.235,5600,0
MRG,5,20210309,110000,0.231,0.231,0.23,0.23,11880,0
MRG,5,20210309,111000,0.234,0.234,0.234,0.234,101000,0
MRG,5,20210309,111500,0.235,0.235,0.23,0.23,13000,0
MRG,5,20210309,112000,0.235,0.235,0.23,0.23,12000,0
MRG,5,20210309,112500,0.235,0.238,0.235,0.238,106882,0
MRG,5,20210309,113000,0.239,0.242,0.239,0.242,15536,0
MRG,5,20210309,114000,0.246,0.253,0.246,0.253,21123,0
MRG,5,20210309,114500,0.253,0.258,0.24,0.24,1763,0
MRG,5,20210309,120500,0.24,0.24,0.24,0.24,32737,0
MRG,5,20210309,122000,0.239,0.239,0.239,0.239,50,0
MRG,5,20210309,123500,0.248,0.248,0.248,0.248,5,0
MRG,5,20210309,124000,0.239,0.239,0.23,0.23,20409,0
MRG,5,20210309,132500,0.23,0.26,0.227,0.24,105290,0
MRG,5,20210309,134000,0.249,0.264,0.249,0.264,50000,0
MRG,5,20210309,134500,0.264,0.264,0.264,0.264,4648,0
MRG,5,20210309,135500,0.264,0.265,0.264,0.265,5356,0
MRG,5,20210309,140000,0.265,0.27,0.265,0.27,23514,0
MRG,5,20210309,140500,0.27,0.272,0.27,0.27,11382,0
MRG,5,20210309,141500,0.246,0.246,0.246,0.246,2114,0
MRG,5,20210309,142000,0.246,0.246,0.245,0.245,5244,0
MRG,5,20210309,142500,0.258,0.271,0.258,0.271,4931,0
MRG,5,20210309,143500,0.27,0.27,0.27,0.27,2229,0
MRG,5,20210309,145000,0.266,0.27,0.25,0.27,311795,0
MRG,5,20210309,145500,0.27,0.27,0.27,0.27,10000,0
MRG,5,20210309,151500,0.252,0.252,0.252,0.252,10000,0
MRG,5,20210309,152000,0.25,0.25,0.245,0.245,161556,0
MRG,5,20210309,152500,0.269,0.278,0.269,0.277,50000,0
MRG,5,20210309,153000,0.27,0.27,0.27,0.27,100,0
MRG,5,20210309,154000,0.277,0.277,0.277,0.277,2000,0
MRG,5,20210309,154500,0.28,0.28,0.28,0.28,8118,0
MRG,5,20210309,155000,0.264,0.264,0.264,0.264,4936,0
MRG,5,20210309,155500,0.266,0.266,0.266,0.266,3930,0
MRG,5,20210309,161000,0.28,0.28,0.28,0.28,818,0
MRG,5,20210309,161500,0.28,0.28,0.28,0.28,7500,0
MRG,5,20210309,162000,0.27,0.27,0.27,0.27,5000,0
MRG,5,20210309,162500,0.27,0.278,0.27,0.278,2444,0
MRG,5,20210309,163000,0.278,0.278,0.278,0.278,4338,0
MRG,5,20210309,163500,0.28,0.28,0.28,0.28,13000,0
MRG,5,20210309,164000,0.28,0.286,0.28,0.286,17522,0
MRG,5,20210309,164500,0.286,0.287,0.286,0.287,10222,0
MRG,5,20210309,165500,0.287,0.287,0.287,0.287,333,0
MRG,5,20210310,090000,0.27,0.27,0.27,0.27,6375,0
MRG,5,20210310,090500,0.27,0.287,0.268,0.287,37000,0
MRG,5,20210310,091000,0.287,0.294,0.287,0.294,5900,0
MRG,5,20210310,092000,0.294,0.294,0.294,0.294,136,0
MRG,5,20210310,093000,0.29,0.29,0.29,0.29,6000,0
MRG,5,20210310,093500,0.266,0.266,0.265,0.265,5900,0
MRG,5,20210310,094000,0.267,0.267,0.266,0.266,10000,0
MRG,5,20210310,101500,0.289,0.289,0.289,0.289,300,0
MRG,5,20210310,103000,0.268,0.268,0.267,0.267,14800,0
MRG,5,20210310,103500,0.266,0.266,0.266,0.266,2000,0
MRG,5,20210310,111000,0.267,0.267,0.266,0.266,8000,0
MRG,5,20210310,113000,0.276,0.276,0.276,0.276,100,0
MRG,5,20210310,120000,0.267,0.267,0.267,0.267,100,0
MRG,5,20210310,121000,0.273,0.273,0.273,0.273,2000,0
MRG,5,20210310,123000,0.267,0.267,0.26,0.26,17450,0
MRG,5,20210310,125500,0.26,0.26,0.26,0.26,2053,0
MRG,5,20210310,130000,0.259,0.259,0.259,0.259,2158,0
MRG,5,20210310,134000,0.256,0.256,0.253,0.253,18200,0
MRG,5,20210310,152500,0.26,0.26,0.26,0.26,2000,0
MRG,5,20210310,153000,0.26,0.26,0.26,0.26,6500,0
MRG,5,20210310,154000,0.263,0.264,0.263,0.264,6669,0
MRG,5,20210310,154500,0.264,0.264,0.264,0.264,1522,0
MRG,5,20210310,155500,0.264,0.273,0.264,0.273,4271,0
MRG,5,20210310,161000,0.272,0.272,0.26,0.26,45671,0
MRG,5,20210310,161500,0.26,0.26,0.26,0.26,7329,0
MRG,5,20210310,164000,0.26,0.26,0.26,0.26,44,0
MRG,5,20210311,090000,0.249,0.25,0.236,0.25,47655,0
MRG,5,20210311,092000,0.243,0.243,0.242,0.242,15847,0
MRG,5,20210311,092500,0.25,0.25,0.25,0.25,500,0
MRG,5,20210311,093500,0.246,0.246,0.245,0.245,11000,0
MRG,5,20210311,094500,0.245,0.245,0.245,0.245,456,0
MRG,5,20210311,101000,0.245,0.245,0.24,0.24,38312,0
MRG,5,20210311,102500,0.249,0.25,0.249,0.25,2170,0
MRG,5,20210311,105500,0.243,0.243,0.239,0.239,15000,0
MRG,5,20210311,110500,0.25,0.25,0.25,0.25,2000,0
MRG,5,20210311,115000,0.25,0.25,0.25,0.25,1196,0
MRG,5,20210311,120500,0.25,0.25,0.25,0.25,4000,0
MRG,5,20210311,121000,0.25,0.251,0.25,0.251,2222,0
MRG,5,20210311,132000,0.254,0.254,0.254,0.254,222,0
MRG,5,20210311,143000,0.248,0.254,0.248,0.254,333,0
MRG,5,20210311,144000,0.248,0.248,0.248,0.248,5,0
MRG,5,20210311,151000,0.248,0.254,0.248,0.254,22100,0
MRG,5,20210311,162000,0.256,0.256,0.254,0.254,7000,0
MRG,5,20210311,163000,0.258,0.258,0.258,0.258,20000,0
MRG,5,20210311,163500,0.261,0.261,0.261,0.261,222,0
MRG,5,20210311,164000,0.261,0.261,0.261,0.261,8031,0
MRG,5,20210311,164500,0.255,0.26,0.254,0.254,13000,0
MRG,5,20210312,091000,0.26,0.26,0.26,0.26,1400,0
MRG,5,20210312,091500,0.26,0.26,0.25,0.25,1450,0
MRG,5,20210312,092500,0.26,0.26,0.26,0.26,5650,0
MRG,5,20210312,095000,0.262,0.263,0.262,0.263,511,0
MRG,5,20210312,100000,0.252,0.252,0.251,0.251,2000,0
MRG,5,20210312,101500,0.251,0.251,0.251,0.251,7300,0
MRG,5,20210312,104000,0.25,0.25,0.25,0.25,7700,0
MRG,5,20210312,111500,0.26,0.263,0.26,0.263,2000,0
MRG,5,20210312,131000,0.262,0.262,0.245,0.245,30000,0
MRG,5,20210312,131500,0.259,0.259,0.259,0.259,1416,0
MRG,5,20210312,135500,0.256,0.256,0.256,0.256,1900,0
MRG,5,20210312,150000,0.255,0.255,0.255,0.255,1062,0
MRG,5,20210312,153000,0.254,0.255,0.254,0.255,7300,0
MRG,5,20210312,160500,0.254,0.254,0.254,0.254,3000,0
MRG,5,20210312,161500,0.255,0.26,0.255,0.26,12822,0
MRG,5,20210312,162500,0.26,0.26,0.26,0.26,5000,0
MRG,5,20210312,163000,0.26,0.26,0.26,0.26,5000,0
MRG,5,20210312,163500,0.264,0.268,0.264,0.268,2005,0
MRG,5,20210312,164500,0.26,0.26,0.26,0.26,10890,0
MRG,5,20210315,091000,0.268,0.275,0.268,0.275,24100,0
MRG,5,20210315,091500,0.272,0.272,0.272,0.272,10813,0
MRG,5,20210315,100500,0.27,0.272,0.27,0.272,10500,0
MRG,5,20210315,102500,0.268,0.272,0.268,0.272,17500,0
MRG,5,20210315,103500,0.263,0.263,0.263,0.263,7202,0
MRG,5,20210315,104000,0.274,0.274,0.274,0.274,50,0
MRG,5,20210315,112000,0.272,0.272,0.272,0.272,3632,0
MRG,5,20210315,115500,0.272,0.274,0.272,0.274,30295,0
MRG,5,20210315,120000,0.274,0.274,0.274,0.274,11374,0
MRG,5,20210315,121000,0.272,0.272,0.272,0.272,5100,0
MRG,5,20210315,123000,0.274,0.274,0.274,0.274,4187,0
MRG,5,20210315,125000,0.274,0.277,0.274,0.277,6481,0
MRG,5,20210315,131500,0.286,0.286,0.286,0.286,121,0
MRG,5,20210315,132000,0.285,0.285,0.285,0.285,1000,0
MRG,5,20210315,133000,0.285,0.285,0.285,0.285,4500,0
MRG,5,20210315,142500,0.287,0.287,0.287,0.287,50,0
MRG,5,20210315,143000,0.275,0.287,0.275,0.287,4328,0
MRG,5,20210315,144000,0.284,0.284,0.284,0.284,4900,0
MRG,5,20210315,144500,0.285,0.285,0.285,0.285,15000,0
MRG,5,20210315,145500,0.275,0.275,0.275,0.275,15000,0
MRG,5,20210315,150000,0.285,0.285,0.285,0.285,15000,0
MRG,5,20210315,150500,0.286,0.286,0.286,0.286,10,0
MRG,5,20210315,153000,0.275,0.275,0.272,0.272,14424,0
MRG,5,20210315,153500,0.285,0.285,0.285,0.285,100,0
MRG,5,20210315,154500,0.272,0.272,0.256,0.256,34000,0
MRG,5,20210315,155000,0.263,0.263,0.253,0.253,3000,0
MRG,5,20210315,160500,0.27,0.27,0.27,0.27,400,0
MRG,5,20210315,162500,0.273,0.273,0.273,0.273,4897,0
MRG,5,20210315,164000,0.273,0.285,0.273,0.285,7737,0
MRG,5,20210315,164500,0.284,0.284,0.27,0.28,15731,0
MRG,5,20210316,091000,0.28,0.291,0.28,0.291,5000,0
MRG,5,20210316,091500,0.29,0.29,0.29,0.29,500,0
MRG,5,20210316,101500,0.282,0.29,0.282,0.29,70894,0
MRG,5,20210316,102000,0.292,0.294,0.292,0.294,16000,0
MRG,5,20210316,105000,0.276,0.276,0.276,0.276,20000,0
MRG,5,20210316,111000,0.28,0.28,0.28,0.28,10000,0
MRG,5,20210316,113000,0.292,0.292,0.292,0.292,100,0
MRG,5,20210316,115500,0.276,0.276,0.276,0.276,5,0
MRG,5,20210316,120500,0.276,0.276,0.276,0.276,4000,0
MRG,5,20210316,130500,0.277,0.277,0.277,0.277,20000,0
MRG,5,20210316,132000,0.276,0.276,0.276,0.276,10000,0
MRG,5,20210316,133500,0.289,0.289,0.289,0.289,500,0
MRG,5,20210316,140500,0.289,0.289,0.289,0.289,4950,0
MRG,5,20210316,144500,0.276,0.276,0.276,0.276,500,0
MRG,5,20210316,145000,0.288,0.288,0.288,0.288,1552,0
MRG,5,20210316,150000,0.277,0.277,0.264,0.264,30000,0
MRG,5,20210316,151000,0.286,0.286,0.286,0.286,222,0
MRG,5,20210316,151500,0.286,0.286,0.286,0.286,3226,0
MRG,5,20210316,152000,0.286,0.289,0.286,0.289,24183,0
MRG,5,20210316,152500,0.292,0.294,0.289,0.289,8699,0
MRG,5,20210316,153000,0.287,0.289,0.287,0.289,11559,0
MRG,5,20210316,154500,0.274,0.274,0.261,0.261,20000,0
MRG,5,20210316,155500,0.274,0.274,0.274,0.274,500,0
MRG,5,20210316,160500,0.263,0.263,0.263,0.263,500,0
MRG,5,20210316,162000,0.274,0.274,0.274,0.274,3500,0
MRG,5,20210316,162500,0.274,0.292,0.274,0.292,16478,0
MRG,5,20210316,163500,0.292,0.292,0.292,0.292,3532,0
MRG,5,20210317,090000,0.27,0.27,0.255,0.255,6764,0
MRG,5,20210317,095000,0.27,0.27,0.27,0.27,1000,0
MRG,5,20210317,121500,0.267,0.267,0.266,0.266,14000,0
MRG,5,20210317,124500,0.266,0.266,0.266,0.266,4362,0
MRG,5,20210317,143500,0.266,0.266,0.266,0.266,138,0
MRG,5,20210317,164500,0.264,0.264,0.258,0.258,6000,0
MRG,5,20210317,165500,0.28,0.28,0.28,0.28,100,0
MRG,5,20210318,090000,0.278,0.278,0.278,0.278,6250,0
MRG,5,20210318,090500,0.278,0.28,0.278,0.28,9000,0
MRG,5,20210318,101000,0.27,0.27,0.261,0.261,39001,0
MRG,5,20210318,105500,0.264,0.264,0.262,0.262,1381,0
MRG,5,20210318,110000,0.279,0.279,0.279,0.279,10,0
MRG,5,20210318,112000,0.261,0.261,0.261,0.261,1,0
MRG,5,20210318,125500,0.274,0.274,0.274,0.274,6925,0
MRG,5,20210318,133500,0.261,0.261,0.261,0.261,8000,0
MRG,5,20210318,144000,0.273,0.273,0.273,0.273,10,0
MRG,5,20210318,154500,0.262,0.262,0.261,0.261,13117,0
MRG,5,20210318,164500,0.258,0.268,0.258,0.268,13000,0
MRG,5,20210319,094500,0.257,0.267,0.257,0.267,5355,0
MRG,5,20210319,102000,0.257,0.257,0.256,0.256,10000,0
MRG,5,20210319,102500,0.256,0.265,0.256,0.265,20500,0
MRG,5,20210319,122000,0.257,0.257,0.255,0.255,9000,0
MRG,5,20210319,122500,0.255,0.255,0.255,0.255,5691,0
MRG,5,20210319,123500,0.259,0.26,0.259,0.26,5001,0
MRG,5,20210319,124000,0.26,0.27,0.26,0.27,12655,0
MRG,5,20210319,131000,0.27,0.27,0.27,0.27,3389,0
MRG,5,20210319,134000,0.27,0.27,0.255,0.255,30000,0
MRG,5,20210319,140000,0.256,0.256,0.255,0.255,24688,0
MRG,5,20210319,144000,0.254,0.254,0.254,0.254,3000,0
MRG,5,20210319,144500,0.255,0.255,0.255,0.255,312,0
MRG,5,20210319,145000,0.255,0.255,0.255,0.255,9511,0
MRG,5,20210319,152000,0.255,0.255,0.255,0.255,10489,0
MRG,5,20210319,154000,0.254,0.254,0.253,0.253,5000,0
MRG,5,20210319,154500,0.252,0.252,0.252,0.252,111,0
MRG,5,20210319,155000,0.252,0.252,0.25,0.25,28000,0
MRG,5,20210319,162000,0.251,0.252,0.251,0.252,694,0
MRG,5,20210319,163500,0.257,0.257,0.257,0.257,10000,0
MRG,5,20210322,090000,0.256,0.256,0.256,0.256,1715,0
MRG,5,20210322,092500,0.254,0.254,0.254,0.254,13021,0
MRG,5,20210322,095000,0.254,0.254,0.254,0.254,2000,0
MRG,5,20210322,095500,0.254,0.254,0.25,0.25,3000,0
MRG,5,20210322,101500,0.256,0.256,0.256,0.256,2456,0
MRG,5,20210322,102000,0.257,0.257,0.257,0.257,111,0
MRG,5,20210322,103500,0.25,0.25,0.246,0.246,14000,0
MRG,5,20210322,110000,0.246,0.246,0.246,0.246,6000,0
MRG,5,20210322,112000,0.25,0.25,0.25,0.25,256,0
MRG,5,20210322,120000,0.25,0.25,0.25,0.25,118,0
MRG,5,20210322,130000,0.244,0.244,0.24,0.24,7000,0
MRG,5,20210322,130500,0.24,0.24,0.24,0.24,6500,0
MRG,5,20210322,132500,0.248,0.25,0.248,0.25,13626,0
MRG,5,20210322,134500,0.25,0.25,0.25,0.25,5771,0
MRG,5,20210322,141500,0.25,0.25,0.25,0.25,5729,0
MRG,5,20210322,154000,0.25,0.25,0.25,0.25,100,0
MRG,5,20210322,154500,0.25,0.25,0.25,0.25,9697,0
MRG,5,20210322,163000,0.25,0.25,0.25,0.25,5000,0
MRG,5,20210322,163500,0.251,0.254,0.251,0.254,5681,0
MRG,5,20210322,164500,0.255,0.255,0.255,0.255,6000,0
MRG,5,20210323,090500,0.245,0.245,0.245,0.245,3500,0
MRG,5,20210323,091500,0.262,0.262,0.262,0.262,111,0
MRG,5,20210323,092000,0.26,0.26,0.26,0.26,6000,0
MRG,5,20210323,103000,0.247,0.247,0.247,0.247,5000,0
MRG,5,20210323,103500,0.25,0.25,0.25,0.25,5000,0
MRG,5,20210323,104000,0.247,0.247,0.242,0.242,31000,0
MRG,5,20210323,110000,0.255,0.255,0.255,0.255,100,0
MRG,5,20210323,112500,0.243,0.243,0.235,0.237,5000,0
MRG,5,20210323,113500,0.237,0.237,0.23,0.23,44000,0
MRG,5,20210323,114000,0.232,0.232,0.23,0.23,50000,0
MRG,5,20210323,114500,0.235,0.235,0.23,0.23,10001,0
MRG,5,20210323,120500,0.238,0.238,0.238,0.238,6000,0
MRG,5,20210323,123500,0.231,0.231,0.231,0.231,1025,0
MRG,5,20210323,124000,0.231,0.231,0.228,0.228,50000,0
MRG,5,20210323,125500,0.235,0.235,0.235,0.235,13458,0
MRG,5,20210323,130000,0.23,0.23,0.224,0.224,50000,0
MRG,5,20210323,130500,0.228,0.229,0.228,0.229,9700,0
MRG,5,20210323,131000,0.229,0.23,0.229,0.23,12300,0
MRG,5,20210323,131500,0.23,0.23,0.221,0.227,68000,0
MRG,5,20210323,132000,0.227,0.229,0.227,0.229,20000,0
MRG,5,20210323,132500,0.227,0.229,0.227,0.229,26940,0
MRG,5,20210323,133000,0.23,0.23,0.23,0.23,7150,0
MRG,5,20210323,134000,0.23,0.247,0.23,0.247,39895,0
MRG,5,20210323,134500,0.245,0.246,0.245,0.246,667,0
MRG,5,20210323,141500,0.231,0.238,0.231,0.238,10111,0
MRG,5,20210323,142000,0.237,0.238,0.237,0.238,7348,0
MRG,5,20210323,152000,0.23,0.23,0.23,0.23,6541,0
MRG,5,20210323,152500,0.23,0.23,0.23,0.23,3459,0
MRG,5,20210323,154000,0.23,0.23,0.23,0.23,1541,0
MRG,5,20210323,155000,0.227,0.23,0.227,0.23,7000,0
MRG,5,20210323,160000,0.227,0.227,0.226,0.226,26700,0
MRG,5,20210323,160500,0.225,0.225,0.225,0.225,50000,0
MRG,5,20210323,161000,0.225,0.225,0.225,0.225,30000,0
MRG,5,20210323,163500,0.226,0.226,0.226,0.226,3000,0
MRG,5,20210323,164000,0.226,0.226,0.226,0.226,7108,0
MRG,5,20210323,164500,0.223,0.226,0.222,0.226,20500,0
MRG,5,20210323,165500,0.223,0.223,0.223,0.223,40095,0
MRG,5,20210324,091000,0.227,0.227,0.227,0.227,555,0
MRG,5,20210324,091500,0.223,0.223,0.223,0.223,1,0
MRG,5,20210324,092000,0.223,0.223,0.221,0.221,5500,0
MRG,5,20210324,093500,0.227,0.227,0.227,0.227,10445,0
MRG,5,20210324,094000,0.227,0.227,0.227,0.227,2555,0
MRG,5,20210324,095500,0.232,0.232,0.232,0.232,7445,0
MRG,5,20210324,102500,0.23,0.23,0.23,0.23,3500,0
MRG,5,20210324,115500,0.23,0.23,0.23,0.23,1950,0
MRG,5,20210324,124500,0.223,0.223,0.223,0.223,1551,0
MRG,5,20210324,142500,0.229,0.229,0.229,0.229,200,0
MRG,5,20210324,143000,0.229,0.23,0.229,0.23,10000,0
MRG,5,20210324,144000,0.23,0.23,0.23,0.23,729,0
MRG,5,20210324,150500,0.23,0.23,0.23,0.23,271,0
MRG,5,20210324,163000,0.228,0.228,0.228,0.228,2162,0
MRG,5,20210324,163500,0.228,0.228,0.228,0.228,1138,0
MRG,5,20210324,164500,0.226,0.226,0.225,0.225,5000,0
MRG,5,20210325,094000,0.223,0.223,0.223,0.223,9949,0
MRG,5,20210325,094500,0.221,0.221,0.22,0.22,12952,0
MRG,5,20210325,095000,0.221,0.221,0.218,0.218,28500,0
MRG,5,20210325,100000,0.218,0.218,0.215,0.217,3800,0
MRG,5,20210325,101000,0.225,0.24,0.225,0.24,40241,0
MRG,5,20210325,101500,0.239,0.25,0.239,0.25,50000,0
MRG,5,20210325,102500,0.23,0.23,0.23,0.23,5,0
MRG,5,20210325,112500,0.23,0.23,0.23,0.23,495,0
MRG,5,20210325,114000,0.225,0.225,0.225,0.225,10000,0
MRG,5,20210325,120500,0.23,0.23,0.23,0.23,5000,0
MRG,5,20210325,121000,0.225,0.225,0.223,0.223,1111,0
MRG,5,20210325,122500,0.237,0.237,0.237,0.237,500,0
MRG,5,20210325,123500,0.243,0.243,0.243,0.243,10,0
MRG,5,20210325,150500,0.236,0.236,0.236,0.236,8000,0
MRG,5,20210325,152500,0.23,0.23,0.23,0.23,2333,0
MRG,5,20210325,154000,0.23,0.23,0.23,0.23,2834,0
MRG,5,20210325,160500,0.23,0.23,0.223,0.223,5480,0
MRG,5,20210325,162500,0.223,0.223,0.223,0.223,2000,0
MRG,5,20210326,095000,0.24,0.24,0.24,0.24,100,0
MRG,5,20210326,100000,0.24,0.24,0.24,0.24,5671,0
MRG,5,20210326,100500,0.24,0.245,0.24,0.245,4429,0
MRG,5,20210326,101500,0.228,0.228,0.228,0.228,500,0
MRG,5,20210326,102500,0.24,0.24,0.24,0.24,500,0
MRG,5,20210326,104000,0.242,0.242,0.242,0.242,2100,0
MRG,5,20210326,110000,0.226,0.226,0.226,0.226,1,0
MRG,5,20210326,112000,0.226,0.226,0.226,0.226,2179,0
MRG,5,20210326,121000,0.24,0.24,0.24,0.24,4902,0
MRG,5,20210326,144500,0.239,0.239,0.239,0.239,20,0
MRG,5,20210326,161000,0.228,0.228,0.226,0.226,18500,0
