<TICKER>,<PER>,<DATE>,<TIME>,<OPEN>,<HIGH>,<LOW>,<CLOSE>,<VOL>,<OPENINT>
MTN,5,20210204,090000,1.52,1.55,1.52,1.55,9648,0
MTN,5,20210204,090500,1.54,1.551,1.54,1.551,6403,0
MTN,5,20210204,091000,1.55,1.551,1.55,1.551,4148,0
MTN,5,20210204,091500,1.58,1.58,1.58,1.58,8,0
MTN,5,20210204,092000,1.57,1.6,1.57,1.6,6755,0
MTN,5,20210204,092500,1.59,1.6,1.59,1.6,4498,0
MTN,5,20210204,101000,1.6,1.6,1.6,1.6,500,0
MTN,5,20210204,104000,1.55,1.55,1.55,1.55,430,0
MTN,5,20210204,104500,1.55,1.55,1.55,1.55,335,0
MTN,5,20210204,112500,1.6,1.6,1.6,1.6,2,0
MTN,5,20210204,114000,1.5502,1.5502,1.5502,1.5502,777,0
MTN,5,20210204,121000,1.5502,1.5502,1.5502,1.5502,419,0
MTN,5,20210204,124000,1.5502,1.5502,1.55,1.55,1067,0
MTN,5,20210204,131000,1.576,1.576,1.576,1.576,730,0
MTN,5,20210204,133000,1.576,1.576,1.576,1.576,1000,0
MTN,5,20210204,140500,1.584,1.596,1.584,1.596,3859,0
MTN,5,20210204,142500,1.6,1.646,1.6,1.646,3800,0
MTN,5,20210204,143000,1.643,1.6498,1.643,1.6498,6500,0
MTN,5,20210204,143500,1.6498,1.6498,1.6498,1.6498,79,0
MTN,5,20210204,144000,1.65,1.655,1.65,1.655,4500,0
MTN,5,20210204,144500,1.655,1.655,1.6002,1.6002,415,0
MTN,5,20210204,145000,1.65,1.67,1.65,1.67,5742,0
MTN,5,20210204,145500,1.6002,1.8,1.6002,1.8,24875,0
MTN,5,20210204,150500,1.9,1.97,1.87,1.87,6116,0
MTN,5,20210204,151000,1.8,1.85,1.8,1.85,260,0
MTN,5,20210204,151500,1.85,1.85,1.85,1.85,49,0
MTN,5,20210204,152000,1.85,1.85,1.8,1.8,982,0
MTN,5,20210204,154500,1.73,1.73,1.6362,1.6362,3800,0
MTN,5,20210204,155500,1.7,1.7,1.7,1.7,1294,0
MTN,5,20210204,161000,1.74,1.75,1.74,1.75,1700,0
MTN,5,20210204,161500,1.8,1.8,1.8,1.8,100,0
MTN,5,20210204,162500,1.75,1.75,1.75,1.75,899,0
MTN,5,20210204,163000,1.74,1.74,1.74,1.74,1300,0
MTN,5,20210204,163500,1.7,1.7,1.7,1.7,1000,0
MTN,5,20210204,164500,1.74,1.74,1.74,1.74,2158,0
MTN,5,20210205,090000,1.74,1.74,1.72,1.72,7505,0
MTN,5,20210205,090500,1.7,1.7,1.7,1.7,2509,0
MTN,5,20210205,091000,1.7,1.7,1.7,1.7,891,0
MTN,5,20210205,092000,1.65,1.65,1.65,1.65,109,0
MTN,5,20210205,094000,1.65,1.66,1.57,1.66,7535,0
MTN,5,20210205,095500,1.66,1.66,1.66,1.66,2590,0
MTN,5,20210205,100000,1.65,1.65,1.65,1.65,1000,0
MTN,5,20210205,101500,1.65,1.65,1.6,1.6,2392,0
MTN,5,20210205,102000,1.62,1.62,1.6,1.6,4150,0
MTN,5,20210205,102500,1.64,1.64,1.64,1.64,2431,0
MTN,5,20210205,103000,1.59,1.59,1.57,1.57,1463,0
MTN,5,20210205,135000,1.6,1.6,1.6,1.6,920,0
MTN,5,20210208,090000,1.65,1.65,1.65,1.65,875,0
MTN,5,20210208,102000,1.6,1.6,1.6,1.6,1500,0
MTN,5,20210208,102500,1.55,1.55,1.54,1.54,1500,0
MTN,5,20210208,104000,1.55,1.55,1.55,1.55,291,0
MTN,5,20210208,105000,1.6,1.6,1.6,1.6,250,0
MTN,5,20210208,112000,1.6,1.6,1.6,1.6,2634,0
MTN,5,20210208,113500,1.65,1.65,1.649,1.65,5000,0
MTN,5,20210208,121500,1.7,1.7,1.7,1.7,1,0
MTN,5,20210208,122500,1.7,1.7,1.7,1.7,1300,0
MTN,5,20210208,123000,1.63,1.63,1.62,1.62,3500,0
MTN,5,20210208,123500,1.6,1.6,1.6,1.6,1191,0
MTN,5,20210208,133000,1.7,1.7,1.7,1.7,1,0
MTN,5,20210208,142500,1.6998,1.7,1.6998,1.7,3000,0
MTN,5,20210208,154500,1.65,1.65,1.65,1.65,1000,0
MTN,5,20210208,162000,1.6202,1.6202,1.6202,1.6202,375,0
MTN,5,20210208,162500,1.62,1.62,1.62,1.62,3500,0
MTN,5,20210209,092500,1.6,1.6,1.6,1.6,670,0
MTN,5,20210209,093500,1.6,1.6,1.6,1.6,675,0
MTN,5,20210209,095000,1.696,1.696,1.696,1.696,1000,0
MTN,5,20210209,104500,1.6898,1.6898,1.6898,1.6898,380,0
MTN,5,20210209,143000,1.6,1.6,1.6,1.6,810,0
MTN,5,20210209,145000,1.61,1.61,1.61,1.61,70,0
MTN,5,20210209,152500,1.61,1.61,1.5,1.5,7865,0
MTN,5,20210209,153500,1.6598,1.6598,1.6598,1.6598,1019,0
MTN,5,20210210,090000,1.63,1.63,1.62,1.62,981,0
MTN,5,20210210,091000,1.64,1.64,1.64,1.64,250,0
MTN,5,20210210,102500,1.64,1.64,1.64,1.64,53,0
MTN,5,20210210,103000,1.62,1.62,1.62,1.62,1000,0
MTN,5,20210210,113500,1.62,1.62,1.62,1.62,1000,0
MTN,5,20210210,124000,1.62,1.62,1.6,1.6,5000,0
MTN,5,20210210,153500,1.6,1.6,1.6,1.6,999,0
MTN,5,20210210,160000,1.6,1.6,1.6,1.6,1000,0
MTN,5,20210210,164000,1.6,1.6,1.6,1.6,1,0
MTN,5,20210211,093000,1.551,1.551,1.5004,1.5004,10000,0
MTN,5,20210211,094000,1.55,1.55,1.55,1.55,1000,0
MTN,5,20210211,095500,1.55,1.55,1.51,1.51,2130,0
MTN,5,20210211,100000,1.5004,1.5004,1.5004,1.5004,3000,0
MTN,5,20210211,103500,1.61,1.61,1.61,1.61,1,0
MTN,5,20210211,111000,1.5028,1.5028,1.5004,1.5004,2930,0
MTN,5,20210211,141500,1.58,1.58,1.58,1.58,1,0
MTN,5,20210211,164000,1.55,1.55,1.55,1.55,700,0
MTN,5,20210212,090500,1.5202,1.5202,1.52,1.52,4500,0
MTN,5,20210212,091000,1.5,1.5,1.5,1.5,3800,0
MTN,5,20210212,092000,1.5,1.5,1.5,1.5,7086,0
MTN,5,20210212,093500,1.5,1.5,1.5,1.5,2898,0
MTN,5,20210212,094000,1.5,1.5,1.5,1.5,102,0
MTN,5,20210212,094500,1.5,1.5,1.5,1.5,500,0
MTN,5,20210212,095000,1.52,1.52,1.52,1.52,60,0
MTN,5,20210212,105500,1.5,1.5,1.5,1.5,8000,0
MTN,5,20210212,122000,1.5,1.5,1.5,1.5,3000,0
MTN,5,20210212,124500,1.5,1.5,1.47,1.47,1000,0
MTN,5,20210212,125000,1.451,1.451,1.404,1.404,1760,0
MTN,5,20210212,130000,1.426,1.426,1.426,1.426,1290,0
MTN,5,20210212,130500,1.43,1.43,1.424,1.424,3000,0
MTN,5,20210212,135000,1.47,1.49,1.47,1.49,4050,0
MTN,5,20210212,155500,1.5094,1.5094,1.5094,1.5094,3,0
MTN,5,20210215,090000,1.5094,1.5094,1.5094,1.5094,9,0
MTN,5,20210215,090500,1.42,1.42,1.42,1.42,53,0
MTN,5,20210215,103500,1.45,1.5096,1.45,1.5096,1404,0
MTN,5,20210215,104000,1.51,1.51,1.51,1.51,932,0
MTN,5,20210215,105000,1.51,1.51,1.51,1.51,200,0
MTN,5,20210215,105500,1.51,1.51,1.42,1.42,15100,0
MTN,5,20210215,110000,1.48,1.48,1.48,1.48,350,0
MTN,5,20210215,112000,1.48,1.48,1.48,1.48,650,0
MTN,5,20210215,122000,1.48,1.48,1.48,1.48,1000,0
MTN,5,20210215,122500,1.48,1.48,1.48,1.48,100,0
MTN,5,20210215,123500,1.42,1.42,1.42,1.42,1500,0
MTN,5,20210215,124000,1.42,1.42,1.41,1.41,3000,0
MTN,5,20210215,131500,1.42,1.42,1.42,1.42,980,0
MTN,5,20210215,140500,1.48,1.48,1.48,1.48,10,0
MTN,5,20210215,141000,1.48,1.48,1.48,1.48,500,0
MTN,5,20210215,164500,1.45,1.45,1.45,1.45,3405,0
MTN,5,20210216,090000,1.52,1.52,1.52,1.52,5000,0
MTN,5,20210216,092000,1.52,1.52,1.52,1.52,1000,0
MTN,5,20210216,101000,1.52,1.52,1.52,1.52,250,0
MTN,5,20210216,103000,1.52,1.52,1.52,1.52,350,0
MTN,5,20210216,104500,1.5,1.5,1.5,1.5,87,0
MTN,5,20210216,105000,1.52,1.52,1.52,1.52,163,0
MTN,5,20210216,111000,1.52,1.52,1.52,1.52,200,0
MTN,5,20210216,112500,1.451,1.451,1.45,1.45,2000,0
MTN,5,20210216,121000,1.52,1.52,1.52,1.52,10,0
MTN,5,20210216,125000,1.51,1.51,1.51,1.51,1000,0
MTN,5,20210216,161500,1.509,1.509,1.509,1.509,727,0
MTN,5,20210217,090500,1.49,1.49,1.49,1.49,237,0
MTN,5,20210217,092500,1.4502,1.4502,1.45,1.45,4680,0
MTN,5,20210217,093000,1.49,1.49,1.49,1.49,500,0
MTN,5,20210217,104000,1.45,1.45,1.45,1.45,1000,0
MTN,5,20210217,105000,1.45,1.487,1.4302,1.4302,3360,0
MTN,5,20210217,105500,1.49,1.49,1.49,1.49,1000,0
MTN,5,20210217,112000,1.48,1.48,1.48,1.48,900,0
MTN,5,20210217,115000,1.48,1.48,1.45,1.45,2460,0
MTN,5,20210217,121500,1.46,1.46,1.46,1.46,1720,0
MTN,5,20210217,144000,1.488,1.488,1.45,1.45,1720,0
MTN,5,20210217,151000,1.45,1.45,1.45,1.45,280,0
MTN,5,20210217,151500,1.45,1.45,1.45,1.45,1376,0
MTN,5,20210217,154500,1.45,1.45,1.45,1.45,500,0
MTN,5,20210217,155500,1.45,1.4898,1.45,1.4898,600,0
MTN,5,20210218,091000,1.45,1.45,1.45,1.45,400,0
MTN,5,20210218,095500,1.45,1.45,1.45,1.45,590,0
MTN,5,20210218,100500,1.44,1.44,1.44,1.44,500,0
MTN,5,20210218,104000,1.47,1.47,1.47,1.47,168,0
MTN,5,20210218,114500,1.47,1.47,1.47,1.47,2000,0
MTN,5,20210218,141500,1.455,1.455,1.455,1.455,697,0
MTN,5,20210218,160000,1.456,1.456,1.456,1.456,500,0
MTN,5,20210218,162000,1.455,1.455,1.455,1.455,1026,0
MTN,5,20210219,090000,1.456,1.456,1.456,1.456,1000,0
MTN,5,20210219,094500,1.456,1.456,1.456,1.456,400,0
MTN,5,20210219,095000,1.456,1.456,1.456,1.456,1323,0
MTN,5,20210219,101000,1.44,1.44,1.44,1.44,100,0
MTN,5,20210219,101500,1.44,1.44,1.44,1.44,900,0
MTN,5,20210219,102000,1.4104,1.423,1.4104,1.422,593,0
MTN,5,20210219,102500,1.44,1.44,1.44,1.44,1550,0
MTN,5,20210219,104500,1.44,1.44,1.44,1.44,1615,0
MTN,5,20210219,105000,1.44,1.44,1.44,1.44,185,0
MTN,5,20210219,112500,1.432,1.432,1.432,1.432,907,0
MTN,5,20210219,130000,1.44,1.4978,1.44,1.4978,2020,0
MTN,5,20210219,140500,1.49,1.49,1.49,1.49,132,0
MTN,5,20210219,155500,1.4958,1.4958,1.4958,1.4958,70,0
MTN,5,20210222,101000,1.496,1.496,1.496,1.496,327,0
MTN,5,20210222,112500,1.4958,1.4958,1.4958,1.4958,643,0
MTN,5,20210222,134500,1.495,1.4952,1.495,1.4952,165,0
MTN,5,20210222,160000,1.4952,1.4952,1.4952,1.4952,584,0
MTN,5,20210222,164000,1.4952,1.4952,1.4952,1.4952,331,0
MTN,5,20210223,101000,1.498,1.498,1.41,1.41,12374,0
MTN,5,20210223,111000,1.43,1.43,1.42,1.42,4000,0
MTN,5,20210223,134500,1.42,1.42,1.42,1.42,145,0
MTN,5,20210223,164500,1.47,1.47,1.47,1.47,500,0
MTN,5,20210224,090000,1.47,1.47,1.47,1.47,900,0
MTN,5,20210224,121500,1.42,1.42,1.42,1.42,55,0
MTN,5,20210224,143500,1.458,1.458,1.458,1.458,7,0
MTN,5,20210224,144500,1.458,1.458,1.458,1.458,995,0
MTN,5,20210225,093500,1.45,1.45,1.45,1.45,500,0
MTN,5,20210225,094000,1.47,1.47,1.47,1.47,500,0
MTN,5,20210225,094500,1.42,1.42,1.42,1.42,584,0
MTN,5,20210225,095000,1.42,1.42,1.415,1.415,643,0
MTN,5,20210225,101000,1.468,1.468,1.468,1.468,3,0
MTN,5,20210225,101500,1.468,1.468,1.468,1.468,1000,0
MTN,5,20210225,151000,1.42,1.42,1.42,1.42,3000,0
MTN,5,20210225,154500,1.42,1.42,1.42,1.42,3000,0
MTN,5,20210225,163500,1.417,1.417,1.416,1.416,2000,0
MTN,5,20210226,091000,1.417,1.417,1.417,1.417,1000,0
MTN,5,20210226,102000,1.417,1.417,1.414,1.414,310,0
MTN,5,20210226,104000,1.414,1.414,1.414,1.414,1094,0
MTN,5,20210226,112500,1.446,1.446,1.446,1.446,2005,0
MTN,5,20210226,121000,1.446,1.446,1.446,1.446,825,0
MTN,5,20210226,123000,1.449,1.449,1.449,1.449,326,0
MTN,5,20210226,125000,1.446,1.446,1.446,1.446,1693,0
MTN,5,20210226,160000,1.4122,1.4898,1.4122,1.4898,897,0
MTN,5,20210226,163000,1.42,1.42,1.4,1.4,17609,0
MTN,5,20210226,163500,1.4,1.4,1.4,1.4,1000,0
MTN,5,20210226,164500,1.42,1.42,1.42,1.42,1000,0
MTN,5,20210301,090000,1.4898,1.4898,1.4898,1.4898,2670,0
MTN,5,20210301,091000,1.4898,1.4898,1.4898,1.4898,900,0
MTN,5,20210301,093000,1.45,1.45,1.45,1.45,1000,0
MTN,5,20210301,094500,1.4052,1.4052,1.4052,1.4052,100,0
MTN,5,20210301,101500,1.45,1.45,1.45,1.45,3131,0
MTN,5,20210301,102500,1.45,1.45,1.45,1.45,332,0
MTN,5,20210301,121500,1.4102,1.4102,1.41,1.41,1000,0
MTN,5,20210301,125000,1.4112,1.4112,1.4112,1.4112,500,0
MTN,5,20210301,125500,1.4894,1.4894,1.4894,1.4894,5,0
MTN,5,20210302,093500,1.4994,1.4994,1.4994,1.4994,3185,0
MTN,5,20210302,110000,1.48,1.48,1.48,1.48,1000,0
MTN,5,20210302,110500,1.44,1.44,1.44,1.44,1000,0
MTN,5,20210302,121000,1.45,1.45,1.45,1.45,500,0
MTN,5,20210302,143000,1.49,1.4994,1.49,1.4994,2858,0
MTN,5,20210302,144000,1.46,1.4994,1.46,1.4994,2000,0
MTN,5,20210303,090000,1.455,1.455,1.455,1.455,658,0
MTN,5,20210303,090500,1.5,1.5,1.5,1.5,150,0
MTN,5,20210303,091000,1.5,1.558,1.5,1.55,4060,0
MTN,5,20210303,095000,1.46,1.46,1.455,1.455,1667,0
MTN,5,20210303,103500,1.455,1.455,1.45,1.45,1360,0
MTN,5,20210303,105500,1.45,1.45,1.45,1.45,1000,0
MTN,5,20210303,121000,1.5,1.5,1.5,1.5,5,0
MTN,5,20210303,131500,1.5,1.5398,1.5,1.5398,744,0
MTN,5,20210304,090000,1.5,1.5,1.5,1.5,670,0
MTN,5,20210304,093000,1.537,1.537,1.537,1.537,500,0
MTN,5,20210304,093500,1.537,1.537,1.537,1.537,732,0
MTN,5,20210304,095500,1.53,1.535,1.53,1.535,750,0
MTN,5,20210304,103000,1.535,1.535,1.535,1.535,200,0
MTN,5,20210304,110500,1.535,1.535,1.535,1.535,2694,0
MTN,5,20210304,121500,1.55,1.55,1.55,1.55,500,0
MTN,5,20210304,122000,1.55,1.558,1.55,1.558,790,0
MTN,5,20210304,124000,1.5652,1.5652,1.5652,1.5652,3523,0
MTN,5,20210304,124500,1.575,1.5964,1.575,1.5964,1403,0
MTN,5,20210304,125000,1.5964,1.62,1.5964,1.62,3423,0
MTN,5,20210304,131000,1.63,1.6394,1.63,1.6394,74,0
MTN,5,20210304,132000,1.601,1.65,1.6,1.65,7252,0
MTN,5,20210304,132500,1.65,1.69,1.65,1.69,270,0
MTN,5,20210304,133000,1.69,1.7,1.69,1.7,4647,0
MTN,5,20210304,133500,1.69,1.69,1.69,1.69,132,0
MTN,5,20210304,141000,1.631,1.631,1.63,1.63,1225,0
MTN,5,20210304,142000,1.6,1.6,1.6,1.6,425,0
MTN,5,20210304,143500,1.63,1.63,1.63,1.63,1000,0
MTN,5,20210304,161000,1.6,1.6,1.6,1.6,312,0
MTN,5,20210304,161500,1.6,1.6,1.6,1.6,188,0
MTN,5,20210304,164500,1.6,1.6,1.6,1.6,1010,0
MTN,5,20210305,090000,1.55,1.55,1.55,1.55,550,0
MTN,5,20210305,091500,1.57,1.57,1.57,1.57,500,0
MTN,5,20210305,093500,1.63,1.63,1.63,1.63,5,0
MTN,5,20210305,100000,1.57,1.57,1.56,1.56,3150,0
MTN,5,20210305,101000,1.56,1.56,1.4502,1.4502,4489,0
MTN,5,20210305,101500,1.4502,1.4502,1.45,1.45,1000,0
MTN,5,20210305,104000,1.59,1.59,1.59,1.59,5,0
MTN,5,20210305,104500,1.59,1.6,1.59,1.6,2564,0
MTN,5,20210305,164500,1.5222,1.5222,1.5222,1.5222,1131,0
MTN,5,20210308,090500,1.53,1.53,1.5,1.5,1100,0
MTN,5,20210308,091500,1.5,1.5,1.5,1.5,1279,0
MTN,5,20210308,102000,1.5058,1.5058,1.5058,1.5058,669,0
MTN,5,20210308,102500,1.5056,1.5056,1.5056,1.5056,331,0
MTN,5,20210308,120000,1.506,1.506,1.506,1.506,1500,0
MTN,5,20210308,125000,1.5998,1.5998,1.5998,1.5998,50,0
MTN,5,20210308,134500,1.55,1.55,1.55,1.55,500,0
MTN,5,20210308,135000,1.55,1.55,1.55,1.55,500,0
MTN,5,20210308,154000,1.55,1.6,1.55,1.6,2500,0
MTN,5,20210308,154500,1.6,1.6,1.6,1.6,694,0
MTN,5,20210308,160500,1.6,1.6,1.6,1.6,306,0
MTN,5,20210309,090500,1.6,1.6,1.6,1.6,200,0
MTN,5,20210309,112500,1.6,1.64,1.6,1.64,1300,0
MTN,5,20210309,131000,1.572,1.572,1.572,1.572,500,0
MTN,5,20210309,140000,1.572,1.572,1.5518,1.5518,2814,0
MTN,5,20210310,092000,1.55,1.55,1.55,1.55,800,0
MTN,5,20210310,094000,1.5058,1.5058,1.5058,1.5058,1000,0
MTN,5,20210310,101000,1.5448,1.545,1.5448,1.545,1700,0
MTN,5,20210310,104000,1.5102,1.5102,1.5102,1.5102,900,0
MTN,5,20210310,105000,1.51,1.51,1.51,1.51,1000,0
MTN,5,20210310,140500,1.51,1.51,1.51,1.51,599,0
MTN,5,20210310,152000,1.51,1.51,1.51,1.51,101,0
MTN,5,20210310,155000,1.5058,1.5058,1.5056,1.5056,1899,0
MTN,5,20210310,160000,1.52,1.52,1.501,1.501,2024,0
MTN,5,20210310,160500,1.4604,1.4604,1.4602,1.4602,1076,0
MTN,5,20210310,161000,1.4604,1.4604,1.46,1.46,5000,0
MTN,5,20210310,163000,1.461,1.461,1.45,1.45,4500,0
MTN,5,20210310,164500,1.545,1.545,1.545,1.545,9,0
MTN,5,20210311,090000,1.5498,1.5498,1.54,1.54,1500,0
MTN,5,20210311,111500,1.4606,1.4606,1.46,1.46,4150,0
MTN,5,20210311,112000,1.46,1.46,1.46,1.46,850,0
MTN,5,20210311,115000,1.46,1.46,1.46,1.46,2975,0
MTN,5,20210311,115500,1.46,1.46,1.46,1.46,25,0
MTN,5,20210311,120000,1.47,1.47,1.47,1.47,770,0
MTN,5,20210311,121000,1.4998,1.4998,1.4998,1.4998,615,0
MTN,5,20210311,141000,1.47,1.47,1.47,1.47,5,0
MTN,5,20210311,142500,1.46,1.46,1.46,1.46,10,0
MTN,5,20210311,143000,1.46,1.46,1.46,1.46,990,0
MTN,5,20210311,143500,1.46,1.46,1.46,1.46,1000,0
MTN,5,20210311,144000,1.46,1.46,1.46,1.46,375,0
MTN,5,20210311,155000,1.46,1.46,1.46,1.46,22,0
MTN,5,20210312,091500,1.46,1.46,1.46,1.46,978,0
MTN,5,20210312,092000,1.4598,1.4598,1.45,1.45,3011,0
MTN,5,20210312,092500,1.46,1.46,1.45,1.45,1452,0
MTN,5,20210312,103500,1.46,1.46,1.42,1.42,16500,0
MTN,5,20210312,104000,1.425,1.425,1.4,1.4,10000,0
MTN,5,20210312,105000,1.4998,1.4998,1.4998,1.4998,10,0
MTN,5,20210312,145500,1.4206,1.4206,1.4206,1.4206,673,0
MTN,5,20210312,150500,1.4998,1.4998,1.4998,1.4998,1,0
MTN,5,20210315,090000,1.4994,1.4994,1.4994,1.4994,200,0
MTN,5,20210315,090500,1.4994,1.4994,1.4994,1.4994,1500,0
MTN,5,20210315,092500,1.49,1.49,1.49,1.49,316,0
MTN,5,20210315,094000,1.4202,1.4202,1.4202,1.4202,3030,0
MTN,5,20210315,100500,1.4204,1.4204,1.4204,1.4204,1000,0
MTN,5,20210315,104000,1.4894,1.4894,1.4894,1.4894,1,0
MTN,5,20210315,120500,1.4888,1.4888,1.4888,1.4888,1000,0
MTN,5,20210315,135500,1.45,1.45,1.45,1.45,500,0
MTN,5,20210315,140000,1.45,1.45,1.45,1.45,6500,0
MTN,5,20210315,154500,1.4888,1.4888,1.4888,1.4888,1,0
MTN,5,20210316,091500,1.4884,1.4884,1.4884,1.4884,1000,0
MTN,5,20210316,092500,1.4886,1.5,1.4886,1.5,1000,0
MTN,5,20210316,093000,1.5,1.5,1.5,1.5,500,0
MTN,5,20210316,094500,1.49,1.49,1.49,1.49,500,0
MTN,5,20210316,100000,1.49,1.49,1.49,1.49,2176,0
MTN,5,20210316,101000,1.49,1.49,1.49,1.49,2824,0
MTN,5,20210316,103000,1.49,1.4998,1.49,1.4998,1000,0
MTN,5,20210316,105000,1.4994,1.4994,1.4994,1.4994,35,0
MTN,5,20210316,105500,1.4994,1.4994,1.4994,1.4994,631,0
MTN,5,20210316,110000,1.4994,1.4994,1.4994,1.4994,69,0
MTN,5,20210316,111000,1.5,1.5,1.5,1.5,3000,0
MTN,5,20210316,112000,1.52,1.52,1.45,1.45,15001,0
MTN,5,20210316,112500,1.519,1.519,1.519,1.519,1,0
MTN,5,20210316,121500,1.5,1.5,1.5,1.5,524,0
MTN,5,20210316,130000,1.45,1.45,1.42,1.42,5894,0
MTN,5,20210316,134000,1.422,1.422,1.422,1.422,636,0
MTN,5,20210316,151000,1.4978,1.4978,1.4978,1.4978,122,0
MTN,5,20210316,153000,1.4974,1.4974,1.4974,1.4974,1000,0
MTN,5,20210316,162000,1.4248,1.4248,1.4248,1.4248,92,0
MTN,5,20210316,164500,1.4958,1.4958,1.4958,1.4958,63,0
MTN,5,20210317,090000,1.4312,1.497,1.431,1.497,1001,0
MTN,5,20210317,090500,1.497,1.497,1.497,1.497,400,0
MTN,5,20210317,101500,1.44,1.44,1.44,1.44,1100,0
MTN,5,20210317,102000,1.44,1.5,1.44,1.5,3309,0
MTN,5,20210317,105000,1.44,1.44,1.44,1.44,2000,0
MTN,5,20210317,131000,1.49,1.49,1.49,1.49,1,0
MTN,5,20210317,132500,1.44,1.44,1.44,1.44,800,0
MTN,5,20210317,133000,1.4316,1.49,1.4316,1.49,1001,0
MTN,5,20210317,151000,1.48,1.48,1.48,1.48,1000,0
MTN,5,20210317,162500,1.48,1.48,1.48,1.48,500,0
MTN,5,20210318,091500,1.485,1.485,1.485,1.485,1,0
MTN,5,20210318,094500,1.485,1.485,1.485,1.485,200,0
MTN,5,20210319,091000,1.455,1.455,1.455,1.455,1500,0
MTN,5,20210319,091500,1.455,1.455,1.455,1.455,3500,0
MTN,5,20210319,095500,1.45,1.45,1.43,1.43,1500,0
MTN,5,20210319,105500,1.455,1.455,1.455,1.455,230,0
MTN,5,20210319,114500,1.435,1.435,1.435,1.435,200,0
MTN,5,20210319,125500,1.455,1.455,1.455,1.455,813,0
MTN,5,20210319,132000,1.4848,1.4848,1.4848,1.4848,1,0
MTN,5,20210319,133000,1.4848,1.4848,1.4848,1.4848,125,0
MTN,5,20210319,134000,1.435,1.435,1.435,1.435,170,0
MTN,5,20210319,141500,1.435,1.435,1.435,1.435,1655,0
MTN,5,20210319,164500,1.4838,1.4838,1.4838,1.4838,1,0
MTN,5,20210322,090000,1.4838,1.485,1.48,1.48,2050,0
MTN,5,20210322,093000,1.48,1.48,1.48,1.48,1400,0
MTN,5,20210322,094000,1.48,1.48,1.48,1.48,1000,0
MTN,5,20210322,094500,1.48,1.48,1.4202,1.4202,1942,0
MTN,5,20210322,100000,1.48,1.48,1.48,1.48,20,0
MTN,5,20210322,102000,1.4204,1.4204,1.4202,1.4202,1500,0
MTN,5,20210322,105500,1.4104,1.4104,1.4,1.4,2255,0
MTN,5,20210322,112000,1.45,1.45,1.45,1.45,2100,0
MTN,5,20210322,140000,1.45,1.45,1.45,1.45,7,0
MTN,5,20210322,163000,1.415,1.45,1.415,1.42,3510,0
MTN,5,20210322,164500,1.45,1.45,1.45,1.45,299,0
MTN,5,20210323,093500,1.485,1.485,1.485,1.485,1000,0
MTN,5,20210323,102500,1.4116,1.4116,1.4116,1.4116,69,0
MTN,5,20210323,104000,1.4116,1.4116,1.4116,1.4116,268,0
MTN,5,20210323,104500,1.4116,1.4116,1.4116,1.4116,4869,0
MTN,5,20210323,105000,1.4116,1.4116,1.4116,1.4116,731,0
MTN,5,20210323,105500,1.4116,1.4116,1.4116,1.4116,132,0
MTN,5,20210323,110000,1.42,1.42,1.42,1.42,800,0
MTN,5,20210323,110500,1.42,1.42,1.42,1.42,200,0
MTN,5,20210323,113500,1.42,1.42,1.42,1.42,868,0
MTN,5,20210323,114000,1.42,1.42,1.42,1.42,32,0
MTN,5,20210323,150000,1.422,1.422,1.422,1.422,1100,0
MTN,5,20210323,150500,1.44,1.44,1.44,1.44,1,0
MTN,5,20210323,151000,1.42,1.42,1.42,1.42,124,0
MTN,5,20210323,153500,1.42,1.42,1.42,1.42,844,0
MTN,5,20210324,100000,1.48,1.48,1.48,1.48,19,0
MTN,5,20210324,112000,1.42,1.42,1.42,1.42,2500,0
MTN,5,20210324,113000,1.42,1.42,1.4116,1.4116,3900,0
MTN,5,20210324,114000,1.42,1.42,1.4116,1.4116,2247,0
MTN,5,20210324,123500,1.418,1.418,1.418,1.418,1500,0
MTN,5,20210324,124000,1.418,1.418,1.418,1.418,756,0
MTN,5,20210324,125500,1.42,1.42,1.42,1.42,599,0
MTN,5,20210324,145500,1.422,1.422,1.422,1.422,600,0
MTN,5,20210324,164500,1.4794,1.4796,1.4794,1.4796,1706,0
MTN,5,20210325,095500,1.42,1.42,1.42,1.42,31,0
MTN,5,20210325,101500,1.421,1.421,1.421,1.421,895,0
MTN,5,20210325,105500,1.424,1.424,1.421,1.421,2100,0
MTN,5,20210325,122000,1.424,1.424,1.424,1.424,2800,0
MTN,5,20210325,125500,1.424,1.424,1.424,1.424,900,0
MTN,5,20210325,134000,1.423,1.423,1.421,1.421,3225,0
MTN,5,20210325,134500,1.4116,1.4116,1.4,1.4,3276,0
MTN,5,20210325,140000,1.42,1.42,1.42,1.42,1000,0
MTN,5,20210325,165500,1.477,1.477,1.477,1.477,100,0
MTN,5,20210326,090500,1.421,1.421,1.421,1.421,3300,0
MTN,5,20210326,093500,1.42,1.42,1.42,1.42,500,0
MTN,5,20210326,094000,1.42,1.42,1.42,1.42,500,0
MTN,5,20210326,094500,1.42,1.42,1.42,1.42,800,0
MTN,5,20210326,104000,1.4778,1.4778,1.4778,1.4778,900,0
MTN,5,20210326,113500,1.4246,1.4246,1.42,1.42,4300,0
MTN,5,20210326,115000,1.42,1.42,1.42,1.42,4400,0
MTN,5,20210326,162500,1.421,1.421,1.42,1.42,1300,0
