<TICKER>,<PER>,<DATE>,<TIME>,<OPEN>,<HIGH>,<LOW>,<CLOSE>,<VOL>,<OPENINT>
NGG,5,20210204,090000,0.253,0.253,0.253,0.253,400,0
NGG,5,20210204,090500,0.259,0.259,0.259,0.259,1,0
NGG,5,20210204,093000,0.259,0.259,0.259,0.259,2712,0
NGG,5,20210204,100000,0.259,0.259,0.259,0.259,1918,0
NGG,5,20210204,101000,0.259,0.259,0.259,0.259,3000,0
NGG,5,20210204,102000,0.256,0.259,0.256,0.259,2948,0
NGG,5,20210204,104500,0.256,0.256,0.256,0.256,200,0
NGG,5,20210204,105500,0.256,0.256,0.256,0.256,3000,0
NGG,5,20210204,111500,0.256,0.256,0.254,0.254,10000,0
NGG,5,20210204,112000,0.254,0.254,0.253,0.253,10000,0
NGG,5,20210204,112500,0.253,0.253,0.253,0.253,33372,0
NGG,5,20210204,115000,0.256,0.256,0.256,0.256,3000,0
NGG,5,20210204,115500,0.256,0.256,0.253,0.253,2035,0
NGG,5,20210204,122500,0.253,0.253,0.251,0.251,50000,0
NGG,5,20210204,123500,0.253,0.253,0.253,0.253,1650,0
NGG,5,20210204,124000,0.251,0.251,0.251,0.251,26978,0
NGG,5,20210204,125500,0.251,0.251,0.246,0.246,81597,0
NGG,5,20210204,130000,0.253,0.253,0.253,0.253,1222,0
NGG,5,20210204,133500,0.25,0.25,0.246,0.246,55824,0
NGG,5,20210204,134500,0.247,0.247,0.247,0.247,4050,0
NGG,5,20210204,135000,0.253,0.253,0.253,0.253,1569,0
NGG,5,20210204,145000,0.248,0.248,0.248,0.248,2950,0
NGG,5,20210204,145500,0.248,0.248,0.247,0.247,11000,0
NGG,5,20210204,150000,0.247,0.247,0.246,0.246,3000,0
NGG,5,20210204,150500,0.253,0.253,0.253,0.253,18409,0
NGG,5,20210204,151000,0.253,0.253,0.253,0.253,1591,0
NGG,5,20210204,153000,0.248,0.248,0.248,0.248,11949,0
NGG,5,20210204,155000,0.247,0.247,0.246,0.246,40000,0
NGG,5,20210204,160000,0.252,0.252,0.252,0.252,170,0
NGG,5,20210204,160500,0.252,0.252,0.252,0.252,40000,0
NGG,5,20210204,161000,0.25,0.25,0.25,0.25,1000,0
NGG,5,20210204,162500,0.251,0.251,0.251,0.251,1000,0
NGG,5,20210204,163500,0.252,0.252,0.252,0.252,16657,0
NGG,5,20210204,164000,0.252,0.255,0.252,0.255,1351,0
NGG,5,20210204,164500,0.25,0.25,0.25,0.25,4000,0
NGG,5,20210205,090000,0.247,0.254,0.247,0.254,9002,0
NGG,5,20210205,092500,0.254,0.254,0.254,0.254,10500,0
NGG,5,20210205,093000,0.248,0.248,0.246,0.246,30000,0
NGG,5,20210205,093500,0.254,0.254,0.254,0.254,1,0
NGG,5,20210205,100000,0.247,0.247,0.247,0.247,710,0
NGG,5,20210205,101000,0.248,0.248,0.248,0.248,1000,0
NGG,5,20210205,101500,0.253,0.253,0.253,0.253,3288,0
NGG,5,20210205,103000,0.253,0.253,0.253,0.253,575,0
NGG,5,20210205,105000,0.253,0.253,0.253,0.253,700,0
NGG,5,20210205,105500,0.252,0.252,0.252,0.252,3612,0
NGG,5,20210205,111000,0.249,0.252,0.249,0.252,2846,0
NGG,5,20210205,111500,0.252,0.252,0.25,0.25,10076,0
NGG,5,20210205,112500,0.25,0.25,0.25,0.25,10000,0
NGG,5,20210205,120500,0.25,0.25,0.25,0.25,2,0
NGG,5,20210205,122500,0.251,0.252,0.251,0.252,18460,0
NGG,5,20210205,123000,0.252,0.252,0.252,0.252,498,0
NGG,5,20210205,123500,0.252,0.252,0.252,0.252,10000,0
NGG,5,20210205,124000,0.252,0.252,0.252,0.252,13166,0
NGG,5,20210205,130000,0.253,0.253,0.253,0.253,800,0
NGG,5,20210205,132000,0.253,0.253,0.253,0.253,1000,0
NGG,5,20210205,132500,0.253,0.256,0.252,0.252,10159,0
NGG,5,20210205,135000,0.254,0.255,0.254,0.255,3700,0
NGG,5,20210205,140000,0.255,0.255,0.255,0.255,5000,0
NGG,5,20210205,141000,0.255,0.255,0.255,0.255,1100,0
NGG,5,20210205,143500,0.255,0.255,0.255,0.255,184,0
NGG,5,20210205,145500,0.255,0.255,0.255,0.255,856,0
NGG,5,20210205,152000,0.252,0.252,0.252,0.252,2065,0
NGG,5,20210205,153000,0.25,0.25,0.25,0.25,5199,0
NGG,5,20210205,155500,0.252,0.252,0.252,0.252,40,0
NGG,5,20210205,160000,0.25,0.25,0.249,0.249,9846,0
NGG,5,20210205,162000,0.25,0.25,0.25,0.25,1000,0
NGG,5,20210205,164500,0.25,0.252,0.247,0.252,10219,0
NGG,5,20210208,090000,0.245,0.256,0.244,0.256,24660,0
NGG,5,20210208,091500,0.256,0.256,0.256,0.256,15502,0
NGG,5,20210208,093000,0.255,0.255,0.255,0.255,15000,0
NGG,5,20210208,094500,0.254,0.254,0.254,0.254,1981,0
NGG,5,20210208,100000,0.254,0.254,0.254,0.254,6451,0
NGG,5,20210208,105500,0.254,0.254,0.254,0.254,2000,0
NGG,5,20210208,111500,0.254,0.254,0.254,0.254,1575,0
NGG,5,20210208,114500,0.254,0.254,0.254,0.254,450,0
NGG,5,20210208,122000,0.254,0.254,0.254,0.254,29,0
NGG,5,20210208,122500,0.254,0.254,0.254,0.254,2,0
NGG,5,20210208,123500,0.256,0.256,0.256,0.256,28951,0
NGG,5,20210208,124000,0.26,0.268,0.26,0.266,68000,0
NGG,5,20210208,124500,0.265,0.265,0.265,0.265,39589,0
NGG,5,20210208,125000,0.265,0.265,0.26,0.26,19000,0
NGG,5,20210208,125500,0.263,0.264,0.263,0.264,10333,0
NGG,5,20210208,130000,0.264,0.264,0.26,0.26,17657,0
NGG,5,20210208,131000,0.264,0.265,0.264,0.265,7496,0
NGG,5,20210208,131500,0.26,0.263,0.253,0.263,20100,0
NGG,5,20210208,133000,0.258,0.259,0.258,0.259,4200,0
NGG,5,20210208,134500,0.259,0.259,0.259,0.259,2000,0
NGG,5,20210208,140000,0.255,0.259,0.255,0.259,7819,0
NGG,5,20210208,142500,0.254,0.254,0.254,0.254,4789,0
NGG,5,20210208,151000,0.256,0.256,0.253,0.253,4200,0
NGG,5,20210208,154000,0.253,0.253,0.253,0.253,21462,0
NGG,5,20210208,154500,0.252,0.252,0.25,0.25,25541,0
NGG,5,20210208,155000,0.25,0.25,0.25,0.25,23599,0
NGG,5,20210208,155500,0.25,0.25,0.25,0.25,1942,0
NGG,5,20210208,160000,0.257,0.257,0.257,0.257,1000,0
NGG,5,20210208,161500,0.257,0.258,0.257,0.258,5000,0
NGG,5,20210208,163500,0.258,0.258,0.258,0.258,5000,0
NGG,5,20210208,164000,0.251,0.251,0.251,0.251,1280,0
NGG,5,20210208,164500,0.258,0.258,0.257,0.257,5002,0
NGG,5,20210209,090000,0.257,0.257,0.257,0.257,12164,0
NGG,5,20210209,091500,0.255,0.255,0.255,0.255,2700,0
NGG,5,20210209,092500,0.255,0.255,0.255,0.255,2300,0
NGG,5,20210209,093500,0.255,0.255,0.255,0.255,1000,0
NGG,5,20210209,095500,0.255,0.255,0.255,0.255,2720,0
NGG,5,20210209,100500,0.252,0.252,0.251,0.251,2000,0
NGG,5,20210209,101500,0.251,0.251,0.251,0.251,900,0
NGG,5,20210209,110000,0.251,0.251,0.251,0.251,5000,0
NGG,5,20210209,110500,0.251,0.251,0.25,0.25,40785,0
NGG,5,20210209,113500,0.25,0.25,0.25,0.25,4000,0
NGG,5,20210209,114000,0.249,0.25,0.249,0.25,6124,0
NGG,5,20210209,114500,0.249,0.249,0.246,0.246,40000,0
NGG,5,20210209,121500,0.247,0.247,0.247,0.247,11001,0
NGG,5,20210209,122000,0.25,0.25,0.25,0.25,10000,0
NGG,5,20210209,122500,0.25,0.25,0.25,0.25,16419,0
NGG,5,20210209,123500,0.25,0.25,0.25,0.25,6570,0
NGG,5,20210209,124500,0.251,0.251,0.251,0.251,11000,0
NGG,5,20210209,125500,0.252,0.252,0.252,0.252,1000,0
NGG,5,20210209,130000,0.252,0.252,0.252,0.252,4662,0
NGG,5,20210209,134000,0.25,0.25,0.25,0.25,3834,0
NGG,5,20210209,135500,0.25,0.25,0.25,0.25,2085,0
NGG,5,20210209,152500,0.25,0.25,0.25,0.25,720,0
NGG,5,20210209,153000,0.252,0.252,0.252,0.252,3956,0
NGG,5,20210209,154500,0.251,0.251,0.251,0.251,6000,0
NGG,5,20210209,155500,0.252,0.252,0.252,0.252,15000,0
NGG,5,20210209,162500,0.252,0.253,0.252,0.253,3361,0
NGG,5,20210209,163000,0.251,0.251,0.251,0.251,4000,0
NGG,5,20210209,164000,0.251,0.251,0.251,0.251,6000,0
NGG,5,20210209,164500,0.251,0.251,0.251,0.251,5823,0
NGG,5,20210210,090000,0.25,0.25,0.25,0.25,7213,0
NGG,5,20210210,090500,0.25,0.25,0.25,0.25,1300,0
NGG,5,20210210,091000,0.25,0.25,0.25,0.25,11671,0
NGG,5,20210210,092500,0.25,0.25,0.25,0.25,75,0
NGG,5,20210210,093000,0.25,0.25,0.25,0.25,10001,0
NGG,5,20210210,093500,0.25,0.25,0.25,0.25,9158,0
NGG,5,20210210,095500,0.25,0.25,0.25,0.25,6000,0
NGG,5,20210210,100500,0.25,0.25,0.25,0.25,10000,0
NGG,5,20210210,101000,0.25,0.25,0.25,0.25,20000,0
NGG,5,20210210,101500,0.248,0.248,0.248,0.248,3500,0
NGG,5,20210210,103000,0.248,0.25,0.248,0.248,13234,0
NGG,5,20210210,104500,0.25,0.25,0.25,0.25,9000,0
NGG,5,20210210,105000,0.25,0.25,0.248,0.248,7577,0
NGG,5,20210210,112500,0.248,0.248,0.248,0.248,30000,0
NGG,5,20210210,113000,0.248,0.248,0.247,0.247,1515,0
NGG,5,20210210,115500,0.25,0.25,0.25,0.25,2000,0
NGG,5,20210210,122000,0.25,0.25,0.25,0.25,20000,0
NGG,5,20210210,124000,0.247,0.247,0.247,0.247,1890,0
NGG,5,20210210,131000,0.25,0.25,0.25,0.25,6000,0
NGG,5,20210210,135000,0.25,0.25,0.25,0.25,1225,0
NGG,5,20210210,143000,0.25,0.25,0.247,0.247,2999,0
NGG,5,20210210,152000,0.247,0.247,0.247,0.247,4800,0
NGG,5,20210210,152500,0.247,0.247,0.247,0.247,9012,0
NGG,5,20210210,153000,0.246,0.246,0.246,0.246,32147,0
NGG,5,20210210,153500,0.246,0.246,0.242,0.243,32245,0
NGG,5,20210210,155000,0.243,0.243,0.243,0.243,13100,0
NGG,5,20210210,155500,0.246,0.248,0.246,0.246,28574,0
NGG,5,20210210,161000,0.245,0.245,0.245,0.245,3500,0
NGG,5,20210210,162500,0.245,0.245,0.245,0.245,2088,0
NGG,5,20210210,164500,0.243,0.243,0.242,0.242,22835,0
NGG,5,20210211,090000,0.245,0.245,0.245,0.245,2500,0
NGG,5,20210211,090500,0.246,0.246,0.246,0.246,3000,0
NGG,5,20210211,091000,0.246,0.246,0.246,0.246,8800,0
NGG,5,20210211,092000,0.246,0.246,0.246,0.246,200,0
NGG,5,20210211,093000,0.246,0.246,0.246,0.246,330,0
NGG,5,20210211,094000,0.246,0.246,0.246,0.246,1000,0
NGG,5,20210211,094500,0.245,0.245,0.235,0.24,54332,0
NGG,5,20210211,095000,0.24,0.24,0.236,0.236,28000,0
NGG,5,20210211,100000,0.24,0.24,0.24,0.24,1653,0
NGG,5,20210211,100500,0.24,0.24,0.24,0.24,8564,0
NGG,5,20210211,101500,0.244,0.244,0.244,0.244,1505,0
NGG,5,20210211,102500,0.24,0.24,0.24,0.24,10000,0
NGG,5,20210211,110500,0.24,0.24,0.236,0.236,24186,0
NGG,5,20210211,111000,0.244,0.244,0.244,0.244,75,0
NGG,5,20210211,111500,0.244,0.244,0.244,0.244,5000,0
NGG,5,20210211,112000,0.24,0.24,0.24,0.24,2500,0
NGG,5,20210211,113000,0.243,0.243,0.243,0.243,800,0
NGG,5,20210211,114000,0.242,0.242,0.242,0.242,141,0
NGG,5,20210211,114500,0.24,0.24,0.24,0.24,2500,0
NGG,5,20210211,115500,0.236,0.243,0.236,0.243,6560,0
NGG,5,20210211,120000,0.243,0.243,0.243,0.243,1338,0
NGG,5,20210211,121500,0.24,0.24,0.232,0.232,21146,0
NGG,5,20210211,122500,0.242,0.242,0.242,0.242,1,0
NGG,5,20210211,123000,0.242,0.242,0.242,0.242,1200,0
NGG,5,20210211,125000,0.24,0.24,0.238,0.238,2000,0
NGG,5,20210211,125500,0.236,0.236,0.236,0.236,2000,0
NGG,5,20210211,130500,0.236,0.236,0.236,0.236,4500,0
NGG,5,20210211,133000,0.236,0.236,0.236,0.236,15834,0
NGG,5,20210211,134000,0.236,0.236,0.236,0.236,3250,0
NGG,5,20210211,134500,0.236,0.239,0.236,0.239,32461,0
NGG,5,20210211,135000,0.239,0.239,0.239,0.239,1200,0
NGG,5,20210211,135500,0.239,0.239,0.239,0.239,1800,0
NGG,5,20210211,142500,0.236,0.236,0.236,0.236,13449,0
NGG,5,20210211,143000,0.236,0.236,0.236,0.236,1000,0
NGG,5,20210211,143500,0.236,0.236,0.236,0.236,26551,0
NGG,5,20210211,144000,0.239,0.239,0.239,0.239,1499,0
NGG,5,20210211,144500,0.24,0.24,0.24,0.24,5087,0
NGG,5,20210211,145000,0.24,0.24,0.24,0.24,4174,0
NGG,5,20210211,145500,0.24,0.24,0.24,0.24,2713,0
NGG,5,20210211,150500,0.24,0.24,0.24,0.24,6000,0
NGG,5,20210211,151000,0.24,0.24,0.24,0.24,2000,0
NGG,5,20210211,153000,0.238,0.24,0.238,0.24,40000,0
NGG,5,20210211,155000,0.24,0.24,0.24,0.24,24154,0
NGG,5,20210211,160000,0.24,0.24,0.24,0.24,4355,0
NGG,5,20210211,162500,0.24,0.24,0.24,0.24,2500,0
NGG,5,20210212,090000,0.24,0.24,0.24,0.24,1000,0
NGG,5,20210212,090500,0.24,0.24,0.24,0.24,8000,0
NGG,5,20210212,091000,0.237,0.237,0.237,0.237,1300,0
NGG,5,20210212,091500,0.24,0.24,0.24,0.24,2500,0
NGG,5,20210212,092000,0.24,0.24,0.24,0.24,4500,0
NGG,5,20210212,093500,0.24,0.24,0.24,0.24,4000,0
NGG,5,20210212,094000,0.24,0.24,0.24,0.24,3000,0
NGG,5,20210212,094500,0.24,0.24,0.24,0.24,10000,0
NGG,5,20210212,095000,0.24,0.24,0.24,0.24,7000,0
NGG,5,20210212,095500,0.237,0.237,0.237,0.237,700,0
NGG,5,20210212,100500,0.236,0.236,0.236,0.236,3000,0
NGG,5,20210212,101000,0.236,0.236,0.236,0.236,10458,0
NGG,5,20210212,102000,0.24,0.24,0.24,0.24,1000,0
NGG,5,20210212,102500,0.236,0.236,0.234,0.236,42000,0
NGG,5,20210212,103500,0.237,0.237,0.236,0.236,11000,0
NGG,5,20210212,104500,0.236,0.236,0.236,0.236,62000,0
NGG,5,20210212,105000,0.236,0.236,0.236,0.236,426,0
NGG,5,20210212,105500,0.236,0.236,0.236,0.236,11000,0
NGG,5,20210212,110000,0.236,0.236,0.234,0.234,21879,0
NGG,5,20210212,110500,0.24,0.24,0.24,0.24,2500,0
NGG,5,20210212,111000,0.24,0.24,0.234,0.234,8320,0
NGG,5,20210212,112000,0.234,0.234,0.233,0.233,4366,0
NGG,5,20210212,112500,0.233,0.233,0.232,0.232,10000,0
NGG,5,20210212,113000,0.234,0.234,0.234,0.234,8534,0
NGG,5,20210212,120500,0.234,0.234,0.234,0.234,1909,0
NGG,5,20210212,122000,0.239,0.24,0.239,0.24,15000,0
NGG,5,20210212,122500,0.24,0.24,0.24,0.24,4487,0
NGG,5,20210212,124500,0.239,0.239,0.239,0.239,2500,0
NGG,5,20210212,125500,0.236,0.236,0.236,0.236,3000,0
NGG,5,20210212,131500,0.237,0.237,0.237,0.237,3000,0
NGG,5,20210212,135000,0.237,0.237,0.233,0.233,10000,0
NGG,5,20210212,135500,0.233,0.233,0.232,0.232,10000,0
NGG,5,20210212,140000,0.232,0.232,0.232,0.232,50000,0
NGG,5,20210212,140500,0.231,0.231,0.231,0.231,50000,0
NGG,5,20210212,141500,0.231,0.231,0.231,0.231,5000,0
NGG,5,20210212,142500,0.232,0.232,0.228,0.228,149518,0
NGG,5,20210212,144500,0.235,0.235,0.235,0.235,1000,0
NGG,5,20210212,145000,0.232,0.232,0.232,0.232,2020,0
NGG,5,20210212,145500,0.232,0.232,0.23,0.23,5000,0
NGG,5,20210212,150000,0.23,0.23,0.228,0.228,88058,0
NGG,5,20210212,150500,0.226,0.226,0.225,0.225,10942,0
NGG,5,20210212,151000,0.232,0.234,0.232,0.234,45512,0
NGG,5,20210212,152000,0.226,0.226,0.226,0.226,2000,0
NGG,5,20210212,152500,0.234,0.234,0.234,0.234,4488,0
NGG,5,20210212,153000,0.234,0.234,0.234,0.234,5000,0
NGG,5,20210212,154000,0.235,0.235,0.235,0.235,5000,0
NGG,5,20210212,155500,0.235,0.235,0.235,0.235,4950,0
NGG,5,20210212,162500,0.237,0.237,0.237,0.237,3018,0
NGG,5,20210212,163000,0.237,0.237,0.237,0.237,1300,0
NGG,5,20210212,164500,0.237,0.237,0.237,0.237,230,0
NGG,5,20210215,090000,0.237,0.237,0.231,0.231,33455,0
NGG,5,20210215,091000,0.237,0.237,0.237,0.237,1,0
NGG,5,20210215,092000,0.237,0.24,0.237,0.24,62747,0
NGG,5,20210215,092500,0.24,0.24,0.24,0.24,3000,0
NGG,5,20210215,093000,0.24,0.24,0.24,0.24,7500,0
NGG,5,20210215,094000,0.24,0.24,0.24,0.24,1100,0
NGG,5,20210215,095500,0.24,0.24,0.24,0.24,1515,0
NGG,5,20210215,100000,0.24,0.24,0.24,0.24,4000,0
NGG,5,20210215,101000,0.24,0.24,0.239,0.239,51622,0
NGG,5,20210215,102000,0.236,0.236,0.236,0.236,5500,0
NGG,5,20210215,102500,0.236,0.236,0.235,0.235,2651,0
NGG,5,20210215,103000,0.239,0.24,0.239,0.24,75000,0
NGG,5,20210215,103500,0.24,0.24,0.24,0.24,41645,0
NGG,5,20210215,104500,0.24,0.24,0.24,0.24,20000,0
NGG,5,20210215,110500,0.239,0.239,0.239,0.239,1840,0
NGG,5,20210215,113500,0.238,0.238,0.236,0.236,2700,0
NGG,5,20210215,114000,0.24,0.24,0.238,0.238,15358,0
NGG,5,20210215,115000,0.238,0.238,0.238,0.238,1715,0
NGG,5,20210215,115500,0.238,0.238,0.238,0.238,1000,0
NGG,5,20210215,123500,0.238,0.238,0.238,0.238,2285,0
NGG,5,20210215,130000,0.24,0.24,0.24,0.24,24900,0
NGG,5,20210215,130500,0.24,0.24,0.24,0.24,2500,0
NGG,5,20210215,131000,0.238,0.238,0.235,0.235,2500,0
NGG,5,20210215,134500,0.238,0.238,0.238,0.238,4200,0
NGG,5,20210215,141000,0.24,0.24,0.24,0.24,26,0
NGG,5,20210215,142500,0.24,0.24,0.24,0.24,30000,0
NGG,5,20210215,143000,0.24,0.24,0.238,0.238,17000,0
NGG,5,20210215,145000,0.24,0.24,0.24,0.24,10000,0
NGG,5,20210215,150000,0.24,0.24,0.24,0.24,4200,0
NGG,5,20210215,150500,0.24,0.24,0.24,0.24,4200,0
NGG,5,20210215,151000,0.238,0.24,0.238,0.24,6800,0
NGG,5,20210215,151500,0.238,0.238,0.228,0.228,100000,0
NGG,5,20210215,152000,0.232,0.232,0.232,0.232,1500,0
NGG,5,20210215,153000,0.237,0.237,0.237,0.237,4206,0
NGG,5,20210215,164500,0.234,0.234,0.234,0.234,15094,0
NGG,5,20210216,090000,0.231,0.231,0.231,0.231,5000,0
NGG,5,20210216,091500,0.234,0.234,0.234,0.234,115,0
NGG,5,20210216,092000,0.238,0.238,0.238,0.238,19993,0
NGG,5,20210216,093000,0.238,0.239,0.238,0.239,3907,0
NGG,5,20210216,093500,0.239,0.239,0.239,0.239,30,0
NGG,5,20210216,094000,0.239,0.239,0.239,0.239,100,0
NGG,5,20210216,100500,0.235,0.235,0.235,0.235,17100,0
NGG,5,20210216,101000,0.235,0.235,0.235,0.235,2000,0
NGG,5,20210216,102500,0.235,0.235,0.235,0.235,10000,0
NGG,5,20210216,110000,0.239,0.239,0.239,0.239,4171,0
NGG,5,20210216,114000,0.239,0.239,0.239,0.239,350,0
NGG,5,20210216,115500,0.237,0.237,0.237,0.237,2100,0
NGG,5,20210216,120000,0.239,0.24,0.239,0.24,7000,0
NGG,5,20210216,120500,0.237,0.237,0.237,0.237,8000,0
NGG,5,20210216,121500,0.237,0.237,0.237,0.237,1500,0
NGG,5,20210216,122000,0.237,0.237,0.237,0.237,500,0
NGG,5,20210216,124500,0.24,0.24,0.24,0.24,2600,0
NGG,5,20210216,135500,0.24,0.24,0.24,0.24,1000,0
NGG,5,20210216,140500,0.24,0.24,0.24,0.24,20000,0
NGG,5,20210216,141500,0.24,0.24,0.24,0.24,5000,0
NGG,5,20210216,145000,0.238,0.238,0.232,0.232,35000,0
NGG,5,20210216,152500,0.24,0.24,0.24,0.24,1,0
NGG,5,20210216,155500,0.24,0.24,0.24,0.24,100,0
NGG,5,20210216,160500,0.236,0.236,0.236,0.236,2330,0
NGG,5,20210216,161000,0.24,0.24,0.24,0.24,3320,0
NGG,5,20210216,162000,0.238,0.24,0.238,0.24,4000,0
NGG,5,20210217,090000,0.24,0.24,0.24,0.24,27134,0
NGG,5,20210217,092000,0.233,0.233,0.23,0.23,101500,0
NGG,5,20210217,092500,0.239,0.239,0.239,0.239,13000,0
NGG,5,20210217,102000,0.234,0.234,0.234,0.234,10000,0
NGG,5,20210217,103500,0.234,0.234,0.234,0.234,400,0
NGG,5,20210217,104500,0.234,0.234,0.234,0.234,2155,0
NGG,5,20210217,105000,0.234,0.234,0.234,0.234,417,0
NGG,5,20210217,110000,0.234,0.234,0.234,0.234,78,0
NGG,5,20210217,114500,0.235,0.235,0.235,0.235,32826,0
NGG,5,20210217,115500,0.234,0.234,0.23,0.23,40000,0
NGG,5,20210217,120000,0.238,0.238,0.238,0.238,3300,0
NGG,5,20210217,120500,0.238,0.238,0.238,0.238,1100,0
NGG,5,20210217,124000,0.236,0.236,0.236,0.236,500,0
NGG,5,20210217,124500,0.236,0.239,0.236,0.239,20000,0
NGG,5,20210217,132500,0.236,0.236,0.236,0.236,4185,0
NGG,5,20210217,133500,0.236,0.236,0.234,0.234,15000,0
NGG,5,20210217,135000,0.238,0.238,0.238,0.238,500,0
NGG,5,20210217,140500,0.238,0.238,0.238,0.238,1500,0
NGG,5,20210217,144000,0.236,0.238,0.236,0.238,1477,0
NGG,5,20210217,155500,0.234,0.234,0.234,0.234,600,0
NGG,5,20210217,161500,0.234,0.234,0.234,0.234,9204,0
NGG,5,20210217,163000,0.234,0.234,0.234,0.234,796,0
NGG,5,20210217,164500,0.238,0.238,0.238,0.238,1250,0
NGG,5,20210218,090000,0.238,0.238,0.238,0.238,5000,0
NGG,5,20210218,091000,0.232,0.232,0.232,0.232,6000,0
NGG,5,20210218,093000,0.232,0.232,0.232,0.232,3302,0
NGG,5,20210218,100000,0.236,0.24,0.236,0.24,40666,0
NGG,5,20210218,100500,0.24,0.24,0.24,0.24,5341,0
NGG,5,20210218,102000,0.24,0.24,0.24,0.24,5000,0
NGG,5,20210218,103500,0.238,0.238,0.234,0.234,5000,0
NGG,5,20210218,104000,0.24,0.24,0.239,0.24,359734,0
NGG,5,20210218,104500,0.24,0.255,0.24,0.249,265715,0
NGG,5,20210218,105000,0.247,0.247,0.24,0.243,60800,0
NGG,5,20210218,105500,0.244,0.245,0.243,0.243,40200,0
NGG,5,20210218,110000,0.246,0.246,0.246,0.246,23395,0
NGG,5,20210218,110500,0.247,0.248,0.242,0.248,15700,0
NGG,5,20210218,111000,0.248,0.248,0.248,0.248,7300,0
NGG,5,20210218,111500,0.249,0.249,0.248,0.248,8103,0
NGG,5,20210218,112000,0.248,0.248,0.248,0.248,4661,0
NGG,5,20210218,113000,0.249,0.249,0.249,0.249,2000,0
NGG,5,20210218,113500,0.249,0.249,0.248,0.248,17504,0
NGG,5,20210218,115000,0.243,0.243,0.24,0.24,30000,0
NGG,5,20210218,115500,0.246,0.246,0.246,0.246,2000,0
NGG,5,20210218,120000,0.242,0.242,0.24,0.24,32658,0
NGG,5,20210218,121000,0.247,0.247,0.246,0.246,4000,0
NGG,5,20210218,121500,0.247,0.248,0.247,0.248,20000,0
NGG,5,20210218,122000,0.248,0.248,0.248,0.248,2725,0
NGG,5,20210218,122500,0.248,0.248,0.248,0.248,6300,0
NGG,5,20210218,123000,0.248,0.248,0.246,0.246,9762,0
NGG,5,20210218,123500,0.246,0.246,0.246,0.246,5325,0
NGG,5,20210218,125000,0.243,0.243,0.242,0.242,10875,0
NGG,5,20210218,130500,0.243,0.243,0.242,0.242,7800,0
NGG,5,20210218,131000,0.242,0.242,0.241,0.241,39531,0
NGG,5,20210218,131500,0.24,0.24,0.24,0.24,1500,0
NGG,5,20210218,132000,0.24,0.24,0.24,0.24,10723,0
NGG,5,20210218,133500,0.245,0.245,0.245,0.245,400,0
NGG,5,20210218,134000,0.242,0.242,0.236,0.236,31834,0
NGG,5,20210218,135000,0.236,0.236,0.236,0.236,3600,0
NGG,5,20210218,142000,0.242,0.242,0.242,0.242,11481,0
NGG,5,20210218,144000,0.242,0.242,0.242,0.242,5128,0
NGG,5,20210218,144500,0.24,0.24,0.236,0.236,9012,0
NGG,5,20210218,145500,0.242,0.242,0.242,0.242,1,0
NGG,5,20210218,151500,0.241,0.241,0.241,0.241,871,0
NGG,5,20210218,152000,0.241,0.241,0.241,0.241,3129,0
NGG,5,20210218,153000,0.241,0.241,0.241,0.241,2909,0
NGG,5,20210218,153500,0.241,0.241,0.241,0.241,1000,0
NGG,5,20210218,154000,0.241,0.241,0.241,0.241,2572,0
NGG,5,20210218,154500,0.241,0.241,0.241,0.241,3000,0
NGG,5,20210218,155000,0.241,0.241,0.24,0.24,5000,0
NGG,5,20210218,155500,0.247,0.247,0.247,0.247,2500,0
NGG,5,20210218,161000,0.24,0.24,0.24,0.24,13678,0
NGG,5,20210218,161500,0.247,0.247,0.247,0.247,750,0
NGG,5,20210218,162000,0.245,0.245,0.236,0.236,6730,0
NGG,5,20210218,163500,0.245,0.245,0.238,0.238,4602,0
NGG,5,20210218,164500,0.242,0.242,0.242,0.242,7500,0
NGG,5,20210219,090000,0.247,0.248,0.238,0.238,20255,0
NGG,5,20210219,090500,0.238,0.247,0.238,0.247,3855,0
NGG,5,20210219,091000,0.242,0.242,0.242,0.242,2500,0
NGG,5,20210219,092000,0.245,0.247,0.245,0.247,8500,0
NGG,5,20210219,092500,0.242,0.242,0.242,0.242,2661,0
NGG,5,20210219,093000,0.247,0.247,0.247,0.247,2839,0
NGG,5,20210219,095000,0.247,0.247,0.247,0.247,500,0
NGG,5,20210219,100000,0.242,0.245,0.24,0.245,23555,0
NGG,5,20210219,101000,0.24,0.24,0.24,0.24,5000,0
NGG,5,20210219,101500,0.24,0.24,0.24,0.24,11000,0
NGG,5,20210219,102000,0.24,0.24,0.24,0.24,1000,0
NGG,5,20210219,102500,0.24,0.24,0.24,0.24,2000,0
NGG,5,20210219,103500,0.242,0.242,0.242,0.242,10000,0
NGG,5,20210219,105500,0.242,0.244,0.242,0.244,4487,0
NGG,5,20210219,120500,0.242,0.242,0.242,0.242,6000,0
NGG,5,20210219,122500,0.244,0.244,0.244,0.244,10263,0
NGG,5,20210219,130000,0.242,0.242,0.242,0.242,2000,0
NGG,5,20210219,131500,0.244,0.245,0.244,0.245,22163,0
NGG,5,20210219,133500,0.245,0.245,0.245,0.245,14926,0
NGG,5,20210219,134000,0.246,0.246,0.246,0.246,16228,0
NGG,5,20210219,135000,0.247,0.247,0.247,0.247,3000,0
NGG,5,20210219,140500,0.245,0.245,0.245,0.245,3019,0
NGG,5,20210219,141500,0.244,0.244,0.243,0.243,13954,0
NGG,5,20210219,142500,0.245,0.245,0.245,0.245,7605,0
NGG,5,20210219,143500,0.247,0.247,0.247,0.247,10,0
NGG,5,20210219,150000,0.245,0.247,0.245,0.247,3400,0
NGG,5,20210219,153500,0.247,0.247,0.247,0.247,100,0
NGG,5,20210219,161000,0.245,0.245,0.245,0.245,65,0
NGG,5,20210219,162000,0.244,0.244,0.244,0.244,16600,0
NGG,5,20210219,162500,0.245,0.245,0.245,0.245,200,0
NGG,5,20210219,163000,0.245,0.245,0.245,0.245,12000,0
NGG,5,20210219,163500,0.242,0.243,0.242,0.243,10000,0
NGG,5,20210219,164500,0.245,0.245,0.245,0.245,500,0
NGG,5,20210222,090000,0.248,0.248,0.248,0.248,2500,0
NGG,5,20210222,091000,0.248,0.248,0.246,0.246,6000,0
NGG,5,20210222,091500,0.248,0.248,0.248,0.248,500,0
NGG,5,20210222,094000,0.246,0.246,0.246,0.246,544,0
NGG,5,20210222,100000,0.246,0.248,0.246,0.248,20198,0
NGG,5,20210222,101000,0.248,0.248,0.248,0.248,4120,0
NGG,5,20210222,103000,0.248,0.248,0.248,0.248,4056,0
NGG,5,20210222,110500,0.245,0.245,0.245,0.245,1999,0
NGG,5,20210222,111500,0.245,0.245,0.245,0.245,1351,0
NGG,5,20210222,120000,0.243,0.243,0.243,0.243,17546,0
NGG,5,20210222,122500,0.245,0.245,0.245,0.245,1944,0
NGG,5,20210222,124000,0.24,0.24,0.24,0.24,5000,0
NGG,5,20210222,130500,0.24,0.24,0.24,0.24,5712,0
NGG,5,20210222,131500,0.24,0.24,0.24,0.24,3838,0
NGG,5,20210222,134000,0.236,0.236,0.236,0.236,3057,0
NGG,5,20210222,141500,0.24,0.24,0.24,0.24,4000,0
NGG,5,20210222,142000,0.24,0.24,0.24,0.24,10000,0
NGG,5,20210222,143000,0.24,0.246,0.24,0.246,2000,0
NGG,5,20210222,143500,0.236,0.236,0.236,0.236,9526,0
NGG,5,20210222,151500,0.245,0.245,0.245,0.245,1,0
NGG,5,20210222,162500,0.244,0.244,0.244,0.244,5000,0
NGG,5,20210222,163500,0.245,0.245,0.24,0.24,12050,0
NGG,5,20210222,164000,0.238,0.238,0.236,0.236,10000,0
NGG,5,20210222,164500,0.242,0.245,0.242,0.245,14751,0
NGG,5,20210223,090000,0.24,0.24,0.236,0.236,20001,0
NGG,5,20210223,090500,0.236,0.24,0.235,0.24,7400,0
NGG,5,20210223,095500,0.235,0.235,0.235,0.235,2100,0
NGG,5,20210223,100000,0.24,0.24,0.24,0.24,3172,0
NGG,5,20210223,102500,0.24,0.24,0.24,0.24,476,0
NGG,5,20210223,114500,0.236,0.236,0.236,0.236,1000,0
NGG,5,20210223,115000,0.236,0.236,0.236,0.236,10544,0
NGG,5,20210223,124500,0.236,0.236,0.236,0.236,21100,0
NGG,5,20210223,130000,0.236,0.236,0.236,0.236,5000,0
NGG,5,20210223,130500,0.236,0.236,0.235,0.235,3000,0
NGG,5,20210223,131000,0.239,0.239,0.239,0.239,10000,0
NGG,5,20210223,135000,0.24,0.24,0.24,0.24,2100,0
NGG,5,20210223,150500,0.238,0.238,0.236,0.236,8000,0
NGG,5,20210223,151000,0.236,0.236,0.236,0.236,2110,0
NGG,5,20210223,155000,0.236,0.236,0.236,0.236,64,0
NGG,5,20210223,164500,0.24,0.24,0.24,0.24,100,0
NGG,5,20210224,090000,0.24,0.24,0.233,0.233,3451,0
NGG,5,20210224,090500,0.233,0.233,0.233,0.233,5000,0
NGG,5,20210224,092000,0.239,0.239,0.239,0.239,73,0
NGG,5,20210224,092500,0.233,0.233,0.233,0.233,10000,0
NGG,5,20210224,102000,0.239,0.239,0.239,0.239,1800,0
NGG,5,20210224,102500,0.239,0.239,0.239,0.239,3261,0
NGG,5,20210224,113000,0.235,0.235,0.235,0.235,5000,0
NGG,5,20210224,114000,0.239,0.239,0.239,0.239,590,0
NGG,5,20210224,122500,0.238,0.238,0.238,0.238,852,0
NGG,5,20210224,130500,0.237,0.237,0.237,0.237,400,0
NGG,5,20210224,134500,0.237,0.239,0.237,0.239,1705,0
NGG,5,20210224,140500,0.236,0.236,0.236,0.236,4000,0
NGG,5,20210224,143000,0.239,0.239,0.239,0.239,700,0
NGG,5,20210224,145000,0.236,0.236,0.236,0.236,1944,0
NGG,5,20210224,161000,0.236,0.236,0.236,0.236,200,0
NGG,5,20210225,090000,0.24,0.24,0.24,0.24,100,0
NGG,5,20210225,090500,0.24,0.24,0.236,0.236,4056,0
NGG,5,20210225,091000,0.236,0.236,0.232,0.232,1400,0
NGG,5,20210225,091500,0.236,0.236,0.236,0.236,3344,0
NGG,5,20210225,094000,0.238,0.238,0.238,0.238,3300,0
NGG,5,20210225,103500,0.239,0.239,0.239,0.239,900,0
NGG,5,20210225,110500,0.239,0.239,0.239,0.239,675,0
NGG,5,20210225,112500,0.239,0.239,0.239,0.239,1288,0
NGG,5,20210225,113500,0.239,0.239,0.235,0.235,2107,0
NGG,5,20210225,115500,0.235,0.235,0.235,0.235,1000,0
NGG,5,20210225,120000,0.235,0.235,0.235,0.235,100,0
NGG,5,20210225,131000,0.235,0.235,0.235,0.235,2840,0
NGG,5,20210225,132000,0.238,0.238,0.238,0.238,15500,0
NGG,5,20210225,142500,0.238,0.238,0.238,0.238,2120,0
NGG,5,20210225,143000,0.236,0.236,0.235,0.235,5248,0
NGG,5,20210225,143500,0.234,0.234,0.234,0.234,2183,0
NGG,5,20210225,145000,0.238,0.238,0.238,0.238,2133,0
NGG,5,20210225,150000,0.238,0.238,0.238,0.238,247,0
NGG,5,20210225,160000,0.234,0.234,0.233,0.233,10000,0
NGG,5,20210226,090000,0.239,0.239,0.233,0.233,17585,0
NGG,5,20210226,091500,0.238,0.238,0.238,0.238,1610,0
NGG,5,20210226,094000,0.238,0.238,0.238,0.238,5290,0
NGG,5,20210226,094500,0.235,0.235,0.235,0.235,5000,0
NGG,5,20210226,100000,0.234,0.234,0.234,0.234,476,0
NGG,5,20210226,101500,0.233,0.233,0.233,0.233,5000,0
NGG,5,20210226,103000,0.233,0.233,0.233,0.233,3600,0
NGG,5,20210226,104500,0.239,0.239,0.239,0.239,184,0
NGG,5,20210226,105000,0.233,0.233,0.233,0.233,800,0
NGG,5,20210226,115500,0.233,0.233,0.232,0.232,14410,0
NGG,5,20210226,133000,0.232,0.232,0.232,0.232,6332,0
NGG,5,20210226,135000,0.237,0.237,0.237,0.237,1231,0
NGG,5,20210226,135500,0.237,0.237,0.237,0.237,400,0
NGG,5,20210226,140000,0.237,0.237,0.237,0.237,1600,0
NGG,5,20210226,152000,0.232,0.232,0.232,0.232,1000,0
NGG,5,20210226,153500,0.232,0.236,0.231,0.236,50658,0
NGG,5,20210226,154000,0.231,0.231,0.23,0.23,1491,0
NGG,5,20210226,160000,0.235,0.235,0.23,0.23,2682,0
NGG,5,20210226,160500,0.23,0.23,0.23,0.23,437,0
NGG,5,20210226,163000,0.231,0.231,0.231,0.231,8632,0
NGG,5,20210226,164500,0.235,0.235,0.235,0.235,50,0
NGG,5,20210301,090000,0.231,0.231,0.231,0.231,1000,0
NGG,5,20210301,091000,0.23,0.23,0.23,0.23,10000,0
NGG,5,20210301,092500,0.231,0.231,0.231,0.231,42,0
NGG,5,20210301,093000,0.235,0.238,0.235,0.238,2501,0
NGG,5,20210301,094000,0.235,0.235,0.235,0.235,5289,0
NGG,5,20210301,104000,0.235,0.235,0.235,0.235,197,0
NGG,5,20210301,105000,0.235,0.235,0.235,0.235,1,0
NGG,5,20210301,110000,0.231,0.231,0.231,0.231,705,0
NGG,5,20210301,111000,0.231,0.231,0.231,0.231,2900,0
NGG,5,20210301,112500,0.231,0.231,0.231,0.231,1000,0
NGG,5,20210301,120500,0.235,0.238,0.235,0.238,10000,0
NGG,5,20210301,121500,0.231,0.238,0.23,0.238,50001,0
NGG,5,20210301,124500,0.237,0.237,0.237,0.237,300,0
NGG,5,20210301,125000,0.231,0.231,0.231,0.231,1489,0
NGG,5,20210301,131500,0.234,0.234,0.234,0.234,3000,0
NGG,5,20210301,132000,0.236,0.236,0.236,0.236,283,0
NGG,5,20210301,132500,0.232,0.232,0.23,0.23,6300,0
NGG,5,20210301,133000,0.236,0.236,0.236,0.236,1,0
NGG,5,20210301,140500,0.236,0.237,0.236,0.237,33325,0
NGG,5,20210301,143500,0.236,0.236,0.236,0.236,609,0
NGG,5,20210301,150500,0.236,0.236,0.236,0.236,1300,0
NGG,5,20210301,151000,0.236,0.236,0.236,0.236,4300,0
NGG,5,20210301,153500,0.238,0.238,0.238,0.238,197,0
NGG,5,20210301,155000,0.238,0.238,0.238,0.238,870,0
NGG,5,20210301,160500,0.236,0.236,0.236,0.236,197,0
NGG,5,20210301,163000,0.236,0.236,0.231,0.231,10000,0
NGG,5,20210301,163500,0.236,0.236,0.236,0.236,40,0
NGG,5,20210301,164500,0.236,0.236,0.236,0.236,10080,0
NGG,5,20210302,091500,0.237,0.237,0.237,0.237,421,0
NGG,5,20210302,092000,0.237,0.237,0.237,0.237,3000,0
NGG,5,20210302,092500,0.237,0.237,0.237,0.237,2100,0
NGG,5,20210302,093500,0.232,0.232,0.231,0.231,7000,0
NGG,5,20210302,102500,0.232,0.232,0.232,0.232,4124,0
NGG,5,20210302,103500,0.232,0.232,0.23,0.23,19900,0
NGG,5,20210302,110500,0.236,0.236,0.236,0.236,1,0
NGG,5,20210302,114000,0.233,0.233,0.231,0.231,10000,0
NGG,5,20210302,114500,0.231,0.231,0.231,0.231,10000,0
NGG,5,20210302,141000,0.233,0.233,0.233,0.233,9462,0
NGG,5,20210302,144500,0.233,0.233,0.233,0.233,30000,0
NGG,5,20210302,145000,0.234,0.234,0.233,0.233,20000,0
NGG,5,20210302,152500,0.234,0.234,0.234,0.234,5000,0
NGG,5,20210302,153000,0.235,0.235,0.235,0.235,450,0
NGG,5,20210302,155000,0.233,0.233,0.233,0.233,19000,0
NGG,5,20210302,155500,0.233,0.233,0.233,0.233,22500,0
NGG,5,20210302,161000,0.235,0.236,0.235,0.236,2137,0
NGG,5,20210302,163000,0.233,0.233,0.233,0.233,2500,0
NGG,5,20210302,164000,0.233,0.233,0.233,0.233,39000,0
NGG,5,20210302,164500,0.233,0.233,0.231,0.231,17198,0
NGG,5,20210303,090000,0.238,0.238,0.238,0.238,7209,0
NGG,5,20210303,091500,0.238,0.238,0.238,0.238,2200,0
NGG,5,20210303,092500,0.238,0.238,0.238,0.238,449,0
NGG,5,20210303,101000,0.231,0.231,0.231,0.231,5000,0
NGG,5,20210303,101500,0.231,0.231,0.231,0.231,5000,0
NGG,5,20210303,102000,0.231,0.231,0.231,0.231,15000,0
NGG,5,20210303,104000,0.231,0.231,0.231,0.231,11571,0
NGG,5,20210303,104500,0.237,0.237,0.237,0.237,403,0
NGG,5,20210303,111500,0.231,0.231,0.231,0.231,10000,0
NGG,5,20210303,113500,0.231,0.231,0.231,0.231,7722,0
NGG,5,20210303,114000,0.23,0.23,0.23,0.23,3000,0
NGG,5,20210303,115500,0.231,0.231,0.231,0.231,12278,0
NGG,5,20210303,122000,0.231,0.231,0.23,0.23,50000,0
NGG,5,20210303,130000,0.233,0.233,0.233,0.233,4200,0
NGG,5,20210303,130500,0.235,0.235,0.235,0.235,4747,0
NGG,5,20210303,131000,0.236,0.236,0.236,0.236,186,0
NGG,5,20210303,132000,0.235,0.235,0.235,0.235,2253,0
NGG,5,20210303,132500,0.236,0.236,0.236,0.236,2297,0
NGG,5,20210303,141000,0.23,0.23,0.23,0.23,17612,0
NGG,5,20210303,155000,0.236,0.236,0.236,0.236,1,0
NGG,5,20210303,161500,0.235,0.235,0.235,0.235,2000,0
NGG,5,20210303,162500,0.231,0.231,0.231,0.231,3000,0
NGG,5,20210303,164500,0.235,0.235,0.235,0.235,1,0
NGG,5,20210304,090000,0.235,0.235,0.231,0.231,7208,0
NGG,5,20210304,091000,0.235,0.237,0.235,0.237,22600,0
NGG,5,20210304,092500,0.235,0.235,0.235,0.235,1199,0
NGG,5,20210304,094000,0.235,0.235,0.235,0.235,900,0
NGG,5,20210304,095000,0.235,0.235,0.235,0.235,1000,0
NGG,5,20210304,101000,0.231,0.231,0.23,0.23,24429,0
NGG,5,20210304,105500,0.23,0.23,0.23,0.23,28000,0
NGG,5,20210304,110500,0.234,0.238,0.234,0.238,50000,0
NGG,5,20210304,123500,0.235,0.235,0.235,0.235,100,0
NGG,5,20210304,124000,0.231,0.231,0.231,0.231,2000,0
NGG,5,20210304,130500,0.231,0.231,0.231,0.231,8,0
NGG,5,20210304,131000,0.231,0.231,0.231,0.231,2194,0
NGG,5,20210304,132000,0.231,0.231,0.23,0.23,39723,0
NGG,5,20210304,133000,0.23,0.23,0.23,0.23,5000,0
NGG,5,20210304,133500,0.23,0.23,0.229,0.229,15000,0
NGG,5,20210304,134000,0.228,0.228,0.228,0.228,25000,0
NGG,5,20210304,140000,0.23,0.23,0.23,0.23,277,0
NGG,5,20210304,142500,0.231,0.231,0.231,0.231,400,0
NGG,5,20210304,144500,0.231,0.231,0.231,0.231,2306,0
NGG,5,20210304,163000,0.231,0.231,0.231,0.231,2000,0
NGG,5,20210304,163500,0.231,0.231,0.231,0.231,3181,0
NGG,5,20210304,164000,0.231,0.231,0.231,0.231,1688,0
NGG,5,20210304,164500,0.232,0.232,0.232,0.232,9000,0
NGG,5,20210305,090000,0.233,0.233,0.233,0.233,1000,0
NGG,5,20210305,091500,0.233,0.235,0.233,0.235,2165,0
NGG,5,20210305,092000,0.23,0.23,0.23,0.23,6029,0
NGG,5,20210305,092500,0.226,0.226,0.226,0.226,12000,0
NGG,5,20210305,093500,0.23,0.23,0.23,0.23,624,0
NGG,5,20210305,095000,0.228,0.228,0.228,0.228,49900,0
NGG,5,20210305,101000,0.23,0.234,0.23,0.234,1457,0
NGG,5,20210305,111000,0.231,0.231,0.231,0.231,1688,0
NGG,5,20210305,122000,0.233,0.233,0.233,0.233,4350,0
NGG,5,20210305,122500,0.234,0.234,0.234,0.234,12380,0
NGG,5,20210305,123000,0.235,0.235,0.235,0.235,1000,0
NGG,5,20210305,124000,0.235,0.236,0.235,0.236,8642,0
NGG,5,20210305,125000,0.233,0.233,0.232,0.232,10000,0
NGG,5,20210305,125500,0.232,0.232,0.232,0.232,1301,0
NGG,5,20210305,130000,0.232,0.232,0.232,0.232,1349,0
NGG,5,20210305,130500,0.231,0.231,0.23,0.23,48312,0
NGG,5,20210305,131000,0.235,0.235,0.235,0.235,900,0
NGG,5,20210305,132000,0.235,0.235,0.235,0.235,19350,0
NGG,5,20210305,132500,0.236,0.236,0.235,0.235,381,0
NGG,5,20210305,133000,0.235,0.235,0.235,0.235,100,0
NGG,5,20210305,141500,0.23,0.23,0.23,0.23,13195,0
NGG,5,20210305,145000,0.234,0.234,0.234,0.234,7887,0
NGG,5,20210305,152000,0.235,0.235,0.235,0.235,7000,0
NGG,5,20210305,152500,0.235,0.235,0.235,0.235,1894,0
NGG,5,20210305,154000,0.232,0.232,0.23,0.23,10000,0
NGG,5,20210305,155500,0.235,0.235,0.235,0.235,127,0
NGG,5,20210305,161000,0.235,0.235,0.235,0.235,5979,0
NGG,5,20210305,162000,0.236,0.236,0.236,0.236,197,0
NGG,5,20210305,164500,0.236,0.239,0.236,0.239,46697,0
NGG,5,20210308,090000,0.239,0.239,0.239,0.239,10000,0
NGG,5,20210308,090500,0.24,0.24,0.239,0.239,14535,0
NGG,5,20210308,091000,0.235,0.24,0.235,0.24,4941,0
NGG,5,20210308,091500,0.241,0.241,0.241,0.241,4563,0
NGG,5,20210308,092000,0.235,0.235,0.235,0.235,7548,0
NGG,5,20210308,092500,0.236,0.236,0.236,0.236,42,0
NGG,5,20210308,093500,0.24,0.241,0.236,0.241,16981,0
NGG,5,20210308,094000,0.24,0.243,0.24,0.243,12500,0
NGG,5,20210308,095000,0.243,0.243,0.243,0.243,8320,0
NGG,5,20210308,100000,0.243,0.243,0.243,0.243,10062,0
NGG,5,20210308,101000,0.243,0.244,0.243,0.244,35000,0
NGG,5,20210308,101500,0.244,0.245,0.244,0.245,4500,0
NGG,5,20210308,102000,0.245,0.246,0.245,0.246,40454,0
NGG,5,20210308,102500,0.249,0.249,0.249,0.249,2482,0
NGG,5,20210308,103500,0.248,0.248,0.248,0.248,22,0
NGG,5,20210308,105000,0.248,0.248,0.248,0.248,650,0
NGG,5,20210308,110500,0.248,0.248,0.248,0.248,11977,0
NGG,5,20210308,111500,0.249,0.249,0.249,0.249,22643,0
NGG,5,20210308,113500,0.246,0.246,0.246,0.246,3000,0
NGG,5,20210308,114000,0.246,0.246,0.246,0.246,3487,0
NGG,5,20210308,123500,0.248,0.248,0.248,0.248,2715,0
NGG,5,20210308,131000,0.245,0.245,0.24,0.24,20198,0
NGG,5,20210308,133500,0.247,0.248,0.247,0.248,22785,0
NGG,5,20210308,140000,0.249,0.249,0.249,0.249,452,0
NGG,5,20210308,140500,0.249,0.249,0.249,0.249,548,0
NGG,5,20210308,141000,0.249,0.249,0.249,0.249,54000,0
NGG,5,20210308,144500,0.249,0.249,0.249,0.249,4000,0
NGG,5,20210308,145000,0.249,0.249,0.249,0.249,5004,0
NGG,5,20210308,153500,0.249,0.249,0.249,0.249,4,0
NGG,5,20210308,154500,0.246,0.249,0.246,0.249,5775,0
NGG,5,20210308,155500,0.249,0.249,0.249,0.249,4225,0
NGG,5,20210308,162000,0.249,0.249,0.249,0.249,2050,0
NGG,5,20210308,163500,0.249,0.249,0.249,0.249,11500,0
NGG,5,20210308,164000,0.249,0.25,0.249,0.25,4000,0
NGG,5,20210308,164500,0.249,0.249,0.249,0.249,5100,0
NGG,5,20210309,090000,0.249,0.249,0.249,0.249,4000,0
NGG,5,20210309,091000,0.249,0.26,0.249,0.26,127258,0
NGG,5,20210309,091500,0.26,0.26,0.26,0.26,17711,0
NGG,5,20210309,092000,0.26,0.26,0.26,0.26,21586,0
NGG,5,20210309,092500,0.26,0.266,0.259,0.259,44202,0
NGG,5,20210309,093000,0.259,0.259,0.259,0.259,5098,0
NGG,5,20210309,094000,0.265,0.265,0.26,0.26,8000,0
NGG,5,20210309,094500,0.264,0.264,0.26,0.264,20000,0
NGG,5,20210309,095000,0.265,0.265,0.264,0.264,23500,0
NGG,5,20210309,095500,0.263,0.263,0.263,0.263,35000,0
NGG,5,20210309,100000,0.264,0.27,0.264,0.27,93916,0
NGG,5,20210309,100500,0.27,0.272,0.27,0.272,40000,0
NGG,5,20210309,101000,0.272,0.272,0.26,0.26,34849,0
NGG,5,20210309,101500,0.268,0.269,0.268,0.269,13000,0
NGG,5,20210309,102000,0.269,0.269,0.268,0.268,6500,0
NGG,5,20210309,102500,0.268,0.268,0.268,0.268,2440,0
NGG,5,20210309,103000,0.261,0.266,0.26,0.266,15400,0
NGG,5,20210309,103500,0.266,0.266,0.26,0.266,7562,0
NGG,5,20210309,104000,0.265,0.265,0.265,0.265,1905,0
NGG,5,20210309,104500,0.26,0.26,0.26,0.26,12060,0
NGG,5,20210309,105000,0.26,0.26,0.26,0.26,2038,0
NGG,5,20210309,105500,0.26,0.265,0.26,0.265,10490,0
NGG,5,20210309,110000,0.265,0.266,0.265,0.266,5000,0
NGG,5,20210309,110500,0.266,0.266,0.266,0.266,8271,0
NGG,5,20210309,111000,0.266,0.268,0.26,0.26,1103,0
NGG,5,20210309,112500,0.265,0.265,0.26,0.26,5750,0
NGG,5,20210309,113000,0.265,0.265,0.26,0.26,23809,0
NGG,5,20210309,113500,0.26,0.26,0.26,0.26,11000,0
NGG,5,20210309,114000,0.26,0.26,0.26,0.26,300,0
NGG,5,20210309,120000,0.264,0.264,0.264,0.264,5000,0
NGG,5,20210309,120500,0.26,0.26,0.26,0.26,130,0
NGG,5,20210309,121000,0.26,0.26,0.26,0.26,3900,0
NGG,5,20210309,121500,0.26,0.26,0.26,0.26,1970,0
NGG,5,20210309,122000,0.26,0.26,0.26,0.26,1030,0
NGG,5,20210309,122500,0.26,0.26,0.26,0.26,1970,0
NGG,5,20210309,123000,0.26,0.26,0.26,0.26,3400,0
NGG,5,20210309,123500,0.26,0.26,0.26,0.26,10470,0
NGG,5,20210309,124000,0.26,0.26,0.26,0.26,1130,0
NGG,5,20210309,124500,0.26,0.26,0.26,0.26,70,0
NGG,5,20210309,125500,0.257,0.257,0.257,0.257,2600,0
NGG,5,20210309,130500,0.257,0.257,0.256,0.256,10341,0
NGG,5,20210309,131000,0.258,0.258,0.258,0.258,5000,0
NGG,5,20210309,135500,0.257,0.257,0.255,0.255,50000,0
NGG,5,20210309,141000,0.258,0.258,0.258,0.258,9378,0
NGG,5,20210309,142500,0.256,0.256,0.255,0.255,25000,0
NGG,5,20210309,144000,0.256,0.256,0.256,0.256,888,0
NGG,5,20210309,145000,0.256,0.256,0.256,0.256,1268,0
NGG,5,20210309,145500,0.256,0.256,0.256,0.256,2000,0
NGG,5,20210309,151500,0.256,0.256,0.256,0.256,5000,0
NGG,5,20210309,152500,0.255,0.255,0.255,0.255,2000,0
NGG,5,20210309,162000,0.255,0.256,0.255,0.256,12000,0
NGG,5,20210309,163000,0.255,0.255,0.255,0.255,4000,0
NGG,5,20210309,163500,0.256,0.256,0.256,0.256,1140,0
NGG,5,20210309,164000,0.26,0.262,0.26,0.262,2050,0
NGG,5,20210309,165500,0.261,0.261,0.261,0.261,4877,0
NGG,5,20210310,090000,0.262,0.262,0.253,0.253,25623,0
NGG,5,20210310,090500,0.253,0.253,0.25,0.25,14607,0
NGG,5,20210310,091000,0.255,0.255,0.255,0.255,4000,0
NGG,5,20210310,092500,0.261,0.261,0.261,0.261,1787,0
NGG,5,20210310,094500,0.255,0.255,0.254,0.254,4800,0
NGG,5,20210310,102000,0.254,0.254,0.254,0.254,2100,0
NGG,5,20210310,103000,0.254,0.254,0.253,0.253,8271,0
NGG,5,20210310,111500,0.261,0.261,0.261,0.261,1,0
NGG,5,20210310,112500,0.256,0.256,0.252,0.252,15000,0
NGG,5,20210310,120000,0.252,0.252,0.252,0.252,10000,0
NGG,5,20210310,121000,0.249,0.249,0.249,0.249,2939,0
NGG,5,20210310,121500,0.247,0.247,0.247,0.247,11455,0
NGG,5,20210310,123500,0.257,0.257,0.248,0.248,50001,0
NGG,5,20210310,131500,0.249,0.249,0.248,0.248,11971,0
NGG,5,20210310,132000,0.248,0.248,0.248,0.248,2000,0
NGG,5,20210310,132500,0.248,0.248,0.248,0.248,1303,0
NGG,5,20210310,133000,0.254,0.254,0.254,0.254,1000,0
NGG,5,20210310,134500,0.254,0.255,0.254,0.255,20182,0
NGG,5,20210310,141000,0.254,0.254,0.248,0.248,24612,0
NGG,5,20210310,141500,0.255,0.255,0.255,0.255,150,0
NGG,5,20210310,143000,0.255,0.255,0.255,0.255,3000,0
NGG,5,20210310,144500,0.255,0.255,0.255,0.255,1565,0
NGG,5,20210310,150500,0.252,0.252,0.252,0.252,9000,0
NGG,5,20210310,152000,0.252,0.252,0.252,0.252,740,0
NGG,5,20210310,153000,0.252,0.252,0.252,0.252,460,0
NGG,5,20210310,154500,0.253,0.254,0.253,0.254,1450,0
NGG,5,20210310,160000,0.254,0.254,0.254,0.254,2000,0
NGG,5,20210310,164000,0.254,0.254,0.254,0.254,2000,0
NGG,5,20210310,164500,0.254,0.254,0.254,0.254,5880,0
NGG,5,20210311,090000,0.255,0.259,0.255,0.259,1100,0
NGG,5,20210311,091500,0.258,0.258,0.258,0.258,7728,0
NGG,5,20210311,092000,0.258,0.258,0.255,0.255,2406,0
NGG,5,20210311,093000,0.258,0.258,0.258,0.258,1135,0
NGG,5,20210311,095500,0.258,0.259,0.258,0.259,2100,0
NGG,5,20210311,101500,0.255,0.255,0.255,0.255,2500,0
NGG,5,20210311,105000,0.255,0.255,0.25,0.25,34004,0
NGG,5,20210311,110000,0.257,0.257,0.257,0.257,1900,0
NGG,5,20210311,111500,0.257,0.257,0.257,0.257,500,0
NGG,5,20210311,121000,0.25,0.257,0.25,0.257,2000,0
NGG,5,20210311,124500,0.251,0.251,0.251,0.251,2000,0
NGG,5,20210311,130500,0.256,0.256,0.256,0.256,1000,0
NGG,5,20210311,131000,0.256,0.256,0.256,0.256,405,0
NGG,5,20210311,133500,0.255,0.255,0.255,0.255,1000,0
NGG,5,20210311,134000,0.251,0.251,0.251,0.251,2000,0
NGG,5,20210311,135500,0.251,0.251,0.251,0.251,3000,0
NGG,5,20210311,144500,0.255,0.255,0.255,0.255,1977,0
NGG,5,20210311,153000,0.255,0.255,0.255,0.255,1123,0
NGG,5,20210311,160500,0.255,0.255,0.255,0.255,1500,0
NGG,5,20210311,164500,0.255,0.255,0.255,0.255,14600,0
NGG,5,20210312,090000,0.256,0.256,0.256,0.256,3500,0
NGG,5,20210312,090500,0.256,0.256,0.256,0.256,910,0
NGG,5,20210312,091500,0.256,0.256,0.256,0.256,885,0
NGG,5,20210312,093500,0.25,0.256,0.25,0.256,4370,0
NGG,5,20210312,094500,0.258,0.258,0.258,0.258,1872,0
NGG,5,20210312,095000,0.258,0.258,0.258,0.258,747,0
NGG,5,20210312,101000,0.251,0.251,0.251,0.251,4000,0
NGG,5,20210312,102500,0.251,0.251,0.251,0.251,6289,0
NGG,5,20210312,103000,0.25,0.25,0.25,0.25,62211,0
NGG,5,20210312,103500,0.25,0.25,0.248,0.248,8137,0
NGG,5,20210312,104000,0.248,0.248,0.247,0.247,22466,0
NGG,5,20210312,104500,0.246,0.246,0.245,0.245,22534,0
NGG,5,20210312,105000,0.245,0.245,0.242,0.242,20000,0
NGG,5,20210312,105500,0.252,0.252,0.241,0.249,50003,0
NGG,5,20210312,110000,0.248,0.248,0.248,0.248,9107,0
NGG,5,20210312,112500,0.252,0.252,0.252,0.252,5,0
NGG,5,20210312,115500,0.245,0.245,0.241,0.241,14300,0
NGG,5,20210312,120500,0.251,0.251,0.251,0.251,4000,0
NGG,5,20210312,122000,0.251,0.251,0.251,0.251,803,0
NGG,5,20210312,123000,0.243,0.243,0.243,0.243,9000,0
NGG,5,20210312,125000,0.244,0.244,0.241,0.241,25000,0
NGG,5,20210312,132500,0.251,0.251,0.251,0.251,1,0
NGG,5,20210312,135000,0.251,0.251,0.251,0.251,12105,0
NGG,5,20210312,143000,0.252,0.252,0.252,0.252,1,0
NGG,5,20210312,144500,0.25,0.25,0.245,0.245,4555,0
NGG,5,20210312,150500,0.246,0.246,0.246,0.246,9900,0
NGG,5,20210312,151500,0.249,0.249,0.249,0.249,2125,0
NGG,5,20210312,153000,0.248,0.248,0.248,0.248,1390,0
NGG,5,20210312,160000,0.249,0.249,0.249,0.249,2000,0
NGG,5,20210312,160500,0.249,0.249,0.249,0.249,2033,0
NGG,5,20210312,163500,0.249,0.249,0.249,0.249,2552,0
NGG,5,20210312,164500,0.25,0.25,0.25,0.25,944,0
NGG,5,20210315,090000,0.251,0.251,0.245,0.245,12000,0
NGG,5,20210315,090500,0.245,0.25,0.245,0.25,1060,0
NGG,5,20210315,091000,0.245,0.245,0.243,0.243,7000,0
NGG,5,20210315,091500,0.248,0.248,0.248,0.248,3000,0
NGG,5,20210315,092000,0.249,0.249,0.249,0.249,5330,0
NGG,5,20210315,093000,0.25,0.25,0.25,0.25,16000,0
NGG,5,20210315,093500,0.25,0.25,0.25,0.25,450,0
NGG,5,20210315,101000,0.246,0.246,0.246,0.246,500,0
NGG,5,20210315,103500,0.25,0.25,0.25,0.25,608,0
NGG,5,20210315,110000,0.25,0.251,0.25,0.251,5717,0
NGG,5,20210315,113500,0.251,0.251,0.251,0.251,1000,0
NGG,5,20210315,114500,0.251,0.251,0.251,0.251,297,0
NGG,5,20210315,115000,0.246,0.246,0.246,0.246,630,0
NGG,5,20210315,132500,0.246,0.246,0.246,0.246,12208,0
NGG,5,20210315,140000,0.246,0.246,0.245,0.245,5000,0
NGG,5,20210315,141500,0.245,0.245,0.245,0.245,12217,0
NGG,5,20210315,142500,0.243,0.243,0.243,0.243,200,0
NGG,5,20210315,145000,0.245,0.245,0.245,0.245,4783,0
NGG,5,20210315,150000,0.248,0.248,0.248,0.248,5500,0
NGG,5,20210315,151500,0.245,0.245,0.245,0.245,1107,0
NGG,5,20210315,153000,0.245,0.249,0.244,0.249,15004,0
NGG,5,20210315,153500,0.245,0.245,0.245,0.245,6000,0
NGG,5,20210315,160000,0.245,0.245,0.245,0.245,8409,0
NGG,5,20210315,162000,0.245,0.245,0.245,0.245,2700,0
NGG,5,20210315,164000,0.245,0.245,0.245,0.245,5333,0
NGG,5,20210316,090000,0.25,0.25,0.25,0.25,25730,0
NGG,5,20210316,090500,0.245,0.245,0.245,0.245,35100,0
NGG,5,20210316,091500,0.245,0.245,0.245,0.245,113,0
NGG,5,20210316,095000,0.249,0.249,0.249,0.249,800,0
NGG,5,20210316,102500,0.245,0.245,0.245,0.245,5000,0
NGG,5,20210316,104000,0.245,0.245,0.245,0.245,1269,0
NGG,5,20210316,105500,0.244,0.244,0.244,0.244,3994,0
NGG,5,20210316,110000,0.245,0.245,0.245,0.245,1100,0
NGG,5,20210316,110500,0.245,0.245,0.243,0.243,2133,0
NGG,5,20210316,111500,0.243,0.243,0.243,0.243,5000,0
NGG,5,20210316,113000,0.245,0.245,0.245,0.245,2000,0
NGG,5,20210316,131000,0.246,0.246,0.246,0.246,2763,0
NGG,5,20210316,131500,0.246,0.246,0.246,0.246,2237,0
NGG,5,20210316,132000,0.249,0.249,0.249,0.249,2010,0
NGG,5,20210316,132500,0.249,0.249,0.249,0.249,1334,0
NGG,5,20210316,134500,0.246,0.246,0.246,0.246,1698,0
NGG,5,20210316,145000,0.247,0.247,0.247,0.247,3000,0
NGG,5,20210316,145500,0.246,0.246,0.246,0.246,2000,0
NGG,5,20210316,151000,0.246,0.246,0.245,0.245,2100,0
NGG,5,20210316,152500,0.245,0.247,0.245,0.247,16702,0
NGG,5,20210316,153500,0.247,0.247,0.247,0.247,856,0
NGG,5,20210316,155000,0.247,0.247,0.247,0.247,144,0
NGG,5,20210316,155500,0.248,0.248,0.248,0.248,2018,0
NGG,5,20210316,162500,0.243,0.243,0.243,0.243,6437,0
NGG,5,20210316,164500,0.248,0.248,0.248,0.248,8001,0
NGG,5,20210317,090000,0.248,0.248,0.248,0.248,100,0
NGG,5,20210317,090500,0.244,0.244,0.244,0.244,3854,0
NGG,5,20210317,091500,0.247,0.248,0.247,0.248,14029,0
NGG,5,20210317,093000,0.244,0.244,0.244,0.244,3000,0
NGG,5,20210317,095500,0.244,0.244,0.243,0.243,3000,0
NGG,5,20210317,100000,0.246,0.246,0.246,0.246,397,0
NGG,5,20210317,100500,0.246,0.246,0.246,0.246,8403,0
NGG,5,20210317,101000,0.248,0.248,0.248,0.248,540,0
NGG,5,20210317,105000,0.244,0.244,0.243,0.243,4290,0
NGG,5,20210317,114000,0.243,0.243,0.243,0.243,350,0
NGG,5,20210317,115000,0.244,0.247,0.244,0.247,8214,0
NGG,5,20210317,115500,0.247,0.247,0.247,0.247,65,0
NGG,5,20210317,124000,0.247,0.247,0.247,0.247,935,0
NGG,5,20210317,130000,0.244,0.244,0.244,0.244,10000,0
NGG,5,20210317,131500,0.244,0.244,0.244,0.244,1000,0
NGG,5,20210317,132500,0.244,0.244,0.243,0.243,2834,0
NGG,5,20210317,142500,0.243,0.243,0.243,0.243,4411,0
NGG,5,20210317,143000,0.243,0.243,0.243,0.243,3460,0
NGG,5,20210317,145500,0.243,0.243,0.243,0.243,1082,0
NGG,5,20210317,151000,0.243,0.243,0.243,0.243,403,0
NGG,5,20210317,152000,0.245,0.245,0.243,0.243,7900,0
NGG,5,20210317,153000,0.244,0.244,0.244,0.244,3000,0
NGG,5,20210317,160500,0.244,0.245,0.241,0.241,3975,0
NGG,5,20210317,163500,0.245,0.245,0.245,0.245,1,0
NGG,5,20210318,090000,0.245,0.245,0.241,0.241,12000,0
NGG,5,20210318,091500,0.241,0.241,0.24,0.24,21838,0
NGG,5,20210318,092000,0.24,0.24,0.24,0.24,3162,0
NGG,5,20210318,093500,0.244,0.244,0.24,0.24,2171,0
NGG,5,20210318,094500,0.238,0.238,0.238,0.238,8162,0
NGG,5,20210318,104000,0.24,0.24,0.237,0.237,20000,0
NGG,5,20210318,120000,0.243,0.243,0.243,0.243,1000,0
NGG,5,20210318,121000,0.243,0.243,0.243,0.243,2872,0
NGG,5,20210318,131000,0.243,0.243,0.243,0.243,4128,0
NGG,5,20210318,140500,0.242,0.242,0.242,0.242,3000,0
NGG,5,20210318,142000,0.242,0.242,0.242,0.242,2667,0
NGG,5,20210318,142500,0.243,0.243,0.243,0.243,1483,0
NGG,5,20210318,154500,0.243,0.243,0.243,0.243,680,0
NGG,5,20210319,090500,0.237,0.237,0.237,0.237,300,0
NGG,5,20210319,092500,0.243,0.243,0.243,0.243,1885,0
NGG,5,20210319,102000,0.238,0.238,0.237,0.237,7324,0
NGG,5,20210319,104500,0.24,0.24,0.24,0.24,840,0
NGG,5,20210319,105500,0.242,0.242,0.24,0.24,22700,0
NGG,5,20210319,110500,0.242,0.242,0.242,0.242,5000,0
NGG,5,20210319,111500,0.244,0.244,0.244,0.244,1350,0
NGG,5,20210319,112000,0.244,0.244,0.244,0.244,1800,0
NGG,5,20210319,115000,0.24,0.24,0.24,0.24,8000,0
NGG,5,20210319,121500,0.243,0.244,0.243,0.244,5700,0
NGG,5,20210319,130500,0.24,0.24,0.238,0.238,19861,0
NGG,5,20210319,132500,0.244,0.244,0.244,0.244,1,0
NGG,5,20210319,134500,0.24,0.24,0.24,0.24,20000,0
NGG,5,20210319,142500,0.24,0.24,0.24,0.24,200,0
NGG,5,20210319,143000,0.24,0.24,0.24,0.24,20000,0
NGG,5,20210319,152000,0.244,0.244,0.244,0.244,4592,0
NGG,5,20210319,152500,0.24,0.24,0.24,0.24,21980,0
NGG,5,20210319,154000,0.24,0.244,0.24,0.244,28030,0
NGG,5,20210319,154500,0.248,0.248,0.248,0.248,1,0
NGG,5,20210319,155000,0.238,0.238,0.238,0.238,4592,0
NGG,5,20210319,160000,0.24,0.248,0.24,0.248,3001,0
NGG,5,20210319,162500,0.247,0.247,0.247,0.247,556,0
NGG,5,20210319,164000,0.247,0.248,0.247,0.248,8706,0
NGG,5,20210319,164500,0.248,0.248,0.247,0.247,16200,0
NGG,5,20210322,090500,0.248,0.249,0.248,0.249,1500,0
NGG,5,20210322,091000,0.249,0.249,0.249,0.249,984,0
NGG,5,20210322,094000,0.241,0.241,0.241,0.241,500,0
NGG,5,20210322,094500,0.238,0.238,0.238,0.238,6008,0
NGG,5,20210322,095000,0.241,0.241,0.241,0.241,1000,0
NGG,5,20210322,100500,0.24,0.241,0.24,0.241,4050,0
NGG,5,20210322,101000,0.241,0.241,0.241,0.241,27932,0
NGG,5,20210322,101500,0.24,0.24,0.24,0.24,3000,0
NGG,5,20210322,105500,0.244,0.244,0.244,0.244,3000,0
NGG,5,20210322,113000,0.244,0.244,0.244,0.244,761,0
NGG,5,20210322,114500,0.244,0.244,0.244,0.244,622,0
NGG,5,20210322,120500,0.244,0.246,0.244,0.246,4001,0
NGG,5,20210322,122000,0.244,0.244,0.244,0.244,14000,0
NGG,5,20210322,122500,0.242,0.242,0.242,0.242,2100,0
NGG,5,20210322,123500,0.242,0.242,0.242,0.242,4000,0
NGG,5,20210322,124500,0.242,0.242,0.242,0.242,2100,0
NGG,5,20210322,135500,0.246,0.246,0.246,0.246,40,0
NGG,5,20210322,140500,0.246,0.246,0.246,0.246,500,0
NGG,5,20210322,142000,0.246,0.246,0.246,0.246,500,0
NGG,5,20210322,143000,0.242,0.249,0.242,0.249,31800,0
NGG,5,20210322,145000,0.249,0.249,0.249,0.249,3000,0
NGG,5,20210322,145500,0.249,0.249,0.249,0.249,500,0
NGG,5,20210322,154500,0.246,0.248,0.245,0.248,13469,0
NGG,5,20210322,155000,0.249,0.249,0.249,0.249,2630,0
NGG,5,20210322,160500,0.249,0.249,0.245,0.245,2300,0
NGG,5,20210322,163000,0.245,0.245,0.245,0.245,4000,0
NGG,5,20210322,164000,0.245,0.245,0.245,0.245,1000,0
NGG,5,20210322,164500,0.244,0.244,0.244,0.244,14090,0
NGG,5,20210323,090000,0.23,0.239,0.23,0.23,90546,0
NGG,5,20210323,090500,0.233,0.233,0.228,0.233,28325,0
NGG,5,20210323,091000,0.23,0.23,0.223,0.223,51000,0
NGG,5,20210323,091500,0.225,0.228,0.225,0.228,23867,0
NGG,5,20210323,092000,0.229,0.229,0.226,0.226,13100,0
NGG,5,20210323,093000,0.227,0.227,0.226,0.227,8948,0
NGG,5,20210323,093500,0.227,0.227,0.227,0.227,3144,0
NGG,5,20210323,094000,0.227,0.228,0.227,0.228,7577,0
NGG,5,20210323,094500,0.228,0.23,0.228,0.23,21684,0
NGG,5,20210323,095000,0.23,0.23,0.23,0.23,9311,0
NGG,5,20210323,095500,0.226,0.226,0.226,0.226,10000,0
NGG,5,20210323,100500,0.23,0.23,0.23,0.23,4348,0
NGG,5,20210323,101000,0.23,0.23,0.23,0.23,5000,0
NGG,5,20210323,101500,0.23,0.23,0.23,0.23,1341,0
NGG,5,20210323,102000,0.234,0.235,0.234,0.235,19049,0
NGG,5,20210323,102500,0.235,0.235,0.234,0.234,3084,0
NGG,5,20210323,105500,0.234,0.234,0.234,0.234,2000,0
NGG,5,20210323,111500,0.234,0.234,0.234,0.234,2400,0
NGG,5,20210323,113000,0.234,0.234,0.234,0.234,8750,0
NGG,5,20210323,114500,0.234,0.234,0.234,0.234,1268,0
NGG,5,20210323,120000,0.23,0.23,0.23,0.23,6000,0
NGG,5,20210323,120500,0.234,0.234,0.234,0.234,841,0
NGG,5,20210323,121000,0.234,0.239,0.234,0.239,52383,0
NGG,5,20210323,121500,0.239,0.247,0.239,0.242,56471,0
NGG,5,20210323,122000,0.246,0.247,0.242,0.242,51480,0
NGG,5,20210323,122500,0.242,0.242,0.242,0.242,6053,0
NGG,5,20210323,123000,0.245,0.247,0.245,0.247,55024,0
NGG,5,20210323,123500,0.247,0.249,0.247,0.247,35154,0
NGG,5,20210323,124500,0.245,0.249,0.245,0.249,2500,0
NGG,5,20210323,143500,0.247,0.247,0.247,0.247,911,0
NGG,5,20210323,152500,0.246,0.246,0.236,0.236,4130,0
NGG,5,20210323,154000,0.24,0.24,0.24,0.24,2500,0
NGG,5,20210323,162500,0.245,0.245,0.245,0.245,1,0
NGG,5,20210323,163500,0.243,0.243,0.243,0.243,75,0
NGG,5,20210323,164000,0.236,0.236,0.235,0.235,10000,0
NGG,5,20210323,164500,0.245,0.245,0.245,0.245,1,0
NGG,5,20210323,165500,0.245,0.245,0.245,0.245,4000,0
NGG,5,20210324,090000,0.235,0.235,0.235,0.235,628,0
NGG,5,20210324,090500,0.235,0.235,0.235,0.235,53,0
NGG,5,20210324,091500,0.235,0.24,0.235,0.24,55,0
NGG,5,20210324,092500,0.24,0.24,0.24,0.24,1000,0
NGG,5,20210324,093000,0.24,0.24,0.24,0.24,1302,0
NGG,5,20210324,095500,0.238,0.238,0.238,0.238,1562,0
NGG,5,20210324,102000,0.233,0.233,0.231,0.231,25000,0
NGG,5,20210324,103000,0.231,0.231,0.231,0.231,2133,0
NGG,5,20210324,105000,0.238,0.238,0.238,0.238,5000,0
NGG,5,20210324,105500,0.238,0.238,0.238,0.238,2500,0
NGG,5,20210324,111000,0.238,0.238,0.238,0.238,7000,0
NGG,5,20210324,111500,0.232,0.238,0.232,0.238,5001,0
NGG,5,20210324,112500,0.232,0.232,0.232,0.232,3420,0
NGG,5,20210324,113000,0.232,0.232,0.23,0.23,45963,0
NGG,5,20210324,113500,0.23,0.23,0.23,0.23,4037,0
NGG,5,20210324,114000,0.23,0.23,0.228,0.228,10963,0
NGG,5,20210324,115000,0.227,0.227,0.227,0.227,5000,0
NGG,5,20210324,115500,0.235,0.235,0.235,0.235,7038,0
NGG,5,20210324,121000,0.235,0.235,0.235,0.235,314,0
NGG,5,20210324,122000,0.235,0.235,0.235,0.235,1348,0
NGG,5,20210324,122500,0.229,0.229,0.229,0.229,24000,0
NGG,5,20210324,124000,0.235,0.236,0.235,0.236,4000,0
NGG,5,20210324,125000,0.235,0.235,0.235,0.235,5000,0
NGG,5,20210324,125500,0.228,0.228,0.227,0.227,50000,0
NGG,5,20210324,130000,0.227,0.227,0.227,0.227,14000,0
NGG,5,20210324,130500,0.235,0.235,0.235,0.235,500,0
NGG,5,20210324,133500,0.235,0.235,0.235,0.235,1262,0
NGG,5,20210324,135000,0.228,0.228,0.226,0.226,30000,0
NGG,5,20210324,141000,0.23,0.23,0.23,0.23,4300,0
NGG,5,20210324,142000,0.23,0.233,0.228,0.228,13880,0
NGG,5,20210324,144500,0.229,0.229,0.228,0.228,6020,0
NGG,5,20210324,145000,0.227,0.227,0.226,0.226,13775,0
NGG,5,20210324,150000,0.233,0.233,0.233,0.233,1,0
NGG,5,20210324,150500,0.226,0.235,0.226,0.235,9766,0
NGG,5,20210324,151500,0.227,0.227,0.227,0.227,9000,0
NGG,5,20210324,152000,0.231,0.231,0.231,0.231,5000,0
NGG,5,20210324,153000,0.232,0.232,0.232,0.232,4000,0
NGG,5,20210324,154000,0.235,0.235,0.235,0.235,1309,0
NGG,5,20210324,154500,0.235,0.235,0.235,0.235,10582,0
NGG,5,20210324,155500,0.235,0.238,0.235,0.238,5795,0
NGG,5,20210324,160000,0.238,0.238,0.238,0.238,12000,0
NGG,5,20210324,161000,0.238,0.238,0.238,0.238,4000,0
NGG,5,20210324,163000,0.238,0.238,0.238,0.238,10000,0
NGG,5,20210324,164500,0.235,0.235,0.235,0.235,2389,0
NGG,5,20210325,090000,0.23,0.23,0.226,0.226,11400,0
NGG,5,20210325,091000,0.235,0.239,0.235,0.239,1613,0
NGG,5,20210325,094000,0.237,0.239,0.237,0.239,2500,0
NGG,5,20210325,103500,0.23,0.23,0.23,0.23,3500,0
NGG,5,20210325,105000,0.235,0.235,0.235,0.235,688,0
NGG,5,20210325,110000,0.235,0.235,0.235,0.235,57,0
NGG,5,20210325,111000,0.229,0.229,0.229,0.229,4150,0
NGG,5,20210325,114000,0.229,0.229,0.229,0.229,500,0
NGG,5,20210325,115000,0.229,0.229,0.229,0.229,5000,0
NGG,5,20210325,121500,0.23,0.23,0.211,0.229,264645,0
NGG,5,20210325,123500,0.225,0.225,0.225,0.225,1000,0
NGG,5,20210325,124000,0.224,0.224,0.224,0.224,10000,0
NGG,5,20210325,125000,0.224,0.224,0.224,0.224,4700,0
NGG,5,20210325,125500,0.224,0.224,0.22,0.22,6300,0
NGG,5,20210325,130000,0.22,0.22,0.22,0.22,222,0
NGG,5,20210325,130500,0.224,0.224,0.224,0.224,666,0
NGG,5,20210325,131000,0.224,0.224,0.224,0.224,830,0
NGG,5,20210325,135000,0.225,0.225,0.225,0.225,6200,0
NGG,5,20210325,142000,0.226,0.226,0.226,0.226,10571,0
NGG,5,20210325,150500,0.227,0.227,0.227,0.227,5999,0
NGG,5,20210325,151500,0.23,0.23,0.23,0.23,8800,0
NGG,5,20210326,090000,0.233,0.233,0.233,0.233,10904,0
NGG,5,20210326,092000,0.23,0.23,0.23,0.23,13000,0
NGG,5,20210326,095000,0.23,0.23,0.23,0.23,3955,0
NGG,5,20210326,102500,0.226,0.226,0.226,0.226,6000,0
NGG,5,20210326,105500,0.23,0.23,0.23,0.23,827,0
NGG,5,20210326,110500,0.23,0.23,0.23,0.23,840,0
NGG,5,20210326,112500,0.226,0.226,0.226,0.226,1530,0
NGG,5,20210326,140500,0.228,0.228,0.228,0.228,4365,0
NGG,5,20210326,141500,0.227,0.227,0.227,0.227,14846,0
NGG,5,20210326,142000,0.23,0.23,0.23,0.23,22,0
NGG,5,20210326,150500,0.226,0.226,0.226,0.226,5000,0
NGG,5,20210326,151000,0.229,0.23,0.229,0.23,13611,0
NGG,5,20210326,152500,0.232,0.232,0.232,0.232,500,0
NGG,5,20210326,153500,0.23,0.23,0.23,0.23,10000,0
NGG,5,20210326,163000,0.228,0.228,0.228,0.228,8000,0
NGG,5,20210326,164500,0.232,0.232,0.232,0.232,1,0
