<TICKER>,<PER>,<DATE>,<TIME>,<OPEN>,<HIGH>,<LOW>,<CLOSE>,<VOL>,<OPENINT>
NOV,5,20210205,091000,0.63,0.63,0.63,0.63,3174,0
NOV,5,20210205,162000,0.63,0.65,0.63,0.65,200,0
NOV,5,20210208,104500,0.65,0.65,0.65,0.65,300,0
NOV,5,20210208,111500,0.65,0.66,0.65,0.66,2000,0
NOV,5,20210208,115000,0.66,0.68,0.66,0.68,7575,0
NOV,5,20210208,133000,0.695,0.72,0.695,0.72,3300,0
NOV,5,20210209,090500,0.64,0.7,0.6,0.7,6001,0
NOV,5,20210209,102000,0.66,0.7,0.66,0.7,1699,0
NOV,5,20210209,105000,0.645,0.645,0.61,0.61,5000,0
NOV,5,20210209,112500,0.66,0.66,0.66,0.66,1,0
NOV,5,20210209,120500,0.625,0.625,0.625,0.625,4345,0
NOV,5,20210209,144500,0.655,0.66,0.655,0.66,2154,0
NOV,5,20210209,163500,0.66,0.66,0.66,0.66,500,0
NOV,5,20210209,164000,0.66,0.68,0.66,0.68,70,0
NOV,5,20210210,103000,0.645,0.645,0.64,0.64,2308,0
NOV,5,20210210,103500,0.645,0.68,0.645,0.68,3300,0
NOV,5,20210210,115500,0.66,0.66,0.66,0.66,2250,0
NOV,5,20210210,140000,0.68,0.695,0.68,0.695,1499,0
NOV,5,20210211,093000,0.695,0.695,0.695,0.695,500,0
NOV,5,20210212,114500,0.65,0.745,0.65,0.745,7438,0
NOV,5,20210212,115000,0.745,0.745,0.745,0.745,100,0
NOV,5,20210212,135000,0.745,0.745,0.745,0.745,2500,0
NOV,5,20210215,090000,0.81,0.81,0.81,0.81,10554,0
NOV,5,20210215,090500,0.93,0.97,0.93,0.97,18002,0
NOV,5,20210215,092500,0.95,0.95,0.89,0.89,7300,0
NOV,5,20210215,093000,0.89,0.89,0.89,0.89,2700,0
NOV,5,20210215,093500,0.89,0.89,0.89,0.89,1317,0
NOV,5,20210215,095000,0.89,0.89,0.89,0.89,156,0
NOV,5,20210215,095500,0.89,0.89,0.89,0.89,400,0
NOV,5,20210215,103500,0.89,0.89,0.89,0.89,500,0
NOV,5,20210215,104000,0.89,0.89,0.89,0.89,1000,0
NOV,5,20210215,104500,0.89,0.89,0.89,0.89,500,0
NOV,5,20210215,111500,0.89,0.89,0.89,0.89,400,0
NOV,5,20210215,150000,0.89,0.91,0.89,0.91,1299,0
NOV,5,20210215,153000,0.91,0.91,0.91,0.91,258,0
NOV,5,20210215,161500,0.91,0.915,0.91,0.915,1442,0
NOV,5,20210215,162000,0.955,0.955,0.955,0.955,158,0
NOV,5,20210216,090000,0.98,0.98,0.98,0.98,1465,0
NOV,5,20210216,092500,1.1,1.17,1.1,1.17,641,0
NOV,5,20210216,095000,1.1,1.1,1.1,1.1,7696,0
NOV,5,20210216,095500,1.1,1.1,1.1,1.1,2304,0
NOV,5,20210216,102000,1.11,1.11,1.11,1.11,100,0
NOV,5,20210216,114000,0.99,0.99,0.99,0.99,300,0
NOV,5,20210216,120000,0.99,0.99,0.99,0.99,2125,0
NOV,5,20210216,142000,0.99,0.99,0.99,0.99,500,0
NOV,5,20210216,151000,0.99,0.99,0.99,0.99,10,0
NOV,5,20210216,164500,0.99,0.99,0.99,0.99,1665,0
NOV,5,20210217,094000,0.82,0.82,0.82,0.82,1,0
NOV,5,20210217,101000,0.98,0.98,0.98,0.98,16,0
NOV,5,20210218,090000,0.83,0.83,0.83,0.83,1,0
NOV,5,20210218,104000,0.98,0.98,0.98,0.98,50,0
NOV,5,20210218,164000,0.83,0.83,0.83,0.83,1,0
NOV,5,20210219,090000,0.83,0.83,0.83,0.83,1,0
NOV,5,20210219,093000,0.955,0.955,0.955,0.955,300,0
NOV,5,20210219,105000,0.9,0.9,0.9,0.9,500,0
NOV,5,20210219,120000,0.9,0.93,0.9,0.93,3681,0
NOV,5,20210222,090500,0.84,0.84,0.84,0.84,1,0
NOV,5,20210223,124500,0.88,0.88,0.88,0.88,1177,0
NOV,5,20210223,161500,0.88,0.88,0.88,0.88,560,0
NOV,5,20210224,144000,0.88,0.88,0.88,0.88,1000,0
NOV,5,20210225,163500,0.89,0.89,0.89,0.89,1001,0
NOV,5,20210226,090000,0.92,0.92,0.92,0.92,727,0
NOV,5,20210301,123500,1,1,1,1,200,0
NOV,5,20210301,134000,1,1,1,1,2500,0
NOV,5,20210302,095000,0.98,0.98,0.98,0.98,110,0
NOV,5,20210302,102500,0.93,0.93,0.93,0.93,116,0
NOV,5,20210303,120500,0.93,0.93,0.93,0.93,3319,0
NOV,5,20210303,145500,0.89,0.89,0.88,0.88,202,0
NOV,5,20210303,154500,0.89,0.89,0.8,0.8,103,0
NOV,5,20210303,155000,0.89,0.89,0.89,0.89,1273,0
NOV,5,20210303,164500,0.805,0.805,0.805,0.805,2,0
NOV,5,20210304,090000,0.815,0.815,0.815,0.815,1,0
NOV,5,20210304,120500,0.85,0.85,0.85,0.85,750,0
NOV,5,20210305,090000,0.84,0.84,0.84,0.84,2500,0
NOV,5,20210305,112500,0.84,0.9,0.84,0.9,2499,0
NOV,5,20210305,152500,0.99,0.99,0.99,0.99,6,0
NOV,5,20210308,101000,0.99,0.99,0.99,0.99,747,0
NOV,5,20210308,101500,1.08,1.08,1.08,1.08,1333,0
NOV,5,20210308,104500,1.02,1.02,1.02,1.02,2917,0
NOV,5,20210308,123000,0.99,0.99,0.86,0.86,1591,0
NOV,5,20210308,135000,1,1,1,1,2840,0
NOV,5,20210308,151500,1,1,1,1,3857,0
NOV,5,20210309,090000,0.91,0.91,0.91,0.91,1,0
NOV,5,20210309,103000,0.91,0.91,0.91,0.91,1,0
NOV,5,20210309,133500,1.05,1.05,1.05,1.05,400,0
NOV,5,20210309,135500,1,1,0.99,0.99,668,0
NOV,5,20210309,164500,0.91,0.91,0.91,0.91,25,0
NOV,5,20210311,163000,0.93,0.93,0.93,0.93,1421,0
NOV,5,20210317,112000,1.04,1.04,1.04,1.04,315,0
NOV,5,20210317,123500,1.03,1.03,1.03,1.03,95,0
NOV,5,20210317,131500,0.94,0.94,0.94,0.94,130,0
NOV,5,20210317,151500,0.94,0.94,0.94,0.94,2600,0
NOV,5,20210318,133000,0.94,0.94,0.925,0.925,5823,0
NOV,5,20210318,164500,0.87,0.87,0.87,0.87,1000,0
NOV,5,20210319,102000,0.97,0.97,0.97,0.97,20,0
NOV,5,20210319,111000,0.9,0.9,0.9,0.9,1300,0
NOV,5,20210319,164000,0.94,0.97,0.94,0.97,10000,0
NOV,5,20210319,164500,0.97,1.03,0.97,1.03,135,0
NOV,5,20210322,090000,1,1,1,1,30,0
NOV,5,20210322,091500,1,1,1,1,300,0
NOV,5,20210323,090000,1.05,1.05,1.05,1.05,953,0
NOV,5,20210324,091500,1.05,1.1,1.05,1.1,3800,0
NOV,5,20210325,090000,1.09,1.09,1.09,1.09,910,0
NOV,5,20210325,121500,1.01,1.01,1.01,1.01,1851,0
NOV,5,20210325,164500,1.09,1.14,1.09,1.14,3149,0
NOV,5,20210326,090000,1.14,1.14,1.14,1.14,1500,0
NOV,5,20210326,092500,1.15,1.15,1.15,1.15,866,0
NOV,5,20210326,093000,1.15,1.15,1.15,1.15,866,0
NOV,5,20210326,093500,1.15,1.15,1.15,1.15,2091,0
NOV,5,20210326,094000,1.15,1.15,1.15,1.15,866,0
NOV,5,20210326,095000,1.15,1.15,1.15,1.15,1262,0
NOV,5,20210326,095500,1.17,1.19,1.17,1.19,2528,0
NOV,5,20210326,112500,1.19,1.19,1.19,1.19,120,0
NOV,5,20210326,143500,1.19,1.19,1.19,1.19,827,0
NOV,5,20210326,144000,1.2,1.2,1.2,1.2,71,0
NOV,5,20210326,152500,1.2,1.2,1.2,1.2,30,0
NOV,5,20210326,155000,1.2,1.2,1.2,1.2,670,0
NOV,5,20210326,161500,1.2,1.23,1.2,1.23,2500,0
NOV,5,20210326,164500,1.23,1.23,1.23,1.23,150,0
