<TICKER>,<PER>,<DATE>,<TIME>,<OPEN>,<HIGH>,<LOW>,<CLOSE>,<VOL>,<OPENINT>
NRS,5,20210204,121500,3.8,3.8,3.8,3.8,1000,0
NRS,5,20210204,133500,3.96,3.96,3.96,3.96,25,0
NRS,5,20210204,161000,3.84,3.84,3.8,3.8,950,0
NRS,5,20210205,132000,3.8,3.8,3.8,3.8,1,0
NRS,5,20210205,133000,3.9,3.9,3.9,3.9,5,0
NRS,5,20210205,133500,3.8,3.8,3.8,3.8,410,0
NRS,5,20210208,120000,3.9,3.9,3.9,3.9,395,0
NRS,5,20210208,133500,3.9,3.9,3.9,3.9,950,0
NRS,5,20210208,141500,4,4.22,4,4.22,1150,0
NRS,5,20210208,150500,4.2,4.2,4.2,4.2,250,0
NRS,5,20210209,091500,4,4,4,4,500,0
NRS,5,20210209,093500,4.2,4.2,4.2,4.2,25,0
NRS,5,20210209,103000,4,4,4,4,405,0
NRS,5,20210209,104000,4.18,4.2,4.18,4.2,500,0
NRS,5,20210209,112500,4.2,4.2,4.2,4.2,100,0
NRS,5,20210209,131000,4.02,4.02,4,4,900,0
NRS,5,20210210,090000,4,4,4,4,25,0
NRS,5,20210210,143500,3.94,3.94,3.94,3.94,600,0
NRS,5,20210210,145000,4,4,4,4,25,0
NRS,5,20210210,164500,4,4,4,4,150,0
NRS,5,20210211,130500,4,4,4,4,43,0
NRS,5,20210211,131000,3.82,3.82,3.8,3.8,1150,0
NRS,5,20210211,134500,3.82,3.82,3.82,3.82,500,0
NRS,5,20210211,141000,3.8,3.8,3.8,3.8,39,0
NRS,5,20210211,142500,3.8,3.8,3.8,3.8,500,0
NRS,5,20210211,143000,3.8,3.8,3.8,3.8,350,0
NRS,5,20210211,145000,3.8,3.8,3.8,3.8,99,0
NRS,5,20210211,145500,3.98,3.98,3.98,3.98,1,0
NRS,5,20210211,151000,3.82,3.82,3.82,3.82,500,0
NRS,5,20210211,160500,3.82,3.82,3.82,3.82,500,0
NRS,5,20210212,095500,3.74,3.8,3.72,3.8,1001,0
NRS,5,20210212,112000,3.62,3.62,3.5,3.5,2000,0
NRS,5,20210212,120000,3.68,3.68,3.68,3.68,800,0
NRS,5,20210212,131500,3.7,3.7,3.7,3.7,450,0
NRS,5,20210215,114500,3.7,3.7,3.7,3.7,500,0
NRS,5,20210215,115000,3.6,3.6,3.6,3.6,800,0
NRS,5,20210215,135500,3.54,3.54,3.5,3.5,1800,0
NRS,5,20210215,141500,3.5,3.5,3.26,3.26,2000,0
NRS,5,20210215,143000,3.6,3.6,3.6,3.6,500,0
NRS,5,20210216,094500,3.6,3.98,3.6,3.98,600,0
NRS,5,20210216,101500,3.6,3.6,3.5,3.5,1000,0
NRS,5,20210216,113500,3.44,3.44,3.44,3.44,420,0
NRS,5,20210216,122000,3.44,3.44,3.44,3.44,400,0
NRS,5,20210216,132500,3.46,3.46,3.46,3.46,500,0
NRS,5,20210216,150500,3.46,3.46,3.44,3.44,900,0
NRS,5,20210216,164000,3.58,3.58,3.58,3.58,1,0
NRS,5,20210217,154500,3.5,3.5,3.4,3.4,900,0
NRS,5,20210218,090000,3.56,3.56,3.56,3.56,40,0
NRS,5,20210218,114000,3.54,3.54,3.54,3.54,649,0
NRS,5,20210218,121000,3.56,3.6,3.56,3.6,500,0
NRS,5,20210218,122500,3.56,3.56,3.56,3.56,500,0
NRS,5,20210218,145000,3.56,3.56,3.56,3.56,740,0
NRS,5,20210218,145500,3.6,3.6,3.6,3.6,5,0
NRS,5,20210219,112000,3.5,3.5,3.5,3.5,500,0
NRS,5,20210219,122000,3.42,3.42,3.42,3.42,200,0
NRS,5,20210219,124000,3.42,3.42,3.42,3.42,300,0
NRS,5,20210219,125500,3.44,3.44,3.44,3.44,500,0
NRS,5,20210219,140000,3.34,3.34,3.34,3.34,500,0
NRS,5,20210219,140500,3.34,3.34,3.34,3.34,459,0
NRS,5,20210219,142000,3.4,3.4,3.4,3.4,1000,0
NRS,5,20210219,155500,3.36,3.36,3.36,3.36,500,0
NRS,5,20210222,094000,3.38,3.38,3.38,3.38,1000,0
NRS,5,20210222,094500,3.4,3.4,3.4,3.4,500,0
NRS,5,20210222,110000,3.4,3.4,3.4,3.4,200,0
NRS,5,20210222,110500,3.4,3.98,3.4,3.98,700,0
NRS,5,20210222,124500,3.88,3.88,3.88,3.88,30,0
NRS,5,20210222,141000,3.36,3.36,3,3,2000,0
NRS,5,20210222,143000,3.26,3.26,3.26,3.26,500,0
NRS,5,20210222,153500,3.36,3.36,3.36,3.36,500,0
NRS,5,20210222,155500,3.46,3.46,3.46,3.46,50,0
NRS,5,20210223,164500,3.46,3.46,3.46,3.46,15,0
NRS,5,20210224,090000,3.46,3.46,3.46,3.46,435,0
NRS,5,20210224,091000,3.46,3.46,3.46,3.46,560,0
NRS,5,20210224,093000,3.46,3.46,3.4,3.4,500,0
NRS,5,20210224,093500,3.4,3.4,3.26,3.26,500,0
NRS,5,20210224,100000,3.4,3.4,3.4,3.4,300,0
NRS,5,20210224,114500,3.4,3.4,3.4,3.4,500,0
NRS,5,20210224,120000,3.34,3.34,3.34,3.34,500,0
NRS,5,20210224,143000,3.36,3.36,3.36,3.36,500,0
NRS,5,20210224,165500,3.4,3.4,3.4,3.4,50,0
NRS,5,20210226,123500,3.4,3.4,3.4,3.4,450,0
NRS,5,20210226,160500,3.4,3.4,3.4,3.4,500,0
NRS,5,20210226,161500,3.38,3.38,3.38,3.38,500,0
NRS,5,20210226,164500,3.78,3.78,3.78,3.78,500,0
NRS,5,20210301,105000,3.32,3.32,2.66,2.66,2000,0
NRS,5,20210301,112500,3.18,3.18,3.18,3.18,300,0
NRS,5,20210301,125000,3.32,3.32,3.32,3.32,50,0
NRS,5,20210301,142000,3.32,3.32,3.32,3.32,480,0
NRS,5,20210301,143000,3.38,3.38,3.38,3.38,35,0
NRS,5,20210301,161500,3.38,3.38,3.38,3.38,100,0
NRS,5,20210301,164500,3.3,3.3,3.3,3.3,140,0
NRS,5,20210302,090000,3.38,3.38,3.38,3.38,30,0
NRS,5,20210302,092500,3.24,3.24,3.24,3.24,500,0
NRS,5,20210302,104000,3.28,3.28,3.28,3.28,20,0
NRS,5,20210302,150000,3.22,3.28,3.22,3.28,22,0
NRS,5,20210302,153000,3.28,3.58,3.28,3.58,500,0
NRS,5,20210303,090500,3.4,3.4,3.4,3.4,28,0
NRS,5,20210303,092000,3.4,3.4,3.4,3.4,15,0
NRS,5,20210303,103000,3.28,3.28,3,3,2000,0
NRS,5,20210303,110500,3.36,3.36,3.36,3.36,50,0
NRS,5,20210304,105500,3.34,3.34,3.34,3.34,10,0
NRS,5,20210305,093500,3.2,3.2,3.2,3.2,25,0
NRS,5,20210305,164500,3.28,3.28,3.28,3.28,760,0
NRS,5,20210308,093500,3.36,3.36,3.36,3.36,4,0
NRS,5,20210310,092000,3.36,3.5,3.36,3.5,500,0
NRS,5,20210311,102000,3.3,3.3,3.3,3.3,475,0
NRS,5,20210311,103500,3.3,3.3,3.3,3.3,500,0
NRS,5,20210311,105000,3.32,3.32,3.32,3.32,35,0
NRS,5,20210315,092500,3.28,3.28,3.2,3.2,700,0
NRS,5,20210315,164000,3.32,3.32,3.32,3.32,10,0
NRS,5,20210317,093500,3.32,3.32,3.32,3.32,600,0
NRS,5,20210317,105500,3.2,3.2,3.2,3.2,500,0
NRS,5,20210317,120500,3.2,3.2,3.2,3.2,500,0
NRS,5,20210317,121500,3.16,3.16,3.16,3.16,500,0
NRS,5,20210317,131000,3.1,3.1,3.08,3.08,900,0
NRS,5,20210317,131500,3.08,3.08,3.08,3.08,95,0
NRS,5,20210317,132500,3.2,3.2,3.2,3.2,50,0
NRS,5,20210317,165500,3.02,3.02,3.02,3.02,750,0
NRS,5,20210318,141500,3.28,3.28,3.28,3.28,50,0
NRS,5,20210318,142000,3.16,3.16,3.16,3.16,400,0
NRS,5,20210318,143500,3.28,3.28,3.28,3.28,50,0
NRS,5,20210319,132000,3.12,3.12,3.12,3.12,74,0
NRS,5,20210319,164500,3.28,3.28,3.28,3.28,10,0
NRS,5,20210325,102500,3.28,3.28,3.28,3.28,390,0
NRS,5,20210326,105000,3.36,3.36,3.36,3.36,15,0
NRS,5,20210326,131000,3.32,3.32,3.32,3.32,4000,0
NRS,5,20210326,131500,3.34,3.36,3.34,3.36,3300,0
NRS,5,20210326,132000,3.36,3.36,3.36,3.36,440,0
NRS,5,20210326,164500,3.44,3.44,3.44,3.44,15,0
