<TICKER>,<PER>,<DATE>,<TIME>,<OPEN>,<HIGH>,<LOW>,<CLOSE>,<VOL>,<OPENINT>
OUT,5,20210204,100000,1.23,1.26,1.23,1.26,2000,0
OUT,5,20210204,100500,1.24,1.25,1.24,1.25,3920,0
OUT,5,20210204,103000,1.2,1.25,1.2,1.25,2085,0
OUT,5,20210204,153500,1.21,1.25,1.21,1.25,4000,0
OUT,5,20210205,091000,1.25,1.25,1.25,1.25,645,0
OUT,5,20210205,091500,1.25,1.27,1.25,1.27,2990,0
OUT,5,20210205,093000,1.27,1.28,1.27,1.28,6355,0
OUT,5,20210205,102000,1.23,1.23,1.23,1.23,790,0
OUT,5,20210205,102500,1.2,1.26,1.19,1.26,4050,0
OUT,5,20210205,110000,1.24,1.25,1.24,1.25,1667,0
OUT,5,20210205,124000,1.2,1.2,1.2,1.2,500,0
OUT,5,20210205,132000,1.2,1.2,1.2,1.2,200,0
OUT,5,20210205,132500,1.2,1.2,1.19,1.19,3308,0
OUT,5,20210205,133000,1.19,1.19,1.19,1.19,2000,0
OUT,5,20210205,133500,1.19,1.19,1.19,1.19,3000,0
OUT,5,20210205,134500,1.18,1.18,1,1,2637,0
OUT,5,20210205,135000,1.22,1.22,1.22,1.22,32,0
OUT,5,20210205,135500,1.19,1.22,1.19,1.22,3035,0
OUT,5,20210205,140000,1.22,1.22,1.22,1.22,6000,0
OUT,5,20210205,140500,1.22,1.22,1.22,1.22,6000,0
OUT,5,20210205,141000,1.22,1.23,1.22,1.22,6023,0
OUT,5,20210205,141500,1.14,1.14,1.14,1.14,1500,0
OUT,5,20210205,142500,1.15,1.21,1.15,1.21,2413,0
OUT,5,20210205,143000,1.21,1.21,1.21,1.21,2000,0
OUT,5,20210205,143500,1.23,1.23,1.23,1.23,33,0
OUT,5,20210205,150000,1.22,1.25,1.2,1.25,18975,0
OUT,5,20210205,151000,1.25,1.25,1.25,1.25,1430,0
OUT,5,20210205,151500,1.25,1.26,1.25,1.26,1000,0
OUT,5,20210205,155000,1.26,1.28,1.26,1.28,3627,0
OUT,5,20210205,155500,1.29,1.29,1.29,1.29,60,0
OUT,5,20210205,160500,1.29,1.38,1.29,1.38,5400,0
OUT,5,20210205,161500,1.36,1.48,1.36,1.48,3991,0
OUT,5,20210205,162500,1.46,1.46,1.46,1.46,3000,0
OUT,5,20210205,163500,1.48,1.48,1.48,1.48,2322,0
OUT,5,20210205,164000,1.5,1.5,1.5,1.5,2000,0
OUT,5,20210205,164500,1.5,1.5,1.5,1.5,8000,0
OUT,5,20210208,090000,1.51,1.55,1.51,1.55,4948,0
OUT,5,20210208,090500,1.55,1.66,1.55,1.66,2023,0
OUT,5,20210208,091500,1.63,1.63,1.63,1.63,4000,0
OUT,5,20210208,092500,1.6,1.6,1.5,1.6,12935,0
OUT,5,20210208,095500,1.59,1.6,1.59,1.6,1088,0
OUT,5,20210208,105000,1.59,1.63,1.59,1.63,4425,0
OUT,5,20210208,105500,1.63,1.63,1.63,1.63,75,0
OUT,5,20210208,110500,1.63,1.65,1.63,1.65,2000,0
OUT,5,20210208,113500,1.65,1.65,1.65,1.65,250,0
OUT,5,20210208,120500,1.59,1.62,1.59,1.62,3318,0
OUT,5,20210208,123000,1.6,1.6,1.6,1.6,500,0
OUT,5,20210208,150000,1.51,1.51,1.49,1.49,1500,0
OUT,5,20210208,164000,1.49,1.49,1.43,1.43,5000,0
OUT,5,20210208,164500,1.51,1.51,1.51,1.51,50,0
OUT,5,20210209,090000,1.53,1.53,1.53,1.53,50,0
OUT,5,20210209,104500,1.43,1.43,1.35,1.35,1400,0
OUT,5,20210209,105000,1.45,1.52,1.45,1.52,1958,0
OUT,5,20210209,105500,1.43,1.52,1.41,1.51,3630,0
OUT,5,20210209,111500,1.5,1.51,1.5,1.51,110,0
OUT,5,20210209,114500,1.41,1.47,1.35,1.47,1520,0
OUT,5,20210209,134000,1.47,1.51,1.47,1.51,2000,0
OUT,5,20210209,134500,1.51,1.56,1.51,1.56,2220,0
OUT,5,20210209,161000,1.42,1.42,1.42,1.42,1420,0
OUT,5,20210209,161500,1.52,1.52,1.52,1.52,20,0
OUT,5,20210209,164000,1.51,1.56,1.51,1.56,6410,0
OUT,5,20210209,164500,1.56,1.57,1.45,1.57,3520,0
OUT,5,20210210,105500,1.45,1.45,1.45,1.45,1,0
OUT,5,20210210,110000,1.45,1.45,1.45,1.45,1300,0
OUT,5,20210210,120000,1.52,1.52,1.52,1.52,30,0
OUT,5,20210211,090000,1.48,1.51,1.48,1.51,363,0
OUT,5,20210211,120500,1.43,1.47,1.4,1.47,1520,0
OUT,5,20210211,125000,1.46,1.46,1.46,1.46,500,0
OUT,5,20210211,125500,1.47,1.56,1.47,1.56,5270,0
OUT,5,20210211,130000,1.57,1.57,1.57,1.57,800,0
OUT,5,20210211,130500,1.58,1.62,1.58,1.62,2470,0
OUT,5,20210211,135500,1.61,1.61,1.61,1.61,1540,0
OUT,5,20210211,142000,1.61,1.62,1.61,1.62,1500,0
OUT,5,20210211,143000,1.58,1.58,1.58,1.58,70,0
OUT,5,20210212,102500,1.53,1.57,1.35,1.57,3521,0
OUT,5,20210212,113000,1.31,1.31,1.26,1.26,1500,0
OUT,5,20210212,115500,1.4,1.4,1.4,1.4,50,0
OUT,5,20210212,150500,1.4,1.46,1.4,1.46,1500,0
OUT,5,20210212,160500,1.3,1.3,1.3,1.3,3696,0
OUT,5,20210212,161000,1.3,1.3,1.3,1.3,304,0
OUT,5,20210212,162000,1.3,1.42,1.3,1.42,980,0
OUT,5,20210215,103000,1.42,1.42,1.42,1.42,20,0
OUT,5,20210215,120500,1.31,1.31,1.26,1.26,4320,0
OUT,5,20210215,122500,1.27,1.42,1.27,1.42,4100,0
OUT,5,20210215,152500,1.26,1.26,1.25,1.25,4700,0
OUT,5,20210215,155500,1.25,1.25,1.25,1.25,86,0
OUT,5,20210215,161000,1.25,1.25,1.25,1.25,1014,0
OUT,5,20210215,164500,1.26,1.27,1.26,1.27,600,0
OUT,5,20210216,090500,1.27,1.4,1.27,1.4,3855,0
OUT,5,20210216,091500,1.4,1.4,1.4,1.4,360,0
OUT,5,20210216,104000,1.28,1.28,1.27,1.27,1983,0
OUT,5,20210216,111500,1.35,1.35,1.35,1.35,1000,0
OUT,5,20210216,113000,1.27,1.34,1.27,1.34,3640,0
OUT,5,20210216,130000,1.3,1.3,1.3,1.3,1000,0
OUT,5,20210216,130500,1.34,1.34,1.34,1.34,50,0
OUT,5,20210216,152500,1.32,1.32,1.32,1.32,500,0
OUT,5,20210217,090000,1.37,1.4,1.37,1.37,270,0
OUT,5,20210217,090500,1.4,1.42,1.4,1.42,2000,0
OUT,5,20210217,134000,1.25,1.25,1.21,1.21,4300,0
OUT,5,20210217,134500,1.37,1.37,1.37,1.37,50,0
OUT,5,20210217,142000,1.21,1.21,1.21,1.21,2941,0
OUT,5,20210217,143500,1.16,1.32,1.16,1.32,955,0
OUT,5,20210217,145000,1.16,1.16,1.16,1.16,5400,0
OUT,5,20210217,145500,1.16,1.16,1.16,1.16,1659,0
OUT,5,20210217,151000,1.21,1.27,1.21,1.27,2505,0
OUT,5,20210217,153000,1.16,1.16,1.16,1.16,441,0
OUT,5,20210217,153500,1.15,1.15,1.15,1.15,400,0
OUT,5,20210217,160000,1.16,1.16,1.16,1.16,300,0
OUT,5,20210217,161500,1.16,1.16,1.16,1.16,200,0
OUT,5,20210217,164000,1.16,1.25,1.16,1.25,2080,0
OUT,5,20210217,164500,1.24,1.24,1.24,1.24,610,0
OUT,5,20210218,093500,1.25,1.28,1.25,1.28,1460,0
OUT,5,20210218,101500,1.16,1.27,1.16,1.27,3321,0
OUT,5,20210218,105000,1.18,1.18,1.15,1.15,8500,0
OUT,5,20210218,105500,1.15,1.22,1.12,1.22,3050,0
OUT,5,20210218,111500,1.13,1.13,1.1,1.1,4000,0
OUT,5,20210218,114000,1.15,1.18,1.15,1.15,2021,0
OUT,5,20210218,121000,1.18,1.18,1.18,1.18,15,0
OUT,5,20210218,121500,1.18,1.22,1.18,1.22,270,0
OUT,5,20210218,123000,1.13,1.13,1.1,1.1,4000,0
OUT,5,20210218,123500,1.1,1.1,1.07,1.07,30,0
OUT,5,20210218,124000,1.07,1.22,1.05,1.22,5011,0
OUT,5,20210218,124500,1.04,1.04,1.04,1.04,8,0
OUT,5,20210218,125000,1.04,1.16,1,1.16,8350,0
OUT,5,20210218,130500,1.08,1.08,1.08,1.08,4000,0
OUT,5,20210218,131500,1.1,1.12,1.1,1.12,1700,0
OUT,5,20210218,144000,1.12,1.13,1.1,1.13,4558,0
OUT,5,20210218,144500,1.19,1.19,1.19,1.19,11,0
OUT,5,20210218,152000,1.1,1.19,1.07,1.07,18450,0
OUT,5,20210218,152500,1.15,1.19,1.15,1.19,410,0
OUT,5,20210218,153000,1.07,1.07,1.04,1.04,7500,0
OUT,5,20210218,153500,1.05,1.05,1.05,1.05,1500,0
OUT,5,20210218,154000,1.04,1.14,1.01,1.14,5080,0
OUT,5,20210218,154500,1.13,1.14,1.13,1.14,2100,0
OUT,5,20210218,155000,1.03,1.1,1,1.1,8100,0
OUT,5,20210218,160500,1.04,1.04,1.04,1.04,500,0
OUT,5,20210218,161500,1.08,1.08,1.08,1.08,1080,0
OUT,5,20210218,163000,1.09,1.09,1.09,1.09,250,0
OUT,5,20210219,093500,1.01,1.01,1.01,1.01,20,0
OUT,5,20210219,095000,1.07,1.07,1.07,1.07,14,0
OUT,5,20210219,095500,1.01,1.1,1.01,1.1,2620,0
OUT,5,20210219,110500,1.01,1.08,1,1.08,91,0
OUT,5,20210219,130000,1.02,1.02,1.02,1.02,1000,0
OUT,5,20210219,131500,1.02,1.02,1.02,1.02,1000,0
OUT,5,20210219,132000,1.05,1.07,1.05,1.07,400,0
OUT,5,20210219,135500,1.05,1.05,1.01,1.01,3000,0
OUT,5,20210219,141000,1.01,1.08,1.01,1.07,11000,0
OUT,5,20210219,154000,1.06,1.06,1.06,1.06,500,0
OUT,5,20210219,164500,1.08,1.08,1.08,1.08,600,0
OUT,5,20210222,125000,1.07,1.17,1.07,1.17,7335,0
OUT,5,20210222,125500,1.17,1.22,1.17,1.22,5000,0
OUT,5,20210222,130000,1.23,1.24,1.23,1.24,1230,0
OUT,5,20210222,150000,1.2,1.23,1.2,1.23,2003,0
OUT,5,20210223,090000,1.21,1.21,1.21,1.21,250,0
OUT,5,20210223,090500,1.21,1.21,1.2,1.2,4205,0
OUT,5,20210223,115000,1.19,1.19,1.19,1.19,1990,0
OUT,5,20210223,115500,1.14,1.14,1.09,1.09,7845,0
OUT,5,20210223,145500,1.09,1.18,1.09,1.18,976,0
OUT,5,20210223,163500,1.07,1.16,1.07,1.16,902,0
OUT,5,20210224,143000,1.14,1.14,1.14,1.14,50,0
OUT,5,20210224,143500,1.06,1.15,1.05,1.15,3810,0
OUT,5,20210225,113500,1.06,1.06,1.04,1.04,1992,0
OUT,5,20210225,115000,1.04,1.12,1.01,1.12,6000,0
OUT,5,20210225,130500,1.1,1.16,1.1,1.16,2620,0
OUT,5,20210225,131000,1.16,1.2,1.16,1.2,6220,0
OUT,5,20210301,100000,1.09,1.09,1.08,1.08,2360,0
OUT,5,20210301,100500,1.09,1.18,1.09,1.18,1310,0
OUT,5,20210301,134000,1.14,1.14,1.14,1.14,500,0
OUT,5,20210301,134500,1.16,1.16,1.16,1.16,1000,0
OUT,5,20210302,125000,1.12,1.17,1.12,1.15,1811,0
OUT,5,20210302,132500,1.15,1.17,1.15,1.17,100,0
OUT,5,20210302,151500,1.17,1.2,1.17,1.2,1375,0
OUT,5,20210303,101000,1.18,1.19,1.18,1.19,2200,0
OUT,5,20210303,101500,1.15,1.2,1.15,1.2,2150,0
OUT,5,20210303,123000,1.16,1.16,1.16,1.16,250,0
OUT,5,20210303,124000,1.16,1.16,1.16,1.16,2000,0
OUT,5,20210303,131500,1.15,1.19,1.15,1.19,5340,0
OUT,5,20210304,090500,1.14,1.14,1.06,1.06,1300,0
OUT,5,20210304,091000,1.04,1.18,1.02,1.18,2440,0
OUT,5,20210304,101000,1.05,1.05,1,1,5800,0
OUT,5,20210304,101500,1,1,1,1,1795,0
OUT,5,20210304,104500,1.05,1.09,1.05,1.09,725,0
OUT,5,20210304,111000,1.05,1.05,1.05,1.05,1000,0
OUT,5,20210304,112500,1.05,1.15,1.05,1.15,3870,0
OUT,5,20210304,125000,1.11,1.11,1.11,1.11,150,0
OUT,5,20210304,155000,1.1,1.1,1.1,1.1,500,0
OUT,5,20210304,162500,1.11,1.11,1.11,1.11,60,0
OUT,5,20210305,135500,1.1,1.1,1.1,1.1,300,0
OUT,5,20210305,140000,1.1,1.1,1.1,1.1,200,0
OUT,5,20210305,141500,1.11,1.12,1.11,1.12,1900,0
OUT,5,20210305,151000,1.06,1.08,1.05,1.08,3330,0
OUT,5,20210305,152000,1.05,1.07,1.05,1.07,2550,0
OUT,5,20210308,115500,1.07,1.07,1.07,1.07,755,0
OUT,5,20210308,122000,1.05,1.07,1.05,1.07,2020,0
OUT,5,20210308,151500,1.05,1.05,1.05,1.05,20,0
OUT,5,20210308,152000,1.04,1.07,1.04,1.07,1260,0
OUT,5,20210309,092000,1.07,1.07,1.07,1.07,15,0
OUT,5,20210309,094000,1.07,1.07,1.07,1.07,3000,0
OUT,5,20210309,095000,1.07,1.15,1.07,1.15,4320,0
OUT,5,20210309,095500,1.12,1.15,1.12,1.15,2375,0
OUT,5,20210309,100500,1.15,1.16,1.15,1.16,1535,0
OUT,5,20210309,101000,1.15,1.15,1.15,1.15,8475,0
OUT,5,20210309,101500,1.16,1.16,1.16,1.16,1000,0
OUT,5,20210309,102500,1.16,1.16,1.16,1.16,1800,0
OUT,5,20210309,103000,1.11,1.16,1.11,1.16,2815,0
OUT,5,20210309,121500,1.13,1.13,1.13,1.13,200,0
OUT,5,20210309,122000,1.07,1.14,1.07,1.14,2725,0
OUT,5,20210309,152000,1.13,1.13,1.13,1.13,3000,0
OUT,5,20210309,153000,1.11,1.13,1.11,1.13,1250,0
OUT,5,20210310,100000,1.13,1.13,1.13,1.13,25,0
OUT,5,20210310,134500,1.13,1.13,1.13,1.13,1980,0
OUT,5,20210310,135000,1.13,1.14,1.13,1.14,555,0
OUT,5,20210310,162000,1.11,1.11,1.09,1.09,2400,0
OUT,5,20210310,162500,1.14,1.14,1.14,1.14,25,0
OUT,5,20210311,110500,1.14,1.14,1.14,1.14,100,0
OUT,5,20210311,162000,1.08,1.16,1.07,1.16,5230,0
OUT,5,20210312,091000,1.07,1.15,1.06,1.15,2721,0
OUT,5,20210312,100000,1.08,1.16,1.07,1.16,2210,0
OUT,5,20210315,091000,1.07,1.07,1.03,1.03,11000,0
OUT,5,20210315,091500,1.1,1.1,1.04,1.04,3005,0
OUT,5,20210315,092000,1.04,1.04,1.04,1.04,3000,0
OUT,5,20210315,093500,1.05,1.08,1.04,1.08,3040,0
OUT,5,20210315,094000,1.04,1.04,1.04,1.04,4000,0
OUT,5,20210315,094500,1.05,1.08,1.05,1.08,2004,0
OUT,5,20210315,100000,1.04,1.04,1.04,1.04,7000,0
OUT,5,20210315,100500,1.08,1.08,1.03,1.08,5040,0
OUT,5,20210315,101500,1.02,1.02,1,1,12455,0
OUT,5,20210315,102000,1,1.05,1,1.05,5546,0
OUT,5,20210315,102500,1.03,1.05,1.02,1.05,3020,0
OUT,5,20210315,103000,1.05,1.05,1,1,12710,0
OUT,5,20210315,103500,1,1.01,1,1.01,2500,0
OUT,5,20210315,104000,1.01,1.06,1.01,1.06,4020,0
OUT,5,20210315,104500,1.01,1.01,1,1,10000,0
OUT,5,20210315,110000,1.03,1.03,1.03,1.03,20,0
OUT,5,20210315,114500,1,1,1,1,1800,0
OUT,5,20210315,122500,1,1,1,1,2000,0
OUT,5,20210315,124000,1,1,1,1,800,0
OUT,5,20210315,124500,1,1,1,1,300,0
OUT,5,20210315,125000,1,1,1,1,600,0
OUT,5,20210315,131000,1.01,1.01,1.01,1.01,1749,0
OUT,5,20210315,131500,1,1,1,1,1737,0
OUT,5,20210315,133500,1.01,1.01,1.01,1.01,1251,0
OUT,5,20210315,135000,1.02,1.02,1,1,1263,0
OUT,5,20210315,135500,1,1.04,1,1.03,5517,0
OUT,5,20210315,140000,1.04,1.04,1.04,1.04,483,0
OUT,5,20210315,140500,1,1,1,1,2600,0
OUT,5,20210315,142500,0.99,1,0.96,1,7725,0
OUT,5,20210315,144500,0.97,0.97,0.95,0.95,4835,0
OUT,5,20210315,145000,0.95,0.995,0.95,0.995,280,0
OUT,5,20210315,150500,0.99,0.99,0.99,0.99,1000,0
OUT,5,20210315,152000,0.96,0.96,0.96,0.96,200,0
OUT,5,20210315,152500,0.95,0.98,0.94,0.98,11530,0
OUT,5,20210315,153000,0.98,0.98,0.98,0.98,510,0
OUT,5,20210315,153500,0.99,0.99,0.99,0.99,1540,0
OUT,5,20210315,154000,0.995,1.03,0.995,1.03,2800,0
OUT,5,20210315,154500,1.03,1.1,1.03,1.1,1805,0
OUT,5,20210316,090000,1.08,1.08,1.08,1.08,2000,0
OUT,5,20210316,091500,1.06,1.06,1.06,1.06,1900,0
OUT,5,20210317,123000,0.99,0.99,0.99,0.99,1000,0
OUT,5,20210317,124000,0.95,1,0.95,1,5050,0
OUT,5,20210317,144000,0.98,0.98,0.98,0.98,1016,0
OUT,5,20210317,151000,0.95,0.95,0.95,0.95,1899,0
OUT,5,20210317,151500,0.94,0.94,0.94,0.94,2100,0
OUT,5,20210317,152000,0.965,0.965,0.965,0.965,50,0
OUT,5,20210317,165500,0.965,0.965,0.965,0.965,900,0
OUT,5,20210318,090000,0.965,0.97,0.965,0.97,60,0
OUT,5,20210318,093000,0.94,0.94,0.94,0.94,1,0
OUT,5,20210318,093500,0.98,0.98,0.98,0.98,15,0
OUT,5,20210318,133000,0.95,0.98,0.94,0.98,1954,0
OUT,5,20210319,115000,0.97,0.97,0.97,0.97,50,0
OUT,5,20210322,094000,0.92,0.92,0.92,0.92,2125,0
OUT,5,20210322,094500,0.9,0.9,0.9,0.9,3000,0
OUT,5,20210322,095000,0.89,0.89,0.89,0.89,2700,0
OUT,5,20210322,095500,0.895,0.925,0.895,0.925,5810,0
OUT,5,20210322,100500,0.905,0.94,0.905,0.94,2955,0
OUT,5,20210322,121000,0.905,0.905,0.9,0.9,1000,0
OUT,5,20210322,122000,0.935,1.05,0.935,1.05,6251,0
OUT,5,20210322,122500,1.04,1.05,1.04,1.05,1350,0
OUT,5,20210323,092000,1,1,1,1,100,0
OUT,5,20210323,093000,0.995,1.04,0.995,1.04,5210,0
OUT,5,20210324,125000,0.975,0.975,0.975,0.975,500,0
OUT,5,20210324,125500,0.965,0.965,0.965,0.965,296,0
OUT,5,20210324,130500,0.965,1,0.96,1,2550,0
OUT,5,20210324,132500,0.99,0.99,0.99,0.99,100,0
OUT,5,20210324,141500,0.96,0.99,0.95,0.99,3304,0
OUT,5,20210325,093000,0.99,1.01,0.99,1.01,795,0
OUT,5,20210326,095500,1,1.01,1,1.01,646,0
OUT,5,20210326,110000,0.965,1.01,0.95,1.01,3699,0
OUT,5,20210326,160000,0.99,0.99,0.99,0.99,115,0
OUT,5,20210326,162000,0.955,1,0.95,1,2390,0
