<TICKER>,<PER>,<DATE>,<TIME>,<OPEN>,<HIGH>,<LOW>,<CLOSE>,<VOL>,<OPENINT>
OVI,5,20210204,093000,2.56,2.56,2.56,2.56,891,0
OVI,5,20210204,093500,2.55,2.55,2.55,2.55,392,0
OVI,5,20210204,111500,2.55,2.55,2.55,2.55,580,0
OVI,5,20210204,133000,2.57,2.57,2.57,2.57,30,0
OVI,5,20210204,134000,2.6,2.6,2.6,2.6,60,0
OVI,5,20210204,143000,2.6,2.6,2.6,2.6,191,0
OVI,5,20210204,150500,2.57,2.57,2.57,2.57,570,0
OVI,5,20210204,155500,2.58,2.58,2.58,2.58,400,0
OVI,5,20210205,113500,2.6,2.679,2.6,2.679,300,0
OVI,5,20210205,114000,2.65,2.65,2.65,2.65,499,0
OVI,5,20210205,125000,2.65,2.65,2.65,2.65,101,0
OVI,5,20210205,151500,2.62,2.62,2.62,2.62,42,0
OVI,5,20210205,160000,2.62,2.62,2.62,2.62,70,0
OVI,5,20210208,090000,2.679,2.679,2.679,2.679,3,0
OVI,5,20210208,090500,2.679,2.679,2.679,2.679,497,0
OVI,5,20210208,091000,2.748,2.748,2.748,2.748,50,0
OVI,5,20210208,094500,2.748,2.748,2.748,2.748,300,0
OVI,5,20210208,124500,2.728,2.74,2.728,2.74,2600,0
OVI,5,20210208,130000,2.73,2.73,2.73,2.73,300,0
OVI,5,20210208,135500,2.603,2.603,2.6,2.6,2782,0
OVI,5,20210208,141500,2.6,2.6,2.6,2.6,580,0
OVI,5,20210208,151500,2.67,2.67,2.67,2.67,283,0
OVI,5,20210208,164500,2.67,2.67,2.67,2.67,67,0
OVI,5,20210209,090000,2.55,2.55,2.55,2.55,2609,0
OVI,5,20210209,090500,2.55,2.55,2.55,2.55,74,0
OVI,5,20210209,093500,2.521,2.521,2.521,2.521,50,0
OVI,5,20210209,101500,2.53,2.53,2.53,2.53,528,0
OVI,5,20210209,102000,2.53,2.53,2.53,2.53,472,0
OVI,5,20210209,112500,2.537,2.537,2.537,2.537,300,0
OVI,5,20210209,131000,2.59,2.59,2.59,2.59,140,0
OVI,5,20210209,133500,2.59,2.6,2.59,2.6,1833,0
OVI,5,20210209,134500,2.728,2.736,2.728,2.736,1028,0
OVI,5,20210209,135000,2.736,2.78,2.736,2.78,1724,0
OVI,5,20210209,140000,2.78,2.78,2.78,2.78,150,0
OVI,5,20210209,150500,2.66,2.7,2.66,2.7,926,0
OVI,5,20210210,095000,2.66,2.66,2.62,2.62,483,0
OVI,5,20210210,122000,2.65,2.65,2.65,2.65,150,0
OVI,5,20210210,124000,2.65,2.65,2.65,2.65,250,0
OVI,5,20210210,125500,2.688,2.688,2.688,2.688,331,0
OVI,5,20210210,130000,2.62,2.62,2.62,2.62,616,0
OVI,5,20210210,140500,2.61,2.61,2.61,2.61,377,0
OVI,5,20210210,152000,2.61,2.61,2.6,2.6,2825,0
OVI,5,20210211,090000,2.686,2.686,2.686,2.686,400,0
OVI,5,20210211,091500,2.686,2.686,2.686,2.686,292,0
OVI,5,20210211,092000,2.686,2.686,2.686,2.686,1588,0
OVI,5,20210211,094500,2.68,2.68,2.68,2.68,380,0
OVI,5,20210211,105000,2.556,2.556,2.556,2.556,10,0
OVI,5,20210211,115500,2.679,2.679,2.679,2.679,500,0
OVI,5,20210211,120000,2.679,2.679,2.679,2.679,1100,0
OVI,5,20210211,164500,2.6,2.6,2.6,2.6,1658,0
OVI,5,20210212,090000,2.6795,2.6795,2.6795,2.6795,600,0
OVI,5,20210212,090500,2.6795,2.6795,2.6795,2.6795,497,0
OVI,5,20210212,091500,2.6,2.6,2.6,2.6,1022,0
OVI,5,20210212,095500,2.6,2.6,2.6,2.6,300,0
OVI,5,20210212,101500,2.6,2.67,2.6,2.67,200,0
OVI,5,20210212,102500,2.67,2.67,2.67,2.67,194,0
OVI,5,20210212,104500,2.563,2.563,2.563,2.563,125,0
OVI,5,20210212,120000,2.67,2.7,2.67,2.7,2190,0
OVI,5,20210212,120500,2.7,2.78,2.7,2.78,100,0
OVI,5,20210212,130500,2.66,2.66,2.66,2.66,376,0
OVI,5,20210212,131000,2.57,2.57,2.57,2.57,600,0
OVI,5,20210212,140000,2.6995,2.6995,2.6995,2.6995,100,0
OVI,5,20210212,150000,2.5755,2.5755,2.5755,2.5755,400,0
OVI,5,20210212,150500,2.5755,2.5755,2.575,2.575,1084,0
OVI,5,20210212,164500,2.59,2.59,2.59,2.59,200,0
OVI,5,20210215,092500,2.692,2.692,2.692,2.692,20,0
OVI,5,20210215,094000,2.69,2.69,2.69,2.69,449,0
OVI,5,20210215,101000,2.685,2.685,2.685,2.685,10,0
OVI,5,20210215,122500,2.601,2.601,2.601,2.601,400,0
OVI,5,20210215,123500,2.68,2.685,2.68,2.685,2200,0
OVI,5,20210215,133500,2.62,2.62,2.602,2.602,400,0
OVI,5,20210215,142000,2.602,2.602,2.602,2.602,400,0
OVI,5,20210215,143000,2.602,2.602,2.602,2.602,85,0
OVI,5,20210215,154000,2.601,2.601,2.601,2.601,265,0
OVI,5,20210215,164500,2.6,2.6,2.6,2.6,1050,0
OVI,5,20210216,090000,2.683,2.7,2.683,2.7,350,0
OVI,5,20210216,101500,2.62,2.62,2.62,2.62,400,0
OVI,5,20210216,120000,2.63,2.63,2.62,2.62,560,0
OVI,5,20210216,123000,2.62,2.68,2.62,2.68,50,0
OVI,5,20210216,124000,2.68,2.68,2.68,2.68,70,0
OVI,5,20210216,135500,2.6,2.6,2.6,2.6,1100,0
OVI,5,20210216,161000,2.58,2.58,2.569,2.569,500,0
OVI,5,20210216,164500,2.679,2.679,2.679,2.679,20,0
OVI,5,20210217,090000,2.697,2.697,2.66,2.66,460,0
OVI,5,20210217,090500,2.66,2.66,2.66,2.66,1575,0
OVI,5,20210217,103500,2.7,2.7,2.7,2.7,20,0
OVI,5,20210217,111500,2.7,2.75,2.7,2.75,200,0
OVI,5,20210217,130500,2.75,2.75,2.75,2.75,100,0
OVI,5,20210217,143500,2.65,2.65,2.524,2.524,6804,0
OVI,5,20210217,144500,2.66,2.66,2.66,2.66,200,0
OVI,5,20210217,145000,2.66,2.66,2.66,2.66,66,0
OVI,5,20210217,145500,2.66,2.66,2.66,2.66,266,0
OVI,5,20210217,164500,2.658,2.658,2.658,2.658,150,0
OVI,5,20210218,102000,2.6,2.7,2.6,2.7,270,0
OVI,5,20210218,105000,2.65,2.65,2.65,2.65,190,0
OVI,5,20210218,135000,2.655,2.655,2.655,2.655,180,0
OVI,5,20210218,135500,2.5915,2.5915,2.5915,2.5915,1000,0
OVI,5,20210218,141500,2.592,2.592,2.592,2.592,191,0
OVI,5,20210218,142000,2.591,2.591,2.591,2.591,325,0
OVI,5,20210218,145500,2.655,2.655,2.655,2.655,134,0
OVI,5,20210218,150000,2.658,2.658,2.658,2.658,66,0
OVI,5,20210218,163000,2.591,2.591,2.591,2.591,121,0
OVI,5,20210218,163500,2.698,2.698,2.698,2.698,50,0
OVI,5,20210219,090000,2.58,2.58,2.58,2.58,3149,0
OVI,5,20210219,090500,2.65,2.65,2.65,2.65,20,0
OVI,5,20210219,101500,2.61,2.61,2.61,2.61,217,0
OVI,5,20210219,115500,2.65,2.668,2.65,2.668,290,0
OVI,5,20210219,141500,2.61,2.61,2.58,2.58,5413,0
OVI,5,20210222,092500,2.584,2.584,2.584,2.584,20,0
OVI,5,20210222,111000,2.66,2.66,2.66,2.66,600,0
OVI,5,20210222,112500,2.6,2.6,2.6,2.6,500,0
OVI,5,20210222,162000,2.59,2.59,2.59,2.59,200,0
OVI,5,20210223,090500,2.591,2.591,2.591,2.591,176,0
OVI,5,20210223,091000,2.591,2.66,2.591,2.66,200,0
OVI,5,20210223,091500,2.65,2.65,2.65,2.65,1568,0
OVI,5,20210223,093000,2.65,2.65,2.65,2.65,500,0
OVI,5,20210223,095500,2.65,2.65,2.65,2.65,1000,0
OVI,5,20210223,103000,2.65,2.65,2.65,2.65,600,0
OVI,5,20210223,104000,2.66,2.66,2.66,2.66,40,0
OVI,5,20210223,115500,2.65,2.65,2.65,2.65,94,0
OVI,5,20210223,131500,2.6,2.6,2.6,2.6,50,0
OVI,5,20210223,133500,2.6,2.6,2.6,2.6,500,0
OVI,5,20210223,134500,2.6,2.6,2.6,2.6,164,0
OVI,5,20210223,141500,2.595,2.595,2.59,2.59,915,0
OVI,5,20210223,142000,2.587,2.587,2.581,2.581,1210,0
OVI,5,20210223,155500,2.582,2.582,2.582,2.582,136,0
OVI,5,20210224,100500,2.582,2.582,2.582,2.582,15,0
OVI,5,20210224,105000,2.6,2.6,2.6,2.6,512,0
OVI,5,20210224,115500,2.59,2.59,2.59,2.59,500,0
OVI,5,20210224,155500,2.59,2.59,2.59,2.59,1000,0
OVI,5,20210225,092500,2.649,2.649,2.649,2.649,1,0
OVI,5,20210225,101000,2.58,2.58,2.58,2.58,610,0
OVI,5,20210225,101500,2.566,2.566,2.566,2.566,1244,0
OVI,5,20210225,131000,2.568,2.568,2.568,2.568,200,0
OVI,5,20210225,153000,2.568,2.568,2.568,2.568,610,0
OVI,5,20210225,163000,2.568,2.568,2.568,2.568,78,0
OVI,5,20210225,164500,2.568,2.568,2.568,2.568,5377,0
OVI,5,20210226,090000,2.6,2.6,2.6,2.6,600,0
OVI,5,20210226,091000,2.55,2.55,2.524,2.524,1000,0
OVI,5,20210226,095500,2.6,2.6,2.6,2.6,100,0
OVI,5,20210226,100500,2.55,2.55,2.55,2.55,70,0
OVI,5,20210226,104500,2.56,2.56,2.56,2.56,30000,0
OVI,5,20210226,113000,2.55,2.6,2.55,2.6,471,0
OVI,5,20210226,113500,2.6,2.6,2.6,2.6,459,0
OVI,5,20210226,114000,2.643,2.643,2.643,2.643,233,0
OVI,5,20210226,120000,2.55,2.55,2.525,2.525,812,0
OVI,5,20210226,160500,2.525,2.525,2.525,2.525,229,0
OVI,5,20210301,110500,2.56,2.56,2.56,2.56,266,0
OVI,5,20210301,111500,2.56,2.56,2.56,2.56,234,0
OVI,5,20210301,161500,2.53,2.53,2.53,2.53,325,0
OVI,5,20210301,162000,2.595,2.595,2.595,2.595,610,0
OVI,5,20210302,090000,2.525,2.525,2.525,2.525,900,0
OVI,5,20210302,091500,2.525,2.525,2.525,2.525,2240,0
OVI,5,20210302,093000,2.525,2.525,2.524,2.524,1646,0
OVI,5,20210302,103500,2.55,2.55,2.55,2.55,200,0
OVI,5,20210302,104500,2.55,2.55,2.55,2.55,200,0
OVI,5,20210302,110500,2.528,2.528,2.528,2.528,500,0
OVI,5,20210302,123500,2.528,2.528,2.525,2.525,500,0
OVI,5,20210302,142500,2.55,2.55,2.55,2.55,300,0
OVI,5,20210302,160500,2.58,2.58,2.58,2.58,300,0
OVI,5,20210302,162000,2.583,2.6,2.583,2.6,3116,0
OVI,5,20210302,162500,2.658,2.658,2.658,2.658,5,0
OVI,5,20210303,094000,2.6,2.6,2.6,2.6,166,0
OVI,5,20210303,095500,2.656,2.656,2.656,2.656,717,0
OVI,5,20210303,105000,2.657,2.657,2.657,2.657,834,0
OVI,5,20210303,105500,2.64,2.64,2.64,2.64,388,0
OVI,5,20210303,110500,2.64,2.64,2.64,2.64,1,0
OVI,5,20210303,133000,2.64,2.64,2.64,2.64,711,0
OVI,5,20210303,135500,2.551,2.551,2.551,2.551,2008,0
OVI,5,20210303,140000,2.55,2.55,2.55,2.55,1492,0
OVI,5,20210303,143000,2.6,2.6,2.6,2.6,393,0
OVI,5,20210303,154500,2.637,2.637,2.637,2.637,74,0
OVI,5,20210303,161000,2.6,2.6,2.6,2.6,11,0
OVI,5,20210304,090500,2.55,2.55,2.525,2.525,1000,0
OVI,5,20210304,132000,2.53,2.53,2.525,2.525,800,0
OVI,5,20210305,101500,2.55,2.55,2.55,2.55,200,0
OVI,5,20210305,104000,2.524,2.524,2.524,2.524,1772,0
OVI,5,20210305,105000,2.52,2.52,2.512,2.512,3000,0
OVI,5,20210305,111000,2.577,2.577,2.577,2.577,50,0
OVI,5,20210305,122000,2.52,2.52,2.52,2.52,309,0
OVI,5,20210305,125500,2.576,2.576,2.576,2.576,500,0
OVI,5,20210305,151000,2.52,2.52,2.51,2.51,4000,0
OVI,5,20210305,163000,2.576,2.6,2.576,2.6,2400,0
OVI,5,20210305,163500,2.599,2.599,2.599,2.599,626,0
OVI,5,20210308,091000,2.501,2.501,2.501,2.501,1500,0
OVI,5,20210308,102000,2.59,2.59,2.59,2.59,50,0
OVI,5,20210308,145500,2.584,2.584,2.584,2.584,200,0
OVI,5,20210308,151500,2.502,2.502,2.5,2.5,2065,0
OVI,5,20210309,092000,2.588,2.588,2.588,2.588,100,0
OVI,5,20210309,094500,2.55,2.55,2.55,2.55,1307,0
OVI,5,20210309,101500,2.582,2.582,2.582,2.582,1063,0
OVI,5,20210309,102000,2.583,2.596,2.583,2.596,1000,0
OVI,5,20210309,104500,2.596,2.639,2.596,2.639,1000,0
OVI,5,20210309,132500,2.634,2.634,2.634,2.634,150,0
OVI,5,20210310,103500,2.551,2.551,2.551,2.551,620,0
OVI,5,20210310,104000,2.62,2.62,2.62,2.62,500,0
OVI,5,20210310,114000,2.6,2.6,2.6,2.6,1404,0
OVI,5,20210310,131000,2.6,2.6,2.6,2.6,1000,0
OVI,5,20210310,143500,2.6,2.6,2.6,2.6,129,0
OVI,5,20210310,144500,2.64,2.64,2.64,2.64,500,0
OVI,5,20210311,104000,2.6,2.6,2.6,2.6,636,0
OVI,5,20210311,114500,2.64,2.658,2.64,2.658,800,0
OVI,5,20210311,130500,2.63,2.658,2.63,2.658,315,0
OVI,5,20210311,145000,2.6,2.6,2.6,2.6,462,0
OVI,5,20210311,161500,2.6,2.6,2.6,2.6,909,0
OVI,5,20210311,164500,2.658,2.658,2.658,2.658,50,0
OVI,5,20210312,090000,2.601,2.601,2.601,2.601,9,0
OVI,5,20210312,101000,2.602,2.602,2.602,2.602,770,0
OVI,5,20210312,105500,2.65,2.65,2.65,2.65,600,0
OVI,5,20210312,135500,2.602,2.602,2.6,2.6,2400,0
OVI,5,20210312,142000,2.65,2.658,2.65,2.658,600,0
OVI,5,20210312,161000,2.6,2.6,2.6,2.6,600,0
OVI,5,20210312,164500,2.658,2.658,2.658,2.658,100,0
OVI,5,20210315,094000,2.61,2.61,2.61,2.61,155,0
OVI,5,20210315,095500,2.61,2.61,2.61,2.61,565,0
OVI,5,20210315,100000,2.61,2.696,2.61,2.696,1332,0
OVI,5,20210315,120500,2.62,2.68,2.62,2.68,100,0
OVI,5,20210315,145500,2.6,2.6,2.6,2.6,45,0
OVI,5,20210315,155500,2.6,2.6,2.6,2.6,300,0
OVI,5,20210316,091000,2.677,2.677,2.677,2.677,600,0
OVI,5,20210316,095500,2.649,2.649,2.649,2.649,325,0
OVI,5,20210316,100500,2.648,2.648,2.648,2.648,190,0
OVI,5,20210316,123000,2.61,2.61,2.61,2.61,100,0
OVI,5,20210316,140000,2.61,2.61,2.61,2.61,1300,0
OVI,5,20210316,142000,2.646,2.646,2.646,2.646,916,0
OVI,5,20210316,152000,2.61,2.61,2.61,2.61,99,0
OVI,5,20210316,155000,2.61,2.61,2.6,2.6,2000,0
OVI,5,20210317,090000,2.6,2.6,2.6,2.6,276,0
OVI,5,20210317,091500,2.65,2.65,2.65,2.65,1800,0
OVI,5,20210317,094000,2.65,2.65,2.65,2.65,2400,0
OVI,5,20210317,094500,2.67,2.67,2.67,2.67,150,0
OVI,5,20210317,112500,2.601,2.601,2.6,2.6,4000,0
OVI,5,20210317,151000,2.6,2.6,2.6,2.6,1460,0
OVI,5,20210317,161500,2.6,2.6,2.58,2.58,1002,0
OVI,5,20210317,162000,2.551,2.551,2.551,2.551,620,0
OVI,5,20210317,164500,2.6,2.6,2.6,2.6,1,0
OVI,5,20210318,090000,2.55,2.55,2.55,2.55,500,0
OVI,5,20210318,092000,2.55,2.55,2.55,2.55,1000,0
OVI,5,20210318,155500,2.55,2.55,2.55,2.55,2223,0
OVI,5,20210318,160500,2.54,2.54,2.54,2.54,1000,0
OVI,5,20210318,162500,2.53,2.53,2.53,2.53,2040,0
OVI,5,20210318,163000,2.53,2.53,2.53,2.53,360,0
OVI,5,20210319,092500,2.599,2.599,2.599,2.599,250,0
OVI,5,20210319,144000,2.6,2.6,2.6,2.6,400,0
OVI,5,20210319,155500,2.55,2.55,2.55,2.55,393,0
OVI,5,20210319,160000,2.6,2.6,2.6,2.6,350,0
OVI,5,20210319,160500,2.518,2.598,2.509,2.598,1931,0
OVI,5,20210322,090000,2.551,2.551,2.551,2.551,500,0
OVI,5,20210322,093000,2.552,2.552,2.552,2.552,300,0
OVI,5,20210322,101500,2.599,2.599,2.599,2.599,150,0
OVI,5,20210322,105000,2.599,2.6,2.599,2.6,500,0
OVI,5,20210322,135500,2.552,2.552,2.552,2.552,560,0
OVI,5,20210322,161500,2.521,2.521,2.521,2.521,72,0
OVI,5,20210323,090000,2.6,2.6295,2.6,2.6295,400,0
OVI,5,20210323,091000,2.6295,2.64,2.6295,2.64,1100,0
OVI,5,20210323,091500,2.64,2.68,2.64,2.68,2100,0
OVI,5,20210323,114500,2.6,2.6,2.6,2.6,150,0
OVI,5,20210323,120500,2.553,2.553,2.553,2.553,581,0
OVI,5,20210323,144000,2.56,2.56,2.56,2.56,1000,0
OVI,5,20210324,103000,2.639,2.639,2.639,2.639,300,0
OVI,5,20210325,100000,2.639,2.639,2.639,2.639,213,0
OVI,5,20210325,141000,2.553,2.553,2.55,2.55,442,0
OVI,5,20210325,141500,2.52,2.54,2.52,2.54,900,0
OVI,5,20210325,142500,2.52,2.52,2.52,2.52,100,0
OVI,5,20210325,145000,2.52,2.52,2.52,2.52,1024,0
OVI,5,20210325,150500,2.598,2.598,2.598,2.598,100,0
OVI,5,20210325,154500,2.509,2.509,2.5,2.5,832,0
OVI,5,20210325,155500,2.5,2.5,2.5,2.5,650,0
OVI,5,20210325,160000,2.5,2.596,2.5,2.596,100,0
OVI,5,20210325,163500,2.5,2.5,2.5,2.5,1800,0
OVI,5,20210325,164500,2.495,2.495,2.495,2.495,500,0
OVI,5,20210325,165500,2.495,2.495,2.495,2.495,100,0
OVI,5,20210326,090000,2.59,2.59,2.59,2.59,548,0
OVI,5,20210326,112000,2.57,2.57,2.57,2.57,191,0
OVI,5,20210326,160000,2.52,2.52,2.52,2.52,1934,0
