<TICKER>,<PER>,<DATE>,<TIME>,<OPEN>,<HIGH>,<LOW>,<CLOSE>,<VOL>,<OPENINT>
P24,5,20210204,090000,0.278,0.292,0.278,0.286,292300,0
P24,5,20210204,090500,0.29,0.29,0.278,0.278,96605,0
P24,5,20210204,091000,0.272,0.276,0.272,0.276,7318,0
P24,5,20210204,091500,0.274,0.28,0.27,0.28,122884,0
P24,5,20210204,092000,0.28,0.28,0.278,0.278,4200,0
P24,5,20210204,092500,0.272,0.272,0.262,0.262,35635,0
P24,5,20210204,093000,0.264,0.264,0.26,0.262,81347,0
P24,5,20210204,093500,0.262,0.272,0.262,0.262,31000,0
P24,5,20210204,094000,0.262,0.27,0.262,0.264,1450,0
P24,5,20210204,094500,0.266,0.27,0.266,0.27,7748,0
P24,5,20210204,095000,0.27,0.274,0.27,0.272,9607,0
P24,5,20210204,100000,0.274,0.274,0.266,0.266,18600,0
P24,5,20210204,100500,0.274,0.274,0.274,0.274,4901,0
P24,5,20210204,101000,0.264,0.27,0.264,0.27,6191,0
P24,5,20210204,101500,0.264,0.264,0.26,0.26,87825,0
P24,5,20210204,102000,0.26,0.26,0.256,0.256,35452,0
P24,5,20210204,103000,0.258,0.26,0.24,0.24,184398,0
P24,5,20210204,103500,0.242,0.256,0.242,0.256,40250,0
P24,5,20210204,104000,0.25,0.256,0.248,0.256,11436,0
P24,5,20210204,104500,0.256,0.256,0.256,0.256,3243,0
P24,5,20210204,105000,0.25,0.25,0.25,0.25,8500,0
P24,5,20210204,105500,0.256,0.256,0.256,0.256,256,0
P24,5,20210204,110000,0.256,0.256,0.256,0.256,2432,0
P24,5,20210204,111000,0.246,0.246,0.246,0.246,2700,0
P24,5,20210204,112000,0.248,0.258,0.248,0.258,10750,0
P24,5,20210204,112500,0.25,0.25,0.25,0.25,10000,0
P24,5,20210204,113000,0.25,0.25,0.25,0.25,10000,0
P24,5,20210204,113500,0.25,0.25,0.25,0.25,167,0
P24,5,20210204,115500,0.254,0.254,0.248,0.254,1945,0
P24,5,20210204,120500,0.254,0.254,0.252,0.254,15173,0
P24,5,20210204,122000,0.254,0.254,0.252,0.252,8800,0
P24,5,20210204,122500,0.256,0.256,0.256,0.256,500,0
P24,5,20210204,125000,0.256,0.256,0.256,0.256,1858,0
P24,5,20210204,125500,0.252,0.252,0.252,0.252,10000,0
P24,5,20210204,130000,0.252,0.252,0.252,0.252,2417,0
P24,5,20210204,131000,0.252,0.252,0.252,0.252,6897,0
P24,5,20210204,131500,0.252,0.252,0.25,0.25,62737,0
P24,5,20210204,132000,0.25,0.25,0.248,0.248,41149,0
P24,5,20210204,133000,0.246,0.246,0.246,0.246,24500,0
P24,5,20210204,133500,0.246,0.246,0.246,0.246,7635,0
P24,5,20210204,134000,0.246,0.246,0.246,0.246,2777,0
P24,5,20210204,134500,0.246,0.246,0.246,0.246,5569,0
P24,5,20210204,135000,0.25,0.25,0.25,0.25,333,0
P24,5,20210204,140000,0.246,0.246,0.244,0.244,6781,0
P24,5,20210204,141500,0.244,0.244,0.244,0.244,1000,0
P24,5,20210204,142000,0.246,0.246,0.24,0.24,150000,0
P24,5,20210204,142500,0.242,0.248,0.242,0.242,37556,0
P24,5,20210204,143500,0.242,0.242,0.242,0.242,8653,0
P24,5,20210204,144000,0.242,0.242,0.242,0.242,7347,0
P24,5,20210204,144500,0.242,0.242,0.242,0.242,500,0
P24,5,20210204,145000,0.242,0.248,0.242,0.248,27750,0
P24,5,20210204,150000,0.246,0.248,0.242,0.248,7440,0
P24,5,20210204,150500,0.246,0.248,0.246,0.248,10000,0
P24,5,20210204,151000,0.248,0.25,0.248,0.25,29758,0
P24,5,20210204,151500,0.25,0.25,0.25,0.25,17641,0
P24,5,20210204,152000,0.254,0.254,0.254,0.254,2100,0
P24,5,20210204,152500,0.25,0.25,0.242,0.242,33213,0
P24,5,20210204,155000,0.242,0.242,0.242,0.242,20000,0
P24,5,20210204,155500,0.248,0.248,0.248,0.248,10000,0
P24,5,20210204,160000,0.242,0.242,0.242,0.242,14464,0
P24,5,20210204,161500,0.242,0.244,0.24,0.244,94402,0
P24,5,20210204,162000,0.244,0.244,0.244,0.244,4967,0
P24,5,20210204,162500,0.244,0.248,0.244,0.248,31160,0
P24,5,20210204,163500,0.242,0.242,0.24,0.24,11173,0
P24,5,20210204,164500,0.24,0.244,0.238,0.244,65361,0
P24,5,20210205,090000,0.252,0.258,0.25,0.258,81741,0
P24,5,20210205,090500,0.25,0.25,0.246,0.246,6276,0
P24,5,20210205,091500,0.246,0.256,0.246,0.256,35691,0
P24,5,20210205,092000,0.258,0.258,0.254,0.254,7000,0
P24,5,20210205,093000,0.246,0.246,0.242,0.242,27000,0
P24,5,20210205,093500,0.254,0.254,0.254,0.254,10000,0
P24,5,20210205,094000,0.242,0.242,0.242,0.242,4000,0
P24,5,20210205,094500,0.246,0.252,0.246,0.252,10000,0
P24,5,20210205,095000,0.254,0.254,0.25,0.25,18000,0
P24,5,20210205,095500,0.25,0.25,0.25,0.25,4152,0
P24,5,20210205,101000,0.252,0.254,0.252,0.254,18000,0
P24,5,20210205,102000,0.256,0.264,0.256,0.262,133517,0
P24,5,20210205,104000,0.26,0.26,0.26,0.26,3834,0
P24,5,20210205,104500,0.26,0.26,0.26,0.26,3834,0
P24,5,20210205,105000,0.25,0.25,0.24,0.24,115737,0
P24,5,20210205,105500,0.25,0.25,0.24,0.24,21100,0
P24,5,20210205,110000,0.24,0.24,0.24,0.24,10000,0
P24,5,20210205,112500,0.25,0.25,0.25,0.25,1000,0
P24,5,20210205,114000,0.25,0.25,0.25,0.25,23988,0
P24,5,20210205,115500,0.242,0.242,0.242,0.242,12700,0
P24,5,20210205,121000,0.242,0.242,0.242,0.242,86,0
P24,5,20210205,122000,0.242,0.242,0.242,0.242,9399,0
P24,5,20210205,124000,0.25,0.25,0.25,0.25,4233,0
P24,5,20210205,125500,0.25,0.25,0.25,0.25,1670,0
P24,5,20210205,135500,0.248,0.248,0.248,0.248,5000,0
P24,5,20210205,144000,0.244,0.244,0.244,0.244,3925,0
P24,5,20210205,144500,0.248,0.248,0.248,0.248,1560,0
P24,5,20210205,145500,0.248,0.248,0.248,0.248,2450,0
P24,5,20210205,150000,0.244,0.244,0.242,0.242,20000,0
P24,5,20210205,150500,0.242,0.242,0.242,0.242,16199,0
P24,5,20210205,151500,0.24,0.24,0.24,0.24,9366,0
P24,5,20210205,152500,0.24,0.24,0.24,0.24,4300,0
P24,5,20210205,155500,0.248,0.248,0.248,0.248,600,0
P24,5,20210205,160500,0.242,0.242,0.24,0.24,35263,0
P24,5,20210205,161000,0.242,0.242,0.242,0.242,700,0
P24,5,20210205,161500,0.24,0.24,0.24,0.24,11892,0
P24,5,20210205,163500,0.24,0.242,0.24,0.242,4734,0
P24,5,20210205,164000,0.24,0.24,0.24,0.24,6475,0
P24,5,20210205,164500,0.248,0.248,0.24,0.248,5200,0
P24,5,20210208,090000,0.25,0.25,0.236,0.236,8520,0
P24,5,20210208,090500,0.236,0.24,0.23,0.24,86568,0
P24,5,20210208,091000,0.232,0.232,0.23,0.23,32852,0
P24,5,20210208,091500,0.232,0.232,0.232,0.232,2000,0
P24,5,20210208,092000,0.234,0.236,0.234,0.236,2578,0
P24,5,20210208,092500,0.232,0.232,0.232,0.232,5152,0
P24,5,20210208,093000,0.23,0.23,0.228,0.23,39256,0
P24,5,20210208,094000,0.228,0.228,0.228,0.228,9348,0
P24,5,20210208,094500,0.228,0.23,0.228,0.23,19188,0
P24,5,20210208,095000,0.234,0.238,0.234,0.238,15886,0
P24,5,20210208,101500,0.234,0.234,0.232,0.232,3500,0
P24,5,20210208,102000,0.232,0.232,0.232,0.232,16734,0
P24,5,20210208,104000,0.236,0.236,0.236,0.236,8000,0
P24,5,20210208,104500,0.236,0.238,0.236,0.238,8888,0
P24,5,20210208,105000,0.236,0.236,0.236,0.236,1413,0
P24,5,20210208,105500,0.236,0.236,0.236,0.236,5290,0
P24,5,20210208,112000,0.236,0.236,0.232,0.232,21063,0
P24,5,20210208,113000,0.23,0.23,0.23,0.23,11000,0
P24,5,20210208,113500,0.23,0.23,0.23,0.23,5364,0
P24,5,20210208,114000,0.23,0.23,0.23,0.23,8101,0
P24,5,20210208,114500,0.236,0.236,0.236,0.236,4216,0
P24,5,20210208,120000,0.23,0.23,0.228,0.228,31000,0
P24,5,20210208,121000,0.23,0.23,0.23,0.23,2000,0
P24,5,20210208,121500,0.234,0.234,0.234,0.234,400,0
P24,5,20210208,122000,0.23,0.23,0.23,0.23,6600,0
P24,5,20210208,122500,0.23,0.23,0.23,0.23,6590,0
P24,5,20210208,123000,0.23,0.23,0.23,0.23,8460,0
P24,5,20210208,123500,0.23,0.23,0.23,0.23,9556,0
P24,5,20210208,125500,0.234,0.234,0.232,0.232,3628,0
P24,5,20210208,130000,0.23,0.23,0.23,0.23,15000,0
P24,5,20210208,131000,0.232,0.234,0.232,0.234,2000,0
P24,5,20210208,131500,0.234,0.234,0.234,0.234,1483,0
P24,5,20210208,133500,0.234,0.234,0.234,0.234,4489,0
P24,5,20210208,134000,0.234,0.234,0.23,0.23,3755,0
P24,5,20210208,140500,0.23,0.23,0.23,0.23,1000,0
P24,5,20210208,141000,0.23,0.23,0.228,0.228,4078,0
P24,5,20210208,141500,0.228,0.234,0.228,0.234,14354,0
P24,5,20210208,143500,0.23,0.23,0.23,0.23,6000,0
P24,5,20210208,144500,0.234,0.234,0.234,0.234,3000,0
P24,5,20210208,145500,0.232,0.232,0.232,0.232,4000,0
P24,5,20210208,150500,0.23,0.23,0.23,0.23,4000,0
P24,5,20210208,151500,0.232,0.232,0.232,0.232,3435,0
P24,5,20210208,153000,0.232,0.232,0.232,0.232,7200,0
P24,5,20210208,155000,0.232,0.232,0.232,0.232,6850,0
P24,5,20210208,163000,0.23,0.23,0.23,0.23,5000,0
P24,5,20210208,164000,0.232,0.232,0.232,0.232,5000,0
P24,5,20210208,164500,0.234,0.234,0.234,0.234,19611,0
P24,5,20210209,090000,0.236,0.242,0.236,0.242,9837,0
P24,5,20210209,090500,0.236,0.244,0.236,0.236,30556,0
P24,5,20210209,091000,0.242,0.244,0.242,0.244,19601,0
P24,5,20210209,091500,0.244,0.248,0.242,0.242,21416,0
P24,5,20210209,092500,0.244,0.244,0.24,0.24,28583,0
P24,5,20210209,094000,0.236,0.236,0.236,0.236,3000,0
P24,5,20210209,094500,0.236,0.236,0.236,0.236,2000,0
P24,5,20210209,095000,0.24,0.24,0.24,0.24,9677,0
P24,5,20210209,095500,0.24,0.24,0.24,0.24,323,0
P24,5,20210209,102500,0.24,0.24,0.24,0.24,731,0
P24,5,20210209,103500,0.24,0.24,0.234,0.234,30000,0
P24,5,20210209,105000,0.242,0.242,0.242,0.242,1000,0
P24,5,20210209,112000,0.242,0.242,0.242,0.242,5000,0
P24,5,20210209,114000,0.242,0.242,0.242,0.242,3000,0
P24,5,20210209,120500,0.24,0.24,0.24,0.24,1000,0
P24,5,20210209,121000,0.24,0.24,0.236,0.236,4000,0
P24,5,20210209,123500,0.24,0.24,0.24,0.24,11000,0
P24,5,20210209,124000,0.24,0.242,0.24,0.242,22797,0
P24,5,20210209,135500,0.24,0.24,0.24,0.24,5501,0
P24,5,20210209,140500,0.236,0.236,0.236,0.236,14455,0
P24,5,20210209,141000,0.24,0.24,0.24,0.24,2000,0
P24,5,20210209,142000,0.236,0.236,0.236,0.236,5500,0
P24,5,20210209,143000,0.236,0.236,0.236,0.236,2500,0
P24,5,20210209,143500,0.24,0.24,0.24,0.24,734,0
P24,5,20210209,144500,0.24,0.24,0.24,0.24,10000,0
P24,5,20210209,145500,0.242,0.242,0.242,0.242,6229,0
P24,5,20210209,154500,0.24,0.244,0.24,0.244,11616,0
P24,5,20210209,155500,0.236,0.236,0.236,0.236,94,0
P24,5,20210209,161000,0.242,0.242,0.242,0.242,123,0
P24,5,20210209,161500,0.242,0.242,0.242,0.242,15661,0
P24,5,20210209,163000,0.244,0.244,0.244,0.244,15000,0
P24,5,20210209,164500,0.244,0.244,0.244,0.244,18440,0
P24,5,20210210,090000,0.244,0.244,0.244,0.244,18415,0
P24,5,20210210,091000,0.244,0.244,0.234,0.234,50000,0
P24,5,20210210,092000,0.244,0.244,0.244,0.244,70,0
P24,5,20210210,094000,0.24,0.24,0.24,0.24,1000,0
P24,5,20210210,095500,0.242,0.244,0.242,0.244,10050,0
P24,5,20210210,100500,0.244,0.244,0.244,0.244,10000,0
P24,5,20210210,101000,0.244,0.244,0.244,0.244,14000,0
P24,5,20210210,102500,0.244,0.244,0.244,0.244,100,0
P24,5,20210210,110000,0.24,0.24,0.24,0.24,320,0
P24,5,20210210,110500,0.244,0.244,0.244,0.244,331,0
P24,5,20210210,115000,0.24,0.24,0.24,0.24,614,0
P24,5,20210210,120000,0.238,0.238,0.238,0.238,3000,0
P24,5,20210210,122500,0.24,0.24,0.24,0.24,9386,0
P24,5,20210210,124000,0.242,0.242,0.242,0.242,3167,0
P24,5,20210210,130000,0.242,0.242,0.242,0.242,1833,0
P24,5,20210210,130500,0.24,0.24,0.24,0.24,3300,0
P24,5,20210210,131000,0.24,0.24,0.24,0.24,9000,0
P24,5,20210210,131500,0.24,0.24,0.24,0.24,10867,0
P24,5,20210210,132500,0.24,0.24,0.24,0.24,400,0
P24,5,20210210,135000,0.24,0.24,0.24,0.24,9600,0
P24,5,20210210,141500,0.242,0.26,0.242,0.26,163955,0
P24,5,20210210,142000,0.256,0.256,0.254,0.254,19000,0
P24,5,20210210,143500,0.254,0.254,0.254,0.254,4000,0
P24,5,20210210,144000,0.256,0.256,0.256,0.256,10367,0
P24,5,20210210,144500,0.256,0.262,0.256,0.26,55667,0
P24,5,20210210,145000,0.26,0.264,0.26,0.264,21330,0
P24,5,20210210,145500,0.264,0.266,0.264,0.266,64220,0
P24,5,20210210,150000,0.266,0.268,0.266,0.266,57451,0
P24,5,20210210,150500,0.266,0.268,0.262,0.266,62221,0
P24,5,20210210,151000,0.264,0.264,0.254,0.254,68035,0
P24,5,20210210,151500,0.258,0.26,0.258,0.26,49120,0
P24,5,20210210,152000,0.26,0.26,0.26,0.26,8700,0
P24,5,20210210,152500,0.258,0.258,0.258,0.258,2000,0
P24,5,20210210,153000,0.256,0.256,0.248,0.25,48483,0
P24,5,20210210,153500,0.25,0.25,0.25,0.25,2535,0
P24,5,20210210,155000,0.25,0.258,0.25,0.256,14000,0
P24,5,20210210,160500,0.25,0.25,0.25,0.25,9000,0
P24,5,20210210,161500,0.258,0.258,0.258,0.258,10000,0
P24,5,20210210,163000,0.252,0.258,0.252,0.252,21049,0
P24,5,20210210,164500,0.258,0.258,0.258,0.258,8000,0
P24,5,20210211,091500,0.258,0.258,0.258,0.258,2000,0
P24,5,20210211,092000,0.26,0.26,0.26,0.26,3000,0
P24,5,20210211,094500,0.26,0.262,0.26,0.262,12315,0
P24,5,20210211,101500,0.256,0.256,0.256,0.256,1000,0
P24,5,20210211,111000,0.252,0.252,0.252,0.252,3000,0
P24,5,20210211,112500,0.252,0.252,0.25,0.25,12000,0
P24,5,20210211,113000,0.25,0.25,0.248,0.248,10700,0
P24,5,20210211,113500,0.248,0.248,0.248,0.248,10000,0
P24,5,20210211,122500,0.254,0.256,0.254,0.256,5210,0
P24,5,20210211,124500,0.25,0.25,0.25,0.25,1200,0
P24,5,20210211,131000,0.254,0.254,0.254,0.254,771,0
P24,5,20210211,132500,0.254,0.26,0.254,0.26,40000,0
P24,5,20210211,135000,0.248,0.258,0.248,0.258,4450,0
P24,5,20210211,140000,0.258,0.258,0.258,0.258,5000,0
P24,5,20210211,140500,0.258,0.26,0.258,0.26,10000,0
P24,5,20210211,141000,0.25,0.25,0.25,0.25,500,0
P24,5,20210211,141500,0.258,0.258,0.25,0.25,10321,0
P24,5,20210211,145500,0.258,0.258,0.258,0.258,3888,0
P24,5,20210211,152000,0.252,0.252,0.252,0.252,5000,0
P24,5,20210211,152500,0.252,0.252,0.252,0.252,2000,0
P24,5,20210211,153000,0.258,0.258,0.258,0.258,3000,0
P24,5,20210211,154500,0.254,0.254,0.254,0.254,8,0
P24,5,20210211,155000,0.254,0.254,0.25,0.25,20000,0
P24,5,20210211,163000,0.25,0.25,0.25,0.25,15000,0
P24,5,20210211,163500,0.248,0.248,0.248,0.248,8000,0
P24,5,20210211,164500,0.248,0.248,0.248,0.248,8206,0
P24,5,20210212,090000,0.248,0.248,0.244,0.244,11744,0
P24,5,20210212,091000,0.244,0.244,0.24,0.24,30000,0
P24,5,20210212,091500,0.242,0.242,0.242,0.242,460,0
P24,5,20210212,093500,0.244,0.244,0.244,0.244,5000,0
P24,5,20210212,095500,0.244,0.246,0.24,0.246,20550,0
P24,5,20210212,100500,0.24,0.24,0.24,0.24,10500,0
P24,5,20210212,101000,0.24,0.24,0.24,0.24,17514,0
P24,5,20210212,103000,0.24,0.24,0.24,0.24,436,0
P24,5,20210212,103500,0.242,0.242,0.242,0.242,1250,0
P24,5,20210212,104000,0.246,0.246,0.246,0.246,677,0
P24,5,20210212,104500,0.246,0.246,0.246,0.246,1000,0
P24,5,20210212,105500,0.246,0.26,0.246,0.26,35751,0
P24,5,20210212,110000,0.26,0.26,0.254,0.254,47681,0
P24,5,20210212,111000,0.26,0.262,0.26,0.262,33000,0
P24,5,20210212,112500,0.26,0.26,0.254,0.254,158549,0
P24,5,20210212,115500,0.256,0.256,0.256,0.256,200,0
P24,5,20210212,120000,0.256,0.256,0.256,0.256,999,0
P24,5,20210212,122500,0.256,0.256,0.256,0.256,450,0
P24,5,20210212,125000,0.248,0.256,0.248,0.256,1166,0
P24,5,20210212,132000,0.25,0.25,0.246,0.246,21925,0
P24,5,20210212,140500,0.246,0.246,0.246,0.246,17275,0
P24,5,20210212,141000,0.244,0.244,0.244,0.244,24135,0
P24,5,20210212,141500,0.244,0.244,0.238,0.238,77163,0
P24,5,20210212,142500,0.24,0.24,0.24,0.24,8800,0
P24,5,20210212,144000,0.24,0.24,0.24,0.24,1010,0
P24,5,20210212,151500,0.248,0.248,0.248,0.248,111,0
P24,5,20210212,153000,0.248,0.248,0.248,0.248,5389,0
P24,5,20210212,155500,0.248,0.248,0.248,0.248,20000,0
P24,5,20210212,160000,0.248,0.254,0.248,0.254,18784,0
P24,5,20210212,160500,0.254,0.254,0.254,0.254,216,0
P24,5,20210212,162500,0.252,0.252,0.252,0.252,8729,0
P24,5,20210212,163000,0.254,0.254,0.254,0.254,10242,0
P24,5,20210212,163500,0.254,0.254,0.254,0.254,29,0
P24,5,20210212,164500,0.25,0.254,0.25,0.25,28931,0
P24,5,20210215,090000,0.25,0.25,0.24,0.24,16661,0
P24,5,20210215,090500,0.25,0.25,0.25,0.25,80,0
P24,5,20210215,091500,0.242,0.242,0.242,0.242,1000,0
P24,5,20210215,093000,0.248,0.248,0.24,0.24,22804,0
P24,5,20210215,100500,0.242,0.242,0.242,0.242,1653,0
P24,5,20210215,101500,0.242,0.242,0.242,0.242,3700,0
P24,5,20210215,102000,0.244,0.244,0.244,0.244,5353,0
P24,5,20210215,103500,0.248,0.25,0.248,0.25,20802,0
P24,5,20210215,105500,0.244,0.244,0.244,0.244,8600,0
P24,5,20210215,111000,0.248,0.25,0.248,0.25,10000,0
P24,5,20210215,120000,0.246,0.246,0.244,0.244,12428,0
P24,5,20210215,122000,0.244,0.244,0.244,0.244,2619,0
P24,5,20210215,122500,0.244,0.25,0.244,0.25,5000,0
P24,5,20210215,132500,0.244,0.244,0.244,0.244,8000,0
P24,5,20210215,133500,0.246,0.246,0.246,0.246,5000,0
P24,5,20210215,134500,0.25,0.25,0.25,0.25,5000,0
P24,5,20210215,141500,0.246,0.246,0.246,0.246,50000,0
P24,5,20210215,144000,0.25,0.25,0.25,0.25,8500,0
P24,5,20210215,144500,0.25,0.25,0.25,0.25,81,0
P24,5,20210215,145000,0.252,0.252,0.252,0.252,919,0
P24,5,20210215,145500,0.246,0.246,0.244,0.244,1500,0
P24,5,20210215,150000,0.252,0.252,0.252,0.252,300,0
P24,5,20210215,152500,0.244,0.244,0.244,0.244,7500,0
P24,5,20210215,153500,0.25,0.25,0.25,0.25,4000,0
P24,5,20210215,154500,0.25,0.25,0.244,0.244,3400,0
P24,5,20210215,160000,0.244,0.244,0.244,0.244,20000,0
P24,5,20210215,163500,0.242,0.25,0.242,0.25,3,0
P24,5,20210215,164500,0.25,0.25,0.25,0.25,20000,0
P24,5,20210216,090000,0.242,0.242,0.242,0.242,3262,0
P24,5,20210216,090500,0.242,0.242,0.24,0.24,40660,0
P24,5,20210216,091000,0.238,0.238,0.238,0.238,18492,0
P24,5,20210216,092000,0.24,0.24,0.236,0.238,28885,0
P24,5,20210216,092500,0.236,0.25,0.236,0.248,15271,0
P24,5,20210216,093000,0.244,0.244,0.238,0.238,8700,0
P24,5,20210216,100500,0.242,0.242,0.242,0.242,5000,0
P24,5,20210216,101000,0.242,0.242,0.242,0.242,1000,0
P24,5,20210216,101500,0.242,0.242,0.242,0.242,8699,0
P24,5,20210216,102000,0.242,0.242,0.242,0.242,4364,0
P24,5,20210216,103500,0.246,0.246,0.246,0.246,1000,0
P24,5,20210216,104000,0.242,0.242,0.242,0.242,937,0
P24,5,20210216,104500,0.24,0.24,0.238,0.238,50987,0
P24,5,20210216,105000,0.238,0.238,0.232,0.232,61829,0
P24,5,20210216,105500,0.232,0.232,0.232,0.232,1,0
P24,5,20210216,110000,0.236,0.236,0.236,0.236,1,0
P24,5,20210216,110500,0.238,0.238,0.238,0.238,4749,0
P24,5,20210216,112500,0.238,0.24,0.238,0.24,29051,0
P24,5,20210216,113000,0.24,0.24,0.24,0.24,2000,0
P24,5,20210216,114000,0.24,0.24,0.24,0.24,27000,0
P24,5,20210216,115000,0.246,0.246,0.246,0.246,1000,0
P24,5,20210216,120000,0.246,0.246,0.246,0.246,2410,0
P24,5,20210216,120500,0.248,0.248,0.248,0.248,30184,0
P24,5,20210216,123000,0.246,0.246,0.246,0.246,8888,0
P24,5,20210216,130000,0.244,0.244,0.244,0.244,8888,0
P24,5,20210216,140000,0.246,0.246,0.246,0.246,15542,0
P24,5,20210216,141000,0.246,0.246,0.246,0.246,458,0
P24,5,20210216,154000,0.238,0.238,0.238,0.238,17500,0
P24,5,20210216,155000,0.246,0.246,0.246,0.246,100,0
P24,5,20210217,090000,0.246,0.246,0.238,0.238,8190,0
P24,5,20210217,090500,0.238,0.238,0.238,0.238,7000,0
P24,5,20210217,091000,0.238,0.254,0.23,0.252,221018,0
P24,5,20210217,091500,0.252,0.252,0.252,0.252,10000,0
P24,5,20210217,092000,0.252,0.252,0.252,0.252,13000,0
P24,5,20210217,092500,0.252,0.254,0.252,0.254,35000,0
P24,5,20210217,093000,0.254,0.258,0.254,0.258,27392,0
P24,5,20210217,093500,0.258,0.26,0.258,0.26,58879,0
P24,5,20210217,094000,0.26,0.26,0.26,0.26,17507,0
P24,5,20210217,094500,0.258,0.262,0.258,0.26,24000,0
P24,5,20210217,095000,0.252,0.252,0.252,0.252,2,0
P24,5,20210217,100500,0.258,0.258,0.258,0.258,10000,0
P24,5,20210217,103000,0.258,0.258,0.258,0.258,1960,0
P24,5,20210217,103500,0.252,0.252,0.252,0.252,21000,0
P24,5,20210217,104000,0.252,0.252,0.252,0.252,13801,0
P24,5,20210217,113000,0.258,0.26,0.258,0.26,15000,0
P24,5,20210217,121000,0.252,0.252,0.252,0.252,1,0
P24,5,20210217,121500,0.252,0.252,0.25,0.25,6977,0
P24,5,20210217,122000,0.246,0.246,0.246,0.246,23023,0
P24,5,20210217,130500,0.256,0.256,0.256,0.256,1000,0
P24,5,20210217,140000,0.254,0.254,0.254,0.254,3047,0
P24,5,20210217,141000,0.254,0.256,0.254,0.256,5000,0
P24,5,20210217,153500,0.248,0.248,0.248,0.248,1300,0
P24,5,20210217,161000,0.25,0.25,0.25,0.25,4000,0
P24,5,20210217,164500,0.256,0.256,0.256,0.256,3010,0
P24,5,20210218,090000,0.258,0.258,0.258,0.258,1,0
P24,5,20210218,092000,0.25,0.25,0.25,0.25,10000,0
P24,5,20210218,094000,0.246,0.254,0.24,0.254,55002,0
P24,5,20210218,100500,0.244,0.244,0.242,0.242,15720,0
P24,5,20210218,102000,0.242,0.248,0.242,0.248,8635,0
P24,5,20210218,110000,0.248,0.25,0.248,0.25,3988,0
P24,5,20210218,113000,0.25,0.25,0.25,0.25,4900,0
P24,5,20210218,113500,0.244,0.244,0.244,0.244,3000,0
P24,5,20210218,115500,0.244,0.244,0.244,0.244,1500,0
P24,5,20210218,120500,0.244,0.244,0.244,0.244,2000,0
P24,5,20210218,123000,0.244,0.244,0.244,0.244,5061,0
P24,5,20210218,130500,0.248,0.25,0.248,0.25,8888,0
P24,5,20210218,132000,0.244,0.244,0.244,0.244,1950,0
P24,5,20210218,135000,0.25,0.25,0.25,0.25,310,0
P24,5,20210218,140000,0.244,0.244,0.244,0.244,7056,0
P24,5,20210218,141000,0.25,0.25,0.24,0.24,59100,0
P24,5,20210218,141500,0.24,0.24,0.24,0.24,12000,0
P24,5,20210218,142000,0.24,0.25,0.24,0.24,25121,0
P24,5,20210218,142500,0.24,0.24,0.238,0.238,50879,0
P24,5,20210218,143000,0.238,0.24,0.238,0.238,16500,0
P24,5,20210218,143500,0.244,0.244,0.244,0.244,4000,0
P24,5,20210218,144000,0.24,0.24,0.238,0.238,30000,0
P24,5,20210218,144500,0.238,0.238,0.236,0.236,43604,0
P24,5,20210218,145000,0.232,0.236,0.23,0.236,72951,0
P24,5,20210218,145500,0.236,0.246,0.226,0.23,59001,0
P24,5,20210218,150000,0.24,0.246,0.24,0.246,500,0
P24,5,20210218,152000,0.232,0.232,0.232,0.232,1000,0
P24,5,20210218,152500,0.236,0.236,0.234,0.234,10000,0
P24,5,20210218,153000,0.236,0.236,0.236,0.236,1000,0
P24,5,20210218,154500,0.24,0.24,0.24,0.24,9446,0
P24,5,20210218,160000,0.244,0.244,0.24,0.24,6550,0
P24,5,20210218,160500,0.242,0.242,0.242,0.242,2494,0
P24,5,20210218,162500,0.24,0.24,0.23,0.23,119192,0
P24,5,20210218,163000,0.228,0.228,0.228,0.228,10000,0
P24,5,20210218,163500,0.228,0.228,0.226,0.226,6220,0
P24,5,20210218,164000,0.23,0.23,0.23,0.23,10000,0
P24,5,20210218,164500,0.226,0.23,0.226,0.23,86697,0
P24,5,20210219,090000,0.244,0.244,0.244,0.244,20,0
P24,5,20210219,090500,0.238,0.238,0.238,0.238,4000,0
P24,5,20210219,091000,0.23,0.23,0.23,0.23,5000,0
P24,5,20210219,091500,0.236,0.236,0.236,0.236,1000,0
P24,5,20210219,092000,0.23,0.23,0.226,0.226,15150,0
P24,5,20210219,095500,0.226,0.226,0.226,0.226,20000,0
P24,5,20210219,100000,0.228,0.228,0.228,0.228,1,0
P24,5,20210219,101000,0.228,0.228,0.228,0.228,9999,0
P24,5,20210219,102000,0.226,0.23,0.226,0.23,1521,0
P24,5,20210219,104000,0.226,0.226,0.226,0.226,2000,0
P24,5,20210219,105000,0.23,0.23,0.23,0.23,5481,0
P24,5,20210219,110000,0.226,0.226,0.226,0.226,500,0
P24,5,20210219,111000,0.226,0.226,0.226,0.226,23722,0
P24,5,20210219,113000,0.226,0.23,0.226,0.23,30,0
P24,5,20210219,113500,0.23,0.234,0.23,0.234,6021,0
P24,5,20210219,114000,0.234,0.234,0.234,0.234,16399,0
P24,5,20210219,114500,0.234,0.234,0.234,0.234,8000,0
P24,5,20210219,115000,0.226,0.226,0.226,0.226,9000,0
P24,5,20210219,115500,0.234,0.234,0.234,0.234,7000,0
P24,5,20210219,120000,0.236,0.236,0.236,0.236,50,0
P24,5,20210219,131500,0.226,0.228,0.222,0.222,48200,0
P24,5,20210219,133000,0.222,0.222,0.22,0.22,80000,0
P24,5,20210219,140500,0.222,0.222,0.22,0.22,77001,0
P24,5,20210219,142000,0.22,0.22,0.22,0.22,10000,0
P24,5,20210219,143500,0.22,0.22,0.214,0.214,40001,0
P24,5,20210219,144000,0.216,0.228,0.216,0.228,1000,0
P24,5,20210219,152000,0.222,0.222,0.222,0.222,1537,0
P24,5,20210219,153000,0.224,0.224,0.224,0.224,3000,0
P24,5,20210219,161500,0.228,0.228,0.228,0.228,1400,0
P24,5,20210219,163500,0.224,0.224,0.224,0.224,5537,0
P24,5,20210219,164500,0.23,0.23,0.23,0.23,4000,0
P24,5,20210222,090000,0.222,0.222,0.222,0.222,6685,0
P24,5,20210222,091500,0.222,0.226,0.21,0.226,105001,0
P24,5,20210222,092000,0.222,0.222,0.222,0.222,3870,0
P24,5,20210222,092500,0.212,0.212,0.212,0.212,2000,0
P24,5,20210222,093000,0.22,0.222,0.22,0.222,25325,0
P24,5,20210222,093500,0.228,0.228,0.228,0.228,400,0
P24,5,20210222,101000,0.222,0.222,0.22,0.22,8000,0
P24,5,20210222,103500,0.22,0.22,0.22,0.22,7553,0
P24,5,20210222,105500,0.22,0.22,0.22,0.22,1500,0
P24,5,20210222,111000,0.22,0.22,0.22,0.22,14600,0
P24,5,20210222,111500,0.22,0.222,0.22,0.222,14997,0
P24,5,20210222,113500,0.22,0.22,0.218,0.218,7004,0
P24,5,20210222,114500,0.218,0.218,0.218,0.218,2000,0
P24,5,20210222,115500,0.218,0.218,0.216,0.216,16424,0
P24,5,20210222,140500,0.22,0.22,0.22,0.22,3000,0
P24,5,20210222,141500,0.22,0.22,0.22,0.22,7000,0
P24,5,20210222,142500,0.22,0.22,0.22,0.22,5000,0
P24,5,20210222,144000,0.22,0.222,0.22,0.222,2222,0
P24,5,20210222,145000,0.22,0.22,0.22,0.22,1000,0
P24,5,20210222,150500,0.218,0.224,0.216,0.224,29489,0
P24,5,20210222,152000,0.23,0.23,0.23,0.23,1000,0
P24,5,20210222,155000,0.23,0.23,0.23,0.23,5090,0
P24,5,20210222,160000,0.23,0.23,0.23,0.23,10000,0
P24,5,20210222,161000,0.224,0.224,0.224,0.224,3000,0
P24,5,20210222,163500,0.224,0.224,0.224,0.224,2500,0
P24,5,20210222,164000,0.23,0.23,0.23,0.23,9734,0
P24,5,20210222,164500,0.224,0.224,0.222,0.222,5266,0
P24,5,20210223,091000,0.222,0.222,0.218,0.218,10000,0
P24,5,20210223,092000,0.218,0.218,0.218,0.218,4704,0
P24,5,20210223,093500,0.218,0.218,0.216,0.216,10200,0
P24,5,20210223,094000,0.216,0.216,0.214,0.214,10000,0
P24,5,20210223,094500,0.214,0.216,0.214,0.216,16800,0
P24,5,20210223,100500,0.216,0.216,0.216,0.216,1000,0
P24,5,20210223,104000,0.216,0.216,0.216,0.216,20000,0
P24,5,20210223,111500,0.216,0.216,0.216,0.216,4500,0
P24,5,20210223,112000,0.216,0.216,0.216,0.216,4500,0
P24,5,20210223,112500,0.218,0.218,0.218,0.218,142,0
P24,5,20210223,113500,0.214,0.214,0.212,0.212,15400,0
P24,5,20210223,114000,0.212,0.212,0.21,0.21,35597,0
P24,5,20210223,114500,0.206,0.206,0.202,0.204,11492,0
P24,5,20210223,115000,0.206,0.206,0.206,0.206,2000,0
P24,5,20210223,121500,0.208,0.208,0.208,0.208,1,0
P24,5,20210223,122000,0.21,0.21,0.21,0.21,4244,0
P24,5,20210223,122500,0.212,0.212,0.212,0.212,1,0
P24,5,20210223,123500,0.208,0.208,0.208,0.208,1235,0
P24,5,20210223,130500,0.21,0.21,0.21,0.21,8000,0
P24,5,20210223,131500,0.21,0.21,0.21,0.21,4000,0
P24,5,20210223,132000,0.21,0.21,0.21,0.21,10000,0
P24,5,20210223,133000,0.212,0.212,0.208,0.208,3010,0
P24,5,20210223,133500,0.208,0.208,0.208,0.208,8716,0
P24,5,20210223,135000,0.208,0.208,0.208,0.208,9848,0
P24,5,20210223,140500,0.208,0.212,0.208,0.212,581,0
P24,5,20210223,141500,0.214,0.214,0.214,0.214,9000,0
P24,5,20210223,142000,0.218,0.218,0.218,0.218,1890,0
P24,5,20210223,145000,0.214,0.214,0.214,0.214,3000,0
P24,5,20210223,150000,0.21,0.21,0.21,0.21,110,0
P24,5,20210223,151000,0.21,0.21,0.21,0.21,325,0
P24,5,20210223,151500,0.21,0.21,0.21,0.21,1500,0
P24,5,20210223,153000,0.21,0.21,0.21,0.21,397,0
P24,5,20210223,160000,0.208,0.208,0.208,0.208,6990,0
P24,5,20210223,164500,0.214,0.214,0.214,0.214,14645,0
P24,5,20210224,090500,0.214,0.214,0.21,0.21,6523,0
P24,5,20210224,091000,0.21,0.21,0.21,0.21,8637,0
P24,5,20210224,092000,0.21,0.21,0.21,0.21,5030,0
P24,5,20210224,092500,0.21,0.21,0.21,0.21,22874,0
P24,5,20210224,093500,0.21,0.21,0.206,0.206,12352,0
P24,5,20210224,094500,0.208,0.208,0.204,0.204,25000,0
P24,5,20210224,095500,0.21,0.21,0.21,0.21,1927,0
P24,5,20210224,100500,0.21,0.21,0.21,0.21,20000,0
P24,5,20210224,103000,0.21,0.21,0.21,0.21,8073,0
P24,5,20210224,103500,0.216,0.216,0.216,0.216,8073,0
P24,5,20210224,105500,0.216,0.222,0.216,0.222,29001,0
P24,5,20210224,110000,0.224,0.23,0.224,0.23,26312,0
P24,5,20210224,110500,0.226,0.226,0.226,0.226,8888,0
P24,5,20210224,112000,0.228,0.228,0.228,0.228,18897,0
P24,5,20210224,112500,0.228,0.228,0.228,0.228,11103,0
P24,5,20210224,113500,0.226,0.226,0.226,0.226,1330,0
P24,5,20210224,114000,0.226,0.226,0.226,0.226,670,0
P24,5,20210224,115000,0.228,0.228,0.228,0.228,5265,0
P24,5,20210224,115500,0.228,0.228,0.228,0.228,16745,0
P24,5,20210224,122000,0.22,0.22,0.22,0.22,10000,0
P24,5,20210224,123000,0.226,0.226,0.226,0.226,11103,0
P24,5,20210224,123500,0.218,0.218,0.218,0.218,2200,0
P24,5,20210224,124000,0.216,0.216,0.216,0.216,5481,0
P24,5,20210224,125500,0.216,0.216,0.214,0.214,29019,0
P24,5,20210224,130000,0.212,0.212,0.21,0.212,64585,0
P24,5,20210224,131000,0.216,0.216,0.216,0.216,4152,0
P24,5,20210224,132500,0.214,0.214,0.214,0.214,6000,0
P24,5,20210224,140500,0.212,0.212,0.212,0.212,6000,0
P24,5,20210224,145500,0.21,0.21,0.21,0.21,4600,0
P24,5,20210224,154000,0.21,0.21,0.21,0.21,17461,0
P24,5,20210224,155000,0.21,0.21,0.208,0.208,7000,0
P24,5,20210224,160000,0.208,0.208,0.208,0.208,3000,0
P24,5,20210224,162500,0.208,0.208,0.208,0.208,14000,0
P24,5,20210224,165500,0.208,0.208,0.208,0.208,8157,0
P24,5,20210225,090000,0.212,0.212,0.21,0.212,5000,0
P24,5,20210225,090500,0.212,0.214,0.212,0.214,8000,0
P24,5,20210225,091000,0.216,0.22,0.216,0.218,19500,0
P24,5,20210225,091500,0.208,0.208,0.206,0.206,35919,0
P24,5,20210225,092500,0.206,0.206,0.204,0.204,3500,0
P24,5,20210225,102500,0.208,0.216,0.208,0.216,38551,0
P24,5,20210225,104000,0.216,0.22,0.216,0.22,3105,0
P24,5,20210225,105000,0.222,0.222,0.222,0.222,399,0
P24,5,20210225,105500,0.222,0.226,0.222,0.226,9102,0
P24,5,20210225,110000,0.224,0.224,0.224,0.224,10000,0
P24,5,20210225,112500,0.224,0.224,0.224,0.224,9882,0
P24,5,20210225,121000,0.216,0.216,0.216,0.216,100,0
P24,5,20210225,123500,0.216,0.216,0.208,0.208,42206,0
P24,5,20210225,130500,0.216,0.216,0.216,0.216,8888,0
P24,5,20210225,131500,0.22,0.22,0.22,0.22,1000,0
P24,5,20210225,133000,0.218,0.218,0.218,0.218,12000,0
P24,5,20210225,134000,0.22,0.22,0.22,0.22,1,0
P24,5,20210225,140000,0.22,0.22,0.22,0.22,6000,0
P24,5,20210225,141500,0.214,0.214,0.214,0.214,6000,0
P24,5,20210225,142000,0.214,0.214,0.214,0.214,3000,0
P24,5,20210225,143500,0.22,0.22,0.22,0.22,3,0
P24,5,20210225,154500,0.214,0.214,0.212,0.212,5000,0
P24,5,20210225,162000,0.22,0.22,0.22,0.22,7024,0
P24,5,20210225,164000,0.21,0.21,0.21,0.21,2359,0
P24,5,20210225,164500,0.22,0.22,0.218,0.218,19780,0
P24,5,20210226,090500,0.21,0.21,0.208,0.208,10000,0
P24,5,20210226,091500,0.208,0.208,0.208,0.208,8238,0
P24,5,20210226,094500,0.21,0.21,0.21,0.21,7000,0
P24,5,20210226,095000,0.21,0.21,0.206,0.206,20000,0
P24,5,20210226,102500,0.208,0.208,0.208,0.208,10513,0
P24,5,20210226,111500,0.208,0.208,0.208,0.208,11473,0
P24,5,20210226,122500,0.21,0.218,0.21,0.218,46000,0
P24,5,20210226,123000,0.22,0.224,0.22,0.224,64129,0
P24,5,20210226,123500,0.224,0.224,0.224,0.224,15361,0
P24,5,20210226,124000,0.226,0.23,0.224,0.224,51106,0
P24,5,20210226,124500,0.226,0.228,0.226,0.228,10000,0
P24,5,20210226,131000,0.22,0.22,0.22,0.22,1000,0
P24,5,20210226,140500,0.218,0.218,0.218,0.218,1000,0
P24,5,20210226,153000,0.218,0.218,0.218,0.218,802,0
P24,5,20210226,160000,0.214,0.214,0.212,0.212,14500,0
P24,5,20210226,162500,0.212,0.212,0.21,0.21,37000,0
P24,5,20210226,163500,0.216,0.216,0.216,0.216,2400,0
P24,5,20210226,164000,0.214,0.214,0.214,0.214,5000,0
P24,5,20210226,164500,0.218,0.218,0.218,0.218,15750,0
P24,5,20210301,090000,0.218,0.22,0.218,0.22,26372,0
P24,5,20210301,094000,0.22,0.22,0.22,0.22,200,0
P24,5,20210301,094500,0.22,0.22,0.22,0.22,5000,0
P24,5,20210301,102000,0.22,0.22,0.22,0.22,5086,0
P24,5,20210301,103000,0.222,0.222,0.222,0.222,1000,0
P24,5,20210301,103500,0.22,0.22,0.22,0.22,3136,0
P24,5,20210301,105000,0.22,0.222,0.22,0.222,17378,0
P24,5,20210301,111500,0.218,0.218,0.218,0.218,3000,0
P24,5,20210301,121500,0.218,0.22,0.218,0.22,17400,0
P24,5,20210301,122000,0.22,0.22,0.212,0.212,21889,0
P24,5,20210301,124500,0.22,0.22,0.22,0.22,2713,0
P24,5,20210301,125000,0.212,0.212,0.212,0.212,8882,0
P24,5,20210301,134500,0.22,0.22,0.22,0.22,400,0
P24,5,20210301,140500,0.22,0.22,0.22,0.22,21887,0
P24,5,20210301,142000,0.22,0.22,0.22,0.22,4000,0
P24,5,20210301,152000,0.222,0.222,0.222,0.222,1000,0
P24,5,20210301,153000,0.222,0.222,0.222,0.222,3000,0
P24,5,20210301,160500,0.222,0.222,0.222,0.222,2956,0
P24,5,20210301,161000,0.222,0.222,0.222,0.222,5000,0
P24,5,20210301,161500,0.226,0.226,0.226,0.226,1,0
P24,5,20210301,162500,0.222,0.222,0.22,0.22,33000,0
P24,5,20210301,163000,0.22,0.22,0.212,0.212,4869,0
P24,5,20210301,164500,0.22,0.22,0.22,0.22,1,0
P24,5,20210302,090000,0.226,0.226,0.226,0.226,1,0
P24,5,20210302,091500,0.22,0.22,0.22,0.22,4913,0
P24,5,20210302,092000,0.224,0.224,0.224,0.224,1,0
P24,5,20210302,093000,0.224,0.224,0.224,0.224,12362,0
P24,5,20210302,093500,0.226,0.226,0.226,0.226,5400,0
P24,5,20210302,094500,0.226,0.228,0.226,0.228,20336,0
P24,5,20210302,095000,0.23,0.232,0.23,0.232,54428,0
P24,5,20210302,095500,0.232,0.232,0.232,0.232,2640,0
P24,5,20210302,100000,0.232,0.232,0.232,0.232,18766,0
P24,5,20210302,100500,0.232,0.232,0.228,0.228,24737,0
P24,5,20210302,104000,0.226,0.23,0.226,0.23,27995,0
P24,5,20210302,110500,0.23,0.23,0.23,0.23,312,0
P24,5,20210302,111000,0.226,0.226,0.226,0.226,1607,0
P24,5,20210302,112000,0.222,0.222,0.222,0.222,12540,0
P24,5,20210302,112500,0.218,0.218,0.218,0.218,2000,0
P24,5,20210302,113500,0.22,0.22,0.22,0.22,1000,0
P24,5,20210302,114000,0.22,0.22,0.216,0.216,13000,0
P24,5,20210302,115500,0.216,0.216,0.216,0.216,1000,0
P24,5,20210302,121000,0.22,0.22,0.22,0.22,1,0
P24,5,20210302,123500,0.216,0.22,0.21,0.22,102000,0
P24,5,20210302,124000,0.218,0.22,0.218,0.22,22714,0
P24,5,20210302,130000,0.214,0.214,0.214,0.214,2000,0
P24,5,20210302,130500,0.218,0.218,0.218,0.218,1822,0
P24,5,20210302,131000,0.218,0.218,0.218,0.218,5403,0
P24,5,20210302,132000,0.218,0.22,0.214,0.214,24245,0
P24,5,20210302,145000,0.214,0.214,0.214,0.214,1400,0
P24,5,20210302,152000,0.22,0.22,0.22,0.22,800,0
P24,5,20210302,160500,0.22,0.22,0.22,0.22,900,0
P24,5,20210302,163500,0.22,0.22,0.22,0.22,24983,0
P24,5,20210302,164000,0.226,0.226,0.226,0.226,22688,0
P24,5,20210302,164500,0.228,0.228,0.226,0.226,9997,0
P24,5,20210303,091000,0.214,0.214,0.21,0.21,50000,0
P24,5,20210303,091500,0.224,0.224,0.224,0.224,1,0
P24,5,20210303,093000,0.214,0.214,0.21,0.21,50000,0
P24,5,20210303,093500,0.212,0.216,0.21,0.216,33999,0
P24,5,20210303,094500,0.218,0.218,0.218,0.218,7308,0
P24,5,20210303,095500,0.216,0.216,0.216,0.216,15000,0
P24,5,20210303,100500,0.212,0.212,0.212,0.212,30000,0
P24,5,20210303,101500,0.21,0.21,0.21,0.21,3000,0
P24,5,20210303,102000,0.218,0.218,0.218,0.218,3692,0
P24,5,20210303,103500,0.21,0.21,0.21,0.21,5000,0
P24,5,20210303,110000,0.212,0.216,0.212,0.216,13071,0
P24,5,20210303,110500,0.216,0.216,0.216,0.216,9000,0
P24,5,20210303,121500,0.216,0.216,0.216,0.216,100,0
P24,5,20210303,131000,0.212,0.212,0.212,0.212,20000,0
P24,5,20210303,132000,0.212,0.212,0.212,0.212,10000,0
P24,5,20210303,132500,0.214,0.216,0.214,0.216,27791,0
P24,5,20210303,133000,0.216,0.218,0.216,0.218,10001,0
P24,5,20210303,134500,0.214,0.214,0.214,0.214,10000,0
P24,5,20210303,135500,0.214,0.214,0.212,0.212,20000,0
P24,5,20210303,141000,0.214,0.214,0.214,0.214,10000,0
P24,5,20210303,142000,0.212,0.212,0.212,0.212,10000,0
P24,5,20210303,144000,0.212,0.212,0.212,0.212,7600,0
P24,5,20210303,151000,0.21,0.214,0.21,0.214,47103,0
P24,5,20210303,155000,0.21,0.21,0.21,0.21,802,0
P24,5,20210303,155500,0.212,0.214,0.212,0.214,2,0
P24,5,20210303,160500,0.214,0.214,0.214,0.214,15000,0
P24,5,20210303,161500,0.21,0.214,0.21,0.214,1122,0
P24,5,20210303,164000,0.214,0.214,0.214,0.214,13,0
P24,5,20210303,164500,0.21,0.21,0.21,0.21,47898,0
P24,5,20210304,090000,0.206,0.206,0.202,0.202,13363,0
P24,5,20210304,091000,0.214,0.214,0.214,0.214,1,0
P24,5,20210304,093000,0.21,0.212,0.21,0.212,1000,0
P24,5,20210304,101500,0.208,0.208,0.206,0.206,20088,0
P24,5,20210304,102000,0.21,0.212,0.21,0.212,14000,0
P24,5,20210304,121000,0.206,0.206,0.202,0.202,27320,0
P24,5,20210304,124500,0.212,0.212,0.212,0.212,12202,0
P24,5,20210304,155500,0.212,0.214,0.212,0.214,1200,0
P24,5,20210304,162000,0.206,0.206,0.206,0.206,500,0
P24,5,20210304,163000,0.214,0.214,0.214,0.214,1,0
P24,5,20210305,091500,0.214,0.214,0.214,0.214,1,0
P24,5,20210305,093500,0.202,0.202,0.202,0.202,1600,0
P24,5,20210305,094000,0.21,0.21,0.21,0.21,1,0
P24,5,20210305,102000,0.21,0.21,0.21,0.21,71,0
P24,5,20210305,114500,0.202,0.202,0.2,0.2,57456,0
P24,5,20210305,115000,0.2,0.202,0.2,0.202,25500,0
P24,5,20210305,115500,0.198,0.198,0.198,0.198,5000,0
P24,5,20210305,120000,0.21,0.212,0.2,0.2,52822,0
P24,5,20210305,120500,0.212,0.214,0.202,0.214,18414,0
P24,5,20210305,121500,0.204,0.204,0.204,0.204,200,0
P24,5,20210305,122000,0.208,0.208,0.208,0.208,1,0
P24,5,20210305,123000,0.208,0.208,0.208,0.208,1612,0
P24,5,20210305,123500,0.208,0.208,0.208,0.208,16000,0
P24,5,20210305,125000,0.21,0.21,0.21,0.21,1,0
P24,5,20210305,132000,0.206,0.206,0.206,0.206,10000,0
P24,5,20210305,152000,0.208,0.208,0.208,0.208,1545,0
P24,5,20210305,161000,0.21,0.21,0.21,0.21,1,0
P24,5,20210305,164500,0.208,0.208,0.208,0.208,5705,0
P24,5,20210308,091000,0.202,0.202,0.197,0.197,25000,0
P24,5,20210308,092000,0.202,0.202,0.202,0.202,6000,0
P24,5,20210308,093500,0.204,0.204,0.204,0.204,3825,0
P24,5,20210308,094000,0.206,0.206,0.206,0.206,6832,0
P24,5,20210308,094500,0.208,0.208,0.208,0.208,10000,0
P24,5,20210308,095000,0.208,0.208,0.208,0.208,9300,0
P24,5,20210308,100000,0.208,0.21,0.208,0.21,12124,0
P24,5,20210308,100500,0.214,0.214,0.214,0.214,1,0
P24,5,20210308,101000,0.21,0.21,0.21,0.21,2000,0
P24,5,20210308,102000,0.214,0.216,0.214,0.216,25525,0
P24,5,20210308,102500,0.214,0.214,0.214,0.214,3001,0
P24,5,20210308,105500,0.21,0.21,0.21,0.21,8500,0
P24,5,20210308,113500,0.21,0.218,0.21,0.218,9000,0
P24,5,20210308,115500,0.216,0.216,0.216,0.216,7400,0
P24,5,20210308,123500,0.218,0.218,0.218,0.218,4000,0
P24,5,20210308,125500,0.218,0.222,0.218,0.222,25275,0
P24,5,20210308,131000,0.222,0.222,0.222,0.222,16273,0
P24,5,20210308,131500,0.224,0.226,0.224,0.226,79499,0
P24,5,20210308,132000,0.23,0.23,0.23,0.23,600,0
P24,5,20210308,133000,0.216,0.216,0.212,0.212,22812,0
P24,5,20210308,134500,0.222,0.222,0.222,0.222,1,0
P24,5,20210308,141500,0.222,0.224,0.222,0.224,24240,0
P24,5,20210308,142000,0.224,0.226,0.222,0.226,18526,0
P24,5,20210308,143000,0.222,0.222,0.222,0.222,32000,0
P24,5,20210308,143500,0.226,0.226,0.226,0.226,1,0
P24,5,20210308,152500,0.22,0.22,0.22,0.22,10000,0
P24,5,20210308,153000,0.224,0.226,0.224,0.226,16667,0
P24,5,20210308,161000,0.216,0.216,0.216,0.216,600,0
P24,5,20210308,161500,0.214,0.214,0.214,0.214,1400,0
P24,5,20210308,164500,0.224,0.224,0.22,0.22,4123,0
P24,5,20210309,090000,0.22,0.22,0.22,0.22,1,0
P24,5,20210309,091000,0.218,0.218,0.218,0.218,19000,0
P24,5,20210309,092500,0.212,0.212,0.212,0.212,23526,0
P24,5,20210309,093500,0.212,0.212,0.212,0.212,23526,0
P24,5,20210309,094000,0.22,0.22,0.22,0.22,123,0
P24,5,20210309,102000,0.22,0.22,0.22,0.22,18953,0
P24,5,20210309,102500,0.224,0.224,0.224,0.224,1,0
P24,5,20210309,104000,0.22,0.22,0.22,0.22,9052,0
P24,5,20210309,105500,0.224,0.224,0.224,0.224,8000,0
P24,5,20210309,110500,0.22,0.22,0.22,0.22,40023,0
P24,5,20210309,111000,0.22,0.22,0.22,0.22,8889,0
P24,5,20210309,111500,0.22,0.22,0.22,0.22,6181,0
P24,5,20210309,114500,0.222,0.222,0.222,0.222,3819,0
P24,5,20210309,122500,0.224,0.224,0.224,0.224,1,0
P24,5,20210309,131500,0.224,0.224,0.224,0.224,244,0
P24,5,20210309,135000,0.214,0.214,0.214,0.214,9620,0
P24,5,20210309,143000,0.222,0.222,0.222,0.222,9620,0
P24,5,20210309,155000,0.22,0.222,0.22,0.222,2400,0
P24,5,20210309,165500,0.224,0.224,0.224,0.224,4004,0
P24,5,20210310,090000,0.214,0.214,0.214,0.214,19730,0
P24,5,20210310,090500,0.212,0.212,0.208,0.208,70923,0
P24,5,20210310,091000,0.21,0.21,0.21,0.21,257,0
P24,5,20210310,091500,0.214,0.216,0.214,0.216,12401,0
P24,5,20210310,092000,0.216,0.216,0.216,0.216,10000,0
P24,5,20210310,094500,0.218,0.218,0.218,0.218,3913,0
P24,5,20210310,095500,0.22,0.22,0.22,0.22,7463,0
P24,5,20210310,100000,0.222,0.222,0.222,0.222,1,0
P24,5,20210310,100500,0.222,0.222,0.222,0.222,16000,0
P24,5,20210310,101000,0.22,0.22,0.22,0.22,15000,0
P24,5,20210310,103000,0.222,0.222,0.218,0.218,12087,0
P24,5,20210310,103500,0.218,0.218,0.218,0.218,7913,0
P24,5,20210310,104000,0.22,0.22,0.22,0.22,2146,0
P24,5,20210310,104500,0.222,0.224,0.222,0.224,4000,0
P24,5,20210310,110000,0.22,0.22,0.216,0.216,15000,0
P24,5,20210310,112000,0.224,0.224,0.224,0.224,1,0
P24,5,20210310,112500,0.218,0.218,0.218,0.218,3000,0
P24,5,20210310,113000,0.224,0.224,0.224,0.224,5000,0
P24,5,20210310,115000,0.218,0.218,0.212,0.212,49628,0
P24,5,20210310,115500,0.21,0.21,0.21,0.21,1,0
P24,5,20210310,120500,0.212,0.212,0.21,0.21,27900,0
P24,5,20210310,121000,0.218,0.218,0.218,0.218,10000,0
P24,5,20210310,121500,0.22,0.22,0.22,0.22,6000,0
P24,5,20210310,133000,0.218,0.218,0.218,0.218,10000,0
P24,5,20210310,133500,0.22,0.226,0.22,0.226,112769,0
P24,5,20210310,134000,0.226,0.226,0.226,0.226,5000,0
P24,5,20210310,141500,0.228,0.228,0.228,0.228,1801,0
P24,5,20210310,145000,0.226,0.226,0.226,0.226,10000,0
P24,5,20210310,154500,0.222,0.224,0.222,0.224,2,0
P24,5,20210310,163500,0.222,0.222,0.22,0.22,7290,0
P24,5,20210310,164000,0.224,0.224,0.224,0.224,123,0
P24,5,20210310,164500,0.22,0.22,0.22,0.22,6900,0
P24,5,20210311,090000,0.214,0.214,0.214,0.214,4050,0
P24,5,20210311,091000,0.224,0.224,0.224,0.224,1,0
P24,5,20210311,094500,0.224,0.226,0.224,0.226,16991,0
P24,5,20210311,101000,0.228,0.228,0.226,0.226,15000,0
P24,5,20210311,102000,0.226,0.226,0.226,0.226,10650,0
P24,5,20210311,102500,0.226,0.226,0.226,0.226,901,0
P24,5,20210311,105000,0.226,0.226,0.226,0.226,509,0
P24,5,20210311,110000,0.226,0.228,0.226,0.228,11000,0
P24,5,20210311,112000,0.226,0.228,0.226,0.228,7401,0
P24,5,20210311,115000,0.224,0.224,0.224,0.224,1868,0
P24,5,20210311,115500,0.226,0.228,0.226,0.228,2,0
P24,5,20210311,122500,0.224,0.224,0.224,0.224,10000,0
P24,5,20210311,124500,0.216,0.216,0.216,0.216,175,0
P24,5,20210311,125500,0.226,0.226,0.226,0.226,1,0
P24,5,20210311,152500,0.216,0.216,0.216,0.216,2012,0
P24,5,20210311,154000,0.224,0.224,0.224,0.224,400,0
P24,5,20210311,154500,0.218,0.218,0.218,0.218,4250,0
P24,5,20210311,155000,0.224,0.224,0.224,0.224,1,0
P24,5,20210311,155500,0.224,0.226,0.224,0.226,5000,0
P24,5,20210311,160000,0.226,0.228,0.226,0.228,10220,0
P24,5,20210311,164500,0.22,0.228,0.22,0.228,7001,0
P24,5,20210312,090000,0.228,0.228,0.228,0.228,6000,0
P24,5,20210312,091000,0.228,0.23,0.228,0.23,16750,0
P24,5,20210312,091500,0.23,0.23,0.23,0.23,10000,0
P24,5,20210312,092500,0.23,0.23,0.23,0.23,1000,0
P24,5,20210312,093500,0.23,0.236,0.23,0.236,92332,0
P24,5,20210312,094000,0.236,0.238,0.236,0.238,25500,0
P24,5,20210312,094500,0.244,0.246,0.238,0.238,44300,0
P24,5,20210312,095000,0.238,0.238,0.238,0.238,9000,0
P24,5,20210312,102500,0.232,0.238,0.232,0.238,10990,0
P24,5,20210312,110000,0.236,0.238,0.236,0.238,20000,0
P24,5,20210312,110500,0.234,0.234,0.234,0.234,200,0
P24,5,20210312,111500,0.238,0.238,0.238,0.238,1,0
P24,5,20210312,115500,0.234,0.234,0.232,0.232,14062,0
P24,5,20210312,120500,0.238,0.238,0.238,0.238,334,0
P24,5,20210312,130000,0.23,0.23,0.23,0.23,12214,0
P24,5,20210312,133500,0.236,0.236,0.236,0.236,333,0
P24,5,20210312,144500,0.236,0.236,0.236,0.236,5000,0
P24,5,20210312,145000,0.236,0.236,0.236,0.236,5000,0
P24,5,20210312,153000,0.236,0.238,0.236,0.236,7343,0
P24,5,20210312,154500,0.238,0.238,0.238,0.238,3000,0
P24,5,20210312,163500,0.232,0.236,0.232,0.236,4155,0
P24,5,20210315,090000,0.236,0.236,0.236,0.236,17630,0
P24,5,20210315,122500,0.23,0.236,0.23,0.236,201,0
P24,5,20210315,133000,0.23,0.23,0.23,0.23,800,0
P24,5,20210315,133500,0.222,0.23,0.222,0.23,10110,0
P24,5,20210315,134000,0.23,0.234,0.23,0.234,100,0
P24,5,20210315,140000,0.224,0.234,0.224,0.234,20001,0
P24,5,20210315,141000,0.226,0.226,0.226,0.226,10000,0
P24,5,20210315,141500,0.232,0.232,0.232,0.232,1,0
P24,5,20210315,142500,0.23,0.23,0.23,0.23,553,0
P24,5,20210315,144000,0.23,0.23,0.23,0.23,22077,0
P24,5,20210315,151500,0.224,0.224,0.22,0.22,62097,0
P24,5,20210315,152500,0.22,0.22,0.218,0.218,28937,0
P24,5,20210315,153500,0.228,0.228,0.228,0.228,123,0
P24,5,20210315,164500,0.224,0.224,0.224,0.224,150,0
P24,5,20210316,090000,0.218,0.218,0.218,0.218,2000,0
P24,5,20210316,090500,0.218,0.218,0.218,0.218,9063,0
P24,5,20210316,091000,0.216,0.216,0.216,0.216,3517,0
P24,5,20210316,091500,0.218,0.218,0.218,0.218,5500,0
P24,5,20210316,092000,0.218,0.22,0.218,0.22,4401,0
P24,5,20210316,092500,0.224,0.224,0.224,0.224,77,0
P24,5,20210316,095500,0.218,0.218,0.218,0.218,20920,0
P24,5,20210316,100000,0.218,0.218,0.218,0.218,2500,0
P24,5,20210316,100500,0.224,0.224,0.224,0.224,222,0
P24,5,20210316,102000,0.22,0.22,0.218,0.218,15000,0
P24,5,20210316,103000,0.218,0.218,0.218,0.218,1479,0
P24,5,20210316,105500,0.218,0.218,0.218,0.218,6343,0
P24,5,20210316,120500,0.218,0.218,0.214,0.214,16192,0
P24,5,20210316,121000,0.22,0.22,0.22,0.22,15805,0
P24,5,20210316,121500,0.22,0.22,0.22,0.22,16771,0
P24,5,20210316,124500,0.218,0.22,0.218,0.22,40000,0
P24,5,20210316,132000,0.214,0.214,0.214,0.214,10000,0
P24,5,20210316,134000,0.218,0.22,0.218,0.22,3683,0
P24,5,20210316,153000,0.22,0.22,0.212,0.212,22796,0
P24,5,20210316,153500,0.21,0.214,0.21,0.214,37561,0
P24,5,20210316,154000,0.212,0.214,0.212,0.214,30000,0
P24,5,20210316,155500,0.214,0.214,0.214,0.214,1099,0
P24,5,20210316,160500,0.214,0.22,0.214,0.22,585,0
P24,5,20210316,163000,0.22,0.22,0.22,0.22,2900,0
P24,5,20210317,092000,0.212,0.212,0.212,0.212,10000,0
P24,5,20210317,094500,0.218,0.218,0.218,0.218,222,0
P24,5,20210317,100500,0.212,0.212,0.212,0.212,2682,0
P24,5,20210317,102500,0.212,0.218,0.212,0.218,3572,0
P24,5,20210317,105500,0.212,0.212,0.212,0.212,500,0
P24,5,20210317,110000,0.212,0.212,0.212,0.212,3357,0
P24,5,20210317,111000,0.212,0.212,0.212,0.212,6643,0
P24,5,20210317,111500,0.218,0.218,0.218,0.218,200,0
P24,5,20210317,112500,0.218,0.22,0.218,0.22,31159,0
P24,5,20210317,113000,0.224,0.224,0.224,0.224,10555,0
P24,5,20210317,113500,0.218,0.218,0.218,0.218,4000,0
P24,5,20210317,114000,0.22,0.22,0.22,0.22,200,0
P24,5,20210317,135000,0.216,0.216,0.214,0.214,20173,0
P24,5,20210317,140000,0.214,0.214,0.214,0.214,412,0
P24,5,20210317,141000,0.214,0.214,0.21,0.21,16916,0
P24,5,20210317,141500,0.21,0.214,0.21,0.214,8846,0
P24,5,20210317,144500,0.216,0.216,0.216,0.216,200,0
P24,5,20210317,150000,0.216,0.216,0.216,0.216,5300,0
P24,5,20210317,150500,0.216,0.216,0.216,0.216,7994,0
P24,5,20210317,151500,0.216,0.216,0.216,0.216,6,0
P24,5,20210317,152000,0.214,0.216,0.214,0.216,3000,0
P24,5,20210317,152500,0.216,0.216,0.216,0.216,5794,0
P24,5,20210317,155000,0.218,0.222,0.218,0.222,10482,0
P24,5,20210317,160500,0.222,0.222,0.222,0.222,999,0
P24,5,20210317,162000,0.222,0.224,0.222,0.224,12500,0
P24,5,20210317,164500,0.222,0.222,0.222,0.222,8982,0
P24,5,20210317,165500,0.224,0.224,0.224,0.224,5000,0
P24,5,20210318,090000,0.224,0.224,0.224,0.224,1,0
P24,5,20210318,091500,0.224,0.224,0.216,0.216,2000,0
P24,5,20210318,092000,0.224,0.224,0.224,0.224,1,0
P24,5,20210318,093000,0.216,0.216,0.216,0.216,7500,0
P24,5,20210318,093500,0.222,0.222,0.222,0.222,123,0
P24,5,20210318,094500,0.222,0.222,0.222,0.222,333,0
P24,5,20210318,102500,0.222,0.222,0.222,0.222,1000,0
P24,5,20210318,114500,0.222,0.222,0.222,0.222,544,0
P24,5,20210318,120000,0.224,0.224,0.224,0.224,289,0
P24,5,20210318,122500,0.222,0.224,0.222,0.224,34848,0
P24,5,20210318,123000,0.226,0.226,0.226,0.226,1000,0
P24,5,20210318,134500,0.22,0.22,0.22,0.22,7500,0
P24,5,20210318,142500,0.22,0.22,0.22,0.22,3599,0
P24,5,20210318,150500,0.226,0.226,0.226,0.226,1,0
P24,5,20210318,151500,0.226,0.226,0.226,0.226,8999,0
P24,5,20210318,154000,0.226,0.226,0.226,0.226,2,0
P24,5,20210318,160500,0.226,0.228,0.226,0.228,2002,0
P24,5,20210318,161000,0.228,0.23,0.228,0.23,15294,0
P24,5,20210319,090000,0.228,0.228,0.228,0.228,1846,0
P24,5,20210319,091000,0.218,0.218,0.218,0.218,5500,0
P24,5,20210319,091500,0.228,0.228,0.228,0.228,123,0
P24,5,20210319,093000,0.22,0.22,0.22,0.22,1900,0
P24,5,20210319,093500,0.22,0.22,0.22,0.22,100,0
P24,5,20210319,094000,0.22,0.22,0.22,0.22,1400,0
P24,5,20210319,095000,0.226,0.226,0.226,0.226,200,0
P24,5,20210319,121000,0.226,0.228,0.226,0.228,2000,0
P24,5,20210319,121500,0.226,0.228,0.226,0.228,4000,0
P24,5,20210319,122000,0.228,0.23,0.228,0.23,4000,0
P24,5,20210319,134500,0.22,0.22,0.22,0.22,2000,0
P24,5,20210319,135000,0.23,0.23,0.22,0.22,8111,0
P24,5,20210319,135500,0.228,0.228,0.228,0.228,100,0
P24,5,20210319,143500,0.228,0.228,0.228,0.228,200,0
P24,5,20210319,150000,0.226,0.228,0.226,0.228,4000,0
P24,5,20210319,153500,0.228,0.228,0.228,0.228,3000,0
P24,5,20210319,154000,0.222,0.222,0.222,0.222,2000,0
P24,5,20210319,154500,0.22,0.22,0.22,0.22,2000,0
P24,5,20210319,155500,0.222,0.222,0.222,0.222,5000,0
P24,5,20210319,160000,0.222,0.228,0.222,0.228,5529,0
P24,5,20210319,162000,0.228,0.23,0.228,0.23,2700,0
P24,5,20210319,164500,0.23,0.238,0.23,0.238,22850,0
P24,5,20210322,090000,0.238,0.24,0.238,0.24,10457,0
P24,5,20210322,090500,0.24,0.24,0.24,0.24,4294,0
P24,5,20210322,093500,0.238,0.238,0.238,0.238,621,0
P24,5,20210322,101500,0.232,0.238,0.23,0.238,9182,0
P24,5,20210322,103500,0.23,0.23,0.23,0.23,1018,0
P24,5,20210322,104000,0.23,0.238,0.23,0.238,2000,0
P24,5,20210322,123000,0.236,0.236,0.236,0.236,2000,0
P24,5,20210322,130000,0.222,0.236,0.222,0.236,2234,0
P24,5,20210322,153000,0.23,0.23,0.22,0.22,50000,0
P24,5,20210322,154500,0.232,0.232,0.232,0.232,1000,0
P24,5,20210322,155500,0.222,0.23,0.222,0.23,10001,0
P24,5,20210322,160000,0.23,0.232,0.23,0.232,2003,0
P24,5,20210322,162000,0.22,0.226,0.22,0.226,19538,0
P24,5,20210322,164000,0.218,0.218,0.218,0.218,3844,0
P24,5,20210322,164500,0.226,0.226,0.226,0.226,4234,0
P24,5,20210323,090500,0.226,0.226,0.226,0.226,1,0
P24,5,20210323,091000,0.22,0.226,0.22,0.226,4870,0
P24,5,20210323,091500,0.22,0.22,0.22,0.22,4716,0
P24,5,20210323,092000,0.22,0.22,0.22,0.22,2500,0
P24,5,20210323,093000,0.22,0.226,0.22,0.226,25,0
P24,5,20210323,101000,0.22,0.22,0.22,0.22,9000,0
P24,5,20210323,101500,0.22,0.226,0.22,0.226,6963,0
P24,5,20210323,102500,0.22,0.22,0.218,0.218,5000,0
P24,5,20210323,103000,0.226,0.226,0.226,0.226,222,0
P24,5,20210323,110000,0.22,0.22,0.21,0.21,130000,0
P24,5,20210323,110500,0.21,0.222,0.21,0.222,4,0
P24,5,20210323,111000,0.212,0.212,0.21,0.21,20000,0
P24,5,20210323,111500,0.212,0.212,0.212,0.212,6000,0
P24,5,20210323,112500,0.212,0.212,0.212,0.212,50,0
P24,5,20210323,113500,0.218,0.218,0.218,0.218,50,0
P24,5,20210323,114000,0.214,0.216,0.214,0.216,11990,0
P24,5,20210323,114500,0.216,0.218,0.216,0.218,8000,0
P24,5,20210323,121500,0.218,0.218,0.218,0.218,5966,0
P24,5,20210323,122000,0.218,0.218,0.218,0.218,2034,0
P24,5,20210323,131500,0.214,0.218,0.214,0.218,15000,0
P24,5,20210323,134000,0.212,0.212,0.21,0.21,100363,0
P24,5,20210323,134500,0.208,0.208,0.206,0.206,2,0
P24,5,20210323,135500,0.212,0.212,0.212,0.212,4736,0
P24,5,20210323,140000,0.214,0.214,0.214,0.214,42000,0
P24,5,20210323,140500,0.216,0.216,0.216,0.216,19707,0
P24,5,20210323,142000,0.216,0.216,0.216,0.216,293,0
P24,5,20210323,143500,0.218,0.22,0.218,0.22,10005,0
P24,5,20210323,154500,0.22,0.22,0.22,0.22,1000,0
P24,5,20210323,164500,0.22,0.22,0.22,0.22,3500,0
P24,5,20210323,165500,0.22,0.22,0.22,0.22,2002,0
P24,5,20210324,090500,0.22,0.22,0.22,0.22,213,0
P24,5,20210324,103000,0.212,0.212,0.212,0.212,20,0
P24,5,20210324,114000,0.22,0.22,0.22,0.22,5024,0
P24,5,20210324,115000,0.22,0.22,0.22,0.22,36000,0
P24,5,20210324,142000,0.212,0.212,0.212,0.212,10117,0
P24,5,20210324,142500,0.21,0.21,0.21,0.21,1,0
P24,5,20210324,143500,0.21,0.21,0.21,0.21,2500,0
P24,5,20210324,144500,0.212,0.216,0.212,0.216,1000,0
P24,5,20210324,150500,0.216,0.216,0.216,0.216,5500,0
P24,5,20210324,151500,0.21,0.21,0.21,0.21,6336,0
P24,5,20210324,152000,0.208,0.208,0.208,0.208,1,0
P24,5,20210324,152500,0.21,0.214,0.21,0.214,3,0
P24,5,20210324,153000,0.214,0.214,0.214,0.214,222,0
P24,5,20210324,160500,0.208,0.208,0.2,0.2,56229,0
P24,5,20210324,162000,0.2,0.2,0.2,0.2,35209,0
P24,5,20210324,162500,0.2,0.2,0.2,0.2,15000,0
P24,5,20210324,163000,0.2,0.2,0.191,0.2,86075,0
P24,5,20210324,163500,0.2,0.202,0.2,0.202,12410,0
P24,5,20210324,164500,0.202,0.208,0.202,0.208,13590,0
P24,5,20210324,165500,0.2,0.2,0.2,0.2,54816,0
P24,5,20210325,090000,0.2,0.2,0.2,0.2,969,0
P24,5,20210325,091000,0.2,0.2,0.2,0.2,22586,0
P24,5,20210325,093000,0.2,0.206,0.2,0.206,800,0
P24,5,20210325,093500,0.197,0.199,0.196,0.199,35000,0
P24,5,20210325,094500,0.195,0.195,0.194,0.194,20001,0
P24,5,20210325,095000,0.194,0.194,0.192,0.192,60000,0
P24,5,20210325,095500,0.192,0.192,0.192,0.192,22836,0
P24,5,20210325,100000,0.19,0.19,0.186,0.186,3000,0
P24,5,20210325,100500,0.195,0.195,0.186,0.186,4124,0
P24,5,20210325,101500,0.195,0.195,0.187,0.187,202,0
P24,5,20210325,102500,0.195,0.195,0.195,0.195,4750,0
P24,5,20210325,103500,0.194,0.195,0.194,0.195,15800,0
P24,5,20210325,104000,0.195,0.195,0.195,0.195,12000,0
P24,5,20210325,104500,0.195,0.195,0.195,0.195,5000,0
P24,5,20210325,105000,0.189,0.194,0.189,0.194,11222,0
P24,5,20210325,110000,0.189,0.189,0.188,0.188,10000,0
P24,5,20210325,110500,0.188,0.188,0.188,0.188,4000,0
P24,5,20210325,111000,0.191,0.191,0.188,0.188,3882,0
P24,5,20210325,111500,0.188,0.191,0.188,0.191,12253,0
P24,5,20210325,114500,0.188,0.188,0.188,0.188,10000,0
P24,5,20210325,115000,0.187,0.187,0.187,0.187,35710,0
P24,5,20210325,115500,0.188,0.188,0.188,0.188,5000,0
P24,5,20210325,120000,0.187,0.187,0.186,0.186,12177,0
P24,5,20210325,120500,0.187,0.187,0.187,0.187,2824,0
P24,5,20210325,121500,0.19,0.19,0.19,0.19,6738,0
P24,5,20210325,122000,0.19,0.19,0.19,0.19,9881,0
P24,5,20210325,123000,0.193,0.193,0.193,0.193,4000,0
P24,5,20210325,125500,0.193,0.193,0.193,0.193,2000,0
P24,5,20210325,130000,0.193,0.193,0.193,0.193,2500,0
P24,5,20210325,130500,0.193,0.194,0.193,0.194,1193,0
P24,5,20210325,131000,0.193,0.193,0.193,0.193,7469,0
P24,5,20210325,131500,0.193,0.196,0.193,0.195,45000,0
P24,5,20210325,135500,0.195,0.195,0.195,0.195,505,0
P24,5,20210325,140500,0.195,0.196,0.195,0.196,2000,0
P24,5,20210325,141500,0.19,0.19,0.19,0.19,6000,0
P24,5,20210325,142000,0.196,0.196,0.196,0.196,222,0
P24,5,20210325,143500,0.196,0.196,0.196,0.196,125010,0
P24,5,20210325,145000,0.197,0.197,0.197,0.197,1,0
P24,5,20210325,145500,0.197,0.197,0.197,0.197,1000,0
P24,5,20210325,153500,0.197,0.197,0.197,0.197,45,0
P24,5,20210325,155000,0.19,0.195,0.19,0.195,12108,0
P24,5,20210326,090500,0.195,0.195,0.195,0.195,9778,0
P24,5,20210326,092000,0.196,0.196,0.191,0.191,10600,0
P24,5,20210326,092500,0.191,0.195,0.191,0.195,10500,0
P24,5,20210326,094000,0.195,0.195,0.195,0.195,8231,0
P24,5,20210326,105500,0.195,0.196,0.195,0.196,5000,0
P24,5,20210326,122000,0.196,0.197,0.196,0.197,7300,0
P24,5,20210326,133500,0.196,0.196,0.196,0.196,2510,0
P24,5,20210326,160000,0.196,0.197,0.196,0.197,4200,0
P24,5,20210326,160500,0.197,0.197,0.197,0.197,31898,0
P24,5,20210326,161500,0.195,0.195,0.195,0.195,10709,0
P24,5,20210326,162500,0.195,0.198,0.195,0.198,1300,0
P24,5,20210326,163500,0.194,0.194,0.194,0.194,10000,0
P24,5,20210326,164500,0.192,0.197,0.191,0.197,19100,0
