<TICKER>,<PER>,<DATE>,<TIME>,<OPEN>,<HIGH>,<LOW>,<CLOSE>,<VOL>,<OPENINT>
P2B,5,20210205,091500,0.192,0.192,0.192,0.192,100,0
P2B,5,20210205,101500,0.18,0.18,0.166,0.166,5730,0
P2B,5,20210205,102000,0.17,0.17,0.17,0.17,5000,0
P2B,5,20210205,130000,0.176,0.19,0.1705,0.185,19010,0
P2B,5,20210205,134000,0.17,0.17,0.17,0.17,10000,0
P2B,5,20210208,090000,0.179,0.179,0.179,0.179,6000,0
P2B,5,20210208,091500,0.178,0.178,0.178,0.178,2000,0
P2B,5,20210208,092500,0.178,0.178,0.178,0.178,200,0
P2B,5,20210208,101000,0.178,0.178,0.178,0.178,2790,0
P2B,5,20210208,111500,0.1785,0.179,0.1785,0.179,7900,0
P2B,5,20210208,120000,0.1715,0.175,0.171,0.171,2080,0
P2B,5,20210208,130000,0.178,0.178,0.178,0.178,200,0
P2B,5,20210208,132500,0.18,0.18,0.18,0.18,400,0
P2B,5,20210208,145000,0.182,0.188,0.182,0.188,300,0
P2B,5,20210208,160000,0.188,0.188,0.188,0.188,90,0
P2B,5,20210208,160500,0.188,0.188,0.188,0.188,1200,0
P2B,5,20210208,161500,0.188,0.188,0.188,0.188,450,0
P2B,5,20210208,164000,0.188,0.188,0.188,0.188,6260,0
P2B,5,20210209,090000,0.195,0.195,0.195,0.195,1500,0
P2B,5,20210209,093000,0.1945,0.195,0.1945,0.195,1000,0
P2B,5,20210209,100000,0.19,0.19,0.19,0.19,542,0
P2B,5,20210209,101000,0.195,0.195,0.195,0.195,410,0
P2B,5,20210209,102500,0.19,0.19,0.19,0.19,458,0
P2B,5,20210209,160000,0.19,0.19,0.19,0.19,142,0
P2B,5,20210209,164500,0.194,0.196,0.19,0.19,13206,0
P2B,5,20210210,090000,0.18,0.18,0.18,0.18,1000,0
P2B,5,20210210,121500,0.188,0.19,0.188,0.19,10160,0
P2B,5,20210210,122500,0.19,0.19,0.19,0.19,9530,0
P2B,5,20210210,154000,0.19,0.19,0.175,0.175,6016,0
P2B,5,20210210,160000,0.184,0.186,0.184,0.186,500,0
P2B,5,20210210,160500,0.186,0.19,0.186,0.19,800,0
P2B,5,20210210,162500,0.19,0.19,0.19,0.19,9200,0
P2B,5,20210211,120500,0.1945,0.1945,0.1945,0.1945,200,0
P2B,5,20210211,131000,0.1945,0.1945,0.1945,0.1945,800,0
P2B,5,20210211,140500,0.1945,0.1945,0.1945,0.1945,1200,0
P2B,5,20210211,154500,0.1905,0.1905,0.1905,0.1905,200,0
P2B,5,20210211,164500,0.19,0.19,0.19,0.19,1000,0
P2B,5,20210212,092500,0.186,0.186,0.186,0.186,200,0
P2B,5,20210212,093000,0.184,0.184,0.184,0.184,200,0
P2B,5,20210212,093500,0.182,0.182,0.182,0.182,200,0
P2B,5,20210212,094000,0.18,0.18,0.176,0.176,800,0
P2B,5,20210212,094500,0.175,0.175,0.175,0.175,4320,0
P2B,5,20210212,121000,0.185,0.198,0.185,0.198,13008,0
P2B,5,20210212,123000,0.18,0.18,0.18,0.18,1200,0
P2B,5,20210212,123500,0.198,0.198,0.198,0.198,10,0
P2B,5,20210212,134000,0.178,0.178,0.176,0.176,500,0
P2B,5,20210212,145500,0.19,0.19,0.19,0.19,1000,0
P2B,5,20210215,102000,0.178,0.178,0.178,0.178,7100,0
P2B,5,20210215,124000,0.18,0.18,0.18,0.18,4200,0
P2B,5,20210215,131000,0.18,0.18,0.18,0.18,1000,0
P2B,5,20210215,134000,0.18,0.18,0.18,0.18,6695,0
P2B,5,20210215,151500,0.18,0.18,0.18,0.18,8105,0
P2B,5,20210215,162000,0.178,0.178,0.178,0.178,6695,0
P2B,5,20210216,090000,0.178,0.178,0.178,0.178,2500,0
P2B,5,20210216,095500,0.18,0.18,0.18,0.18,11000,0
P2B,5,20210216,110500,0.18,0.18,0.18,0.18,9000,0
P2B,5,20210216,115500,0.178,0.178,0.178,0.178,4400,0
P2B,5,20210216,121000,0.176,0.176,0.174,0.174,1200,0
P2B,5,20210216,151000,0.178,0.178,0.178,0.178,600,0
P2B,5,20210216,155000,0.183,0.183,0.183,0.183,100,0
P2B,5,20210217,100500,0.181,0.181,0.181,0.181,100,0
P2B,5,20210217,132500,0.181,0.181,0.181,0.181,900,0
P2B,5,20210218,105000,0.18,0.18,0.18,0.18,200,0
P2B,5,20210218,141500,0.18,0.18,0.18,0.18,6850,0
P2B,5,20210218,153000,0.183,0.183,0.183,0.183,16666,0
P2B,5,20210218,155500,0.183,0.183,0.176,0.176,5001,0
P2B,5,20210219,092500,0.183,0.183,0.183,0.183,10,0
P2B,5,20210219,094000,0.182,0.183,0.182,0.183,12190,0
P2B,5,20210219,095500,0.184,0.198,0.184,0.198,37554,0
P2B,5,20210219,111000,0.196,0.196,0.196,0.196,40,0
P2B,5,20210219,134500,0.195,0.195,0.195,0.195,5000,0
P2B,5,20210219,140000,0.186,0.186,0.1705,0.1705,5000,0
P2B,5,20210219,142500,0.18,0.18,0.18,0.18,200,0
P2B,5,20210219,144500,0.184,0.184,0.184,0.184,200,0
P2B,5,20210219,150000,0.184,0.184,0.184,0.184,3000,0
P2B,5,20210222,094000,0.188,0.188,0.188,0.188,200,0
P2B,5,20210222,112000,0.188,0.188,0.188,0.188,847,0
P2B,5,20210222,145000,0.1845,0.1845,0.1845,0.1845,200,0
P2B,5,20210222,160500,0.185,0.185,0.185,0.185,5000,0
P2B,5,20210222,164500,0.185,0.185,0.185,0.185,4366,0
P2B,5,20210223,092500,0.172,0.1875,0.172,0.1875,1247,0
P2B,5,20210223,135500,0.186,0.186,0.186,0.186,500,0
P2B,5,20210223,155500,0.1725,0.1725,0.1705,0.1705,8078,0
P2B,5,20210223,163000,0.184,0.185,0.184,0.185,4644,0
P2B,5,20210224,092000,0.185,0.185,0.185,0.185,745,0
P2B,5,20210225,104000,0.18,0.18,0.18,0.18,100,0
P2B,5,20210225,122000,0.173,0.173,0.173,0.173,100,0
P2B,5,20210225,122500,0.173,0.173,0.17,0.17,3000,0
P2B,5,20210225,153000,0.179,0.179,0.179,0.179,200,0
P2B,5,20210226,090000,0.1795,0.1795,0.1795,0.1795,1000,0
P2B,5,20210226,104500,0.1795,0.1795,0.1795,0.1795,322,0
P2B,5,20210226,142500,0.163,0.163,0.157,0.157,17748,0
P2B,5,20210226,144500,0.179,0.179,0.179,0.179,1,0
P2B,5,20210301,090000,0.1795,0.1795,0.1795,0.1795,500,0
P2B,5,20210301,090500,0.179,0.179,0.179,0.179,150,0
P2B,5,20210301,105500,0.1785,0.1785,0.1785,0.1785,200,0
P2B,5,20210301,110000,0.1785,0.1785,0.1785,0.1785,3800,0
P2B,5,20210301,132500,0.17,0.17,0.17,0.17,5500,0
P2B,5,20210301,151000,0.179,0.179,0.179,0.179,1500,0
P2B,5,20210302,102000,0.179,0.179,0.179,0.179,100,0
P2B,5,20210302,134000,0.17,0.17,0.17,0.17,900,0
P2B,5,20210302,160000,0.1785,0.1785,0.1785,0.1785,170,0
P2B,5,20210303,090000,0.178,0.178,0.178,0.178,1100,0
P2B,5,20210303,094500,0.176,0.176,0.176,0.176,500,0
P2B,5,20210303,121000,0.1705,0.1775,0.17,0.1775,14227,0
P2B,5,20210303,122000,0.1775,0.1775,0.1775,0.1775,1509,0
P2B,5,20210303,123000,0.165,0.1775,0.162,0.1775,1221,0
P2B,5,20210303,130000,0.177,0.177,0.177,0.177,381,0
P2B,5,20210303,164500,0.176,0.176,0.176,0.176,119,0
P2B,5,20210304,090000,0.1765,0.1765,0.1765,0.1765,1638,0
P2B,5,20210305,143000,0.17,0.17,0.163,0.163,4000,0
P2B,5,20210305,160000,0.176,0.176,0.176,0.176,3000,0
P2B,5,20210309,105500,0.176,0.176,0.176,0.176,100,0
P2B,5,20210310,113500,0.1755,0.1755,0.1755,0.1755,100,0
P2B,5,20210310,142500,0.169,0.169,0.169,0.169,11518,0
P2B,5,20210310,150500,0.175,0.175,0.175,0.175,200,0
P2B,5,20210310,155000,0.175,0.175,0.17,0.17,4500,0
P2B,5,20210311,094500,0.175,0.175,0.175,0.175,400,0
P2B,5,20210311,102500,0.1755,0.18,0.1755,0.18,9000,0
P2B,5,20210311,111000,0.179,0.179,0.179,0.179,1000,0
P2B,5,20210311,111500,0.175,0.175,0.175,0.175,4400,0
P2B,5,20210312,102000,0.179,0.179,0.179,0.179,4000,0
P2B,5,20210312,104500,0.179,0.179,0.179,0.179,4100,0
P2B,5,20210312,105500,0.179,0.179,0.179,0.179,200,0
P2B,5,20210312,130000,0.18,0.18,0.18,0.18,122,0
P2B,5,20210312,132500,0.18,0.18,0.18,0.18,1500,0
P2B,5,20210312,142000,0.179,0.18,0.17,0.179,9510,0
P2B,5,20210315,094000,0.179,0.179,0.179,0.179,200,0
P2B,5,20210315,101000,0.18,0.18,0.18,0.18,14341,0
P2B,5,20210315,105500,0.184,0.184,0.184,0.184,200,0
P2B,5,20210315,110000,0.186,0.19,0.186,0.19,10911,0
P2B,5,20210315,131500,0.18,0.18,0.18,0.18,689,0
P2B,5,20210316,090000,0.1805,0.1805,0.1805,0.1805,3870,0
P2B,5,20210316,091000,0.1805,0.188,0.1805,0.188,1126,0
P2B,5,20210316,093000,0.18,0.18,0.18,0.18,2033,0
P2B,5,20210316,110500,0.18,0.18,0.18,0.18,10000,0
P2B,5,20210317,102000,0.172,0.172,0.172,0.172,200,0
P2B,5,20210317,122000,0.1795,0.1795,0.1795,0.1795,200,0
P2B,5,20210317,124000,0.174,0.174,0.174,0.174,200,0
P2B,5,20210317,131500,0.183,0.183,0.183,0.183,1,0
P2B,5,20210317,144000,0.172,0.172,0.172,0.172,1200,0
P2B,5,20210317,162000,0.18,0.18,0.18,0.18,1,0
P2B,5,20210318,123500,0.183,0.184,0.183,0.184,36365,0
P2B,5,20210318,125000,0.184,0.184,0.184,0.184,635,0
P2B,5,20210318,132000,0.186,0.19,0.186,0.19,36367,0
P2B,5,20210318,151500,0.186,0.186,0.186,0.186,10000,0
P2B,5,20210319,112000,0.186,0.186,0.186,0.186,600,0
P2B,5,20210319,112500,0.175,0.19,0.171,0.19,3700,0
P2B,5,20210319,134500,0.19,0.19,0.19,0.19,10000,0
P2B,5,20210319,135000,0.19,0.19,0.19,0.19,3000,0
P2B,5,20210319,142500,0.19,0.19,0.19,0.19,3100,0
P2B,5,20210322,095500,0.175,0.175,0.175,0.175,1450,0
P2B,5,20210322,101000,0.18,0.18,0.18,0.18,7000,0
P2B,5,20210322,103500,0.18,0.18,0.18,0.18,5000,0
P2B,5,20210322,110000,0.18,0.18,0.176,0.176,24228,0
P2B,5,20210322,111000,0.188,0.188,0.188,0.188,1,0
P2B,5,20210322,112500,0.188,0.19,0.188,0.19,346,0
P2B,5,20210322,123000,0.19,0.19,0.19,0.19,6174,0
P2B,5,20210322,135500,0.19,0.19,0.19,0.19,53,0
P2B,5,20210323,090500,0.177,0.19,0.172,0.19,8001,0
P2B,5,20210323,104500,0.187,0.19,0.187,0.19,10090,0
P2B,5,20210323,115500,0.1895,0.1895,0.1895,0.1895,1001,0
P2B,5,20210324,090000,0.173,0.173,0.173,0.173,5000,0
P2B,5,20210324,091500,0.185,0.19,0.185,0.19,20900,0
P2B,5,20210324,141000,0.177,0.177,0.175,0.175,11400,0
P2B,5,20210324,143500,0.18,0.18,0.18,0.18,1,0
P2B,5,20210324,154500,0.179,0.179,0.179,0.179,900,0
P2B,5,20210325,100000,0.179,0.179,0.179,0.179,200,0
P2B,5,20210325,123500,0.174,0.174,0.172,0.172,4509,0
P2B,5,20210325,155000,0.179,0.179,0.179,0.179,600,0
P2B,5,20210325,160000,0.172,0.172,0.172,0.172,1,0
P2B,5,20210325,165500,0.179,0.179,0.179,0.179,1,0
P2B,5,20210326,090000,0.172,0.173,0.172,0.173,7954,0
P2B,5,20210326,092000,0.178,0.178,0.178,0.178,858,0
