<TICKER>,<PER>,<DATE>,<TIME>,<OPEN>,<HIGH>,<LOW>,<CLOSE>,<VOL>,<OPENINT>
PIT,5,20210204,100000,1.69,1.7,1.69,1.7,500,0
PIT,5,20210204,100500,1.71,1.71,1.71,1.71,200,0
PIT,5,20210204,101000,1.71,1.72,1.71,1.72,500,0
PIT,5,20210204,101500,1.72,1.72,1.72,1.72,300,0
PIT,5,20210204,163500,1.71,1.74,1.71,1.74,2000,0
PIT,5,20210204,164500,1.74,1.76,1.74,1.76,1000,0
PIT,5,20210205,091000,1.76,1.76,1.76,1.76,1490,0
PIT,5,20210205,091500,1.77,1.77,1.76,1.76,810,0
PIT,5,20210205,124000,1.68,1.68,1.68,1.68,200,0
PIT,5,20210205,124500,1.76,1.76,1.76,1.76,6,0
PIT,5,20210205,125500,1.75,1.76,1.75,1.76,590,0
PIT,5,20210205,130000,1.76,1.77,1.76,1.77,2187,0
PIT,5,20210205,130500,1.78,1.78,1.78,1.78,1,0
PIT,5,20210205,135500,1.78,1.79,1.78,1.79,5490,0
PIT,5,20210205,140500,1.79,1.8,1.79,1.8,802,0
PIT,5,20210205,141500,1.82,1.86,1.82,1.86,310,0
PIT,5,20210205,142000,1.88,1.89,1.8,1.8,23078,0
PIT,5,20210205,142500,1.8,1.8,1.8,1.8,23,0
PIT,5,20210205,143000,1.86,1.86,1.86,1.86,282,0
PIT,5,20210205,152000,1.87,1.87,1.87,1.87,250,0
PIT,5,20210205,152500,1.87,1.87,1.87,1.87,1250,0
PIT,5,20210205,153000,1.81,1.81,1.81,1.81,2477,0
PIT,5,20210205,160000,1.76,1.76,1.76,1.76,1000,0
PIT,5,20210205,161500,1.8,1.83,1.8,1.83,1200,0
PIT,5,20210205,164500,1.74,1.74,1.74,1.74,13000,0
PIT,5,20210208,091000,1.74,1.84,1.74,1.84,101,0
PIT,5,20210208,091500,1.74,1.74,1.74,1.74,1512,0
PIT,5,20210208,114500,1.78,1.8,1.78,1.8,5000,0
PIT,5,20210208,115000,1.8,1.8,1.79,1.8,5500,0
PIT,5,20210208,133500,1.79,1.8,1.79,1.8,6500,0
PIT,5,20210208,134500,1.79,1.8,1.79,1.8,8300,0
PIT,5,20210208,143000,1.79,1.8,1.79,1.8,4366,0
PIT,5,20210208,153000,1.8,1.8,1.8,1.8,433,0
PIT,5,20210208,153500,1.84,1.87,1.84,1.87,1397,0
PIT,5,20210208,154500,1.77,1.77,1.77,1.77,300,0
PIT,5,20210208,155500,1.85,1.86,1.85,1.85,9720,0
PIT,5,20210208,161000,1.86,1.86,1.86,1.86,80,0
PIT,5,20210208,164500,1.86,1.86,1.86,1.86,7570,0
PIT,5,20210209,100000,1.77,1.77,1.76,1.76,1000,0
PIT,5,20210209,100500,1.75,1.86,1.75,1.86,2230,0
PIT,5,20210209,121000,1.83,1.83,1.83,1.83,100,0
PIT,5,20210209,121500,1.83,1.84,1.83,1.84,170,0
PIT,5,20210209,151000,1.83,1.84,1.83,1.84,7500,0
PIT,5,20210209,151500,1.83,1.83,1.83,1.83,3000,0
PIT,5,20210209,154500,1.82,1.83,1.82,1.83,7500,0
PIT,5,20210209,164000,1.83,1.84,1.83,1.84,10000,0
PIT,5,20210209,164500,1.83,1.83,1.83,1.83,9000,0
PIT,5,20210210,091500,1.83,1.83,1.83,1.83,17,0
PIT,5,20210210,112000,1.74,1.74,1.74,1.74,1100,0
PIT,5,20210210,154500,1.8,1.82,1.8,1.82,6500,0
PIT,5,20210210,155000,1.81,1.83,1.81,1.83,7918,0
PIT,5,20210210,155500,1.86,1.86,1.86,1.86,82,0
PIT,5,20210210,164500,1.84,1.84,1.84,1.84,7300,0
PIT,5,20210211,090000,1.86,1.86,1.86,1.86,100,0
PIT,5,20210211,133000,1.84,1.85,1.83,1.84,15750,0
PIT,5,20210211,133500,1.75,1.75,1.75,1.75,1000,0
PIT,5,20210211,161500,1.82,1.82,1.82,1.82,3500,0
PIT,5,20210211,162000,1.83,1.84,1.83,1.84,10000,0
PIT,5,20210212,091500,1.75,1.75,1.75,1.75,1000,0
PIT,5,20210212,102000,1.76,1.76,1.76,1.76,700,0
PIT,5,20210212,103500,1.82,1.82,1.82,1.82,500,0
PIT,5,20210212,111000,1.76,1.76,1.75,1.75,990,0
PIT,5,20210212,163000,1.76,1.76,1.76,1.76,27000,0
PIT,5,20210212,164000,1.76,1.76,1.76,1.76,6750,0
PIT,5,20210212,164500,1.77,1.77,1.77,1.77,10000,0
PIT,5,20210215,125000,1.8,1.82,1.8,1.82,1000,0
PIT,5,20210215,151000,1.82,1.85,1.82,1.85,3100,0
PIT,5,20210215,164000,1.8,1.8,1.8,1.8,20000,0
PIT,5,20210215,164500,1.83,1.83,1.83,1.83,8147,0
PIT,5,20210216,090000,1.83,1.83,1.83,1.83,20,0
PIT,5,20210216,093000,1.83,1.85,1.83,1.85,1000,0
PIT,5,20210216,102000,1.82,1.82,1.82,1.82,100,0
PIT,5,20210216,102500,1.85,1.85,1.85,1.85,100,0
PIT,5,20210216,130500,1.82,1.82,1.82,1.82,150,0
PIT,5,20210216,144000,1.77,1.77,1.76,1.76,1695,0
PIT,5,20210216,144500,1.76,1.76,1.76,1.76,105,0
PIT,5,20210216,163000,1.81,1.81,1.81,1.81,10,0
PIT,5,20210217,095000,1.76,1.76,1.75,1.75,400,0
PIT,5,20210217,125000,1.81,1.81,1.81,1.81,30,0
PIT,5,20210217,143000,1.81,1.84,1.81,1.84,10000,0
PIT,5,20210217,143500,1.83,1.84,1.83,1.84,7000,0
PIT,5,20210218,090500,1.83,1.83,1.83,1.83,300,0
PIT,5,20210218,092000,1.83,1.85,1.83,1.85,5000,0
PIT,5,20210218,103500,1.85,1.85,1.85,1.85,251,0
PIT,5,20210218,115500,1.85,1.85,1.85,1.85,3000,0
PIT,5,20210218,120500,1.85,1.88,1.85,1.88,2100,0
PIT,5,20210218,121000,1.88,1.88,1.88,1.88,496,0
PIT,5,20210218,122000,1.89,1.89,1.89,1.89,100,0
PIT,5,20210218,123500,1.89,1.9,1.88,1.88,1433,0
PIT,5,20210218,130000,1.9,1.9,1.9,1.9,1600,0
PIT,5,20210218,135000,1.91,1.91,1.91,1.91,100,0
PIT,5,20210218,164500,1.88,1.88,1.88,1.88,20,0
PIT,5,20210219,090000,1.91,1.92,1.91,1.92,550,0
PIT,5,20210219,092000,1.92,1.93,1.92,1.93,450,0
PIT,5,20210219,093000,1.93,1.93,1.93,1.93,100,0
PIT,5,20210219,093500,1.91,1.91,1.91,1.91,100,0
PIT,5,20210219,094500,1.93,1.93,1.93,1.93,100,0
PIT,5,20210219,095000,1.94,1.95,1.94,1.95,3000,0
PIT,5,20210219,102000,1.95,1.95,1.95,1.95,1000,0
PIT,5,20210219,110000,1.95,1.95,1.95,1.95,300,0
PIT,5,20210219,111500,1.95,1.95,1.95,1.95,300,0
PIT,5,20210219,141000,1.95,1.95,1.95,1.95,660,0
PIT,5,20210219,153000,1.95,1.95,1.92,1.92,2750,0
PIT,5,20210219,164500,1.95,1.95,1.95,1.95,30,0
PIT,5,20210222,102000,1.9,1.9,1.9,1.9,100,0
PIT,5,20210222,103500,1.9,1.9,1.9,1.9,1900,0
PIT,5,20210222,110000,1.86,1.86,1.83,1.83,2000,0
PIT,5,20210222,113000,1.94,1.94,1.94,1.94,100,0
PIT,5,20210222,122500,1.94,1.95,1.94,1.95,1000,0
PIT,5,20210222,124000,1.95,1.95,1.95,1.95,400,0
PIT,5,20210222,164500,1.93,1.98,1.93,1.98,10000,0
PIT,5,20210223,092000,2.06,2.06,2.06,2.06,15,0
PIT,5,20210224,090000,2.04,2.04,2.04,2.04,46,0
PIT,5,20210224,101500,1.87,2,1.87,2,266,0
PIT,5,20210225,092000,1.96,1.96,1.96,1.96,10,0
PIT,5,20210225,102000,1.93,1.94,1.93,1.94,10000,0
PIT,5,20210225,102500,1.93,1.96,1.93,1.96,4000,0
PIT,5,20210225,103500,1.95,1.95,1.95,1.95,10,0
PIT,5,20210225,112500,1.95,1.95,1.95,1.95,680,0
PIT,5,20210226,094500,1.86,1.86,1.84,1.84,1000,0
PIT,5,20210226,095000,1.94,1.94,1.94,1.94,100,0
PIT,5,20210226,104500,1.89,1.9,1.89,1.9,5000,0
PIT,5,20210226,105000,1.89,1.9,1.86,1.9,12000,0
PIT,5,20210226,105500,1.86,1.9,1.86,1.9,6000,0
PIT,5,20210226,111500,1.85,1.87,1.85,1.87,10000,0
PIT,5,20210226,112500,1.9,1.9,1.9,1.9,100,0
PIT,5,20210226,152000,1.83,1.83,1.83,1.83,500,0
PIT,5,20210226,154000,1.8,1.88,1.8,1.88,8000,0
PIT,5,20210226,155500,1.88,1.9,1.88,1.9,900,0
PIT,5,20210226,161500,1.83,1.94,1.83,1.94,7900,0
PIT,5,20210226,164500,1.84,1.94,1.84,1.94,10000,0
PIT,5,20210301,094500,1.92,1.93,1.92,1.93,8000,0
PIT,5,20210301,100500,1.91,1.93,1.91,1.93,10000,0
PIT,5,20210301,103000,1.92,1.92,1.92,1.92,500,0
PIT,5,20210301,104500,1.91,1.92,1.91,1.92,14000,0
PIT,5,20210301,110500,1.92,1.93,1.92,1.93,6000,0
PIT,5,20210301,111000,1.91,1.92,1.91,1.92,9977,0
PIT,5,20210301,111500,1.92,1.92,1.92,1.92,23,0
PIT,5,20210301,112000,1.92,1.92,1.92,1.92,8300,0
PIT,5,20210301,112500,1.92,1.92,1.92,1.92,1000,0
PIT,5,20210301,113000,1.92,1.93,1.92,1.93,1800,0
PIT,5,20210301,123500,1.94,1.94,1.94,1.94,1300,0
PIT,5,20210301,162500,1.92,1.92,1.92,1.92,520,0
PIT,5,20210302,090000,1.93,1.93,1.93,1.93,100,0
PIT,5,20210302,094500,1.91,1.94,1.91,1.94,6850,0
PIT,5,20210302,095000,1.93,1.93,1.93,1.93,6180,0
PIT,5,20210302,095500,1.94,1.94,1.94,1.94,100,0
PIT,5,20210302,103000,1.86,1.92,1.86,1.92,8000,0
PIT,5,20210302,103500,1.85,1.91,1.85,1.85,15000,0
PIT,5,20210302,104500,1.86,1.92,1.86,1.92,5000,0
PIT,5,20210302,111000,1.93,1.93,1.93,1.93,130,0
PIT,5,20210302,120500,1.86,1.92,1.86,1.92,9000,0
PIT,5,20210302,131000,1.93,1.93,1.93,1.93,100,0
PIT,5,20210302,145500,1.87,1.94,1.87,1.94,7741,0
PIT,5,20210303,090000,1.94,1.94,1.94,1.94,1275,0
PIT,5,20210303,092000,1.91,1.91,1.91,1.91,1100,0
PIT,5,20210303,092500,1.85,1.92,1.85,1.92,20339,0
PIT,5,20210303,093000,1.91,1.92,1.91,1.92,6000,0
PIT,5,20210303,094500,1.91,1.92,1.91,1.92,9000,0
PIT,5,20210303,100000,1.91,1.92,1.91,1.92,5500,0
PIT,5,20210303,103000,1.92,1.92,1.92,1.92,500,0
PIT,5,20210303,114000,1.92,1.92,1.92,1.92,400,0
PIT,5,20210303,123000,1.91,1.92,1.91,1.92,5000,0
PIT,5,20210303,131000,1.89,1.91,1.84,1.91,29787,0
PIT,5,20210303,145500,1.85,1.91,1.85,1.91,348,0
PIT,5,20210303,160500,1.9,1.9,1.9,1.9,56,0
PIT,5,20210303,161500,1.84,1.84,1.84,1.84,200,0
PIT,5,20210304,090000,1.7,1.79,1.7,1.79,10156,0
PIT,5,20210304,091500,1.79,1.79,1.79,1.79,744,0
PIT,5,20210304,092000,1.79,1.79,1.79,1.79,6,0
PIT,5,20210304,093000,1.74,1.76,1.74,1.76,23226,0
PIT,5,20210304,093500,1.74,1.84,1.74,1.84,9008,0
PIT,5,20210304,094000,1.8,1.8,1.77,1.78,6900,0
PIT,5,20210304,095500,1.79,1.79,1.78,1.78,6000,0
PIT,5,20210304,101000,1.84,1.84,1.84,1.84,100,0
PIT,5,20210304,101500,1.79,1.79,1.79,1.79,4700,0
PIT,5,20210304,102000,1.84,1.84,1.84,1.84,100,0
PIT,5,20210304,110000,1.78,1.78,1.78,1.78,6850,0
PIT,5,20210304,140000,1.84,1.84,1.84,1.84,5,0
PIT,5,20210304,162500,1.78,1.78,1.78,1.78,2315,0
PIT,5,20210304,163000,1.84,1.84,1.84,1.84,18,0
PIT,5,20210305,091500,1.84,1.84,1.84,1.84,10,0
PIT,5,20210305,161500,1.83,1.83,1.82,1.83,15367,0
PIT,5,20210305,162000,1.85,1.85,1.85,1.85,3,0
PIT,5,20210305,164500,1.84,1.85,1.84,1.85,7000,0
PIT,5,20210308,092000,1.83,1.84,1.83,1.84,8000,0
PIT,5,20210308,093500,1.84,1.86,1.84,1.86,391,0
PIT,5,20210308,103500,1.85,1.86,1.85,1.86,9000,0
PIT,5,20210308,105000,1.86,1.86,1.86,1.86,1000,0
PIT,5,20210308,110500,1.84,1.86,1.84,1.86,10000,0
PIT,5,20210308,111000,1.86,1.9,1.86,1.9,10000,0
PIT,5,20210308,112500,1.74,1.74,1.74,1.74,500,0
PIT,5,20210308,114500,1.89,1.89,1.89,1.89,10,0
PIT,5,20210309,091500,1.87,1.87,1.87,1.87,10,0
PIT,5,20210309,104000,1.86,1.87,1.86,1.87,8000,0
PIT,5,20210309,135500,1.78,1.86,1.78,1.86,600,0
PIT,5,20210309,154500,1.85,1.86,1.85,1.86,13200,0
PIT,5,20210309,164500,1.78,1.84,1.78,1.84,350,0
PIT,5,20210310,090000,1.78,1.85,1.78,1.85,157,0
PIT,5,20210310,092500,1.78,1.8,1.78,1.8,1293,0
PIT,5,20210310,094000,1.76,1.8,1.76,1.8,15600,0
PIT,5,20210310,094500,1.8,1.8,1.8,1.8,553,0
PIT,5,20210310,102000,1.79,1.79,1.79,1.79,100,0
PIT,5,20210310,103500,1.78,1.8,1.74,1.8,2750,0
PIT,5,20210310,104500,1.75,1.75,1.75,1.75,500,0
PIT,5,20210310,132500,1.75,1.75,1.75,1.75,1220,0
PIT,5,20210310,140000,1.75,1.75,1.75,1.75,740,0
PIT,5,20210310,141500,1.75,1.75,1.75,1.75,490,0
PIT,5,20210310,145000,1.7,1.7,1.7,1.7,10,0
PIT,5,20210310,150000,1.72,1.72,1.72,1.72,600,0
PIT,5,20210310,152500,1.7,1.7,1.7,1.7,2970,0
PIT,5,20210310,160000,1.79,1.79,1.79,1.79,10,0
PIT,5,20210311,092000,1.78,1.78,1.78,1.78,20,0
PIT,5,20210311,093500,1.68,1.68,1.65,1.65,6765,0
PIT,5,20210311,094500,1.68,1.68,1.68,1.68,17000,0
PIT,5,20210311,095000,1.68,1.69,1.68,1.69,12000,0
PIT,5,20210311,103500,1.65,1.65,1.61,1.61,6130,0
PIT,5,20210311,104000,1.62,1.62,1.61,1.61,523,0
PIT,5,20210311,104500,1.67,1.67,1.67,1.67,200,0
PIT,5,20210311,105000,1.68,1.69,1.68,1.69,2730,0
PIT,5,20210311,105500,1.72,1.76,1.72,1.76,900,0
PIT,5,20210311,114500,1.76,1.76,1.76,1.76,100,0
PIT,5,20210311,123000,1.66,1.66,1.66,1.66,250,0
PIT,5,20210311,164500,1.75,1.75,1.75,1.75,10,0
PIT,5,20210312,100000,1.65,1.65,1.65,1.65,15,0
PIT,5,20210312,101000,1.75,1.75,1.75,1.75,1,0
PIT,5,20210312,164500,1.67,1.67,1.65,1.65,4000,0
PIT,5,20210315,090000,1.72,1.72,1.72,1.72,200,0
PIT,5,20210315,092500,1.72,1.72,1.72,1.72,600,0
PIT,5,20210315,143000,1.64,1.64,1.64,1.64,800,0
PIT,5,20210315,145000,1.69,1.69,1.69,1.69,1,0
PIT,5,20210316,090000,1.73,1.73,1.73,1.73,100,0
PIT,5,20210316,113500,1.72,1.72,1.72,1.72,180,0
PIT,5,20210316,125500,1.67,1.67,1.67,1.67,4000,0
PIT,5,20210316,130500,1.64,1.64,1.64,1.64,7000,0
PIT,5,20210316,132000,1.63,1.63,1.63,1.63,2500,0
PIT,5,20210316,132500,1.63,1.63,1.63,1.63,1730,0
PIT,5,20210316,133000,1.62,1.62,1.6,1.6,490,0
PIT,5,20210316,133500,1.6,1.6,1.6,1.6,280,0
PIT,5,20210316,134000,1.67,1.67,1.67,1.67,200,0
PIT,5,20210316,145000,1.6,1.68,1.6,1.68,201,0
PIT,5,20210316,151000,1.61,1.61,1.61,1.61,1,0
PIT,5,20210316,161000,1.69,1.69,1.69,1.69,1,0
PIT,5,20210316,164500,1.61,1.66,1.59,1.66,2680,0
PIT,5,20210317,090000,1.88,2.06,1.88,2.06,24635,0
PIT,5,20210317,090500,1.96,2.04,1.92,1.92,5188,0
PIT,5,20210317,091000,1.92,2.02,1.92,2.02,2838,0
PIT,5,20210317,091500,2.02,2.02,2,2,1063,0
PIT,5,20210317,092000,2,2,2,2,828,0
PIT,5,20210317,093500,1.89,1.89,1.85,1.85,3515,0
PIT,5,20210317,094000,1.85,1.87,1.85,1.85,1135,0
PIT,5,20210317,094500,1.86,1.94,1.86,1.94,3300,0
PIT,5,20210317,095500,1.93,1.93,1.93,1.93,500,0
PIT,5,20210317,100000,1.9,1.9,1.86,1.86,5466,0
PIT,5,20210317,103000,1.86,1.86,1.86,1.86,1051,0
PIT,5,20210317,103500,1.9,1.9,1.9,1.9,9,0
PIT,5,20210317,104500,1.86,1.86,1.86,1.86,101,0
PIT,5,20210317,105500,1.82,1.82,1.8,1.8,3047,0
PIT,5,20210317,110500,1.88,1.88,1.88,1.88,70,0
PIT,5,20210317,112000,1.88,1.88,1.88,1.88,250,0
PIT,5,20210317,112500,1.88,1.88,1.88,1.88,100,0
PIT,5,20210317,113000,1.88,1.88,1.88,1.88,100,0
PIT,5,20210317,115500,1.83,1.83,1.82,1.82,2000,0
PIT,5,20210317,121500,1.88,1.88,1.88,1.88,1001,0
PIT,5,20210317,122500,1.89,1.89,1.89,1.89,200,0
PIT,5,20210317,123500,1.9,1.91,1.9,1.91,1144,0
PIT,5,20210317,124000,1.91,1.91,1.91,1.91,132,0
PIT,5,20210317,125000,1.91,1.92,1.91,1.92,3898,0
PIT,5,20210317,125500,1.92,1.93,1.92,1.93,3102,0
PIT,5,20210317,131000,1.89,1.89,1.89,1.89,2650,0
PIT,5,20210317,132000,1.89,1.89,1.89,1.89,120,0
PIT,5,20210317,132500,1.88,1.88,1.88,1.88,555,0
PIT,5,20210317,134000,1.89,1.92,1.89,1.92,2250,0
PIT,5,20210317,153500,1.9,1.91,1.9,1.91,1000,0
PIT,5,20210317,160000,1.9,1.91,1.9,1.91,800,0
PIT,5,20210318,090000,1.93,1.93,1.92,1.93,5100,0
PIT,5,20210318,090500,1.91,1.93,1.91,1.93,11200,0
PIT,5,20210318,091000,1.92,1.93,1.92,1.93,5000,0
PIT,5,20210318,092000,1.9,1.9,1.9,1.9,3000,0
PIT,5,20210318,095000,1.89,1.9,1.89,1.9,4000,0
PIT,5,20210318,102000,1.89,1.9,1.89,1.9,5040,0
PIT,5,20210318,102500,1.89,1.9,1.89,1.9,1330,0
PIT,5,20210318,120500,1.89,1.9,1.89,1.9,2010,0
PIT,5,20210318,125000,1.89,1.89,1.89,1.89,3000,0
PIT,5,20210318,125500,1.82,1.82,1.82,1.82,250,0
PIT,5,20210318,150000,1.89,1.89,1.89,1.89,1,0
PIT,5,20210318,150500,1.89,1.89,1.89,1.89,150,0
PIT,5,20210319,091000,1.81,1.9,1.81,1.9,189,0
PIT,5,20210319,115000,1.81,1.81,1.78,1.78,1880,0
PIT,5,20210319,132500,1.78,1.78,1.78,1.78,500,0
PIT,5,20210319,133000,1.78,1.78,1.78,1.78,1259,0
PIT,5,20210319,134000,1.86,1.86,1.86,1.86,100,0
PIT,5,20210322,090000,1.81,1.81,1.81,1.81,350,0
PIT,5,20210322,090500,1.82,1.82,1.82,1.82,1350,0
PIT,5,20210322,091000,1.82,1.82,1.82,1.82,650,0
PIT,5,20210322,092500,1.88,1.88,1.88,1.88,1,0
PIT,5,20210322,095000,1.81,1.81,1.81,1.81,500,0
PIT,5,20210322,103000,1.87,1.87,1.87,1.87,100,0
PIT,5,20210322,105000,1.8,1.8,1.8,1.8,1500,0
PIT,5,20210322,110000,1.78,1.78,1.78,1.78,1000,0
PIT,5,20210322,124500,1.74,1.78,1.73,1.78,1250,0
PIT,5,20210322,152500,1.78,1.78,1.78,1.78,1000,0
PIT,5,20210323,090500,1.82,1.89,1.82,1.89,2000,0
PIT,5,20210323,091500,1.89,1.89,1.89,1.89,974,0
PIT,5,20210323,095500,1.87,1.87,1.87,1.87,10,0
PIT,5,20210323,105000,1.86,1.86,1.86,1.86,10,0
PIT,5,20210323,141500,1.84,1.84,1.84,1.84,10,0
PIT,5,20210323,161500,1.84,1.84,1.84,1.84,55,0
PIT,5,20210324,090000,1.87,1.87,1.72,1.72,1900,0
PIT,5,20210324,094500,1.72,1.72,1.71,1.71,300,0
PIT,5,20210324,095000,1.7,1.77,1.7,1.77,2100,0
PIT,5,20210324,103500,1.7,1.7,1.64,1.64,500,0
PIT,5,20210324,104000,1.64,1.64,1.64,1.64,699,0
PIT,5,20210324,105500,1.77,1.77,1.77,1.77,1,0
PIT,5,20210324,110500,1.75,1.75,1.75,1.75,100,0
PIT,5,20210324,113000,1.75,1.75,1.75,1.75,80,0
PIT,5,20210324,122500,1.69,1.69,1.65,1.65,2147,0
PIT,5,20210324,124000,1.65,1.65,1.65,1.65,551,0
PIT,5,20210324,131500,1.65,1.65,1.64,1.64,2000,0
PIT,5,20210324,132500,1.64,1.64,1.64,1.64,1200,0
PIT,5,20210324,133500,1.64,1.64,1.62,1.62,800,0
PIT,5,20210324,135500,1.62,1.62,1.62,1.62,520,0
PIT,5,20210324,152500,1.69,1.69,1.69,1.69,1,0
PIT,5,20210324,153500,1.68,1.68,1.68,1.68,1000,0
PIT,5,20210324,164500,1.68,1.68,1.68,1.68,550,0
PIT,5,20210324,165500,1.68,1.68,1.68,1.68,550,0
PIT,5,20210325,090000,1.73,1.73,1.73,1.73,300,0
PIT,5,20210325,091000,1.68,1.72,1.68,1.72,1105,0
PIT,5,20210325,092500,1.68,1.68,1.68,1.68,474,0
PIT,5,20210325,111500,1.62,1.62,1.61,1.61,1000,0
PIT,5,20210325,125000,1.61,1.61,1.61,1.61,897,0
PIT,5,20210325,125500,1.58,1.58,1.58,1.58,103,0
PIT,5,20210325,154000,1.67,1.67,1.67,1.67,1,0
PIT,5,20210326,091000,1.58,1.58,1.56,1.56,1458,0
PIT,5,20210326,092000,1.56,1.56,1.56,1.56,400,0
PIT,5,20210326,100500,1.68,1.68,1.68,1.68,200,0
PIT,5,20210326,145000,1.65,1.65,1.65,1.65,2100,0
PIT,5,20210326,162000,1.66,1.66,1.66,1.66,1110,0
