<TICKER>,<PER>,<DATE>,<TIME>,<OPEN>,<HIGH>,<LOW>,<CLOSE>,<VOL>,<OPENINT>
PLG,5,20210204,090000,0.47,0.47,0.47,0.47,20,0
PLG,5,20210204,101500,0.438,0.456,0.42,0.456,5055,0
PLG,5,20210204,105500,0.42,0.42,0.42,0.42,1500,0
PLG,5,20210204,111500,0.422,0.422,0.422,0.422,3000,0
PLG,5,20210204,120000,0.449,0.449,0.449,0.449,55,0
PLG,5,20210204,123500,0.422,0.449,0.42,0.449,9261,0
PLG,5,20210204,160000,0.43,0.43,0.418,0.418,2,0
PLG,5,20210204,161000,0.43,0.43,0.43,0.43,44,0
PLG,5,20210205,090000,0.43,0.43,0.41,0.41,5008,0
PLG,5,20210205,091000,0.412,0.412,0.412,0.412,3000,0
PLG,5,20210205,093000,0.423,0.423,0.423,0.423,4069,0
PLG,5,20210205,100500,0.414,0.414,0.414,0.414,2500,0
PLG,5,20210205,103500,0.424,0.424,0.424,0.424,5000,0
PLG,5,20210205,122000,0.414,0.414,0.414,0.414,45,0
PLG,5,20210205,122500,0.414,0.414,0.41,0.41,10200,0
PLG,5,20210205,123000,0.4,0.4,0.345,0.398,67167,0
PLG,5,20210205,123500,0.398,0.41,0.398,0.41,17646,0
PLG,5,20210205,124000,0.408,0.408,0.408,0.408,1935,0
PLG,5,20210205,124500,0.39,0.39,0.39,0.39,4766,0
PLG,5,20210205,125000,0.39,0.39,0.39,0.39,3565,0
PLG,5,20210205,125500,0.398,0.42,0.398,0.42,5000,0
PLG,5,20210205,131500,0.416,0.416,0.416,0.416,7000,0
PLG,5,20210205,140500,0.416,0.416,0.416,0.416,5000,0
PLG,5,20210205,144000,0.41,0.41,0.41,0.41,2428,0
PLG,5,20210205,150000,0.4,0.4,0.4,0.4,405,0
PLG,5,20210205,150500,0.4,0.4,0.4,0.4,3000,0
PLG,5,20210205,151000,0.39,0.39,0.39,0.39,4669,0
PLG,5,20210205,152000,0.39,0.39,0.39,0.39,55,0
PLG,5,20210205,153000,0.376,0.376,0.362,0.362,16882,0
PLG,5,20210205,153500,0.37,0.37,0.37,0.37,4500,0
PLG,5,20210205,154500,0.393,0.393,0.393,0.393,894,0
PLG,5,20210205,155000,0.389,0.389,0.389,0.389,2000,0
PLG,5,20210205,155500,0.38,0.38,0.38,0.38,5000,0
PLG,5,20210205,161000,0.379,0.38,0.379,0.38,1939,0
PLG,5,20210205,161500,0.376,0.376,0.363,0.363,5735,0
PLG,5,20210205,162500,0.37,0.37,0.37,0.37,8000,0
PLG,5,20210205,163000,0.37,0.37,0.37,0.37,4000,0
PLG,5,20210205,164000,0.406,0.416,0.406,0.416,2500,0
PLG,5,20210208,100000,0.4,0.4,0.4,0.4,1000,0
PLG,5,20210208,101000,0.413,0.413,0.413,0.413,78,0
PLG,5,20210208,101500,0.413,0.413,0.413,0.413,2000,0
PLG,5,20210208,104000,0.38,0.38,0.38,0.38,1000,0
PLG,5,20210208,104500,0.38,0.38,0.38,0.38,1000,0
PLG,5,20210208,112000,0.39,0.39,0.39,0.39,2000,0
PLG,5,20210208,113000,0.39,0.39,0.39,0.39,22,0
PLG,5,20210208,115500,0.4,0.4,0.4,0.4,20000,0
PLG,5,20210208,120000,0.4,0.4,0.4,0.4,500,0
PLG,5,20210208,123000,0.4,0.4,0.4,0.4,2960,0
PLG,5,20210208,125000,0.4,0.4,0.4,0.4,2501,0
PLG,5,20210208,133500,0.39,0.39,0.38,0.38,3500,0
PLG,5,20210208,134000,0.38,0.38,0.38,0.38,100,0
PLG,5,20210208,152500,0.38,0.38,0.38,0.38,920,0
PLG,5,20210208,153500,0.38,0.38,0.38,0.38,500,0
PLG,5,20210208,160500,0.38,0.38,0.38,0.38,900,0
PLG,5,20210208,164500,0.39,0.39,0.39,0.39,1000,0
PLG,5,20210209,091500,0.41,0.412,0.41,0.412,500,0
PLG,5,20210209,111500,0.38,0.38,0.38,0.38,5000,0
PLG,5,20210209,124000,0.4,0.4,0.4,0.4,111,0
PLG,5,20210209,155500,0.376,0.376,0.372,0.372,3000,0
PLG,5,20210209,161000,0.4,0.4,0.4,0.4,1,0
PLG,5,20210210,090000,0.4,0.4,0.4,0.4,30,0
PLG,5,20210210,093000,0.375,0.375,0.375,0.375,2400,0
PLG,5,20210210,094000,0.399,0.399,0.399,0.399,111,0
PLG,5,20210210,100500,0.399,0.4,0.399,0.4,3000,0
PLG,5,20210210,104000,0.375,0.4,0.375,0.4,1311,0
PLG,5,20210210,112000,0.4,0.4,0.4,0.4,5000,0
PLG,5,20210210,114000,0.378,0.4,0.378,0.4,1711,0
PLG,5,20210210,115000,0.4,0.4,0.4,0.4,3000,0
PLG,5,20210210,121500,0.378,0.378,0.362,0.362,10000,0
PLG,5,20210210,122500,0.399,0.412,0.399,0.412,5000,0
PLG,5,20210210,123500,0.412,0.412,0.411,0.411,2000,0
PLG,5,20210210,135500,0.4,0.42,0.4,0.42,4500,0
PLG,5,20210210,164500,0.39,0.39,0.39,0.39,1550,0
PLG,5,20210211,102500,0.418,0.418,0.418,0.418,20,0
PLG,5,20210211,125000,0.4,0.418,0.4,0.418,3500,0
PLG,5,20210211,164000,0.392,0.392,0.383,0.383,5000,0
PLG,5,20210211,164500,0.41,0.41,0.41,0.41,111,0
PLG,5,20210212,090000,0.409,0.409,0.409,0.409,300,0
PLG,5,20210212,091500,0.406,0.414,0.406,0.414,5000,0
PLG,5,20210212,092000,0.414,0.42,0.414,0.42,7000,0
PLG,5,20210212,092500,0.42,0.42,0.42,0.42,3000,0
PLG,5,20210212,093000,0.42,0.42,0.42,0.42,2500,0
PLG,5,20210212,095000,0.42,0.42,0.42,0.42,2500,0
PLG,5,20210212,095500,0.42,0.42,0.42,0.42,1500,0
PLG,5,20210212,101000,0.42,0.42,0.42,0.42,6875,0
PLG,5,20210212,101500,0.42,0.42,0.42,0.42,2000,0
PLG,5,20210212,103000,0.42,0.424,0.42,0.424,3000,0
PLG,5,20210212,114500,0.4,0.4,0.4,0.4,2000,0
PLG,5,20210212,121500,0.418,0.42,0.418,0.42,1500,0
PLG,5,20210212,135500,0.416,0.416,0.416,0.416,3082,0
PLG,5,20210215,090000,0.386,0.386,0.385,0.385,4000,0
PLG,5,20210215,092000,0.385,0.385,0.38,0.38,4000,0
PLG,5,20210215,101500,0.4,0.4,0.4,0.4,500,0
PLG,5,20210215,102500,0.4,0.4,0.4,0.4,3200,0
PLG,5,20210215,114500,0.384,0.384,0.384,0.384,4000,0
PLG,5,20210215,130000,0.4,0.4,0.4,0.4,100,0
PLG,5,20210215,133500,0.385,0.385,0.385,0.385,400,0
PLG,5,20210215,145500,0.39,0.4,0.39,0.4,6900,0
PLG,5,20210215,154000,0.41,0.41,0.41,0.41,2500,0
PLG,5,20210215,154500,0.418,0.426,0.418,0.426,8000,0
PLG,5,20210215,164500,0.424,0.424,0.424,0.424,6000,0
PLG,5,20210216,090000,0.43,0.43,0.43,0.43,2000,0
PLG,5,20210216,090500,0.4,0.4,0.4,0.4,650,0
PLG,5,20210216,092500,0.43,0.43,0.43,0.43,2000,0
PLG,5,20210216,105500,0.404,0.404,0.4,0.4,4000,0
PLG,5,20210216,110000,0.43,0.43,0.43,0.43,1000,0
PLG,5,20210216,111500,0.43,0.43,0.43,0.43,2000,0
PLG,5,20210216,114000,0.402,0.402,0.402,0.402,1000,0
PLG,5,20210216,114500,0.402,0.402,0.401,0.401,3000,0
PLG,5,20210216,115500,0.401,0.401,0.401,0.401,2000,0
PLG,5,20210216,123000,0.401,0.401,0.4,0.4,6000,0
PLG,5,20210216,161000,0.41,0.41,0.41,0.41,100,0
PLG,5,20210216,164500,0.42,0.42,0.42,0.42,6000,0
PLG,5,20210217,090000,0.42,0.42,0.42,0.42,2020,0
PLG,5,20210217,094000,0.42,0.42,0.42,0.42,1020,0
PLG,5,20210217,094500,0.42,0.43,0.42,0.43,4949,0
PLG,5,20210217,095000,0.43,0.458,0.43,0.458,17521,0
PLG,5,20210217,095500,0.456,0.458,0.456,0.458,2000,0
PLG,5,20210217,101000,0.458,0.458,0.406,0.408,8199,0
PLG,5,20210217,101500,0.456,0.46,0.408,0.455,12657,0
PLG,5,20210217,102000,0.455,0.455,0.455,0.455,3043,0
PLG,5,20210217,102500,0.455,0.455,0.455,0.455,4159,0
PLG,5,20210217,103000,0.414,0.455,0.413,0.455,11893,0
PLG,5,20210217,103500,0.41,0.456,0.41,0.456,10000,0
PLG,5,20210217,104000,0.45,0.45,0.45,0.45,2000,0
PLG,5,20210217,104500,0.415,0.45,0.414,0.45,11250,0
PLG,5,20210217,110000,0.445,0.445,0.445,0.445,4470,0
PLG,5,20210217,110500,0.445,0.455,0.445,0.455,6000,0
PLG,5,20210217,111000,0.455,0.456,0.44,0.456,12030,0
PLG,5,20210217,112500,0.456,0.456,0.456,0.456,900,0
PLG,5,20210217,115000,0.422,0.422,0.422,0.422,500,0
PLG,5,20210217,120000,0.422,0.456,0.42,0.45,17333,0
PLG,5,20210217,133500,0.421,0.446,0.421,0.446,11000,0
PLG,5,20210217,134500,0.448,0.45,0.448,0.45,3500,0
PLG,5,20210217,141000,0.448,0.448,0.448,0.448,3333,0
PLG,5,20210217,142500,0.449,0.45,0.449,0.45,3500,0
PLG,5,20210217,162000,0.423,0.45,0.42,0.45,12304,0
PLG,5,20210217,162500,0.45,0.45,0.45,0.45,2500,0
PLG,5,20210217,164000,0.448,0.448,0.448,0.448,3000,0
PLG,5,20210217,164500,0.421,0.45,0.414,0.441,9500,0
PLG,5,20210218,092500,0.448,0.448,0.448,0.448,2000,0
PLG,5,20210218,093500,0.43,0.45,0.43,0.45,4900,0
PLG,5,20210218,095000,0.424,0.424,0.421,0.421,12550,0
PLG,5,20210218,095500,0.439,0.44,0.439,0.44,8450,0
PLG,5,20210218,100500,0.448,0.45,0.448,0.45,4500,0
PLG,5,20210218,101000,0.45,0.45,0.45,0.45,3000,0
PLG,5,20210218,101500,0.45,0.45,0.45,0.45,3000,0
PLG,5,20210218,102000,0.45,0.46,0.45,0.46,5000,0
PLG,5,20210218,102500,0.46,0.46,0.46,0.46,4000,0
PLG,5,20210218,103000,0.46,0.466,0.46,0.466,3500,0
PLG,5,20210218,103500,0.436,0.47,0.435,0.47,18000,0
PLG,5,20210218,104000,0.47,0.47,0.439,0.47,9500,0
PLG,5,20210218,104500,0.47,0.476,0.432,0.47,23500,0
PLG,5,20210218,105500,0.437,0.437,0.437,0.437,8,0
PLG,5,20210218,113500,0.457,0.457,0.457,0.457,500,0
PLG,5,20210218,120000,0.457,0.46,0.457,0.46,8100,0
PLG,5,20210218,120500,0.46,0.46,0.46,0.46,1900,0
PLG,5,20210218,135500,0.46,0.46,0.46,0.46,1000,0
PLG,5,20210218,142500,0.46,0.46,0.46,0.46,2500,0
PLG,5,20210218,144500,0.432,0.432,0.41,0.41,21305,0
PLG,5,20210218,151000,0.44,0.444,0.44,0.444,4508,0
PLG,5,20210218,155000,0.42,0.42,0.42,0.42,3000,0
PLG,5,20210218,155500,0.42,0.42,0.42,0.42,3000,0
PLG,5,20210218,160000,0.42,0.439,0.4,0.439,28299,0
PLG,5,20210218,161000,0.401,0.401,0.401,0.401,1791,0
PLG,5,20210218,161500,0.401,0.401,0.401,0.401,265,0
PLG,5,20210218,164000,0.4,0.4,0.4,0.4,2000,0
PLG,5,20210218,164500,0.405,0.405,0.405,0.405,8000,0
PLG,5,20210219,090000,0.408,0.43,0.408,0.43,2001,0
PLG,5,20210219,090500,0.408,0.408,0.402,0.402,1001,0
PLG,5,20210219,091000,0.39,0.39,0.385,0.385,13992,0
PLG,5,20210219,092000,0.4,0.4,0.4,0.4,2000,0
PLG,5,20210219,130000,0.411,0.412,0.41,0.412,3500,0
PLG,5,20210219,131500,0.41,0.429,0.41,0.429,10000,0
PLG,5,20210219,132000,0.429,0.44,0.429,0.44,10000,0
PLG,5,20210219,144500,0.413,0.413,0.41,0.41,20000,0
PLG,5,20210219,145000,0.41,0.41,0.4,0.4,10000,0
PLG,5,20210219,145500,0.4,0.4,0.4,0.4,4800,0
PLG,5,20210219,150000,0.4,0.4,0.4,0.4,5000,0
PLG,5,20210219,151000,0.428,0.43,0.428,0.43,3000,0
PLG,5,20210222,090000,0.436,0.44,0.402,0.402,10702,0
PLG,5,20210222,091500,0.448,0.448,0.448,0.448,2500,0
PLG,5,20210222,092000,0.407,0.407,0.407,0.407,1,0
PLG,5,20210222,094000,0.44,0.449,0.407,0.407,12001,0
PLG,5,20210222,095000,0.449,0.449,0.449,0.449,1519,0
PLG,5,20210222,100500,0.449,0.449,0.449,0.449,481,0
PLG,5,20210222,102500,0.417,0.417,0.417,0.417,1,0
PLG,5,20210222,104000,0.448,0.449,0.448,0.449,3000,0
PLG,5,20210222,115000,0.42,0.42,0.42,0.42,1000,0
PLG,5,20210222,120500,0.449,0.454,0.449,0.454,2000,0
PLG,5,20210222,121500,0.454,0.457,0.454,0.457,2000,0
PLG,5,20210222,135000,0.424,0.424,0.421,0.421,2157,0
PLG,5,20210222,141500,0.45,0.455,0.45,0.455,2000,0
PLG,5,20210222,142000,0.455,0.47,0.455,0.47,4000,0
PLG,5,20210222,144000,0.422,0.422,0.422,0.422,1,0
PLG,5,20210222,151000,0.466,0.466,0.466,0.466,13220,0
PLG,5,20210223,090000,0.429,0.429,0.429,0.429,240,0
PLG,5,20210223,090500,0.458,0.458,0.458,0.458,1000,0
PLG,5,20210223,091000,0.458,0.46,0.458,0.46,18373,0
PLG,5,20210223,091500,0.46,0.466,0.429,0.466,6001,0
PLG,5,20210223,092000,0.466,0.466,0.466,0.466,1000,0
PLG,5,20210223,094000,0.474,0.475,0.474,0.475,11621,0
PLG,5,20210223,110000,0.471,0.471,0.471,0.471,9325,0
PLG,5,20210223,110500,0.46,0.46,0.454,0.454,7750,0
PLG,5,20210223,112500,0.46,0.46,0.46,0.46,1000,0
PLG,5,20210223,115000,0.46,0.46,0.46,0.46,250,0
PLG,5,20210223,121000,0.46,0.476,0.46,0.476,3000,0
PLG,5,20210223,123000,0.455,0.455,0.455,0.455,1000,0
PLG,5,20210223,133500,0.473,0.473,0.473,0.473,352,0
PLG,5,20210223,140000,0.47,0.48,0.47,0.48,19657,0
PLG,5,20210223,142000,0.486,0.486,0.486,0.486,3000,0
PLG,5,20210223,142500,0.48,0.48,0.48,0.48,12154,0
PLG,5,20210223,143000,0.49,0.49,0.49,0.49,5000,0
PLG,5,20210223,143500,0.48,0.494,0.48,0.494,13260,0
PLG,5,20210223,150000,0.48,0.48,0.48,0.48,5929,0
PLG,5,20210223,151000,0.457,0.457,0.457,0.457,1,0
PLG,5,20210223,151500,0.47,0.48,0.47,0.48,3071,0
PLG,5,20210223,154000,0.49,0.5,0.45,0.45,45001,0
PLG,5,20210223,160000,0.49,0.49,0.452,0.452,8001,0
PLG,5,20210223,161000,0.49,0.5,0.46,0.46,6701,0
PLG,5,20210223,163500,0.461,0.461,0.461,0.461,1252,0
PLG,5,20210223,164500,0.461,0.51,0.461,0.51,9745,0
PLG,5,20210224,093500,0.506,0.51,0.506,0.51,5000,0
PLG,5,20210224,103500,0.51,0.51,0.51,0.51,1101,0
PLG,5,20210224,112000,0.462,0.518,0.462,0.462,12850,0
PLG,5,20210224,112500,0.502,0.518,0.462,0.5,22660,0
PLG,5,20210224,113000,0.498,0.518,0.498,0.518,4600,0
PLG,5,20210224,130000,0.474,0.474,0.474,0.474,10,0
PLG,5,20210224,133000,0.5,0.53,0.5,0.52,27000,0
PLG,5,20210224,164500,0.51,0.52,0.51,0.52,10000,0
PLG,5,20210224,165500,0.48,0.48,0.48,0.48,10,0
PLG,5,20210225,090000,0.48,0.48,0.48,0.48,10572,0
PLG,5,20210225,094000,0.482,0.482,0.482,0.482,1250,0
PLG,5,20210225,095000,0.522,0.524,0.522,0.524,2000,0
PLG,5,20210225,101000,0.52,0.522,0.52,0.522,5550,0
PLG,5,20210225,101500,0.522,0.524,0.522,0.524,6199,0
PLG,5,20210225,102000,0.524,0.54,0.524,0.54,37771,0
PLG,5,20210225,102500,0.54,0.546,0.54,0.546,9053,0
PLG,5,20210225,103500,0.558,0.56,0.558,0.56,6300,0
PLG,5,20210225,104000,0.562,0.566,0.55,0.55,8500,0
PLG,5,20210225,104500,0.55,0.55,0.55,0.55,4110,0
PLG,5,20210225,111500,0.564,0.566,0.55,0.55,7642,0
PLG,5,20210225,112000,0.55,0.55,0.55,0.55,979,0
PLG,5,20210225,113500,0.572,0.572,0.572,0.572,750,0
PLG,5,20210225,114500,0.572,0.572,0.572,0.572,8724,0
PLG,5,20210225,115000,0.55,0.55,0.55,0.55,1500,0
PLG,5,20210225,115500,0.55,0.55,0.55,0.55,8785,0
PLG,5,20210225,120000,0.57,0.57,0.57,0.57,165,0
PLG,5,20210225,121000,0.57,0.574,0.57,0.574,3023,0
PLG,5,20210225,121500,0.55,0.55,0.55,0.55,500,0
PLG,5,20210225,134000,0.55,0.57,0.55,0.57,2000,0
PLG,5,20210225,145500,0.516,0.516,0.512,0.512,8724,0
PLG,5,20210225,150500,0.55,0.55,0.55,0.55,1700,0
PLG,5,20210225,151500,0.514,0.514,0.51,0.51,15000,0
PLG,5,20210225,152000,0.51,0.51,0.49,0.49,23031,0
PLG,5,20210225,153000,0.482,0.482,0.48,0.48,23982,0
PLG,5,20210225,153500,0.48,0.48,0.47,0.47,8088,0
PLG,5,20210225,155000,0.47,0.48,0.47,0.48,2056,0
PLG,5,20210225,161500,0.48,0.49,0.48,0.49,2644,0
PLG,5,20210225,163000,0.48,0.49,0.48,0.49,2000,0
PLG,5,20210225,164500,0.512,0.512,0.512,0.512,20000,0
PLG,5,20210226,090000,0.514,0.528,0.514,0.528,4000,0
PLG,5,20210226,093500,0.484,0.484,0.48,0.48,10325,0
PLG,5,20210226,094500,0.51,0.526,0.51,0.522,7925,0
PLG,5,20210226,115000,0.485,0.52,0.48,0.48,12000,0
PLG,5,20210226,115500,0.48,0.48,0.48,0.48,4000,0
PLG,5,20210226,120000,0.481,0.481,0.481,0.481,500,0
PLG,5,20210226,120500,0.5,0.51,0.5,0.51,5500,0
PLG,5,20210226,131000,0.516,0.516,0.516,0.516,400,0
PLG,5,20210226,132500,0.516,0.528,0.516,0.528,15963,0
PLG,5,20210226,133500,0.528,0.53,0.528,0.528,10777,0
PLG,5,20210226,134000,0.528,0.548,0.5,0.548,14184,0
PLG,5,20210226,134500,0.508,0.548,0.504,0.548,8500,0
PLG,5,20210226,135000,0.504,0.548,0.5,0.54,18150,0
PLG,5,20210226,141500,0.502,0.502,0.502,0.502,1000,0
PLG,5,20210226,144000,0.53,0.53,0.53,0.53,410,0
PLG,5,20210226,145000,0.504,0.504,0.504,0.504,801,0
PLG,5,20210226,150500,0.53,0.53,0.53,0.53,90,0
PLG,5,20210226,153000,0.504,0.504,0.5,0.5,7699,0
PLG,5,20210226,160000,0.522,0.524,0.522,0.524,2000,0
PLG,5,20210226,164500,0.53,0.53,0.53,0.53,491,0
PLG,5,20210301,090000,0.5,0.5,0.5,0.5,1290,0
PLG,5,20210301,090500,0.534,0.54,0.534,0.54,2500,0
PLG,5,20210301,110000,0.502,0.502,0.5,0.5,10000,0
PLG,5,20210301,113000,0.53,0.53,0.53,0.53,55,0
PLG,5,20210301,114000,0.502,0.502,0.502,0.502,817,0
PLG,5,20210301,114500,0.53,0.53,0.53,0.53,45,0
PLG,5,20210301,144500,0.502,0.502,0.502,0.502,3000,0
PLG,5,20210301,145000,0.502,0.502,0.502,0.502,3000,0
PLG,5,20210301,150500,0.53,0.53,0.53,0.53,1400,0
PLG,5,20210301,151000,0.536,0.536,0.536,0.536,111,0
PLG,5,20210301,164500,0.53,0.55,0.53,0.55,18000,0
PLG,5,20210302,090000,0.51,0.51,0.51,0.51,5,0
PLG,5,20210302,091000,0.548,0.548,0.548,0.548,1500,0
PLG,5,20210302,111000,0.516,0.516,0.516,0.516,5,0
PLG,5,20210302,111500,0.544,0.544,0.544,0.544,111,0
PLG,5,20210302,112500,0.52,0.542,0.52,0.542,25010,0
PLG,5,20210302,140000,0.538,0.612,0.538,0.612,90925,0
PLG,5,20210302,142000,0.7,0.7,0.7,0.7,94594,0
PLG,5,20210302,143500,0.72,0.72,0.72,0.72,17855,0
PLG,5,20210302,144000,0.72,0.72,0.72,0.72,31689,0
PLG,5,20210302,145000,0.71,0.71,0.7,0.7,46869,0
PLG,5,20210302,145500,0.7,0.7,0.68,0.7,66570,0
PLG,5,20210302,150000,0.7,0.71,0.698,0.7,80103,0
PLG,5,20210302,150500,0.71,0.71,0.7,0.7,14111,0
PLG,5,20210302,151000,0.7,0.71,0.7,0.71,12519,0
PLG,5,20210302,151500,0.716,0.72,0.716,0.718,58210,0
PLG,5,20210302,152000,0.718,0.718,0.7,0.716,11005,0
PLG,5,20210302,152500,0.716,0.718,0.7,0.7,19864,0
PLG,5,20210302,153000,0.7,0.72,0.7,0.72,74332,0
PLG,5,20210302,153500,0.702,0.702,0.664,0.7,9716,0
PLG,5,20210302,154000,0.7,0.7,0.65,0.65,11182,0
PLG,5,20210302,154500,0.65,0.65,0.616,0.64,25879,0
PLG,5,20210302,155000,0.626,0.64,0.626,0.64,4105,0
PLG,5,20210302,155500,0.63,0.63,0.628,0.628,6700,0
PLG,5,20210302,160000,0.65,0.678,0.65,0.678,11815,0
PLG,5,20210302,160500,0.684,0.684,0.67,0.67,2755,0
PLG,5,20210302,161000,0.67,0.682,0.67,0.68,11266,0
PLG,5,20210302,161500,0.68,0.68,0.68,0.68,2388,0
PLG,5,20210302,162000,0.664,0.664,0.65,0.65,5031,0
PLG,5,20210302,162500,0.64,0.64,0.636,0.636,3388,0
PLG,5,20210302,163000,0.64,0.646,0.638,0.638,10255,0
PLG,5,20210302,163500,0.638,0.638,0.622,0.622,10102,0
PLG,5,20210302,164000,0.638,0.638,0.636,0.636,2905,0
PLG,5,20210302,164500,0.636,0.638,0.622,0.638,16744,0
PLG,5,20210303,090000,0.66,0.664,0.63,0.664,119997,0
PLG,5,20210303,090500,0.664,0.732,0.65,0.708,166849,0
PLG,5,20210303,091000,0.732,0.76,0.73,0.75,60093,0
PLG,5,20210303,091500,0.748,0.754,0.7,0.724,94013,0
PLG,5,20210303,092000,0.724,0.724,0.662,0.694,53602,0
PLG,5,20210303,092500,0.694,0.72,0.67,0.72,48620,0
PLG,5,20210303,093000,0.7,0.72,0.7,0.718,25975,0
PLG,5,20210303,093500,0.71,0.72,0.7,0.7,122694,0
PLG,5,20210303,094000,0.7,0.718,0.7,0.718,21345,0
PLG,5,20210303,094500,0.7,0.72,0.7,0.72,33640,0
PLG,5,20210303,095000,0.718,0.72,0.718,0.72,20191,0
PLG,5,20210303,095500,0.718,0.718,0.718,0.718,1,0
PLG,5,20210303,100000,0.718,0.72,0.714,0.72,23759,0
PLG,5,20210303,100500,0.72,0.742,0.72,0.742,114972,0
PLG,5,20210303,101000,0.75,0.756,0.75,0.756,23000,0
PLG,5,20210303,101500,0.75,0.75,0.712,0.72,8160,0
PLG,5,20210303,102000,0.724,0.73,0.724,0.73,1086,0
PLG,5,20210303,102500,0.73,0.73,0.73,0.73,1100,0
PLG,5,20210303,103500,0.722,0.734,0.72,0.734,6850,0
PLG,5,20210303,104000,0.73,0.73,0.73,0.73,1000,0
PLG,5,20210303,104500,0.72,0.724,0.72,0.72,25950,0
PLG,5,20210303,105000,0.72,0.72,0.68,0.68,51597,0
PLG,5,20210303,105500,0.68,0.696,0.67,0.69,7685,0
PLG,5,20210303,110000,0.68,0.684,0.67,0.67,11107,0
PLG,5,20210303,110500,0.67,0.68,0.658,0.678,60664,0
PLG,5,20210303,111000,0.67,0.67,0.658,0.658,4000,0
PLG,5,20210303,111500,0.678,0.678,0.678,0.678,12135,0
PLG,5,20210303,112000,0.678,0.678,0.678,0.678,3577,0
PLG,5,20210303,112500,0.68,0.68,0.644,0.644,46255,0
PLG,5,20210303,113000,0.65,0.65,0.602,0.644,38363,0
PLG,5,20210303,113500,0.63,0.638,0.604,0.626,16101,0
PLG,5,20210303,114000,0.61,0.61,0.53,0.57,84166,0
PLG,5,20210303,114500,0.56,0.56,0.53,0.546,143205,0
PLG,5,20210303,115000,0.54,0.588,0.54,0.588,72829,0
PLG,5,20210303,115500,0.58,0.582,0.58,0.582,9315,0
PLG,5,20210303,120000,0.56,0.56,0.56,0.56,1500,0
PLG,5,20210303,120500,0.56,0.56,0.54,0.548,58278,0
PLG,5,20210303,121000,0.55,0.55,0.55,0.55,358,0
PLG,5,20210303,121500,0.55,0.568,0.55,0.568,3100,0
PLG,5,20210303,122000,0.57,0.58,0.57,0.58,18700,0
PLG,5,20210303,122500,0.58,0.59,0.58,0.59,8700,0
PLG,5,20210303,123000,0.59,0.59,0.58,0.58,4900,0
PLG,5,20210303,123500,0.58,0.588,0.56,0.576,17478,0
PLG,5,20210303,124500,0.588,0.588,0.588,0.588,1700,0
PLG,5,20210303,130000,0.564,0.564,0.562,0.562,7397,0
PLG,5,20210303,130500,0.564,0.588,0.562,0.562,2001,0
PLG,5,20210303,131000,0.562,0.562,0.562,0.562,3641,0
PLG,5,20210303,131500,0.562,0.562,0.562,0.562,3400,0
PLG,5,20210303,132000,0.566,0.584,0.564,0.584,6539,0
PLG,5,20210303,134500,0.584,0.584,0.584,0.584,100,0
PLG,5,20210303,135500,0.568,0.568,0.568,0.568,4650,0
PLG,5,20210303,141000,0.576,0.576,0.576,0.576,2000,0
PLG,5,20210303,141500,0.58,0.584,0.58,0.58,9700,0
PLG,5,20210303,142000,0.588,0.588,0.548,0.55,54026,0
PLG,5,20210303,142500,0.55,0.55,0.55,0.55,5,0
PLG,5,20210303,143000,0.576,0.576,0.576,0.576,6500,0
PLG,5,20210303,143500,0.552,0.552,0.53,0.53,57325,0
PLG,5,20210303,144000,0.536,0.55,0.536,0.55,4300,0
PLG,5,20210303,144500,0.55,0.55,0.55,0.55,200,0
PLG,5,20210303,145000,0.54,0.54,0.54,0.54,200,0
PLG,5,20210303,145500,0.566,0.566,0.566,0.566,123,0
PLG,5,20210303,152000,0.542,0.55,0.542,0.55,2000,0
PLG,5,20210303,152500,0.544,0.544,0.544,0.544,8100,0
PLG,5,20210303,153000,0.552,0.552,0.552,0.552,2650,0
PLG,5,20210303,154000,0.552,0.552,0.552,0.552,1397,0
PLG,5,20210303,154500,0.56,0.56,0.56,0.56,1000,0
PLG,5,20210303,155000,0.554,0.554,0.552,0.552,16848,0
PLG,5,20210303,155500,0.552,0.552,0.552,0.552,1989,0
PLG,5,20210303,160500,0.552,0.552,0.552,0.552,330,0
PLG,5,20210303,161000,0.552,0.552,0.542,0.542,2901,0
PLG,5,20210303,161500,0.542,0.542,0.542,0.542,1729,0
PLG,5,20210303,162000,0.544,0.548,0.542,0.542,12509,0
PLG,5,20210303,163000,0.544,0.548,0.542,0.542,3900,0
PLG,5,20210303,163500,0.544,0.562,0.544,0.562,10892,0
PLG,5,20210303,164000,0.564,0.564,0.564,0.564,1000,0
PLG,5,20210303,164500,0.564,0.566,0.55,0.55,9010,0
PLG,5,20210304,090000,0.55,0.55,0.542,0.542,18400,0
PLG,5,20210304,090500,0.542,0.542,0.53,0.53,5601,0
PLG,5,20210304,091000,0.53,0.53,0.502,0.502,43463,0
PLG,5,20210304,091500,0.502,0.52,0.502,0.502,12064,0
PLG,5,20210304,092000,0.5,0.504,0.48,0.504,10738,0
PLG,5,20210304,092500,0.504,0.51,0.5,0.5,18222,0
PLG,5,20210304,094000,0.52,0.538,0.51,0.53,10123,0
PLG,5,20210304,095500,0.514,0.514,0.51,0.51,3800,0
PLG,5,20210304,100000,0.522,0.522,0.522,0.522,2000,0
PLG,5,20210304,100500,0.522,0.53,0.522,0.53,5000,0
PLG,5,20210304,101000,0.528,0.53,0.528,0.53,13457,0
PLG,5,20210304,101500,0.542,0.548,0.542,0.548,60,0
PLG,5,20210304,112500,0.52,0.52,0.52,0.52,680,0
PLG,5,20210304,123500,0.52,0.52,0.52,0.52,4320,0
PLG,5,20210304,132000,0.514,0.514,0.514,0.514,2003,0
PLG,5,20210304,132500,0.514,0.514,0.514,0.514,280,0
PLG,5,20210304,133500,0.52,0.52,0.52,0.52,350,0
PLG,5,20210304,134000,0.52,0.52,0.512,0.512,10000,0
PLG,5,20210304,135500,0.52,0.52,0.48,0.48,25800,0
PLG,5,20210304,140500,0.492,0.492,0.48,0.48,28000,0
PLG,5,20210304,141500,0.5,0.5,0.5,0.5,2000,0
PLG,5,20210304,145000,0.486,0.486,0.483,0.484,5565,0
PLG,5,20210304,150000,0.484,0.484,0.484,0.484,7100,0
PLG,5,20210304,150500,0.484,0.484,0.484,0.484,4050,0
PLG,5,20210304,153000,0.496,0.496,0.496,0.496,123,0
PLG,5,20210304,153500,0.496,0.496,0.496,0.496,66,0
PLG,5,20210304,154000,0.484,0.484,0.484,0.484,6100,0
PLG,5,20210304,155000,0.484,0.484,0.484,0.484,6015,0
PLG,5,20210304,161500,0.496,0.496,0.496,0.496,14870,0
PLG,5,20210304,162000,0.496,0.496,0.496,0.496,4800,0
PLG,5,20210304,162500,0.494,0.494,0.494,0.494,4000,0
PLG,5,20210304,163000,0.496,0.496,0.496,0.496,5000,0
PLG,5,20210304,163500,0.488,0.488,0.488,0.488,1000,0
PLG,5,20210304,164000,0.49,0.496,0.49,0.496,15264,0
PLG,5,20210304,164500,0.496,0.52,0.496,0.52,44522,0
PLG,5,20210305,091000,0.495,0.495,0.41,0.41,94965,0
PLG,5,20210305,091500,0.46,0.46,0.46,0.46,9500,0
PLG,5,20210305,092000,0.464,0.484,0.46,0.46,23325,0
PLG,5,20210305,092500,0.48,0.48,0.48,0.48,1,0
PLG,5,20210305,093000,0.462,0.462,0.462,0.462,6000,0
PLG,5,20210305,094500,0.461,0.461,0.461,0.461,7504,0
PLG,5,20210305,095000,0.461,0.476,0.461,0.476,2542,0
PLG,5,20210305,095500,0.46,0.46,0.46,0.46,16863,0
PLG,5,20210305,100500,0.47,0.47,0.47,0.47,300,0
PLG,5,20210305,101000,0.46,0.46,0.46,0.46,500,0
PLG,5,20210305,101500,0.47,0.47,0.47,0.47,600,0
PLG,5,20210305,102000,0.461,0.461,0.461,0.461,1000,0
PLG,5,20210305,103000,0.462,0.462,0.46,0.46,1992,0
PLG,5,20210305,110500,0.461,0.461,0.461,0.461,1100,0
PLG,5,20210305,111000,0.461,0.461,0.461,0.461,1081,0
PLG,5,20210305,111500,0.461,0.461,0.461,0.461,343,0
PLG,5,20210305,115500,0.47,0.47,0.47,0.47,2600,0
PLG,5,20210305,120000,0.478,0.48,0.478,0.48,3900,0
PLG,5,20210305,124500,0.47,0.47,0.47,0.47,8247,0
PLG,5,20210305,125000,0.472,0.472,0.472,0.472,4950,0
PLG,5,20210305,125500,0.473,0.473,0.473,0.473,890,0
PLG,5,20210305,131500,0.475,0.475,0.475,0.475,12000,0
PLG,5,20210305,132000,0.472,0.48,0.472,0.479,3520,0
PLG,5,20210305,132500,0.472,0.472,0.472,0.472,213,0
PLG,5,20210305,133000,0.472,0.48,0.467,0.467,7798,0
PLG,5,20210305,133500,0.477,0.51,0.477,0.51,37560,0
PLG,5,20210305,134000,0.52,0.52,0.48,0.48,23437,0
PLG,5,20210305,135000,0.5,0.5,0.5,0.5,4600,0
PLG,5,20210305,142500,0.51,0.51,0.51,0.51,1012,0
PLG,5,20210305,143000,0.51,0.51,0.51,0.51,4231,0
PLG,5,20210305,144000,0.514,0.52,0.514,0.52,18500,0
PLG,5,20210305,145000,0.508,0.51,0.508,0.51,2400,0
PLG,5,20210305,150500,0.49,0.49,0.49,0.49,230,0
PLG,5,20210305,151000,0.49,0.49,0.482,0.482,2143,0
PLG,5,20210305,153000,0.506,0.51,0.506,0.51,37136,0
PLG,5,20210305,154000,0.516,0.516,0.516,0.516,8164,0
PLG,5,20210305,154500,0.514,0.518,0.514,0.518,15000,0
PLG,5,20210305,155000,0.518,0.52,0.518,0.52,2336,0
PLG,5,20210305,155500,0.5,0.5,0.5,0.5,2094,0
PLG,5,20210305,162000,0.52,0.528,0.52,0.528,1226,0
PLG,5,20210305,163000,0.502,0.502,0.502,0.502,1000,0
PLG,5,20210305,164000,0.506,0.506,0.506,0.506,890,0
PLG,5,20210305,164500,0.528,0.53,0.528,0.53,39610,0
PLG,5,20210308,090000,0.536,0.544,0.536,0.544,16175,0
PLG,5,20210308,090500,0.544,0.546,0.544,0.546,9600,0
PLG,5,20210308,091000,0.544,0.552,0.544,0.55,16552,0
PLG,5,20210308,091500,0.55,0.552,0.55,0.55,11400,0
PLG,5,20210308,092000,0.55,0.55,0.53,0.53,28126,0
PLG,5,20210308,092500,0.54,0.542,0.54,0.542,2579,0
PLG,5,20210308,093000,0.532,0.532,0.53,0.53,4000,0
PLG,5,20210308,093500,0.538,0.538,0.538,0.538,1000,0
PLG,5,20210308,094000,0.538,0.538,0.538,0.538,400,0
PLG,5,20210308,100000,0.532,0.532,0.522,0.522,10512,0
PLG,5,20210308,100500,0.532,0.532,0.532,0.532,1650,0
PLG,5,20210308,101000,0.532,0.54,0.532,0.54,11000,0
PLG,5,20210308,104000,0.53,0.53,0.53,0.53,10000,0
PLG,5,20210308,104500,0.53,0.53,0.53,0.53,300,0
PLG,5,20210308,110000,0.528,0.528,0.528,0.528,2000,0
PLG,5,20210308,112000,0.53,0.53,0.53,0.53,6912,0
PLG,5,20210308,113500,0.528,0.528,0.528,0.528,600,0
PLG,5,20210308,114000,0.53,0.53,0.53,0.53,363,0
PLG,5,20210308,115000,0.528,0.528,0.528,0.528,1852,0
PLG,5,20210308,115500,0.526,0.526,0.526,0.526,926,0
PLG,5,20210308,122000,0.538,0.538,0.524,0.524,6440,0
PLG,5,20210308,123000,0.524,0.524,0.52,0.52,9252,0
PLG,5,20210308,123500,0.52,0.52,0.52,0.52,1000,0
PLG,5,20210308,124500,0.532,0.534,0.532,0.534,5000,0
PLG,5,20210308,153500,0.532,0.532,0.532,0.532,1470,0
PLG,5,20210308,154500,0.532,0.532,0.532,0.532,1000,0
PLG,5,20210309,090000,0.518,0.518,0.518,0.518,964,0
PLG,5,20210309,091000,0.518,0.518,0.51,0.51,5000,0
PLG,5,20210309,092500,0.512,0.512,0.512,0.512,1470,0
PLG,5,20210309,093000,0.512,0.512,0.512,0.512,1000,0
PLG,5,20210309,093500,0.512,0.512,0.512,0.512,9992,0
PLG,5,20210309,094000,0.52,0.52,0.52,0.52,245,0
PLG,5,20210309,095500,0.512,0.512,0.51,0.51,3107,0
PLG,5,20210309,100000,0.49,0.49,0.49,0.49,1630,0
PLG,5,20210309,101000,0.49,0.49,0.49,0.49,370,0
PLG,5,20210309,102000,0.49,0.492,0.49,0.492,650,0
PLG,5,20210309,103500,0.495,0.495,0.495,0.495,3000,0
PLG,5,20210309,105500,0.495,0.495,0.495,0.495,2000,0
PLG,5,20210309,111500,0.492,0.492,0.492,0.492,4000,0
PLG,5,20210309,113000,0.492,0.492,0.492,0.492,349,0
PLG,5,20210309,114000,0.492,0.492,0.492,0.492,9167,0
PLG,5,20210309,115000,0.492,0.51,0.492,0.51,15000,0
PLG,5,20210309,122000,0.5,0.5,0.5,0.5,4000,0
PLG,5,20210309,123000,0.492,0.492,0.492,0.492,3000,0
PLG,5,20210309,130500,0.5,0.5,0.5,0.5,4000,0
PLG,5,20210309,131000,0.498,0.498,0.498,0.498,1000,0
PLG,5,20210309,131500,0.492,0.492,0.492,0.492,1000,0
PLG,5,20210309,133500,0.51,0.51,0.51,0.51,150,0
PLG,5,20210309,140500,0.493,0.493,0.48,0.48,24036,0
PLG,5,20210309,141000,0.48,0.48,0.48,0.48,3000,0
PLG,5,20210309,141500,0.48,0.49,0.48,0.49,29571,0
PLG,5,20210309,142000,0.49,0.49,0.49,0.49,3534,0
PLG,5,20210309,143000,0.49,0.49,0.49,0.49,530,0
PLG,5,20210309,144000,0.49,0.51,0.49,0.51,866,0
PLG,5,20210309,152000,0.5,0.5,0.5,0.5,100,0
PLG,5,20210309,154000,0.488,0.488,0.481,0.481,15200,0
PLG,5,20210309,155000,0.494,0.494,0.494,0.494,1865,0
PLG,5,20210309,162000,0.49,0.49,0.49,0.49,450,0
PLG,5,20210309,162500,0.484,0.484,0.484,0.484,1900,0
PLG,5,20210309,164500,0.484,0.484,0.481,0.481,5966,0
PLG,5,20210309,165500,0.49,0.49,0.49,0.49,500,0
PLG,5,20210310,090000,0.49,0.49,0.49,0.49,2085,0
PLG,5,20210310,092500,0.474,0.474,0.474,0.474,83,0
PLG,5,20210310,102000,0.48,0.48,0.48,0.48,1000,0
PLG,5,20210310,104000,0.48,0.48,0.474,0.474,24000,0
PLG,5,20210310,110000,0.488,0.49,0.488,0.49,5015,0
PLG,5,20210310,111000,0.49,0.494,0.49,0.494,4039,0
PLG,5,20210310,111500,0.494,0.494,0.494,0.494,1443,0
PLG,5,20210310,112000,0.496,0.496,0.496,0.496,4149,0
PLG,5,20210310,113000,0.496,0.496,0.496,0.496,1990,0
PLG,5,20210310,114000,0.48,0.51,0.48,0.51,11607,0
PLG,5,20210310,114500,0.51,0.51,0.51,0.51,774,0
PLG,5,20210310,121500,0.49,0.49,0.49,0.49,1557,0
PLG,5,20210310,125000,0.48,0.48,0.48,0.48,2240,0
PLG,5,20210310,125500,0.49,0.49,0.49,0.49,2010,0
PLG,5,20210310,130000,0.49,0.49,0.49,0.49,6000,0
PLG,5,20210310,130500,0.49,0.49,0.49,0.49,5265,0
PLG,5,20210310,132500,0.49,0.495,0.49,0.495,1300,0
PLG,5,20210310,141000,0.49,0.49,0.48,0.48,3000,0
PLG,5,20210310,145500,0.481,0.481,0.481,0.481,196,0
PLG,5,20210310,150500,0.49,0.49,0.49,0.49,1591,0
PLG,5,20210310,151000,0.495,0.495,0.495,0.495,8429,0
PLG,5,20210310,152500,0.502,0.504,0.502,0.504,5000,0
PLG,5,20210310,153000,0.49,0.49,0.49,0.49,299,0
PLG,5,20210310,155000,0.49,0.49,0.49,0.49,1908,0
PLG,5,20210311,090000,0.494,0.494,0.482,0.482,19095,0
PLG,5,20210311,102000,0.482,0.482,0.46,0.46,35000,0
PLG,5,20210311,104500,0.472,0.472,0.45,0.46,30725,0
PLG,5,20210311,110000,0.472,0.472,0.472,0.472,500,0
PLG,5,20210311,110500,0.472,0.472,0.472,0.472,1000,0
PLG,5,20210311,113500,0.462,0.462,0.462,0.462,3491,0
PLG,5,20210311,114500,0.462,0.462,0.462,0.462,910,0
PLG,5,20210311,120000,0.482,0.483,0.482,0.483,2145,0
PLG,5,20210311,125500,0.479,0.479,0.479,0.479,1000,0
PLG,5,20210311,131500,0.462,0.462,0.462,0.462,4,0
PLG,5,20210311,134000,0.479,0.479,0.479,0.479,3000,0
PLG,5,20210311,135500,0.462,0.462,0.462,0.462,400,0
PLG,5,20210311,140500,0.462,0.462,0.454,0.454,7490,0
PLG,5,20210311,143000,0.48,0.48,0.48,0.48,2000,0
PLG,5,20210311,144000,0.457,0.457,0.457,0.457,7000,0
PLG,5,20210311,152500,0.469,0.469,0.469,0.469,5000,0
PLG,5,20210311,162500,0.475,0.475,0.475,0.475,2000,0
PLG,5,20210311,164500,0.462,0.462,0.462,0.462,3020,0
PLG,5,20210312,091000,0.462,0.462,0.462,0.462,10,0
PLG,5,20210312,102000,0.476,0.476,0.476,0.476,5000,0
PLG,5,20210312,104500,0.462,0.462,0.461,0.461,2090,0
PLG,5,20210312,105000,0.461,0.461,0.461,0.461,3000,0
PLG,5,20210312,105500,0.462,0.462,0.462,0.462,4110,0
PLG,5,20210312,110000,0.462,0.462,0.462,0.462,700,0
PLG,5,20210312,113500,0.462,0.462,0.462,0.462,190,0
PLG,5,20210312,120000,0.462,0.462,0.462,0.462,432,0
PLG,5,20210312,120500,0.46,0.46,0.457,0.457,1404,0
PLG,5,20210312,121000,0.457,0.457,0.452,0.452,10000,0
PLG,5,20210312,122500,0.452,0.452,0.452,0.452,596,0
PLG,5,20210312,123500,0.452,0.452,0.452,0.452,2139,0
PLG,5,20210312,131000,0.452,0.452,0.452,0.452,1949,0
PLG,5,20210312,132000,0.45,0.45,0.45,0.45,5219,0
PLG,5,20210312,142000,0.44,0.44,0.44,0.44,600,0
PLG,5,20210312,143000,0.44,0.44,0.44,0.44,1200,0
PLG,5,20210312,164000,0.462,0.462,0.462,0.462,3000,0
PLG,5,20210312,164500,0.462,0.464,0.462,0.464,2500,0
PLG,5,20210315,090000,0.468,0.468,0.468,0.468,100,0
PLG,5,20210315,091500,0.48,0.481,0.48,0.481,792,0
PLG,5,20210315,092000,0.481,0.481,0.481,0.481,1872,0
PLG,5,20210315,092500,0.48,0.48,0.48,0.48,8,0
PLG,5,20210315,095500,0.479,0.479,0.479,0.479,2000,0
PLG,5,20210315,100000,0.48,0.48,0.48,0.48,2500,0
PLG,5,20210315,100500,0.48,0.48,0.48,0.48,500,0
PLG,5,20210315,102000,0.48,0.48,0.48,0.48,2000,0
PLG,5,20210315,103500,0.46,0.46,0.46,0.46,269,0
PLG,5,20210315,105000,0.46,0.46,0.46,0.46,8831,0
PLG,5,20210315,110500,0.458,0.458,0.458,0.458,1700,0
PLG,5,20210315,111000,0.459,0.459,0.458,0.458,15400,0
PLG,5,20210315,111500,0.468,0.468,0.468,0.468,500,0
PLG,5,20210315,112500,0.458,0.458,0.456,0.456,11500,0
PLG,5,20210315,113000,0.46,0.46,0.46,0.46,2000,0
PLG,5,20210315,121000,0.452,0.452,0.441,0.441,10000,0
PLG,5,20210315,123000,0.442,0.442,0.442,0.442,4158,0
PLG,5,20210315,135500,0.463,0.468,0.463,0.468,12000,0
PLG,5,20210315,140000,0.468,0.468,0.468,0.468,500,0
PLG,5,20210315,150500,0.466,0.47,0.466,0.47,9000,0
PLG,5,20210315,152500,0.45,0.45,0.445,0.445,3000,0
PLG,5,20210315,154000,0.447,0.447,0.447,0.447,1000,0
PLG,5,20210315,164000,0.45,0.45,0.45,0.45,1000,0
PLG,5,20210315,164500,0.469,0.469,0.469,0.469,100,0
PLG,5,20210316,113500,0.469,0.469,0.469,0.469,8890,0
PLG,5,20210316,130500,0.457,0.457,0.457,0.457,1000,0
PLG,5,20210316,134500,0.456,0.456,0.45,0.45,18988,0
PLG,5,20210316,135500,0.444,0.444,0.44,0.44,12594,0
PLG,5,20210316,143000,0.446,0.446,0.43,0.43,46106,0
PLG,5,20210316,144500,0.432,0.432,0.432,0.432,5000,0
PLG,5,20210316,150500,0.436,0.436,0.43,0.43,10000,0
PLG,5,20210316,151000,0.446,0.446,0.446,0.446,100,0
PLG,5,20210316,153500,0.432,0.432,0.432,0.432,7602,0
PLG,5,20210316,154000,0.43,0.44,0.43,0.44,5023,0
PLG,5,20210316,155500,0.44,0.44,0.44,0.44,1300,0
PLG,5,20210316,160000,0.44,0.44,0.44,0.44,5000,0
PLG,5,20210316,161500,0.441,0.441,0.441,0.441,2000,0
PLG,5,20210316,162000,0.441,0.441,0.441,0.441,3000,0
PLG,5,20210316,162500,0.441,0.441,0.441,0.441,2000,0
PLG,5,20210316,163000,0.43,0.43,0.43,0.43,7000,0
PLG,5,20210316,164500,0.441,0.441,0.441,0.441,2478,0
PLG,5,20210317,090000,0.432,0.432,0.42,0.42,19665,0
PLG,5,20210317,090500,0.414,0.42,0.41,0.42,34835,0
PLG,5,20210317,091000,0.414,0.414,0.41,0.41,20000,0
PLG,5,20210317,091500,0.429,0.429,0.41,0.41,4727,0
PLG,5,20210317,092500,0.412,0.426,0.41,0.426,20000,0
PLG,5,20210317,093000,0.41,0.426,0.41,0.421,10611,0
PLG,5,20210317,093500,0.422,0.424,0.422,0.424,7572,0
PLG,5,20210317,094000,0.426,0.428,0.415,0.428,22600,0
PLG,5,20210317,100500,0.418,0.418,0.414,0.414,10000,0
PLG,5,20210317,101000,0.414,0.414,0.412,0.412,6806,0
PLG,5,20210317,102500,0.412,0.412,0.412,0.412,2000,0
PLG,5,20210317,103000,0.419,0.419,0.419,0.419,3000,0
PLG,5,20210317,103500,0.419,0.42,0.419,0.42,6526,0
PLG,5,20210317,104000,0.413,0.413,0.411,0.411,10000,0
PLG,5,20210317,105000,0.421,0.422,0.421,0.422,8000,0
PLG,5,20210317,105500,0.412,0.412,0.412,0.412,4000,0
PLG,5,20210317,110000,0.411,0.411,0.411,0.411,350,0
PLG,5,20210317,114000,0.411,0.411,0.41,0.41,11530,0
PLG,5,20210317,114500,0.41,0.41,0.41,0.41,14470,0
PLG,5,20210317,122500,0.418,0.418,0.418,0.418,3662,0
PLG,5,20210317,123000,0.418,0.418,0.418,0.418,2841,0
PLG,5,20210317,123500,0.419,0.42,0.419,0.42,5000,0
PLG,5,20210317,125000,0.425,0.425,0.425,0.425,850,0
PLG,5,20210317,131500,0.42,0.43,0.418,0.43,18800,0
PLG,5,20210317,132000,0.419,0.436,0.418,0.436,18593,0
PLG,5,20210317,141500,0.436,0.436,0.436,0.436,2000,0
PLG,5,20210317,142500,0.42,0.42,0.42,0.42,100,0
PLG,5,20210317,144500,0.436,0.436,0.436,0.436,2872,0
PLG,5,20210317,151000,0.435,0.435,0.435,0.435,200,0
PLG,5,20210317,151500,0.435,0.435,0.435,0.435,100,0
PLG,5,20210317,152500,0.436,0.436,0.436,0.436,4000,0
PLG,5,20210317,155500,0.418,0.418,0.418,0.418,500,0
PLG,5,20210317,163000,0.434,0.435,0.434,0.435,1500,0
PLG,5,20210317,163500,0.435,0.44,0.435,0.44,7000,0
PLG,5,20210317,164000,0.44,0.442,0.44,0.442,3520,0
PLG,5,20210317,164500,0.423,0.423,0.422,0.423,7500,0
PLG,5,20210318,090500,0.436,0.436,0.436,0.436,2000,0
PLG,5,20210318,140500,0.433,0.433,0.433,0.433,1000,0
PLG,5,20210318,144000,0.424,0.424,0.422,0.422,2140,0
PLG,5,20210318,164500,0.432,0.432,0.432,0.432,1200,0
PLG,5,20210319,090000,0.427,0.428,0.416,0.428,17400,0
PLG,5,20210319,090500,0.416,0.434,0.411,0.434,9260,0
PLG,5,20210319,091000,0.444,0.444,0.444,0.444,3000,0
PLG,5,20210319,092000,0.434,0.434,0.434,0.434,716,0
PLG,5,20210319,092500,0.434,0.434,0.434,0.434,9084,0
PLG,5,20210319,093000,0.434,0.434,0.434,0.434,1,0
PLG,5,20210319,095500,0.432,0.432,0.432,0.432,4868,0
PLG,5,20210319,103000,0.434,0.434,0.434,0.434,1000,0
PLG,5,20210319,103500,0.434,0.434,0.434,0.434,1000,0
PLG,5,20210319,104000,0.434,0.434,0.434,0.434,3915,0
PLG,5,20210319,110500,0.434,0.434,0.434,0.434,2000,0
PLG,5,20210319,113500,0.434,0.434,0.434,0.434,3000,0
PLG,5,20210319,123500,0.434,0.434,0.434,0.434,1919,0
PLG,5,20210319,130000,0.434,0.434,0.434,0.434,3081,0
PLG,5,20210322,090000,0.423,0.423,0.421,0.421,6900,0
PLG,5,20210322,091000,0.421,0.421,0.421,0.421,4300,0
PLG,5,20210322,101000,0.415,0.415,0.411,0.411,20000,0
PLG,5,20210322,101500,0.41,0.41,0.41,0.41,975,0
PLG,5,20210322,102000,0.408,0.408,0.408,0.408,1508,0
PLG,5,20210322,102500,0.41,0.41,0.41,0.41,4130,0
PLG,5,20210322,103500,0.41,0.41,0.41,0.41,714,0
PLG,5,20210322,110000,0.417,0.417,0.417,0.417,1000,0
PLG,5,20210322,111000,0.418,0.418,0.418,0.418,1000,0
PLG,5,20210322,115000,0.418,0.418,0.418,0.418,950,0
PLG,5,20210322,120500,0.418,0.418,0.418,0.418,500,0
PLG,5,20210322,122500,0.408,0.408,0.408,0.408,1700,0
PLG,5,20210322,131500,0.418,0.418,0.418,0.418,400,0
PLG,5,20210322,140500,0.416,0.416,0.416,0.416,1000,0
PLG,5,20210322,143000,0.41,0.41,0.41,0.41,2000,0
PLG,5,20210322,143500,0.41,0.416,0.41,0.416,6273,0
PLG,5,20210322,145000,0.408,0.408,0.408,0.408,999,0
PLG,5,20210322,164500,0.418,0.418,0.418,0.418,1,0
PLG,5,20210323,094500,0.409,0.409,0.409,0.409,1000,0
PLG,5,20210323,095500,0.408,0.408,0.4,0.4,14000,0
PLG,5,20210323,100000,0.401,0.401,0.401,0.401,500,0
PLG,5,20210323,104500,0.419,0.429,0.419,0.429,10000,0
PLG,5,20210323,114000,0.41,0.41,0.41,0.41,2490,0
PLG,5,20210323,133500,0.428,0.428,0.428,0.428,1,0
PLG,5,20210323,135500,0.412,0.412,0.41,0.41,10660,0
PLG,5,20210323,141500,0.409,0.409,0.409,0.409,7600,0
PLG,5,20210323,151500,0.41,0.41,0.405,0.405,26767,0
PLG,5,20210323,154500,0.426,0.426,0.426,0.426,1000,0
PLG,5,20210324,090500,0.424,0.424,0.424,0.424,20,0
PLG,5,20210324,091500,0.424,0.424,0.424,0.424,5000,0
PLG,5,20210324,093000,0.425,0.425,0.425,0.425,4250,0
PLG,5,20210324,093500,0.425,0.425,0.425,0.425,2695,0
PLG,5,20210324,100000,0.411,0.411,0.41,0.41,5560,0
PLG,5,20210324,101500,0.41,0.41,0.41,0.41,4440,0
PLG,5,20210324,110000,0.408,0.408,0.408,0.408,1000,0
PLG,5,20210324,112500,0.406,0.406,0.406,0.406,500,0
PLG,5,20210324,113500,0.406,0.406,0.406,0.406,1000,0
PLG,5,20210324,123500,0.417,0.417,0.417,0.417,2638,0
PLG,5,20210324,131500,0.406,0.406,0.406,0.406,1100,0
PLG,5,20210324,132000,0.406,0.406,0.406,0.406,2902,0
PLG,5,20210324,135000,0.406,0.406,0.4,0.4,15400,0
PLG,5,20210324,150000,0.401,0.413,0.4,0.413,20001,0
PLG,5,20210324,154500,0.397,0.397,0.39,0.39,10000,0
PLG,5,20210324,155000,0.413,0.413,0.413,0.413,1,0
PLG,5,20210324,160500,0.413,0.413,0.413,0.413,1000,0
PLG,5,20210325,101500,0.407,0.409,0.407,0.409,8820,0
PLG,5,20210325,112500,0.393,0.393,0.393,0.393,2600,0
PLG,5,20210325,115000,0.4,0.4,0.4,0.4,6000,0
PLG,5,20210325,115500,0.405,0.408,0.405,0.408,9673,0
PLG,5,20210325,120000,0.413,0.413,0.413,0.413,5000,0
PLG,5,20210325,120500,0.417,0.468,0.417,0.468,54664,0
PLG,5,20210325,121000,0.46,0.488,0.46,0.481,50236,0
PLG,5,20210325,121500,0.481,0.481,0.46,0.46,8012,0
PLG,5,20210325,122000,0.47,0.488,0.466,0.466,83872,0
PLG,5,20210325,123000,0.484,0.488,0.484,0.488,20284,0
PLG,5,20210325,123500,0.48,0.48,0.48,0.48,26795,0
PLG,5,20210325,124500,0.491,0.491,0.491,0.491,14153,0
PLG,5,20210325,125000,0.496,0.52,0.496,0.5,55986,0
PLG,5,20210325,125500,0.485,0.485,0.481,0.481,2773,0
PLG,5,20210325,130000,0.49,0.498,0.49,0.498,5150,0
PLG,5,20210325,130500,0.49,0.49,0.49,0.49,12363,0
PLG,5,20210325,131500,0.485,0.49,0.481,0.49,13000,0
PLG,5,20210325,132000,0.496,0.496,0.496,0.496,3000,0
PLG,5,20210325,132500,0.495,0.496,0.495,0.496,2500,0
PLG,5,20210325,134500,0.485,0.493,0.475,0.475,38649,0
PLG,5,20210325,135500,0.49,0.5,0.49,0.5,40116,0
PLG,5,20210325,140000,0.485,0.485,0.485,0.485,1000,0
PLG,5,20210325,141500,0.5,0.5,0.5,0.5,100,0
PLG,5,20210325,142500,0.485,0.485,0.48,0.48,6338,0
PLG,5,20210325,143500,0.48,0.48,0.48,0.48,1163,0
PLG,5,20210325,144000,0.48,0.48,0.48,0.48,10000,0
PLG,5,20210325,144500,0.48,0.48,0.462,0.462,4690,0
PLG,5,20210325,152000,0.484,0.484,0.484,0.484,222,0
PLG,5,20210325,152500,0.463,0.463,0.463,0.463,600,0
PLG,5,20210325,161500,0.482,0.482,0.482,0.482,22,0
PLG,5,20210325,162000,0.463,0.463,0.43,0.43,23409,0
PLG,5,20210325,163000,0.457,0.463,0.431,0.431,9790,0
PLG,5,20210325,164500,0.463,0.488,0.44,0.488,18690,0
PLG,5,20210325,165500,0.45,0.45,0.45,0.45,1012,0
PLG,5,20210326,090000,0.48,0.48,0.48,0.48,33,0
PLG,5,20210326,120000,0.446,0.446,0.445,0.445,2506,0
PLG,5,20210326,120500,0.473,0.473,0.473,0.473,1000,0
PLG,5,20210326,121000,0.479,0.51,0.479,0.51,31586,0
PLG,5,20210326,121500,0.516,0.518,0.516,0.516,4905,0
PLG,5,20210326,122000,0.516,0.516,0.49,0.49,4304,0
PLG,5,20210326,122500,0.49,0.49,0.49,0.49,4831,0
PLG,5,20210326,123000,0.514,0.514,0.514,0.514,4000,0
PLG,5,20210326,123500,0.51,0.51,0.51,0.51,200,0
PLG,5,20210326,125500,0.49,0.49,0.48,0.48,4825,0
PLG,5,20210326,131000,0.506,0.506,0.506,0.506,150,0
PLG,5,20210326,142000,0.481,0.481,0.481,0.481,1072,0
PLG,5,20210326,151500,0.5,0.5,0.5,0.5,217,0
PLG,5,20210326,152500,0.5,0.5,0.5,0.5,1000,0
PLG,5,20210326,154000,0.5,0.5,0.5,0.5,200,0
PLG,5,20210326,160500,0.5,0.51,0.5,0.51,60000,0
PLG,5,20210326,162000,0.51,0.51,0.51,0.51,158,0
PLG,5,20210326,164000,0.51,0.51,0.51,0.51,1000,0
PLG,5,20210326,164500,0.492,0.492,0.492,0.492,5461,0
