<TICKER>,<PER>,<DATE>,<TIME>,<OPEN>,<HIGH>,<LOW>,<CLOSE>,<VOL>,<OPENINT>
PLI,5,20210204,090000,29.9,29.9,29.3,29.3,359,0
PLI,5,20210204,090500,29.4,29.4,29,29,775,0
PLI,5,20210204,091000,29.1,29.1,29.1,29.1,22,0
PLI,5,20210204,091500,29.1,29.1,28.5,28.6,1014,0
PLI,5,20210204,092000,29,29,29,29,65,0
PLI,5,20210204,092500,29.3,29.3,29.3,29.3,70,0
PLI,5,20210204,093500,29.4,29.4,29.1,29.1,510,0
PLI,5,20210204,094500,29.4,29.4,29.4,29.4,100,0
PLI,5,20210204,095000,29.1,29.1,29,29,50,0
PLI,5,20210204,100000,29,29,29,29,10,0
PLI,5,20210204,100500,29,29,28.8,28.8,300,0
PLI,5,20210204,101000,28.8,28.8,28.8,28.8,40,0
PLI,5,20210204,101500,28.8,28.8,28.7,28.7,130,0
PLI,5,20210204,102500,28.6,28.6,28.5,28.5,355,0
PLI,5,20210204,103000,28.8,29.2,28.8,29.2,127,0
PLI,5,20210204,103500,29.1,29.2,29.1,29.2,176,0
PLI,5,20210204,104000,29.2,29.4,29.1,29.4,686,0
PLI,5,20210204,104500,29.5,29.5,29.5,29.5,150,0
PLI,5,20210204,105000,29.5,29.9,29.5,29.9,2542,0
PLI,5,20210204,105500,29.6,29.6,29.6,29.6,145,0
PLI,5,20210204,110000,29.9,30,29.9,30,171,0
PLI,5,20210204,111000,29.6,29.6,29.6,29.6,77,0
PLI,5,20210204,112000,29.8,29.9,29.8,29.9,140,0
PLI,5,20210204,114000,29.8,29.9,29.8,29.9,360,0
PLI,5,20210204,114500,29.9,29.9,29.9,29.9,44,0
PLI,5,20210204,115000,29.9,30.5,29.9,30.5,3857,0
PLI,5,20210204,115500,30.5,30.9,30.5,30.9,1496,0
PLI,5,20210204,120000,30.6,30.9,30.6,30.8,611,0
PLI,5,20210204,120500,30.6,30.6,30.5,30.5,142,0
PLI,5,20210204,122000,30.5,30.5,30.5,30.5,15,0
PLI,5,20210204,122500,30.1,30.5,30.1,30.5,101,0
PLI,5,20210204,123500,30,30,29.6,29.6,380,0
PLI,5,20210204,124500,30,30,30,30,50,0
PLI,5,20210204,125000,29.6,29.6,29.6,29.6,50,0
PLI,5,20210204,125500,29.6,29.6,29.6,29.6,18,0
PLI,5,20210204,130000,29.9,29.9,29.9,29.9,350,0
PLI,5,20210204,132000,29.5,29.5,29.5,29.5,140,0
PLI,5,20210204,133000,30,30,30,30,55,0
PLI,5,20210204,133500,30,30,30,30,198,0
PLI,5,20210204,141500,30.3,30.3,30.3,30.3,30,0
PLI,5,20210204,143000,30.3,30.3,30.3,30.3,20,0
PLI,5,20210204,144500,30.3,30.5,30.3,30.5,380,0
PLI,5,20210204,153500,30.4,30.5,30.4,30.5,150,0
PLI,5,20210204,154000,30.5,30.5,30.5,30.5,20,0
PLI,5,20210204,155500,30.5,30.5,30.5,30.5,26,0
PLI,5,20210204,160000,30.6,30.6,30,30,179,0
PLI,5,20210204,160500,30,30,30,30,39,0
PLI,5,20210204,162000,30.6,30.6,30.6,30.6,176,0
PLI,5,20210204,162500,30.6,30.6,30.6,30.6,15,0
PLI,5,20210204,163500,30,30,30,30,110,0
PLI,5,20210204,164500,29.8,31,29.7,31,429,0
PLI,5,20210205,090000,30.7,30.7,30.7,30.7,22,0
PLI,5,20210205,091500,29.6,29.6,29.2,29.2,185,0
PLI,5,20210205,092000,30.4,30.6,30,30,830,0
PLI,5,20210205,093000,29.9,29.9,29.9,29.9,25,0
PLI,5,20210205,094000,30,30,29.9,29.9,100,0
PLI,5,20210205,100000,30,30,30,30,85,0
PLI,5,20210205,110000,29.9,29.9,29.9,29.9,30,0
PLI,5,20210205,112000,30,30,30,30,30,0
PLI,5,20210205,114000,29.9,29.9,29.9,29.9,100,0
PLI,5,20210205,115000,30,30,30,30,5,0
PLI,5,20210205,122000,29.7,29.7,29,29,1189,0
PLI,5,20210205,125000,29.7,29.7,29.7,29.7,55,0
PLI,5,20210205,125500,29.7,29.7,29.7,29.7,25,0
PLI,5,20210205,131000,29.5,29.6,28.8,28.9,2516,0
PLI,5,20210205,131500,29,29,29,29,120,0
PLI,5,20210205,132000,29,29,29,29,20,0
PLI,5,20210205,132500,28.8,28.8,28.7,28.7,400,0
PLI,5,20210205,133000,29,29,29,29,4,0
PLI,5,20210205,133500,29.3,29.3,29.3,29.3,87,0
PLI,5,20210205,134000,29.4,29.4,29.4,29.4,90,0
PLI,5,20210205,134500,29.5,29.5,29.5,29.5,68,0
PLI,5,20210205,135000,29.5,29.9,29.5,29.9,800,0
PLI,5,20210205,135500,29.9,30.5,29.9,30.5,100,0
PLI,5,20210205,140000,30.5,30.9,30.5,30.9,1356,0
PLI,5,20210205,153000,30,30,29.8,29.8,1050,0
PLI,5,20210205,153500,29.9,29.9,29.8,29.8,1029,0
PLI,5,20210205,154000,30.6,30.6,30.6,30.6,45,0
PLI,5,20210205,161000,30.6,30.6,29.6,29.6,21,0
PLI,5,20210205,163500,30.1,30.1,30.1,30.1,63,0
PLI,5,20210205,164000,29.6,29.6,29.6,29.6,5,0
PLI,5,20210205,164500,30.1,30.1,29,29,1148,0
PLI,5,20210208,090000,30.1,30.1,30,30,205,0
PLI,5,20210208,090500,30,30,30,30,55,0
PLI,5,20210208,091500,29.9,29.9,29.9,29.9,48,0
PLI,5,20210208,092500,29.9,29.9,29.9,29.9,40,0
PLI,5,20210208,095500,29.9,29.9,29.9,29.9,100,0
PLI,5,20210208,101000,29.9,29.9,29.9,29.9,30,0
PLI,5,20210208,102000,29.8,29.8,29.8,29.8,50,0
PLI,5,20210208,104000,29.8,29.8,29.8,29.8,34,0
PLI,5,20210208,105000,29.8,29.9,29.8,29.9,105,0
PLI,5,20210208,115500,29.8,29.8,29.8,29.8,26,0
PLI,5,20210208,120000,29.8,29.8,29.8,29.8,15,0
PLI,5,20210208,124500,29.5,29.5,29.5,29.5,50,0
PLI,5,20210208,131000,29.4,29.4,29.4,29.4,50,0
PLI,5,20210208,132500,29.3,29.3,29.3,29.3,65,0
PLI,5,20210208,133000,29,29,29,29,795,0
PLI,5,20210208,133500,28.7,28.7,28.7,28.7,88,0
PLI,5,20210208,134000,28.7,28.7,28.5,28.5,132,0
PLI,5,20210208,134500,29,29,29,29,25,0
PLI,5,20210208,145000,29.4,29.7,29.4,29.7,352,0
PLI,5,20210208,151000,29.7,29.7,29.7,29.7,70,0
PLI,5,20210208,152500,29.7,29.8,29.7,29.8,138,0
PLI,5,20210208,153500,29.1,29.1,29.1,29.1,30,0
PLI,5,20210208,155000,29.8,29.8,29.8,29.8,4,0
PLI,5,20210208,155500,29.2,29.8,29.2,29.2,6,0
PLI,5,20210208,160000,29.8,29.8,29.2,29.8,9,0
PLI,5,20210208,160500,29.8,29.8,29.8,29.8,20,0
PLI,5,20210208,161000,29.8,29.8,29.8,29.8,52,0
PLI,5,20210208,162500,29.2,29.2,29.2,29.2,50,0
PLI,5,20210208,164500,29.8,29.8,29.8,29.8,4,0
PLI,5,20210209,090000,29.8,29.8,29.8,29.8,3,0
PLI,5,20210209,091000,29.7,29.7,29.7,29.7,10,0
PLI,5,20210209,093000,29.5,29.5,29.5,29.5,100,0
PLI,5,20210209,095000,29.5,29.5,29.5,29.5,42,0
PLI,5,20210209,100000,29.5,29.7,29.5,29.5,131,0
PLI,5,20210209,100500,29.7,29.7,29.7,29.7,1,0
PLI,5,20210209,101000,29.5,29.5,29.5,29.5,6,0
PLI,5,20210209,102000,29.5,29.5,29.5,29.5,2,0
PLI,5,20210209,103000,29.5,29.5,29.5,29.5,83,0
PLI,5,20210209,111500,29.5,29.5,29.5,29.5,156,0
PLI,5,20210209,122000,29.5,29.5,29.5,29.5,10,0
PLI,5,20210209,122500,29.7,29.7,29.6,29.6,147,0
PLI,5,20210209,124000,29.7,29.8,29.7,29.8,54,0
PLI,5,20210209,125500,29.8,29.8,29.8,29.8,80,0
PLI,5,20210209,130500,29.8,29.8,29.8,29.8,43,0
PLI,5,20210209,132500,29.9,29.9,29.9,29.9,700,0
PLI,5,20210209,133500,29.9,29.9,29.9,29.9,100,0
PLI,5,20210209,134000,30,30.1,30,30.1,1129,0
PLI,5,20210209,143000,30.5,30.5,30.5,30.5,20,0
PLI,5,20210209,153500,30.3,30.3,30.3,30.3,15,0
PLI,5,20210209,160500,30.5,30.5,30.3,30.3,589,0
PLI,5,20210209,161000,30.2,30.4,30.2,30.4,114,0
PLI,5,20210209,161500,30.4,30.4,30.4,30.4,100,0
PLI,5,20210209,164000,30.1,30.1,30.1,30.1,25,0
PLI,5,20210209,164500,30.4,30.4,30.4,30.4,43,0
PLI,5,20210210,090000,33.9,34.3,32.9,32.9,8785,0
PLI,5,20210210,090500,32.9,33.8,32,33.8,5180,0
PLI,5,20210210,091000,33.7,34.3,33.7,34,2121,0
PLI,5,20210210,091500,33.9,34.1,33.5,34.1,1445,0
PLI,5,20210210,092000,34.1,34.2,34,34.1,3816,0
PLI,5,20210210,092500,34.1,34.7,34,34.7,1500,0
PLI,5,20210210,093000,34.8,35.5,34.8,35.5,1898,0
PLI,5,20210210,093500,35,35,34.7,34.8,320,0
PLI,5,20210210,094000,34.8,34.8,33.9,34,2915,0
PLI,5,20210210,094500,34,34,33.5,33.5,815,0
PLI,5,20210210,095000,33.5,35,33.5,34.8,4323,0
PLI,5,20210210,095500,34.8,34.8,34.2,34.2,82,0
PLI,5,20210210,100000,34.3,34.8,34.3,34.5,200,0
PLI,5,20210210,100500,34.5,34.8,34.5,34.8,124,0
PLI,5,20210210,101000,34.4,34.4,34.1,34.4,212,0
PLI,5,20210210,101500,34.4,34.4,34.2,34.2,216,0
PLI,5,20210210,102000,34.4,34.4,34.2,34.2,84,0
PLI,5,20210210,102500,34.2,34.2,34,34,745,0
PLI,5,20210210,103000,33.6,34.3,33.6,34.3,264,0
PLI,5,20210210,104000,33.6,34.2,33.6,34.2,83,0
PLI,5,20210210,105000,34.4,34.4,34.2,34.2,26,0
PLI,5,20210210,105500,34.3,34.3,34.2,34.3,131,0
PLI,5,20210210,110500,34.2,34.4,34.2,34.4,183,0
PLI,5,20210210,111000,34.4,34.4,34.4,34.4,230,0
PLI,5,20210210,111500,34.4,34.5,34.2,34.2,234,0
PLI,5,20210210,112000,34.5,34.5,34.5,34.5,5,0
PLI,5,20210210,112500,34.3,34.5,34.3,34.5,145,0
PLI,5,20210210,113000,34.3,34.4,34.3,34.4,145,0
PLI,5,20210210,114500,34.4,34.5,34.4,34.5,179,0
PLI,5,20210210,115000,34.5,34.5,34.4,34.4,103,0
PLI,5,20210210,115500,34.4,34.4,34.4,34.4,8,0
PLI,5,20210210,120500,34.4,34.4,34.4,34.4,32,0
PLI,5,20210210,121000,34.5,34.5,34.5,34.5,235,0
PLI,5,20210210,122000,34.5,34.5,34.5,34.5,66,0
PLI,5,20210210,122500,34.5,34.5,34.2,34.2,108,0
PLI,5,20210210,123500,34.2,34.2,34.2,34.2,20,0
PLI,5,20210210,124000,34.2,34.4,34.2,34.4,284,0
PLI,5,20210210,124500,34.3,34.3,34.3,34.3,12,0
PLI,5,20210210,125000,34.3,34.3,34,34,241,0
PLI,5,20210210,130000,33.5,33.5,33.4,33.4,214,0
PLI,5,20210210,130500,33.5,33.9,33.5,33.9,162,0
PLI,5,20210210,131500,33.5,33.5,33.5,33.5,73,0
PLI,5,20210210,132000,33.6,33.6,33.6,33.6,23,0
PLI,5,20210210,132500,33.8,33.8,33.8,33.8,65,0
PLI,5,20210210,133000,33.7,33.7,33.7,33.7,30,0
PLI,5,20210210,133500,33.6,33.6,33.3,33.3,135,0
PLI,5,20210210,134500,33,33,32.8,32.8,115,0
PLI,5,20210210,135000,32.9,32.9,32.9,32.9,62,0
PLI,5,20210210,135500,32.9,32.9,32.9,32.9,84,0
PLI,5,20210210,140000,33,33,32.8,32.8,176,0
PLI,5,20210210,140500,32.7,32.7,32.6,32.7,221,0
PLI,5,20210210,141000,32.9,32.9,32.9,32.9,15,0
PLI,5,20210210,141500,33.6,33.6,33.6,33.6,100,0
PLI,5,20210210,142500,33.6,33.6,32.5,32.5,359,0
PLI,5,20210210,144000,32.7,32.7,32.6,32.6,292,0
PLI,5,20210210,145000,33,33,33,33,23,0
PLI,5,20210210,145500,33,33,33,33,35,0
PLI,5,20210210,150000,33,33,33,33,41,0
PLI,5,20210210,151500,33.2,33.2,33.2,33.2,122,0
PLI,5,20210210,152000,33.2,33.2,33.2,33.2,34,0
PLI,5,20210210,153000,33.2,33.2,33.2,33.2,145,0
PLI,5,20210210,154000,33.2,33.2,33.2,33.2,10,0
PLI,5,20210210,155000,33.2,33.7,33.2,33.7,771,0
PLI,5,20210210,155500,33.7,33.7,33.7,33.7,58,0
PLI,5,20210210,160000,33.8,34,33.8,34,1113,0
PLI,5,20210210,160500,33.7,33.7,33.7,33.7,2,0
PLI,5,20210210,161000,33.8,33.9,33.8,33.9,170,0
PLI,5,20210210,161500,33.9,33.9,33.9,33.9,30,0
PLI,5,20210210,163000,33.8,33.8,33.6,33.6,200,0
PLI,5,20210210,163500,33.6,33.8,33.6,33.6,418,0
PLI,5,20210210,164000,33.5,33.5,33.3,33.4,310,0
PLI,5,20210210,164500,33.2,33.2,33.2,33.2,1954,0
PLI,5,20210211,090000,33.3,33.5,33.2,33.2,2209,0
PLI,5,20210211,090500,33.3,33.3,33.2,33.2,398,0
PLI,5,20210211,092000,33.2,33.7,33.2,33.7,25,0
PLI,5,20210211,093500,33.4,33.4,33.4,33.4,30,0
PLI,5,20210211,095000,33.7,34,33.7,34,100,0
PLI,5,20210211,100000,33.9,34,33.9,34,340,0
PLI,5,20210211,102500,33.9,33.9,33.9,33.9,154,0
PLI,5,20210211,103000,33.5,33.5,33.5,33.5,54,0
PLI,5,20210211,104000,33.4,33.4,33,33,326,0
PLI,5,20210211,104500,33,33,32.5,32.5,167,0
PLI,5,20210211,105500,32.6,33.8,32.6,33.6,1069,0
PLI,5,20210211,110000,33.7,33.7,33.7,33.7,140,0
PLI,5,20210211,110500,32.9,32.9,32.9,32.9,500,0
PLI,5,20210211,111000,33.5,33.5,33.5,33.5,60,0
PLI,5,20210211,113500,33.5,33.5,33.5,33.5,160,0
PLI,5,20210211,114500,33.6,33.6,33.6,33.6,58,0
PLI,5,20210211,115500,33.5,33.6,33.5,33.6,112,0
PLI,5,20210211,120000,33.6,33.6,33.6,33.6,130,0
PLI,5,20210211,122000,33.6,33.6,33.6,33.6,45,0
PLI,5,20210211,125500,33.2,33.2,33.2,33.2,63,0
PLI,5,20210211,130000,32.7,33.2,32.7,33.2,50,0
PLI,5,20210211,131500,32.7,32.7,32.5,32.5,127,0
PLI,5,20210211,132500,32.4,32.4,32,32,403,0
PLI,5,20210211,134500,32.6,32.6,32.5,32.5,100,0
PLI,5,20210211,135000,33,33.2,33,33.2,117,0
PLI,5,20210211,135500,33.1,33.1,33.1,33.1,45,0
PLI,5,20210211,140500,33.1,33.1,33.1,33.1,60,0
PLI,5,20210211,141000,33.1,33.2,33.1,33.2,38,0
PLI,5,20210211,141500,33.4,33.7,33.4,33.7,543,0
PLI,5,20210211,142000,33.7,34.4,33.7,34.4,1700,0
PLI,5,20210211,143000,33.3,33.3,33.3,33.3,40,0
PLI,5,20210211,143500,33.3,33.3,33,33,1152,0
PLI,5,20210211,144500,33.9,34,33.9,34,1120,0
PLI,5,20210211,145000,33.4,33.4,33.4,33.4,83,0
PLI,5,20210211,151000,33.4,33.4,33.4,33.4,17,0
PLI,5,20210211,152000,33.3,33.3,33.3,33.3,6,0
PLI,5,20210211,152500,33.3,34,33.3,34,60,0
PLI,5,20210211,153500,33.9,35,33.9,35,5205,0
PLI,5,20210211,154000,35.1,35.5,35.1,35.5,600,0
PLI,5,20210211,154500,35.5,35.5,35.3,35.3,154,0
PLI,5,20210211,155000,35.3,35.3,35.3,35.3,63,0
PLI,5,20210211,155500,35.2,35.5,35,35,2917,0
PLI,5,20210211,160000,35,35,35,35,43,0
PLI,5,20210211,161000,34.3,34.3,34,34.2,538,0
PLI,5,20210211,161500,34.5,34.5,34.1,34.1,17,0
PLI,5,20210211,162000,34.5,34.5,34.5,34.5,43,0
PLI,5,20210211,162500,34.5,34.9,34.5,34.9,93,0
PLI,5,20210211,164000,34.7,34.9,34.7,34.9,109,0
PLI,5,20210212,090000,34.5,34.5,34.5,34.5,265,0
PLI,5,20210212,090500,34,34.8,34,34.8,633,0
PLI,5,20210212,092000,33.5,34.4,33.5,34.4,75,0
PLI,5,20210212,092500,33.5,33.5,33.5,33.5,20,0
PLI,5,20210212,095500,33.6,33.6,33.5,33.5,513,0
PLI,5,20210212,101000,33.5,33.5,33.5,33.5,231,0
PLI,5,20210212,102000,33.5,33.5,33.5,33.5,100,0
PLI,5,20210212,102500,34,34,34,34,55,0
PLI,5,20210212,104500,33.4,33.4,33.4,33.4,100,0
PLI,5,20210212,105000,33.2,33.2,33,33,500,0
PLI,5,20210212,110000,33.1,33.1,33.1,33.1,100,0
PLI,5,20210212,110500,33.2,33.8,33.2,33.8,345,0
PLI,5,20210212,111000,34,34,34,34,10,0
PLI,5,20210212,115500,33.3,33.3,33.3,33.3,200,0
PLI,5,20210212,120000,33.3,33.9,33,33.9,1599,0
PLI,5,20210212,120500,32.8,32.8,32.8,32.8,20,0
PLI,5,20210212,121000,32.8,33.7,32.6,33.7,861,0
PLI,5,20210212,122000,32.8,32.8,32.8,32.8,10,0
PLI,5,20210212,122500,32.8,33.6,32.8,33.6,69,0
PLI,5,20210212,130500,33.3,33.3,33.3,33.3,55,0
PLI,5,20210212,131000,33.3,33.6,33.3,33.5,58,0
PLI,5,20210212,133500,33.5,33.5,33.5,33.5,36,0
PLI,5,20210212,143000,33.5,33.5,33.5,33.5,150,0
PLI,5,20210212,144000,33.5,33.7,33.5,33.7,176,0
PLI,5,20210212,145500,33.9,33.9,33.9,33.9,100,0
PLI,5,20210212,151000,34,34,34,34,544,0
PLI,5,20210212,152000,33.4,33.4,33.4,33.4,18,0
PLI,5,20210212,153000,33.4,33.4,33.4,33.4,50,0
PLI,5,20210212,154500,33.4,33.4,33.4,33.4,3,0
PLI,5,20210212,155500,34,34,34,34,24,0
PLI,5,20210212,164500,34,34.5,34,34.5,1561,0
PLI,5,20210215,090000,34.2,34.2,34.2,34.2,462,0
PLI,5,20210215,090500,33.2,33.2,33.1,33.1,210,0
PLI,5,20210215,091000,33.1,33.1,33.1,33.1,50,0
PLI,5,20210215,091500,33.2,33.2,33.1,33.2,56,0
PLI,5,20210215,092000,33.1,34,33,34,166,0
PLI,5,20210215,093000,34,34,34,34,60,0
PLI,5,20210215,093500,34,34,34,34,100,0
PLI,5,20210215,095000,34,34,34,34,57,0
PLI,5,20210215,110000,34,34,34,34,500,0
PLI,5,20210215,111000,34.2,34.2,34.2,34.2,15,0
PLI,5,20210215,111500,34,34.5,34,34.5,3702,0
PLI,5,20210215,112000,34.6,35,34.6,35,130,0
PLI,5,20210215,113500,35,35,35,35,302,0
PLI,5,20210215,114000,35.2,35.2,35.2,35.2,66,0
PLI,5,20210215,114500,35.2,35.2,35.2,35.2,34,0
PLI,5,20210215,115500,35.2,36.4,35.2,36.4,1775,0
PLI,5,20210215,120000,35.3,35.3,34.1,34.1,650,0
PLI,5,20210215,124500,34.2,34.2,34.2,34.2,180,0
PLI,5,20210215,125500,34.5,34.5,34.5,34.5,68,0
PLI,5,20210215,132500,34.5,34.5,34.5,34.5,8,0
PLI,5,20210215,133500,34.5,34.5,34.5,34.5,30,0
PLI,5,20210215,140000,34.5,34.5,34.5,34.5,22,0
PLI,5,20210215,150500,34.2,34.2,34,34,300,0
PLI,5,20210215,153000,34,34,34,34,2,0
PLI,5,20210215,154000,34,34,34,34,25,0
PLI,5,20210215,155000,34,34,34,34,11,0
PLI,5,20210215,160000,33.8,33.8,33.8,33.8,9,0
PLI,5,20210215,161000,33.4,33.4,33.3,33.3,152,0
PLI,5,20210215,163000,33.4,33.4,33.4,33.4,30,0
PLI,5,20210215,164500,33.5,33.5,33.5,33.5,30,0
PLI,5,20210216,090000,34,34,34,34,200,0
PLI,5,20210216,095500,34,34,34,34,100,0
PLI,5,20210216,100000,34,34,34,34,663,0
PLI,5,20210216,101500,34,34,34,34,20,0
PLI,5,20210216,102500,34,34,34,34,182,0
PLI,5,20210216,104000,34,34,34,34,712,0
PLI,5,20210216,105500,34,34,34,34,300,0
PLI,5,20210216,110000,34.3,34.4,34.3,34.4,39,0
PLI,5,20210216,110500,34,34,34,34,13,0
PLI,5,20210216,111000,34,34,34,34,50,0
PLI,5,20210216,111500,34.4,34.9,34.4,34.9,1198,0
PLI,5,20210216,112000,34.9,34.9,34.9,34.9,40,0
PLI,5,20210216,113000,34.9,34.9,34.9,34.9,240,0
PLI,5,20210216,114000,34,34,34,34,5,0
PLI,5,20210216,115000,34.2,34.2,34.2,34.2,66,0
PLI,5,20210216,115500,34.9,34.9,34.9,34.9,375,0
PLI,5,20210216,120000,34.8,34.8,34.8,34.8,20,0
PLI,5,20210216,121000,34.5,34.5,34.5,34.5,331,0
PLI,5,20210216,122000,34.5,34.5,34.5,34.5,3,0
PLI,5,20210216,122500,34.3,34.3,34,34,1480,0
PLI,5,20210216,123000,34.4,34.4,34.4,34.4,40,0
PLI,5,20210216,123500,34.4,34.4,34.4,34.4,84,0
PLI,5,20210216,124500,34,34,34,34,92,0
PLI,5,20210216,130500,34.4,34.9,34.4,34.9,1008,0
PLI,5,20210216,131000,34.8,34.8,34.8,34.8,3,0
PLI,5,20210216,132500,34.8,34.9,34.8,34.9,440,0
PLI,5,20210216,142500,34,34,34,34,1038,0
PLI,5,20210216,144000,34,34,34,34,206,0
PLI,5,20210216,145000,34,34,34,34,300,0
PLI,5,20210216,145500,33.5,33.5,33.2,33.2,1008,0
PLI,5,20210216,151500,33.2,33.2,33.2,33.2,15,0
PLI,5,20210216,152000,33.9,33.9,33.9,33.9,7,0
PLI,5,20210216,160500,33.2,33.2,33.2,33.2,75,0
PLI,5,20210216,161500,33,33.2,33,33.2,25,0
PLI,5,20210216,162000,33.9,33.9,33.9,33.9,5,0
PLI,5,20210217,090000,34,34.9,33.4,33.4,385,0
PLI,5,20210217,090500,34.7,34.7,34.7,34.7,31,0
PLI,5,20210217,091000,34.7,34.8,34.7,34.8,135,0
PLI,5,20210217,091500,34.4,34.4,33.7,33.7,70,0
PLI,5,20210217,092500,34.2,34.8,34.2,34.8,201,0
PLI,5,20210217,093000,34.5,34.8,34.5,34.8,100,0
PLI,5,20210217,094500,34.8,34.8,34.8,34.8,54,0
PLI,5,20210217,095500,34.8,34.8,34.8,34.8,1732,0
PLI,5,20210217,100000,34.9,35,34.9,35,1431,0
PLI,5,20210217,100500,35.2,35.2,35,35,169,0
PLI,5,20210217,101000,35,35,35,35,156,0
PLI,5,20210217,102000,35.1,35.8,35.1,35.8,900,0
PLI,5,20210217,103500,35.6,35.6,35.6,35.6,100,0
PLI,5,20210217,104000,35.6,35.6,35.6,35.6,220,0
PLI,5,20210217,104500,35.5,35.6,35,35,148,0
PLI,5,20210217,111500,35.1,35.1,35,35,64,0
PLI,5,20210217,112000,35,35,35,35,15,0
PLI,5,20210217,113500,34.9,34.9,34.9,34.9,100,0
PLI,5,20210217,115000,34.9,34.9,34.9,34.9,43,0
PLI,5,20210217,120500,34.9,34.9,34.9,34.9,57,0
PLI,5,20210217,130000,35.1,35.1,35.1,35.1,40,0
PLI,5,20210217,131000,35.1,35.5,35.1,35.5,160,0
PLI,5,20210217,132500,35.5,35.5,35.5,35.5,200,0
PLI,5,20210217,140000,35.5,35.5,35.5,35.5,50,0
PLI,5,20210217,140500,34.9,34.9,34.8,34.8,100,0
PLI,5,20210217,152000,34.8,34.8,34.8,34.8,30,0
PLI,5,20210217,153000,34.8,34.8,34.8,34.8,400,0
PLI,5,20210217,160000,34.8,34.8,34.8,34.8,85,0
PLI,5,20210217,161500,34.8,34.8,34.8,34.8,48,0
PLI,5,20210217,164500,35.2,35.2,35.2,35.2,4,0
PLI,5,20210218,090000,35.8,35.8,35.8,35.8,142,0
PLI,5,20210218,090500,35.8,35.8,35.8,35.8,40,0
PLI,5,20210218,092500,35.7,36.4,35.7,36.4,1310,0
PLI,5,20210218,093000,36,36,36,36,20,0
PLI,5,20210218,093500,36.4,37.5,36,36,2493,0
PLI,5,20210218,095000,37.4,38.4,37,38,1297,0
PLI,5,20210218,095500,38,38,37.9,38,155,0
PLI,5,20210218,100000,38,38,37.9,37.9,90,0
PLI,5,20210218,100500,37.9,37.9,37.9,37.9,4,0
PLI,5,20210218,101500,37.5,37.5,37.3,37.3,87,0
PLI,5,20210218,102000,37.6,37.6,37.6,37.6,54,0
PLI,5,20210218,102500,37.4,37.4,37.4,37.4,63,0
PLI,5,20210218,103000,37.2,37.4,36.7,36.7,163,0
PLI,5,20210218,103500,37,37,37,37,105,0
PLI,5,20210218,104500,37,37,36.5,37,263,0
PLI,5,20210218,105000,37.4,37.4,37.4,37.4,20,0
PLI,5,20210218,105500,37,37,37,37,25,0
PLI,5,20210218,110500,37,37,37,37,415,0
PLI,5,20210218,111500,37,37,37,37,35,0
PLI,5,20210218,112000,36.4,36.4,36.4,36.4,211,0
PLI,5,20210218,112500,36.4,36.4,36.4,36.4,150,0
PLI,5,20210218,113000,36.4,36.4,36.4,36.4,351,0
PLI,5,20210218,113500,36.4,36.4,36.2,36.2,411,0
PLI,5,20210218,114000,36.1,36.1,35.7,35.7,695,0
PLI,5,20210218,114500,36.3,36.3,36,36,67,0
PLI,5,20210218,115000,36.3,36.3,36,36,70,0
PLI,5,20210218,120000,36.3,36.3,36.3,36.3,50,0
PLI,5,20210218,121000,36.3,36.3,35.8,35.8,149,0
PLI,5,20210218,122000,36.2,36.3,36.2,36.3,192,0
PLI,5,20210218,122500,36.3,36.3,36.3,36.3,38,0
PLI,5,20210218,123500,35.9,35.9,35.9,35.9,4,0
PLI,5,20210218,124000,36.3,36.3,36.3,36.3,32,0
PLI,5,20210218,124500,36,36.2,36,36.2,25,0
PLI,5,20210218,125000,36.2,36.2,36.2,36.2,10,0
PLI,5,20210218,125500,36.2,36.3,36.2,36.3,113,0
PLI,5,20210218,130000,36.1,36.1,36.1,36.1,200,0
PLI,5,20210218,130500,35.9,35.9,35.7,35.7,301,0
PLI,5,20210218,131000,36,36,36,36,16,0
PLI,5,20210218,131500,35.6,35.6,35.6,35.6,154,0
PLI,5,20210218,134000,36,36,36,36,469,0
PLI,5,20210218,134500,36.1,36.1,36.1,36.1,80,0
PLI,5,20210218,135500,36.1,36.1,36.1,36.1,154,0
PLI,5,20210218,140000,36.1,36.1,36.1,36.1,125,0
PLI,5,20210218,140500,36.1,36.1,36.1,36.1,69,0
PLI,5,20210218,141000,36.1,36.1,36.1,36.1,464,0
PLI,5,20210218,141500,36.4,36.4,36.4,36.4,38,0
PLI,5,20210218,142500,36.9,36.9,36.9,36.9,30,0
PLI,5,20210218,143000,36.9,37,36.9,37,90,0
PLI,5,20210218,143500,37.4,37.4,37.3,37.4,350,0
PLI,5,20210218,145500,37,37,37,37,55,0
PLI,5,20210218,150000,37,37,37,37,107,0
PLI,5,20210218,151000,37,37,37,37,53,0
PLI,5,20210218,151500,37.2,37.2,36.5,36.5,89,0
PLI,5,20210218,153000,37,37.2,37,37.2,295,0
PLI,5,20210218,153500,37.2,37.2,36,36,483,0
PLI,5,20210218,154500,36,36,36,36,158,0
PLI,5,20210218,161000,35.9,35.9,35.6,35.7,540,0
PLI,5,20210218,161500,36.5,36.5,35.7,35.7,30,0
PLI,5,20210218,163500,35.7,36.4,35.7,36.4,58,0
PLI,5,20210218,164000,35.8,35.8,35.6,35.6,168,0
PLI,5,20210218,164500,35.6,35.6,35.4,35.4,386,0
PLI,5,20210219,090000,35.6,35.6,35.6,35.6,14,0
PLI,5,20210219,090500,36.7,36.7,36.7,36.7,45,0
PLI,5,20210219,091000,36.5,36.5,36.5,36.5,31,0
PLI,5,20210219,092500,36.4,36.5,36.4,36.5,703,0
PLI,5,20210219,093000,36.5,36.9,36.5,36.9,330,0
PLI,5,20210219,093500,37,37,37,37,109,0
PLI,5,20210219,094000,37,37,37,37,5,0
PLI,5,20210219,094500,37,37,36.5,36.5,255,0
PLI,5,20210219,095000,36.9,36.9,36.9,36.9,120,0
PLI,5,20210219,095500,36.9,37.4,36.9,36.9,255,0
PLI,5,20210219,100000,36.9,36.9,36.9,36.9,100,0
PLI,5,20210219,101000,36.9,36.9,36.9,36.9,57,0
PLI,5,20210219,102500,36.9,36.9,36.9,36.9,10,0
PLI,5,20210219,103000,36.8,36.8,36.8,36.8,4,0
PLI,5,20210219,103500,36.5,36.5,36.2,36.2,466,0
PLI,5,20210219,105500,36.4,36.4,36.4,36.4,69,0
PLI,5,20210219,110000,36.5,36.8,36.5,36.8,150,0
PLI,5,20210219,111000,36.8,36.8,36.8,36.8,50,0
PLI,5,20210219,112000,36.5,36.8,36.5,36.8,153,0
PLI,5,20210219,112500,36.5,36.5,36.5,36.5,200,0
PLI,5,20210219,114500,36.2,36.2,36.2,36.2,200,0
PLI,5,20210219,115500,36.4,36.5,36.4,36.5,200,0
PLI,5,20210219,120000,36.5,36.5,36.5,36.5,135,0
PLI,5,20210219,124000,36.8,36.8,36.8,36.8,35,0
PLI,5,20210219,132000,36,36,36,36,169,0
PLI,5,20210219,133000,36,36,36,36,31,0
PLI,5,20210219,140500,36.2,36.2,36.1,36.1,199,0
PLI,5,20210219,141000,36,36,36,36,10,0
PLI,5,20210219,142000,35.7,36,35.7,36,185,0
PLI,5,20210219,142500,36,36,36,36,16,0
PLI,5,20210219,143000,36.1,36.1,36.1,36.1,95,0
PLI,5,20210219,145500,36.1,36.7,36.1,36.7,207,0
PLI,5,20210219,150500,36.7,36.7,36.7,36.7,40,0
PLI,5,20210219,151500,36.7,36.7,36.7,36.7,25,0
PLI,5,20210219,154000,36.8,36.8,36.8,36.8,88,0
PLI,5,20210219,161500,36.7,36.7,36.1,36.1,117,0
PLI,5,20210219,162000,35.7,35.7,35.6,35.6,342,0
PLI,5,20210219,163500,35.6,35.6,35.6,35.6,138,0
PLI,5,20210219,164500,36.1,36.1,36.1,36.1,13,0
PLI,5,20210222,090000,36.4,36.4,35,35,974,0
PLI,5,20210222,090500,35,35,35,35,40,0
PLI,5,20210222,091000,35.2,35.2,35,35,569,0
PLI,5,20210222,092000,35,35,35,35,45,0
PLI,5,20210222,093000,34.7,34.7,34.7,34.7,86,0
PLI,5,20210222,093500,34.7,34.7,34.7,34.7,354,0
PLI,5,20210222,094500,34.6,34.6,34.3,34.3,284,0
PLI,5,20210222,100000,34.5,34.5,34.5,34.5,7,0
PLI,5,20210222,100500,34.5,34.5,34.5,34.5,100,0
PLI,5,20210222,101000,34.5,34.5,34.5,34.5,694,0
PLI,5,20210222,101500,34.5,34.5,34.5,34.5,155,0
PLI,5,20210222,102000,35.4,35.4,35.4,35.4,100,0
PLI,5,20210222,103000,34.6,35.4,34.6,35.4,22,0
PLI,5,20210222,105000,34.8,34.8,34,34,1460,0
PLI,5,20210222,110000,35.2,35.2,35.2,35.2,5,0
PLI,5,20210222,113000,34.6,34.6,34.6,34.6,137,0
PLI,5,20210222,114500,34.6,34.6,34.6,34.6,21,0
PLI,5,20210222,115000,34.5,34.6,34.5,34.6,150,0
PLI,5,20210222,115500,34.5,34.5,34.5,34.5,8,0
PLI,5,20210222,120500,34.5,34.5,34.5,34.5,40,0
PLI,5,20210222,121500,34.5,35,34.5,35,490,0
PLI,5,20210222,134000,34.5,34.5,34.5,34.5,20,0
PLI,5,20210222,135000,34.3,34.3,34.2,34.2,140,0
PLI,5,20210222,142500,34.7,34.7,34.7,34.7,60,0
PLI,5,20210222,143500,34.9,34.9,34.9,34.9,30,0
PLI,5,20210222,144500,34.7,34.7,34.7,34.7,40,0
PLI,5,20210222,150500,34.4,34.4,34.4,34.4,7,0
PLI,5,20210222,152500,34.4,34.4,34.4,34.4,34,0
PLI,5,20210222,154000,34.7,34.9,34.7,34.9,41,0
PLI,5,20210222,154500,35,35,35,35,30,0
PLI,5,20210222,160000,34.1,34.1,34.1,34.1,85,0
PLI,5,20210222,161000,34.2,34.2,34.2,34.2,17,0
PLI,5,20210222,162500,34.2,34.2,34,34,243,0
PLI,5,20210222,164500,35,35,35,35,8,0
PLI,5,20210223,090000,35.5,35.5,35.5,35.5,31,0
PLI,5,20210223,091500,35.3,35.3,35.3,35.3,9,0
PLI,5,20210223,093000,34.1,34.1,34,34,200,0
PLI,5,20210223,093500,34.3,34.3,34.3,34.3,2,0
PLI,5,20210223,094000,34,34,34,34,97,0
PLI,5,20210223,094500,34.3,34.3,34.3,34.3,65,0
PLI,5,20210223,101000,34.5,34.5,34.5,34.5,9,0
PLI,5,20210223,101500,34.5,34.5,34.5,34.5,1495,0
PLI,5,20210223,102000,34.6,34.6,34.6,34.6,5,0
PLI,5,20210223,103000,34.5,34.5,34.5,34.5,20,0
PLI,5,20210223,103500,34.5,34.9,34.5,34.9,632,0
PLI,5,20210223,104000,34.9,35.3,34.9,35.3,1414,0
PLI,5,20210223,110500,34.5,34.5,34.5,34.5,50,0
PLI,5,20210223,114500,34.5,34.5,34.5,34.5,100,0
PLI,5,20210223,120000,34.5,34.5,34.5,34.5,117,0
PLI,5,20210223,120500,34.6,34.6,34.6,34.6,5,0
PLI,5,20210223,121500,34.6,34.6,34.6,34.6,73,0
PLI,5,20210223,122500,34.5,34.5,34.5,34.5,81,0
PLI,5,20210223,123500,34.5,34.5,34.5,34.5,100,0
PLI,5,20210223,125000,35.3,35.3,35.3,35.3,7,0
PLI,5,20210223,131000,35.3,35.3,35.3,35.3,10,0
PLI,5,20210223,134500,34.6,34.6,34.5,34.5,139,0
PLI,5,20210223,135500,34.5,34.5,34,34,700,0
PLI,5,20210223,143000,34,34,34,34,100,0
PLI,5,20210223,143500,33.8,33.8,33.8,33.8,17,0
PLI,5,20210223,144000,33.8,33.8,33.8,33.8,3,0
PLI,5,20210223,144500,34,35,34,35,333,0
PLI,5,20210223,150500,34.8,34.8,34.8,34.8,44,0
PLI,5,20210223,153500,33.8,33.8,33.8,33.8,72,0
PLI,5,20210223,154000,33.6,33.6,33.4,33.4,211,0
PLI,5,20210223,155000,33.2,33.2,32.7,32.7,900,0
PLI,5,20210223,155500,32.5,32.5,32.2,32.2,306,0
PLI,5,20210223,160000,32.5,32.7,32.5,32.7,306,0
PLI,5,20210223,161000,32.9,33.3,32.9,33.3,200,0
PLI,5,20210223,161500,33.3,33.3,33.3,33.3,43,0
PLI,5,20210223,162000,33.5,33.5,33.5,33.5,8,0
PLI,5,20210223,162500,34,34,34,34,75,0
PLI,5,20210223,164000,34.2,34.2,34.2,34.2,25,0
PLI,5,20210223,164500,34,34,34,34,110,0
PLI,5,20210224,090000,34.9,34.9,34.9,34.9,43,0
PLI,5,20210224,092000,34.9,34.9,34.9,34.9,15,0
PLI,5,20210224,094500,34.9,34.9,34.9,34.9,40,0
PLI,5,20210224,100000,34.9,34.9,34.9,34.9,50,0
PLI,5,20210224,101500,34.9,34.9,34.9,34.9,21,0
PLI,5,20210224,102000,34.9,34.9,34.9,34.9,6,0
PLI,5,20210224,110000,34.8,34.8,34.8,34.8,80,0
PLI,5,20210224,111000,34.2,34.2,34.2,34.2,100,0
PLI,5,20210224,115000,34.8,34.8,34.8,34.8,30,0
PLI,5,20210224,122500,34.9,34.9,34.9,34.9,28,0
PLI,5,20210224,150000,34.8,34.9,34.8,34.9,500,0
PLI,5,20210224,150500,34.9,34.9,34.9,34.9,60,0
PLI,5,20210224,151500,34.3,34.3,34.2,34.2,100,0
PLI,5,20210224,163000,34.3,34.3,34.2,34.2,100,0
PLI,5,20210224,165500,34.9,34.9,34.9,34.9,10,0
PLI,5,20210225,090000,34.9,34.9,34.9,34.9,2,0
PLI,5,20210225,091000,34.3,34.3,34.3,34.3,20,0
PLI,5,20210225,091500,34.9,34.9,34.9,34.9,3,0
PLI,5,20210225,092500,34.2,34.2,34.2,34.2,154,0
PLI,5,20210225,095500,34.2,34.2,34.2,34.2,75,0
PLI,5,20210225,111000,34.2,34.2,34.2,34.2,843,0
PLI,5,20210225,130000,34.4,34.4,34.2,34.2,17,0
PLI,5,20210225,133500,34.7,34.8,34.7,34.8,91,0
PLI,5,20210225,135000,34.9,34.9,34.9,34.9,50,0
PLI,5,20210225,162000,34.2,34.2,34,34,152,0
PLI,5,20210225,164500,34,34.7,34,34.7,37,0
PLI,5,20210226,090000,34.7,34.7,34,34,57,0
PLI,5,20210226,090500,33.2,33.2,32.9,32.9,238,0
PLI,5,20210226,091000,32.9,32.9,32.6,32.6,107,0
PLI,5,20210226,091500,33.7,33.7,32.5,32.5,269,0
PLI,5,20210226,092000,32.5,32.5,32.5,32.5,570,0
PLI,5,20210226,094500,33.4,33.5,33,33,88,0
PLI,5,20210226,100500,33.5,33.5,33.5,33.5,57,0
PLI,5,20210226,101000,33.6,33.6,33.1,33.1,101,0
PLI,5,20210226,111500,33.6,33.6,33.6,33.6,3,0
PLI,5,20210226,112000,33.6,33.6,33.6,33.6,27,0
PLI,5,20210226,122000,33.2,33.4,33.2,33.4,231,0
PLI,5,20210226,125500,33.1,33.1,33.1,33.1,2,0
PLI,5,20210226,130500,33.4,33.4,33.4,33.4,5,0
PLI,5,20210226,132000,33.4,33.4,33.4,33.4,20,0
PLI,5,20210226,143000,33.1,33.1,33,33,251,0
PLI,5,20210226,143500,32.6,32.6,32.5,32.5,701,0
PLI,5,20210226,144000,32.6,32.6,32.5,32.5,600,0
PLI,5,20210226,145000,33,33,33,33,28,0
PLI,5,20210226,154000,33.4,33.4,33.4,33.4,30,0
PLI,5,20210226,163000,32.6,32.6,32.6,32.6,31,0
PLI,5,20210226,163500,33.4,33.4,33.4,33.4,1,0
PLI,5,20210226,164500,32.6,33.4,32.5,33.4,312,0
PLI,5,20210301,090000,34,34,34,34,539,0
PLI,5,20210301,090500,34,34,34,34,3,0
PLI,5,20210301,091500,34,34,34,34,22,0
PLI,5,20210301,092500,34,34,32.5,32.5,140,0
PLI,5,20210301,094000,32.8,32.8,32.6,32.6,220,0
PLI,5,20210301,095500,32.9,32.9,32.9,32.9,20,0
PLI,5,20210301,105000,33.8,33.8,33.8,33.8,70,0
PLI,5,20210301,110000,33.3,33.3,33.3,33.3,32,0
PLI,5,20210301,110500,33.3,33.3,33.3,33.3,150,0
PLI,5,20210301,113500,33.5,33.5,33.5,33.5,10,0
PLI,5,20210301,115000,33.5,33.5,33.5,33.5,100,0
PLI,5,20210301,121000,33.5,33.5,33.5,33.5,204,0
PLI,5,20210301,131000,33.8,33.8,33.8,33.8,72,0
PLI,5,20210301,134000,33.8,33.8,33.8,33.8,8,0
PLI,5,20210301,135000,33.8,33.8,33.8,33.8,22,0
PLI,5,20210301,141500,33.8,33.8,33.8,33.8,20,0
PLI,5,20210301,142500,33.7,33.7,33.7,33.7,23,0
PLI,5,20210301,143000,33.7,33.7,33.7,33.7,19,0
PLI,5,20210301,145000,33.8,33.8,33.8,33.8,24,0
PLI,5,20210301,151000,33.8,33.8,33.8,33.8,50,0
PLI,5,20210301,151500,33.8,33.8,33.8,33.8,25,0
PLI,5,20210301,155000,33.6,33.6,33.6,33.6,146,0
PLI,5,20210301,155500,33.8,33.8,33.8,33.8,54,0
PLI,5,20210301,160500,33.7,33.7,33.7,33.7,105,0
PLI,5,20210302,090000,33.8,33.8,33.8,33.8,1,0
PLI,5,20210302,091000,33.7,33.7,33.7,33.7,58,0
PLI,5,20210302,091500,33.7,33.7,33.7,33.7,45,0
PLI,5,20210302,094500,33.8,34,33.8,34,138,0
PLI,5,20210302,100000,34.3,34.5,34.1,34.5,202,0
PLI,5,20210302,102500,34,34,34,34,31,0
PLI,5,20210302,112500,34.4,34.4,34.4,34.4,10,0
PLI,5,20210302,113000,34.1,34.1,34,34,142,0
PLI,5,20210302,113500,34,34,33.5,33.5,509,0
PLI,5,20210302,132000,34,34,34,34,44,0
PLI,5,20210302,141500,34.4,35,34.4,35,1954,0
PLI,5,20210302,142000,34.9,34.9,34.9,34.9,25,0
PLI,5,20210302,163500,34.5,34.5,34.5,34.5,34,0
PLI,5,20210302,164000,34,34,34,34,125,0
PLI,5,20210302,164500,33.8,34,33.8,34,62,0
PLI,5,20210303,090000,34.9,34.9,32.6,32.6,590,0
PLI,5,20210303,092000,33.9,33.9,33.9,33.9,60,0
PLI,5,20210303,092500,34,34,34,34,25,0
PLI,5,20210303,094000,34.1,34.1,34.1,34.1,204,0
PLI,5,20210303,095000,34.7,34.7,34.7,34.7,145,0
PLI,5,20210303,101000,34.5,34.5,34.5,34.5,10,0
PLI,5,20210303,103500,34.5,34.5,34.5,34.5,39,0
PLI,5,20210303,104000,34.5,34.5,34.5,34.5,69,0
PLI,5,20210303,113000,34.4,34.4,34.3,34.4,126,0
PLI,5,20210303,122000,34.4,34.4,34.4,34.4,10,0
PLI,5,20210303,130000,34.3,34.4,34.3,34.4,290,0
PLI,5,20210303,134500,33.4,33.4,33.3,33.3,63,0
PLI,5,20210303,135500,33.3,33.3,33.3,33.3,15,0
PLI,5,20210303,143000,33.3,33.3,33.3,33.3,87,0
PLI,5,20210303,143500,33.3,33.3,33.3,33.3,11,0
PLI,5,20210303,151000,33.2,33.2,33.2,33.2,134,0
PLI,5,20210303,152500,33.3,33.3,33.3,33.3,15,0
PLI,5,20210303,160000,33.2,33.2,33.2,33.2,40,0
PLI,5,20210303,161500,34.2,34.2,34.2,34.2,10,0
PLI,5,20210303,164500,34,34,33.2,33.2,10,0
PLI,5,20210304,090000,33.3,33.3,33.3,33.3,37,0
PLI,5,20210304,091500,33.3,33.3,33.3,33.3,6,0
PLI,5,20210304,092000,33.3,33.3,33.3,33.3,1,0
PLI,5,20210304,094000,33.3,33.3,33.3,33.3,15,0
PLI,5,20210304,095000,33.3,33.3,33.3,33.3,22,0
PLI,5,20210304,104000,33.9,33.9,33.9,33.9,50,0
PLI,5,20210304,110500,33.4,33.4,33,33,35,0
PLI,5,20210304,115500,33,33,33,33,89,0
PLI,5,20210304,124500,33,33,33,33,120,0
PLI,5,20210304,125000,33,33,33,33,220,0
PLI,5,20210304,131000,33,33,33,33,586,0
PLI,5,20210304,140000,32.8,32.8,32.8,32.8,50,0
PLI,5,20210304,141000,33.7,37.2,33.7,35.9,7783,0
PLI,5,20210304,141500,35,35,35,35,300,0
PLI,5,20210304,142000,35,35.7,35,35.7,1300,0
PLI,5,20210304,142500,35.6,35.6,35.6,35.6,40,0
PLI,5,20210304,143000,34.9,34.9,33.6,33.6,1416,0
PLI,5,20210304,143500,33.8,33.8,33.2,33.5,492,0
PLI,5,20210304,144500,33.5,33.5,33.2,33.2,786,0
PLI,5,20210304,150000,33.5,33.5,33.5,33.5,20,0
PLI,5,20210304,150500,33.4,34,33.4,34,1800,0
PLI,5,20210304,151000,33.9,33.9,33.9,33.9,1,0
PLI,5,20210304,152000,33.9,33.9,33.9,33.9,240,0
PLI,5,20210304,152500,33.8,33.8,33.8,33.8,27,0
PLI,5,20210304,160000,33.7,33.7,33.7,33.7,40,0
PLI,5,20210304,162000,33.1,33.1,33,33,74,0
PLI,5,20210304,164500,32.7,32.7,32.7,32.7,410,0
PLI,5,20210305,090000,33,33,33,33,283,0
PLI,5,20210305,095500,33,33.3,33,33.3,14,0
PLI,5,20210305,111500,33,33.7,33,33.7,216,0
PLI,5,20210305,112500,33,33,33,33,186,0
PLI,5,20210305,124000,32.9,32.9,32.9,32.9,100,0
PLI,5,20210305,125000,32.8,32.8,32.7,32.7,90,0
PLI,5,20210305,130500,32.7,32.7,32.6,32.6,140,0
PLI,5,20210305,150500,32.7,32.7,32.7,32.7,16,0
PLI,5,20210305,151000,32.7,32.7,32.7,32.7,233,0
PLI,5,20210305,154000,32.7,32.7,32.7,32.7,54,0
PLI,5,20210305,155500,32.7,32.7,32.7,32.7,353,0
PLI,5,20210305,164500,32.7,32.7,32.7,32.7,100,0
PLI,5,20210308,090000,33.5,33.5,33.5,33.5,2,0
PLI,5,20210308,090500,33.3,33.3,33.3,33.3,14,0
PLI,5,20210308,091000,33.3,33.5,33.3,33.5,33,0
PLI,5,20210308,100000,33.4,33.4,33.4,33.4,31,0
PLI,5,20210308,100500,33.3,33.3,33.3,33.3,33,0
PLI,5,20210308,103500,33.3,33.3,33.3,33.3,42,0
PLI,5,20210308,112000,32.5,32.5,32.5,32.5,402,0
PLI,5,20210308,115500,32.8,32.8,32.8,32.8,18,0
PLI,5,20210308,120000,33,33,33,33,12,0
PLI,5,20210308,122000,33,33,33,33,10,0
PLI,5,20210308,135500,32.6,32.6,32.6,32.6,33,0
PLI,5,20210308,140000,32.6,32.6,32.6,32.6,30,0
PLI,5,20210308,140500,32.6,32.6,32.6,32.6,200,0
PLI,5,20210308,141500,32.9,32.9,32.9,32.9,58,0
PLI,5,20210308,150000,32.9,32.9,32.5,32.5,137,0
PLI,5,20210308,150500,33,33,33,33,124,0
PLI,5,20210308,151000,32.5,33,32.5,33,2,0
PLI,5,20210308,153500,33.4,33.6,33.4,33.6,50,0
PLI,5,20210308,163000,33.5,33.5,33.5,33.5,30,0
PLI,5,20210308,164500,33.5,33.5,32.6,32.6,93,0
PLI,5,20210309,090000,34,34,34,34,151,0
PLI,5,20210309,091000,34,34,34,34,30,0
PLI,5,20210309,091500,33,33,33,33,45,0
PLI,5,20210309,100000,33,33,32.3,32.3,889,0
PLI,5,20210309,100500,32.3,32.4,32.3,32.3,473,0
PLI,5,20210309,101000,32.2,32.2,31.2,31.2,729,0
PLI,5,20210309,101500,31.7,31.8,31.7,31.8,173,0
PLI,5,20210309,102500,32.7,32.7,32.7,32.7,31,0
PLI,5,20210309,104000,32.5,32.5,32.5,32.5,25,0
PLI,5,20210309,104500,32,32,32,32,13,0
PLI,5,20210309,111000,32.8,32.8,32.8,32.8,100,0
PLI,5,20210309,123500,32.4,32.4,32.4,32.4,38,0
PLI,5,20210309,124000,32.1,32.1,32.1,32.1,14,0
PLI,5,20210309,134500,32.2,32.2,32,32,496,0
PLI,5,20210309,135000,31.8,31.8,31.8,31.8,129,0
PLI,5,20210309,135500,32.4,32.4,32.4,32.4,5,0
PLI,5,20210309,141000,32.4,32.6,32.4,32.6,150,0
PLI,5,20210309,144500,32.6,32.6,32.6,32.6,11,0
PLI,5,20210309,153000,31.8,31.8,31.8,31.8,63,0
PLI,5,20210309,155000,32.5,32.5,32.5,32.5,13,0
PLI,5,20210310,090000,32.9,32.9,32.9,32.9,176,0
PLI,5,20210310,091000,32.9,32.9,32.9,32.9,127,0
PLI,5,20210310,091500,32.9,32.9,32.9,32.9,100,0
PLI,5,20210310,092500,32.9,32.9,32.9,32.9,30,0
PLI,5,20210310,094000,32.9,33.3,32.9,33.3,74,0
PLI,5,20210310,095500,32.7,32.7,32.7,32.7,124,0
PLI,5,20210310,104500,32.9,32.9,32.9,32.9,5,0
PLI,5,20210310,105000,32.9,32.9,32.9,32.9,114,0
PLI,5,20210310,111000,33.3,33.4,33.3,33.4,109,0
PLI,5,20210310,111500,33.4,33.4,33.4,33.4,100,0
PLI,5,20210310,112000,33.4,33.4,33.4,33.4,142,0
PLI,5,20210310,121500,33.4,33.5,33.4,33.5,150,0
PLI,5,20210310,122500,33,33.5,33,33.5,37,0
PLI,5,20210310,141500,33.5,33.5,33.5,33.5,28,0
PLI,5,20210310,151500,33.3,33.3,33.3,33.3,68,0
PLI,5,20210310,153000,32.7,32.7,32.7,32.7,40,0
PLI,5,20210310,164000,32.7,33.3,32.6,33.3,105,0
PLI,5,20210311,090000,33.4,33.4,33.4,33.4,40,0
PLI,5,20210311,090500,33.5,33.5,33.5,33.5,5,0
PLI,5,20210311,092000,33.3,33.3,33.3,33.3,28,0
PLI,5,20210311,100500,33.3,33.3,33.3,33.3,582,0
PLI,5,20210311,104000,33.3,33.3,33.3,33.3,95,0
PLI,5,20210311,104500,32.6,32.6,32.6,32.6,200,0
PLI,5,20210311,113500,33.3,33.3,33.3,33.3,20,0
PLI,5,20210311,114500,33.3,33.3,33.3,33.3,8,0
PLI,5,20210311,115500,32.6,32.6,32.5,32.5,122,0
PLI,5,20210311,121000,33.3,33.3,32.5,32.5,22,0
PLI,5,20210311,130000,33,33,33,33,45,0
PLI,5,20210311,142000,33,33,32.5,32.5,91,0
PLI,5,20210311,143500,33.2,33.2,32.5,33.2,7,0
PLI,5,20210311,162000,33.2,33.2,33.2,33.2,30,0
PLI,5,20210311,162500,32.5,32.5,32.5,32.5,7,0
PLI,5,20210311,164500,33.2,33.2,33.2,33.2,2,0
PLI,5,20210312,090000,33,33,33,33,159,0
PLI,5,20210312,091000,33.1,33.1,33.1,33.1,30,0
PLI,5,20210312,101500,33.1,33.1,33.1,33.1,30,0
PLI,5,20210312,105000,33.1,33.2,33.1,33.2,30,0
PLI,5,20210312,105500,33,33,33,33,60,0
PLI,5,20210312,111500,33,33,33,33,1,0
PLI,5,20210312,112000,32.5,32.5,32.5,32.5,200,0
PLI,5,20210312,112500,32.5,32.5,32.5,32.5,49,0
PLI,5,20210312,121500,33.2,33.2,33.2,33.2,8,0
PLI,5,20210312,130500,32.5,32.5,32.5,32.5,85,0
PLI,5,20210312,131500,33,33,33,33,15,0
PLI,5,20210312,133500,33.2,33.2,33.2,33.2,114,0
PLI,5,20210312,144500,33.2,33.2,33.2,33.2,100,0
PLI,5,20210312,160000,32.9,32.9,32.9,32.9,11,0
PLI,5,20210312,163500,32.8,32.8,32.7,32.7,250,0
PLI,5,20210312,164500,32.9,32.9,32.9,32.9,1,0
PLI,5,20210315,090000,32.8,33,32.5,33,422,0
PLI,5,20210315,094000,33,33,33,33,230,0
PLI,5,20210315,094500,33,33,33,33,50,0
PLI,5,20210315,101000,33,33,33,33,91,0
PLI,5,20210315,101500,33,33,33,33,135,0
PLI,5,20210315,102500,32.3,32.3,32.3,32.3,40,0
PLI,5,20210315,111000,32.4,32.4,32.3,32.3,30,0
PLI,5,20210315,113500,32.4,32.4,32.3,32.3,53,0
PLI,5,20210315,115500,33,33,33,33,60,0
PLI,5,20210315,124000,32.9,33,32.9,33,130,0
PLI,5,20210315,124500,33,33.3,33,33.3,412,0
PLI,5,20210315,125000,33.5,33.5,33.5,33.5,74,0
PLI,5,20210315,125500,33.9,34,33.7,34,681,0
PLI,5,20210315,130000,34,34.8,34,34,463,0
PLI,5,20210315,130500,34,34,34,34,10,0
PLI,5,20210315,132000,33.3,33.3,33.3,33.3,180,0
PLI,5,20210315,142500,33,33,33,33,61,0
PLI,5,20210315,144000,33,33,33,33,30,0
PLI,5,20210315,144500,32.9,32.9,32.9,32.9,20,0
PLI,5,20210315,153500,33,33,33,33,120,0
PLI,5,20210315,161000,33.5,33.5,33.5,33.5,2,0
PLI,5,20210315,164500,33.2,33.2,33.2,33.2,250,0
PLI,5,20210316,090000,33,33.2,33,33.2,2390,0
PLI,5,20210316,091000,33.2,33.2,33.2,33.2,90,0
PLI,5,20210316,091500,32.9,32.9,32.8,32.8,70,0
PLI,5,20210316,092000,32.8,32.8,32.8,32.8,230,0
PLI,5,20210316,093000,33.2,33.2,33.2,33.2,369,0
PLI,5,20210316,094000,33.5,33.5,33.5,33.5,115,0
PLI,5,20210316,100500,32.8,32.8,32.8,32.8,4,0
PLI,5,20210316,103500,33.1,33.1,33.1,33.1,85,0
PLI,5,20210316,110500,33,33,33,33,136,0
PLI,5,20210316,111000,33,33.4,33,33.4,1031,0
PLI,5,20210316,111500,33.4,33.5,33.4,33.5,4203,0
PLI,5,20210316,112000,33.5,33.5,33.5,33.5,25,0
PLI,5,20210316,113000,32.6,32.6,32.6,32.6,1,0
PLI,5,20210316,114000,33.5,33.5,33.5,33.5,10,0
PLI,5,20210316,120500,33,33,33,33,55,0
PLI,5,20210316,121500,32.6,32.6,32.6,32.6,28,0
PLI,5,20210316,122500,33,33,33,33,30,0
PLI,5,20210316,131500,33,33,33,33,35,0
PLI,5,20210316,140000,32.6,32.6,32.6,32.6,30,0
PLI,5,20210316,145000,32.6,32.6,32.6,32.6,30,0
PLI,5,20210316,162500,32.7,32.7,32.7,32.7,30,0
PLI,5,20210316,164500,33.4,33.4,33.4,33.4,11,0
PLI,5,20210317,090000,33.4,33.4,33.4,33.4,484,0
PLI,5,20210317,090500,33.2,33.2,33.2,33.2,160,0
PLI,5,20210317,091500,33.2,33.2,33.2,33.2,1000,0
PLI,5,20210317,092000,33.2,33.4,33.2,33.4,150,0
PLI,5,20210317,094500,32.9,32.9,32.9,32.9,30,0
PLI,5,20210317,095500,32.9,32.9,32.9,32.9,265,0
PLI,5,20210317,101500,32.9,32.9,32.9,32.9,20,0
PLI,5,20210317,102500,33.3,33.3,33.3,33.3,50,0
PLI,5,20210317,110000,33.3,33.3,33.3,33.3,31,0
PLI,5,20210317,111000,32.9,32.9,32.8,32.9,65,0
PLI,5,20210317,112000,33,33,33,33,15,0
PLI,5,20210317,113000,32.8,32.8,32.8,32.8,48,0
PLI,5,20210317,113500,32.6,32.6,32.6,32.6,36,0
PLI,5,20210317,114000,32.7,32.7,32.7,32.7,100,0
PLI,5,20210317,115500,32.6,32.6,32.6,32.6,60,0
PLI,5,20210317,120500,32.6,32.6,32.6,32.6,20,0
PLI,5,20210317,121000,32.6,32.6,32.5,32.5,1000,0
PLI,5,20210317,121500,32.5,32.5,32.5,32.5,100,0
PLI,5,20210317,122000,32.5,32.5,32.5,32.5,85,0
PLI,5,20210317,123000,32.5,32.5,32.5,32.5,330,0
PLI,5,20210317,132500,32.6,32.6,32.6,32.6,15,0
PLI,5,20210317,135000,33,33,33,33,1,0
PLI,5,20210317,140000,32.5,32.5,32.5,32.5,66,0
PLI,5,20210317,142500,33,33,33,33,100,0
PLI,5,20210317,143000,32.8,32.8,32.5,32.5,165,0
PLI,5,20210317,145000,32.6,32.6,32.6,32.6,20,0
PLI,5,20210317,150500,33,33,33,33,29,0
PLI,5,20210317,151500,32.6,32.6,32.6,32.6,480,0
PLI,5,20210317,155500,32.5,32.5,32.5,32.5,100,0
PLI,5,20210317,160000,32.5,32.5,32.5,32.5,100,0
PLI,5,20210317,161000,32.8,32.8,32.5,32.5,335,0
PLI,5,20210317,161500,32.6,32.6,32.6,32.6,44,0
PLI,5,20210317,164000,32.6,32.6,32.6,32.6,290,0
PLI,5,20210317,164500,32.6,32.6,32.6,32.6,2,0
PLI,5,20210317,165500,32.6,32.6,32.6,32.6,30,0
PLI,5,20210318,090000,33.3,33.3,32.6,32.6,549,0
PLI,5,20210318,091000,32.7,32.7,32.6,32.6,130,0
PLI,5,20210318,100500,32.5,32.5,32.5,32.5,125,0
PLI,5,20210318,104500,32.5,32.5,32.5,32.5,97,0
PLI,5,20210318,105000,32.4,33.2,32.4,33.2,27,0
PLI,5,20210318,112000,32.6,32.6,32.6,32.6,39,0
PLI,5,20210318,115500,32.5,32.5,32.5,32.5,29,0
PLI,5,20210318,124000,32.8,32.8,32.8,32.8,10,0
PLI,5,20210318,124500,32.8,32.8,32.8,32.8,140,0
PLI,5,20210318,125500,32.5,32.5,32.5,32.5,120,0
PLI,5,20210318,133500,33,33,33,33,100,0
PLI,5,20210318,134000,33,33,33,33,100,0
PLI,5,20210318,135000,32.6,32.6,32.6,32.6,92,0
PLI,5,20210318,153500,32.5,32.5,32.5,32.5,140,0
PLI,5,20210318,161000,32.6,33.2,32.5,32.5,1776,0
PLI,5,20210318,161500,32.5,32.5,32.2,32.2,10152,0
PLI,5,20210318,162000,32.3,32.3,32,32,72,0
PLI,5,20210318,163500,32.1,32.1,31.6,31.6,948,0
PLI,5,20210318,164000,33,33,33,33,455,0
PLI,5,20210319,090000,32.9,32.9,32.8,32.8,283,0
PLI,5,20210319,093000,32.2,32.2,32.2,32.2,107,0
PLI,5,20210319,094000,32.8,32.8,32.8,32.8,152,0
PLI,5,20210319,102000,32.8,32.8,32.8,32.8,18,0
PLI,5,20210319,111000,32.8,32.8,32.8,32.8,30,0
PLI,5,20210319,120500,32.8,32.8,32.8,32.8,63,0
PLI,5,20210319,144000,32.8,32.8,32.8,32.8,89,0
PLI,5,20210319,151000,32.9,32.9,32.9,32.9,47,0
PLI,5,20210319,153500,32.5,32.5,32.5,32.5,100,0
PLI,5,20210319,160000,32.8,32.8,32.8,32.8,30,0
PLI,5,20210322,090000,32.8,32.8,32.7,32.7,260,0
PLI,5,20210322,091000,32.4,32.9,32.4,32.9,291,0
PLI,5,20210322,091500,32.3,32.3,32.3,32.3,90,0
PLI,5,20210322,092000,32.3,32.3,32.3,32.3,70,0
PLI,5,20210322,092500,32.2,32.2,32.2,32.2,53,0
PLI,5,20210322,095000,32.9,32.9,32.9,32.9,40,0
PLI,5,20210322,113000,32.3,32.3,32.3,32.3,160,0
PLI,5,20210322,114000,32.2,32.2,32.2,32.2,30,0
PLI,5,20210322,114500,32.8,32.8,32.2,32.2,140,0
PLI,5,20210322,124000,32.2,32.2,32.2,32.2,47,0
PLI,5,20210322,125000,32.2,32.8,32.2,32.8,52,0
PLI,5,20210322,134500,32,32,32,32,200,0
PLI,5,20210322,141000,32,32,31.7,31.7,191,0
PLI,5,20210322,152500,31.9,31.9,31.9,31.9,84,0
PLI,5,20210322,153500,32,32,32,32,35,0
PLI,5,20210322,160500,31.9,31.9,31.8,31.8,147,0
PLI,5,20210322,163500,31.8,31.8,31.8,31.8,15,0
PLI,5,20210322,164500,31.8,31.8,31.8,31.8,100,0
PLI,5,20210323,090000,32,32,32,32,102,0
PLI,5,20210323,090500,31.6,31.6,31.6,31.6,40,0
PLI,5,20210323,091000,31.2,31.2,31.2,31.2,2,0
PLI,5,20210323,091500,31.2,31.2,31.2,31.2,50,0
PLI,5,20210323,093000,31.1,31.1,30.7,31,353,0
PLI,5,20210323,094000,31,31.8,31,31.8,99,0
PLI,5,20210323,094500,31.5,31.5,31.5,31.5,30,0
PLI,5,20210323,095500,32,32,32,32,10,0
PLI,5,20210323,105500,32,32,32,32,31,0
PLI,5,20210323,110000,31.5,31.5,31.5,31.5,100,0
PLI,5,20210323,121500,32,32,32,32,35,0
PLI,5,20210323,141500,31.9,32,31.9,32,250,0
PLI,5,20210323,151000,32,32,32,32,6,0
PLI,5,20210323,152500,32,32,32,32,42,0
PLI,5,20210324,090000,32,32,32,32,2,0
PLI,5,20210324,091500,32,32,32,32,239,0
PLI,5,20210324,095000,32,32,32,32,17,0
PLI,5,20210324,105000,31.8,31.8,31.5,31.5,118,0
PLI,5,20210324,113000,31.5,31.5,31.5,31.5,925,0
PLI,5,20210324,115500,31.4,31.4,31.4,31.4,50,0
PLI,5,20210324,121000,31.4,31.4,31.4,31.4,50,0
PLI,5,20210324,123000,31.5,31.5,31.5,31.5,15,0
PLI,5,20210324,134000,31.4,31.4,31.4,31.4,40,0
PLI,5,20210324,134500,31.4,31.4,31.4,31.4,60,0
PLI,5,20210324,140000,31.5,31.5,31.5,31.5,30,0
PLI,5,20210324,142000,31.4,31.4,31.4,31.4,65,0
PLI,5,20210324,142500,31.5,31.5,31.5,31.5,30,0
PLI,5,20210324,143000,31.5,31.5,31.5,31.5,20,0
PLI,5,20210324,153500,31.5,31.5,31.5,31.5,50,0
PLI,5,20210324,154500,31.9,31.9,31.4,31.4,55,0
PLI,5,20210324,164500,31.9,31.9,31.9,31.9,1,0
PLI,5,20210325,090000,31.9,31.9,31.9,31.9,2,0
PLI,5,20210325,093500,31.6,31.6,31.5,31.5,222,0
PLI,5,20210325,094000,31.2,31.2,31.1,31.1,72,0
PLI,5,20210325,094500,31.5,31.5,31.5,31.5,50,0
PLI,5,20210325,100500,31.1,31.1,31.1,31.1,55,0
PLI,5,20210325,102000,31.5,31.5,31.5,31.5,12,0
PLI,5,20210325,104000,31.1,31.1,31,31,65,0
PLI,5,20210325,105500,31,31,31,31,37,0
PLI,5,20210325,110000,30.8,30.8,30.8,30.8,30,0
PLI,5,20210325,110500,30.7,30.7,30.6,30.6,72,0
PLI,5,20210325,112500,30.8,30.8,30,30,1807,0
PLI,5,20210325,113000,30.1,30.1,30,30.1,602,0
PLI,5,20210325,113500,30.4,31,30.1,30.1,177,0
PLI,5,20210325,115500,30.1,30.1,30,30,1500,0
PLI,5,20210325,120000,30,30.1,30,30.1,118,0
PLI,5,20210325,120500,30.1,30.2,30.1,30.1,97,0
PLI,5,20210325,122000,30.3,30.3,30.2,30.2,200,0
PLI,5,20210325,123000,30.9,30.9,30.9,30.9,198,0
PLI,5,20210325,123500,30.9,30.9,30.9,30.9,2,0
PLI,5,20210325,124000,31,31,31,31,90,0
PLI,5,20210325,130500,31.4,31.4,31.4,31.4,265,0
PLI,5,20210325,132500,31,31,31,31,28,0
PLI,5,20210325,133500,31,31,31,31,32,0
PLI,5,20210325,141500,30.4,30.4,30,30,850,0
PLI,5,20210325,143500,30.8,30.8,30.8,30.8,83,0
PLI,5,20210325,144000,30,30,29.8,29.8,799,0
PLI,5,20210325,144500,30,30,30,30,20,0
PLI,5,20210325,150000,30,30,30,30,32,0
PLI,5,20210325,150500,30,30,30,30,10,0
PLI,5,20210325,151500,30,30,30,30,7,0
PLI,5,20210325,152500,30,30,30,30,3,0
PLI,5,20210325,154500,29.9,29.9,29.9,29.9,50,0
PLI,5,20210325,155000,29.9,29.9,29.9,29.9,106,0
PLI,5,20210325,160500,29.8,29.8,29.8,29.8,125,0
PLI,5,20210325,161000,29.9,29.9,29.8,29.8,70,0
PLI,5,20210325,161500,29.9,29.9,29.9,29.9,10,0
PLI,5,20210325,163000,29.9,29.9,29.9,29.9,121,0
PLI,5,20210325,163500,30,30,30,30,1177,0
PLI,5,20210325,164000,30,30.1,30,30,9008,0
PLI,5,20210325,164500,29.9,31,29.8,31,6404,0
PLI,5,20210326,090000,31,31,31,31,152,0
PLI,5,20210326,094000,30.1,30.1,30.1,30.1,156,0
PLI,5,20210326,105500,30.1,30.1,30,30,65,0
PLI,5,20210326,111000,30.8,30.8,30.8,30.8,4,0
PLI,5,20210326,112000,30.8,31.5,30.2,31.5,560,0
PLI,5,20210326,115500,31.3,31.3,31.3,31.3,50,0
PLI,5,20210326,121000,31.5,31.5,31.5,31.5,140,0
PLI,5,20210326,141500,31.8,31.9,31.8,31.9,311,0
PLI,5,20210326,143000,31.8,31.8,31.8,31.8,1,0
PLI,5,20210326,145000,31,31,30.1,30.1,108,0
PLI,5,20210326,152000,31.3,31.3,31.3,31.3,184,0
PLI,5,20210326,153500,31.6,31.8,31.6,31.8,20,0
PLI,5,20210326,162500,31.8,31.8,31.8,31.8,35,0
