<TICKER>,<PER>,<DATE>,<TIME>,<OPEN>,<HIGH>,<LOW>,<CLOSE>,<VOL>,<OPENINT>
PLM,5,20210204,090000,1.04,1.04,1.04,1.04,300,0
PLM,5,20210204,090500,1.02,1.02,1.02,1.02,1500,0
PLM,5,20210204,091000,1,1,0.97,0.97,5100,0
PLM,5,20210204,091500,0.955,1.04,0.955,1.04,3951,0
PLM,5,20210204,093500,0.99,0.99,0.99,0.99,100,0
PLM,5,20210204,100000,0.99,0.99,0.99,0.99,2600,0
PLM,5,20210204,101000,0.97,0.97,0.97,0.97,1910,0
PLM,5,20210204,103000,0.99,1.02,0.99,1.02,430,0
PLM,5,20210204,110500,1.02,1.02,1.02,1.02,977,0
PLM,5,20210204,114500,1.01,1.03,1.01,1.03,5000,0
PLM,5,20210204,123000,1,1.04,1,1.04,15999,0
PLM,5,20210204,123500,1.04,1.13,1.04,1.07,85417,0
PLM,5,20210204,124000,1.1,1.11,1.07,1.11,49197,0
PLM,5,20210204,124500,1.1,1.11,1.05,1.05,39519,0
PLM,5,20210204,125000,1.07,1.07,1.02,1.07,63198,0
PLM,5,20210204,125500,1.06,1.08,1.06,1.06,22222,0
PLM,5,20210204,130500,1.06,1.09,1.06,1.08,10080,0
PLM,5,20210204,131000,1.08,1.1,1.08,1.1,12966,0
PLM,5,20210204,132000,1.08,1.08,1.08,1.08,318,0
PLM,5,20210204,132500,1.09,1.09,1.09,1.09,2000,0
PLM,5,20210204,133000,1.08,1.08,1.06,1.06,4681,0
PLM,5,20210204,133500,1.08,1.09,1.08,1.09,9400,0
PLM,5,20210204,134000,1.08,1.08,1.06,1.06,3719,0
PLM,5,20210204,134500,1.06,1.08,1.05,1.08,7981,0
PLM,5,20210204,135000,1.05,1.05,1.05,1.05,8675,0
PLM,5,20210204,135500,1.08,1.08,1.08,1.08,5780,0
PLM,5,20210204,140000,1.04,1.04,1.04,1.04,3000,0
PLM,5,20210204,140500,1.06,1.09,1.05,1.08,29904,0
PLM,5,20210204,141000,1.05,1.06,1.04,1.06,12540,0
PLM,5,20210204,142000,1.06,1.06,1.06,1.06,2060,0
PLM,5,20210204,142500,1.06,1.07,1.06,1.07,5229,0
PLM,5,20210204,143000,1.07,1.07,1.07,1.07,4571,0
PLM,5,20210204,144500,1.07,1.07,1.07,1.07,66,0
PLM,5,20210204,145000,1.07,1.07,1.05,1.05,4889,0
PLM,5,20210204,150500,1.05,1.05,1.05,1.05,1015,0
PLM,5,20210204,151500,1.07,1.1,1.07,1.1,9000,0
PLM,5,20210204,154000,1.08,1.09,1.07,1.07,7980,0
PLM,5,20210204,155500,1.07,1.07,1.03,1.07,35590,0
PLM,5,20210204,160000,1.07,1.07,1.07,1.07,6645,0
PLM,5,20210204,160500,1.07,1.07,1.07,1.07,474,0
PLM,5,20210204,161000,1.05,1.05,1.05,1.05,199,0
PLM,5,20210204,161500,1.05,1.07,1.04,1.07,27476,0
PLM,5,20210204,162000,1.04,1.07,1.04,1.07,5916,0
PLM,5,20210204,163000,1.04,1.04,1.04,1.04,3000,0
PLM,5,20210204,163500,1.04,1.04,1.04,1.04,19315,0
PLM,5,20210204,164000,1.03,1.03,1.03,1.03,10000,0
PLM,5,20210204,164500,1.02,1.02,1.01,1.01,28277,0
PLM,5,20210205,090000,1.03,1.05,1.03,1.05,2903,0
PLM,5,20210205,090500,1.05,1.05,1.05,1.05,4097,0
PLM,5,20210205,091000,1.03,1.03,1.03,1.03,500,0
PLM,5,20210205,091500,1.03,1.04,1.03,1.04,3300,0
PLM,5,20210205,092000,1.02,1.02,1.02,1.02,1000,0
PLM,5,20210205,094000,1.02,1.02,1.02,1.02,500,0
PLM,5,20210205,094500,1.02,1.02,0.97,0.97,18251,0
PLM,5,20210205,095000,0.97,0.97,0.97,0.97,500,0
PLM,5,20210205,095500,0.985,1,0.985,1,12571,0
PLM,5,20210205,100500,0.985,0.985,0.985,0.985,254,0
PLM,5,20210205,101500,1,1,1,1,380,0
PLM,5,20210205,102500,1.03,1.03,1.03,1.03,4620,0
PLM,5,20210205,103000,1.01,1.02,1.01,1.02,6500,0
PLM,5,20210205,103500,1.02,1.02,1.02,1.02,10092,0
PLM,5,20210205,104500,1.03,1.03,1.02,1.02,12000,0
PLM,5,20210205,105500,1.02,1.02,1.02,1.02,1500,0
PLM,5,20210205,111000,1.02,1.02,1.02,1.02,362,0
PLM,5,20210205,111500,1.02,1.02,1.02,1.02,800,0
PLM,5,20210205,114000,1.02,1.02,1.02,1.02,138,0
PLM,5,20210205,114500,1.03,1.03,1.03,1.03,371,0
PLM,5,20210205,115500,1.03,1.03,1.03,1.03,4500,0
PLM,5,20210205,120500,1.01,1.01,1.01,1.01,11482,0
PLM,5,20210205,121000,1.03,1.03,1.03,1.03,16,0
PLM,5,20210205,121500,1.01,1.01,1,1,29000,0
PLM,5,20210205,142500,1,1,1,1,100,0
PLM,5,20210205,155000,1.02,1.02,1.02,1.02,1700,0
PLM,5,20210205,161000,1.01,1.01,1,1,2800,0
PLM,5,20210205,161500,0.99,0.99,0.985,0.985,7071,0
PLM,5,20210205,162000,0.985,1.04,0.98,1.04,13301,0
PLM,5,20210205,162500,0.98,0.98,0.975,0.975,6506,0
PLM,5,20210205,163000,0.98,0.98,0.98,0.98,3920,0
PLM,5,20210205,163500,0.98,0.98,0.98,0.98,14322,0
PLM,5,20210205,164000,0.98,0.98,0.98,0.98,2500,0
PLM,5,20210205,164500,0.975,0.975,0.96,0.96,14258,0
PLM,5,20210208,090000,0.99,0.99,0.99,0.99,61,0
PLM,5,20210208,091500,0.99,0.99,0.99,0.99,300,0
PLM,5,20210208,092500,0.965,0.965,0.965,0.965,1737,0
PLM,5,20210208,093000,0.965,0.965,0.95,0.95,7722,0
PLM,5,20210208,094500,0.955,0.955,0.955,0.955,2000,0
PLM,5,20210208,102000,0.96,0.96,0.955,0.955,5000,0
PLM,5,20210208,102500,0.99,0.99,0.955,0.99,162,0
PLM,5,20210208,111000,0.99,0.99,0.99,0.99,1007,0
PLM,5,20210208,122500,0.96,0.96,0.96,0.96,3115,0
PLM,5,20210208,125500,0.96,0.96,0.96,0.96,774,0
PLM,5,20210208,131000,0.99,0.99,0.99,0.99,11,0
PLM,5,20210208,133000,0.96,0.96,0.96,0.96,5726,0
PLM,5,20210208,133500,0.955,0.955,0.95,0.95,6456,0
PLM,5,20210208,134000,0.99,0.99,0.99,0.99,7,0
PLM,5,20210208,143000,0.98,0.995,0.98,0.995,9815,0
PLM,5,20210208,144500,0.99,1,0.99,0.995,4882,0
PLM,5,20210208,151000,0.995,0.995,0.995,0.995,200,0
PLM,5,20210208,153500,0.995,0.995,0.995,0.995,316,0
PLM,5,20210208,155000,0.965,0.965,0.965,0.965,200,0
PLM,5,20210208,164500,0.99,0.99,0.99,0.99,52,0
PLM,5,20210209,100000,0.965,0.965,0.965,0.965,1000,0
PLM,5,20210209,101500,0.98,0.98,0.98,0.98,2000,0
PLM,5,20210209,103000,0.985,0.985,0.985,0.985,2000,0
PLM,5,20210209,104500,0.96,0.96,0.96,0.96,825,0
PLM,5,20210209,105000,0.96,1.02,0.96,1,26241,0
PLM,5,20210209,105500,1,1.01,0.975,0.99,25400,0
PLM,5,20210209,110500,0.975,0.975,0.97,0.97,3000,0
PLM,5,20210209,111000,0.975,0.975,0.975,0.975,1500,0
PLM,5,20210209,112000,0.975,0.975,0.975,0.975,2500,0
PLM,5,20210209,112500,0.975,0.975,0.975,0.975,1723,0
PLM,5,20210209,113000,0.975,0.975,0.975,0.975,700,0
PLM,5,20210209,114000,0.97,0.97,0.97,0.97,102,0
PLM,5,20210209,120500,0.975,0.985,0.975,0.985,177,0
PLM,5,20210209,121500,0.985,0.985,0.985,0.985,100,0
PLM,5,20210209,125500,0.97,0.97,0.97,0.97,2198,0
PLM,5,20210209,133500,0.98,0.98,0.98,0.98,1002,0
PLM,5,20210209,140000,0.985,0.99,0.985,0.99,2050,0
PLM,5,20210209,142500,0.98,0.98,0.98,0.98,157,0
PLM,5,20210209,153500,0.98,0.98,0.97,0.97,1200,0
PLM,5,20210209,163500,0.97,0.97,0.97,0.97,1000,0
PLM,5,20210210,090000,0.985,0.985,0.985,0.985,1365,0
PLM,5,20210210,094500,0.955,0.955,0.95,0.95,3000,0
PLM,5,20210210,101000,0.97,0.97,0.97,0.97,930,0
PLM,5,20210210,103000,0.985,0.985,0.985,0.985,7,0
PLM,5,20210210,111000,0.97,0.97,0.97,0.97,920,0
PLM,5,20210210,114000,0.97,0.97,0.97,0.97,80,0
PLM,5,20210210,131500,0.98,0.98,0.98,0.98,500,0
PLM,5,20210210,133000,0.98,0.98,0.98,0.98,999,0
PLM,5,20210210,143000,0.98,0.98,0.98,0.98,1500,0
PLM,5,20210210,150500,0.98,0.98,0.98,0.98,150,0
PLM,5,20210210,151000,0.98,0.98,0.98,0.98,500,0
PLM,5,20210210,161500,0.965,0.98,0.965,0.98,2099,0
PLM,5,20210210,162500,0.98,0.98,0.96,0.96,3143,0
PLM,5,20210211,090000,0.98,0.98,0.98,0.98,500,0
PLM,5,20210211,092000,0.98,0.98,0.98,0.98,1000,0
PLM,5,20210211,092500,0.98,0.98,0.98,0.98,53,0
PLM,5,20210211,093500,0.98,0.98,0.98,0.98,1494,0
PLM,5,20210211,094000,0.98,0.98,0.98,0.98,200,0
PLM,5,20210211,094500,0.98,0.98,0.98,0.98,29,0
PLM,5,20210211,095000,0.97,0.97,0.97,0.97,1295,0
PLM,5,20210211,100500,0.97,0.97,0.95,0.95,4500,0
PLM,5,20210211,104500,0.95,0.95,0.95,0.95,2000,0
PLM,5,20210211,113500,0.955,0.975,0.95,0.975,2303,0
PLM,5,20210211,123000,0.95,0.95,0.95,0.95,5000,0
PLM,5,20210211,125000,0.95,0.95,0.95,0.95,2880,0
PLM,5,20210211,130000,0.975,0.975,0.975,0.975,1000,0
PLM,5,20210211,154000,0.96,0.96,0.95,0.95,2700,0
PLM,5,20210211,164500,0.98,0.98,0.98,0.98,300,0
PLM,5,20210212,090000,0.97,0.97,0.95,0.95,8625,0
PLM,5,20210212,090500,0.95,0.95,0.95,0.95,168,0
PLM,5,20210212,100500,0.95,0.95,0.95,0.95,4000,0
PLM,5,20210212,113500,0.95,0.95,0.945,0.945,2093,0
PLM,5,20210212,114000,0.945,0.945,0.945,0.945,370,0
PLM,5,20210212,121000,0.96,0.96,0.96,0.96,150,0
PLM,5,20210212,153000,0.955,0.955,0.95,0.95,1075,0
PLM,5,20210212,154000,0.945,0.945,0.945,0.945,3700,0
PLM,5,20210212,164500,0.97,0.97,0.97,0.97,10,0
PLM,5,20210215,090000,0.94,0.94,0.94,0.94,2000,0
PLM,5,20210215,092500,0.95,0.97,0.95,0.97,2120,0
PLM,5,20210215,112000,0.97,0.97,0.97,0.97,1800,0
PLM,5,20210215,114500,0.975,0.975,0.975,0.975,24,0
PLM,5,20210215,115500,0.975,0.995,0.975,0.995,10000,0
PLM,5,20210215,120000,0.995,1,0.995,1,550,0
PLM,5,20210215,122000,0.97,0.97,0.97,0.97,2000,0
PLM,5,20210215,122500,0.995,0.995,0.995,0.995,1000,0
PLM,5,20210215,124000,0.995,0.995,0.995,0.995,2000,0
PLM,5,20210215,124500,0.995,0.995,0.995,0.995,1300,0
PLM,5,20210215,142500,0.97,0.97,0.97,0.97,2020,0
PLM,5,20210215,143500,0.97,0.97,0.97,0.97,100,0
PLM,5,20210215,164000,0.96,0.96,0.95,0.95,11480,0
PLM,5,20210215,164500,0.97,0.97,0.97,0.97,1,0
PLM,5,20210216,090500,0.97,0.97,0.97,0.97,3630,0
PLM,5,20210216,112000,0.98,0.98,0.98,0.98,20,0
PLM,5,20210216,113500,0.98,0.98,0.98,0.98,2555,0
PLM,5,20210216,114000,0.98,1.02,0.98,0.995,52680,0
PLM,5,20210216,114500,0.985,0.995,0.985,0.995,8308,0
PLM,5,20210216,115000,1,1,1,1,1988,0
PLM,5,20210216,115500,1,1.02,1,1.02,11500,0
PLM,5,20210216,120000,1.02,1.02,0.985,1.01,9010,0
PLM,5,20210216,120500,1,1,1,1,5000,0
PLM,5,20210216,121500,1,1,1,1,3100,0
PLM,5,20210216,122000,1,1,1,1,101,0
PLM,5,20210216,122500,0.99,0.99,0.99,0.99,1000,0
PLM,5,20210216,123000,0.99,1,0.99,1,6000,0
PLM,5,20210216,124500,0.975,0.975,0.975,0.975,1440,0
PLM,5,20210216,125000,1,1,1,1,1150,0
PLM,5,20210216,131000,1,1,1,1,50,0
PLM,5,20210216,135000,1,1,0.98,0.98,8672,0
PLM,5,20210216,142000,0.995,0.995,0.995,0.995,499,0
PLM,5,20210216,143000,0.995,0.995,0.995,0.995,3001,0
PLM,5,20210216,144000,0.985,0.985,0.96,0.96,4600,0
PLM,5,20210216,145000,1,1,0.995,0.995,10000,0
PLM,5,20210216,145500,1,1,1,1,15612,0
PLM,5,20210216,150000,1,1.02,1,1.02,9000,0
PLM,5,20210216,151500,1,1,1,1,2000,0
PLM,5,20210216,152000,1.01,1.01,1.01,1.01,2,0
PLM,5,20210216,162000,1,1.01,1,1.01,10000,0
PLM,5,20210216,164500,1.01,1.01,1.01,1.01,2000,0
PLM,5,20210217,090000,0.98,0.98,0.98,0.98,4000,0
PLM,5,20210217,102000,0.97,0.97,0.97,0.97,3400,0
PLM,5,20210217,103000,0.965,0.965,0.965,0.965,10000,0
PLM,5,20210217,103500,0.965,0.965,0.965,0.965,2300,0
PLM,5,20210217,104000,0.965,0.965,0.965,0.965,4912,0
PLM,5,20210217,105500,0.965,0.965,0.965,0.965,2000,0
PLM,5,20210217,110500,0.985,0.985,0.985,0.985,1990,0
PLM,5,20210217,122500,0.97,0.97,0.97,0.97,600,0
PLM,5,20210217,134000,0.965,0.965,0.965,0.965,1200,0
PLM,5,20210217,141000,0.965,0.965,0.965,0.965,3033,0
PLM,5,20210217,142000,0.98,0.98,0.98,0.98,10000,0
PLM,5,20210217,145000,0.98,0.985,0.98,0.985,5000,0
PLM,5,20210217,154500,0.98,0.98,0.98,0.98,2430,0
PLM,5,20210217,160500,0.97,0.97,0.97,0.97,280,0
PLM,5,20210217,163500,0.97,0.97,0.97,0.97,520,0
PLM,5,20210218,091000,0.985,0.985,0.985,0.985,540,0
PLM,5,20210218,094000,0.97,0.97,0.97,0.97,2000,0
PLM,5,20210218,094500,0.97,0.97,0.97,0.97,4000,0
PLM,5,20210218,095000,0.965,0.965,0.965,0.965,3,0
PLM,5,20210218,100500,0.97,0.97,0.97,0.97,1000,0
PLM,5,20210218,103000,0.985,0.985,0.985,0.985,340,0
PLM,5,20210218,123000,0.98,0.985,0.98,0.985,400,0
PLM,5,20210218,132000,0.965,0.965,0.965,0.965,2000,0
PLM,5,20210218,141000,0.965,0.965,0.965,0.965,3212,0
PLM,5,20210218,142500,0.965,0.965,0.96,0.96,1647,0
PLM,5,20210218,154500,0.98,0.98,0.98,0.98,1000,0
PLM,5,20210218,155500,0.96,0.96,0.96,0.96,1000,0
PLM,5,20210218,163500,0.98,0.98,0.98,0.98,380,0
PLM,5,20210219,090000,0.955,0.955,0.955,0.955,1500,0
PLM,5,20210219,091000,0.95,0.95,0.95,0.95,3001,0
PLM,5,20210219,101500,0.95,0.98,0.94,0.98,9200,0
PLM,5,20210219,102000,0.945,0.945,0.93,0.93,14000,0
PLM,5,20210219,104500,0.96,0.96,0.96,0.96,107,0
PLM,5,20210219,112000,0.95,0.95,0.95,0.95,5000,0
PLM,5,20210219,113500,0.955,0.955,0.955,0.955,5000,0
PLM,5,20210219,140500,0.955,0.955,0.955,0.955,1219,0
PLM,5,20210219,143500,0.955,0.955,0.955,0.955,1000,0
PLM,5,20210219,145500,0.96,0.96,0.96,0.96,1000,0
PLM,5,20210219,154000,0.955,0.955,0.95,0.95,100,0
PLM,5,20210219,163500,0.96,0.96,0.96,0.96,45,0
PLM,5,20210222,090500,0.96,0.96,0.96,0.96,50,0
PLM,5,20210222,145000,0.95,0.95,0.94,0.94,3500,0
PLM,5,20210222,161500,0.94,0.94,0.94,0.94,600,0
PLM,5,20210223,090000,0.94,0.94,0.94,0.94,50,0
PLM,5,20210223,093000,0.94,0.94,0.915,0.915,5000,0
PLM,5,20210223,101500,0.93,0.93,0.9,0.915,30000,0
PLM,5,20210223,102000,0.91,0.91,0.91,0.91,4396,0
PLM,5,20210223,102500,0.95,0.95,0.95,0.95,310,0
PLM,5,20210223,113000,0.91,0.91,0.9,0.9,8000,0
PLM,5,20210223,115500,0.9,0.9,0.9,0.9,7033,0
PLM,5,20210223,121000,0.9,0.9,0.9,0.9,2218,0
PLM,5,20210223,121500,0.9,0.9,0.9,0.9,1050,0
PLM,5,20210223,122000,0.9,0.9,0.9,0.9,1599,0
PLM,5,20210223,124500,0.92,0.92,0.92,0.92,2000,0
PLM,5,20210223,140000,0.92,0.94,0.92,0.94,182,0
PLM,5,20210223,144500,0.905,0.905,0.9,0.9,8000,0
PLM,5,20210223,150000,0.9,0.9,0.9,0.9,724,0
PLM,5,20210223,155500,0.88,0.91,0.88,0.91,2845,0
PLM,5,20210224,090000,0.89,0.89,0.88,0.88,3500,0
PLM,5,20210224,091000,0.915,0.915,0.915,0.915,11,0
PLM,5,20210224,100500,0.89,0.89,0.885,0.885,2288,0
PLM,5,20210224,101000,0.92,0.92,0.92,0.92,11,0
PLM,5,20210224,102000,0.92,0.92,0.92,0.92,1000,0
PLM,5,20210224,123500,0.9,0.9,0.89,0.89,4000,0
PLM,5,20210224,133500,0.925,0.96,0.925,0.96,13526,0
PLM,5,20210224,134000,0.92,0.92,0.92,0.92,3174,0
PLM,5,20210224,142000,0.9,0.9,0.9,0.9,1500,0
PLM,5,20210224,145500,0.9,0.9,0.9,0.9,1000,0
PLM,5,20210224,164500,0.9,0.9,0.9,0.9,1522,0
PLM,5,20210224,165500,0.885,0.885,0.885,0.885,5090,0
PLM,5,20210225,094500,0.92,0.92,0.92,0.92,1,0
PLM,5,20210225,100000,0.92,0.92,0.92,0.92,1000,0
PLM,5,20210225,102000,0.9,0.9,0.9,0.9,2716,0
PLM,5,20210225,130000,0.92,0.92,0.92,0.92,2049,0
PLM,5,20210225,130500,0.93,0.94,0.93,0.94,5653,0
PLM,5,20210225,131500,0.93,0.93,0.93,0.93,347,0
PLM,5,20210225,132500,0.92,0.92,0.92,0.92,951,0
PLM,5,20210225,141000,0.92,0.92,0.92,0.92,400,0
PLM,5,20210225,151000,0.92,0.92,0.9,0.9,2223,0
PLM,5,20210225,151500,0.935,0.935,0.935,0.935,100,0
PLM,5,20210226,090000,0.9,0.92,0.89,0.92,4500,0
PLM,5,20210226,091000,0.89,0.91,0.825,0.91,9389,0
PLM,5,20210226,092000,0.89,0.89,0.89,0.89,2000,0
PLM,5,20210226,094500,0.89,0.89,0.89,0.89,299,0
PLM,5,20210226,100500,0.89,0.91,0.89,0.91,1037,0
PLM,5,20210226,105000,0.91,0.91,0.89,0.89,1101,0
PLM,5,20210226,121000,0.915,0.92,0.915,0.92,4000,0
PLM,5,20210226,121500,0.92,0.92,0.92,0.92,2000,0
PLM,5,20210226,123000,0.92,0.92,0.92,0.92,3155,0
PLM,5,20210226,140000,0.92,0.92,0.92,0.92,1500,0
PLM,5,20210226,145500,0.9,0.9,0.9,0.9,3000,0
PLM,5,20210226,153000,0.89,0.89,0.88,0.89,2500,0
PLM,5,20210226,164500,0.87,0.89,0.87,0.89,4999,0
PLM,5,20210301,091500,0.87,0.87,0.84,0.84,339,0
PLM,5,20210301,092500,0.86,0.86,0.86,0.86,470,0
PLM,5,20210301,095500,0.93,0.93,0.93,0.93,15,0
PLM,5,20210301,104500,0.88,0.88,0.88,0.88,2711,0
PLM,5,20210301,110000,0.88,0.88,0.87,0.87,2162,0
PLM,5,20210301,111000,0.88,0.88,0.88,0.88,100,0
PLM,5,20210301,112000,0.88,0.89,0.88,0.89,5675,0
PLM,5,20210301,115000,0.89,0.89,0.89,0.89,1000,0
PLM,5,20210301,125500,0.88,0.88,0.88,0.88,2273,0
PLM,5,20210301,130000,0.88,0.89,0.88,0.89,3000,0
PLM,5,20210301,131000,0.9,0.9,0.9,0.9,2000,0
PLM,5,20210301,131500,0.88,0.88,0.88,0.88,200,0
PLM,5,20210301,151000,0.88,0.88,0.88,0.88,100,0
PLM,5,20210301,164500,0.9,0.9,0.9,0.9,1,0
PLM,5,20210302,093500,0.88,0.88,0.88,0.88,2273,0
PLM,5,20210302,101500,0.87,0.87,0.87,0.87,9500,0
PLM,5,20210302,105500,0.89,0.89,0.89,0.89,100,0
PLM,5,20210302,113000,0.87,0.87,0.84,0.84,19100,0
PLM,5,20210302,122500,0.88,0.88,0.88,0.88,2500,0
PLM,5,20210302,130500,0.86,0.86,0.86,0.86,1300,0
PLM,5,20210302,141500,0.86,0.86,0.86,0.86,3276,0
PLM,5,20210302,142000,0.86,0.86,0.86,0.86,1709,0
PLM,5,20210302,151000,0.88,0.88,0.88,0.88,100,0
PLM,5,20210302,162000,0.86,0.86,0.855,0.855,500,0
PLM,5,20210302,163000,0.88,0.88,0.88,0.88,678,0
PLM,5,20210303,093500,0.88,0.88,0.88,0.88,67,0
PLM,5,20210303,115500,0.86,0.86,0.86,0.86,500,0
PLM,5,20210303,122000,0.86,0.86,0.86,0.86,800,0
PLM,5,20210303,125000,0.88,0.88,0.88,0.88,1100,0
PLM,5,20210303,133500,0.87,0.87,0.87,0.87,700,0
PLM,5,20210303,134000,0.88,0.88,0.88,0.88,55,0
PLM,5,20210303,135500,0.88,0.88,0.87,0.87,1499,0
PLM,5,20210303,141000,0.87,0.87,0.855,0.855,6000,0
PLM,5,20210303,164500,0.88,0.88,0.88,0.88,3000,0
PLM,5,20210304,092500,0.855,0.855,0.855,0.855,1087,0
PLM,5,20210304,093000,0.85,0.85,0.84,0.84,8781,0
PLM,5,20210304,102000,0.855,0.855,0.855,0.855,500,0
PLM,5,20210304,120000,0.87,0.87,0.87,0.87,2299,0
PLM,5,20210304,120500,0.895,0.925,0.89,0.89,13577,0
PLM,5,20210304,121000,0.89,0.895,0.89,0.895,9500,0
PLM,5,20210304,122500,0.895,0.895,0.895,0.895,10,0
PLM,5,20210304,123500,0.895,0.895,0.895,0.895,2090,0
PLM,5,20210304,124500,0.88,0.88,0.88,0.88,2000,0
PLM,5,20210304,125500,0.88,0.88,0.88,0.88,2000,0
PLM,5,20210304,131000,0.87,0.87,0.87,0.87,3500,0
PLM,5,20210304,134500,0.865,0.865,0.865,0.865,3000,0
PLM,5,20210304,141000,0.865,0.865,0.855,0.855,6000,0
PLM,5,20210304,141500,0.855,0.855,0.83,0.83,18000,0
PLM,5,20210304,152000,0.855,0.86,0.855,0.86,4000,0
PLM,5,20210304,155500,0.86,0.87,0.86,0.87,1800,0
PLM,5,20210304,160500,0.87,0.89,0.87,0.89,12272,0
PLM,5,20210305,090000,0.86,0.86,0.86,0.86,1000,0
PLM,5,20210305,091000,0.9,0.9,0.9,0.9,100,0
PLM,5,20210305,093500,0.9,0.9,0.9,0.9,1200,0
PLM,5,20210305,115500,0.86,0.86,0.86,0.86,1000,0
PLM,5,20210305,142000,0.89,0.89,0.89,0.89,15601,0
PLM,5,20210308,121000,0.89,0.89,0.89,0.89,500,0
PLM,5,20210308,125000,0.9,0.905,0.9,0.905,4103,0
PLM,5,20210308,135000,0.895,0.895,0.895,0.895,7000,0
PLM,5,20210308,143000,0.9,0.9,0.9,0.9,635,0
PLM,5,20210308,144500,0.885,0.885,0.885,0.885,800,0
PLM,5,20210308,163000,0.895,0.895,0.895,0.895,555,0
PLM,5,20210309,090000,0.895,0.905,0.895,0.905,4000,0
PLM,5,20210309,095500,0.905,0.905,0.905,0.905,2000,0
PLM,5,20210309,102000,0.885,0.885,0.885,0.885,1077,0
PLM,5,20210310,104000,0.9,0.9,0.9,0.9,20,0
PLM,5,20210311,090500,0.9,0.9,0.9,0.9,500,0
PLM,5,20210311,095500,0.885,0.885,0.885,0.885,2500,0
PLM,5,20210311,101000,0.885,0.885,0.885,0.885,74,0
PLM,5,20210311,102000,0.885,0.885,0.885,0.885,2808,0
PLM,5,20210311,141000,0.885,0.92,0.885,0.92,4985,0
PLM,5,20210312,101500,0.88,0.88,0.88,0.88,500,0
PLM,5,20210312,110000,0.88,0.88,0.88,0.88,1000,0
PLM,5,20210312,125000,0.91,0.91,0.91,0.91,3425,0
PLM,5,20210312,125500,0.91,0.91,0.91,0.91,1575,0
PLM,5,20210312,132000,0.88,0.88,0.88,0.88,2730,0
PLM,5,20210312,150000,0.88,0.88,0.88,0.88,1900,0
PLM,5,20210312,152500,0.88,0.88,0.88,0.88,2020,0
PLM,5,20210312,161000,0.88,0.88,0.875,0.875,3252,0
PLM,5,20210312,164500,0.875,0.88,0.87,0.87,7342,0
PLM,5,20210315,101000,0.87,0.87,0.87,0.87,2478,0
PLM,5,20210315,121500,0.86,0.86,0.86,0.86,4500,0
PLM,5,20210315,123500,0.86,0.86,0.86,0.86,800,0
PLM,5,20210315,150500,0.86,0.86,0.85,0.85,5052,0
PLM,5,20210315,163000,0.855,0.855,0.855,0.855,5000,0
PLM,5,20210316,090000,0.885,0.885,0.85,0.85,19496,0
PLM,5,20210316,090500,0.845,0.845,0.845,0.845,1827,0
PLM,5,20210316,092500,0.885,0.885,0.885,0.885,100,0
PLM,5,20210316,093500,0.85,0.85,0.845,0.845,4500,0
PLM,5,20210316,094000,0.85,0.86,0.845,0.86,3627,0
PLM,5,20210316,095000,0.845,0.845,0.845,0.845,100,0
PLM,5,20210316,095500,0.845,0.845,0.84,0.84,1000,0
PLM,5,20210316,110000,0.84,0.84,0.84,0.84,1000,0
PLM,5,20210316,111000,0.84,0.84,0.84,0.84,1000,0
PLM,5,20210316,141500,0.85,0.86,0.85,0.86,2500,0
PLM,5,20210316,143000,0.845,0.845,0.845,0.845,9524,0
PLM,5,20210316,143500,0.84,0.84,0.84,0.84,11285,0
PLM,5,20210316,144000,0.84,0.84,0.84,0.84,2381,0
PLM,5,20210316,144500,0.84,0.84,0.84,0.84,7635,0
PLM,5,20210316,150000,0.84,0.84,0.83,0.83,2200,0
PLM,5,20210316,164500,0.85,0.86,0.85,0.86,350,0
PLM,5,20210317,090000,0.86,0.86,0.86,0.86,50,0
PLM,5,20210317,133000,0.84,0.84,0.84,0.84,1400,0
PLM,5,20210317,142500,0.835,0.835,0.835,0.835,3026,0
PLM,5,20210317,143000,0.835,0.835,0.835,0.835,474,0
PLM,5,20210317,151000,0.83,0.83,0.83,0.83,4705,0
PLM,5,20210317,153500,0.835,0.835,0.835,0.835,580,0
PLM,5,20210317,162500,0.835,0.835,0.835,0.835,946,0
PLM,5,20210317,163000,0.855,0.855,0.855,0.855,454,0
PLM,5,20210318,090000,0.82,0.82,0.82,0.82,15,0
PLM,5,20210318,092000,0.855,0.855,0.855,0.855,100,0
PLM,5,20210318,123000,0.855,0.855,0.855,0.855,946,0
PLM,5,20210318,145500,0.855,0.855,0.855,0.855,54,0
PLM,5,20210318,151500,0.83,0.83,0.83,0.83,1000,0
PLM,5,20210318,153500,0.83,0.83,0.83,0.83,2406,0
PLM,5,20210318,160500,0.835,0.835,0.835,0.835,500,0
PLM,5,20210318,164500,0.835,0.855,0.835,0.855,466,0
PLM,5,20210319,090000,0.86,0.87,0.86,0.87,2000,0
PLM,5,20210319,103500,0.86,0.86,0.86,0.86,1181,0
PLM,5,20210319,104000,0.86,0.86,0.86,0.86,2222,0
PLM,5,20210319,105500,0.865,0.865,0.865,0.865,1193,0
PLM,5,20210319,110000,0.83,0.83,0.82,0.82,60000,0
PLM,5,20210319,110500,0.84,0.84,0.84,0.84,22,0
PLM,5,20210319,111500,0.82,0.84,0.82,0.84,4839,0
PLM,5,20210319,113000,0.815,0.84,0.815,0.84,608,0
PLM,5,20210319,123500,0.83,0.83,0.815,0.815,10040,0
PLM,5,20210319,125500,0.82,0.82,0.82,0.82,3000,0
PLM,5,20210319,140000,0.82,0.82,0.82,0.82,15300,0
PLM,5,20210319,141000,0.815,0.815,0.81,0.81,58846,0
PLM,5,20210319,142000,0.84,0.84,0.84,0.84,7,0
PLM,5,20210319,164000,0.82,0.82,0.82,0.82,5182,0
PLM,5,20210319,164500,0.84,0.84,0.84,0.84,1000,0
PLM,5,20210322,090000,0.77,0.77,0.74,0.77,70896,0
PLM,5,20210322,090500,0.77,0.77,0.77,0.77,13171,0
PLM,5,20210322,091000,0.78,0.79,0.78,0.79,8706,0
PLM,5,20210322,091500,0.79,0.79,0.79,0.79,3751,0
PLM,5,20210322,092000,0.79,0.8,0.79,0.8,12526,0
PLM,5,20210322,092500,0.8,0.8,0.8,0.8,2500,0
PLM,5,20210322,101000,0.79,0.79,0.79,0.79,1000,0
PLM,5,20210322,101500,0.8,0.8,0.8,0.8,2500,0
PLM,5,20210322,102000,0.815,0.815,0.815,0.815,3216,0
PLM,5,20210322,105000,0.795,0.795,0.795,0.795,1090,0
PLM,5,20210322,105500,0.795,0.795,0.795,0.795,1000,0
PLM,5,20210322,111000,0.81,0.81,0.81,0.81,1000,0
PLM,5,20210322,115000,0.795,0.795,0.79,0.79,2491,0
PLM,5,20210322,120500,0.8,0.8,0.79,0.79,821,0
PLM,5,20210322,122500,0.79,0.79,0.79,0.79,1264,0
PLM,5,20210322,124000,0.8,0.8,0.8,0.8,1000,0
PLM,5,20210322,124500,0.8,0.8,0.8,0.8,1000,0
PLM,5,20210322,131000,0.795,0.795,0.795,0.795,1637,0
PLM,5,20210322,132500,0.79,0.79,0.78,0.78,9486,0
PLM,5,20210322,133000,0.77,0.77,0.77,0.77,5000,0
PLM,5,20210322,133500,0.77,0.78,0.77,0.77,4697,0
PLM,5,20210322,134000,0.78,0.78,0.78,0.78,1000,0
PLM,5,20210322,134500,0.77,0.77,0.77,0.77,2598,0
PLM,5,20210322,140000,0.78,0.78,0.78,0.78,1280,0
PLM,5,20210322,144500,0.77,0.77,0.77,0.77,2314,0
PLM,5,20210322,160000,0.78,0.78,0.78,0.78,5800,0
PLM,5,20210322,161000,0.78,0.78,0.78,0.78,6000,0
PLM,5,20210322,161500,0.77,0.77,0.77,0.77,450,0
PLM,5,20210322,164000,0.795,0.795,0.795,0.795,1000,0
PLM,5,20210323,090000,0.765,0.765,0.765,0.765,4458,0
PLM,5,20210323,091000,0.8,0.8,0.8,0.8,2150,0
PLM,5,20210323,102500,0.78,0.78,0.78,0.78,451,0
PLM,5,20210323,103000,0.79,0.79,0.79,0.79,451,0
PLM,5,20210323,110500,0.78,0.78,0.78,0.78,545,0
PLM,5,20210323,114000,0.78,0.78,0.78,0.78,4579,0
PLM,5,20210323,143000,0.78,0.78,0.78,0.78,1000,0
PLM,5,20210324,090500,0.78,0.8,0.78,0.8,5900,0
PLM,5,20210324,094000,0.78,0.78,0.77,0.77,1000,0
PLM,5,20210324,113500,0.795,0.8,0.795,0.8,5000,0
PLM,5,20210324,121500,0.77,0.77,0.755,0.755,20000,0
PLM,5,20210324,125000,0.755,0.755,0.755,0.755,2000,0
PLM,5,20210324,133000,0.76,0.76,0.76,0.76,1000,0
PLM,5,20210324,140000,0.775,0.775,0.775,0.775,170,0
PLM,5,20210324,141500,0.76,0.76,0.75,0.75,23956,0
PLM,5,20210324,152500,0.77,0.77,0.77,0.77,1500,0
PLM,5,20210325,091000,0.775,0.775,0.775,0.775,2700,0
PLM,5,20210325,092000,0.775,0.775,0.775,0.775,336,0
PLM,5,20210325,103000,0.785,0.785,0.785,0.785,500,0
PLM,5,20210325,124000,0.76,0.76,0.76,0.76,1500,0
PLM,5,20210325,124500,0.785,0.785,0.785,0.785,2000,0
PLM,5,20210325,153500,0.76,0.76,0.75,0.75,29325,0
PLM,5,20210325,154000,0.74,0.74,0.74,0.74,675,0
PLM,5,20210325,160000,0.74,0.74,0.74,0.74,690,0
PLM,5,20210325,160500,0.74,0.74,0.74,0.74,2000,0
PLM,5,20210325,161500,0.74,0.74,0.73,0.73,1000,0
PLM,5,20210325,163500,0.76,0.76,0.76,0.76,10,0
PLM,5,20210325,164000,0.735,0.735,0.735,0.735,1999,0
PLM,5,20210325,164500,0.755,0.755,0.755,0.755,1400,0
PLM,5,20210326,090000,0.74,0.74,0.74,0.74,5446,0
PLM,5,20210326,091000,0.745,0.745,0.745,0.745,200,0
PLM,5,20210326,092000,0.735,0.735,0.72,0.72,9127,0
PLM,5,20210326,092500,0.73,0.73,0.73,0.73,1046,0
PLM,5,20210326,093500,0.73,0.73,0.73,0.73,2052,0
PLM,5,20210326,104000,0.725,0.725,0.72,0.72,3785,0
PLM,5,20210326,104500,0.73,0.73,0.73,0.73,2600,0
PLM,5,20210326,110500,0.73,0.73,0.73,0.73,300,0
PLM,5,20210326,113500,0.72,0.72,0.72,0.72,190,0
PLM,5,20210326,123500,0.73,0.745,0.73,0.745,13000,0
PLM,5,20210326,130000,0.745,0.745,0.745,0.745,1000,0
PLM,5,20210326,155000,0.745,0.755,0.745,0.755,3000,0
PLM,5,20210326,163500,0.735,0.735,0.735,0.735,1500,0
