<TICKER>,<PER>,<DATE>,<TIME>,<OPEN>,<HIGH>,<LOW>,<CLOSE>,<VOL>,<OPENINT>
PRO,5,20210204,101500,4.72,4.72,4.72,4.72,100,0
PRO,5,20210204,104500,4.64,4.64,4.64,4.64,10,0
PRO,5,20210204,160500,4.72,4.72,4.72,4.72,722,0
PRO,5,20210204,164500,4.82,5,4.82,5,715,0
PRO,5,20210205,090000,4.84,4.84,4.84,4.84,338,0
PRO,5,20210205,090500,5,5,5,5,320,0
PRO,5,20210205,092000,5,5,5,5,354,0
PRO,5,20210205,101500,5,5,5,5,50,0
PRO,5,20210205,102500,4.98,4.98,4.98,4.98,550,0
PRO,5,20210205,110000,4.9,4.9,4.86,4.86,600,0
PRO,5,20210205,111500,4.98,4.98,4.98,4.98,415,0
PRO,5,20210205,114000,4.92,4.92,4.88,4.88,939,0
PRO,5,20210205,140000,4.98,4.98,4.98,4.98,100,0
PRO,5,20210208,090000,4.96,4.98,4.96,4.98,400,0
PRO,5,20210208,090500,4.98,5.05,4.98,5.05,650,0
PRO,5,20210208,091500,5.05,5.05,5.05,5.05,320,0
PRO,5,20210208,092000,5.05,5.1,5.05,5.1,230,0
PRO,5,20210208,102500,5.3,5.3,5.3,5.3,520,0
PRO,5,20210208,110500,5.3,5.3,5.3,5.3,900,0
PRO,5,20210208,111000,5.3,5.3,5.3,5.3,600,0
PRO,5,20210208,113000,5.3,5.4,5.3,5.4,350,0
PRO,5,20210208,120500,5.4,5.4,5.4,5.4,250,0
PRO,5,20210208,123000,5.4,5.4,5.4,5.4,450,0
PRO,5,20210208,130000,5.4,5.4,5.4,5.4,100,0
PRO,5,20210208,152000,5.25,5.25,5.25,5.25,70,0
PRO,5,20210208,163500,5.25,5.25,5,5,3599,0
PRO,5,20210208,164500,5.15,5.15,5.15,5.15,5,0
PRO,5,20210209,090000,5.45,5.45,5.45,5.45,217,0
PRO,5,20210209,094000,5.05,5.25,5.05,5.25,1155,0
PRO,5,20210209,095000,5.1,5.1,5,5,3070,0
PRO,5,20210209,103500,5,5,5,5,996,0
PRO,5,20210209,105000,5,5,5,5,362,0
PRO,5,20210209,134500,4.96,4.96,4.96,4.96,5,0
PRO,5,20210209,155500,5.05,5.05,5.05,5.05,1,0
PRO,5,20210209,164500,5,5,5,5,450,0
PRO,5,20210210,094500,5.05,5.05,5.05,5.05,149,0
PRO,5,20210210,095000,5.15,5.15,5.15,5.15,390,0
PRO,5,20210210,095500,5.2,5.2,5.2,5.2,250,0
PRO,5,20210210,114000,5.2,5.2,5.2,5.2,11,0
PRO,5,20210210,130000,5.15,5.25,5.15,5.25,395,0
PRO,5,20210210,140000,5.2,5.2,5.2,5.2,400,0
PRO,5,20210210,161500,5.1,5.1,5,5,1000,0
PRO,5,20210210,164500,5.2,5.2,5.2,5.2,99,0
PRO,5,20210211,103500,5.05,5.05,5,5,600,0
PRO,5,20210211,105000,5.1,5.1,5.1,5.1,40,0
PRO,5,20210211,143500,5.05,5.05,5,5,1200,0
PRO,5,20210211,144000,5.1,5.1,5.1,5.1,1,0
PRO,5,20210211,145000,5,5,5,5,905,0
PRO,5,20210211,145500,5,5,5,5,2258,0
PRO,5,20210211,150000,5,5,5,5,1631,0
PRO,5,20210211,151500,5.1,5.2,5.1,5.2,2500,0
PRO,5,20210211,152500,5.15,5.15,5.15,5.15,150,0
PRO,5,20210211,154000,5.4,5.4,5.4,5.4,110,0
PRO,5,20210211,154500,5.45,5.45,5.45,5.45,1,0
PRO,5,20210211,155500,5.35,5.35,5.35,5.35,900,0
PRO,5,20210211,161000,5.35,5.35,5.35,5.35,1100,0
PRO,5,20210211,162000,5.35,5.35,5.35,5.35,320,0
PRO,5,20210211,164500,5.45,5.45,5.45,5.45,4428,0
PRO,5,20210212,092500,5.4,5.4,5.4,5.4,332,0
PRO,5,20210212,105000,5.25,5.4,5.2,5.4,579,0
PRO,5,20210212,105500,5.2,5.2,5.2,5.2,310,0
PRO,5,20210212,111500,5.4,5.4,5.4,5.4,1,0
PRO,5,20210212,125000,5.2,5.2,4.9,4.9,982,0
PRO,5,20210212,125500,4.82,4.82,4.6,4.8,1251,0
PRO,5,20210212,131000,4.86,4.86,4.86,4.86,175,0
PRO,5,20210212,131500,4.86,4.86,4.86,4.86,350,0
PRO,5,20210212,133500,5.1,5.1,5.1,5.1,50,0
PRO,5,20210212,134500,4.86,5.1,4.86,5.1,600,0
PRO,5,20210212,153000,5.05,5.05,5.05,5.05,100,0
PRO,5,20210212,163500,5,5,5,5,100,0
PRO,5,20210212,164500,4.86,4.86,4.86,4.86,251,0
PRO,5,20210215,090000,4.82,4.82,4.52,4.6,1394,0
PRO,5,20210215,091500,4.62,4.62,4.6,4.6,1614,0
PRO,5,20210215,092500,4.6,4.6,4.6,4.6,136,0
PRO,5,20210215,093500,4.62,4.62,4.62,4.62,54,0
PRO,5,20210215,094000,4.48,4.48,4.48,4.48,672,0
PRO,5,20210215,095500,4.66,4.66,4.66,4.66,1,0
PRO,5,20210215,100000,4.42,4.7,4.42,4.7,3600,0
PRO,5,20210215,121000,4.7,4.7,4.7,4.7,226,0
PRO,5,20210215,121500,4.6,4.6,4.4,4.4,1011,0
PRO,5,20210215,124500,4.7,4.7,4.6,4.6,354,0
PRO,5,20210215,125500,4.74,4.74,4.74,4.74,1,0
PRO,5,20210215,145500,4.62,4.62,4.62,4.62,700,0
PRO,5,20210215,161000,4.62,4.62,4.6,4.6,493,0
PRO,5,20210215,162500,4.66,4.7,4.66,4.7,350,0
PRO,5,20210216,090000,4.6,4.6,4.6,4.6,200,0
PRO,5,20210216,092000,4.58,4.58,4.58,4.58,255,0
PRO,5,20210216,105000,4.6,4.6,4.6,4.6,100,0
PRO,5,20210216,113000,4.56,4.56,4.56,4.56,500,0
PRO,5,20210216,113500,4.54,4.54,4.54,4.54,350,0
PRO,5,20210216,132000,4.6,4.6,4.6,4.6,87,0
PRO,5,20210216,141500,4.6,4.6,4.6,4.6,413,0
PRO,5,20210216,142500,4.7,4.7,4.7,4.7,5,0
PRO,5,20210217,122000,4.56,4.56,4.52,4.52,700,0
PRO,5,20210217,125000,4.52,4.52,4.52,4.52,250,0
PRO,5,20210217,130500,4.68,4.68,4.68,4.68,330,0
PRO,5,20210217,163000,4.52,4.52,4.5,4.5,447,0
PRO,5,20210217,164000,4.5,4.5,4.5,4.5,53,0
PRO,5,20210218,090000,4.44,4.44,4.44,4.44,500,0
PRO,5,20210218,091000,4.58,4.58,4.58,4.58,1,0
PRO,5,20210218,092000,4.46,4.46,4.32,4.32,1835,0
PRO,5,20210218,093500,4.38,4.38,4.38,4.38,200,0
PRO,5,20210218,110500,4.5,4.5,4.5,4.5,200,0
PRO,5,20210219,123500,4.48,4.48,4.48,4.48,40,0
PRO,5,20210222,090000,4.48,4.48,4.48,4.48,178,0
PRO,5,20210222,112500,4.44,4.44,4.44,4.44,100,0
PRO,5,20210222,121000,4.46,4.46,4.46,4.46,200,0
PRO,5,20210222,121500,4.44,4.44,4.44,4.44,200,0
PRO,5,20210222,134500,4.46,4.5,4.46,4.5,2300,0
PRO,5,20210222,164000,4.4,4.4,4.4,4.4,250,0
PRO,5,20210222,164500,4.5,4.5,4.5,4.5,142,0
PRO,5,20210223,101000,4.4,4.4,4.4,4.4,460,0
PRO,5,20210223,104500,4.38,4.38,4.36,4.36,530,0
PRO,5,20210223,110500,4.4,4.4,4.4,4.4,1,0
PRO,5,20210223,111500,4.4,4.4,4.4,4.4,39,0
PRO,5,20210223,112500,4.46,4.46,4.46,4.46,450,0
PRO,5,20210223,113500,4.48,4.48,4.48,4.48,1,0
PRO,5,20210223,145500,4.46,4.46,4.46,4.46,50,0
PRO,5,20210224,142000,4.36,4.36,4.36,4.36,70,0
PRO,5,20210224,152500,4.44,4.46,4.44,4.46,150,0
PRO,5,20210225,111500,4.42,4.42,4.42,4.42,653,0
PRO,5,20210225,114000,4.38,4.38,4.38,4.38,317,0
PRO,5,20210225,125500,4.48,4.48,4.48,4.48,1,0
PRO,5,20210225,152000,4.38,4.38,4.38,4.38,600,0
PRO,5,20210225,155500,4.46,4.46,4.46,4.46,1,0
PRO,5,20210225,162000,4.36,4.36,4.36,4.36,480,0
PRO,5,20210226,100000,4.36,4.36,4.36,4.36,403,0
PRO,5,20210226,100500,4.46,4.46,4.46,4.46,1,0
PRO,5,20210226,145500,4.44,4.46,4.44,4.46,287,0
PRO,5,20210301,105000,4.38,4.5,4.38,4.5,200,0
PRO,5,20210301,112500,4.34,4.34,4.3,4.3,700,0
PRO,5,20210302,091500,4.48,4.48,4.48,4.48,1,0
PRO,5,20210302,105000,4.48,4.52,4.48,4.52,1120,0
PRO,5,20210303,093000,4.42,4.42,4.42,4.42,100,0
PRO,5,20210303,094500,4.58,4.58,4.58,4.58,1,0
PRO,5,20210303,101000,4.44,4.44,4.44,4.44,100,0
PRO,5,20210303,131500,4.44,4.44,4.44,4.44,1190,0
PRO,5,20210303,135000,4.44,4.44,4.44,4.44,435,0
PRO,5,20210303,135500,4.44,4.44,4.44,4.44,65,0
PRO,5,20210303,145500,4.46,4.46,4.46,4.46,200,0
PRO,5,20210304,095000,4.42,4.42,4.42,4.42,300,0
PRO,5,20210304,114500,4.58,4.58,4.58,4.58,45,0
PRO,5,20210304,143000,4.42,4.42,4.42,4.42,755,0
PRO,5,20210304,143500,4.42,4.42,4.42,4.42,245,0
PRO,5,20210304,145000,4.4,4.4,4.4,4.4,500,0
PRO,5,20210304,155000,4.38,4.38,4.38,4.38,700,0
PRO,5,20210304,164500,4.48,4.48,4.48,4.48,1,0
PRO,5,20210305,090500,4.44,4.44,4.44,4.44,100,0
PRO,5,20210305,093000,4.44,4.44,4.44,4.44,400,0
PRO,5,20210308,092000,4.48,4.48,4.48,4.48,1,0
PRO,5,20210308,162500,4.4,4.4,4.38,4.38,150,0
PRO,5,20210309,094500,4.38,4.38,4.38,4.38,531,0
PRO,5,20210309,112500,4.46,4.46,4.46,4.46,1,0
PRO,5,20210309,160000,4.36,4.36,4.34,4.34,350,0
PRO,5,20210310,094000,4.4,4.4,4.4,4.4,1,0
PRO,5,20210310,153000,4.4,4.98,4.4,4.98,13788,0
PRO,5,20210310,153500,4.84,5.1,4.82,5.1,4403,0
PRO,5,20210310,154000,4.86,4.98,4.84,4.98,6627,0
PRO,5,20210310,154500,4.98,5.1,4.96,5.1,2654,0
PRO,5,20210310,155000,5.15,5.2,5.15,5.15,2349,0
PRO,5,20210310,155500,5.15,5.15,5.15,5.15,500,0
PRO,5,20210310,160000,5.1,5.15,5.1,5.15,600,0
PRO,5,20210310,160500,5.1,5.1,4.94,4.94,785,0
PRO,5,20210310,161000,4.9,4.9,4.8,4.8,995,0
PRO,5,20210310,161500,4.9,4.9,4.9,4.9,1,0
PRO,5,20210310,162500,4.9,5,4.76,5,4419,0
PRO,5,20210310,163500,4.78,4.96,4.76,4.96,871,0
PRO,5,20210311,090000,4.9,5,4.9,5,2200,0
PRO,5,20210311,092000,4.86,4.86,4.86,4.86,100,0
PRO,5,20210311,092500,4.86,4.86,4.86,4.86,100,0
PRO,5,20210311,094000,4.74,4.74,4.74,4.74,100,0
PRO,5,20210311,100000,4.82,4.82,4.82,4.82,15,0
PRO,5,20210311,100500,4.72,4.72,4.72,4.72,424,0
PRO,5,20210311,103000,4.72,4.72,4.6,4.68,2001,0
PRO,5,20210311,103500,4.58,4.58,4.5,4.5,1562,0
PRO,5,20210311,105000,4.64,4.66,4.64,4.66,1723,0
PRO,5,20210311,111500,4.66,4.66,4.66,4.66,294,0
PRO,5,20210311,112000,4.76,4.76,4.76,4.76,25,0
PRO,5,20210311,130500,4.76,4.76,4.76,4.76,1000,0
PRO,5,20210311,144000,4.68,4.68,4.68,4.68,15,0
PRO,5,20210311,150500,4.68,4.68,4.66,4.66,805,0
PRO,5,20210311,151000,4.6,4.6,4.6,4.6,500,0
PRO,5,20210311,163000,4.6,4.6,4.58,4.58,500,0
PRO,5,20210311,164500,4.58,4.58,4.58,4.58,291,0
PRO,5,20210312,094500,4.58,4.58,4.58,4.58,250,0
PRO,5,20210312,095000,4.54,4.56,4.54,4.56,500,0
PRO,5,20210312,123500,4.52,4.52,4.52,4.52,100,0
PRO,5,20210312,153000,4.54,4.54,4.52,4.52,300,0
PRO,5,20210312,153500,4.58,4.58,4.58,4.58,468,0
PRO,5,20210312,155500,4.58,4.6,4.58,4.6,100,0
PRO,5,20210312,162000,4.6,4.62,4.6,4.62,157,0
PRO,5,20210315,102000,4.54,4.54,4.52,4.52,600,0
PRO,5,20210315,110000,4.48,4.48,4.48,4.48,787,0
PRO,5,20210315,111500,4.48,4.66,4.48,4.66,300,0
PRO,5,20210315,112000,4.66,4.7,4.66,4.7,500,0
PRO,5,20210315,121000,4.68,4.68,4.68,4.68,5,0
PRO,5,20210316,093500,4.66,4.66,4.66,4.66,535,0
PRO,5,20210316,094000,4.7,4.76,4.7,4.76,1193,0
PRO,5,20210316,095000,4.84,4.84,4.7,4.84,3,0
PRO,5,20210316,100000,4.84,4.86,4.7,4.7,669,0
PRO,5,20210316,100500,4.72,4.72,4.7,4.7,500,0
PRO,5,20210316,105500,4.88,4.88,4.88,4.88,1,0
PRO,5,20210316,115500,4.86,4.86,4.86,4.86,900,0
PRO,5,20210316,122500,4.86,4.86,4.86,4.86,425,0
PRO,5,20210316,124000,4.72,4.72,4.72,4.72,478,0
PRO,5,20210316,131500,4.74,4.74,4.72,4.72,500,0
PRO,5,20210316,140000,4.74,4.74,4.74,4.74,300,0
PRO,5,20210316,142000,4.86,4.86,4.86,4.86,1,0
PRO,5,20210316,162000,4.8,4.8,4.8,4.8,399,0
PRO,5,20210316,164500,4.88,4.88,4.82,4.82,501,0
PRO,5,20210317,090000,4.86,4.86,4.86,4.86,1,0
PRO,5,20210317,095000,4.86,4.86,4.86,4.86,699,0
PRO,5,20210317,100500,4.88,4.88,4.88,4.88,1,0
PRO,5,20210317,101000,4.88,4.88,4.88,4.88,697,0
PRO,5,20210317,101500,4.88,4.96,4.88,4.96,2,0
PRO,5,20210317,102500,4.96,4.98,4.96,4.98,210,0
PRO,5,20210317,103000,4.98,4.98,4.98,4.98,20,0
PRO,5,20210317,111000,4.94,4.94,4.94,4.94,350,0
PRO,5,20210317,115000,4.9,4.9,4.9,4.9,1317,0
PRO,5,20210317,115500,4.9,4.9,4.9,4.9,683,0
PRO,5,20210317,122000,4.9,4.9,4.9,4.9,357,0
PRO,5,20210317,123500,4.88,4.88,4.88,4.88,100,0
PRO,5,20210317,130000,4.86,4.86,4.82,4.82,409,0
PRO,5,20210317,135500,4.82,4.82,4.82,4.82,91,0
PRO,5,20210317,143000,4.72,4.72,4.7,4.7,238,0
PRO,5,20210317,151500,4.86,4.86,4.86,4.86,1,0
PRO,5,20210318,090000,4.86,4.86,4.86,4.86,158,0
PRO,5,20210318,091500,4.88,4.88,4.88,4.88,100,0
PRO,5,20210318,093000,4.94,5,4.94,5,1100,0
PRO,5,20210318,094500,4.96,4.96,4.96,4.96,500,0
PRO,5,20210318,103000,4.9,4.9,4.86,4.86,3400,0
PRO,5,20210318,104500,4.96,4.96,4.96,4.96,205,0
PRO,5,20210318,112500,4.96,4.96,4.96,4.96,458,0
PRO,5,20210318,131500,4.86,4.86,4.86,4.86,2000,0
PRO,5,20210318,134500,4.86,4.86,4.86,4.86,1582,0
PRO,5,20210319,090000,4.98,4.98,4.98,4.98,1,0
PRO,5,20210319,121500,4.88,4.88,4.86,4.86,600,0
PRO,5,20210319,123500,4.98,4.98,4.98,4.98,1,0
PRO,5,20210319,132000,4.86,4.86,4.8,4.8,205,0
PRO,5,20210319,133000,4.84,4.84,4.84,4.84,1,0
PRO,5,20210319,150000,4.8,4.8,4.8,4.8,235,0
PRO,5,20210319,160000,4.84,4.84,4.84,4.84,1,0
PRO,5,20210319,161500,4.84,4.84,4.84,4.84,741,0
PRO,5,20210322,090000,4.96,4.96,4.96,4.96,1,0
PRO,5,20210322,094500,4.92,4.92,4.92,4.92,203,0
PRO,5,20210322,112500,4.9,4.9,4.9,4.9,306,0
PRO,5,20210322,125500,4.9,4.9,4.9,4.9,111,0
PRO,5,20210322,131000,4.9,4.9,4.9,4.9,279,0
PRO,5,20210323,092000,4.92,4.92,4.92,4.92,25,0
PRO,5,20210323,100500,4.9,4.9,4.9,4.9,125,0
PRO,5,20210323,101000,4.86,4.86,4.76,4.76,304,0
PRO,5,20210323,110500,4.76,4.76,4.7,4.7,210,0
PRO,5,20210323,113500,4.86,4.86,4.86,4.86,1,0
PRO,5,20210324,110500,4.86,4.86,4.86,4.86,50,0
PRO,5,20210324,151500,4.72,4.72,4.72,4.72,80,0
PRO,5,20210324,154000,4.72,4.72,4.72,4.72,8,0
PRO,5,20210324,165500,4.8,4.8,4.8,4.8,10,0
PRO,5,20210325,101000,4.8,4.8,4.8,4.8,90,0
PRO,5,20210325,101500,4.8,4.8,4.8,4.8,110,0
PRO,5,20210325,121000,4.82,4.82,4.82,4.82,500,0
PRO,5,20210325,123500,4.8,4.8,4.8,4.8,42,0
PRO,5,20210325,134500,4.82,4.82,4.82,4.82,480,0
PRO,5,20210325,135000,4.8,4.8,4.8,4.8,1958,0
PRO,5,20210326,093500,4.74,4.74,4.74,4.74,42,0
PRO,5,20210326,134500,4.84,4.84,4.84,4.84,24,0
