<TICKER>,<PER>,<DATE>,<TIME>,<OPEN>,<HIGH>,<LOW>,<CLOSE>,<VOL>,<OPENINT>
RDG,5,20210204,090000,3.4,3.4,3.4,3.4,41,0
RDG,5,20210204,094500,3.4,3.4,3.4,3.4,300,0
RDG,5,20210204,102500,3.5,3.5,3.5,3.5,5,0
RDG,5,20210204,112500,3.4,3.4,3.4,3.4,1,0
RDG,5,20210204,120000,3.5,3.5,3.5,3.5,18,0
RDG,5,20210204,121500,3.5,3.5,3.5,3.5,18,0
RDG,5,20210204,145500,3.4,3.4,3.38,3.38,1082,0
RDG,5,20210204,154000,3.4,3.42,3.36,3.36,41,0
RDG,5,20210205,095500,3.44,3.44,3.44,3.44,20,0
RDG,5,20210205,100000,3.46,3.5,3.46,3.5,150,0
RDG,5,20210205,101000,3.5,3.56,3.5,3.56,1456,0
RDG,5,20210205,103500,3.52,3.52,3.52,3.52,1000,0
RDG,5,20210205,110500,3.52,3.52,3.5,3.5,1128,0
RDG,5,20210205,113500,3.5,3.5,3.5,3.5,600,0
RDG,5,20210205,115500,3.5,3.5,3.5,3.5,2038,0
RDG,5,20210205,120000,3.6,3.62,3.6,3.62,900,0
RDG,5,20210205,154000,3.5,3.5,3.5,3.5,100,0
RDG,5,20210205,161000,3.5,3.58,3.48,3.58,2222,0
RDG,5,20210208,090000,3.58,3.58,3.58,3.58,84,0
RDG,5,20210208,101500,3.58,3.62,3.58,3.62,2133,0
RDG,5,20210208,102000,3.64,3.76,3.64,3.76,41,0
RDG,5,20210208,105000,3.62,3.76,3.5,3.76,351,0
RDG,5,20210208,105500,3.76,3.76,3.76,3.76,386,0
RDG,5,20210208,133000,3.68,3.7,3.68,3.7,2659,0
RDG,5,20210208,155500,3.6,3.6,3.6,3.6,360,0
RDG,5,20210208,164500,3.64,3.64,3.64,3.64,78,0
RDG,5,20210209,090000,3.66,3.66,3.66,3.66,116,0
RDG,5,20210209,091500,3.68,3.7,3.68,3.7,200,0
RDG,5,20210209,094000,3.66,3.66,3.54,3.54,951,0
RDG,5,20210209,151000,3.54,3.54,3.54,3.54,22,0
RDG,5,20210209,162000,3.54,3.54,3.54,3.54,126,0
RDG,5,20210209,164000,3.6,3.62,3.6,3.62,501,0
RDG,5,20210209,164500,3.64,3.64,3.64,3.64,20,0
RDG,5,20210210,092000,3.66,3.66,3.66,3.66,300,0
RDG,5,20210210,095500,3.68,3.7,3.68,3.7,4883,0
RDG,5,20210210,100000,3.7,3.7,3.7,3.7,1439,0
RDG,5,20210210,101000,3.7,3.84,3.7,3.84,3622,0
RDG,5,20210210,101500,3.84,3.86,3.84,3.86,126,0
RDG,5,20210210,103000,3.86,3.88,3.86,3.88,610,0
RDG,5,20210210,103500,3.9,3.9,3.9,3.9,13,0
RDG,5,20210210,104000,3.9,3.9,3.9,3.9,204,0
RDG,5,20210210,105500,3.9,3.9,3.9,3.9,276,0
RDG,5,20210210,110500,3.9,3.94,3.9,3.94,1057,0
RDG,5,20210210,111000,3.86,3.96,3.86,3.96,1006,0
RDG,5,20210210,112500,3.94,3.94,3.94,3.94,235,0
RDG,5,20210210,141000,3.88,3.88,3.88,3.88,406,0
RDG,5,20210210,164500,3.82,3.82,3.82,3.82,200,0
RDG,5,20210211,090000,4,4,3.98,4,407,0
RDG,5,20210211,090500,4,4.14,4,4,2155,0
RDG,5,20210211,091000,4.14,4.14,4.14,4.14,8,0
RDG,5,20210211,091500,4.08,4.08,4.08,4.08,300,0
RDG,5,20210211,092000,4.04,4.12,4.04,4.12,255,0
RDG,5,20210211,092500,4.04,4.04,4.04,4.04,200,0
RDG,5,20210211,093500,4.04,4.04,4.04,4.04,200,0
RDG,5,20210211,094000,4.12,4.14,4.12,4.14,150,0
RDG,5,20210211,094500,4.12,4.12,4.12,4.12,30,0
RDG,5,20210211,105000,4.02,4.02,3.8,3.8,1160,0
RDG,5,20210211,105500,3.8,3.8,3.8,3.8,40,0
RDG,5,20210211,110000,4.06,4.06,4.06,4.06,1,0
RDG,5,20210211,111000,4.06,4.06,4.06,4.06,310,0
RDG,5,20210211,111500,4.1,4.1,4.1,4.1,246,0
RDG,5,20210211,121500,4.1,4.1,4.1,4.1,154,0
RDG,5,20210211,122500,4.1,4.1,4.1,4.1,346,0
RDG,5,20210211,133500,4,4,4,4,1000,0
RDG,5,20210211,141000,4.08,4.08,4.08,4.08,3,0
RDG,5,20210211,151500,4.08,4.08,4.08,4.08,297,0
RDG,5,20210211,152500,4.08,4.08,4.08,4.08,89,0
RDG,5,20210211,164500,4.06,4.06,4.06,4.06,100,0
RDG,5,20210212,090000,4.08,4.08,4.02,4.02,371,0
RDG,5,20210212,090500,4.08,4.08,4.08,4.08,7,0
RDG,5,20210212,091000,4.02,4.02,3.94,3.94,228,0
RDG,5,20210212,092500,3.92,3.92,3.9,3.9,2128,0
RDG,5,20210212,101000,4.06,4.06,4.06,4.06,550,0
RDG,5,20210212,125500,3.92,3.92,3.84,3.84,932,0
RDG,5,20210212,143000,4.02,4.02,4.02,4.02,10,0
RDG,5,20210212,144000,4.06,4.06,3.94,3.94,382,0
RDG,5,20210212,164500,4.02,4.02,4.02,4.02,1,0
RDG,5,20210215,090000,4.02,4.02,4.02,4.02,10,0
RDG,5,20210215,091000,4.02,4.06,4.02,4.06,1161,0
RDG,5,20210215,092500,4.06,4.08,4.06,4.08,143,0
RDG,5,20210215,093500,4.08,4.08,4.08,4.08,784,0
RDG,5,20210215,102500,4.08,4.08,4.08,4.08,400,0
RDG,5,20210215,110000,3.86,3.86,3.86,3.86,62,0
RDG,5,20210215,114500,4.06,4.06,3.94,3.94,219,0
RDG,5,20210215,115000,3.98,3.98,3.98,3.98,1,0
RDG,5,20210215,144000,3.86,3.86,3.78,3.78,2055,0
RDG,5,20210215,145000,3.9,3.94,3.9,3.94,60,0
RDG,5,20210216,090000,3.9,3.9,3.86,3.86,1500,0
RDG,5,20210216,091000,3.9,3.9,3.9,3.9,20,0
RDG,5,20210216,092500,3.78,3.78,3.7,3.7,150,0
RDG,5,20210216,094500,3.68,3.68,3.52,3.52,500,0
RDG,5,20210216,095000,3.52,3.52,3.5,3.5,660,0
RDG,5,20210216,095500,3.78,3.78,3.78,3.78,1,0
RDG,5,20210216,100000,3.62,3.78,3.38,3.78,4,0
RDG,5,20210216,100500,3.54,3.8,3.54,3.8,590,0
RDG,5,20210216,101000,3.38,3.38,3.38,3.38,2,0
RDG,5,20210216,101500,3.4,3.8,3.38,3.4,8838,0
RDG,5,20210216,102000,3.78,3.78,3.76,3.76,15,0
RDG,5,20210216,102500,3.74,3.74,3.74,3.74,14,0
RDG,5,20210216,105500,3.74,3.8,3.74,3.8,1744,0
RDG,5,20210216,110500,3.78,3.78,3.78,3.78,94,0
RDG,5,20210216,114500,3.68,3.68,3.66,3.66,290,0
RDG,5,20210216,115000,3.7,3.72,3.6,3.6,590,0
RDG,5,20210216,120000,3.7,3.7,3.7,3.7,10,0
RDG,5,20210216,124000,3.6,3.6,3.6,3.6,430,0
RDG,5,20210216,131000,3.68,3.68,3.68,3.68,69,0
RDG,5,20210216,142000,3.68,3.68,3.68,3.68,627,0
RDG,5,20210216,142500,3.74,3.78,3.74,3.78,305,0
RDG,5,20210216,143000,3.78,3.8,3.78,3.8,1000,0
RDG,5,20210216,143500,3.76,3.76,3.76,3.76,32,0
RDG,5,20210216,145500,3.72,3.72,3.68,3.68,307,0
RDG,5,20210216,150500,3.78,3.78,3.78,3.78,10,0
RDG,5,20210216,163000,3.6,3.6,3.6,3.6,20,0
RDG,5,20210216,163500,3.58,3.58,3.5,3.5,3102,0
RDG,5,20210216,164000,3.5,3.5,3.5,3.5,150,0
RDG,5,20210216,164500,3.44,3.6,3.38,3.38,1548,0
RDG,5,20210217,090000,3.52,3.56,3.52,3.56,500,0
RDG,5,20210217,090500,3.56,3.56,3.4,3.4,343,0
RDG,5,20210217,091000,3.38,3.38,3.38,3.38,2221,0
RDG,5,20210217,091500,3.58,3.58,3.58,3.58,5,0
RDG,5,20210217,102000,3.56,3.56,3.56,3.56,155,0
RDG,5,20210217,102500,3.42,3.42,3.42,3.42,300,0
RDG,5,20210217,114000,3.4,3.4,3.4,3.4,120,0
RDG,5,20210217,131500,3.36,3.36,3.24,3.3,1330,0
RDG,5,20210217,132000,3.2,3.2,3.18,3.18,485,0
RDG,5,20210217,133500,3.28,3.28,3.28,3.28,5,0
RDG,5,20210217,135000,3.28,3.56,3.28,3.56,890,0
RDG,5,20210217,135500,3.56,3.58,3.56,3.58,305,0
RDG,5,20210217,152000,3.56,3.56,3.56,3.56,50,0
RDG,5,20210217,162000,3.38,3.38,3.38,3.38,70,0
RDG,5,20210217,164500,3.48,3.48,3.48,3.48,47,0
RDG,5,20210218,091000,3.48,3.48,3.48,3.48,55,0
RDG,5,20210218,121500,3.42,3.42,3.42,3.42,590,0
RDG,5,20210218,122000,3.42,3.42,3.38,3.38,467,0
RDG,5,20210218,125500,3.34,3.34,3.3,3.3,2060,0
RDG,5,20210218,151000,3.38,3.38,3.38,3.38,20,0
RDG,5,20210218,154000,3.4,3.4,3.4,3.4,230,0
RDG,5,20210218,155000,3.3,3.3,3.3,3.3,302,0
RDG,5,20210218,163000,3.4,3.4,3.4,3.4,5,0
RDG,5,20210219,094000,3.28,3.38,3.26,3.38,610,0
RDG,5,20210219,095000,3.38,3.38,3.38,3.38,223,0
RDG,5,20210219,100500,3.38,3.38,3.38,3.38,100,0
RDG,5,20210219,123500,3.26,3.26,3.24,3.24,777,0
RDG,5,20210219,142500,3.3,3.34,3.3,3.34,150,0
RDG,5,20210219,145500,3.36,3.38,3.36,3.38,30,0
RDG,5,20210222,090000,3.14,3.24,3.14,3.24,1432,0
RDG,5,20210222,090500,3.26,3.28,3.26,3.28,535,0
RDG,5,20210222,105000,3.18,3.22,3.18,3.22,167,0
RDG,5,20210222,105500,3.3,3.32,3.3,3.32,25,0
RDG,5,20210222,125500,3.32,3.32,3.32,3.32,15,0
RDG,5,20210222,144500,3.22,3.22,3.22,3.22,1000,0
RDG,5,20210222,163000,3.32,3.34,3.32,3.34,15,0
RDG,5,20210222,164500,3.12,3.12,3.12,3.12,1785,0
RDG,5,20210223,090000,3.38,3.38,3.38,3.38,500,0
RDG,5,20210223,090500,3.38,3.38,3.38,3.38,148,0
RDG,5,20210223,094500,3.26,3.28,3.26,3.28,170,0
RDG,5,20210223,095000,3.3,3.3,3.3,3.3,7,0
RDG,5,20210223,100000,3.3,3.32,3.3,3.32,30,0
RDG,5,20210223,104500,3.28,3.28,3.28,3.28,110,0
RDG,5,20210223,161500,3.26,3.26,3.26,3.26,9,0
RDG,5,20210224,095500,3.28,3.36,3.28,3.36,68,0
RDG,5,20210224,101000,3.36,3.38,3.36,3.38,30,0
RDG,5,20210224,104000,3.38,3.38,3.38,3.38,710,0
RDG,5,20210224,110000,3.26,3.26,3.24,3.24,510,0
RDG,5,20210224,110500,3.22,3.22,3.22,3.22,20,0
RDG,5,20210224,121000,3.2,3.2,3.2,3.2,9,0
RDG,5,20210224,141500,3.2,3.2,3.12,3.12,654,0
RDG,5,20210224,142000,3.1,3.1,3.08,3.08,297,0
RDG,5,20210224,144000,3.04,3.04,3.04,3.04,355,0
RDG,5,20210224,150500,3.16,3.2,3.16,3.2,45,0
RDG,5,20210224,152000,3.1,3.1,3.1,3.1,20,0
RDG,5,20210224,152500,3.08,3.08,3.04,3.04,156,0
RDG,5,20210224,161000,3.14,3.16,3.14,3.16,300,0
RDG,5,20210224,164500,3.18,3.3,3.18,3.3,180,0
RDG,5,20210225,123500,3.3,3.3,3.3,3.3,17,0
RDG,5,20210225,144500,3.16,3.16,3.1,3.1,700,0
RDG,5,20210225,152500,3.2,3.22,3.2,3.22,25,0
RDG,5,20210225,154500,3.1,3.1,3.02,3.02,300,0
RDG,5,20210225,163500,3.16,3.16,3.16,3.16,3,0
RDG,5,20210226,120500,3,3,3,3,400,0
RDG,5,20210226,123500,3.04,3.04,3.04,3.04,11,0
RDG,5,20210226,130000,3.04,3.08,3.04,3.08,300,0
RDG,5,20210226,130500,3.08,3.08,3.08,3.08,20,0
RDG,5,20210226,142500,3.08,3.08,2.98,2.98,509,0
RDG,5,20210226,145000,3.02,3.06,3.02,3.06,45,0
RDG,5,20210226,155000,3.06,3.22,3.06,3.22,165,0
RDG,5,20210226,155500,3.24,3.26,3.24,3.26,32,0
RDG,5,20210301,090500,3.26,3.28,3.26,3.28,455,0
RDG,5,20210301,092500,3.28,3.3,3.28,3.3,48,0
RDG,5,20210301,093000,3.3,3.32,3.2,3.32,672,0
RDG,5,20210301,093500,3.32,3.32,3.32,3.32,1,0
RDG,5,20210301,125000,3.18,3.18,3.16,3.16,510,0
RDG,5,20210301,133500,3.16,3.16,3.04,3.04,1600,0
RDG,5,20210301,141000,3.1,3.1,3.08,3.08,1000,0
RDG,5,20210301,145500,3.16,3.2,3.16,3.2,60,0
RDG,5,20210301,151000,3.2,3.2,3.08,3.08,1400,0
RDG,5,20210301,152000,3.2,3.2,3.2,3.2,2,0
RDG,5,20210301,153500,3.2,3.22,3.2,3.22,38,0
RDG,5,20210301,155000,3.24,3.24,3.24,3.24,5,0
RDG,5,20210302,091000,3.24,3.26,3.24,3.26,35,0
RDG,5,20210302,103000,3.28,3.28,3.28,3.28,20,0
RDG,5,20210302,133500,3.28,3.28,3.28,3.28,30,0
RDG,5,20210302,151500,3.28,3.28,3.28,3.28,120,0
RDG,5,20210302,164500,3.28,3.38,3.28,3.38,1000,0
RDG,5,20210303,092000,3.34,3.34,3.34,3.34,32,0
RDG,5,20210303,095500,3.2,3.26,3.14,3.26,1264,0
RDG,5,20210303,120000,3.28,3.32,3.28,3.32,40,0
RDG,5,20210303,122500,3.2,3.2,3.2,3.2,20,0
RDG,5,20210303,141000,3.2,3.2,3.2,3.2,100,0
RDG,5,20210303,150500,3.18,3.18,3.18,3.18,20,0
RDG,5,20210304,090000,3.14,3.16,3.14,3.16,400,0
RDG,5,20210304,090500,3.1,3.1,3.1,3.1,500,0
RDG,5,20210304,103000,3.08,3.08,3.08,3.08,1020,0
RDG,5,20210304,103500,3.06,3.06,3.04,3.04,840,0
RDG,5,20210304,104000,3.04,3.04,3.04,3.04,14,0
RDG,5,20210304,104500,3,3,3,3,10,0
RDG,5,20210304,105500,3.14,3.14,3.14,3.14,10,0
RDG,5,20210304,120500,3.02,3.02,3,3,2000,0
RDG,5,20210304,122000,3.14,3.14,3.14,3.14,2,0
RDG,5,20210304,142000,3.02,3.02,3.02,3.02,232,0
RDG,5,20210304,152000,3.14,3.14,3.14,3.14,11,0
RDG,5,20210304,164500,3.12,3.12,3.12,3.12,340,0
RDG,5,20210305,095000,3.14,3.14,3.14,3.14,25,0
RDG,5,20210305,111000,3.14,3.18,3.14,3.18,62,0
RDG,5,20210305,111500,3.18,3.2,3.18,3.2,2710,0
RDG,5,20210305,112000,3.22,3.26,3.22,3.26,60,0
RDG,5,20210305,112500,3.28,3.38,3.28,3.38,190,0
RDG,5,20210305,113000,3.36,3.36,3.36,3.36,65,0
RDG,5,20210305,114000,3.36,3.38,3.36,3.38,50,0
RDG,5,20210305,115500,3.38,3.4,3.38,3.4,314,0
RDG,5,20210305,122500,3.4,3.6,3.4,3.6,5635,0
RDG,5,20210305,123000,3.6,3.6,3.6,3.6,160,0
RDG,5,20210305,123500,3.62,3.62,3.62,3.62,10,0
RDG,5,20210305,124000,3.48,3.6,3.48,3.6,207,0
RDG,5,20210305,124500,3.6,3.6,3.6,3.6,399,0
RDG,5,20210305,125500,3.62,3.62,3.6,3.62,121,0
RDG,5,20210305,133000,3.62,3.62,3.62,3.62,276,0
RDG,5,20210305,133500,3.62,3.66,3.62,3.66,150,0
RDG,5,20210305,134500,3.52,3.64,3.52,3.64,52,0
RDG,5,20210308,091500,3.62,3.76,3.62,3.76,450,0
RDG,5,20210308,092000,3.76,3.86,3.72,3.86,120,0
RDG,5,20210308,093000,3.8,3.8,3.8,3.8,10,0
RDG,5,20210308,094000,3.78,3.78,3.78,3.78,10,0
RDG,5,20210308,103000,3.78,3.8,3.7,3.8,28,0
RDG,5,20210308,123000,3.5,3.5,3.5,3.5,14,0
RDG,5,20210308,124000,3.8,3.8,3.8,3.8,3,0
RDG,5,20210308,164500,3.78,3.78,3.78,3.78,50,0
RDG,5,20210309,114500,3.6,3.6,3.6,3.6,100,0
RDG,5,20210309,121500,3.64,3.64,3.64,3.64,3,0
RDG,5,20210309,125500,3.64,3.7,3.64,3.7,62,0
RDG,5,20210309,131500,3.56,3.7,3.56,3.7,390,0
RDG,5,20210309,153500,3.64,3.64,3.64,3.64,15,0
RDG,5,20210309,165500,3.54,3.54,3.54,3.54,1170,0
RDG,5,20210310,090000,3.64,3.66,3.64,3.66,9,0
RDG,5,20210310,095500,3.66,3.7,3.66,3.7,46,0
RDG,5,20210310,100000,3.7,3.72,3.7,3.72,40,0
RDG,5,20210310,104500,3.56,3.56,3.54,3.54,300,0
RDG,5,20210310,110500,3.68,3.68,3.68,3.68,2,0
RDG,5,20210310,153500,3.54,3.54,3.52,3.52,720,0
RDG,5,20210310,154000,3.5,3.5,3.4,3.4,1710,0
RDG,5,20210310,154500,3.26,3.26,3.26,3.26,271,0
RDG,5,20210310,164500,3.6,3.68,3.6,3.68,80,0
RDG,5,20210311,090000,3.7,3.7,3.7,3.7,2,0
RDG,5,20210311,130000,3.66,3.66,3.66,3.66,100,0
RDG,5,20210311,164500,3.68,3.68,3.68,3.68,5,0
RDG,5,20210312,124500,3.68,3.68,3.68,3.68,120,0
RDG,5,20210312,125500,3.56,3.56,3.56,3.56,713,0
RDG,5,20210312,131000,3.68,3.68,3.68,3.68,12,0
RDG,5,20210312,155500,3.7,3.7,3.7,3.7,3,0
RDG,5,20210315,105500,3.66,3.66,3.66,3.66,10,0
RDG,5,20210315,121500,3.54,3.54,3.54,3.54,105,0
RDG,5,20210315,135500,3.64,3.64,3.64,3.64,50,0
RDG,5,20210315,152500,3.56,3.56,3.56,3.56,300,0
RDG,5,20210315,153500,3.56,3.56,3.56,3.56,700,0
RDG,5,20210315,155000,3.56,3.56,3.56,3.56,229,0
RDG,5,20210316,091500,3.66,3.66,3.66,3.66,8,0
RDG,5,20210316,101000,3.64,3.64,3.64,3.64,100,0
RDG,5,20210316,121500,3.64,3.64,3.64,3.64,100,0
RDG,5,20210316,130000,3.54,3.54,3.5,3.5,150,0
RDG,5,20210316,140500,3.62,3.62,3.62,3.62,36,0
RDG,5,20210316,151000,3.62,3.62,3.62,3.62,120,0
RDG,5,20210316,153500,3.5,3.5,3.5,3.5,120,0
RDG,5,20210316,163000,3.58,3.58,3.58,3.58,20,0
RDG,5,20210317,090000,3.24,3.6,3.24,3.6,2601,0
RDG,5,20210317,091500,3.54,3.62,3.54,3.62,1000,0
RDG,5,20210317,095000,3.56,3.56,3.56,3.56,30,0
RDG,5,20210317,120500,3.32,3.32,3.3,3.3,30,0
RDG,5,20210317,121000,3.54,3.54,3.54,3.54,2,0
RDG,5,20210317,144500,3.3,3.3,3.24,3.24,1435,0
RDG,5,20210317,152000,3.5,3.5,3.5,3.5,1,0
RDG,5,20210317,161000,3.5,3.5,3.5,3.5,19,0
RDG,5,20210317,161500,3.52,3.6,3.52,3.6,166,0
RDG,5,20210317,165500,3.58,3.58,3.58,3.58,981,0
RDG,5,20210318,090000,3.7,3.7,3.7,3.7,85,0
RDG,5,20210318,091000,3.7,3.7,3.7,3.7,111,0
RDG,5,20210318,095500,3.6,3.6,3.56,3.56,1160,0
RDG,5,20210318,100000,3.4,3.56,3.4,3.56,3,0
RDG,5,20210318,143500,3.56,3.56,3.56,3.56,98,0
RDG,5,20210318,144000,3.56,3.56,3.56,3.56,1,0
RDG,5,20210318,153500,3.42,3.42,3.42,3.42,1,0
RDG,5,20210318,160000,3.52,3.52,3.52,3.52,22,0
RDG,5,20210318,161500,3.4,3.4,3.4,3.4,250,0
RDG,5,20210318,163500,3.54,3.54,3.54,3.54,15,0
RDG,5,20210318,164500,3.6,3.6,3.6,3.6,30,0
RDG,5,20210319,090000,3.68,3.68,3.68,3.68,2,0
RDG,5,20210319,152500,3.54,3.54,3.54,3.54,200,0
RDG,5,20210319,160000,3.42,3.42,3.42,3.42,300,0
RDG,5,20210319,161500,3.46,3.54,3.46,3.54,300,0
RDG,5,20210319,164500,3.68,3.68,3.68,3.68,15,0
RDG,5,20210322,090000,3.68,3.68,3.68,3.68,112,0
RDG,5,20210322,123000,3.62,3.62,3.62,3.62,245,0
RDG,5,20210322,135500,3.62,3.62,3.62,3.62,55,0
RDG,5,20210323,091000,3.56,3.56,3.56,3.56,500,0
RDG,5,20210323,100000,3.62,3.62,3.62,3.62,250,0
RDG,5,20210323,111000,3.5,3.5,3.5,3.5,250,0
RDG,5,20210323,113000,3.5,3.5,3.5,3.5,40,0
RDG,5,20210323,143000,3.5,3.5,3.5,3.5,42,0
RDG,5,20210323,145000,3.64,3.64,3.64,3.64,10,0
RDG,5,20210324,090000,3.64,3.64,3.64,3.64,100,0
RDG,5,20210324,090500,3.44,3.44,3.44,3.44,1,0
RDG,5,20210324,091500,3.6,3.6,3.6,3.6,200,0
RDG,5,20210324,095000,3.62,3.66,3.62,3.66,1020,0
RDG,5,20210324,140000,3.54,3.54,3.5,3.5,330,0
RDG,5,20210324,140500,3.5,3.5,3.5,3.5,83,0
RDG,5,20210324,145000,3.48,3.48,3.44,3.44,100,0
RDG,5,20210324,161000,3.44,3.44,3.44,3.44,500,0
RDG,5,20210324,163500,3.42,3.42,3.3,3.3,2724,0
RDG,5,20210324,164000,3.4,3.5,3.4,3.5,101,0
RDG,5,20210325,090000,3.48,3.48,3.48,3.48,16,0
RDG,5,20210325,102000,3.36,3.36,3.36,3.36,305,0
RDG,5,20210325,113000,3.42,3.42,3.42,3.42,308,0
RDG,5,20210325,114500,3.42,3.42,3.42,3.42,712,0
RDG,5,20210325,121500,3.3,3.4,3.3,3.4,295,0
RDG,5,20210325,130500,3.3,3.42,3.3,3.42,319,0
RDG,5,20210326,093000,3.4,3.4,3.4,3.4,10,0
RDG,5,20210326,160500,3.4,3.4,3.4,3.4,50,0
