<TICKER>,<PER>,<DATE>,<TIME>,<OPEN>,<HIGH>,<LOW>,<CLOSE>,<VOL>,<OPENINT>
SBE,5,20210204,090000,0.61,0.61,0.61,0.61,220,0
SBE,5,20210204,091000,0.61,0.62,0.61,0.62,1000,0
SBE,5,20210204,100000,0.6,0.6,0.59,0.59,5320,0
SBE,5,20210204,101500,0.59,0.59,0.585,0.585,10000,0
SBE,5,20210204,102500,0.6,0.6,0.6,0.6,3388,0
SBE,5,20210204,110000,0.585,0.585,0.585,0.585,1700,0
SBE,5,20210204,110500,0.6,0.6,0.6,0.6,2000,0
SBE,5,20210204,113000,0.6,0.61,0.6,0.61,1749,0
SBE,5,20210204,114000,0.61,0.615,0.61,0.615,18764,0
SBE,5,20210204,115000,0.59,0.6,0.58,0.6,30266,0
SBE,5,20210204,120500,0.6,0.6,0.6,0.6,900,0
SBE,5,20210204,122500,0.6,0.6,0.6,0.6,4977,0
SBE,5,20210204,124000,0.6,0.6,0.6,0.6,5000,0
SBE,5,20210204,125000,0.585,0.585,0.58,0.58,5000,0
SBE,5,20210204,125500,0.595,0.6,0.595,0.6,10379,0
SBE,5,20210204,135000,0.585,0.585,0.58,0.58,13152,0
SBE,5,20210204,135500,0.585,0.595,0.585,0.595,3802,0
SBE,5,20210204,143000,0.595,0.595,0.595,0.595,844,0
SBE,5,20210204,145500,0.595,0.595,0.595,0.595,65,0
SBE,5,20210204,151000,0.59,0.59,0.59,0.59,2300,0
SBE,5,20210204,152000,0.59,0.59,0.59,0.59,1700,0
SBE,5,20210204,153500,0.59,0.59,0.59,0.59,40,0
SBE,5,20210204,155500,0.59,0.59,0.59,0.59,1760,0
SBE,5,20210204,160500,0.59,0.59,0.59,0.59,240,0
SBE,5,20210204,161000,0.595,0.595,0.595,0.595,1000,0
SBE,5,20210205,091000,0.595,0.595,0.595,0.595,50,0
SBE,5,20210205,092000,0.595,0.595,0.595,0.595,2000,0
SBE,5,20210205,092500,0.595,0.595,0.595,0.595,2500,0
SBE,5,20210205,094500,0.595,0.6,0.59,0.6,8470,0
SBE,5,20210205,095500,0.6,0.605,0.6,0.605,20100,0
SBE,5,20210205,102000,0.6,0.6,0.6,0.6,1991,0
SBE,5,20210205,103500,0.6,0.6,0.6,0.6,1679,0
SBE,5,20210205,105000,0.6,0.6,0.6,0.6,600,0
SBE,5,20210205,121000,0.59,0.59,0.59,0.59,400,0
SBE,5,20210205,123000,0.59,0.59,0.59,0.59,3850,0
SBE,5,20210205,123500,0.59,0.59,0.59,0.59,2200,0
SBE,5,20210205,125000,0.59,0.6,0.59,0.6,151,0
SBE,5,20210205,131000,0.6,0.605,0.6,0.605,7204,0
SBE,5,20210205,133500,0.6,0.6,0.6,0.6,1750,0
SBE,5,20210205,150000,0.585,0.585,0.58,0.58,13744,0
SBE,5,20210205,153000,0.585,0.585,0.585,0.585,2021,0
SBE,5,20210205,153500,0.595,0.595,0.595,0.595,1800,0
SBE,5,20210205,161000,0.595,0.595,0.595,0.595,62,0
SBE,5,20210205,162500,0.59,0.59,0.59,0.59,2453,0
SBE,5,20210205,164500,0.595,0.595,0.595,0.595,220,0
SBE,5,20210208,090000,0.6,0.6,0.6,0.6,2500,0
SBE,5,20210208,090500,0.59,0.59,0.59,0.59,70,0
SBE,5,20210208,091500,0.6,0.6,0.6,0.6,1000,0
SBE,5,20210208,095000,0.6,0.6,0.6,0.6,753,0
SBE,5,20210208,100500,0.59,0.6,0.59,0.6,2950,0
SBE,5,20210208,103500,0.595,0.595,0.595,0.595,1000,0
SBE,5,20210208,104000,0.595,0.595,0.595,0.595,8350,0
SBE,5,20210208,104500,0.595,0.6,0.595,0.6,2000,0
SBE,5,20210208,105000,0.59,0.59,0.59,0.59,3000,0
SBE,5,20210208,105500,0.6,0.6,0.6,0.6,400,0
SBE,5,20210208,110000,0.6,0.6,0.6,0.6,8600,0
SBE,5,20210208,111000,0.595,0.595,0.595,0.595,2000,0
SBE,5,20210208,111500,0.595,0.6,0.595,0.6,3800,0
SBE,5,20210208,112000,0.595,0.595,0.595,0.595,1000,0
SBE,5,20210208,115000,0.595,0.595,0.595,0.595,900,0
SBE,5,20210208,120500,0.6,0.6,0.6,0.6,10000,0
SBE,5,20210208,122000,0.595,0.595,0.595,0.595,1000,0
SBE,5,20210208,123000,0.6,0.6,0.6,0.6,100,0
SBE,5,20210208,123500,0.6,0.6,0.6,0.6,1000,0
SBE,5,20210208,124500,0.6,0.6,0.595,0.595,400,0
SBE,5,20210208,132000,0.59,0.59,0.59,0.59,670,0
SBE,5,20210208,135000,0.595,0.595,0.595,0.595,1000,0
SBE,5,20210208,135500,0.595,0.595,0.595,0.595,3850,0
SBE,5,20210208,153500,0.595,0.595,0.595,0.595,500,0
SBE,5,20210208,154500,0.595,0.595,0.595,0.595,3299,0
SBE,5,20210208,160000,0.595,0.595,0.59,0.59,15050,0
SBE,5,20210208,160500,0.59,0.59,0.585,0.585,878,0
SBE,5,20210208,164000,0.585,0.585,0.585,0.585,2000,0
SBE,5,20210208,164500,0.585,0.585,0.585,0.585,10000,0
SBE,5,20210209,090000,0.58,0.58,0.575,0.58,49451,0
SBE,5,20210209,090500,0.58,0.58,0.58,0.58,3000,0
SBE,5,20210209,091000,0.58,0.58,0.58,0.58,1549,0
SBE,5,20210209,091500,0.58,0.59,0.58,0.59,3094,0
SBE,5,20210209,092500,0.58,0.58,0.58,0.58,1000,0
SBE,5,20210209,093000,0.58,0.58,0.58,0.58,340,0
SBE,5,20210209,093500,0.58,0.58,0.58,0.58,100,0
SBE,5,20210209,094500,0.575,0.58,0.575,0.58,4197,0
SBE,5,20210209,095500,0.58,0.58,0.58,0.58,2000,0
SBE,5,20210209,101000,0.575,0.575,0.575,0.575,4620,0
SBE,5,20210209,102000,0.575,0.575,0.57,0.57,4900,0
SBE,5,20210209,102500,0.575,0.575,0.575,0.575,2532,0
SBE,5,20210209,103000,0.58,0.58,0.58,0.58,300,0
SBE,5,20210209,103500,0.575,0.575,0.575,0.575,1000,0
SBE,5,20210209,105500,0.58,0.585,0.58,0.585,9902,0
SBE,5,20210209,110000,0.585,0.585,0.585,0.585,98,0
SBE,5,20210209,111000,0.58,0.58,0.58,0.58,179,0
SBE,5,20210209,112500,0.58,0.58,0.58,0.58,5000,0
SBE,5,20210209,113000,0.585,0.595,0.585,0.595,33326,0
SBE,5,20210209,113500,0.595,0.6,0.59,0.6,19000,0
SBE,5,20210209,114000,0.6,0.6,0.6,0.6,233,0
SBE,5,20210209,115000,0.59,0.59,0.59,0.59,18000,0
SBE,5,20210209,124000,0.595,0.595,0.595,0.595,600,0
SBE,5,20210209,130500,0.595,0.595,0.595,0.595,1000,0
SBE,5,20210209,133000,0.6,0.6,0.6,0.6,5000,0
SBE,5,20210209,134500,0.595,0.595,0.595,0.595,180,0
SBE,5,20210209,141500,0.59,0.59,0.59,0.59,2589,0
SBE,5,20210209,142000,0.59,0.59,0.59,0.59,211,0
SBE,5,20210209,144000,0.58,0.58,0.56,0.56,71326,0
SBE,5,20210209,150000,0.575,0.575,0.575,0.575,3000,0
SBE,5,20210209,153000,0.575,0.575,0.575,0.575,655,0
SBE,5,20210209,154500,0.575,0.58,0.575,0.58,1000,0
SBE,5,20210209,163000,0.57,0.57,0.57,0.57,2131,0
SBE,5,20210209,164000,0.57,0.57,0.565,0.565,14211,0
SBE,5,20210209,164500,0.575,0.575,0.565,0.565,2500,0
SBE,5,20210210,090000,0.575,0.575,0.575,0.575,2951,0
SBE,5,20210210,090500,0.575,0.575,0.575,0.575,2069,0
SBE,5,20210210,091000,0.565,0.565,0.565,0.565,2000,0
SBE,5,20210210,094000,0.57,0.57,0.57,0.57,8803,0
SBE,5,20210210,094500,0.57,0.57,0.57,0.57,2000,0
SBE,5,20210210,100500,0.57,0.57,0.57,0.57,1509,0
SBE,5,20210210,101500,0.57,0.57,0.57,0.57,2623,0
SBE,5,20210210,102000,0.57,0.57,0.57,0.57,878,0
SBE,5,20210210,102500,0.565,0.57,0.565,0.57,4516,0
SBE,5,20210210,103500,0.58,0.58,0.57,0.57,12664,0
SBE,5,20210210,104000,0.57,0.57,0.57,0.57,5489,0
SBE,5,20210210,105000,0.57,0.57,0.55,0.55,120000,0
SBE,5,20210210,110000,0.57,0.57,0.57,0.57,1000,0
SBE,5,20210210,111000,0.57,0.57,0.57,0.57,1500,0
SBE,5,20210210,113000,0.57,0.57,0.57,0.57,1000,0
SBE,5,20210210,120000,0.565,0.565,0.565,0.565,844,0
SBE,5,20210210,120500,0.57,0.57,0.57,0.57,800,0
SBE,5,20210210,124500,0.57,0.57,0.57,0.57,1200,0
SBE,5,20210210,130000,0.575,0.575,0.575,0.575,220,0
SBE,5,20210210,133000,0.57,0.57,0.57,0.57,2000,0
SBE,5,20210210,133500,0.575,0.575,0.575,0.575,3500,0
SBE,5,20210210,134000,0.575,0.575,0.575,0.575,481,0
SBE,5,20210210,135000,0.575,0.575,0.575,0.575,1019,0
SBE,5,20210210,135500,0.575,0.575,0.575,0.575,2000,0
SBE,5,20210210,140000,0.575,0.575,0.575,0.575,981,0
SBE,5,20210210,140500,0.58,0.58,0.58,0.58,400,0
SBE,5,20210210,141000,0.58,0.58,0.58,0.58,170,0
SBE,5,20210210,142000,0.58,0.58,0.58,0.58,7088,0
SBE,5,20210210,142500,0.57,0.57,0.57,0.57,3000,0
SBE,5,20210210,143000,0.57,0.57,0.57,0.57,3800,0
SBE,5,20210210,150000,0.57,0.57,0.57,0.57,5000,0
SBE,5,20210210,154500,0.58,0.58,0.58,0.58,1450,0
SBE,5,20210210,163000,0.57,0.57,0.56,0.56,41091,0
SBE,5,20210210,164500,0.58,0.58,0.57,0.57,3100,0
SBE,5,20210211,090000,0.57,0.58,0.57,0.58,3558,0
SBE,5,20210211,090500,0.575,0.575,0.575,0.575,500,0
SBE,5,20210211,091500,0.57,0.57,0.57,0.57,2627,0
SBE,5,20210211,092000,0.56,0.56,0.56,0.56,1800,0
SBE,5,20210211,092500,0.57,0.57,0.57,0.57,437,0
SBE,5,20210211,094000,0.57,0.57,0.57,0.57,2000,0
SBE,5,20210211,101500,0.57,0.575,0.57,0.575,13000,0
SBE,5,20210211,104500,0.575,0.575,0.575,0.575,330,0
SBE,5,20210211,105000,0.575,0.575,0.575,0.575,1000,0
SBE,5,20210211,105500,0.57,0.57,0.57,0.57,1000,0
SBE,5,20210211,110500,0.575,0.58,0.575,0.58,4000,0
SBE,5,20210211,111500,0.57,0.58,0.57,0.58,2523,0
SBE,5,20210211,112000,0.58,0.58,0.57,0.57,11977,0
SBE,5,20210211,114000,0.57,0.57,0.57,0.57,2223,0
SBE,5,20210211,121500,0.56,0.56,0.56,0.56,1350,0
SBE,5,20210211,123500,0.565,0.575,0.565,0.575,2100,0
SBE,5,20210211,133000,0.565,0.565,0.565,0.565,1000,0
SBE,5,20210211,133500,0.575,0.575,0.575,0.575,4400,0
SBE,5,20210211,134500,0.57,0.57,0.57,0.57,878,0
SBE,5,20210211,135000,0.57,0.57,0.57,0.57,5954,0
SBE,5,20210211,140000,0.575,0.575,0.575,0.575,150,0
SBE,5,20210211,141000,0.575,0.58,0.575,0.58,8774,0
SBE,5,20210211,143500,0.57,0.57,0.57,0.57,500,0
SBE,5,20210211,145500,0.57,0.57,0.57,0.57,450,0
SBE,5,20210211,150500,0.57,0.57,0.57,0.57,4000,0
SBE,5,20210211,153500,0.575,0.575,0.575,0.575,100,0
SBE,5,20210211,160500,0.575,0.575,0.575,0.575,909,0
SBE,5,20210211,161500,0.575,0.575,0.575,0.575,2000,0
SBE,5,20210211,162500,0.575,0.575,0.575,0.575,2610,0
SBE,5,20210211,163000,0.575,0.575,0.575,0.575,100,0
SBE,5,20210211,164000,0.575,0.575,0.575,0.575,3481,0
SBE,5,20210211,164500,0.58,0.58,0.58,0.58,3402,0
SBE,5,20210212,090000,0.58,0.58,0.58,0.58,7028,0
SBE,5,20210212,092000,0.58,0.58,0.58,0.58,5000,0
SBE,5,20210212,093500,0.575,0.58,0.575,0.58,2000,0
SBE,5,20210212,100500,0.57,0.57,0.57,0.57,6000,0
SBE,5,20210212,102000,0.575,0.575,0.575,0.575,1000,0
SBE,5,20210212,102500,0.58,0.58,0.58,0.58,100,0
SBE,5,20210212,103000,0.575,0.575,0.575,0.575,4000,0
SBE,5,20210212,103500,0.57,0.57,0.57,0.57,710,0
SBE,5,20210212,104500,0.575,0.575,0.575,0.575,5174,0
SBE,5,20210212,110500,0.575,0.575,0.565,0.565,15673,0
SBE,5,20210212,112000,0.57,0.57,0.57,0.57,1000,0
SBE,5,20210212,114000,0.57,0.57,0.57,0.57,1640,0
SBE,5,20210212,122000,0.57,0.57,0.57,0.57,5000,0
SBE,5,20210212,122500,0.57,0.57,0.57,0.57,571,0
SBE,5,20210212,123000,0.57,0.57,0.57,0.57,4964,0
SBE,5,20210212,124500,0.565,0.565,0.565,0.565,2500,0
SBE,5,20210212,132000,0.57,0.575,0.57,0.575,2265,0
SBE,5,20210212,132500,0.575,0.575,0.575,0.575,1000,0
SBE,5,20210212,133000,0.57,0.57,0.57,0.57,800,0
SBE,5,20210212,134000,0.575,0.575,0.575,0.575,1500,0
SBE,5,20210212,135000,0.57,0.57,0.57,0.57,248,0
SBE,5,20210212,142000,0.575,0.575,0.575,0.575,1700,0
SBE,5,20210212,145000,0.57,0.57,0.57,0.57,9087,0
SBE,5,20210212,152000,0.57,0.57,0.57,0.57,10000,0
SBE,5,20210212,155500,0.57,0.57,0.57,0.57,200,0
SBE,5,20210212,160000,0.575,0.575,0.575,0.575,537,0
SBE,5,20210212,160500,0.575,0.575,0.575,0.575,6973,0
SBE,5,20210212,161000,0.57,0.57,0.57,0.57,4400,0
SBE,5,20210212,161500,0.57,0.57,0.57,0.57,1000,0
SBE,5,20210212,164500,0.58,0.58,0.57,0.57,6900,0
SBE,5,20210215,090000,0.57,0.57,0.55,0.55,32500,0
SBE,5,20210215,091000,0.57,0.57,0.57,0.57,1985,0
SBE,5,20210215,093000,0.57,0.57,0.57,0.57,4915,0
SBE,5,20210215,093500,0.56,0.56,0.56,0.56,3308,0
SBE,5,20210215,094500,0.575,0.575,0.575,0.575,1677,0
SBE,5,20210215,095000,0.575,0.575,0.575,0.575,10,0
SBE,5,20210215,101000,0.575,0.58,0.575,0.58,6381,0
SBE,5,20210215,102000,0.56,0.56,0.56,0.56,2000,0
SBE,5,20210215,102500,0.56,0.56,0.56,0.56,4388,0
SBE,5,20210215,111000,0.575,0.575,0.575,0.575,10000,0
SBE,5,20210215,112000,0.575,0.575,0.575,0.575,5000,0
SBE,5,20210215,113000,0.58,0.58,0.58,0.58,19975,0
SBE,5,20210215,113500,0.58,0.585,0.58,0.585,5125,0
SBE,5,20210215,114000,0.58,0.585,0.58,0.585,15967,0
SBE,5,20210215,115000,0.59,0.6,0.59,0.6,11522,0
SBE,5,20210215,115500,0.6,0.61,0.6,0.61,17724,0
SBE,5,20210215,120000,0.61,0.61,0.61,0.61,6000,0
SBE,5,20210215,120500,0.6,0.6,0.6,0.6,4299,0
SBE,5,20210215,122000,0.61,0.615,0.61,0.615,22450,0
SBE,5,20210215,122500,0.615,0.625,0.615,0.625,40603,0
SBE,5,20210215,123500,0.62,0.63,0.62,0.62,15000,0
SBE,5,20210215,124000,0.615,0.63,0.61,0.63,21960,0
SBE,5,20210215,124500,0.61,0.62,0.59,0.62,15517,0
SBE,5,20210215,125000,0.61,0.61,0.61,0.61,4000,0
SBE,5,20210215,125500,0.61,0.61,0.61,0.61,2000,0
SBE,5,20210215,131000,0.61,0.61,0.61,0.61,2000,0
SBE,5,20210215,133000,0.6,0.6,0.6,0.6,12000,0
SBE,5,20210215,133500,0.605,0.61,0.605,0.61,7180,0
SBE,5,20210215,135000,0.61,0.61,0.61,0.61,5121,0
SBE,5,20210215,135500,0.62,0.62,0.62,0.62,10000,0
SBE,5,20210215,140000,0.62,0.625,0.62,0.625,1000,0
SBE,5,20210215,140500,0.61,0.61,0.61,0.61,9999,0
SBE,5,20210215,141000,0.6,0.62,0.595,0.595,5000,0
SBE,5,20210215,142000,0.62,0.62,0.62,0.62,10,0
SBE,5,20210215,144500,0.6,0.6,0.6,0.6,2000,0
SBE,5,20210215,145500,0.61,0.61,0.61,0.61,1695,0
SBE,5,20210215,150500,0.62,0.62,0.62,0.62,7000,0
SBE,5,20210215,151000,0.61,0.61,0.58,0.58,50000,0
SBE,5,20210215,152500,0.61,0.61,0.6,0.6,4702,0
SBE,5,20210215,153000,0.6,0.6,0.6,0.6,1868,0
SBE,5,20210215,154500,0.6,0.6,0.6,0.6,9982,0
SBE,5,20210215,160500,0.61,0.61,0.61,0.61,4298,0
SBE,5,20210215,162500,0.6,0.6,0.6,0.6,10,0
SBE,5,20210215,163500,0.61,0.61,0.61,0.61,10,0
SBE,5,20210215,164000,0.6,0.6,0.6,0.6,100,0
SBE,5,20210215,164500,0.6,0.61,0.6,0.61,6769,0
SBE,5,20210216,090000,0.71,0.73,0.68,0.695,272380,0
SBE,5,20210216,090500,0.69,0.695,0.67,0.68,49667,0
SBE,5,20210216,091000,0.695,0.72,0.695,0.715,167598,0
SBE,5,20210216,091500,0.71,0.72,0.7,0.7,26591,0
SBE,5,20210216,092000,0.71,0.71,0.68,0.68,28889,0
SBE,5,20210216,093000,0.685,0.695,0.685,0.69,24235,0
SBE,5,20210216,093500,0.68,0.685,0.675,0.675,41500,0
SBE,5,20210216,094000,0.675,0.69,0.675,0.685,10300,0
SBE,5,20210216,094500,0.68,0.68,0.675,0.675,3000,0
SBE,5,20210216,095000,0.675,0.675,0.675,0.675,7050,0
SBE,5,20210216,095500,0.68,0.68,0.665,0.665,18700,0
SBE,5,20210216,100000,0.67,0.67,0.655,0.665,20919,0
SBE,5,20210216,100500,0.665,0.68,0.665,0.665,13594,0
SBE,5,20210216,101000,0.68,0.685,0.68,0.685,7094,0
SBE,5,20210216,101500,0.68,0.68,0.68,0.68,2150,0
SBE,5,20210216,102000,0.68,0.68,0.68,0.68,3320,0
SBE,5,20210216,102500,0.685,0.69,0.685,0.69,7949,0
SBE,5,20210216,103500,0.685,0.685,0.68,0.68,2051,0
SBE,5,20210216,104000,0.68,0.685,0.68,0.685,2152,0
SBE,5,20210216,104500,0.685,0.685,0.685,0.685,4140,0
SBE,5,20210216,105000,0.685,0.685,0.68,0.68,10216,0
SBE,5,20210216,105500,0.67,0.675,0.67,0.675,5000,0
SBE,5,20210216,110000,0.67,0.67,0.67,0.67,680,0
SBE,5,20210216,110500,0.67,0.67,0.67,0.67,3811,0
SBE,5,20210216,111000,0.68,0.68,0.67,0.67,1200,0
SBE,5,20210216,111500,0.67,0.67,0.665,0.665,14000,0
SBE,5,20210216,112000,0.675,0.675,0.675,0.675,30,0
SBE,5,20210216,112500,0.67,0.67,0.665,0.665,4674,0
SBE,5,20210216,113000,0.665,0.665,0.665,0.665,1632,0
SBE,5,20210216,113500,0.67,0.67,0.67,0.67,1800,0
SBE,5,20210216,114000,0.665,0.665,0.66,0.66,3534,0
SBE,5,20210216,114500,0.67,0.67,0.665,0.665,6220,0
SBE,5,20210216,115000,0.67,0.68,0.67,0.68,30000,0
SBE,5,20210216,115500,0.68,0.68,0.68,0.68,8603,0
SBE,5,20210216,120000,0.68,0.685,0.68,0.685,2500,0
SBE,5,20210216,120500,0.685,0.685,0.685,0.685,11300,0
SBE,5,20210216,121500,0.685,0.69,0.685,0.69,18590,0
SBE,5,20210216,122000,0.675,0.685,0.675,0.685,14500,0
SBE,5,20210216,123000,0.68,0.68,0.68,0.68,4100,0
SBE,5,20210216,123500,0.67,0.67,0.66,0.66,57412,0
SBE,5,20210216,124000,0.67,0.68,0.67,0.68,1400,0
SBE,5,20210216,124500,0.675,0.675,0.675,0.675,3092,0
SBE,5,20210216,125000,0.675,0.675,0.66,0.66,4767,0
SBE,5,20210216,125500,0.665,0.665,0.665,0.665,1043,0
SBE,5,20210216,131500,0.67,0.67,0.665,0.665,3900,0
SBE,5,20210216,132000,0.665,0.665,0.66,0.66,3000,0
SBE,5,20210216,133500,0.67,0.67,0.67,0.67,2821,0
SBE,5,20210216,135000,0.67,0.675,0.67,0.675,3977,0
SBE,5,20210216,135500,0.675,0.68,0.675,0.68,1200,0
SBE,5,20210216,142500,0.675,0.675,0.675,0.675,90,0
SBE,5,20210216,144000,0.675,0.675,0.675,0.675,3000,0
SBE,5,20210216,145000,0.675,0.675,0.675,0.675,1450,0
SBE,5,20210216,145500,0.67,0.67,0.67,0.67,429,0
SBE,5,20210216,150000,0.67,0.67,0.67,0.67,835,0
SBE,5,20210216,151000,0.67,0.67,0.67,0.67,4567,0
SBE,5,20210216,153500,0.67,0.67,0.67,0.67,4369,0
SBE,5,20210216,154500,0.67,0.67,0.67,0.67,1631,0
SBE,5,20210216,155000,0.675,0.675,0.675,0.675,16671,0
SBE,5,20210216,155500,0.68,0.68,0.68,0.68,15531,0
SBE,5,20210216,160500,0.68,0.68,0.68,0.68,800,0
SBE,5,20210216,162000,0.675,0.675,0.675,0.675,884,0
SBE,5,20210216,163500,0.675,0.675,0.675,0.675,616,0
SBE,5,20210216,164500,0.68,0.68,0.665,0.665,9937,0
SBE,5,20210217,090000,0.66,0.68,0.65,0.68,11010,0
SBE,5,20210217,090500,0.675,0.68,0.64,0.68,26341,0
SBE,5,20210217,091000,0.65,0.67,0.635,0.635,19287,0
SBE,5,20210217,091500,0.635,0.665,0.635,0.665,4300,0
SBE,5,20210217,093000,0.65,0.65,0.65,0.65,2334,0
SBE,5,20210217,094000,0.66,0.66,0.66,0.66,3253,0
SBE,5,20210217,094500,0.65,0.65,0.65,0.65,810,0
SBE,5,20210217,095500,0.655,0.655,0.64,0.64,6276,0
SBE,5,20210217,100000,0.64,0.64,0.64,0.64,2000,0
SBE,5,20210217,100500,0.64,0.64,0.64,0.64,500,0
SBE,5,20210217,101500,0.64,0.64,0.635,0.635,17047,0
SBE,5,20210217,102000,0.63,0.63,0.63,0.63,5657,0
SBE,5,20210217,102500,0.64,0.64,0.625,0.64,16100,0
SBE,5,20210217,103500,0.64,0.64,0.64,0.64,250,0
SBE,5,20210217,104000,0.63,0.63,0.625,0.625,4562,0
SBE,5,20210217,105000,0.625,0.645,0.625,0.645,10030,0
SBE,5,20210217,110000,0.645,0.645,0.645,0.645,2000,0
SBE,5,20210217,111500,0.645,0.645,0.645,0.645,3741,0
SBE,5,20210217,112000,0.645,0.645,0.645,0.645,2489,0
SBE,5,20210217,113000,0.63,0.63,0.625,0.625,7715,0
SBE,5,20210217,114000,0.625,0.645,0.625,0.645,2812,0
SBE,5,20210217,122000,0.63,0.63,0.625,0.625,1000,0
SBE,5,20210217,122500,0.64,0.64,0.64,0.64,634,0
SBE,5,20210217,123000,0.64,0.64,0.64,0.64,6000,0
SBE,5,20210217,125500,0.63,0.63,0.63,0.63,750,0
SBE,5,20210217,130000,0.63,0.63,0.63,0.63,7030,0
SBE,5,20210217,130500,0.63,0.63,0.63,0.63,2218,0
SBE,5,20210217,131500,0.63,0.63,0.625,0.625,16248,0
SBE,5,20210217,132000,0.62,0.64,0.62,0.64,68562,0
SBE,5,20210217,133500,0.62,0.62,0.62,0.62,9611,0
SBE,5,20210217,134000,0.615,0.62,0.615,0.62,13925,0
SBE,5,20210217,134500,0.62,0.635,0.62,0.635,300,0
SBE,5,20210217,141000,0.62,0.62,0.62,0.62,2000,0
SBE,5,20210217,144000,0.625,0.625,0.625,0.625,9813,0
SBE,5,20210217,144500,0.625,0.625,0.62,0.62,2374,0
SBE,5,20210217,150500,0.62,0.62,0.62,0.62,513,0
SBE,5,20210217,151000,0.615,0.615,0.615,0.615,10777,0
SBE,5,20210217,152500,0.615,0.615,0.615,0.615,170,0
SBE,5,20210217,153500,0.62,0.62,0.62,0.62,800,0
SBE,5,20210217,155000,0.615,0.615,0.6,0.615,55295,0
SBE,5,20210217,155500,0.615,0.615,0.615,0.615,2000,0
SBE,5,20210217,160000,0.62,0.62,0.62,0.62,5000,0
SBE,5,20210217,160500,0.61,0.61,0.61,0.61,5000,0
SBE,5,20210217,161500,0.61,0.61,0.61,0.61,2450,0
SBE,5,20210217,162000,0.61,0.61,0.61,0.61,1000,0
SBE,5,20210217,164500,0.61,0.62,0.61,0.62,11132,0
SBE,5,20210218,090000,0.61,0.62,0.61,0.62,3500,0
SBE,5,20210218,091000,0.61,0.61,0.61,0.61,800,0
SBE,5,20210218,092500,0.62,0.62,0.62,0.62,100,0
SBE,5,20210218,094000,0.61,0.61,0.605,0.605,6712,0
SBE,5,20210218,095500,0.61,0.615,0.61,0.615,1288,0
SBE,5,20210218,100000,0.615,0.62,0.615,0.62,1150,0
SBE,5,20210218,100500,0.61,0.61,0.61,0.61,2712,0
SBE,5,20210218,101000,0.61,0.615,0.61,0.615,10000,0
SBE,5,20210218,101500,0.615,0.615,0.615,0.615,850,0
SBE,5,20210218,102500,0.615,0.615,0.615,0.615,1000,0
SBE,5,20210218,103000,0.615,0.615,0.61,0.61,1638,0
SBE,5,20210218,103500,0.61,0.61,0.61,0.61,5000,0
SBE,5,20210218,104000,0.62,0.62,0.62,0.62,813,0
SBE,5,20210218,104500,0.61,0.61,0.605,0.605,16732,0
SBE,5,20210218,105000,0.615,0.62,0.6,0.62,50965,0
SBE,5,20210218,105500,0.605,0.605,0.605,0.605,8507,0
SBE,5,20210218,110000,0.615,0.62,0.615,0.62,2000,0
SBE,5,20210218,111000,0.605,0.605,0.605,0.605,4500,0
SBE,5,20210218,112000,0.615,0.615,0.615,0.615,2200,0
SBE,5,20210218,112500,0.605,0.62,0.605,0.62,8105,0
SBE,5,20210218,120500,0.61,0.61,0.61,0.61,2119,0
SBE,5,20210218,123500,0.615,0.615,0.615,0.615,7913,0
SBE,5,20210218,124000,0.62,0.62,0.62,0.62,3000,0
SBE,5,20210218,124500,0.62,0.62,0.62,0.62,6000,0
SBE,5,20210218,125000,0.615,0.615,0.615,0.615,3500,0
SBE,5,20210218,125500,0.615,0.615,0.615,0.615,1500,0
SBE,5,20210218,131000,0.615,0.615,0.615,0.615,2659,0
SBE,5,20210218,133000,0.615,0.615,0.615,0.615,25,0
SBE,5,20210218,133500,0.615,0.615,0.615,0.615,12000,0
SBE,5,20210218,134000,0.615,0.615,0.615,0.615,5316,0
SBE,5,20210218,135000,0.61,0.61,0.61,0.61,881,0
SBE,5,20210218,135500,0.605,0.605,0.605,0.605,8755,0
SBE,5,20210218,140500,0.605,0.605,0.605,0.605,2850,0
SBE,5,20210218,141000,0.6,0.6,0.6,0.6,31682,0
SBE,5,20210218,141500,0.6,0.6,0.6,0.6,7696,0
SBE,5,20210218,142000,0.6,0.6,0.6,0.6,1500,0
SBE,5,20210218,142500,0.6,0.6,0.6,0.6,9122,0
SBE,5,20210218,143500,0.61,0.61,0.61,0.61,1340,0
SBE,5,20210218,144000,0.61,0.61,0.61,0.61,8678,0
SBE,5,20210218,145500,0.605,0.605,0.6,0.6,16426,0
SBE,5,20210218,150500,0.615,0.615,0.615,0.615,304,0
SBE,5,20210218,151000,0.615,0.615,0.615,0.615,3000,0
SBE,5,20210218,154500,0.61,0.61,0.61,0.61,380,0
SBE,5,20210218,155000,0.615,0.615,0.615,0.615,482,0
SBE,5,20210218,155500,0.605,0.605,0.605,0.605,5000,0
SBE,5,20210218,160500,0.605,0.605,0.605,0.605,5000,0
SBE,5,20210218,162500,0.605,0.605,0.605,0.605,2935,0
SBE,5,20210218,164000,0.6,0.605,0.6,0.605,3924,0
SBE,5,20210218,164500,0.615,0.615,0.615,0.615,7358,0
SBE,5,20210219,090000,0.61,0.61,0.6,0.6,8596,0
SBE,5,20210219,090500,0.6,0.6,0.6,0.6,700,0
SBE,5,20210219,091500,0.6,0.6,0.6,0.6,4000,0
SBE,5,20210219,092500,0.61,0.61,0.61,0.61,7100,0
SBE,5,20210219,093000,0.61,0.61,0.61,0.61,2000,0
SBE,5,20210219,094000,0.61,0.61,0.61,0.61,1330,0
SBE,5,20210219,095500,0.61,0.61,0.61,0.61,1500,0
SBE,5,20210219,100000,0.61,0.61,0.6,0.6,2750,0
SBE,5,20210219,100500,0.61,0.615,0.61,0.615,500,0
SBE,5,20210219,102500,0.6,0.6,0.6,0.6,2000,0
SBE,5,20210219,103000,0.615,0.615,0.615,0.615,166,0
SBE,5,20210219,105500,0.61,0.61,0.61,0.61,1000,0
SBE,5,20210219,111500,0.61,0.615,0.61,0.615,1000,0
SBE,5,20210219,113000,0.615,0.62,0.615,0.62,9469,0
SBE,5,20210219,113500,0.62,0.62,0.62,0.62,6000,0
SBE,5,20210219,114500,0.62,0.62,0.62,0.62,1000,0
SBE,5,20210219,115000,0.61,0.61,0.61,0.61,1855,0
SBE,5,20210219,122000,0.62,0.62,0.62,0.62,267,0
SBE,5,20210219,133500,0.62,0.63,0.61,0.61,24235,0
SBE,5,20210219,134000,0.625,0.63,0.625,0.63,3000,0
SBE,5,20210219,134500,0.61,0.61,0.61,0.61,10,0
SBE,5,20210219,151500,0.62,0.625,0.62,0.625,50,0
SBE,5,20210219,152500,0.62,0.62,0.62,0.62,600,0
SBE,5,20210219,154000,0.63,0.63,0.63,0.63,7000,0
SBE,5,20210219,154500,0.63,0.63,0.63,0.63,5961,0
SBE,5,20210219,160000,0.63,0.63,0.63,0.63,2000,0
SBE,5,20210219,161000,0.615,0.615,0.615,0.615,2249,0
SBE,5,20210219,162500,0.615,0.615,0.615,0.615,1,0
SBE,5,20210219,164500,0.635,0.635,0.635,0.635,1300,0
SBE,5,20210222,090000,0.635,0.635,0.615,0.615,21221,0
SBE,5,20210222,091000,0.635,0.635,0.635,0.635,300,0
SBE,5,20210222,092500,0.635,0.64,0.62,0.62,5199,0
SBE,5,20210222,093500,0.64,0.64,0.625,0.625,5580,0
SBE,5,20210222,095000,0.64,0.64,0.625,0.625,3992,0
SBE,5,20210222,101000,0.635,0.635,0.635,0.635,2500,0
SBE,5,20210222,101500,0.645,0.65,0.63,0.63,17200,0
SBE,5,20210222,103000,0.635,0.65,0.63,0.63,6510,0
SBE,5,20210222,104000,0.64,0.64,0.64,0.64,100,0
SBE,5,20210222,104500,0.64,0.65,0.63,0.63,1660,0
SBE,5,20210222,112000,0.635,0.635,0.63,0.63,4564,0
SBE,5,20210222,113000,0.63,0.63,0.63,0.63,6369,0
SBE,5,20210222,113500,0.65,0.65,0.63,0.63,1810,0
SBE,5,20210222,114000,0.655,0.66,0.63,0.63,6601,0
SBE,5,20210222,120000,0.63,0.66,0.63,0.63,5051,0
SBE,5,20210222,121500,0.66,0.66,0.64,0.64,2010,0
SBE,5,20210222,122500,0.66,0.66,0.66,0.66,4500,0
SBE,5,20210222,123000,0.64,0.65,0.64,0.64,10012,0
SBE,5,20210222,123500,0.65,0.66,0.645,0.645,1010,0
SBE,5,20210222,124000,0.66,0.67,0.66,0.67,350,0
SBE,5,20210222,124500,0.67,0.71,0.67,0.69,118309,0
SBE,5,20210222,125000,0.69,0.69,0.69,0.69,24880,0
SBE,5,20210222,125500,0.69,0.695,0.665,0.665,28475,0
SBE,5,20210222,130500,0.68,0.68,0.68,0.68,14400,0
SBE,5,20210222,131000,0.68,0.68,0.68,0.68,5014,0
SBE,5,20210222,131500,0.67,0.67,0.67,0.67,11000,0
SBE,5,20210222,132000,0.665,0.68,0.66,0.675,8536,0
SBE,5,20210222,133000,0.67,0.67,0.67,0.67,900,0
SBE,5,20210222,134000,0.67,0.68,0.67,0.68,27764,0
SBE,5,20210222,134500,0.66,0.66,0.66,0.66,10000,0
SBE,5,20210222,135000,0.675,0.675,0.675,0.675,5000,0
SBE,5,20210222,140000,0.67,0.67,0.67,0.67,100,0
SBE,5,20210222,141000,0.68,0.68,0.68,0.68,3076,0
SBE,5,20210222,141500,0.68,0.68,0.68,0.68,3341,0
SBE,5,20210222,142000,0.675,0.675,0.67,0.67,2990,0
SBE,5,20210222,143000,0.67,0.67,0.67,0.67,12435,0
SBE,5,20210222,143500,0.67,0.67,0.67,0.67,400,0
SBE,5,20210222,144000,0.68,0.68,0.68,0.68,1000,0
SBE,5,20210222,145000,0.675,0.675,0.675,0.675,3000,0
SBE,5,20210222,145500,0.675,0.675,0.675,0.675,1000,0
SBE,5,20210222,150500,0.68,0.68,0.67,0.67,5000,0
SBE,5,20210222,151000,0.68,0.68,0.68,0.68,3000,0
SBE,5,20210222,152000,0.68,0.68,0.68,0.68,17000,0
SBE,5,20210222,152500,0.675,0.675,0.675,0.675,5000,0
SBE,5,20210222,153000,0.675,0.675,0.675,0.675,2056,0
SBE,5,20210222,153500,0.68,0.68,0.68,0.68,453,0
SBE,5,20210222,154000,0.69,0.69,0.69,0.69,547,0
SBE,5,20210222,154500,0.68,0.68,0.68,0.68,2500,0
SBE,5,20210222,155000,0.68,0.68,0.68,0.68,1892,0
SBE,5,20210222,155500,0.68,0.69,0.68,0.69,3460,0
SBE,5,20210222,160500,0.68,0.68,0.68,0.68,250,0
SBE,5,20210222,161000,0.68,0.68,0.68,0.68,598,0
SBE,5,20210222,161500,0.675,0.675,0.67,0.67,17144,0
SBE,5,20210222,162000,0.67,0.67,0.67,0.67,1000,0
SBE,5,20210222,163000,0.67,0.67,0.67,0.67,1000,0
SBE,5,20210222,163500,0.67,0.67,0.67,0.67,700,0
SBE,5,20210222,164000,0.67,0.67,0.67,0.67,952,0
SBE,5,20210222,164500,0.685,0.685,0.685,0.685,6000,0
SBE,5,20210223,090000,0.695,0.695,0.68,0.69,20847,0
SBE,5,20210223,090500,0.69,0.71,0.69,0.71,25307,0
SBE,5,20210223,091000,0.7,0.71,0.7,0.7,8440,0
SBE,5,20210223,091500,0.7,0.71,0.685,0.685,12292,0
SBE,5,20210223,092000,0.685,0.685,0.685,0.685,3000,0
SBE,5,20210223,093000,0.69,0.7,0.69,0.7,9600,0
SBE,5,20210223,094000,0.695,0.7,0.695,0.7,5500,0
SBE,5,20210223,094500,0.695,0.7,0.69,0.69,18800,0
SBE,5,20210223,101000,0.685,0.685,0.68,0.68,5000,0
SBE,5,20210223,101500,0.68,0.69,0.68,0.69,2950,0
SBE,5,20210223,102000,0.675,0.675,0.675,0.675,1600,0
SBE,5,20210223,103000,0.69,0.69,0.69,0.69,4690,0
SBE,5,20210223,103500,0.69,0.69,0.675,0.675,2960,0
SBE,5,20210223,104500,0.68,0.68,0.68,0.68,4000,0
SBE,5,20210223,110000,0.68,0.68,0.68,0.68,2000,0
SBE,5,20210223,111500,0.675,0.675,0.675,0.675,4015,0
SBE,5,20210223,112500,0.675,0.675,0.675,0.675,2000,0
SBE,5,20210223,113500,0.675,0.675,0.675,0.675,3948,0
SBE,5,20210223,120000,0.675,0.675,0.675,0.675,5000,0
SBE,5,20210223,120500,0.68,0.68,0.68,0.68,16911,0
SBE,5,20210223,123500,0.69,0.69,0.69,0.69,1000,0
SBE,5,20210223,124500,0.69,0.69,0.69,0.69,7000,0
SBE,5,20210223,125500,0.69,0.7,0.69,0.7,19587,0
SBE,5,20210223,130000,0.69,0.69,0.69,0.69,269,0
SBE,5,20210223,131000,0.685,0.69,0.675,0.675,5293,0
SBE,5,20210223,133500,0.675,0.675,0.675,0.675,2971,0
SBE,5,20210223,135000,0.695,0.695,0.695,0.695,1500,0
SBE,5,20210223,140500,0.685,0.685,0.685,0.685,3800,0
SBE,5,20210223,141500,0.69,0.69,0.69,0.69,1750,0
SBE,5,20210223,143000,0.675,0.675,0.67,0.67,7015,0
SBE,5,20210223,144000,0.675,0.675,0.67,0.67,20000,0
SBE,5,20210223,145500,0.675,0.675,0.675,0.675,7393,0
SBE,5,20210223,160500,0.665,0.665,0.66,0.66,3000,0
SBE,5,20210223,162000,0.68,0.68,0.675,0.675,5528,0
SBE,5,20210223,162500,0.66,0.66,0.66,0.66,5000,0
SBE,5,20210223,164500,0.67,0.67,0.67,0.67,10970,0
SBE,5,20210224,090000,0.665,0.67,0.665,0.67,9314,0
SBE,5,20210224,093000,0.655,0.655,0.655,0.655,4200,0
SBE,5,20210224,093500,0.655,0.655,0.655,0.655,800,0
SBE,5,20210224,095000,0.665,0.665,0.665,0.665,30,0
SBE,5,20210224,100000,0.655,0.655,0.655,0.655,1400,0
SBE,5,20210224,101000,0.665,0.665,0.665,0.665,20,0
SBE,5,20210224,101500,0.655,0.655,0.655,0.655,3409,0
SBE,5,20210224,102500,0.66,0.66,0.66,0.66,2000,0
SBE,5,20210224,103500,0.66,0.66,0.66,0.66,8000,0
SBE,5,20210224,104000,0.65,0.66,0.63,0.66,34861,0
SBE,5,20210224,105500,0.66,0.66,0.66,0.66,1500,0
SBE,5,20210224,110500,0.635,0.635,0.63,0.63,53041,0
SBE,5,20210224,112000,0.65,0.65,0.65,0.65,2650,0
SBE,5,20210224,121000,0.645,0.645,0.645,0.645,800,0
SBE,5,20210224,123000,0.635,0.635,0.625,0.625,19087,0
SBE,5,20210224,124500,0.625,0.625,0.625,0.625,1500,0
SBE,5,20210224,132500,0.645,0.645,0.645,0.645,5000,0
SBE,5,20210224,134000,0.645,0.645,0.645,0.645,2215,0
SBE,5,20210224,140500,0.65,0.65,0.65,0.65,200,0
SBE,5,20210224,141000,0.65,0.65,0.65,0.65,6865,0
SBE,5,20210224,141500,0.65,0.66,0.65,0.66,2500,0
SBE,5,20210224,142000,0.66,0.66,0.66,0.66,2500,0
SBE,5,20210224,145500,0.655,0.655,0.655,0.655,1000,0
SBE,5,20210224,150000,0.655,0.655,0.655,0.655,1000,0
SBE,5,20210224,151500,0.645,0.645,0.645,0.645,2500,0
SBE,5,20210224,152500,0.645,0.655,0.645,0.655,550,0
SBE,5,20210224,153000,0.635,0.655,0.635,0.655,3506,0
SBE,5,20210224,155500,0.65,0.65,0.65,0.65,1450,0
SBE,5,20210224,161500,0.645,0.645,0.645,0.645,17748,0
SBE,5,20210224,163500,0.645,0.645,0.64,0.64,5000,0
SBE,5,20210224,164000,0.64,0.64,0.64,0.64,3619,0
SBE,5,20210224,164500,0.635,0.64,0.635,0.64,2150,0
SBE,5,20210224,165500,0.625,0.625,0.625,0.625,12106,0
SBE,5,20210225,090000,0.63,0.63,0.63,0.63,760,0
SBE,5,20210225,090500,0.65,0.65,0.65,0.65,2144,0
SBE,5,20210225,091000,0.655,0.655,0.655,0.655,2500,0
SBE,5,20210225,091500,0.655,0.655,0.655,0.655,4500,0
SBE,5,20210225,092000,0.66,0.665,0.66,0.665,18698,0
SBE,5,20210225,092500,0.665,0.67,0.665,0.67,25058,0
SBE,5,20210225,093000,0.66,0.66,0.66,0.66,3400,0
SBE,5,20210225,093500,0.66,0.66,0.66,0.66,600,0
SBE,5,20210225,094000,0.66,0.67,0.66,0.67,10500,0
SBE,5,20210225,095000,0.66,0.67,0.66,0.67,4000,0
SBE,5,20210225,095500,0.67,0.67,0.67,0.67,1000,0
SBE,5,20210225,100000,0.67,0.67,0.67,0.67,2000,0
SBE,5,20210225,101000,0.67,0.67,0.67,0.67,1000,0
SBE,5,20210225,101500,0.665,0.665,0.665,0.665,1000,0
SBE,5,20210225,102000,0.67,0.67,0.67,0.67,5752,0
SBE,5,20210225,102500,0.67,0.67,0.67,0.67,6,0
SBE,5,20210225,103500,0.67,0.67,0.67,0.67,800,0
SBE,5,20210225,105000,0.665,0.665,0.66,0.66,5800,0
SBE,5,20210225,113500,0.66,0.66,0.65,0.66,6027,0
SBE,5,20210225,114000,0.66,0.66,0.65,0.65,2610,0
SBE,5,20210225,121500,0.65,0.65,0.65,0.65,1879,0
SBE,5,20210225,130000,0.65,0.65,0.65,0.65,4402,0
SBE,5,20210225,132000,0.645,0.645,0.645,0.645,500,0
SBE,5,20210225,133000,0.645,0.645,0.645,0.645,98,0
SBE,5,20210225,142500,0.65,0.65,0.65,0.65,1000,0
SBE,5,20210225,144000,0.65,0.65,0.65,0.65,1500,0
SBE,5,20210225,145500,0.64,0.64,0.64,0.64,1,0
SBE,5,20210225,152000,0.655,0.655,0.655,0.655,60,0
SBE,5,20210225,154500,0.655,0.655,0.655,0.655,5940,0
SBE,5,20210225,155500,0.66,0.66,0.66,0.66,1600,0
SBE,5,20210225,161000,0.66,0.66,0.66,0.66,1561,0
SBE,5,20210225,161500,0.645,0.65,0.645,0.65,3704,0
SBE,5,20210225,164500,0.66,0.66,0.66,0.66,2450,0
SBE,5,20210226,090000,0.63,0.655,0.63,0.655,16362,0
SBE,5,20210226,093500,0.635,0.635,0.635,0.635,250,0
SBE,5,20210226,094000,0.635,0.655,0.63,0.655,3244,0
SBE,5,20210226,101000,0.64,0.65,0.64,0.65,2100,0
SBE,5,20210226,105000,0.65,0.65,0.65,0.65,5000,0
SBE,5,20210226,105500,0.65,0.65,0.65,0.65,2000,0
SBE,5,20210226,110500,0.645,0.645,0.645,0.645,1000,0
SBE,5,20210226,112500,0.64,0.64,0.64,0.64,634,0
SBE,5,20210226,113500,0.64,0.64,0.64,0.64,1500,0
SBE,5,20210226,114000,0.64,0.64,0.64,0.64,2000,0
SBE,5,20210226,120000,0.65,0.65,0.65,0.65,2900,0
SBE,5,20210226,120500,0.65,0.65,0.65,0.65,919,0
SBE,5,20210226,122500,0.65,0.655,0.65,0.655,500,0
SBE,5,20210226,123000,0.64,0.64,0.64,0.64,500,0
SBE,5,20210226,124000,0.655,0.655,0.655,0.655,120,0
SBE,5,20210226,125000,0.64,0.64,0.64,0.64,400,0
SBE,5,20210226,125500,0.655,0.655,0.655,0.655,100,0
SBE,5,20210226,133500,0.65,0.65,0.65,0.65,1400,0
SBE,5,20210226,142500,0.64,0.64,0.64,0.64,1902,0
SBE,5,20210226,144500,0.65,0.65,0.65,0.65,900,0
SBE,5,20210226,153500,0.64,0.64,0.64,0.64,1000,0
SBE,5,20210226,155500,0.65,0.65,0.65,0.65,120,0
SBE,5,20210226,164500,0.65,0.65,0.63,0.63,7600,0
SBE,5,20210301,090000,0.65,0.65,0.65,0.65,3000,0
SBE,5,20210301,092500,0.64,0.64,0.64,0.64,2000,0
SBE,5,20210301,113500,0.645,0.655,0.645,0.65,16910,0
SBE,5,20210301,114500,0.655,0.655,0.655,0.655,5100,0
SBE,5,20210301,120500,0.655,0.665,0.655,0.665,19142,0
SBE,5,20210301,121000,0.665,0.665,0.66,0.66,8764,0
SBE,5,20210301,121500,0.66,0.66,0.65,0.65,764,0
SBE,5,20210301,122500,0.665,0.665,0.65,0.665,7580,0
SBE,5,20210301,123500,0.665,0.665,0.665,0.665,3000,0
SBE,5,20210301,124000,0.655,0.655,0.655,0.655,2100,0
SBE,5,20210301,133000,0.66,0.665,0.66,0.665,1150,0
SBE,5,20210301,134000,0.66,0.66,0.66,0.66,5000,0
SBE,5,20210301,134500,0.65,0.65,0.65,0.65,2530,0
SBE,5,20210301,150500,0.665,0.665,0.65,0.65,11000,0
SBE,5,20210301,154000,0.665,0.665,0.65,0.65,1160,0
SBE,5,20210301,155500,0.65,0.665,0.65,0.665,5772,0
SBE,5,20210301,160000,0.65,0.65,0.65,0.65,900,0
SBE,5,20210301,163000,0.665,0.665,0.665,0.665,27586,0
SBE,5,20210301,164000,0.66,0.665,0.66,0.665,2500,0
SBE,5,20210302,090000,0.665,0.665,0.665,0.665,2000,0
SBE,5,20210302,090500,0.665,0.665,0.65,0.65,3999,0
SBE,5,20210302,092500,0.665,0.665,0.665,0.665,3000,0
SBE,5,20210302,093500,0.655,0.655,0.655,0.655,492,0
SBE,5,20210302,100000,0.655,0.655,0.65,0.65,16170,0
SBE,5,20210302,103000,0.645,0.645,0.645,0.645,4989,0
SBE,5,20210302,103500,0.64,0.64,0.635,0.635,15761,0
SBE,5,20210302,104000,0.655,0.655,0.655,0.655,200,0
SBE,5,20210302,105500,0.635,0.635,0.63,0.63,8209,0
SBE,5,20210302,110000,0.635,0.635,0.635,0.635,4251,0
SBE,5,20210302,110500,0.655,0.655,0.655,0.655,50,0
SBE,5,20210302,112000,0.635,0.635,0.635,0.635,2000,0
SBE,5,20210302,115000,0.64,0.64,0.64,0.64,10,0
SBE,5,20210302,121000,0.645,0.65,0.645,0.65,6216,0
SBE,5,20210302,122500,0.65,0.65,0.65,0.65,1700,0
SBE,5,20210302,124000,0.65,0.65,0.64,0.64,1000,0
SBE,5,20210302,125000,0.64,0.64,0.64,0.64,3804,0
SBE,5,20210302,125500,0.64,0.64,0.64,0.64,2196,0
SBE,5,20210302,130500,0.655,0.655,0.655,0.655,25,0
SBE,5,20210302,132500,0.64,0.64,0.64,0.64,2804,0
SBE,5,20210302,135500,0.655,0.655,0.655,0.655,50,0
SBE,5,20210302,151500,0.655,0.66,0.655,0.66,4994,0
SBE,5,20210302,160000,0.65,0.65,0.65,0.65,73,0
SBE,5,20210302,160500,0.65,0.65,0.65,0.65,50,0
SBE,5,20210302,162500,0.65,0.65,0.65,0.65,800,0
SBE,5,20210303,090000,0.65,0.65,0.65,0.65,2000,0
SBE,5,20210303,090500,0.65,0.65,0.65,0.65,462,0
SBE,5,20210303,091000,0.65,0.65,0.65,0.65,500,0
SBE,5,20210303,091500,0.645,0.645,0.64,0.64,2000,0
SBE,5,20210303,092000,0.65,0.66,0.65,0.66,8000,0
SBE,5,20210303,095000,0.655,0.655,0.655,0.655,5000,0
SBE,5,20210303,104000,0.645,0.645,0.64,0.64,8740,0
SBE,5,20210303,111000,0.64,0.64,0.64,0.64,800,0
SBE,5,20210303,111500,0.655,0.655,0.655,0.655,100,0
SBE,5,20210303,114500,0.64,0.64,0.64,0.64,1000,0
SBE,5,20210303,120500,0.65,0.65,0.65,0.65,1540,0
SBE,5,20210303,121000,0.65,0.65,0.64,0.64,1660,0
SBE,5,20210303,123500,0.635,0.635,0.63,0.63,1905,0
SBE,5,20210303,125500,0.645,0.645,0.645,0.645,1000,0
SBE,5,20210303,130000,0.65,0.65,0.65,0.65,55,0
SBE,5,20210303,132500,0.65,0.65,0.65,0.65,5000,0
SBE,5,20210303,133000,0.65,0.65,0.65,0.65,34,0
SBE,5,20210303,134000,0.65,0.65,0.65,0.65,3410,0
SBE,5,20210303,135000,0.65,0.65,0.645,0.645,7501,0
SBE,5,20210303,140000,0.65,0.65,0.65,0.65,5000,0
SBE,5,20210303,140500,0.65,0.65,0.65,0.65,10000,0
SBE,5,20210303,142500,0.65,0.65,0.65,0.65,10000,0
SBE,5,20210303,143000,0.65,0.65,0.65,0.65,3084,0
SBE,5,20210303,144000,0.65,0.65,0.65,0.65,2000,0
SBE,5,20210303,145000,0.65,0.65,0.65,0.65,8916,0
SBE,5,20210303,152500,0.645,0.645,0.645,0.645,3000,0
SBE,5,20210303,153000,0.65,0.65,0.65,0.65,3055,0
SBE,5,20210303,161500,0.655,0.655,0.65,0.655,3581,0
SBE,5,20210303,162500,0.64,0.64,0.64,0.64,180,0
SBE,5,20210303,164500,0.655,0.655,0.655,0.655,666,0
SBE,5,20210304,090000,0.665,0.705,0.665,0.705,131469,0
SBE,5,20210304,090500,0.705,0.705,0.685,0.695,32026,0
SBE,5,20210304,091500,0.68,0.69,0.68,0.68,43584,0
SBE,5,20210304,092000,0.68,0.68,0.67,0.67,20324,0
SBE,5,20210304,092500,0.67,0.67,0.67,0.67,1908,0
SBE,5,20210304,093000,0.67,0.67,0.66,0.66,1300,0
SBE,5,20210304,093500,0.665,0.665,0.665,0.665,3000,0
SBE,5,20210304,094000,0.66,0.66,0.66,0.66,561,0
SBE,5,20210304,094500,0.665,0.665,0.66,0.66,1000,0
SBE,5,20210304,095500,0.66,0.66,0.66,0.66,6775,0
SBE,5,20210304,101500,0.665,0.67,0.64,0.64,18720,0
SBE,5,20210304,102500,0.65,0.65,0.64,0.64,2900,0
SBE,5,20210304,103500,0.665,0.67,0.665,0.67,1200,0
SBE,5,20210304,105000,0.64,0.64,0.64,0.64,761,0
SBE,5,20210304,113000,0.66,0.66,0.66,0.66,50,0
SBE,5,20210304,115000,0.66,0.66,0.66,0.66,3605,0
SBE,5,20210304,120500,0.66,0.67,0.66,0.67,2974,0
SBE,5,20210304,122000,0.65,0.65,0.65,0.65,800,0
SBE,5,20210304,122500,0.67,0.67,0.67,0.67,800,0
SBE,5,20210304,123000,0.67,0.67,0.67,0.67,4662,0
SBE,5,20210304,125500,0.65,0.65,0.645,0.645,11474,0
SBE,5,20210304,130500,0.675,0.675,0.64,0.64,6043,0
SBE,5,20210304,134500,0.65,0.665,0.65,0.665,468,0
SBE,5,20210304,135000,0.665,0.665,0.665,0.665,2450,0
SBE,5,20210304,140000,0.65,0.65,0.65,0.65,1300,0
SBE,5,20210304,141000,0.665,0.665,0.665,0.665,50,0
SBE,5,20210304,145000,0.66,0.66,0.66,0.66,1000,0
SBE,5,20210304,145500,0.66,0.66,0.66,0.66,1000,0
SBE,5,20210304,152500,0.66,0.66,0.66,0.66,500,0
SBE,5,20210304,160000,0.66,0.665,0.66,0.665,900,0
SBE,5,20210304,160500,0.665,0.665,0.665,0.665,1732,0
SBE,5,20210304,164000,0.655,0.655,0.64,0.64,7080,0
SBE,5,20210304,164500,0.64,0.665,0.64,0.66,14984,0
SBE,5,20210305,090000,0.665,0.67,0.665,0.67,9966,0
SBE,5,20210305,091000,0.65,0.65,0.65,0.65,2000,0
SBE,5,20210305,100500,0.67,0.67,0.67,0.67,50,0
SBE,5,20210305,102500,0.65,0.65,0.65,0.65,739,0
SBE,5,20210305,104000,0.65,0.65,0.64,0.64,1900,0
SBE,5,20210305,104500,0.645,0.645,0.645,0.645,3000,0
SBE,5,20210305,111000,0.65,0.665,0.65,0.665,750,0
SBE,5,20210305,112500,0.65,0.65,0.65,0.65,282,0
SBE,5,20210305,113500,0.65,0.65,0.65,0.65,2261,0
SBE,5,20210305,114000,0.66,0.66,0.66,0.66,739,0
SBE,5,20210305,115000,0.65,0.65,0.65,0.65,1000,0
SBE,5,20210305,115500,0.65,0.65,0.65,0.65,2000,0
SBE,5,20210305,120000,0.65,0.65,0.65,0.65,1000,0
SBE,5,20210305,123000,0.65,0.65,0.65,0.65,2000,0
SBE,5,20210305,124000,0.65,0.65,0.65,0.65,2000,0
SBE,5,20210305,124500,0.655,0.655,0.655,0.655,2000,0
SBE,5,20210305,125000,0.655,0.66,0.655,0.66,2961,0
SBE,5,20210305,130000,0.66,0.66,0.66,0.66,910,0
SBE,5,20210305,130500,0.665,0.67,0.665,0.67,760,0
SBE,5,20210305,131000,0.67,0.67,0.67,0.67,2000,0
SBE,5,20210305,133000,0.67,0.67,0.67,0.67,10,0
SBE,5,20210305,134000,0.65,0.65,0.65,0.65,3498,0
SBE,5,20210305,135500,0.67,0.67,0.67,0.67,800,0
SBE,5,20210305,144500,0.65,0.65,0.65,0.65,5000,0
SBE,5,20210305,150000,0.65,0.65,0.645,0.65,3300,0
SBE,5,20210305,150500,0.66,0.67,0.66,0.67,785,0
SBE,5,20210305,161500,0.645,0.645,0.645,0.645,1785,0
SBE,5,20210305,163000,0.65,0.65,0.65,0.65,531,0
SBE,5,20210305,163500,0.665,0.665,0.665,0.665,1500,0
SBE,5,20210305,164000,0.665,0.665,0.665,0.665,1000,0
SBE,5,20210305,164500,0.665,0.665,0.665,0.665,1600,0
SBE,5,20210308,090000,0.665,0.665,0.665,0.665,1963,0
SBE,5,20210308,091000,0.67,0.67,0.67,0.67,3000,0
SBE,5,20210308,092000,0.665,0.665,0.665,0.665,1055,0
SBE,5,20210308,092500,0.67,0.67,0.67,0.67,2782,0
SBE,5,20210308,093000,0.665,0.675,0.665,0.675,2150,0
SBE,5,20210308,094000,0.665,0.665,0.665,0.665,1000,0
SBE,5,20210308,094500,0.665,0.665,0.665,0.665,1901,0
SBE,5,20210308,100500,0.665,0.665,0.66,0.66,110,0
SBE,5,20210308,103500,0.67,0.675,0.67,0.675,830,0
SBE,5,20210308,111500,0.665,0.665,0.665,0.665,500,0
SBE,5,20210308,112000,0.665,0.665,0.665,0.665,500,0
SBE,5,20210308,113500,0.665,0.665,0.665,0.665,4100,0
SBE,5,20210308,114000,0.665,0.665,0.665,0.665,400,0
SBE,5,20210308,115000,0.665,0.665,0.65,0.65,5002,0
SBE,5,20210308,120500,0.665,0.665,0.665,0.665,1000,0
SBE,5,20210308,130000,0.65,0.65,0.65,0.65,10,0
SBE,5,20210308,131000,0.655,0.655,0.655,0.655,4406,0
SBE,5,20210308,131500,0.665,0.665,0.665,0.665,94,0
SBE,5,20210308,132500,0.65,0.65,0.65,0.65,5000,0
SBE,5,20210308,144000,0.66,0.66,0.66,0.66,3091,0
SBE,5,20210308,144500,0.665,0.665,0.665,0.665,9,0
SBE,5,20210308,160500,0.66,0.66,0.66,0.66,123,0
SBE,5,20210308,161000,0.66,0.66,0.66,0.66,180,0
SBE,5,20210308,163000,0.665,0.67,0.665,0.67,7506,0
SBE,5,20210308,164500,0.67,0.67,0.67,0.67,697,0
SBE,5,20210309,090000,0.67,0.67,0.67,0.67,200,0
SBE,5,20210309,090500,0.665,0.665,0.66,0.66,1450,0
SBE,5,20210309,091500,0.67,0.67,0.67,0.67,800,0
SBE,5,20210309,092500,0.66,0.66,0.66,0.66,6141,0
SBE,5,20210309,095000,0.665,0.665,0.665,0.665,100,0
SBE,5,20210309,095500,0.665,0.665,0.665,0.665,1001,0
SBE,5,20210309,102000,0.66,0.66,0.655,0.655,1000,0
SBE,5,20210309,110500,0.665,0.665,0.665,0.665,1000,0
SBE,5,20210309,112000,0.665,0.665,0.665,0.665,5000,0
SBE,5,20210309,113000,0.66,0.66,0.66,0.66,386,0
SBE,5,20210309,114000,0.665,0.665,0.665,0.665,1000,0
SBE,5,20210309,114500,0.66,0.66,0.66,0.66,1642,0
SBE,5,20210309,115500,0.665,0.665,0.665,0.665,2000,0
SBE,5,20210309,123500,0.66,0.665,0.655,0.665,7050,0
SBE,5,20210309,124500,0.665,0.665,0.655,0.655,14800,0
SBE,5,20210309,140000,0.655,0.655,0.655,0.655,2000,0
SBE,5,20210309,141500,0.665,0.665,0.665,0.665,2000,0
SBE,5,20210309,142500,0.665,0.665,0.665,0.665,1830,0
SBE,5,20210309,144000,0.67,0.67,0.67,0.67,10000,0
SBE,5,20210309,144500,0.67,0.67,0.67,0.67,100,0
SBE,5,20210309,151500,0.665,0.665,0.665,0.665,1500,0
SBE,5,20210309,152000,0.67,0.68,0.67,0.68,7000,0
SBE,5,20210309,152500,0.68,0.68,0.68,0.68,3240,0
SBE,5,20210309,155500,0.675,0.675,0.675,0.675,500,0
SBE,5,20210309,161000,0.665,0.665,0.665,0.665,1502,0
SBE,5,20210309,161500,0.655,0.655,0.655,0.655,5248,0
SBE,5,20210309,162000,0.66,0.665,0.655,0.665,5078,0
SBE,5,20210309,162500,0.65,0.65,0.65,0.65,1750,0
SBE,5,20210309,164500,0.665,0.665,0.66,0.66,3000,0
SBE,5,20210309,165500,0.665,0.665,0.665,0.665,2,0
SBE,5,20210310,090000,0.67,0.67,0.66,0.66,7000,0
SBE,5,20210310,090500,0.655,0.67,0.655,0.67,2646,0
SBE,5,20210310,091000,0.655,0.655,0.655,0.655,1000,0
SBE,5,20210310,092500,0.655,0.655,0.655,0.655,500,0
SBE,5,20210310,095000,0.655,0.655,0.655,0.655,2000,0
SBE,5,20210310,100000,0.66,0.66,0.66,0.66,6250,0
SBE,5,20210310,103000,0.665,0.665,0.66,0.66,5100,0
SBE,5,20210310,103500,0.655,0.655,0.65,0.65,9900,0
SBE,5,20210310,105000,0.65,0.65,0.65,0.65,890,0
SBE,5,20210310,111500,0.65,0.65,0.65,0.65,5000,0
SBE,5,20210310,114000,0.655,0.655,0.655,0.655,1000,0
SBE,5,20210310,115000,0.655,0.66,0.655,0.66,1001,0
SBE,5,20210310,121500,0.65,0.65,0.64,0.64,14854,0
SBE,5,20210310,125000,0.66,0.66,0.66,0.66,2710,0
SBE,5,20210310,132000,0.65,0.65,0.64,0.64,6894,0
SBE,5,20210310,132500,0.66,0.66,0.64,0.64,6132,0
SBE,5,20210310,133500,0.645,0.645,0.645,0.645,30,0
SBE,5,20210310,143000,0.66,0.66,0.645,0.645,5150,0
SBE,5,20210310,143500,0.645,0.645,0.645,0.645,1579,0
SBE,5,20210310,144500,0.645,0.645,0.645,0.645,8800,0
SBE,5,20210310,150000,0.645,0.645,0.645,0.645,200,0
SBE,5,20210310,154500,0.64,0.64,0.64,0.64,366,0
SBE,5,20210310,163500,0.66,0.66,0.66,0.66,3000,0
SBE,5,20210310,164500,0.66,0.665,0.66,0.665,11803,0
SBE,5,20210311,090000,0.645,0.665,0.645,0.645,1918,0
SBE,5,20210311,090500,0.65,0.65,0.65,0.65,4500,0
SBE,5,20210311,092500,0.655,0.655,0.655,0.655,300,0
SBE,5,20210311,094500,0.655,0.655,0.655,0.655,700,0
SBE,5,20210311,103000,0.65,0.65,0.65,0.65,900,0
SBE,5,20210311,103500,0.65,0.65,0.65,0.65,2000,0
SBE,5,20210311,104000,0.65,0.65,0.65,0.65,4100,0
SBE,5,20210311,105000,0.655,0.655,0.655,0.655,779,0
SBE,5,20210311,121000,0.65,0.65,0.65,0.65,1000,0
SBE,5,20210311,122000,0.65,0.655,0.65,0.655,1819,0
SBE,5,20210311,122500,0.645,0.645,0.645,0.645,100,0
SBE,5,20210311,123000,0.655,0.655,0.655,0.655,80,0
SBE,5,20210311,133000,0.645,0.655,0.645,0.655,550,0
SBE,5,20210311,141000,0.645,0.655,0.645,0.655,12619,0
SBE,5,20210311,142000,0.65,0.655,0.65,0.655,1200,0
SBE,5,20210311,153000,0.65,0.655,0.65,0.655,670,0
SBE,5,20210311,154000,0.64,0.655,0.64,0.655,4583,0
SBE,5,20210311,154500,0.655,0.655,0.655,0.655,765,0
SBE,5,20210311,161000,0.64,0.65,0.64,0.65,336,0
SBE,5,20210311,164000,0.64,0.64,0.64,0.64,19830,0
SBE,5,20210311,164500,0.635,0.635,0.635,0.635,6000,0
SBE,5,20210312,090000,0.65,0.66,0.64,0.66,203,0
SBE,5,20210312,094000,0.64,0.64,0.635,0.635,2100,0
SBE,5,20210312,094500,0.635,0.635,0.635,0.635,3614,0
SBE,5,20210312,103000,0.645,0.645,0.645,0.645,1500,0
SBE,5,20210312,104500,0.64,0.64,0.64,0.64,954,0
SBE,5,20210312,105500,0.64,0.64,0.64,0.64,9045,0
SBE,5,20210312,110000,0.64,0.64,0.64,0.64,2955,0
SBE,5,20210312,112000,0.65,0.65,0.635,0.635,3990,0
SBE,5,20210312,114500,0.64,0.64,0.64,0.64,782,0
SBE,5,20210312,122000,0.64,0.64,0.64,0.64,2001,0
SBE,5,20210312,122500,0.64,0.64,0.64,0.64,99,0
SBE,5,20210312,124000,0.64,0.64,0.64,0.64,2000,0
SBE,5,20210312,125000,0.64,0.64,0.64,0.64,1559,0
SBE,5,20210312,125500,0.64,0.64,0.64,0.64,4521,0
SBE,5,20210312,131000,0.645,0.65,0.645,0.65,5000,0
SBE,5,20210312,132000,0.65,0.65,0.65,0.65,300,0
SBE,5,20210312,143000,0.64,0.64,0.64,0.64,3112,0
SBE,5,20210312,143500,0.635,0.65,0.635,0.65,3088,0
SBE,5,20210312,150000,0.635,0.65,0.635,0.65,500,0
SBE,5,20210312,153000,0.635,0.65,0.635,0.65,10600,0
SBE,5,20210315,090000,0.65,0.65,0.65,0.65,2500,0
SBE,5,20210315,091500,0.65,0.66,0.65,0.66,15000,0
SBE,5,20210315,092000,0.64,0.64,0.64,0.64,1235,0
SBE,5,20210315,093000,0.64,0.655,0.64,0.655,400,0
SBE,5,20210315,093500,0.655,0.655,0.655,0.655,3000,0
SBE,5,20210315,094000,0.655,0.655,0.655,0.655,500,0
SBE,5,20210315,100500,0.655,0.655,0.655,0.655,1000,0
SBE,5,20210315,104500,0.64,0.64,0.64,0.64,886,0
SBE,5,20210315,112000,0.64,0.64,0.64,0.64,349,0
SBE,5,20210315,114500,0.64,0.64,0.64,0.64,635,0
SBE,5,20210315,120000,0.635,0.635,0.635,0.635,120,0
SBE,5,20210315,120500,0.635,0.64,0.635,0.64,4000,0
SBE,5,20210315,123000,0.635,0.635,0.635,0.635,9999,0
SBE,5,20210315,124000,0.64,0.64,0.64,0.64,1000,0
SBE,5,20210315,125500,0.64,0.64,0.64,0.64,3115,0
SBE,5,20210315,130500,0.64,0.64,0.64,0.64,7600,0
SBE,5,20210315,131000,0.64,0.64,0.64,0.64,7616,0
SBE,5,20210315,132000,0.64,0.64,0.64,0.64,8035,0
SBE,5,20210315,134000,0.64,0.64,0.64,0.64,1076,0
SBE,5,20210315,141000,0.65,0.65,0.65,0.65,10,0
SBE,5,20210315,151000,0.64,0.64,0.64,0.64,2389,0
SBE,5,20210315,151500,0.64,0.64,0.64,0.64,1000,0
SBE,5,20210315,160500,0.635,0.635,0.635,0.635,6611,0
SBE,5,20210315,164000,0.645,0.645,0.635,0.635,7314,0
SBE,5,20210315,164500,0.63,0.63,0.63,0.63,3000,0
SBE,5,20210316,090500,0.635,0.635,0.635,0.635,100,0
SBE,5,20210316,091000,0.635,0.635,0.635,0.635,460,0
SBE,5,20210316,092000,0.64,0.65,0.64,0.65,747,0
SBE,5,20210316,092500,0.65,0.65,0.635,0.635,3146,0
SBE,5,20210316,093000,0.65,0.65,0.65,0.65,3043,0
SBE,5,20210316,093500,0.65,0.65,0.65,0.65,24,0
SBE,5,20210316,095500,0.635,0.635,0.635,0.635,3332,0
SBE,5,20210316,100000,0.635,0.635,0.635,0.635,168,0
SBE,5,20210316,100500,0.64,0.64,0.64,0.64,2000,0
SBE,5,20210316,102000,0.635,0.635,0.63,0.63,300,0
SBE,5,20210316,103500,0.63,0.63,0.63,0.63,825,0
SBE,5,20210316,104000,0.64,0.64,0.64,0.64,600,0
SBE,5,20210316,105000,0.64,0.65,0.64,0.65,1000,0
SBE,5,20210316,114000,0.645,0.645,0.645,0.645,4100,0
SBE,5,20210316,121500,0.65,0.65,0.65,0.65,1750,0
SBE,5,20210316,123000,0.65,0.655,0.65,0.655,2769,0
SBE,5,20210316,125500,0.65,0.65,0.65,0.65,3024,0
SBE,5,20210316,131500,0.655,0.655,0.655,0.655,150,0
SBE,5,20210316,132000,0.655,0.655,0.655,0.655,373,0
SBE,5,20210316,135500,0.645,0.645,0.645,0.645,2000,0
SBE,5,20210316,140000,0.645,0.645,0.645,0.645,1000,0
SBE,5,20210316,141000,0.645,0.645,0.645,0.645,1000,0
SBE,5,20210316,141500,0.645,0.645,0.645,0.645,6000,0
SBE,5,20210316,142000,0.64,0.64,0.64,0.64,5000,0
SBE,5,20210316,143000,0.64,0.64,0.64,0.64,10000,0
SBE,5,20210316,143500,0.645,0.645,0.64,0.64,7631,0
SBE,5,20210316,144500,0.64,0.64,0.64,0.64,5000,0
SBE,5,20210316,145000,0.64,0.64,0.64,0.64,6259,0
SBE,5,20210316,151000,0.64,0.64,0.635,0.635,10000,0
SBE,5,20210316,155500,0.635,0.635,0.635,0.635,2000,0
SBE,5,20210316,162000,0.635,0.635,0.635,0.635,5000,0
SBE,5,20210316,164000,0.635,0.635,0.635,0.635,5000,0
SBE,5,20210316,164500,0.65,0.65,0.65,0.65,1350,0
SBE,5,20210317,090000,0.65,0.655,0.65,0.65,3005,0
SBE,5,20210317,090500,0.65,0.655,0.65,0.655,15000,0
SBE,5,20210317,091500,0.65,0.65,0.65,0.65,1530,0
SBE,5,20210317,093000,0.635,0.635,0.635,0.635,1300,0
SBE,5,20210317,093500,0.635,0.635,0.635,0.635,1000,0
SBE,5,20210317,100000,0.645,0.645,0.645,0.645,1519,0
SBE,5,20210317,103000,0.65,0.65,0.65,0.65,1000,0
SBE,5,20210317,103500,0.645,0.65,0.645,0.65,9106,0
SBE,5,20210317,111500,0.65,0.65,0.65,0.65,10000,0
SBE,5,20210317,113500,0.65,0.65,0.65,0.65,4000,0
SBE,5,20210317,114500,0.655,0.655,0.655,0.655,1975,0
SBE,5,20210317,115000,0.65,0.65,0.65,0.65,500,0
SBE,5,20210317,121000,0.65,0.65,0.65,0.65,900,0
SBE,5,20210317,122500,0.65,0.65,0.65,0.65,1100,0
SBE,5,20210317,132000,0.645,0.645,0.645,0.645,68,0
SBE,5,20210317,141500,0.635,0.635,0.635,0.635,6800,0
SBE,5,20210317,142000,0.635,0.635,0.635,0.635,3507,0
SBE,5,20210317,142500,0.64,0.64,0.635,0.635,4100,0
SBE,5,20210317,143000,0.635,0.635,0.63,0.63,16518,0
SBE,5,20210317,143500,0.635,0.635,0.63,0.63,3751,0
SBE,5,20210317,145500,0.63,0.63,0.6,0.61,59740,0
SBE,5,20210317,151000,0.61,0.61,0.61,0.61,500,0
SBE,5,20210317,152000,0.615,0.615,0.615,0.615,900,0
SBE,5,20210317,152500,0.62,0.625,0.62,0.625,8233,0
SBE,5,20210317,153000,0.625,0.625,0.625,0.625,1000,0
SBE,5,20210317,153500,0.625,0.625,0.625,0.625,700,0
SBE,5,20210317,154500,0.615,0.615,0.615,0.615,100,0
SBE,5,20210317,155000,0.625,0.625,0.625,0.625,3867,0
SBE,5,20210317,160000,0.625,0.63,0.62,0.62,16000,0
SBE,5,20210317,161000,0.62,0.63,0.62,0.63,10707,0
SBE,5,20210317,163000,0.63,0.63,0.63,0.63,24207,0
SBE,5,20210317,165500,0.625,0.625,0.625,0.625,3615,0
SBE,5,20210318,090000,0.64,0.64,0.61,0.61,5728,0
SBE,5,20210318,091000,0.63,0.63,0.63,0.63,33,0
SBE,5,20210318,092500,0.63,0.645,0.63,0.645,15000,0
SBE,5,20210318,093000,0.645,0.645,0.645,0.645,150,0
SBE,5,20210318,094000,0.63,0.63,0.63,0.63,1000,0
SBE,5,20210318,094500,0.63,0.63,0.63,0.63,2000,0
SBE,5,20210318,105000,0.63,0.63,0.63,0.63,1000,0
SBE,5,20210318,105500,0.62,0.62,0.62,0.62,3000,0
SBE,5,20210318,110000,0.62,0.62,0.62,0.62,1775,0
SBE,5,20210318,112000,0.61,0.61,0.61,0.61,10900,0
SBE,5,20210318,112500,0.61,0.61,0.61,0.61,100,0
SBE,5,20210318,113000,0.62,0.62,0.61,0.61,5332,0
SBE,5,20210318,113500,0.61,0.61,0.61,0.61,6168,0
SBE,5,20210318,114500,0.61,0.61,0.61,0.61,1000,0
SBE,5,20210318,122500,0.63,0.63,0.63,0.63,300,0
SBE,5,20210318,123500,0.63,0.63,0.63,0.63,1500,0
SBE,5,20210318,152500,0.63,0.63,0.63,0.63,151,0
SBE,5,20210318,153500,0.62,0.62,0.62,0.62,3637,0
SBE,5,20210318,155000,0.63,0.63,0.63,0.63,1000,0
SBE,5,20210318,160500,0.63,0.63,0.63,0.63,1000,0
SBE,5,20210318,161000,0.63,0.63,0.63,0.63,3652,0
SBE,5,20210318,162500,0.62,0.62,0.62,0.62,1000,0
SBE,5,20210318,163000,0.635,0.635,0.635,0.635,1500,0
SBE,5,20210318,164500,0.62,0.62,0.62,0.62,4000,0
SBE,5,20210319,090000,0.63,0.63,0.63,0.63,30,0
SBE,5,20210319,091000,0.63,0.63,0.63,0.63,9970,0
SBE,5,20210319,092000,0.64,0.64,0.64,0.64,19100,0
SBE,5,20210319,093500,0.63,0.63,0.62,0.62,1475,0
SBE,5,20210319,094500,0.62,0.635,0.62,0.635,45000,0
SBE,5,20210319,100000,0.63,0.63,0.63,0.63,1586,0
SBE,5,20210319,101000,0.63,0.63,0.63,0.63,150,0
SBE,5,20210319,102000,0.63,0.63,0.63,0.63,5300,0
SBE,5,20210319,103500,0.63,0.63,0.63,0.63,200,0
SBE,5,20210319,104000,0.63,0.63,0.63,0.63,2644,0
SBE,5,20210319,113500,0.635,0.64,0.635,0.64,13256,0
SBE,5,20210319,115500,0.625,0.625,0.625,0.625,250,0
SBE,5,20210319,120500,0.625,0.625,0.625,0.625,2715,0
SBE,5,20210319,135000,0.62,0.62,0.62,0.62,700,0
SBE,5,20210319,140500,0.62,0.62,0.62,0.62,14218,0
SBE,5,20210319,154000,0.625,0.625,0.625,0.625,1975,0
SBE,5,20210319,162000,0.625,0.625,0.625,0.625,120,0
SBE,5,20210319,162500,0.62,0.62,0.62,0.62,2000,0
SBE,5,20210319,164500,0.625,0.625,0.625,0.625,92,0
SBE,5,20210322,090000,0.64,0.64,0.64,0.64,1,0
SBE,5,20210322,090500,0.64,0.64,0.64,0.64,348,0
SBE,5,20210322,091000,0.64,0.64,0.64,0.64,746,0
SBE,5,20210322,091500,0.64,0.64,0.64,0.64,620,0
SBE,5,20210322,093000,0.635,0.635,0.635,0.635,1574,0
SBE,5,20210322,094000,0.62,0.62,0.62,0.62,298,0
SBE,5,20210322,100500,0.62,0.62,0.61,0.61,656,0
SBE,5,20210322,101000,0.635,0.635,0.635,0.635,46,0
SBE,5,20210322,102000,0.61,0.61,0.61,0.61,1253,0
SBE,5,20210322,102500,0.61,0.61,0.61,0.61,4000,0
SBE,5,20210322,104000,0.61,0.61,0.61,0.61,547,0
SBE,5,20210322,105000,0.63,0.63,0.63,0.63,1000,0
SBE,5,20210322,111000,0.63,0.63,0.63,0.63,2000,0
SBE,5,20210322,113000,0.63,0.63,0.63,0.63,240,0
SBE,5,20210322,122500,0.63,0.63,0.63,0.63,4003,0
SBE,5,20210322,125500,0.63,0.635,0.63,0.635,2000,0
SBE,5,20210322,135000,0.61,0.61,0.61,0.61,40,0
SBE,5,20210322,135500,0.63,0.63,0.63,0.63,100,0
SBE,5,20210322,142500,0.615,0.615,0.615,0.615,5000,0
SBE,5,20210322,143000,0.63,0.63,0.63,0.63,100,0
SBE,5,20210322,161500,0.615,0.615,0.615,0.615,200,0
SBE,5,20210322,162000,0.625,0.625,0.625,0.625,100,0
SBE,5,20210322,164000,0.615,0.615,0.615,0.615,8195,0
SBE,5,20210322,164500,0.63,0.63,0.63,0.63,100,0
SBE,5,20210323,090000,0.62,0.635,0.62,0.635,10001,0
SBE,5,20210323,093000,0.63,0.63,0.63,0.63,1000,0
SBE,5,20210323,095000,0.62,0.62,0.62,0.62,1000,0
SBE,5,20210323,100500,0.62,0.63,0.62,0.63,3500,0
SBE,5,20210323,103000,0.62,0.62,0.62,0.62,50,0
SBE,5,20210323,114500,0.63,0.63,0.63,0.63,295,0
SBE,5,20210323,134500,0.625,0.63,0.625,0.63,10000,0
SBE,5,20210323,150000,0.615,0.63,0.61,0.63,11100,0
SBE,5,20210323,155500,0.625,0.625,0.625,0.625,100,0
SBE,5,20210323,164000,0.615,0.615,0.615,0.615,1000,0
SBE,5,20210323,164500,0.61,0.63,0.61,0.63,1000,0
SBE,5,20210324,090000,0.61,0.63,0.61,0.63,1550,0
SBE,5,20210324,092500,0.63,0.63,0.63,0.63,900,0
SBE,5,20210324,094000,0.61,0.61,0.61,0.61,3000,0
SBE,5,20210324,094500,0.63,0.63,0.63,0.63,100,0
SBE,5,20210324,100000,0.63,0.63,0.63,0.63,404,0
SBE,5,20210324,101000,0.605,0.63,0.6,0.63,25100,0
SBE,5,20210324,103000,0.6,0.63,0.575,0.625,33402,0
SBE,5,20210324,103500,0.6,0.625,0.6,0.625,2118,0
SBE,5,20210324,112000,0.615,0.615,0.6,0.6,8303,0
SBE,5,20210324,112500,0.6,0.61,0.6,0.61,869,0
SBE,5,20210324,115000,0.595,0.61,0.595,0.61,4778,0
SBE,5,20210324,115500,0.61,0.61,0.61,0.61,996,0
SBE,5,20210324,122000,0.615,0.615,0.615,0.615,409,0
SBE,5,20210324,123000,0.61,0.61,0.6,0.6,1000,0
SBE,5,20210324,123500,0.615,0.615,0.615,0.615,100,0
SBE,5,20210324,124500,0.615,0.615,0.615,0.615,1232,0
SBE,5,20210324,125000,0.615,0.62,0.615,0.62,1202,0
SBE,5,20210324,142000,0.615,0.615,0.615,0.615,67,0
SBE,5,20210324,145000,0.61,0.615,0.61,0.615,1500,0
SBE,5,20210324,151000,0.6,0.6,0.6,0.6,10050,0
SBE,5,20210324,161000,0.615,0.615,0.615,0.615,500,0
SBE,5,20210324,163000,0.615,0.615,0.615,0.615,2432,0
SBE,5,20210324,165500,0.62,0.62,0.62,0.62,100,0
SBE,5,20210325,090000,0.625,0.625,0.625,0.625,1,0
SBE,5,20210325,091000,0.625,0.625,0.625,0.625,202,0
SBE,5,20210325,102500,0.61,0.61,0.61,0.61,18000,0
SBE,5,20210325,112000,0.61,0.615,0.6,0.615,566,0
SBE,5,20210325,115500,0.595,0.615,0.595,0.615,397,0
SBE,5,20210325,132500,0.595,0.61,0.595,0.61,858,0
SBE,5,20210325,144500,0.595,0.61,0.595,0.61,1423,0
SBE,5,20210326,090000,0.59,0.59,0.59,0.59,11693,0
SBE,5,20210326,090500,0.59,0.61,0.59,0.61,3200,0
SBE,5,20210326,100500,0.6,0.61,0.6,0.61,2300,0
SBE,5,20210326,103500,0.59,0.6,0.59,0.6,2100,0
SBE,5,20210326,110000,0.585,0.6,0.585,0.6,4240,0
SBE,5,20210326,110500,0.585,0.6,0.585,0.6,3100,0
SBE,5,20210326,111000,0.59,0.59,0.585,0.585,4799,0
SBE,5,20210326,111500,0.6,0.6,0.6,0.6,100,0
SBE,5,20210326,125500,0.595,0.595,0.595,0.595,1000,0
SBE,5,20210326,141000,0.595,0.6,0.595,0.6,502,0
SBE,5,20210326,142000,0.6,0.6,0.6,0.6,2543,0
SBE,5,20210326,142500,0.6,0.61,0.6,0.6,12401,0
SBE,5,20210326,143000,0.62,0.62,0.62,0.62,100,0
SBE,5,20210326,152500,0.605,0.605,0.6,0.6,782,0
SBE,5,20210326,161000,0.6,0.6,0.6,0.6,447,0
SBE,5,20210326,161500,0.59,0.59,0.59,0.59,453,0
SBE,5,20210326,163000,0.59,0.59,0.59,0.59,5900,0
SBE,5,20210326,164500,0.6,0.6,0.6,0.6,7703,0
