<TICKER>,<PER>,<DATE>,<TIME>,<OPEN>,<HIGH>,<LOW>,<CLOSE>,<VOL>,<OPENINT>
SCP,5,20210204,090000,142.5,142.5,142.5,142.5,18,0
SCP,5,20210204,091000,140,140,140,140,10,0
SCP,5,20210204,092500,139,139,138,138,73,0
SCP,5,20210204,093000,138.5,138.5,138.5,138.5,10,0
SCP,5,20210204,094000,138.5,139,138.5,139,12,0
SCP,5,20210204,094500,138.5,138.5,138.5,138.5,6,0
SCP,5,20210204,095000,138.5,138.5,138.5,138.5,10,0
SCP,5,20210204,095500,138.5,138.5,138.5,138.5,1,0
SCP,5,20210204,100000,138,138,138,138,25,0
SCP,5,20210204,101000,136.5,136.5,136,136,242,0
SCP,5,20210204,101500,138.5,138.5,138.5,138.5,23,0
SCP,5,20210204,103500,137,137,137,137,9,0
SCP,5,20210204,104000,137,137,136.5,136.5,66,0
SCP,5,20210204,104500,137,137,137,137,6,0
SCP,5,20210204,105000,137,138.5,137,138.5,69,0
SCP,5,20210204,105500,138.5,139,138.5,139,100,0
SCP,5,20210204,110000,137,137,137,137,7,0
SCP,5,20210204,111000,137,138.5,137,138.5,26,0
SCP,5,20210204,111500,138.5,138.5,138.5,138.5,5,0
SCP,5,20210204,112000,138.5,138.5,138.5,138.5,17,0
SCP,5,20210204,113000,139,139,139,139,10,0
SCP,5,20210204,121500,137,137,137,137,8,0
SCP,5,20210204,122000,138,138,137,137,30,0
SCP,5,20210204,131500,138,138,138,138,5,0
SCP,5,20210204,134000,138,138,138,138,5,0
SCP,5,20210204,140000,137.5,137.5,137.5,137.5,10,0
SCP,5,20210204,140500,138,138,138,138,25,0
SCP,5,20210204,145500,137.5,137.5,137.5,137.5,10,0
SCP,5,20210204,152000,137.5,137.5,137.5,137.5,11,0
SCP,5,20210204,152500,137.5,138,137.5,138,10,0
SCP,5,20210204,161500,137,137,137,137,200,0
SCP,5,20210204,162000,138,138,137,137,164,0
SCP,5,20210204,162500,137,137,136.5,136.5,27,0
SCP,5,20210204,164000,136.5,136.5,136.5,136.5,43,0
SCP,5,20210204,164500,137.5,137.5,137.5,137.5,35,0
SCP,5,20210205,090000,138,140,138,140,19,0
SCP,5,20210205,091000,139.5,139.5,139.5,139.5,3,0
SCP,5,20210205,091500,138,138,138,138,20,0
SCP,5,20210205,092500,139,139,139,139,30,0
SCP,5,20210205,093500,138,138,138,138,16,0
SCP,5,20210205,094000,138,138,138,138,6,0
SCP,5,20210205,095500,139,139,139,139,10,0
SCP,5,20210205,100000,139,140,139,140,155,0
SCP,5,20210205,100500,140,140,140,140,25,0
SCP,5,20210205,101000,138,138,138,138,29,0
SCP,5,20210205,104000,138,138,138,138,16,0
SCP,5,20210205,104500,138,138,138,138,15,0
SCP,5,20210205,110500,138,138,138,138,5,0
SCP,5,20210205,112000,139,139,139,139,50,0
SCP,5,20210205,113000,140,140,140,140,135,0
SCP,5,20210205,113500,139,139,139,139,11,0
SCP,5,20210205,120500,139,139,139,139,10,0
SCP,5,20210205,121000,140,140,140,140,25,0
SCP,5,20210205,132000,139,139,139,139,18,0
SCP,5,20210205,132500,139,139,139,139,17,0
SCP,5,20210205,141000,139,139,139,139,5,0
SCP,5,20210205,144500,138.5,138.5,138.5,138.5,15,0
SCP,5,20210205,145000,138.5,139,138.5,139,23,0
SCP,5,20210205,145500,139,139,139,139,23,0
SCP,5,20210205,153000,139,139,139,139,6,0
SCP,5,20210205,154000,139,139,139,139,13,0
SCP,5,20210205,154500,139,139,139,139,87,0
SCP,5,20210205,162500,138.5,138.5,138.5,138.5,5,0
SCP,5,20210205,164500,138.5,139,138.5,138.5,102,0
SCP,5,20210208,090000,138.5,138.5,138.5,138.5,79,0
SCP,5,20210208,090500,138.5,138.5,138.5,138.5,91,0
SCP,5,20210208,091000,138,138,138,138,14,0
SCP,5,20210208,093000,138,138.5,138,138.5,47,0
SCP,5,20210208,093500,138,138,136,136,65,0
SCP,5,20210208,094500,137,137,137,137,37,0
SCP,5,20210208,100500,139,139,139,139,2,0
SCP,5,20210208,103000,137,137,137,137,50,0
SCP,5,20210208,105000,138.5,138.5,138.5,138.5,27,0
SCP,5,20210208,110000,138.5,138.5,138.5,138.5,14,0
SCP,5,20210208,125500,138,138,138,138,20,0
SCP,5,20210208,130000,138,138,138,138,17,0
SCP,5,20210208,132500,138,138,138,138,11,0
SCP,5,20210208,140500,137.5,137.5,137.5,137.5,5,0
SCP,5,20210208,141500,137.5,138,137.5,138,93,0
SCP,5,20210208,142000,138,138,138,138,22,0
SCP,5,20210208,143000,138,138,138,138,3,0
SCP,5,20210208,144500,138,138,137,137,25,0
SCP,5,20210208,145500,138.5,149,138.5,146,2973,0
SCP,5,20210208,150000,146.5,146.5,142.5,145,194,0
SCP,5,20210208,150500,145,152,145,152,1575,0
SCP,5,20210208,151000,151.5,154,146,150,1290,0
SCP,5,20210208,151500,150,150,146,147,1131,0
SCP,5,20210208,152000,147,147.5,147,147,80,0
SCP,5,20210208,152500,147,149,147,149,174,0
SCP,5,20210208,153000,148,148.5,147,148.5,89,0
SCP,5,20210208,153500,148.5,149,148.5,149,24,0
SCP,5,20210208,154000,149,149,149,149,78,0
SCP,5,20210208,154500,150,150,148.5,148.5,147,0
SCP,5,20210208,155000,150,150,149,149,116,0
SCP,5,20210208,155500,149,149,149,149,9,0
SCP,5,20210208,160000,149.5,149.5,149.5,149.5,42,0
SCP,5,20210208,160500,149.5,149.5,149.5,149.5,29,0
SCP,5,20210208,161000,150,150.5,150,150.5,56,0
SCP,5,20210208,161500,150.5,150.5,150,150,29,0
SCP,5,20210208,162000,150,151,150,151,170,0
SCP,5,20210208,162500,151,154,151,152,221,0
SCP,5,20210208,163000,153.5,153.5,153.5,153.5,3,0
SCP,5,20210208,163500,152,153,150,152.5,332,0
SCP,5,20210208,164000,153,155,153,155,362,0
SCP,5,20210208,164500,155,156.5,152.5,156.5,394,0
SCP,5,20210209,090000,158,161,157,161,597,0
SCP,5,20210209,090500,162,164,162,163,320,0
SCP,5,20210209,091000,163,164.5,160,164.5,398,0
SCP,5,20210209,091500,162,163,162,162,71,0
SCP,5,20210209,092000,162,164,162,164,120,0
SCP,5,20210209,092500,162.5,163,162,162,251,0
SCP,5,20210209,093000,162,162,162,162,9,0
SCP,5,20210209,093500,162,162.5,162,162.5,89,0
SCP,5,20210209,094000,160,160,160,160,10,0
SCP,5,20210209,094500,162.5,162.5,160,160,86,0
SCP,5,20210209,095000,160,162,160,162,11,0
SCP,5,20210209,095500,161.5,162,160,162,64,0
SCP,5,20210209,100000,160,160,159,159,50,0
SCP,5,20210209,100500,160,160,159,159,65,0
SCP,5,20210209,101000,160,160,159.5,159.5,33,0
SCP,5,20210209,101500,159,159,158.5,158.5,53,0
SCP,5,20210209,102000,158,159.5,158,159.5,106,0
SCP,5,20210209,102500,159.5,160,158,158,80,0
SCP,5,20210209,103000,158,159,158,159,59,0
SCP,5,20210209,103500,158,158,158,158,10,0
SCP,5,20210209,104500,158,158,157.5,157.5,57,0
SCP,5,20210209,105500,158,158,157.5,157.5,9,0
SCP,5,20210209,110000,157.5,157.5,151,153.5,762,0
SCP,5,20210209,110500,153,154,153,154,27,0
SCP,5,20210209,111000,153.5,154,153,154,39,0
SCP,5,20210209,111500,153,153,153,153,25,0
SCP,5,20210209,112000,153,153,153,153,42,0
SCP,5,20210209,112500,153,153,153,153,28,0
SCP,5,20210209,113000,153,154,153,154,28,0
SCP,5,20210209,114000,152.5,154,152.5,154,70,0
SCP,5,20210209,114500,154,154,154,154,5,0
SCP,5,20210209,121000,155,155,154,154,14,0
SCP,5,20210209,121500,154,154.5,154,154.5,28,0
SCP,5,20210209,122000,154.5,154.5,153,153,112,0
SCP,5,20210209,122500,152.5,152.5,152.5,152.5,66,0
SCP,5,20210209,124500,152,152,152,152,65,0
SCP,5,20210209,133000,151,151,150,150,92,0
SCP,5,20210209,133500,150,151,150,151,213,0
SCP,5,20210209,134000,150,150,150,150,65,0
SCP,5,20210209,134500,151,151,151,151,17,0
SCP,5,20210209,135500,150,150,148.5,148.5,70,0
SCP,5,20210209,140000,149.5,150,148,148,60,0
SCP,5,20210209,140500,148,150,148,150,17,0
SCP,5,20210209,141500,149,149,149,149,14,0
SCP,5,20210209,142500,149,149,148.5,148.5,147,0
SCP,5,20210209,143000,150,150,150,150,19,0
SCP,5,20210209,143500,152,153,150,150,187,0
SCP,5,20210209,144000,152,152,152,152,7,0
SCP,5,20210209,150500,152.5,152.5,152.5,152.5,32,0
SCP,5,20210209,151500,151,151,151,151,33,0
SCP,5,20210209,152000,150,150,147.5,147.5,271,0
SCP,5,20210209,152500,147.5,147.5,145.5,145.5,387,0
SCP,5,20210209,153500,147,149.5,147,149.5,39,0
SCP,5,20210209,160500,148,148,148,148,20,0
SCP,5,20210209,161000,148,148,147.5,147.5,28,0
SCP,5,20210209,161500,148.5,148.5,148.5,148.5,15,0
SCP,5,20210209,162500,149,149,149,149,7,0
SCP,5,20210209,164000,148,148,146.5,146.5,18,0
SCP,5,20210209,164500,149,149,146,146,120,0
SCP,5,20210210,090000,147,149.5,144,149.5,107,0
SCP,5,20210210,092500,148,148,146,146,42,0
SCP,5,20210210,093000,146,146,146,146,24,0
SCP,5,20210210,095000,146,146,146,146,9,0
SCP,5,20210210,103500,145.5,145.5,145.5,145.5,16,0
SCP,5,20210210,104500,145.5,145.5,145,145,10,0
SCP,5,20210210,105500,145.5,145.5,144.5,144.5,100,0
SCP,5,20210210,110000,144.5,144.5,144.5,144.5,6,0
SCP,5,20210210,111000,148,148,144,144,61,0
SCP,5,20210210,111500,144,144,144,144,20,0
SCP,5,20210210,115000,147,147.5,147,147.5,103,0
SCP,5,20210210,115500,147.5,149.5,147.5,149,236,0
SCP,5,20210210,120500,148,148,148,148,5,0
SCP,5,20210210,121500,148,148,148,148,37,0
SCP,5,20210210,124000,148,148,148,148,3,0
SCP,5,20210210,124500,148,148,148,148,15,0
SCP,5,20210210,125500,149,149,148,149,7,0
SCP,5,20210210,130500,149,149,149,149,8,0
SCP,5,20210210,131000,149,149,149,149,18,0
SCP,5,20210210,132000,149,150,149,150,165,0
SCP,5,20210210,133000,150,150,150,150,5,0
SCP,5,20210210,142500,150,152,150,152,14,0
SCP,5,20210210,143000,151.5,151.5,151,151.5,70,0
SCP,5,20210210,143500,151.5,152,151.5,152,35,0
SCP,5,20210210,144000,152,152,152,152,20,0
SCP,5,20210210,144500,152,152,152,152,5,0
SCP,5,20210210,145500,152.5,152.5,152.5,152.5,10,0
SCP,5,20210210,153000,150,150,150,150,31,0
SCP,5,20210210,153500,151,151.5,151,151.5,51,0
SCP,5,20210210,154500,149.5,149.5,149.5,149.5,3,0
SCP,5,20210210,160000,149.5,149.5,149.5,149.5,5,0
SCP,5,20210210,160500,151.5,151.5,149.5,149.5,64,0
SCP,5,20210210,161000,150,150,150,150,20,0
SCP,5,20210210,161500,150,150,150,150,7,0
SCP,5,20210210,162500,149,149,149,149,10,0
SCP,5,20210210,163000,149,149,149,149,47,0
SCP,5,20210210,163500,149,149,149,149,24,0
SCP,5,20210210,164500,148,150,147.5,150,370,0
SCP,5,20210211,090000,152.5,153.5,152.5,153.5,124,0
SCP,5,20210211,090500,154,155,150.5,150.5,185,0
SCP,5,20210211,093000,153,153,153,153,11,0
SCP,5,20210211,094500,153,153.5,150,153,278,0
SCP,5,20210211,095000,153.5,153.5,153.5,153.5,7,0
SCP,5,20210211,095500,153.5,153.5,153.5,153.5,62,0
SCP,5,20210211,100000,154,154.5,154,154.5,20,0
SCP,5,20210211,100500,154,157,154,154.5,360,0
SCP,5,20210211,101000,155,155,155,155,161,0
SCP,5,20210211,101500,156,157,155,155,107,0
SCP,5,20210211,102000,156,156,156,156,352,0
SCP,5,20210211,102500,157.5,157.5,155.5,155.5,36,0
SCP,5,20210211,103000,158,158,158,158,40,0
SCP,5,20210211,104000,158,158,158,158,25,0
SCP,5,20210211,104500,156.5,156.5,156.5,156.5,10,0
SCP,5,20210211,105500,157,157,156.5,156.5,26,0
SCP,5,20210211,110500,157,157,156.5,156.5,35,0
SCP,5,20210211,111500,157,157,156,156,291,0
SCP,5,20210211,112000,156.5,156.5,156.5,156.5,44,0
SCP,5,20210211,112500,156.5,156.5,156.5,156.5,1,0
SCP,5,20210211,113000,156.5,156.5,156.5,156.5,31,0
SCP,5,20210211,113500,156.5,157,156.5,157,20,0
SCP,5,20210211,114500,155.5,155.5,152.5,153,107,0
SCP,5,20210211,115000,155,155,155,155,20,0
SCP,5,20210211,115500,153,153,153,153,1,0
SCP,5,20210211,121500,152,152.5,151.5,152.5,16,0
SCP,5,20210211,125000,152,152,152,152,15,0
SCP,5,20210211,130500,153.5,153.5,152,152,25,0
SCP,5,20210211,131500,155,155,155,155,1,0
SCP,5,20210211,132500,152.5,152.5,152.5,152.5,2,0
SCP,5,20210211,133500,152.5,152.5,152.5,152.5,5,0
SCP,5,20210211,142000,153,153,153,153,9,0
SCP,5,20210211,142500,153.5,155,153.5,155,130,0
SCP,5,20210211,143000,154,154,154,154,25,0
SCP,5,20210211,143500,154,154,154,154,15,0
SCP,5,20210211,145000,154,156.5,154,156.5,62,0
SCP,5,20210211,145500,154.5,157.5,154.5,157.5,36,0
SCP,5,20210211,150000,157.5,157.5,157.5,157.5,10,0
SCP,5,20210211,151000,157.5,157.5,157.5,157.5,25,0
SCP,5,20210211,151500,155.5,155.5,155.5,155.5,2,0
SCP,5,20210211,152000,156.5,156.5,155,155,104,0
SCP,5,20210211,152500,156,156,156,156,11,0
SCP,5,20210211,153000,156,156.5,156,156.5,44,0
SCP,5,20210211,153500,157,157,157,157,65,0
SCP,5,20210211,154000,157,157,157,157,15,0
SCP,5,20210211,154500,157,157,154,154,160,0
SCP,5,20210211,160000,155,155,155,155,4,0
SCP,5,20210211,160500,155,155,155,155,51,0
SCP,5,20210211,161000,154,154,154,154,19,0
SCP,5,20210211,163500,155,156.5,155,156.5,84,0
SCP,5,20210211,164000,157.5,158,157,157,91,0
SCP,5,20210211,164500,157,157.5,157,157,42,0
SCP,5,20210212,090000,153,153,152.5,153,93,0
SCP,5,20210212,090500,153,153,153,153,24,0
SCP,5,20210212,091000,153,153,150,150,157,0
SCP,5,20210212,091500,151,152.5,151,152.5,9,0
SCP,5,20210212,092000,152.5,152.5,152.5,152.5,10,0
SCP,5,20210212,092500,152.5,152.5,152.5,152.5,6,0
SCP,5,20210212,093500,153,153,153,153,30,0
SCP,5,20210212,095500,154,154,154,154,40,0
SCP,5,20210212,100000,154,154.5,154,154.5,10,0
SCP,5,20210212,102500,154,154.5,154,154.5,50,0
SCP,5,20210212,105000,154.5,154.5,154.5,154.5,27,0
SCP,5,20210212,111500,154.5,154.5,154.5,154.5,2,0
SCP,5,20210212,112000,153,153,153,153,1,0
SCP,5,20210212,112500,153,153,152.5,152.5,50,0
SCP,5,20210212,113000,152.5,152.5,151.5,152,85,0
SCP,5,20210212,113500,152,152,151,151,70,0
SCP,5,20210212,120000,151,151,151,151,50,0
SCP,5,20210212,121000,151,151,151,151,10,0
SCP,5,20210212,121500,154,161.5,154,158,1283,0
SCP,5,20210212,122000,158,162,158,160,878,0
SCP,5,20210212,122500,158,158,155.5,156.5,353,0
SCP,5,20210212,123000,157.5,158,157.5,158,36,0
SCP,5,20210212,123500,158,159,158,159,8,0
SCP,5,20210212,124000,157.5,158.5,155,158.5,260,0
SCP,5,20210212,124500,157,157,157,157,11,0
SCP,5,20210212,130000,154.5,155,152.5,155,99,0
SCP,5,20210212,130500,153,155,153,155,12,0
SCP,5,20210212,132500,155,155,155,155,100,0
SCP,5,20210212,133000,155,157,155,157,54,0
SCP,5,20210212,134000,154.5,155,154.5,155,186,0
SCP,5,20210212,134500,155,155,155,155,10,0
SCP,5,20210212,140000,155,155,155,155,10,0
SCP,5,20210212,141000,154.5,154.5,154.5,154.5,33,0
SCP,5,20210212,141500,154,154,154,154,8,0
SCP,5,20210212,143500,154,154,153,153,50,0
SCP,5,20210212,145500,153,153,153,153,52,0
SCP,5,20210212,150500,153,153,153,153,13,0
SCP,5,20210212,151000,153,155,153,155,55,0
SCP,5,20210212,151500,155,156,155,156,187,0
SCP,5,20210212,153000,156,156,156,156,13,0
SCP,5,20210212,155000,154,154,154,154,100,0
SCP,5,20210212,160000,153,153,152.5,152.5,49,0
SCP,5,20210212,160500,152.5,152.5,152.5,152.5,20,0
SCP,5,20210212,161000,153,153,153,153,102,0
SCP,5,20210212,162500,152.5,155.5,152,152,59,0
SCP,5,20210212,163000,152,152,152,152,5,0
SCP,5,20210212,164500,155,155,155,155,42,0
SCP,5,20210215,090000,154,154,148,148,92,0
SCP,5,20210215,091000,149,149,149,149,16,0
SCP,5,20210215,091500,151,152,150,150,62,0
SCP,5,20210215,092500,151,151,151,151,20,0
SCP,5,20210215,093500,151,154,151,154,260,0
SCP,5,20210215,094500,150,150,149,149,20,0
SCP,5,20210215,095000,151,153.5,151,153.5,35,0
SCP,5,20210215,095500,150,150,150,150,20,0
SCP,5,20210215,100000,150,150,150,150,44,0
SCP,5,20210215,101000,150,150,150,150,10,0
SCP,5,20210215,111500,151.5,152,151.5,152,90,0
SCP,5,20210215,113000,152,152,150,150,64,0
SCP,5,20210215,115000,150,150,149.5,149.5,113,0
SCP,5,20210215,115500,150,150,149,149,211,0
SCP,5,20210215,120000,152,152,152,152,4,0
SCP,5,20210215,120500,152,152,152,152,20,0
SCP,5,20210215,122000,150,152,149,149,100,0
SCP,5,20210215,125500,149.5,149.5,149.5,149.5,5,0
SCP,5,20210215,134000,150.5,150.5,150.5,150.5,20,0
SCP,5,20210215,135000,150.5,150.5,150.5,150.5,40,0
SCP,5,20210215,135500,149.5,149.5,149.5,149.5,11,0
SCP,5,20210215,140500,150,150,150,150,10,0
SCP,5,20210215,141000,150,150,150,150,4,0
SCP,5,20210215,141500,150,150,150,150,16,0
SCP,5,20210215,142000,149.5,149.5,149,149,8,0
SCP,5,20210215,144500,150,150,150,150,20,0
SCP,5,20210215,145500,150,150,149.5,149.5,85,0
SCP,5,20210215,153000,149.5,149.5,149.5,149.5,41,0
SCP,5,20210215,155500,151,151,151,151,4,0
SCP,5,20210215,160000,151,151,151,151,1,0
SCP,5,20210215,160500,151,151,151,151,50,0
SCP,5,20210215,161500,151,151,151,151,5,0
SCP,5,20210215,162000,151,154,151,154,333,0
SCP,5,20210216,090000,154,154,154,154,18,0
SCP,5,20210216,090500,154,154,154,154,7,0
SCP,5,20210216,093000,153,153,153,153,20,0
SCP,5,20210216,093500,154,154,154,154,14,0
SCP,5,20210216,094500,154,154,154,154,7,0
SCP,5,20210216,095500,154,154,154,154,3,0
SCP,5,20210216,100000,154,154,154,154,23,0
SCP,5,20210216,102500,153.5,153.5,153.5,153.5,80,0
SCP,5,20210216,105000,151.5,151.5,151.5,151.5,12,0
SCP,5,20210216,111500,152,152,152,152,30,0
SCP,5,20210216,112500,152,152,151,151,10,0
SCP,5,20210216,114000,153,153,153,153,53,0
SCP,5,20210216,114500,153.5,153.5,153.5,153.5,7,0
SCP,5,20210216,120000,151.5,151.5,151,151,30,0
SCP,5,20210216,131000,153.5,153.5,153.5,153.5,10,0
SCP,5,20210216,134500,153.5,153.5,153.5,153.5,3,0
SCP,5,20210216,140500,153.5,153.5,152,152,5,0
SCP,5,20210216,141000,152,152,151,151,100,0
SCP,5,20210216,144000,153,154,153,154,415,0
SCP,5,20210216,144500,154,155,154,155,45,0
SCP,5,20210216,150500,154.5,155,154.5,155,100,0
SCP,5,20210216,151000,155,155,155,155,21,0
SCP,5,20210216,154500,153.5,153.5,153,153,50,0
SCP,5,20210216,155500,153,153,151.5,151.5,150,0
SCP,5,20210216,160500,152,152,152,152,15,0
SCP,5,20210216,162500,152,152,152,152,20,0
SCP,5,20210216,163000,151.5,151.5,151.5,151.5,3,0
SCP,5,20210216,163500,152,152,152,152,29,0
SCP,5,20210216,164500,152,152,152,152,32,0
SCP,5,20210217,090000,153,153,153,153,58,0
SCP,5,20210217,090500,153,154,153,154,26,0
SCP,5,20210217,091000,154,154,154,154,5,0
SCP,5,20210217,091500,154,154,154,154,5,0
SCP,5,20210217,092500,153,153,152,152,30,0
SCP,5,20210217,093000,154,154,151.5,151.5,58,0
SCP,5,20210217,105500,153,153,153,153,10,0
SCP,5,20210217,114500,152.5,152.5,152.5,152.5,16,0
SCP,5,20210217,115500,153.5,154,153.5,154,57,0
SCP,5,20210217,121500,153,153,153,153,8,0
SCP,5,20210217,122000,154,154.5,154,154.5,26,0
SCP,5,20210217,122500,154.5,154.5,154.5,154.5,10,0
SCP,5,20210217,124000,155,155,155,155,44,0
SCP,5,20210217,124500,155,155,155,155,20,0
SCP,5,20210217,125500,154.5,154.5,154.5,154.5,5,0
SCP,5,20210217,131000,153,153,153,153,28,0
SCP,5,20210217,133500,154,154,154,154,50,0
SCP,5,20210217,134500,154,154,154,154,36,0
SCP,5,20210217,140500,154,154,154,154,12,0
SCP,5,20210217,141000,154,154,154,154,20,0
SCP,5,20210217,144000,154,154,154,154,20,0
SCP,5,20210217,144500,153,153,153,153,1,0
SCP,5,20210217,151000,153,153,153,153,10,0
SCP,5,20210217,152000,153,153,152,152,52,0
SCP,5,20210217,153000,152.5,152.5,152.5,152.5,6,0
SCP,5,20210217,155500,153,153,153,153,3,0
SCP,5,20210217,163000,153,153,153,153,11,0
SCP,5,20210217,164500,153.5,154,153.5,154,8,0
SCP,5,20210218,090000,154,154,154,154,1,0
SCP,5,20210218,090500,153,154,152.5,154,120,0
SCP,5,20210218,091500,154,155,154,154,28,0
SCP,5,20210218,092500,154,154,154,154,7,0
SCP,5,20210218,093500,155,155,155,155,110,0
SCP,5,20210218,094000,155,158,155,158,141,0
SCP,5,20210218,094500,157,158,156,158,37,0
SCP,5,20210218,095000,158,158,158,158,65,0
SCP,5,20210218,095500,158,158,158,158,10,0
SCP,5,20210218,100000,158.5,160,158.5,160,280,0
SCP,5,20210218,100500,160,160,159.5,159.5,27,0
SCP,5,20210218,101000,160,160,159.5,159.5,67,0
SCP,5,20210218,101500,159.5,160,159.5,160,11,0
SCP,5,20210218,102000,160,160,160,160,74,0
SCP,5,20210218,102500,159.5,160,159.5,160,148,0
SCP,5,20210218,103000,160,162,160,162,121,0
SCP,5,20210218,103500,162,162.5,162,162.5,72,0
SCP,5,20210218,104000,163,163,161,161,66,0
SCP,5,20210218,104500,163.5,163.5,163.5,163.5,12,0
SCP,5,20210218,105000,163,163.5,163,163,47,0
SCP,5,20210218,105500,163,163,161,161,161,0
SCP,5,20210218,110000,163,163,163,163,2,0
SCP,5,20210218,110500,163,163,163,163,20,0
SCP,5,20210218,111000,163,163,163,163,20,0
SCP,5,20210218,111500,161.5,161.5,161.5,161.5,29,0
SCP,5,20210218,113000,160.5,160.5,160.5,160.5,31,0
SCP,5,20210218,113500,160.5,160.5,160.5,160.5,11,0
SCP,5,20210218,114500,161,161.5,161,161.5,25,0
SCP,5,20210218,115000,162,162,162,162,8,0
SCP,5,20210218,122000,162.5,162.5,162.5,162.5,48,0
SCP,5,20210218,124000,162,163,162,163,9,0
SCP,5,20210218,130000,162.5,162.5,162.5,162.5,4,0
SCP,5,20210218,131500,161,161,159,160,181,0
SCP,5,20210218,132000,162.5,162.5,162.5,162.5,5,0
SCP,5,20210218,133500,160,160,160,160,3,0
SCP,5,20210218,135000,159.5,159.5,159.5,159.5,13,0
SCP,5,20210218,135500,159.5,159.5,159,159,53,0
SCP,5,20210218,140000,159,159,158.5,158.5,19,0
SCP,5,20210218,142000,158,158,158,158,30,0
SCP,5,20210218,145500,158,158,158,158,15,0
SCP,5,20210218,150000,160,160,160,160,30,0
SCP,5,20210218,152500,160,160,160,160,10,0
SCP,5,20210218,161500,158,158,157.5,157.5,33,0
SCP,5,20210218,162500,158,160,158,160,14,0
SCP,5,20210218,164000,157.5,157.5,156,156,149,0
SCP,5,20210218,164500,156,157,156,157,77,0
SCP,5,20210219,090000,157.5,158,157.5,158,109,0
SCP,5,20210219,090500,162,162,162,162,1,0
SCP,5,20210219,091000,162,165,162,165,378,0
SCP,5,20210219,091500,165,166,165,165,46,0
SCP,5,20210219,092000,165,165,165,165,5,0
SCP,5,20210219,092500,164.5,164.5,162.5,164.5,10,0
SCP,5,20210219,093000,164.5,165,164.5,165,37,0
SCP,5,20210219,093500,165,165,165,165,50,0
SCP,5,20210219,094000,164,164,164,164,10,0
SCP,5,20210219,094500,165,165,165,165,35,0
SCP,5,20210219,095000,165,166,165,166,26,0
SCP,5,20210219,095500,165,165,165,165,60,0
SCP,5,20210219,100000,165,165,165,165,15,0
SCP,5,20210219,101000,165,165,165,165,50,0
SCP,5,20210219,101500,165,165,165,165,20,0
SCP,5,20210219,102500,164,164,163,163,55,0
SCP,5,20210219,103000,162.5,162.5,162.5,162.5,23,0
SCP,5,20210219,103500,163,164,163,164,7,0
SCP,5,20210219,104500,164,164,164,164,5,0
SCP,5,20210219,105500,164,164,164,164,2,0
SCP,5,20210219,110000,164,164,164,164,27,0
SCP,5,20210219,111000,162.5,162.5,162.5,162.5,6,0
SCP,5,20210219,111500,162.5,164,162.5,164,11,0
SCP,5,20210219,114000,163,163,162,162,50,0
SCP,5,20210219,120500,163.5,163.5,163.5,163.5,10,0
SCP,5,20210219,122500,164,164,164,164,5,0
SCP,5,20210219,124500,161.5,161.5,160,160,530,0
SCP,5,20210219,131000,162,162,162,162,5,0
SCP,5,20210219,132000,163,163,163,163,10,0
SCP,5,20210219,132500,162,162,162,162,55,0
SCP,5,20210219,133000,164,164,164,164,32,0
SCP,5,20210219,133500,164,165,163,165,96,0
SCP,5,20210219,134000,165,165,164.5,164.5,43,0
SCP,5,20210219,134500,164.5,164.5,164.5,164.5,7,0
SCP,5,20210219,135500,164.5,165,164.5,165,96,0
SCP,5,20210219,140000,164,164,163.5,163.5,41,0
SCP,5,20210219,140500,163.5,163.5,163.5,163.5,50,0
SCP,5,20210219,141000,163.5,163.5,161,161,25,0
SCP,5,20210219,142000,164.5,164.5,164.5,164.5,2,0
SCP,5,20210219,142500,162,162,162,162,60,0
SCP,5,20210219,143500,162,162,161.5,161.5,60,0
SCP,5,20210219,144500,164.5,164.5,164.5,164.5,1,0
SCP,5,20210219,150500,163,164.5,163,164.5,15,0
SCP,5,20210219,152000,162,162,162,162,60,0
SCP,5,20210219,153500,164.5,164.5,164.5,164.5,10,0
SCP,5,20210219,154500,164.5,164.5,164.5,164.5,17,0
SCP,5,20210219,155500,164.5,164.5,164.5,164.5,42,0
SCP,5,20210219,160500,163,163,163,163,13,0
SCP,5,20210219,161000,163,163,163,163,11,0
SCP,5,20210219,161500,162.5,162.5,162,162,54,0
SCP,5,20210219,162000,162,162,162,162,3,0
SCP,5,20210219,162500,163,163,163,163,2,0
SCP,5,20210219,163500,162,162,162,162,10,0
SCP,5,20210219,164500,164,164,164,164,9,0
SCP,5,20210222,090000,164.5,164.5,164.5,164.5,36,0
SCP,5,20210222,090500,164.5,167,164.5,167,118,0
SCP,5,20210222,091000,167,170,167,168.5,149,0
SCP,5,20210222,091500,168.5,168.5,168.5,168.5,23,0
SCP,5,20210222,092000,167,167,167,167,136,0
SCP,5,20210222,092500,167,167,167,167,35,0
SCP,5,20210222,094000,165.5,165.5,165,165,69,0
SCP,5,20210222,100500,166.5,166.5,166.5,166.5,2,0
SCP,5,20210222,101000,166,166.5,166,166.5,15,0
SCP,5,20210222,102000,166,166,166,166,20,0
SCP,5,20210222,102500,165.5,166.5,165.5,166.5,7,0
SCP,5,20210222,103500,166.5,166.5,166.5,166.5,11,0
SCP,5,20210222,104500,165.5,165.5,164,164,250,0
SCP,5,20210222,112000,164.5,164.5,164.5,164.5,6,0
SCP,5,20210222,113000,164.5,164.5,164.5,164.5,10,0
SCP,5,20210222,114000,165,165,165,165,4,0
SCP,5,20210222,120500,164.5,165,164.5,165,106,0
SCP,5,20210222,124500,166,166,166,166,8,0
SCP,5,20210222,131000,166,166,166,166,15,0
SCP,5,20210222,132500,166,166,166,166,38,0
SCP,5,20210222,133000,165,165,164.5,164.5,10,0
SCP,5,20210222,133500,165,165,165,165,10,0
SCP,5,20210222,135500,166,166,166,166,8,0
SCP,5,20210222,142500,166,167,166,167,36,0
SCP,5,20210222,144500,166,166,166,166,50,0
SCP,5,20210222,145000,167,167,166.5,166.5,111,0
SCP,5,20210222,150000,167,167,167,167,6,0
SCP,5,20210222,152500,166.5,166.5,166.5,166.5,12,0
SCP,5,20210222,154500,166.5,166.5,166,166,13,0
SCP,5,20210222,155000,165,165,165,165,602,0
SCP,5,20210222,155500,167,167,167,167,3,0
SCP,5,20210222,160000,165,165,165,165,5,0
SCP,5,20210222,160500,165,165,165,165,4,0
SCP,5,20210222,161000,164,164,164,164,36,0
SCP,5,20210222,164500,164,167,164,167,52,0
SCP,5,20210223,090000,167,167,167,167,1,0
SCP,5,20210223,093000,164,164,161,161,32,0
SCP,5,20210223,093500,165,165,165,165,1,0
SCP,5,20210223,100500,163,163,161,161,50,0
SCP,5,20210223,102500,162,162,162,162,10,0
SCP,5,20210223,103000,161,161,160.5,160.5,50,0
SCP,5,20210223,103500,160.5,160.5,160,160,14,0
SCP,5,20210223,111000,160.5,160.5,160.5,160.5,30,0
SCP,5,20210223,112500,160.5,160.5,160.5,160.5,6,0
SCP,5,20210223,113500,160,160,160,160,139,0
SCP,5,20210223,114000,160,160,158,158,159,0
SCP,5,20210223,115500,158.5,158.5,158,158,52,0
SCP,5,20210223,120500,158,160.5,158,160.5,30,0
SCP,5,20210223,121000,158.5,158.5,158.5,158.5,10,0
SCP,5,20210223,123500,159,159,159,159,30,0
SCP,5,20210223,124000,158.5,158.5,158,158,20,0
SCP,5,20210223,124500,158,158,158,158,128,0
SCP,5,20210223,125000,158,158,158,158,80,0
SCP,5,20210223,125500,158,158,158,158,7,0
SCP,5,20210223,130000,158,159,157,157,149,0
SCP,5,20210223,130500,159,159,159,159,2,0
SCP,5,20210223,131500,158,158,155.5,155.5,100,0
SCP,5,20210223,132000,155.5,158,155.5,158,35,0
SCP,5,20210223,132500,156,156,155.5,155.5,39,0
SCP,5,20210223,133000,156,156,156,156,30,0
SCP,5,20210223,133500,156,156,156,156,31,0
SCP,5,20210223,134000,157.5,157.5,157.5,157.5,3,0
SCP,5,20210223,135500,157.5,157.5,157.5,157.5,32,0
SCP,5,20210223,141500,156,156,155.5,155.5,35,0
SCP,5,20210223,142000,157.5,157.5,155.5,155.5,35,0
SCP,5,20210223,142500,157.5,157.5,157.5,157.5,3,0
SCP,5,20210223,143000,157.5,157.5,157.5,157.5,19,0
SCP,5,20210223,145500,156,156,156,156,22,0
SCP,5,20210223,150000,155.5,156,155,156,58,0
SCP,5,20210223,151000,157,157,154,154,126,0
SCP,5,20210223,151500,157,157,157,157,17,0
SCP,5,20210223,152000,157.5,157.5,157.5,157.5,23,0
SCP,5,20210223,154500,159,159,159,159,1,0
SCP,5,20210223,155500,154.5,154.5,154,154,68,0
SCP,5,20210223,160000,154,156,154,155,56,0
SCP,5,20210223,160500,154.5,154.5,154.5,154.5,5,0
SCP,5,20210223,161000,155.5,155.5,155.5,155.5,13,0
SCP,5,20210223,161500,155,156,155,156,93,0
SCP,5,20210223,162500,156,156,156,156,16,0
SCP,5,20210223,163500,158,159,158,159,7,0
SCP,5,20210223,164000,156,160,155.5,160,104,0
SCP,5,20210223,164500,160,161.5,160,161.5,54,0
SCP,5,20210224,090000,161.5,161.5,161.5,161.5,1,0
SCP,5,20210224,091000,161.5,164.5,161.5,164.5,41,0
SCP,5,20210224,091500,164.5,164.5,164.5,164.5,10,0
SCP,5,20210224,092500,160,160,158,158,70,0
SCP,5,20210224,093000,158,158,158,158,137,0
SCP,5,20210224,093500,158,158,158,158,50,0
SCP,5,20210224,094000,158,158,158,158,150,0
SCP,5,20210224,094500,157,157,155.5,155.5,24,0
SCP,5,20210224,095000,156,156,156,156,1,0
SCP,5,20210224,100500,158,158,158,158,2,0
SCP,5,20210224,105000,158,158,158,158,2,0
SCP,5,20210224,110000,157,158,157,158,31,0
SCP,5,20210224,110500,158,158,158,158,30,0
SCP,5,20210224,111000,158,158,158,158,10,0
SCP,5,20210224,112000,158,158,158,158,99,0
SCP,5,20210224,113500,156.5,156.5,154,154,422,0
SCP,5,20210224,114000,154,154,153.5,154,63,0
SCP,5,20210224,114500,154,154,154,154,40,0
SCP,5,20210224,115000,154,154,154,154,11,0
SCP,5,20210224,115500,154,154,151.5,154,254,0
SCP,5,20210224,120000,152.5,152.5,149,150,592,0
SCP,5,20210224,120500,150,150,150,150,410,0
SCP,5,20210224,121000,150,150,146.5,147,400,0
SCP,5,20210224,121500,147,147,147,147,212,0
SCP,5,20210224,122000,147,147,144,145,1274,0
SCP,5,20210224,122500,148.5,149.5,148.5,149,195,0
SCP,5,20210224,123000,149,154.5,149,152,53,0
SCP,5,20210224,123500,150,152.5,150,152.5,86,0
SCP,5,20210224,125500,151.5,151.5,151.5,151.5,50,0
SCP,5,20210224,130500,149.5,149.5,141.5,148,875,0
SCP,5,20210224,131000,147.5,148,146.5,146.5,64,0
SCP,5,20210224,131500,146,146,139,140,2097,0
SCP,5,20210224,132000,140,140,139,140,960,0
SCP,5,20210224,132500,140,140,139.5,140,808,0
SCP,5,20210224,133000,139.5,140,138,139.5,541,0
SCP,5,20210224,133500,139.5,140,139,140,1190,0
SCP,5,20210224,134000,140,140,139,139,381,0
SCP,5,20210224,134500,140,143,139.5,143,1177,0
SCP,5,20210224,135000,143,144,142,144,439,0
SCP,5,20210224,135500,144,144,139,140,672,0
SCP,5,20210224,140000,139.5,142.5,139.5,141,293,0
SCP,5,20210224,140500,141,142,141,141,176,0
SCP,5,20210224,141000,141,141,141,141,82,0
SCP,5,20210224,141500,140,140.5,140,140.5,118,0
SCP,5,20210224,142000,140.5,141,139.5,139.5,254,0
SCP,5,20210224,142500,140,141.5,140,141.5,221,0
SCP,5,20210224,143000,141.5,142,141.5,142,462,0
SCP,5,20210224,143500,141.5,141.5,140.5,140.5,331,0
SCP,5,20210224,144000,142,142,142,142,100,0
SCP,5,20210224,144500,142,142,142,142,38,0
SCP,5,20210224,145000,142,142,141.5,141.5,48,0
SCP,5,20210224,145500,142,142,142,142,30,0
SCP,5,20210224,150000,142.5,142.5,142,142,72,0
SCP,5,20210224,150500,142,142,142,142,9,0
SCP,5,20210224,151500,142,142,142,142,260,0
SCP,5,20210224,152000,142,142.5,141,141,403,0
SCP,5,20210224,153500,141,141,139,139,709,0
SCP,5,20210224,154000,139,139,138,139,369,0
SCP,5,20210224,154500,139,139.5,139,139.5,111,0
SCP,5,20210224,155000,140,140,140,140,101,0
SCP,5,20210224,155500,139.5,140,139,139,43,0
SCP,5,20210224,160000,140,142,140,142,21,0
SCP,5,20210224,160500,141.5,141.5,141.5,141.5,14,0
SCP,5,20210224,161000,141.5,141.5,141.5,141.5,12,0
SCP,5,20210224,161500,141.5,142.5,141.5,142.5,34,0
SCP,5,20210224,162000,142.5,142.5,142.5,142.5,7,0
SCP,5,20210224,162500,141.5,141.5,141.5,141.5,23,0
SCP,5,20210224,163000,141.5,141.5,141,141,31,0
SCP,5,20210224,163500,141.5,141.5,141.5,141.5,16,0
SCP,5,20210224,164000,141,141,140,140,126,0
SCP,5,20210224,164500,140,141.5,140,141,181,0
SCP,5,20210224,165500,139,139,139,139,163,0
SCP,5,20210225,090000,142,145,142,143,152,0
SCP,5,20210225,090500,144,145.5,144,145,22,0
SCP,5,20210225,091000,145,145,143,143,74,0
SCP,5,20210225,091500,142,142,142,142,40,0
SCP,5,20210225,092000,141.5,141.5,140,141,174,0
SCP,5,20210225,092500,140.5,140.5,139.5,140,94,0
SCP,5,20210225,093000,140,143,140,143,34,0
SCP,5,20210225,093500,143,143,143,143,122,0
SCP,5,20210225,094000,143,143,143,143,7,0
SCP,5,20210225,102000,142.5,142.5,142,142,25,0
SCP,5,20210225,103000,142,142,141,141,12,0
SCP,5,20210225,103500,142,142,142,142,35,0
SCP,5,20210225,104000,142,142,142,142,20,0
SCP,5,20210225,104500,142,142,142,142,1,0
SCP,5,20210225,105000,143,143,143,143,3,0
SCP,5,20210225,110500,143,143,143,143,10,0
SCP,5,20210225,111500,142,142,139,139,398,0
SCP,5,20210225,112500,139,139,139,139,25,0
SCP,5,20210225,113000,139,140.5,139,140.5,128,0
SCP,5,20210225,113500,140.5,140.5,140.5,140.5,5,0
SCP,5,20210225,114500,140.5,140.5,139,139,62,0
SCP,5,20210225,115000,140,140,136,136,547,0
SCP,5,20210225,115500,136,136,124,134,2859,0
SCP,5,20210225,120000,134,134,130.5,132,529,0
SCP,5,20210225,120500,132,132,131,132,97,0
SCP,5,20210225,121000,132.5,132.5,131,132,92,0
SCP,5,20210225,121500,132,132,131,131,250,0
SCP,5,20210225,122000,131,132,131,132,335,0
SCP,5,20210225,122500,132,132,131,132,320,0
SCP,5,20210225,123000,132,132,132,132,25,0
SCP,5,20210225,123500,132,132,131,132,117,0
SCP,5,20210225,124000,132,134.5,132,134.5,106,0
SCP,5,20210225,124500,132,132.5,132,132,124,0
SCP,5,20210225,125500,132,132,131.5,132,43,0
SCP,5,20210225,130000,131,131,130,130,206,0
SCP,5,20210225,130500,130,130,128,128,102,0
SCP,5,20210225,131000,128,129,128,128,216,0
SCP,5,20210225,132000,129,131.5,128,131.5,226,0
SCP,5,20210225,132500,130,130,130,130,1134,0
SCP,5,20210225,133000,130,130,130,130,400,0
SCP,5,20210225,133500,130,130.5,130,130,136,0
SCP,5,20210225,134000,130.5,130.5,130,130,140,0
SCP,5,20210225,134500,130.5,130.5,130,130,71,0
SCP,5,20210225,135000,130.5,130.5,130,130.5,30,0
SCP,5,20210225,135500,130.5,130.5,130.5,130.5,50,0
SCP,5,20210225,140500,130.5,130.5,130.5,130.5,5,0
SCP,5,20210225,141000,130.5,130.5,130.5,130.5,260,0
SCP,5,20210225,141500,129.5,129.5,129.5,129.5,132,0
SCP,5,20210225,142000,129.5,129.5,129,129,120,0
SCP,5,20210225,142500,130,130,130,130,20,0
SCP,5,20210225,143000,130,130,130,130,67,0
SCP,5,20210225,143500,129,129,129,129,60,0
SCP,5,20210225,144000,129.5,129.5,128,128,230,0
SCP,5,20210225,144500,128,128,128,128,63,0
SCP,5,20210225,145000,128,128.5,127,127,236,0
SCP,5,20210225,145500,127,127,126.5,126.5,47,0
SCP,5,20210225,150000,127,127,126,126,153,0
SCP,5,20210225,150500,126,126,123.5,124,1139,0
SCP,5,20210225,151000,124,127,124,127,176,0
SCP,5,20210225,151500,128,129,127,127.5,430,0
SCP,5,20210225,152000,128,128.5,128,128.5,148,0
SCP,5,20210225,152500,128.5,129,127,129,406,0
SCP,5,20210225,153000,129,129.5,129,129.5,147,0
SCP,5,20210225,153500,127.5,128.5,127.5,128.5,29,0
SCP,5,20210225,154000,129,129,129,129,214,0
SCP,5,20210225,154500,132,132,130,130,221,0
SCP,5,20210225,155000,131.5,131.5,130,131.5,1178,0
SCP,5,20210225,155500,131.5,131.5,130,130,97,0
SCP,5,20210225,160000,130,130,128.5,130,272,0
SCP,5,20210225,160500,129,129,129,129,262,0
SCP,5,20210225,161000,128.5,130,128.5,130,4,0
SCP,5,20210225,161500,130,130,130,130,21,0
SCP,5,20210225,162000,130,130,128,130,340,0
SCP,5,20210225,162500,128,129.5,125,126,521,0
SCP,5,20210225,163000,127,127,124,124,623,0
SCP,5,20210225,163500,128,128,126,126,63,0
SCP,5,20210225,164000,128.5,129,128,129,188,0
SCP,5,20210225,164500,128.5,128.5,127,127.5,516,0
SCP,5,20210226,090000,119,119.5,115.5,118,2852,0
SCP,5,20210226,090500,118,120,117,119,1716,0
SCP,5,20210226,091000,119,125,119,125,667,0
SCP,5,20210226,091500,125,125,122,122,584,0
SCP,5,20210226,092000,123,124,123,124,100,0
SCP,5,20210226,092500,124.5,125,124,125,154,0
SCP,5,20210226,093000,126,129,126,128.5,286,0
SCP,5,20210226,093500,128.5,129,126,126,343,0
SCP,5,20210226,094000,128,129.5,127,129,269,0
SCP,5,20210226,094500,129,129,128.5,128.5,105,0
SCP,5,20210226,095000,129,129.5,128.5,129.5,581,0
SCP,5,20210226,095500,129.5,132,129.5,131,346,0
SCP,5,20210226,100000,131.5,133,131.5,133,196,0
SCP,5,20210226,100500,132,132,128,128,609,0
SCP,5,20210226,101000,127,127,127,127,15,0
SCP,5,20210226,101500,127,127,127,127,10,0
SCP,5,20210226,102000,127,132.5,127,130.5,320,0
SCP,5,20210226,102500,130,130,127.5,127.5,55,0
SCP,5,20210226,103000,128,128,128,128,7,0
SCP,5,20210226,104000,127,128,127,128,65,0
SCP,5,20210226,104500,128,128,128,128,46,0
SCP,5,20210226,105000,128.5,130,128.5,130,117,0
SCP,5,20210226,105500,130,130.5,130,130.5,18,0
SCP,5,20210226,110000,130.5,130.5,130,130,27,0
SCP,5,20210226,111000,130,131,130,130,25,0
SCP,5,20210226,111500,130,130,129.5,130,342,0
SCP,5,20210226,112000,129.5,129.5,128,128,159,0
SCP,5,20210226,113000,128,128,125,125,439,0
SCP,5,20210226,113500,125,125,125,125,36,0
SCP,5,20210226,114000,126.5,129,126.5,129,78,0
SCP,5,20210226,114500,128.5,128.5,125,125,140,0
SCP,5,20210226,120000,126,126,124.5,125,189,0
SCP,5,20210226,120500,126.5,126.5,126.5,126.5,5,0
SCP,5,20210226,121000,126,127,125,127,303,0
SCP,5,20210226,122500,127,127,127,127,26,0
SCP,5,20210226,123000,127,127,127,127,30,0
SCP,5,20210226,124500,125,125,123,123,279,0
SCP,5,20210226,125000,123,123,120,120,889,0
SCP,5,20210226,125500,120.5,122,120,120.5,1260,0
SCP,5,20210226,130000,120.5,121,120.5,121,147,0
SCP,5,20210226,130500,121,121,121,121,250,0
SCP,5,20210226,131000,121,121,121,121,43,0
SCP,5,20210226,131500,122.5,122.5,121,121,199,0
SCP,5,20210226,132000,123,123,120.5,121,731,0
SCP,5,20210226,132500,121,121,120.5,121,138,0
SCP,5,20210226,133000,121,121,120,120.5,170,0
SCP,5,20210226,133500,120.5,120.5,117.5,118,715,0
SCP,5,20210226,134000,117.5,119,117,119,637,0
SCP,5,20210226,134500,120,120,117,120,274,0
SCP,5,20210226,135000,118.5,120,118.5,119,138,0
SCP,5,20210226,135500,118.5,119,118.5,118.5,56,0
SCP,5,20210226,140000,118.5,119.5,118,118,79,0
SCP,5,20210226,140500,119,119,118,118,169,0
SCP,5,20210226,141000,117.5,117.5,112,112,3155,0
SCP,5,20210226,141500,113,118.5,113,115.5,756,0
SCP,5,20210226,142000,116.5,118.5,115.5,117.5,601,0
SCP,5,20210226,142500,115.5,117.5,115,117.5,123,0
SCP,5,20210226,143000,118,120,117,120,479,0
SCP,5,20210226,143500,118,118,116,116,346,0
SCP,5,20210226,144000,119,119,116.5,119,38,0
SCP,5,20210226,144500,119,119,117,118,136,0
SCP,5,20210226,145000,118,118,116.5,116.5,314,0
SCP,5,20210226,145500,118.5,118.5,114,114,1193,0
SCP,5,20210226,150000,114.5,116.5,114,114,195,0
SCP,5,20210226,150500,115,116.5,114.5,114.5,127,0
SCP,5,20210226,151000,114.5,115,114.5,115,68,0
SCP,5,20210226,151500,115,115.5,113,113,650,0
SCP,5,20210226,152000,115,115,114.5,115,127,0
SCP,5,20210226,152500,115,115,114,114,85,0
SCP,5,20210226,153000,115,115,114,115,146,0
SCP,5,20210226,153500,115,115.5,115,115.5,167,0
SCP,5,20210226,154000,115.5,118.5,115.5,118.5,519,0
SCP,5,20210226,154500,118.5,119,118.5,118.5,91,0
SCP,5,20210226,155000,117,117,115,115,330,0
SCP,5,20210226,155500,116,116,115,116,41,0
SCP,5,20210226,160000,116,116,113.5,113.5,1371,0
SCP,5,20210226,160500,114,115,113,113,281,0
SCP,5,20210226,161000,114,114,114,114,9,0
SCP,5,20210226,161500,115,115,115,115,33,0
SCP,5,20210226,162000,115,115.5,114.5,114.5,260,0
SCP,5,20210226,162500,114,115,114,114,251,0
SCP,5,20210226,163000,114,115,114,115,242,0
SCP,5,20210226,163500,114.5,114.5,112,112.5,1130,0
SCP,5,20210226,164000,112.5,112.5,112,112,600,0
SCP,5,20210226,164500,112,112,110,110,3218,0
SCP,5,20210301,090000,113,118.5,111,118.5,1529,0
SCP,5,20210301,090500,118.5,123.5,116.5,121,867,0
SCP,5,20210301,091000,120.5,120.5,118,118.5,642,0
SCP,5,20210301,091500,119,119,117,118,724,0
SCP,5,20210301,092000,118,119,118,119,211,0
SCP,5,20210301,092500,119,120,119,119,284,0
SCP,5,20210301,093000,119,121,119,121,115,0
SCP,5,20210301,093500,121,122,121,122,262,0
SCP,5,20210301,094000,122,125,122,123.5,648,0
SCP,5,20210301,094500,123,124,123,123.5,124,0
SCP,5,20210301,095000,123.5,125,123.5,125,155,0
SCP,5,20210301,095500,124.5,127,124.5,126,331,0
SCP,5,20210301,100000,126,126,125,126,50,0
SCP,5,20210301,100500,125.5,126,125.5,126,74,0
SCP,5,20210301,101000,126,126,126,126,7,0
SCP,5,20210301,101500,126,126,126,126,78,0
SCP,5,20210301,102000,126.5,127.5,126.5,127.5,35,0
SCP,5,20210301,102500,126,126,126,126,397,0
SCP,5,20210301,103000,127,128,127,127,274,0
SCP,5,20210301,104000,127,127,127,127,13,0
SCP,5,20210301,104500,125,125,125,125,10,0
SCP,5,20210301,105000,127,127,127,127,40,0
SCP,5,20210301,105500,127,127,125,125,95,0
SCP,5,20210301,110000,125,125,124,124,42,0
SCP,5,20210301,110500,125,125,122.5,122.5,73,0
SCP,5,20210301,111000,123.5,123.5,123.5,123.5,5,0
SCP,5,20210301,111500,123,123,123,123,61,0
SCP,5,20210301,112000,124,124,124,124,21,0
SCP,5,20210301,112500,125,125,125,125,49,0
SCP,5,20210301,113000,125,125,125,125,7,0
SCP,5,20210301,113500,125,125,125,125,35,0
SCP,5,20210301,114000,125.5,125.5,125.5,125.5,20,0
SCP,5,20210301,114500,124,124,124,124,3,0
SCP,5,20210301,120500,125.5,125.5,125.5,125.5,65,0
SCP,5,20210301,121000,126,126,126,126,19,0
SCP,5,20210301,123000,125,125,124,124,154,0
SCP,5,20210301,125000,125,125,125,125,14,0
SCP,5,20210301,131000,125,125,125,125,104,0
SCP,5,20210301,131500,125,125,125,125,1,0
SCP,5,20210301,132000,123,123,123,123,29,0
SCP,5,20210301,132500,124.5,124.5,124.5,124.5,2,0
SCP,5,20210301,135500,124,124,123,123,48,0
SCP,5,20210301,140000,123,123,123,123,48,0
SCP,5,20210301,140500,124,124,124,124,2,0
SCP,5,20210301,141000,124,125,124,125,175,0
SCP,5,20210301,141500,125,125,125,125,20,0
SCP,5,20210301,142000,125.5,126,125.5,126,62,0
SCP,5,20210301,143000,125,125,125,125,4,0
SCP,5,20210301,150000,124,124,124,124,10,0
SCP,5,20210301,150500,125,125,125,125,16,0
SCP,5,20210301,152500,125,125,125,125,3,0
SCP,5,20210301,154500,124,124,124,124,40,0
SCP,5,20210301,155500,124,124,124,124,8,0
SCP,5,20210301,160500,125,125.5,125,125.5,158,0
SCP,5,20210301,161000,125.5,125.5,125.5,125.5,13,0
SCP,5,20210301,161500,125,125,125,125,6,0
SCP,5,20210301,162000,125,126,125,126,82,0
SCP,5,20210301,162500,125,126,125,126,25,0
SCP,5,20210301,163000,126,126.5,126,126.5,148,0
SCP,5,20210301,163500,126,127,126,127,10,0
SCP,5,20210301,164000,126.5,127,126.5,127,110,0
SCP,5,20210301,164500,126,128,126,128,326,0
SCP,5,20210302,090000,129,129.5,128,128,343,0
SCP,5,20210302,090500,125,125,122.5,122.5,295,0
SCP,5,20210302,091000,122.5,123,120.5,120.5,260,0
SCP,5,20210302,092000,122,122,122,122,6,0
SCP,5,20210302,092500,122,123.5,122,123.5,80,0
SCP,5,20210302,093500,123,124,123,123,45,0
SCP,5,20210302,094500,123,124,123,124,4,0
SCP,5,20210302,095000,124,124.5,124,124.5,38,0
SCP,5,20210302,095500,124.5,124.5,124.5,124.5,1,0
SCP,5,20210302,100000,124.5,124.5,124.5,124.5,1,0
SCP,5,20210302,100500,124,124,123.5,123.5,100,0
SCP,5,20210302,101000,124,124,124,124,28,0
SCP,5,20210302,102000,124,124,124,124,13,0
SCP,5,20210302,103000,124,124,124,124,36,0
SCP,5,20210302,104000,123.5,123.5,123.5,123.5,14,0
SCP,5,20210302,113500,126,127,126,127,31,0
SCP,5,20210302,114500,126,126.5,126,126.5,20,0
SCP,5,20210302,115000,126,126,126,126,20,0
SCP,5,20210302,120500,125,125,125,125,2,0
SCP,5,20210302,121000,125,125,125,125,17,0
SCP,5,20210302,121500,127,127,127,127,21,0
SCP,5,20210302,122000,125,125,124.5,124.5,174,0
SCP,5,20210302,123000,124.5,124.5,124,124,50,0
SCP,5,20210302,124000,124,124,123.5,123.5,100,0
SCP,5,20210302,124500,123.5,123.5,123.5,123.5,37,0
SCP,5,20210302,125500,123.5,123.5,123.5,123.5,8,0
SCP,5,20210302,130500,123.5,123.5,123.5,123.5,30,0
SCP,5,20210302,142500,123.5,123.5,123.5,123.5,27,0
SCP,5,20210302,143000,124.5,124.5,124.5,124.5,22,0
SCP,5,20210302,143500,124.5,124.5,124.5,124.5,10,0
SCP,5,20210302,144500,123.5,123.5,123.5,123.5,17,0
SCP,5,20210302,145000,123.5,124.5,123.5,124.5,38,0
SCP,5,20210302,145500,123.5,123.5,123,123,11,0
SCP,5,20210302,151000,123,123,123,123,20,0
SCP,5,20210302,152500,124.5,124.5,124.5,124.5,39,0
SCP,5,20210302,153000,125,125,125,125,56,0
SCP,5,20210302,155500,125.5,126,125,125,14,0
SCP,5,20210302,160500,124,124,123.5,123.5,43,0
SCP,5,20210302,161000,125,125,125,125,253,0
SCP,5,20210302,163000,125.5,125.5,124.5,124.5,30,0
SCP,5,20210302,164000,124,124,123.5,123.5,25,0
SCP,5,20210302,164500,126,126,125,126,15,0
SCP,5,20210303,090000,128.5,128.5,127,127,83,0
SCP,5,20210303,090500,127.5,128,127.5,128,13,0
SCP,5,20210303,091000,125.5,125.5,125,125,310,0
SCP,5,20210303,091500,125.5,125.5,125.5,125.5,30,0
SCP,5,20210303,092500,127,127,127,127,20,0
SCP,5,20210303,093000,126,126,125.5,125.5,104,0
SCP,5,20210303,093500,125.5,125.5,122,122,120,0
SCP,5,20210303,095000,125,126,125,126,92,0
SCP,5,20210303,103000,125,125,125,125,40,0
SCP,5,20210303,103500,125,125,125,125,10,0
SCP,5,20210303,104500,124.5,124.5,124.5,124.5,7,0
SCP,5,20210303,105500,124.5,124.5,123.5,123.5,180,0
SCP,5,20210303,110000,123.5,123.5,123.5,123.5,50,0
SCP,5,20210303,111000,123.5,123.5,123,123,132,0
SCP,5,20210303,111500,124,124,124,124,40,0
SCP,5,20210303,114500,125,125,125,125,24,0
SCP,5,20210303,121500,124,124,124,124,15,0
SCP,5,20210303,122500,124,124,124,124,10,0
SCP,5,20210303,123000,124,124,124,124,2,0
SCP,5,20210303,132500,124.5,124.5,124.5,124.5,13,0
SCP,5,20210303,133000,124.5,124.5,124.5,124.5,12,0
SCP,5,20210303,134000,124.5,124.5,124.5,124.5,36,0
SCP,5,20210303,135500,124.5,124.5,124.5,124.5,21,0
SCP,5,20210303,141000,125.5,125.5,125.5,125.5,4,0
SCP,5,20210303,141500,125.5,125.5,125.5,125.5,2,0
SCP,5,20210303,142000,124.5,124.5,124,124,128,0
SCP,5,20210303,143000,123.5,123.5,123.5,123.5,10,0
SCP,5,20210303,143500,123.5,123.5,123.5,123.5,20,0
SCP,5,20210303,144500,123.5,123.5,123.5,123.5,25,0
SCP,5,20210303,150000,123.5,123.5,123.5,123.5,15,0
SCP,5,20210303,152000,123.5,123.5,123.5,123.5,35,0
SCP,5,20210303,153000,123.5,126,123.5,126,71,0
SCP,5,20210303,155000,123.5,123.5,123,123,222,0
SCP,5,20210303,155500,122.5,122.5,122.5,122.5,50,0
SCP,5,20210303,160000,123,123,122.5,122.5,25,0
SCP,5,20210303,161000,122.5,122.5,122.5,122.5,41,0
SCP,5,20210303,162000,123.5,123.5,123.5,123.5,4,0
SCP,5,20210303,162500,122.5,122.5,122.5,122.5,10,0
SCP,5,20210303,163000,122.5,122.5,122.5,122.5,30,0
SCP,5,20210303,163500,123,123,123,123,135,0
SCP,5,20210303,164000,122.5,122.5,122,122,190,0
SCP,5,20210303,164500,123.5,123.5,123.5,123.5,3,0
SCP,5,20210304,090000,124,124,117,123,1718,0
SCP,5,20210304,090500,123,123.5,123,123,136,0
SCP,5,20210304,091000,123,124,123,124,98,0
SCP,5,20210304,091500,121,124,120.5,124,46,0
SCP,5,20210304,092000,124,124,123.5,124,87,0
SCP,5,20210304,092500,124.5,124.5,124.5,124.5,30,0
SCP,5,20210304,093000,122,122,121.5,121.5,35,0
SCP,5,20210304,093500,121.5,124,121.5,124,180,0
SCP,5,20210304,095000,124,126,124,126,116,0
SCP,5,20210304,100000,125.5,125.5,125.5,125.5,10,0
SCP,5,20210304,101000,122,122,122,122,10,0
SCP,5,20210304,101500,126,126,126,126,10,0
SCP,5,20210304,103000,126,126,126,126,5,0
SCP,5,20210304,104500,124,126,124,126,39,0
SCP,5,20210304,105000,122.5,122.5,122,122,215,0
SCP,5,20210304,112000,125,125,125,125,1,0
SCP,5,20210304,113500,123,123,123,123,80,0
SCP,5,20210304,115500,122.5,123,122.5,123,205,0
SCP,5,20210304,122500,124,124,124,124,40,0
SCP,5,20210304,124500,122.5,122.5,121,121,306,0
SCP,5,20210304,125000,121,121,121,121,200,0
SCP,5,20210304,134000,124,124,124,124,1,0
SCP,5,20210304,140000,122,122,122,122,110,0
SCP,5,20210304,141500,121.5,121.5,121.5,121.5,5,0
SCP,5,20210304,142500,124,124,124,124,12,0
SCP,5,20210304,143000,121.5,121.5,121.5,121.5,8,0
SCP,5,20210304,144000,121.5,121.5,121.5,121.5,10,0
SCP,5,20210304,151000,124,124,124,124,3,0
SCP,5,20210304,152000,122,122,122,122,55,0
SCP,5,20210304,153000,122,122,122,122,10,0
SCP,5,20210304,153500,124,124,124,124,5,0
SCP,5,20210304,154000,124,124,124,124,29,0
SCP,5,20210304,154500,125,125,125,125,1,0
SCP,5,20210304,155500,124,124,124,124,8,0
SCP,5,20210304,161500,125,125,125,125,46,0
SCP,5,20210304,162000,125,125,125,125,8,0
SCP,5,20210304,164000,123,125.5,123,125.5,18,0
SCP,5,20210304,164500,125.5,125.5,125.5,125.5,3,0
SCP,5,20210305,090000,125.5,125.5,123,123,6,0
SCP,5,20210305,090500,122,122,122,122,77,0
SCP,5,20210305,091000,122,122,122,122,30,0
SCP,5,20210305,092000,123,123,122,122,22,0
SCP,5,20210305,092500,122,122,120.5,120.5,735,0
SCP,5,20210305,093000,120.5,121,120,121,239,0
SCP,5,20210305,093500,121,121,117.5,118,1266,0
SCP,5,20210305,094000,120,121.5,118,121.5,60,0
SCP,5,20210305,095000,120.5,121.5,120.5,121.5,9,0
SCP,5,20210305,095500,122,122,121.5,121.5,13,0
SCP,5,20210305,100000,121.5,121.5,121.5,121.5,7,0
SCP,5,20210305,100500,122,122,122,122,5,0
SCP,5,20210305,101000,122,122,120.5,120.5,94,0
SCP,5,20210305,101500,120,120,119,119,64,0
SCP,5,20210305,102000,119,119,118,118,208,0
SCP,5,20210305,102500,119,119,118.5,119,23,0
SCP,5,20210305,103000,119,119,118.5,118.5,23,0
SCP,5,20210305,103500,120,120,120,120,9,0
SCP,5,20210305,104000,119,119,119,119,35,0
SCP,5,20210305,104500,118.5,118.5,118,118,38,0
SCP,5,20210305,105000,118,118.5,118,118.5,134,0
SCP,5,20210305,105500,118.5,118.5,118.5,118.5,45,0
SCP,5,20210305,110500,120,120,120,120,15,0
SCP,5,20210305,111000,119,119,119,119,7,0
SCP,5,20210305,113000,119,119,119,119,28,0
SCP,5,20210305,113500,119,119,119,119,2,0
SCP,5,20210305,114000,118.5,118.5,118.5,118.5,60,0
SCP,5,20210305,115000,118.5,118.5,118.5,118.5,15,0
SCP,5,20210305,115500,119,119,118,118,230,0
SCP,5,20210305,120000,118,118,118,118,104,0
SCP,5,20210305,121000,118.5,118.5,118,118,40,0
SCP,5,20210305,123500,120,120,120,120,66,0
SCP,5,20210305,124500,120.5,120.5,120.5,120.5,30,0
SCP,5,20210305,125000,119,119,119,119,14,0
SCP,5,20210305,125500,118.5,118.5,118.5,118.5,50,0
SCP,5,20210305,130000,120.5,120.5,120.5,120.5,26,0
SCP,5,20210305,134000,119,119,119,119,5,0
SCP,5,20210305,140000,119.5,119.5,119.5,119.5,13,0
SCP,5,20210305,140500,119,119,118.5,118.5,13,0
SCP,5,20210305,142000,118.5,119.5,118.5,119.5,58,0
SCP,5,20210305,143500,120.5,120.5,120.5,120.5,3,0
SCP,5,20210305,144500,121,121,121,121,14,0
SCP,5,20210305,150000,121,125.5,121,123,315,0
SCP,5,20210305,150500,123,123,123,123,6,0
SCP,5,20210305,154500,122.5,122.5,122.5,122.5,12,0
SCP,5,20210305,161000,119.5,122,119.5,122,7,0
SCP,5,20210305,164000,119.5,119.5,119,119,25,0
SCP,5,20210305,164500,119.5,119.5,119.5,119.5,31,0
SCP,5,20210308,090000,120,123,120,123,63,0
SCP,5,20210308,090500,122.5,122.5,122.5,122.5,10,0
SCP,5,20210308,091000,122.5,123,122.5,123,13,0
SCP,5,20210308,091500,123,124.5,123,124.5,11,0
SCP,5,20210308,092000,124.5,124.5,123,124.5,80,0
SCP,5,20210308,092500,124.5,124.5,124.5,124.5,3,0
SCP,5,20210308,093000,124.5,124.5,124.5,124.5,12,0
SCP,5,20210308,094000,124.5,124.5,124.5,124.5,8,0
SCP,5,20210308,094500,124.5,124.5,124.5,124.5,10,0
SCP,5,20210308,095000,124.5,124.5,124.5,124.5,2,0
SCP,5,20210308,095500,125,125,125,125,84,0
SCP,5,20210308,102500,125,125,125,125,10,0
SCP,5,20210308,105500,125,125,125,125,4,0
SCP,5,20210308,110000,124,124,124,124,17,0
SCP,5,20210308,111500,124,124,124,124,13,0
SCP,5,20210308,115000,123,123,123,123,40,0
SCP,5,20210308,121000,123,123,123,123,15,0
SCP,5,20210308,122500,123,123,123,123,15,0
SCP,5,20210308,123500,123,123,123,123,10,0
SCP,5,20210308,124000,123,123,123,123,5,0
SCP,5,20210308,125500,122,122,122,122,30,0
SCP,5,20210308,131000,123,124,123,124,7,0
SCP,5,20210308,134000,123.5,124,123.5,124,30,0
SCP,5,20210308,151500,123,123,123,123,20,0
SCP,5,20210308,152500,124,124,124,124,142,0
SCP,5,20210308,153000,124,124,124,124,2,0
SCP,5,20210308,155500,124,125.5,124,125.5,195,0
SCP,5,20210308,160000,125,125,125,125,30,0
SCP,5,20210308,162500,125,125,125,125,1,0
SCP,5,20210308,164500,122.5,125,122.5,125,104,0
SCP,5,20210309,090000,126.5,126.5,126.5,126.5,4,0
SCP,5,20210309,092500,123,123,123,123,10,0
SCP,5,20210309,093000,126.5,126.5,126.5,126.5,11,0
SCP,5,20210309,095500,127,127.5,127,127.5,5,0
SCP,5,20210309,100000,127,127,127,127,10,0
SCP,5,20210309,101500,127,127,127,127,20,0
SCP,5,20210309,104500,126,126,126,126,32,0
SCP,5,20210309,111000,126.5,126.5,126.5,126.5,5,0
SCP,5,20210309,111500,126.5,126.5,126.5,126.5,75,0
SCP,5,20210309,113000,126,126,126,126,28,0
SCP,5,20210309,113500,125.5,125.5,125.5,125.5,45,0
SCP,5,20210309,114000,126.5,126.5,126.5,126.5,80,0
SCP,5,20210309,114500,127,127,127,127,4,0
SCP,5,20210309,115000,126,126,126,126,70,0
SCP,5,20210309,121000,125,125,125,125,202,0
SCP,5,20210309,123500,126.5,127,126.5,127,4,0
SCP,5,20210309,124500,125,127,125,127,5,0
SCP,5,20210309,141500,125,125,125,125,10,0
SCP,5,20210309,145000,124.5,124.5,124,124,160,0
SCP,5,20210309,150000,125,125,125,125,160,0
SCP,5,20210309,151000,125,125,125,125,70,0
SCP,5,20210309,154000,125,125,125,125,30,0
SCP,5,20210309,154500,126.5,126.5,126.5,126.5,10,0
SCP,5,20210309,155000,126,126,126,126,2,0
SCP,5,20210309,155500,124,124,122,122,50,0
SCP,5,20210309,160000,122.5,122.5,122.5,122.5,21,0
SCP,5,20210309,163000,123,125,123,125,4,0
SCP,5,20210309,165500,125,125,125,125,3,0
SCP,5,20210310,090000,126,126,125.5,125.5,52,0
SCP,5,20210310,091000,123,123,123,123,15,0
SCP,5,20210310,093000,123,123,123,123,10,0
SCP,5,20210310,093500,124.5,124.5,124.5,124.5,14,0
SCP,5,20210310,101000,123.5,123.5,121,121,40,0
SCP,5,20210310,102500,125,125,125,125,2,0
SCP,5,20210310,103500,121.5,121.5,121.5,121.5,8,0
SCP,5,20210310,105000,125,125,125,125,1,0
SCP,5,20210310,110500,125,125,125,125,10,0
SCP,5,20210310,112000,121.5,121.5,121,121,100,0
SCP,5,20210310,112500,121,121,121,121,8,0
SCP,5,20210310,115000,121.5,121.5,121.5,121.5,10,0
SCP,5,20210310,115500,121,121,121,121,5,0
SCP,5,20210310,120500,121,121,120.5,120.5,135,0
SCP,5,20210310,121000,120.5,120.5,120,120,1050,0
SCP,5,20210310,124000,120.5,120.5,120,120,43,0
SCP,5,20210310,130000,120,122,120,122,46,0
SCP,5,20210310,130500,120,120,120,120,1,0
SCP,5,20210310,131000,120,120,120,120,100,0
SCP,5,20210310,132500,121,121,121,121,9,0
SCP,5,20210310,135000,120.5,120.5,117.5,120.5,697,0
SCP,5,20210310,140000,122,122,122,122,6,0
SCP,5,20210310,141000,122,122,122,122,4,0
SCP,5,20210310,141500,120.5,120.5,120,120,610,0
SCP,5,20210310,142000,120.5,120.5,120.5,120.5,10,0
SCP,5,20210310,142500,120.5,123,120.5,123,9,0
SCP,5,20210310,143000,120.5,122,120.5,122,17,0
SCP,5,20210310,145500,121.5,122,121.5,122,16,0
SCP,5,20210310,154500,120,120,120,120,6,0
SCP,5,20210310,155000,122,122,122,122,15,0
SCP,5,20210310,160000,122,122,122,122,2,0
SCP,5,20210310,160500,122,122,122,122,5,0
SCP,5,20210310,161000,122,122,122,122,16,0
SCP,5,20210310,161500,122,122.5,122,122.5,73,0
SCP,5,20210310,164500,120.5,120.5,120,120,8,0
SCP,5,20210311,090000,122.5,122.5,120,120,41,0
SCP,5,20210311,090500,118,120,117.5,120,421,0
SCP,5,20210311,092000,118.5,119,118.5,119,16,0
SCP,5,20210311,092500,119,119,118.5,118.5,46,0
SCP,5,20210311,093000,118.5,118.5,118.5,118.5,40,0
SCP,5,20210311,093500,119,119.5,119,119.5,15,0
SCP,5,20210311,094500,119.5,119.5,119.5,119.5,6,0
SCP,5,20210311,095000,119.5,120,119.5,120,25,0
SCP,5,20210311,101000,120,120,120,120,5,0
SCP,5,20210311,104000,120,121.5,120,121.5,10,0
SCP,5,20210311,105500,120,120,120,120,25,0
SCP,5,20210311,110500,120,120,120,120,5,0
SCP,5,20210311,111500,119,119,119,119,21,0
SCP,5,20210311,112000,118.5,118.5,118.5,118.5,174,0
SCP,5,20210311,113500,121,121.5,121,121.5,20,0
SCP,5,20210311,120000,120,120,120,120,23,0
SCP,5,20210311,125500,120,120,120,120,20,0
SCP,5,20210311,130000,120,120,120,120,30,0
SCP,5,20210311,132000,119,120,118,118,151,0
SCP,5,20210311,133000,120,120,120,120,1,0
SCP,5,20210311,133500,118.5,118.5,118.5,118.5,40,0
SCP,5,20210311,134000,119.5,119.5,119.5,119.5,25,0
SCP,5,20210311,135000,119,119,119,119,30,0
SCP,5,20210311,141500,119,119,119,119,40,0
SCP,5,20210311,142500,119.5,120,119.5,120,5,0
SCP,5,20210311,144500,119,119,119,119,5,0
SCP,5,20210311,155500,119,119,118,118,23,0
SCP,5,20210311,161000,118,118,118,118,160,0
SCP,5,20210311,161500,118,118,118,118,16,0
SCP,5,20210311,162500,119.5,119.5,119.5,119.5,19,0
SCP,5,20210311,164500,120,120,120,120,3,0
SCP,5,20210312,090000,123,123,119.5,119.5,11,0
SCP,5,20210312,091500,120,120,120,120,25,0
SCP,5,20210312,092500,122,122,122,122,2,0
SCP,5,20210312,093500,122,122,122,122,24,0
SCP,5,20210312,094500,120,120,119.5,119.5,30,0
SCP,5,20210312,100000,122,122,121.5,122,64,0
SCP,5,20210312,100500,122.5,122.5,122.5,122.5,26,0
SCP,5,20210312,101000,120.5,120.5,120.5,120.5,40,0
SCP,5,20210312,101500,120,120,120,120,25,0
SCP,5,20210312,103500,120,120,120,120,100,0
SCP,5,20210312,110000,120,120,120,120,50,0
SCP,5,20210312,111500,120,120,120,120,25,0
SCP,5,20210312,123000,120,120,120,120,55,0
SCP,5,20210312,123500,120,120,120,120,150,0
SCP,5,20210312,131000,122,122,122,122,5,0
SCP,5,20210312,131500,120.5,122.5,120.5,122.5,40,0
SCP,5,20210312,132500,122.5,122.5,122.5,122.5,43,0
SCP,5,20210312,134500,120.5,122.5,120.5,122.5,50,0
SCP,5,20210312,140000,122,123,122,123,95,0
SCP,5,20210312,140500,120,123.5,120,123.5,113,0
SCP,5,20210312,141000,120,120,120,120,38,0
SCP,5,20210312,142000,120.5,120.5,120.5,120.5,20,0
SCP,5,20210312,145500,121,121,121,121,4,0
SCP,5,20210312,160500,121,121,121,121,10,0
SCP,5,20210312,162000,121.5,122,121.5,122,32,0
SCP,5,20210312,162500,123.5,123.5,123.5,123.5,48,0
SCP,5,20210312,164500,123.5,123.5,123.5,123.5,2,0
SCP,5,20210315,090000,123.5,123.5,118,120,616,0
SCP,5,20210315,090500,120,120,120,120,6,0
SCP,5,20210315,091500,120,120,118,120,239,0
SCP,5,20210315,092000,122,122.5,122,122.5,72,0
SCP,5,20210315,092500,122.5,122.5,122.5,122.5,11,0
SCP,5,20210315,093000,122.5,122.5,120,120,53,0
SCP,5,20210315,093500,120,122.5,118,122.5,969,0
SCP,5,20210315,094500,120,120,120,120,4,0
SCP,5,20210315,100000,120,120,119,119,50,0
SCP,5,20210315,101500,119.5,119.5,119.5,119.5,35,0
SCP,5,20210315,103500,120,120,119.5,119.5,24,0
SCP,5,20210315,105000,119.5,119.5,119.5,119.5,1,0
SCP,5,20210315,105500,121,121,121,121,10,0
SCP,5,20210315,110500,120.5,120.5,120.5,120.5,35,0
SCP,5,20210315,112000,119.5,119.5,119,119,95,0
SCP,5,20210315,112500,118.5,118.5,118.5,118.5,4,0
SCP,5,20210315,114000,118.5,118.5,118.5,118.5,30,0
SCP,5,20210315,115000,119,119,119,119,5,0
SCP,5,20210315,115500,119,119.5,119,119.5,16,0
SCP,5,20210315,120000,119.5,119.5,119,119,62,0
SCP,5,20210315,121000,119,119,118.5,118.5,106,0
SCP,5,20210315,121500,118,118,118,118,295,0
SCP,5,20210315,122000,118.5,118.5,118,118,100,0
SCP,5,20210315,122500,118,118.5,117.5,117.5,34,0
SCP,5,20210315,123000,117.5,118.5,116.5,117.5,465,0
SCP,5,20210315,123500,117.5,117.5,116,117.5,60,0
SCP,5,20210315,124000,119,119,119,119,3,0
SCP,5,20210315,124500,118,118,118,118,60,0
SCP,5,20210315,130500,118,118,118,118,100,0
SCP,5,20210315,132000,118,118,118,118,44,0
SCP,5,20210315,132500,119,119,119,119,10,0
SCP,5,20210315,134000,118,118,118,118,11,0
SCP,5,20210315,135500,118,118,118,118,2,0
SCP,5,20210315,141000,118.5,118.5,118,118,10,0
SCP,5,20210315,141500,118,118,118,118,50,0
SCP,5,20210315,143000,119,119,119,119,9,0
SCP,5,20210315,144000,119,119,119,119,23,0
SCP,5,20210315,144500,119,119,119,119,2,0
SCP,5,20210315,145000,119,119,119,119,1,0
SCP,5,20210315,145500,118,118,118,118,3,0
SCP,5,20210315,150000,118,118,117,117,101,0
SCP,5,20210315,150500,119,119,119,119,17,0
SCP,5,20210315,151000,119,119,119,119,54,0
SCP,5,20210315,153500,117.5,117.5,117.5,117.5,15,0
SCP,5,20210315,155000,117.5,117.5,117,117,126,0
SCP,5,20210315,155500,117,117,116.5,117,252,0
SCP,5,20210315,160000,117,117,117,117,73,0
SCP,5,20210315,160500,117,117,117,117,50,0
SCP,5,20210315,162000,119,119,119,119,1,0
SCP,5,20210315,162500,117.5,117.5,117,117,187,0
SCP,5,20210315,163000,118.5,118.5,118.5,118.5,15,0
SCP,5,20210315,163500,118,118,117,117,39,0
SCP,5,20210315,164000,117,117,117,117,9,0
SCP,5,20210315,164500,117.5,118.5,117,118.5,24,0
SCP,5,20210316,090000,117,117,115,115,823,0
SCP,5,20210316,090500,117,117,117,117,8,0
SCP,5,20210316,091500,118.5,118.5,118.5,118.5,3,0
SCP,5,20210316,094000,116.5,116.5,115,115,180,0
SCP,5,20210316,095500,118,118,118,118,1,0
SCP,5,20210316,100500,115,115,112.5,112.5,277,0
SCP,5,20210316,101000,113.5,115,113.5,115,15,0
SCP,5,20210316,101500,115,116.5,115,116.5,13,0
SCP,5,20210316,102000,115,115,115,115,63,0
SCP,5,20210316,102500,115,115,115,115,35,0
SCP,5,20210316,103000,116,116,116,116,10,0
SCP,5,20210316,105500,115,115,115,115,32,0
SCP,5,20210316,110000,113.5,115,112,114.5,1241,0
SCP,5,20210316,110500,114.5,114.5,114.5,114.5,59,0
SCP,5,20210316,111000,113,113,113,113,15,0
SCP,5,20210316,111500,113.5,114,113.5,114,53,0
SCP,5,20210316,112000,113.5,114,112.5,113,56,0
SCP,5,20210316,112500,114.5,115,114.5,115,606,0
SCP,5,20210316,113000,116,116,116,116,58,0
SCP,5,20210316,114000,115,115,115,115,29,0
SCP,5,20210316,115500,115,115,115,115,25,0
SCP,5,20210316,120000,116.5,116.5,116.5,116.5,20,0
SCP,5,20210316,122000,116.5,116.5,116.5,116.5,17,0
SCP,5,20210316,122500,116.5,116.5,116.5,116.5,33,0
SCP,5,20210316,124000,116.5,116.5,116.5,116.5,10,0
SCP,5,20210316,125500,116.5,116.5,116,116,18,0
SCP,5,20210316,130000,115.5,115.5,113.5,114,45,0
SCP,5,20210316,131000,114.5,115,114.5,115,18,0
SCP,5,20210316,131500,114,114,114,114,10,0
SCP,5,20210316,132000,114.5,116,114.5,116,2,0
SCP,5,20210316,132500,116,117.5,116,116.5,217,0
SCP,5,20210316,133000,117.5,117.5,117.5,117.5,21,0
SCP,5,20210316,134000,114.5,114.5,114.5,114.5,23,0
SCP,5,20210316,135000,115,115,115,115,10,0
SCP,5,20210316,140500,117,117.5,117,117.5,54,0
SCP,5,20210316,141000,117.5,117.5,117.5,117.5,7,0
SCP,5,20210316,141500,117.5,117.5,117.5,117.5,3,0
SCP,5,20210316,142000,117.5,117.5,117.5,117.5,5,0
SCP,5,20210316,145000,116.5,116.5,116,116,58,0
SCP,5,20210316,145500,117,117.5,117,117.5,25,0
SCP,5,20210316,150000,118,119,118,119,111,0
SCP,5,20210316,151000,118.5,118.5,118.5,118.5,10,0
SCP,5,20210316,151500,116.5,116.5,116.5,116.5,10,0
SCP,5,20210316,152000,116,116,116,116,10,0
SCP,5,20210316,152500,116,116,116,116,11,0
SCP,5,20210316,153000,116,116,116,116,20,0
SCP,5,20210316,154500,117,117,117,117,10,0
SCP,5,20210316,160500,118,118,118,118,10,0
SCP,5,20210316,161000,116,116,116,116,20,0
SCP,5,20210316,164000,117.5,118,117.5,118,18,0
SCP,5,20210316,164500,118,118,118,118,47,0
SCP,5,20210317,090000,118,118,118,118,8,0
SCP,5,20210317,090500,117,117,115,115,900,0
SCP,5,20210317,091000,115,115,115,115,25,0
SCP,5,20210317,093000,117.5,117.5,117.5,117.5,10,0
SCP,5,20210317,094000,115.5,115.5,115.5,115.5,10,0
SCP,5,20210317,095000,117.5,117.5,117.5,117.5,2,0
SCP,5,20210317,100000,117.5,120,117.5,120,521,0
SCP,5,20210317,101000,120,120,120,120,45,0
SCP,5,20210317,102500,120,120,120,120,15,0
SCP,5,20210317,104000,121,121.5,121,121.5,34,0
SCP,5,20210317,104500,121,121,121,121,9,0
SCP,5,20210317,105000,121.5,121.5,121.5,121.5,224,0
SCP,5,20210317,105500,121.5,122,121.5,122,26,0
SCP,5,20210317,110000,122,122.5,122,122.5,102,0
SCP,5,20210317,110500,122.5,122.5,122,122,27,0
SCP,5,20210317,111500,122.5,122.5,122.5,122.5,8,0
SCP,5,20210317,112000,122,122,121.5,121.5,30,0
SCP,5,20210317,113000,122,122,119.5,119.5,102,0
SCP,5,20210317,114500,120.5,120.5,120.5,120.5,10,0
SCP,5,20210317,115000,120.5,120.5,120.5,120.5,7,0
SCP,5,20210317,115500,120,120,120,120,27,0
SCP,5,20210317,120000,120,120,118,118,468,0
SCP,5,20210317,123500,120,120,120,120,1,0
SCP,5,20210317,124000,118,118,118,118,20,0
SCP,5,20210317,130000,118,120,115,120,1300,0
SCP,5,20210317,130500,121.5,121.5,121.5,121.5,1,0
SCP,5,20210317,132500,118,118,118,118,100,0
SCP,5,20210317,134500,118,118,118,118,22,0
SCP,5,20210317,135000,118,120,118,118,30,0
SCP,5,20210317,140500,117,117,117,117,3,0
SCP,5,20210317,141500,119.5,119.5,119.5,119.5,96,0
SCP,5,20210317,142000,119.5,119.5,116,116.5,161,0
SCP,5,20210317,142500,116.5,116.5,116.5,116.5,15,0
SCP,5,20210317,143000,116.5,121,116.5,116.5,17,0
SCP,5,20210317,144000,120,120,120,120,1,0
SCP,5,20210317,151500,118,118,118,118,7,0
SCP,5,20210317,152500,118,118,118,118,94,0
SCP,5,20210317,161000,117,117,117,117,4,0
SCP,5,20210317,162500,117,117,117,117,20,0
SCP,5,20210317,164500,117.5,117.5,117,117,20,0
SCP,5,20210317,165500,121.5,121.5,121.5,121.5,83,0
SCP,5,20210318,090000,121.5,121.5,121.5,121.5,11,0
SCP,5,20210318,090500,121.5,121.5,121.5,121.5,40,0
SCP,5,20210318,094500,118,120,116,120,630,0
SCP,5,20210318,095000,120,120,120,120,10,0
SCP,5,20210318,095500,120,120,120,120,30,0
SCP,5,20210318,101000,117,117,117,117,13,0
SCP,5,20210318,101500,121,121,121,121,1,0
SCP,5,20210318,102000,120.5,120.5,120.5,120.5,15,0
SCP,5,20210318,104000,118,118,118,118,8,0
SCP,5,20210318,105000,118,118,118,118,22,0
SCP,5,20210318,113500,118,118,118,118,10,0
SCP,5,20210318,114000,117,117,116,116,29,0
SCP,5,20210318,114500,118,118,118,118,10,0
SCP,5,20210318,115000,118,118,118,118,30,0
SCP,5,20210318,120000,118,118,118,118,9,0
SCP,5,20210318,123000,118,118,118,118,10,0
SCP,5,20210318,123500,118,118,118,118,9,0
SCP,5,20210318,124500,120,120,120,120,1,0
SCP,5,20210318,125500,119.5,119.5,119.5,119.5,3,0
SCP,5,20210318,131500,118,118,118,118,9,0
SCP,5,20210318,132000,117.5,117.5,117,117,48,0
SCP,5,20210318,132500,118,118,118,118,43,0
SCP,5,20210318,133000,118,118,118,118,7,0
SCP,5,20210318,140000,117,117,117,117,19,0
SCP,5,20210318,144000,117,117,117,117,10,0
SCP,5,20210318,151000,117,117,117,117,3,0
SCP,5,20210318,151500,117,117,117,117,1,0
SCP,5,20210318,160000,119,119,119,119,20,0
SCP,5,20210318,160500,119.5,120,119.5,120,73,0
SCP,5,20210318,164500,120,122,120,121,234,0
SCP,5,20210319,090000,121,121,121,121,10,0
SCP,5,20210319,091500,117.5,117.5,115,115,505,0
SCP,5,20210319,092000,119,119,119,119,1,0
SCP,5,20210319,093000,119,119,119,119,17,0
SCP,5,20210319,101500,119,119,119,119,10,0
SCP,5,20210319,104500,117,117,117,117,35,0
SCP,5,20210319,112500,118,118,117,117,32,0
SCP,5,20210319,113000,117,117,117,117,10,0
SCP,5,20210319,113500,117,117,117,117,30,0
SCP,5,20210319,122500,119,119,119,119,29,0
SCP,5,20210319,123000,119,120,119,120,41,0
SCP,5,20210319,124000,119.5,119.5,117.5,117.5,75,0
SCP,5,20210319,124500,117,117,117,117,30,0
SCP,5,20210319,125500,120,120,120,120,1,0
SCP,5,20210319,133000,120,120,120,120,85,0
SCP,5,20210319,140500,117,117,117,117,136,0
SCP,5,20210319,142500,117.5,117.5,117.5,117.5,5,0
SCP,5,20210319,144000,117.5,117.5,117,117,25,0
SCP,5,20210319,144500,119.5,119.5,119.5,119.5,1,0
SCP,5,20210319,151500,119,119,119,119,28,0
SCP,5,20210319,152500,119,119,119,119,15,0
SCP,5,20210319,153500,119,119,118,118,32,0
SCP,5,20210319,154000,117.5,117.5,117.5,117.5,12,0
SCP,5,20210319,154500,117,117,117,117,30,0
SCP,5,20210319,155000,117,117,117,117,1,0
SCP,5,20210319,155500,117,119,117,119,102,0
SCP,5,20210319,163000,119,119,119,119,44,0
SCP,5,20210319,163500,119,119,119,119,7,0
SCP,5,20210319,164500,119.5,119.5,119.5,119.5,44,0
SCP,5,20210322,090000,121,121,120,120,133,0
SCP,5,20210322,090500,121,121,121,121,14,0
SCP,5,20210322,091000,121,121.5,121,121.5,8,0
SCP,5,20210322,091500,120,120,120,120,500,0
SCP,5,20210322,092000,121.5,121.5,120,120,136,0
SCP,5,20210322,092500,120,121.5,120,120.5,29,0
SCP,5,20210322,095000,121.5,121.5,121.5,121.5,3,0
SCP,5,20210322,095500,121.5,121.5,121.5,121.5,11,0
SCP,5,20210322,100500,122,122,122,122,2,0
SCP,5,20210322,101000,121,121,121,121,57,0
SCP,5,20210322,101500,121,121,121,121,49,0
SCP,5,20210322,103000,121,121,121,121,10,0
SCP,5,20210322,103500,122,122,122,122,1,0
SCP,5,20210322,105500,122,122,122,122,34,0
SCP,5,20210322,110000,122,122,122,122,229,0
SCP,5,20210322,110500,122.5,125.5,122.5,125.5,546,0
SCP,5,20210322,111500,123.5,124,123,124,58,0
SCP,5,20210322,112000,124.5,124.5,124.5,124.5,13,0
SCP,5,20210322,112500,124.5,124.5,124,124,25,0
SCP,5,20210322,113000,125,125,125,125,35,0
SCP,5,20210322,114000,124,125,123.5,123.5,69,0
SCP,5,20210322,115500,124,124,124,124,17,0
SCP,5,20210322,120000,124.5,125,124.5,125,20,0
SCP,5,20210322,121000,125,126.5,125,126.5,205,0
SCP,5,20210322,121500,126.5,127,126.5,127,9,0
SCP,5,20210322,123000,126,127,126,127,8,0
SCP,5,20210322,123500,127,127,127,127,42,0
SCP,5,20210322,124000,127,128,127,128,93,0
SCP,5,20210322,124500,127,127,126,126,80,0
SCP,5,20210322,125000,126.5,126.5,126.5,126.5,15,0
SCP,5,20210322,125500,126.5,126.5,126.5,126.5,10,0
SCP,5,20210322,130000,126.5,126.5,126.5,126.5,21,0
SCP,5,20210322,130500,126.5,126.5,126.5,126.5,10,0
SCP,5,20210322,131000,126,126,126,126,10,0
SCP,5,20210322,131500,126,126,126,126,28,0
SCP,5,20210322,132000,125.5,125.5,125.5,125.5,20,0
SCP,5,20210322,132500,124.5,124.5,124.5,124.5,14,0
SCP,5,20210322,133000,124.5,124.5,123.5,123.5,15,0
SCP,5,20210322,134000,126,126,126,126,4,0
SCP,5,20210322,135000,125.5,125.5,125.5,125.5,35,0
SCP,5,20210322,141000,126,126,124.5,124.5,30,0
SCP,5,20210322,141500,124.5,124.5,124.5,124.5,5,0
SCP,5,20210322,144000,125,125,125,125,1,0
SCP,5,20210322,145500,125,125,125,125,3,0
SCP,5,20210322,150500,125,125,125,125,17,0
SCP,5,20210322,151000,125,125,125,125,73,0
SCP,5,20210322,151500,125.5,126,125.5,126,16,0
SCP,5,20210322,153500,126,126,126,126,7,0
SCP,5,20210322,160000,125,125,125,125,4,0
SCP,5,20210322,160500,125,125,125,125,16,0
SCP,5,20210322,161000,126,126,126,126,17,0
SCP,5,20210322,162000,125,125,125,125,135,0
SCP,5,20210322,164500,125,125,125,125,41,0
SCP,5,20210323,090000,127.5,127.5,127,127.5,45,0
SCP,5,20210323,090500,127.5,127.5,127.5,127.5,19,0
SCP,5,20210323,091000,127.5,128,127.5,128,45,0
SCP,5,20210323,092000,128,128,128,128,50,0
SCP,5,20210323,092500,127.5,127.5,127.5,127.5,10,0
SCP,5,20210323,093000,128,128,128,128,2,0
SCP,5,20210323,093500,127,127,127,127,30,0
SCP,5,20210323,094000,127,127,126.5,126.5,30,0
SCP,5,20210323,094500,126.5,126.5,126.5,126.5,21,0
SCP,5,20210323,095000,126.5,126.5,126,126,13,0
SCP,5,20210323,095500,126,126,126,126,20,0
SCP,5,20210323,100000,126,126,125.5,125.5,20,0
SCP,5,20210323,102500,126.5,128,126.5,128,100,0
SCP,5,20210323,103000,128,128.5,128,128.5,10,0
SCP,5,20210323,105000,128,128,128,128,10,0
SCP,5,20210323,105500,127.5,127.5,127,127,75,0
SCP,5,20210323,110500,126.5,126.5,126.5,126.5,10,0
SCP,5,20210323,111500,127.5,127.5,127.5,127.5,10,0
SCP,5,20210323,112000,127.5,128.5,127.5,128.5,104,0
SCP,5,20210323,112500,128,128,127,127,20,0
SCP,5,20210323,113000,128,129,128,128.5,359,0
SCP,5,20210323,113500,128.5,128.5,128.5,128.5,31,0
SCP,5,20210323,114500,128,128,128,128,7,0
SCP,5,20210323,115500,128,128,128,128,5,0
SCP,5,20210323,121000,127.5,127.5,127.5,127.5,20,0
SCP,5,20210323,122000,127.5,127.5,127.5,127.5,14,0
SCP,5,20210323,122500,127.5,127.5,127.5,127.5,50,0
SCP,5,20210323,123000,127.5,127.5,127,127,10,0
SCP,5,20210323,123500,127,127,127,127,50,0
SCP,5,20210323,130500,128,128,128,128,11,0
SCP,5,20210323,131500,128,128,128,128,6,0
SCP,5,20210323,132000,127.5,128,127.5,128,150,0
SCP,5,20210323,133000,128,128,128,128,9,0
SCP,5,20210323,133500,128,128,128,128,32,0
SCP,5,20210323,135500,127.5,127.5,127,127,136,0
SCP,5,20210323,140500,127.5,127.5,127.5,127.5,3,0
SCP,5,20210323,141500,127.5,127.5,127.5,127.5,1,0
SCP,5,20210323,151000,127,127,127,127,50,0
SCP,5,20210323,152000,127.5,127.5,127.5,127.5,5,0
SCP,5,20210323,155500,127.5,127.5,127.5,127.5,55,0
SCP,5,20210323,161000,127.5,127.5,127.5,127.5,12,0
SCP,5,20210323,162500,127,127,127,127,27,0
SCP,5,20210323,164000,127,127.5,127,127.5,32,0
SCP,5,20210323,164500,127.5,127.5,127.5,127.5,1,0
SCP,5,20210323,165500,127.5,127.5,127.5,127.5,5,0
SCP,5,20210324,090000,127.5,127.5,127,127,14,0
SCP,5,20210324,090500,126.5,126.5,126.5,126.5,25,0
SCP,5,20210324,093000,126.5,126.5,125,125,222,0
SCP,5,20210324,093500,125,125,125,125,20,0
SCP,5,20210324,094000,127.5,127.5,127.5,127.5,1,0
SCP,5,20210324,094500,124.5,124.5,121,123,257,0
SCP,5,20210324,095000,124.5,128,124.5,127.5,231,0
SCP,5,20210324,102500,123.5,123.5,123.5,123.5,44,0
SCP,5,20210324,103000,123.5,123.5,123.5,123.5,1,0
SCP,5,20210324,103500,124,124,123.5,123.5,14,0
SCP,5,20210324,104000,123,123,123,123,10,0
SCP,5,20210324,105500,125,125.5,125,125.5,25,0
SCP,5,20210324,111500,125.5,125.5,125.5,125.5,25,0
SCP,5,20210324,113500,126,126,126,126,25,0
SCP,5,20210324,115500,125.5,125.5,125.5,125.5,20,0
SCP,5,20210324,120000,126,126,126,126,5,0
SCP,5,20210324,121500,126,126,126,126,25,0
SCP,5,20210324,122500,125,125,125,125,1,0
SCP,5,20210324,123500,125,125,125,125,25,0
SCP,5,20210324,124500,124.5,124.5,124.5,124.5,12,0
SCP,5,20210324,125000,124.5,124.5,124.5,124.5,10,0
SCP,5,20210324,130000,125,125,125,125,5,0
SCP,5,20210324,131000,124.5,124.5,124.5,124.5,12,0
SCP,5,20210324,131500,125,125,125,125,13,0
SCP,5,20210324,132500,125,125,125,125,40,0
SCP,5,20210324,133500,125,125,125,125,25,0
SCP,5,20210324,135000,124.5,124.5,124.5,124.5,25,0
SCP,5,20210324,135500,124,124,123.5,123.5,248,0
SCP,5,20210324,140000,123,123,123,123,30,0
SCP,5,20210324,140500,123.5,123.5,123.5,123.5,20,0
SCP,5,20210324,141000,123,125,123,125,63,0
SCP,5,20210324,142000,125,125,125,125,10,0
SCP,5,20210324,143000,125,125,125,125,88,0
SCP,5,20210324,143500,125.5,125.5,125.5,125.5,25,0
SCP,5,20210324,144500,125.5,125.5,125.5,125.5,5,0
SCP,5,20210324,145000,126,126,126,126,27,0
SCP,5,20210324,145500,126.5,127.5,126.5,127.5,27,0
SCP,5,20210324,151500,127.5,127.5,127.5,127.5,70,0
SCP,5,20210324,152000,127,127,127,127,20,0
SCP,5,20210324,152500,127,127,125,125,46,0
SCP,5,20210324,153000,125,125,125,125,50,0
SCP,5,20210324,153500,127,127.5,127,127.5,32,0
SCP,5,20210324,154000,128,128,128,128,80,0
SCP,5,20210324,154500,127.5,127.5,127.5,127.5,14,0
SCP,5,20210324,155000,127.5,127.5,127.5,127.5,20,0
SCP,5,20210324,160500,127,127.5,127,127.5,30,0
SCP,5,20210324,161500,128,128,128,128,8,0
SCP,5,20210324,162000,128,128,128,128,52,0
SCP,5,20210324,163500,128,129,128,129,63,0
SCP,5,20210324,164000,129,129,129,129,1,0
SCP,5,20210324,165500,129,129,129,129,23,0
SCP,5,20210325,090000,128,128,128,128,1,0
SCP,5,20210325,091000,127,127,127,127,7,0
SCP,5,20210325,093000,127,127,127,127,15,0
SCP,5,20210325,101000,125.5,125.5,125,125,40,0
SCP,5,20210325,102500,125.5,125.5,125,125,35,0
SCP,5,20210325,103500,124.5,124.5,123.5,123.5,128,0
SCP,5,20210325,104000,124,124,124,124,7,0
SCP,5,20210325,104500,124,124,124,124,18,0
SCP,5,20210325,105500,124,124,124,124,10,0
SCP,5,20210325,110500,125,125,125,125,12,0
SCP,5,20210325,111000,127,128,127,128,20,0
SCP,5,20210325,112500,127.5,127.5,127.5,127.5,25,0
SCP,5,20210325,115000,127.5,127.5,127.5,127.5,25,0
SCP,5,20210325,120500,127,127,127,127,25,0
SCP,5,20210325,121000,127,127,127,127,100,0
SCP,5,20210325,123000,127.5,128,127.5,128,25,0
SCP,5,20210325,125000,128,128,128,128,25,0
SCP,5,20210325,131000,128,128,128,128,25,0
SCP,5,20210325,131500,128,132,128,132,590,0
SCP,5,20210325,132000,131.5,135,131.5,135,519,0
SCP,5,20210325,132500,131,135,131,135,234,0
SCP,5,20210325,133000,135,135,130,130,195,0
SCP,5,20210325,133500,131,135,131,133,114,0
SCP,5,20210325,135000,133.5,133.5,133.5,133.5,100,0
SCP,5,20210325,135500,133.5,135,133.5,135,20,0
SCP,5,20210325,140000,134,135,134,135,201,0
SCP,5,20210325,140500,135,135,132,132,60,0
SCP,5,20210325,141000,131.5,131.5,131,131,44,0
SCP,5,20210325,141500,131,131,131,131,48,0
SCP,5,20210325,144500,130,130,130,130,40,0
SCP,5,20210325,145500,130,130,130,130,13,0
SCP,5,20210325,150500,130,130,129.5,129.5,22,0
SCP,5,20210325,151500,131,132,131,132,130,0
SCP,5,20210325,153500,132,132,132,132,25,0
SCP,5,20210325,155500,131.5,132,131.5,132,30,0
SCP,5,20210325,160000,130,130,130,130,20,0
SCP,5,20210325,161000,130.5,130.5,129,129,70,0
SCP,5,20210325,161500,129,129,129,129,150,0
SCP,5,20210325,163000,131.5,131.5,131.5,131.5,1,0
SCP,5,20210325,163500,131.5,131.5,131.5,131.5,29,0
SCP,5,20210325,164000,131.5,132,131.5,132,11,0
SCP,5,20210325,164500,130,130,130,130,31,0
SCP,5,20210325,165500,130,130,130,130,64,0
SCP,5,20210326,090000,133,133,133,133,30,0
SCP,5,20210326,090500,134.5,134.5,134.5,134.5,1,0
SCP,5,20210326,091000,134,134,134,134,8,0
SCP,5,20210326,091500,134.5,134.5,134,134,453,0
SCP,5,20210326,093000,132,132,132,132,10,0
SCP,5,20210326,093500,134.5,134.5,134.5,134.5,10,0
SCP,5,20210326,094000,134.5,134.5,134.5,134.5,15,0
SCP,5,20210326,094500,134.5,134.5,134.5,134.5,10,0
SCP,5,20210326,095000,134.5,134.5,134.5,134.5,10,0
SCP,5,20210326,095500,135,138,135,138,218,0
SCP,5,20210326,100500,133.5,133.5,133.5,133.5,150,0
SCP,5,20210326,101500,136,136.5,136,136.5,57,0
SCP,5,20210326,102000,136.5,136.5,136.5,136.5,10,0
SCP,5,20210326,103000,137,138,137,138,158,0
SCP,5,20210326,103500,138,140,138,140,273,0
SCP,5,20210326,104000,140,140.5,140,140.5,132,0
SCP,5,20210326,104500,140.5,141,138.5,141,65,0
SCP,5,20210326,105000,138.5,138.5,138,138,300,0
SCP,5,20210326,110000,138.5,141,138.5,141,172,0
SCP,5,20210326,110500,140.5,143,140,143,211,0
SCP,5,20210326,111500,142,142.5,141,141,27,0
SCP,5,20210326,112000,142,142,141.5,141.5,113,0
SCP,5,20210326,112500,141.5,141.5,141,141,23,0
SCP,5,20210326,113000,142,142,142,142,10,0
SCP,5,20210326,113500,143,143,141.5,141.5,22,0
SCP,5,20210326,114000,141,141,140.5,140.5,118,0
SCP,5,20210326,114500,140.5,140.5,140.5,140.5,19,0
SCP,5,20210326,115000,141,141,140.5,140.5,19,0
SCP,5,20210326,115500,140.5,140.5,140.5,140.5,2,0
SCP,5,20210326,120500,140,140,139,139,60,0
SCP,5,20210326,121000,140,140,140,140,40,0
SCP,5,20210326,121500,140,140,140,140,11,0
SCP,5,20210326,122000,139.5,139.5,139.5,139.5,10,0
SCP,5,20210326,122500,139.5,139.5,139.5,139.5,3,0
SCP,5,20210326,123000,140,140,139.5,140,57,0
SCP,5,20210326,124500,140,140,138.5,138.5,40,0
SCP,5,20210326,130500,139.5,140,139.5,140,40,0
SCP,5,20210326,131000,140,140,138.5,138.5,16,0
SCP,5,20210326,132000,139,139,139,139,17,0
SCP,5,20210326,132500,139,140,139,140,33,0
SCP,5,20210326,133500,139,139,139,139,15,0
SCP,5,20210326,134500,139.5,139.5,138.5,138.5,31,0
SCP,5,20210326,135000,138.5,140,138.5,140,90,0
SCP,5,20210326,140500,140,140,140,140,38,0
SCP,5,20210326,141500,140,140,140,140,12,0
SCP,5,20210326,142000,140,140.5,140,140.5,30,0
SCP,5,20210326,143000,140,140,140,140,20,0
SCP,5,20210326,143500,139.5,139.5,139.5,139.5,15,0
SCP,5,20210326,144000,140,140,139,139,18,0
SCP,5,20210326,150000,139,140,139,140,25,0
SCP,5,20210326,151000,138.5,138.5,138.5,138.5,35,0
SCP,5,20210326,151500,140,140.5,140,140.5,50,0
SCP,5,20210326,152000,140,140.5,140,140.5,25,0
SCP,5,20210326,153000,140.5,140.5,140.5,140.5,10,0
SCP,5,20210326,154000,140,140.5,140,140.5,40,0
SCP,5,20210326,155000,140.5,140.5,140.5,140.5,20,0
SCP,5,20210326,155500,140,140.5,140,140,71,0
SCP,5,20210326,161500,140,140,140,140,84,0
SCP,5,20210326,163000,138.5,138.5,138.5,138.5,10,0
SCP,5,20210326,163500,140,140.5,140,140.5,24,0
SCP,5,20210326,164000,140.5,140.5,140.5,140.5,1,0
SCP,5,20210326,164500,139,139,135.5,138,1744,0
