<TICKER>,<PER>,<DATE>,<TIME>,<OPEN>,<HIGH>,<LOW>,<CLOSE>,<VOL>,<OPENINT>
SFN,5,20210204,090000,1.025,1.025,1.025,1.025,20,0
SFN,5,20210204,092000,1,1,0.99,0.99,240,0
SFN,5,20210204,101500,1.025,1.025,1.025,1.025,1448,0
SFN,5,20210204,105500,1.025,1.025,1.025,1.025,52,0
SFN,5,20210204,110500,1.025,1.025,1.025,1.025,1247,0
SFN,5,20210204,152500,1.025,1.025,1.025,1.025,500,0
SFN,5,20210205,092000,1.035,1.05,1.035,1.05,604,0
SFN,5,20210205,092500,1.04,1.05,1.04,1.05,2000,0
SFN,5,20210205,125000,1.015,1.045,1,1.045,8400,0
SFN,5,20210205,130500,1.04,1.04,1.04,1.04,2000,0
SFN,5,20210205,131000,1.045,1.045,1.045,1.045,1120,0
SFN,5,20210205,133000,1.05,1.055,1.05,1.055,1800,0
SFN,5,20210208,091000,1.055,1.055,1.055,1.055,20,0
SFN,5,20210208,115000,1.05,1.05,1.05,1.05,2000,0
SFN,5,20210208,122000,0.996,0.996,0.996,0.996,100,0
SFN,5,20210208,154500,1.05,1.05,1.05,1.05,2000,0
SFN,5,20210208,160000,0.998,0.998,0.996,0.996,4257,0
SFN,5,20210208,160500,0.994,0.994,0.97,0.97,2319,0
SFN,5,20210208,161000,1.02,1.02,1.02,1.02,200,0
SFN,5,20210209,134000,1.025,1.05,1.025,1.05,6010,0
SFN,5,20210209,152000,1.005,1.005,1.005,1.005,650,0
SFN,5,20210209,164000,1.045,1.045,1.045,1.045,10,0
SFN,5,20210210,090500,1.05,1.05,1.05,1.05,30,0
SFN,5,20210210,115500,1.05,1.055,1.05,1.055,3105,0
SFN,5,20210210,120000,1.06,1.06,1.06,1.06,200,0
SFN,5,20210210,123000,1.06,1.06,1.06,1.06,1000,0
SFN,5,20210210,123500,1.065,1.065,1.065,1.065,950,0
SFN,5,20210210,125000,1.065,1.07,1.065,1.07,1300,0
SFN,5,20210210,131500,1.07,1.095,1.07,1.095,3700,0
SFN,5,20210210,132000,1.1,1.115,1.05,1.05,1087,0
SFN,5,20210210,132500,1.08,1.08,1.08,1.08,50,0
SFN,5,20210210,133500,1.08,1.17,1.08,1.17,4169,0
SFN,5,20210210,164000,1.075,1.16,1.07,1.16,3105,0
SFN,5,20210211,090000,1.15,1.15,1.15,1.15,400,0
SFN,5,20210211,094500,1.15,1.15,1.15,1.15,300,0
SFN,5,20210211,133500,1.11,1.11,1.11,1.11,1500,0
SFN,5,20210211,151000,1.15,1.15,1.15,1.15,45,0
SFN,5,20210211,155000,1.15,1.155,1.15,1.155,1955,0
SFN,5,20210211,160000,1.155,1.155,1.155,1.155,1955,0
SFN,5,20210212,111500,1.16,1.16,1.16,1.16,200,0
SFN,5,20210215,161500,1.06,1.06,1.06,1.06,1000,0
SFN,5,20210216,091000,1.13,1.13,1.13,1.13,50,0
SFN,5,20210216,091500,1.13,1.14,1.13,1.14,1500,0
SFN,5,20210216,095500,1.08,1.08,1.08,1.08,200,0
SFN,5,20210216,100500,1.13,1.13,1.13,1.13,50,0
SFN,5,20210216,113500,1.13,1.135,1.13,1.135,2000,0
SFN,5,20210216,114000,1.135,1.17,1.135,1.165,5310,0
SFN,5,20210216,120000,1.1,1.16,1.1,1.16,321,0
SFN,5,20210216,120500,1.15,1.15,1.15,1.15,200,0
SFN,5,20210216,122500,1.12,1.12,1.12,1.12,100,0
SFN,5,20210216,125000,1.155,1.155,1.155,1.155,1000,0
SFN,5,20210216,152500,1.15,1.15,1.15,1.15,500,0
SFN,5,20210216,161500,1.15,1.15,1.15,1.15,2500,0
SFN,5,20210216,162000,1.15,1.15,1.15,1.15,936,0
SFN,5,20210217,154000,1.15,1.15,1.15,1.15,1064,0
SFN,5,20210218,090000,1.11,1.11,1.11,1.11,1490,0
SFN,5,20210218,090500,1.14,1.165,1.14,1.165,710,0
SFN,5,20210218,091000,1.16,1.16,1.16,1.16,2000,0
SFN,5,20210219,154500,1.16,1.16,1.16,1.16,10,0
SFN,5,20210219,155000,1.16,1.16,1.16,1.16,10,0
SFN,5,20210219,155500,1.16,1.16,1.16,1.16,2000,0
SFN,5,20210219,160500,1.16,1.165,1.16,1.165,500,0
SFN,5,20210222,090000,1.16,1.16,1.16,1.16,100,0
SFN,5,20210222,125000,1.12,1.12,1.09,1.09,2200,0
SFN,5,20210222,130500,1.08,1.08,1.07,1.07,400,0
SFN,5,20210222,131000,1.06,1.06,1.06,1.06,140,0
SFN,5,20210222,134500,1.06,1.06,1.06,1.06,65,0
SFN,5,20210222,160000,1.1,1.1,1.1,1.1,300,0
SFN,5,20210223,094000,1.06,1.06,1.05,1.05,2000,0
SFN,5,20210224,113500,1.09,1.09,1.09,1.09,15,0
SFN,5,20210224,133500,1.09,1.1,1.09,1.1,3885,0
SFN,5,20210224,134000,1.1,1.1,1.1,1.1,115,0
SFN,5,20210225,091500,1.1,1.1,1.1,1.1,20,0
SFN,5,20210225,095000,1.055,1.055,1.045,1.045,500,0
SFN,5,20210226,090000,1.05,1.05,1.05,1.05,400,0
SFN,5,20210226,091000,1.05,1.05,1.05,1.05,1499,0
SFN,5,20210226,091500,1.08,1.08,1.08,1.08,10,0
SFN,5,20210301,100000,1.035,1.035,1.035,1.035,10,0
SFN,5,20210301,102000,1.09,1.09,1.09,1.09,13,0
SFN,5,20210303,143000,1.09,1.12,1.09,1.12,4000,0
SFN,5,20210303,150000,1.12,1.14,1.12,1.14,150,0
SFN,5,20210303,155500,1.12,1.12,1.12,1.12,2000,0
SFN,5,20210303,160500,1.12,1.12,1.12,1.12,1000,0
SFN,5,20210304,090000,1.12,1.12,1.12,1.12,20,0
SFN,5,20210304,091000,1.12,1.13,1.12,1.13,1000,0
SFN,5,20210308,134000,1.13,1.13,1.13,1.13,1680,0
SFN,5,20210308,134500,1.13,1.13,1.13,1.13,1000,0
SFN,5,20210308,143500,1.14,1.14,1.14,1.14,50,0
SFN,5,20210308,144500,1.13,1.13,1.13,1.13,20,0
SFN,5,20210309,090000,1.13,1.13,1.13,1.13,20,0
SFN,5,20210310,093000,1.14,1.14,1.14,1.14,50,0
SFN,5,20210311,090500,1.14,1.16,1.09,1.16,4522,0
SFN,5,20210311,105000,1.1,1.14,1.09,1.14,1284,0
SFN,5,20210311,111000,1.14,1.15,1.14,1.15,2500,0
SFN,5,20210312,105000,1.15,1.15,1.15,1.15,2000,0
SFN,5,20210317,161000,1.09,1.09,1.09,1.09,72,0
SFN,5,20210318,090000,1.13,1.15,1.13,1.15,500,0
SFN,5,20210318,090500,1.15,1.15,1.15,1.15,2000,0
SFN,5,20210318,095500,1.16,1.16,1.16,1.16,1599,0
SFN,5,20210318,100500,1.16,1.16,1.16,1.16,1,0
SFN,5,20210318,101000,1.16,1.16,1.16,1.16,1000,0
SFN,5,20210318,104000,1.09,1.09,1.09,1.09,1064,0
SFN,5,20210318,105500,1.14,1.15,1.14,1.15,2800,0
SFN,5,20210318,125000,1.15,1.15,1.15,1.15,1136,0
SFN,5,20210318,132000,1.15,1.15,1.15,1.15,64,0
SFN,5,20210319,103000,1.15,1.15,1.15,1.15,98,0
SFN,5,20210322,141000,1.15,1.15,1.15,1.15,200,0
SFN,5,20210323,092000,1.155,1.155,1.155,1.155,54,0
SFN,5,20210323,103000,1.15,1.16,1.15,1.16,1000,0
SFN,5,20210324,090500,1.155,1.155,1.155,1.155,50,0
SFN,5,20210324,145000,1.12,1.12,1.11,1.11,1200,0
SFN,5,20210324,152000,1.14,1.15,1.14,1.15,1000,0
SFN,5,20210325,141500,1.1,1.1,1.1,1.1,1300,0
SFN,5,20210325,144000,1.1,1.1,1.1,1.1,4000,0
SFN,5,20210325,165500,1.15,1.15,1.15,1.15,1,0
SFN,5,20210326,105500,1.09,1.09,1.09,1.09,100,0
SFN,5,20210326,113500,1.15,1.15,1.15,1.15,2000,0
