<TICKER>,<PER>,<DATE>,<TIME>,<OPEN>,<HIGH>,<LOW>,<CLOSE>,<VOL>,<OPENINT>
SKN,5,20210205,112000,0.28,0.28,0.274,0.274,1601,0
SKN,5,20210205,112500,0.31,0.31,0.31,0.31,100,0
SKN,5,20210205,130000,0.31,0.31,0.31,0.31,650,0
SKN,5,20210205,140000,0.31,0.31,0.31,0.31,3162,0
SKN,5,20210208,091500,0.308,0.308,0.308,0.308,5000,0
SKN,5,20210208,114000,0.308,0.308,0.308,0.308,551,0
SKN,5,20210208,121000,0.308,0.308,0.308,0.308,748,0
SKN,5,20210208,153500,0.31,0.31,0.31,0.31,13000,0
SKN,5,20210209,090000,0.31,0.32,0.31,0.32,13500,0
SKN,5,20210209,090500,0.338,0.338,0.338,0.338,3000,0
SKN,5,20210209,091000,0.34,0.34,0.34,0.34,400,0
SKN,5,20210209,091500,0.338,0.338,0.338,0.338,2600,0
SKN,5,20210209,101000,0.338,0.34,0.338,0.34,3600,0
SKN,5,20210209,145500,0.34,0.34,0.34,0.34,200,0
SKN,5,20210209,150500,0.34,0.34,0.34,0.34,450,0
SKN,5,20210209,155000,0.33,0.33,0.33,0.33,3000,0
SKN,5,20210209,161000,0.33,0.34,0.33,0.34,1400,0
SKN,5,20210209,164500,0.302,0.302,0.302,0.302,40,0
SKN,5,20210210,090000,0.302,0.33,0.302,0.33,5369,0
SKN,5,20210210,091000,0.302,0.302,0.302,0.302,3391,0
SKN,5,20210210,092000,0.328,0.328,0.328,0.328,2600,0
SKN,5,20210210,094000,0.32,0.324,0.32,0.324,6900,0
SKN,5,20210210,101000,0.31,0.31,0.31,0.31,1000,0
SKN,5,20210210,102500,0.326,0.326,0.326,0.326,500,0
SKN,5,20210210,152500,0.326,0.326,0.326,0.326,4209,0
SKN,5,20210210,154500,0.326,0.33,0.326,0.33,3400,0
SKN,5,20210210,161500,0.32,0.33,0.296,0.33,7000,0
SKN,5,20210211,103500,0.328,0.33,0.328,0.33,6000,0
SKN,5,20210211,110000,0.33,0.33,0.33,0.33,3000,0
SKN,5,20210211,112000,0.316,0.33,0.312,0.33,6500,0
SKN,5,20210211,134000,0.33,0.33,0.33,0.33,3300,0
SKN,5,20210211,150000,0.314,0.33,0.312,0.33,17000,0
SKN,5,20210212,090000,0.328,0.34,0.328,0.34,4650,0
SKN,5,20210212,153500,0.336,0.392,0.336,0.392,27087,0
SKN,5,20210212,154000,0.36,0.392,0.35,0.39,23187,0
SKN,5,20210212,155500,0.38,0.384,0.38,0.384,5000,0
SKN,5,20210212,160000,0.386,0.392,0.386,0.392,32000,0
SKN,5,20210212,162000,0.408,0.438,0.408,0.438,3451,0
SKN,5,20210212,162500,0.438,0.438,0.438,0.438,1500,0
SKN,5,20210212,163500,0.42,0.42,0.42,0.42,2500,0
SKN,5,20210212,164000,0.43,0.432,0.43,0.432,2900,0
SKN,5,20210212,164500,0.432,0.458,0.432,0.458,15180,0
SKN,5,20210215,090000,0.468,0.54,0.468,0.54,23496,0
SKN,5,20210215,090500,0.555,0.555,0.515,0.55,19837,0
SKN,5,20210215,091500,0.5,0.5,0.5,0.5,4000,0
SKN,5,20210215,092000,0.5,0.535,0.45,0.45,15100,0
SKN,5,20210215,092500,0.47,0.492,0.47,0.492,11000,0
SKN,5,20210215,093000,0.492,0.498,0.492,0.498,5080,0
SKN,5,20210215,093500,0.535,0.55,0.535,0.55,10000,0
SKN,5,20210215,094000,0.492,0.5,0.492,0.5,1920,0
SKN,5,20210215,094500,0.53,0.53,0.53,0.53,8853,0
SKN,5,20210215,095000,0.52,0.52,0.52,0.52,3000,0
SKN,5,20210215,100500,0.48,0.48,0.48,0.48,2000,0
SKN,5,20210215,101000,0.498,0.498,0.48,0.498,5720,0
SKN,5,20210215,101500,0.478,0.478,0.478,0.478,1554,0
SKN,5,20210215,103000,0.498,0.498,0.498,0.498,2780,0
SKN,5,20210215,103500,0.5,0.52,0.5,0.52,5200,0
SKN,5,20210215,111000,0.52,0.52,0.52,0.52,4480,0
SKN,5,20210215,120500,0.525,0.525,0.525,0.525,800,0
SKN,5,20210215,130000,0.525,0.53,0.525,0.53,2178,0
SKN,5,20210215,131500,0.525,0.525,0.525,0.525,6769,0
SKN,5,20210215,132000,0.525,0.525,0.525,0.525,1045,0
SKN,5,20210215,132500,0.525,0.525,0.525,0.525,1216,0
SKN,5,20210215,134500,0.52,0.52,0.52,0.52,3000,0
SKN,5,20210215,140000,0.535,0.545,0.535,0.545,2000,0
SKN,5,20210215,142500,0.545,0.55,0.545,0.545,11641,0
SKN,5,20210215,143000,0.5,0.545,0.5,0.545,4421,0
SKN,5,20210215,144500,0.545,0.545,0.545,0.545,1920,0
SKN,5,20210215,153000,0.5,0.5,0.5,0.5,100,0
SKN,5,20210215,153500,0.54,0.54,0.54,0.54,100,0
SKN,5,20210216,090500,0.535,0.54,0.535,0.54,2000,0
SKN,5,20210216,092500,0.505,0.505,0.505,0.505,1970,0
SKN,5,20210216,093000,0.535,0.535,0.52,0.52,1813,0
SKN,5,20210216,093500,0.52,0.52,0.52,0.52,197,0
SKN,5,20210216,095500,0.51,0.51,0.51,0.51,2000,0
SKN,5,20210216,104000,0.46,0.46,0.46,0.46,379,0
SKN,5,20210216,114500,0.505,0.505,0.505,0.505,866,0
SKN,5,20210216,131000,0.51,0.515,0.51,0.515,2022,0
SKN,5,20210217,090500,0.47,0.49,0.46,0.49,4891,0
SKN,5,20210217,122500,0.432,0.486,0.432,0.486,3894,0
SKN,5,20210217,151000,0.486,0.486,0.486,0.486,800,0
SKN,5,20210217,163000,0.432,0.432,0.432,0.432,3400,0
SKN,5,20210218,090000,0.432,0.49,0.43,0.43,11118,0
SKN,5,20210218,090500,0.42,0.488,0.42,0.488,9488,0
SKN,5,20210218,091000,0.51,0.51,0.505,0.505,1010,0
SKN,5,20210218,091500,0.505,0.505,0.505,0.505,1000,0
SKN,5,20210218,094500,0.432,0.432,0.432,0.432,1018,0
SKN,5,20210218,095000,0.496,0.496,0.496,0.496,2000,0
SKN,5,20210218,103500,0.496,0.496,0.496,0.496,1200,0
SKN,5,20210218,135500,0.498,0.5,0.498,0.5,600,0
SKN,5,20210218,144500,0.434,0.49,0.434,0.49,500,0
SKN,5,20210219,110500,0.48,0.48,0.48,0.48,4000,0
SKN,5,20210219,124500,0.488,0.488,0.488,0.488,1098,0
SKN,5,20210219,142000,0.482,0.49,0.482,0.49,500,0
SKN,5,20210222,090000,0.49,0.49,0.49,0.49,612,0
SKN,5,20210222,090500,0.49,0.49,0.49,0.49,1500,0
SKN,5,20210222,091000,0.49,0.496,0.49,0.496,3000,0
SKN,5,20210222,091500,0.496,0.498,0.496,0.498,3000,0
SKN,5,20210222,112500,0.498,0.498,0.498,0.498,6000,0
SKN,5,20210223,095000,0.498,0.498,0.498,0.498,600,0
SKN,5,20210223,114000,0.46,0.496,0.46,0.496,7000,0
SKN,5,20210225,120000,0.46,0.46,0.46,0.46,700,0
SKN,5,20210225,121000,0.468,0.468,0.468,0.468,1050,0
SKN,5,20210301,090000,0.46,0.5,0.46,0.5,8200,0
SKN,5,20210301,091500,0.498,0.498,0.498,0.498,2600,0
SKN,5,20210301,101000,0.44,0.496,0.44,0.496,5200,0
SKN,5,20210301,120000,0.43,0.43,0.43,0.43,1154,0
SKN,5,20210301,124500,0.45,0.45,0.45,0.45,146,0
SKN,5,20210301,144000,0.45,0.45,0.45,0.45,800,0
SKN,5,20210302,094000,0.44,0.44,0.44,0.44,820,0
SKN,5,20210302,164500,0.45,0.45,0.45,0.45,60,0
SKN,5,20210303,100000,0.46,0.46,0.46,0.46,500,0
SKN,5,20210303,120000,0.46,0.488,0.46,0.488,6000,0
SKN,5,20210303,121000,0.44,0.49,0.44,0.49,3486,0
SKN,5,20210304,100000,0.49,0.49,0.49,0.49,700,0
SKN,5,20210304,140000,0.44,0.44,0.44,0.44,6,0
SKN,5,20210304,141000,0.48,0.48,0.48,0.48,100,0
SKN,5,20210305,091500,0.488,0.488,0.488,0.488,2000,0
SKN,5,20210305,134000,0.488,0.488,0.488,0.488,250,0
SKN,5,20210305,152000,0.488,0.488,0.488,0.488,250,0
SKN,5,20210305,160000,0.488,0.488,0.488,0.488,200,0
SKN,5,20210305,161000,0.488,0.488,0.488,0.488,420,0
SKN,5,20210305,162000,0.488,0.488,0.488,0.488,1000,0
SKN,5,20210308,090000,0.49,0.49,0.49,0.49,50,0
SKN,5,20210308,094500,0.49,0.498,0.49,0.496,9500,0
SKN,5,20210308,095000,0.46,0.498,0.46,0.498,3600,0
SKN,5,20210308,125000,0.46,0.498,0.46,0.498,868,0
SKN,5,20210309,104000,0.48,0.48,0.48,0.48,15,0
SKN,5,20210309,105500,0.45,0.45,0.45,0.45,450,0
SKN,5,20210309,110000,0.48,0.48,0.43,0.48,7652,0
SKN,5,20210309,111000,0.49,0.492,0.49,0.492,1600,0
SKN,5,20210309,111500,0.496,0.496,0.496,0.496,1000,0
SKN,5,20210309,113500,0.41,0.494,0.41,0.494,4610,0
SKN,5,20210309,114000,0.43,0.43,0.43,0.43,3500,0
SKN,5,20210309,114500,0.48,0.48,0.41,0.448,2102,0
SKN,5,20210309,115500,0.448,0.448,0.448,0.448,700,0
SKN,5,20210309,142000,0.426,0.45,0.424,0.45,4123,0
SKN,5,20210310,090500,0.45,0.478,0.45,0.478,3500,0
SKN,5,20210310,091000,0.478,0.478,0.478,0.478,100,0
SKN,5,20210310,120500,0.476,0.476,0.476,0.476,2246,0
SKN,5,20210310,154500,0.474,0.474,0.474,0.474,3250,0
SKN,5,20210310,155000,0.476,0.48,0.476,0.48,2954,0
SKN,5,20210310,155500,0.486,0.486,0.486,0.486,160,0
SKN,5,20210310,160000,0.476,0.48,0.476,0.48,4567,0
SKN,5,20210311,103500,0.48,0.496,0.48,0.496,4500,0
SKN,5,20210311,104500,0.496,0.496,0.496,0.496,1200,0
SKN,5,20210311,112000,0.498,0.498,0.498,0.498,4348,0
SKN,5,20210311,112500,0.46,0.46,0.46,0.46,10393,0
SKN,5,20210311,113500,0.48,0.48,0.48,0.48,50,0
SKN,5,20210311,114000,0.48,0.48,0.48,0.48,850,0
SKN,5,20210311,115000,0.46,0.498,0.46,0.498,5900,0
SKN,5,20210311,153500,0.49,0.49,0.49,0.49,1960,0
SKN,5,20210312,114000,0.488,0.49,0.488,0.49,2500,0
SKN,5,20210312,115000,0.49,0.49,0.49,0.49,2774,0
SKN,5,20210312,115500,0.49,0.496,0.49,0.496,1826,0
SKN,5,20210312,131500,0.492,0.492,0.492,0.492,5081,0
SKN,5,20210312,140000,0.49,0.492,0.49,0.492,2000,0
SKN,5,20210312,152500,0.49,0.49,0.49,0.49,620,0
SKN,5,20210315,093000,0.488,0.488,0.488,0.488,600,0
SKN,5,20210315,142500,0.486,0.486,0.486,0.486,5,0
SKN,5,20210315,151000,0.46,0.486,0.45,0.486,8507,0
SKN,5,20210317,090000,0.48,0.48,0.48,0.48,210,0
SKN,5,20210317,091500,0.486,0.488,0.486,0.488,2300,0
SKN,5,20210318,114000,0.46,0.46,0.46,0.46,40,0
SKN,5,20210318,114500,0.45,0.48,0.45,0.48,3966,0
SKN,5,20210318,125500,0.44,0.48,0.44,0.48,4700,0
SKN,5,20210318,131000,0.43,0.43,0.43,0.43,1500,0
SKN,5,20210318,131500,0.45,0.45,0.45,0.45,100,0
SKN,5,20210319,111500,0.44,0.44,0.44,0.44,500,0
SKN,5,20210319,121000,0.44,0.44,0.44,0.44,2500,0
SKN,5,20210319,121500,0.47,0.47,0.47,0.47,100,0
SKN,5,20210319,135000,0.42,0.47,0.41,0.47,7950,0
SKN,5,20210319,163500,0.428,0.43,0.428,0.43,2000,0
SKN,5,20210322,090000,0.43,0.468,0.43,0.468,6761,0
SKN,5,20210322,090500,0.42,0.47,0.42,0.47,4239,0
SKN,5,20210322,091000,0.43,0.43,0.43,0.43,4652,0
SKN,5,20210322,093000,0.468,0.468,0.44,0.468,5000,0
SKN,5,20210322,101000,0.432,0.468,0.39,0.39,10362,0
SKN,5,20210322,101500,0.46,0.46,0.46,0.46,100,0
SKN,5,20210322,113000,0.42,0.42,0.42,0.42,726,0
SKN,5,20210322,114500,0.38,0.38,0.38,0.38,6764,0
SKN,5,20210322,115500,0.424,0.424,0.424,0.424,48,0
SKN,5,20210322,134000,0.372,0.39,0.372,0.39,5010,0
SKN,5,20210322,134500,0.39,0.416,0.39,0.416,1264,0
SKN,5,20210322,141000,0.392,0.392,0.39,0.39,952,0
SKN,5,20210322,141500,0.41,0.41,0.41,0.41,36,0
SKN,5,20210322,143000,0.394,0.42,0.394,0.42,7400,0
SKN,5,20210322,163000,0.42,0.458,0.42,0.458,10740,0
SKN,5,20210322,163500,0.458,0.458,0.41,0.458,5020,0
SKN,5,20210323,090000,0.42,0.42,0.394,0.42,369,0
SKN,5,20210323,091500,0.418,0.418,0.418,0.418,1040,0
SKN,5,20210323,092500,0.398,0.468,0.394,0.468,13160,0
SKN,5,20210323,093000,0.394,0.394,0.38,0.38,31279,0
SKN,5,20210323,093500,0.398,0.398,0.398,0.398,1452,0
SKN,5,20210323,100000,0.382,0.392,0.38,0.39,21000,0
SKN,5,20210323,103500,0.388,0.39,0.378,0.39,6150,0
SKN,5,20210323,105500,0.38,0.396,0.38,0.396,24400,0
SKN,5,20210323,110000,0.38,0.388,0.38,0.388,10100,0
SKN,5,20210323,110500,0.386,0.386,0.386,0.386,1000,0
SKN,5,20210323,114500,0.386,0.386,0.386,0.386,50,0
SKN,5,20210323,120000,0.376,0.386,0.376,0.386,10316,0
SKN,5,20210323,120500,0.376,0.388,0.376,0.388,9900,0
SKN,5,20210323,124000,0.38,0.386,0.376,0.386,7400,0
SKN,5,20210323,125000,0.38,0.38,0.38,0.38,916,0
SKN,5,20210323,125500,0.376,0.386,0.374,0.386,13900,0
SKN,5,20210323,131000,0.384,0.384,0.384,0.384,1000,0
SKN,5,20210323,133000,0.384,0.384,0.384,0.384,500,0
SKN,5,20210323,140500,0.374,0.374,0.374,0.374,1500,0
SKN,5,20210323,141000,0.382,0.382,0.382,0.382,1000,0
SKN,5,20210323,141500,0.38,0.384,0.38,0.384,1190,0
SKN,5,20210323,151000,0.372,0.372,0.372,0.372,1000,0
SKN,5,20210323,151500,0.37,0.384,0.37,0.384,3720,0
SKN,5,20210323,152500,0.38,0.38,0.38,0.38,1000,0
SKN,5,20210323,153000,0.38,0.384,0.38,0.384,5836,0
SKN,5,20210323,155500,0.386,0.392,0.386,0.392,3550,0
SKN,5,20210323,162000,0.39,0.39,0.39,0.39,2550,0
SKN,5,20210323,164500,0.39,0.39,0.39,0.39,1000,0
SKN,5,20210324,090000,0.39,0.39,0.38,0.39,6800,0
SKN,5,20210324,110500,0.372,0.372,0.372,0.372,550,0
SKN,5,20210324,112000,0.39,0.39,0.39,0.39,331,0
SKN,5,20210325,104000,0.388,0.388,0.388,0.388,500,0
SKN,5,20210325,121000,0.388,0.388,0.388,0.388,300,0
SKN,5,20210325,143000,0.372,0.388,0.372,0.388,4550,0
