<TICKER>,<PER>,<DATE>,<TIME>,<OPEN>,<HIGH>,<LOW>,<CLOSE>,<VOL>,<OPENINT>
SMT,5,20210218,110000,27.1,31,27.1,31,9453,0
SMT,5,20210218,110500,31,31.5,30,30.2,1972,0
SMT,5,20210218,111000,30.1,30.875,30,30.87,458,0
SMT,5,20210218,111500,30.87,30.88,30,30.795,334,0
SMT,5,20210218,112000,30.795,30.8,30.005,30.5,197,0
SMT,5,20210218,112500,30.5,32.005,30.5,32,2860,0
SMT,5,20210218,113000,32.005,32.005,30.03,31,2785,0
SMT,5,20210218,113500,31.005,31.5,31,31.5,450,0
SMT,5,20210218,114000,31.49,31.5,31.49,31.5,130,0
SMT,5,20210218,114500,31.4,31.4,31.4,31.4,83,0
SMT,5,20210218,115000,31.3,31.4,31.3,31.4,107,0
SMT,5,20210218,120000,31.5,31.5,31.5,31.5,60,0
SMT,5,20210218,120500,31.505,31.505,31.505,31.505,100,0
SMT,5,20210218,121000,31.505,31.505,31.5,31.5,308,0
SMT,5,20210218,122500,31.74,32.5,31.74,32.5,1048,0
SMT,5,20210218,123000,32.49,32.9,31.2,31.2,1088,0
SMT,5,20210218,123500,31.205,32.895,31,32,1308,0
SMT,5,20210218,124000,32.495,32.495,32.495,32.495,32,0
SMT,5,20210218,124500,32.005,32.005,32,32,352,0
SMT,5,20210218,125000,31.995,32,31.995,32,98,0
SMT,5,20210218,131000,31.99,32,31.99,32,109,0
SMT,5,20210218,131500,31.505,31.505,31.505,31.505,10,0
SMT,5,20210218,132000,31.51,31.51,31.5,31.5,225,0
SMT,5,20210218,133000,31.5,31.5,31.5,31.5,71,0
SMT,5,20210218,133500,31.02,31.5,31,31.5,479,0
SMT,5,20210218,134000,31.5,31.5,31.5,31.5,57,0
SMT,5,20210218,134500,32.3,32.99,32.3,32.99,643,0
SMT,5,20210218,135000,32.3,32.3,32.005,32.005,49,0
SMT,5,20210218,135500,32.2,32.99,32.005,32.985,273,0
SMT,5,20210218,140000,32.01,33,32.01,33,215,0
SMT,5,20210218,141000,32.01,32.01,32.01,32.01,31,0
SMT,5,20210218,141500,32.01,32.95,32,32.95,251,0
SMT,5,20210218,142500,32.695,32.7,32.695,32.7,80,0
SMT,5,20210218,143000,32.7,32.7,31.68,31.68,261,0
SMT,5,20210218,144000,32.68,32.95,32.68,32.95,450,0
SMT,5,20210218,145500,32.94,32.95,31.5,31.5,405,0
SMT,5,20210218,150000,31.55,32,31,32,520,0
SMT,5,20210218,151500,32.005,32.3,31.895,32.3,1227,0
SMT,5,20210218,152000,32.1,32.1,31,31,1000,0
SMT,5,20210218,152500,31,32.005,30.995,31.3,398,0
SMT,5,20210218,153000,31.295,32.005,31.25,31.275,474,0
SMT,5,20210218,153500,31.275,32.005,31.135,31.9,791,0
SMT,5,20210218,154000,31.3,31.3,30.7,30.7,348,0
SMT,5,20210218,155000,31.95,31.95,31.95,31.95,124,0
SMT,5,20210218,155500,31.795,31.8,31.795,31.8,200,0
SMT,5,20210218,160000,31.5,31.5,31.5,31.5,7,0
SMT,5,20210218,160500,31.005,31.005,31,31,200,0
SMT,5,20210218,161000,30.7,30.7,30.7,30.7,25,0
SMT,5,20210218,161500,30.8,30.8,30.8,30.8,50,0
SMT,5,20210218,162500,30.8,30.8,30.8,30.8,44,0
SMT,5,20210218,163000,30.8,30.8,30.8,30.8,100,0
SMT,5,20210218,163500,30.7,30.7,30.1,30.1,657,0
SMT,5,20210218,164000,30.8,30.8,30.8,30.8,4,0
SMT,5,20210218,164500,30.41,30.41,30.41,30.41,960,0
SMT,5,20210219,090000,30.8,30.8,30.78,30.78,644,0
SMT,5,20210219,090500,30.78,30.78,30.5,30.5,259,0
SMT,5,20210219,091000,30.2,30.2,30,30,611,0
SMT,5,20210219,091500,29.41,29.41,29.21,29.21,277,0
SMT,5,20210219,092000,30,30.2,29.4,29.5,299,0
SMT,5,20210219,092500,29.79,30,29.79,30,500,0
SMT,5,20210219,093500,29.5,29.5,28.995,28.995,1069,0
SMT,5,20210219,094000,29,29.8,29,29.8,512,0
SMT,5,20210219,095500,29,29,28.8,28.8,340,0
SMT,5,20210219,100000,28.31,29.5,28.31,29.5,166,0
SMT,5,20210219,100500,29.7,29.7,29.7,29.7,70,0
SMT,5,20210219,101000,29.65,29.7,29.65,29.7,350,0
SMT,5,20210219,101500,29.8,29.8,29.8,29.8,95,0
SMT,5,20210219,104500,29.105,29.105,29,29,250,0
SMT,5,20210219,110500,29,29,28.8,28.8,100,0
SMT,5,20210219,112500,28.8,28.8,28.8,28.8,164,0
SMT,5,20210219,114500,28.895,28.9,28.895,28.9,119,0
SMT,5,20210219,122500,29.1,29.1,28.7,28.7,110,0
SMT,5,20210219,125000,28.705,28.705,28.7,28.7,100,0
SMT,5,20210219,125500,28.705,28.705,28.61,28.61,200,0
SMT,5,20210219,140500,28.615,28.615,28.61,28.61,295,0
SMT,5,20210219,142000,28.61,28.61,28.555,28.555,150,0
SMT,5,20210219,143500,28.555,28.555,28.525,28.525,48,0
SMT,5,20210219,144000,28.555,29.545,28.555,28.775,535,0
SMT,5,20210219,144500,29.1,29.15,28.775,28.775,490,0
SMT,5,20210219,145000,29.15,29.205,28.7,28.78,610,0
SMT,5,20210219,145500,29,29,29,29,51,0
SMT,5,20210219,150000,29.05,29.05,29.05,29.05,100,0
SMT,5,20210219,150500,29.05,29.05,29.05,29.05,33,0
SMT,5,20210219,151500,29,29,28.605,28.605,50,0
SMT,5,20210219,154000,28.8,28.8,28.61,28.61,100,0
SMT,5,20210219,160500,29.3,29.3,29.3,29.3,20,0
SMT,5,20210219,161000,29.3,29.3,29.3,29.3,2,0
SMT,5,20210219,163000,29.4,29.4,29.4,29.4,58,0
SMT,5,20210219,164500,29.4,29.4,28.8,28.8,296,0
SMT,5,20210222,090000,29.5,29.5,29,29,55,0
SMT,5,20210222,090500,29.5,29.5,29.5,29.5,33,0
SMT,5,20210222,091000,29.5,29.5,29.5,29.5,1,0
SMT,5,20210222,091500,28.7,29.2,28.7,29.2,205,0
SMT,5,20210222,092000,28.6,28.6,28.4,28.4,298,0
SMT,5,20210222,095000,27.81,27.81,27.5,27.5,269,0
SMT,5,20210222,100000,27.81,27.81,27.5,27.5,164,0
SMT,5,20210222,100500,27.22,27.22,27.21,27.21,125,0
SMT,5,20210222,103000,27.39,27.39,27.39,27.39,100,0
SMT,5,20210222,104000,28.21,28.21,28.21,28.21,20,0
SMT,5,20210222,104500,28.21,28.21,28.21,28.21,30,0
SMT,5,20210222,105000,28.4,28.4,28.4,28.4,70,0
SMT,5,20210222,112500,27.5,27.5,27.5,27.5,53,0
SMT,5,20210222,115000,27.5,27.5,27.5,27.5,87,0
SMT,5,20210222,121000,28.395,28.395,28.395,28.395,10,0
SMT,5,20210222,131500,28.39,28.395,28.39,28.395,43,0
SMT,5,20210222,141500,27.7,27.7,27.55,27.55,120,0
SMT,5,20210222,150500,27.55,27.55,27.415,27.415,113,0
SMT,5,20210222,160500,28.37,28.39,28.37,28.39,100,0
SMT,5,20210222,164500,27.41,28.39,27.41,28.39,91,0
SMT,5,20210223,090000,29,29,28.39,28.99,52,0
SMT,5,20210223,123500,28.39,28.39,27.32,27.32,154,0
SMT,5,20210223,143000,27.32,27.32,26.975,26.975,230,0
SMT,5,20210223,150500,26.98,26.98,26.98,26.98,47,0
SMT,5,20210223,152500,26.36,26.36,26.36,26.36,72,0
SMT,5,20210223,153500,26.21,26.21,25.7,25.7,218,0
SMT,5,20210223,154000,25,25,25,25,10,0
SMT,5,20210223,162000,25,25,25,25,28,0
SMT,5,20210224,090000,25.01,26.99,25.01,26.99,23,0
SMT,5,20210224,095500,26,26,26,26,40,0
SMT,5,20210224,104500,26.63,26.63,26.63,26.63,42,0
SMT,5,20210224,110500,25.735,25.735,25.7,25.7,190,0
SMT,5,20210224,114500,26.465,26.465,26.465,26.465,20,0
SMT,5,20210224,124000,25.7,25.7,25.7,25.7,40,0
SMT,5,20210224,131500,25.705,25.705,25.705,25.705,20,0
SMT,5,20210224,134000,25.72,25.72,25.72,25.72,50,0
SMT,5,20210224,151500,26.385,26.385,26.385,26.385,4,0
SMT,5,20210225,090000,26.37,26.37,26.37,26.37,2,0
SMT,5,20210225,091000,25.3,25.3,23.3,23.3,118,0
SMT,5,20210225,092000,25.525,25.525,25.525,25.525,1,0
SMT,5,20210225,092500,24.31,24.31,24.31,24.31,3,0
SMT,5,20210225,102000,25.105,25.105,25.1,25.1,2,0
SMT,5,20210225,103000,25.725,25.73,25.725,25.73,4,0
SMT,5,20210225,103500,25.4,25.4,25,25,59,0
SMT,5,20210225,104000,25.5,25.5,25.5,25.5,80,0
SMT,5,20210225,104500,25.7,25.7,25.7,25.7,20,0
SMT,5,20210225,110500,24.56,24.56,24.56,24.56,102,0
SMT,5,20210225,111000,25,25,24.5,24.5,40,0
SMT,5,20210225,111500,24.5,24.5,24.33,24.33,180,0
SMT,5,20210225,112000,24.2,24.2,24,24,395,0
SMT,5,20210225,113000,24.995,25.67,23.5,24.5,371,0
SMT,5,20210225,113500,24.5,24.5,24,24,25,0
SMT,5,20210225,114500,25.29,25.3,25.29,25.3,80,0
SMT,5,20210225,115500,25.3,25.3,25.3,25.3,30,0
SMT,5,20210225,120000,25.3,25.3,25.3,25.3,70,0
SMT,5,20210225,121500,25.5,25.5,25.5,25.5,80,0
SMT,5,20210225,122000,24,24,23,23,287,0
SMT,5,20210225,131500,24.5,24.5,24.5,24.5,100,0
SMT,5,20210225,133500,25.49,25.49,25.49,25.49,2,0
SMT,5,20210225,151500,25.49,25.5,25.49,25.5,67,0
SMT,5,20210225,160000,25,25,23.21,23.21,11,0
SMT,5,20210225,163500,25.48,25.48,25.48,25.48,1,0
SMT,5,20210226,090000,25,25,25,25,2,0
SMT,5,20210226,100000,24.9,24.9,24.9,24.9,51,0
SMT,5,20210226,101500,24.9,24.9,24.9,24.9,9,0
SMT,5,20210226,150500,24.5,24.96,23,24.96,159,0
SMT,5,20210226,151500,23.8,23.8,23.8,23.8,5,0
SMT,5,20210226,153500,23,23,23,23,210,0
SMT,5,20210226,164500,24,24,24,24,1,0
SMT,5,20210301,090000,23.985,23.985,23.985,23.985,112,0
SMT,5,20210301,093500,23.9,23.9,23.9,23.9,44,0
SMT,5,20210301,094000,23.5,24,23.5,24,144,0
SMT,5,20210301,094500,23.995,24,23.995,24,216,0
SMT,5,20210301,095000,23.98,23.98,23.98,23.98,7,0
SMT,5,20210301,100000,24,24,24,24,80,0
SMT,5,20210301,105000,24.4,24.4,24.4,24.4,1,0
SMT,5,20210301,113000,24,24,24,24,10,0
SMT,5,20210301,122000,24.4,24.4,24.4,24.4,1,0
SMT,5,20210301,140500,24,24.39,24,24.39,211,0
SMT,5,20210301,153000,23.7,23.8,23,23,70,0
SMT,5,20210301,153500,23,23,22.4,22.4,120,0
SMT,5,20210301,155000,24.38,24.38,24.38,24.38,5,0
SMT,5,20210302,090000,23.345,24.38,23.345,24.38,183,0
SMT,5,20210302,090500,24,24,24,24,70,0
SMT,5,20210302,092000,24.485,24.485,24.485,24.485,50,0
SMT,5,20210302,092500,24.9,24.9,24.9,24.9,1,0
SMT,5,20210302,110000,23.9,24.5,23.9,24.5,200,0
SMT,5,20210302,141000,23.79,23.79,23.7,23.7,30,0
SMT,5,20210302,141500,23.5,23.5,22.8,22.8,254,0
SMT,5,20210302,143500,22.9,22.9,22.9,22.9,210,0
SMT,5,20210302,144500,24.42,24.42,24.42,24.42,5,0
SMT,5,20210303,090000,24,24.42,23.95,24.42,346,0
SMT,5,20210303,111000,23.075,23.075,23.075,23.075,5,0
SMT,5,20210303,112500,23.075,24.195,22.8,22.8,205,0
SMT,5,20210303,121500,23,23,22,22,22,0
SMT,5,20210303,122500,23,23.995,23,23.995,140,0
SMT,5,20210303,130000,23,23,23,23,20,0
SMT,5,20210303,133500,22,22,21.2,21.2,19,0
SMT,5,20210303,135500,22,22,21.2,21.2,39,0
SMT,5,20210303,140500,23.795,23.795,23.795,23.795,1,0
SMT,5,20210303,143500,21.2,21.2,21.2,21.2,345,0
SMT,5,20210303,144000,21.5,21.5,21.5,21.5,390,0
SMT,5,20210303,145500,23.685,23.685,23.685,23.685,1,0
SMT,5,20210303,162000,21.51,21.51,21.51,21.51,35,0
SMT,5,20210303,162500,23.685,23.685,23.685,23.685,40,0
SMT,5,20210304,090000,23.64,23.64,23.64,23.64,2,0
SMT,5,20210304,092000,22.865,23.685,22.865,23.685,240,0
SMT,5,20210304,092500,23.68,23.68,23.68,23.68,1,0
SMT,5,20210304,103000,23,23,21.925,21.925,97,0
SMT,5,20210304,104000,22.83,22.83,22.83,22.83,1,0
SMT,5,20210304,105500,22.9,22.9,22.9,22.9,1,0
SMT,5,20210304,111500,21.81,21.81,21.3,21.3,200,0
SMT,5,20210304,122000,21.5,21.5,21.5,21.5,10,0
SMT,5,20210304,123000,22,22.705,22,22.705,150,0
SMT,5,20210304,133500,22.4,22.4,22.4,22.4,100,0
SMT,5,20210304,135000,22.4,22.4,22.4,22.4,100,0
SMT,5,20210304,141000,22,22,22,22,20,0
SMT,5,20210304,142000,22.535,22.535,22.535,22.535,1,0
SMT,5,20210304,164000,22.52,22.55,22.52,22.55,100,0
SMT,5,20210304,164500,22.55,24.94,22.55,24.94,360,0
SMT,5,20210305,090000,23.49,23.49,23.49,23.49,2,0
SMT,5,20210305,091500,22.2,23.49,22.2,23.49,105,0
SMT,5,20210305,105500,21.83,23.395,21.3,23.395,351,0
SMT,5,20210305,111500,22.22,22.22,22.22,22.22,113,0
SMT,5,20210305,112000,23.395,23.395,23.395,23.395,1,0
SMT,5,20210305,113000,21.825,23.4,21.825,23.4,1126,0
SMT,5,20210305,114000,23.395,23.49,23,23.485,2115,0
SMT,5,20210305,114500,23.485,23.49,23.485,23.49,148,0
SMT,5,20210305,122500,23.49,23.49,23.48,23.48,1901,0
SMT,5,20210305,124000,22.8,22.8,22.8,22.8,80,0
SMT,5,20210305,124500,22.8,22.8,22.8,22.8,33,0
SMT,5,20210305,125500,23.48,23.48,23.48,23.48,1,0
SMT,5,20210305,143500,22.72,22.72,22.7,22.7,341,0
SMT,5,20210305,145000,22.71,23.49,22.71,23.49,226,0
SMT,5,20210305,145500,23.49,23.49,23.49,23.49,70,0
SMT,5,20210305,150000,23.49,23.84,23.49,23.84,60,0
SMT,5,20210305,153000,23.8,23.8,23.8,23.8,95,0
SMT,5,20210305,154000,24,24.88,24,24.88,40,0
SMT,5,20210305,161000,24.88,24.88,24.88,24.88,47,0
SMT,5,20210305,164500,24.88,25.66,24.88,25.645,653,0
SMT,5,20210308,090000,25.66,25.66,25.66,25.66,2,0
SMT,5,20210308,104000,24.5,24.5,22.22,22.22,3330,0
SMT,5,20210308,104500,23.225,23.41,23.225,23.41,189,0
SMT,5,20210308,113500,23.05,23.05,23.05,23.05,37,0
SMT,5,20210308,124500,24.4,24.4,24.4,24.4,8,0
SMT,5,20210308,164500,22.995,22.995,22.995,22.995,26,0
SMT,5,20210309,090000,23.995,23.995,23.995,23.995,2,0
SMT,5,20210309,112500,23.5,23.5,23.5,23.5,129,0
SMT,5,20210309,113500,23,23,22.925,22.925,160,0
SMT,5,20210310,090000,23.595,23.595,23.595,23.595,2,0
SMT,5,20210310,114000,23.395,23.4,23.395,23.4,176,0
SMT,5,20210310,153000,23,23,23,23,100,0
SMT,5,20210311,100500,23.195,23.195,23.195,23.195,5,0
SMT,5,20210311,114500,23.19,23.195,23.19,23.195,100,0
SMT,5,20210311,154000,23.195,23.195,23.195,23.195,6,0
SMT,5,20210311,164500,23.195,23.195,22.995,22.995,24,0
SMT,5,20210312,090000,24.8,24.8,24.8,24.8,2,0
SMT,5,20210312,092500,23.1,23.1,23,23,20,0
SMT,5,20210315,090000,24.78,24.78,24.78,24.78,2,0
SMT,5,20210315,092000,22.975,22.975,22.975,22.975,109,0
SMT,5,20210315,130000,22.995,23,22.995,23,250,0
SMT,5,20210315,141500,23.995,23.995,23.995,23.995,5,0
SMT,5,20210315,143000,23.005,23.005,23,23,316,0
SMT,5,20210315,144500,23.995,23.995,23.995,23.995,2,0
SMT,5,20210315,150500,23.2,23.2,23,23,193,0
SMT,5,20210315,153000,23,23,23,23,407,0
SMT,5,20210315,153500,23.9,23.9,23.9,23.9,10,0
SMT,5,20210316,090000,24,24,22.35,22.35,127,0
SMT,5,20210316,103000,23,23,23,23,125,0
SMT,5,20210316,135500,23.005,23.005,23,23,298,0
SMT,5,20210316,142000,23.005,23.005,23,23,456,0
SMT,5,20210316,164500,23,23,23,23,14,0
SMT,5,20210317,090000,24,24,24,24,2,0
SMT,5,20210317,102500,23,23,22.93,22.93,125,0
SMT,5,20210317,164000,23,23,23,23,37,0
SMT,5,20210318,090000,24,24,24,24,2,0
SMT,5,20210318,093500,23,23,23,23,10,0
SMT,5,20210318,094500,22.59,22.59,22.59,22.59,111,0
SMT,5,20210318,095000,22.35,22.35,22.35,22.35,9,0
SMT,5,20210318,162000,24,24,24,24,2,0
SMT,5,20210318,164500,23.5,23.5,22.5,22.5,90,0
SMT,5,20210319,090000,22.61,22.61,22.61,22.61,99,0
SMT,5,20210319,091000,24,24,24,24,2,0
SMT,5,20210319,093500,23.4,23.4,23.4,23.4,100,0
SMT,5,20210319,095000,23,23,23,23,100,0
SMT,5,20210319,103500,23.1,23.1,23,23,104,0
SMT,5,20210319,105000,23,23,23,23,361,0
SMT,5,20210319,120500,23,23,23,23,200,0
SMT,5,20210319,150500,23.89,23.89,23.89,23.89,1,0
SMT,5,20210319,152500,23.9,23.9,23.9,23.9,80,0
SMT,5,20210319,155500,23.9,24,23.9,24,150,0
SMT,5,20210322,090000,24.78,24.78,24.78,24.78,2,0
SMT,5,20210322,091000,24,24,24,24,104,0
SMT,5,20210323,090000,24.78,24.78,24.78,24.78,2,0
SMT,5,20210323,092500,24.115,24.115,24.115,24.115,83,0
SMT,5,20210323,110500,23.08,23.08,23.08,23.08,100,0
SMT,5,20210323,163500,22.35,22.35,22.3,22.3,69,0
SMT,5,20210324,090000,24.775,24.775,24.775,24.775,2,0
SMT,5,20210324,093500,23.715,23.715,23.715,23.715,70,0
SMT,5,20210324,094500,24,24,24,24,47,0
SMT,5,20210324,095000,24.415,24.495,24.415,24.495,48,0
SMT,5,20210324,100500,23.255,23.255,23.255,23.255,108,0
SMT,5,20210324,145500,24.475,24.475,24.475,24.475,108,0
SMT,5,20210324,150500,23.005,23.005,23.005,23.005,70,0
SMT,5,20210324,153000,23.305,23.305,23.305,23.305,1,0
SMT,5,20210325,090000,24.48,24.48,24.48,24.48,2,0
SMT,5,20210325,100000,22.82,22.82,22.82,22.82,110,0
SMT,5,20210325,101000,22.3,22.3,22.3,22.3,95,0
SMT,5,20210325,115000,23.285,23.285,23.285,23.285,50,0
SMT,5,20210325,134000,23.295,23.3,23.295,23.3,209,0
SMT,5,20210325,134500,24.27,24.27,23.285,23.285,52,0
SMT,5,20210325,145000,23.8,23.8,23.8,23.8,10,0
SMT,5,20210325,154500,22.6,22.6,22.6,22.6,50,0
SMT,5,20210325,162500,23,23,23,23,40,0
SMT,5,20210325,165500,22.4,22.4,22.4,22.4,57,0
SMT,5,20210326,090000,23,23,23,23,2,0
SMT,5,20210326,120000,22.785,22.785,22.785,22.785,110,0
SMT,5,20210326,121500,23.72,23.72,23.72,23.72,20,0
