<TICKER>,<PER>,<DATE>,<TIME>,<OPEN>,<HIGH>,<LOW>,<CLOSE>,<VOL>,<OPENINT>
SPR,5,20210204,095500,175,175,175,175,1,0
SPR,5,20210204,144500,177,177,177,177,1,0
SPR,5,20210205,153500,180,180,180,180,10,0
SPR,5,20210205,164000,177,177,177,177,1,0
SPR,5,20210208,092000,177,177,177,177,1,0
SPR,5,20210209,103000,177,177,177,177,1,0
SPR,5,20210210,101000,177,177,177,177,1,0
SPR,5,20210210,123000,180,180,180,180,1,0
SPR,5,20210210,141000,180,180,180,180,4,0
SPR,5,20210210,141500,180,180,180,180,6,0
SPR,5,20210211,102500,180,180,180,180,1,0
SPR,5,20210211,103500,179,179,179,179,5,0
SPR,5,20210211,110000,182,182,182,182,5,0
SPR,5,20210211,112000,180.1,180.1,180.1,180.1,30,0
SPR,5,20210212,091000,180,191,180,191,20,0
SPR,5,20210212,093000,188,188,188,188,1,0
SPR,5,20210212,094000,188,188,188,188,6,0
SPR,5,20210212,101000,188,188,188,188,29,0
SPR,5,20210212,135500,190,190,190,190,1,0
SPR,5,20210212,150500,190,190,190,190,60,0
SPR,5,20210212,164500,190,190,190,190,31,0
SPR,5,20210215,090000,186.1,186.1,186.1,186.1,17,0
SPR,5,20210215,092500,190,190,190,190,11,0
SPR,5,20210215,114000,190,204.8,190,204.8,101,0
SPR,5,20210215,115500,200,200,196.1,196.1,11,0
SPR,5,20210215,125500,196.2,196.2,196.2,196.2,1,0
SPR,5,20210215,132000,199.6,199.6,199.6,199.6,5,0
SPR,5,20210215,135000,196,196,196,196,20,0
SPR,5,20210215,161000,197,197,197,197,12,0
SPR,5,20210216,094500,192,192,189,189,17,0
SPR,5,20210216,095500,189.98,190,189.98,190,23,0
SPR,5,20210216,151500,193,196.8,193,196.8,10,0
SPR,5,20210216,152000,196.7,196.7,196.7,196.7,10,0
SPR,5,20210216,153500,196.7,196.7,196.7,196.7,10,0
SPR,5,20210217,095500,189,189,189,189,1,0
SPR,5,20210217,101000,189,189,189,189,1,0
SPR,5,20210217,103000,189,189,189,189,7,0
SPR,5,20210217,111000,189,189,189,189,9,0
SPR,5,20210217,111500,191,191.8,191,191.8,10,0
SPR,5,20210217,121000,189,189,189,189,17,0
SPR,5,20210217,132500,187,187,187,187,1,0
SPR,5,20210217,133000,187,187,187,187,15,0
SPR,5,20210217,143500,185,185,185,185,25,0
SPR,5,20210218,134500,188,190,188,190,6,0
SPR,5,20210218,135000,194,198,194,198,68,0
SPR,5,20210218,135500,198,198,198,198,10,0
SPR,5,20210218,154500,195,195,195,195,1,0
SPR,5,20210218,164000,195,195,195,195,106,0
SPR,5,20210219,105500,195,195,195,195,1,0
SPR,5,20210219,132000,195,195,195,195,70,0
SPR,5,20210219,135000,195,195,195,195,110,0
SPR,5,20210219,140000,199.98,200,199.98,200,7,0
SPR,5,20210222,090000,200,204,200,204,101,0
SPR,5,20210222,092000,205,210,205,210,132,0
SPR,5,20210222,092500,210,210,210,210,87,0
SPR,5,20210222,100000,208,208,208,208,7,0
SPR,5,20210222,113000,213,213,213,213,1,0
SPR,5,20210222,113500,215,215,211,213,7,0
SPR,5,20210222,114000,214.95,217,213,213,4,0
SPR,5,20210222,114500,218,218,218,218,1,0
SPR,5,20210222,120500,218.95,220,218.95,220,18,0
SPR,5,20210222,124000,223,225,223,225,8,0
SPR,5,20210222,141500,224,224,224,224,10,0
SPR,5,20210222,161500,226,230,226,230,39,0
SPR,5,20210222,162000,231,236,231,236,5,0
SPR,5,20210223,090000,233,233,230,230,5,0
SPR,5,20210223,132000,230,230,215,215,5,0
SPR,5,20210223,133000,220,220,220,220,1,0
SPR,5,20210223,144500,220.05,220.05,220,220,5,0
SPR,5,20210223,152500,225,230,225,230,20,0
SPR,5,20210223,163000,230,230,230,230,10,0
SPR,5,20210223,163500,230,230,230,230,5,0
SPR,5,20210224,090000,216,216,210,210,8,0
SPR,5,20210224,091000,217,220,217,220,2,0
SPR,5,20210224,105500,217,217,217,217,1,0
SPR,5,20210224,111000,216,216,216,216,7,0
SPR,5,20210224,125500,213,213,213,213,1,0
SPR,5,20210224,132000,211,211,210,210,14,0
SPR,5,20210224,133000,210,210,210,210,9,0
SPR,5,20210224,133500,210,210,210,210,1,0
SPR,5,20210224,140000,210,210,210,210,9,0
SPR,5,20210224,140500,208,208,208,208,1,0
SPR,5,20210224,164000,206,206,206,206,7,0
SPR,5,20210225,090000,210,210,210,210,10,0
SPR,5,20210225,092000,218,228,218,228,8,0
SPR,5,20210225,122000,218,218,214,214,3,0
SPR,5,20210226,123000,214,214,214,214,1,0
SPR,5,20210226,144500,214,214,214,214,9,0
SPR,5,20210301,095000,220,220,220,220,6,0
SPR,5,20210301,104500,225,225,225,225,1,0
SPR,5,20210301,144000,220,225,220,225,89,0
SPR,5,20210301,144500,225,225,225,225,2,0
SPR,5,20210301,163500,225,225,225,225,6,0
SPR,5,20210302,090000,238,238,235,235,39,0
SPR,5,20210302,090500,238,238,238,238,1,0
SPR,5,20210302,091000,238,240,238,240,55,0
SPR,5,20210302,091500,248,248,248,248,3,0
SPR,5,20210302,092000,245,245,245,245,33,0
SPR,5,20210302,092500,245,245,245,245,1,0
SPR,5,20210302,093000,248,248,248,248,2,0
SPR,5,20210302,094000,248,248,248,248,9,0
SPR,5,20210302,113000,247,247,247,247,12,0
SPR,5,20210302,115500,247,247,247,247,4,0
SPR,5,20210302,123500,247,250,247,250,35,0
SPR,5,20210302,125500,240,240,240,240,8,0
SPR,5,20210302,130000,249,250,249,250,45,0
SPR,5,20210302,130500,250,250,250,250,100,0
SPR,5,20210302,152500,252,258,252,258,12,0
SPR,5,20210302,153000,258,259,258,259,11,0
SPR,5,20210303,090000,255,255,255,255,29,0
SPR,5,20210303,090500,255,255,255,255,4,0
SPR,5,20210303,091000,255,255,255,255,12,0
SPR,5,20210303,091500,255,255,255,255,10,0
SPR,5,20210303,092000,252.5,252.5,252.05,252.05,13,0
SPR,5,20210303,092500,251,251,251,251,2,0
SPR,5,20210303,101000,255,255.5,255,255.5,43,0
SPR,5,20210303,102500,259,259,259,259,20,0
SPR,5,20210303,111000,260,260,259,259,15,0
SPR,5,20210303,111500,268,268,268,268,6,0
SPR,5,20210303,112500,268,268,261,261,21,0
SPR,5,20210303,113500,268,268,268,268,3,0
SPR,5,20210303,122000,277,277,277,277,3,0
SPR,5,20210303,123000,277,280,277,280,93,0
SPR,5,20210303,125000,274,274,274,274,25,0
SPR,5,20210303,125500,274,274,274,274,10,0
SPR,5,20210303,132500,280,280,280,280,7,0
SPR,5,20210303,141000,280,280,280,280,1,0
SPR,5,20210303,145000,275,275,275,275,11,0
SPR,5,20210303,145500,274,274,268,268,34,0
SPR,5,20210303,150000,266,266,266,266,1,0
SPR,5,20210303,150500,265,265,265,265,20,0
SPR,5,20210303,152500,264,264,263,263,21,0
SPR,5,20210303,153000,263,263,263,263,10,0
SPR,5,20210303,153500,263,263,263,263,2,0
SPR,5,20210303,154500,263,263,263,263,4,0
SPR,5,20210303,160000,260,262,260,260,28,0
SPR,5,20210304,090000,264,267,264,267,5,0
SPR,5,20210304,090500,267,267,267,267,6,0
SPR,5,20210304,091500,280,280,280,280,3,0
SPR,5,20210304,103000,271,271,271,271,7,0
SPR,5,20210304,103500,279,279,279,279,2,0
SPR,5,20210304,105500,279,279,279,279,4,0
SPR,5,20210304,113500,279,280,279,280,30,0
SPR,5,20210304,162500,280,280,272,272,2,0
SPR,5,20210305,113000,280,280,280,280,20,0
SPR,5,20210305,164000,278,278,278,278,68,0
SPR,5,20210308,091000,280,280,280,280,41,0
SPR,5,20210308,091500,280,280,280,280,39,0
SPR,5,20210308,092000,280,280,280,280,1,0
SPR,5,20210308,093000,279,279,279,279,3,0
SPR,5,20210308,095000,281,281,281,281,22,0
SPR,5,20210308,100000,290,290,290,290,4,0
SPR,5,20210308,101000,290,290,290,290,40,0
SPR,5,20210308,102500,288,288,288,288,11,0
SPR,5,20210308,103000,288,288,288,288,3,0
SPR,5,20210308,110000,288,290,288,290,7,0
SPR,5,20210308,111500,280,280,280,280,2,0
SPR,5,20210308,113000,281,281,280,280,5,0
SPR,5,20210308,114000,289,290,289,290,3,0
SPR,5,20210308,123500,288,288,288,288,5,0
SPR,5,20210308,151500,288,288,288,288,4,0
SPR,5,20210308,153000,288,288,288,288,17,0
SPR,5,20210308,153500,288,288,288,288,8,0
SPR,5,20210309,100500,290,290,290,290,8,0
SPR,5,20210309,101000,290,290,290,290,7,0
SPR,5,20210309,135500,295,295,295,295,10,0
SPR,5,20210309,143500,295,297,295,297,16,0
SPR,5,20210309,144000,297,297,297,297,3,0
SPR,5,20210309,145000,297,297,297,297,10,0
SPR,5,20210309,161500,297,297,297,297,14,0
SPR,5,20210310,113500,295,295,295,295,1,0
SPR,5,20210310,115000,285,285,284,284,5,0
SPR,5,20210310,130500,284,284,283,283,58,0
SPR,5,20210310,133500,290,290,290,290,7,0
SPR,5,20210311,103000,290,290,290,290,1,0
SPR,5,20210311,104000,294,294,294,294,1,0
SPR,5,20210311,104500,294,294,285,285,11,0
SPR,5,20210311,122000,290,290,290,290,10,0
SPR,5,20210311,131500,285,285,285,285,3,0
SPR,5,20210311,164500,290,290,290,290,7,0
SPR,5,20210312,105000,290,290,290,290,1,0
SPR,5,20210312,120000,288,288,288,288,2,0
SPR,5,20210312,123000,285.2,285.2,285.2,285.2,2,0
SPR,5,20210312,133500,290,290,290,290,3,0
SPR,5,20210312,140000,290,290,290,290,3,0
SPR,5,20210312,161000,290,290,290,290,10,0
SPR,5,20210312,163000,290,290,290,290,10,0
SPR,5,20210312,164500,290,290,290,290,14,0
SPR,5,20210315,092000,294,298,294,298,4,0
SPR,5,20210315,113500,298,298,298,298,47,0
SPR,5,20210315,114000,298,298,298,298,10,0
SPR,5,20210315,134000,298,298,298,298,50,0
SPR,5,20210315,154500,298,298,298,298,4,0
SPR,5,20210315,163000,310,310,310,310,100,0
SPR,5,20210315,163500,315,315,315,315,4,0
SPR,5,20210315,164000,324,324,324,324,4,0
SPR,5,20210316,091500,325,330,325,330,5,0
SPR,5,20210316,092500,329,330,329,330,8,0
SPR,5,20210316,101000,330,330,330,330,1,0
SPR,5,20210316,102500,325,330,325,330,70,0
SPR,5,20210316,110500,330,330,330,330,1,0
SPR,5,20210316,133000,329.95,329.95,329.95,329.95,1,0
SPR,5,20210316,144500,330,330,330,330,20,0
SPR,5,20210316,145000,330,330,330,330,30,0
SPR,5,20210316,145500,330,330,330,330,9,0
SPR,5,20210316,164500,330,330,330,330,5,0
SPR,5,20210317,090000,340,340,340,340,16,0
SPR,5,20210317,091500,340,340,340,340,4,0
SPR,5,20210317,092000,330,330,330,330,2,0
SPR,5,20210317,141000,325,325,322,322,8,0
SPR,5,20210317,142500,318,318,300,300,57,0
SPR,5,20210317,144000,300,300,290,290,60,0
SPR,5,20210317,151000,298,298,296,296,4,0
SPR,5,20210317,162500,305,305,305,305,1,0
SPR,5,20210317,164500,305,305,305,305,10,0
SPR,5,20210318,090000,300,300,300,300,2,0
SPR,5,20210318,122500,310,310,310,310,11,0
SPR,5,20210318,124500,312,315,312,315,21,0
SPR,5,20210318,132000,315,315,315,315,3,0
SPR,5,20210318,142000,315,315,305,305,10,0
SPR,5,20210318,164500,315,315,315,315,1,0
SPR,5,20210319,094500,313,315,313,315,32,0
SPR,5,20210322,090000,315,315,315,315,3,0
SPR,5,20210322,153500,315,315,315,315,14,0
SPR,5,20210323,090000,315,315,315,315,30,0
SPR,5,20210323,135000,315,315,315,315,2,0
SPR,5,20210323,135500,315,320,315,320,2,0
SPR,5,20210324,090000,328,328,328,328,1,0
SPR,5,20210324,091500,332,335,332,335,7,0
SPR,5,20210324,092000,338,338,338,338,10,0
SPR,5,20210324,092500,338,340,338,340,6,0
SPR,5,20210324,093500,340,340,340,340,13,0
SPR,5,20210324,094000,340,340,340,340,5,0
SPR,5,20210324,103500,339,370,339,370,46,0
SPR,5,20210324,105500,370,370,370,370,4,0
SPR,5,20210324,112000,356,356,356,356,10,0
SPR,5,20210324,115000,375,375,375,375,1,0
SPR,5,20210324,141500,360,360,356,356,24,0
SPR,5,20210324,142500,350,350,350,350,3,0
SPR,5,20210324,154500,348,350,348,350,36,0
SPR,5,20210324,155000,350,350,350,350,4,0
SPR,5,20210324,164500,358,365,358,365,2,0
SPR,5,20210324,165500,358,358,358,358,7,0
SPR,5,20210325,090000,370,370,370,370,4,0
SPR,5,20210325,102000,369,370,369,370,69,0
SPR,5,20210325,103500,374,374,374,374,10,0
SPR,5,20210325,121000,379,379,379,379,4,0
SPR,5,20210325,142000,379,379,379,379,5,0
SPR,5,20210325,163500,371,371,370,370,84,0
SPR,5,20210325,165500,370,370,370,370,4,0
SPR,5,20210326,090000,380,380,380,380,3,0
SPR,5,20210326,091000,379,380,379,380,15,0
SPR,5,20210326,112000,380,388,380,388,49,0
SPR,5,20210326,113000,410,416,410,416,3,0
SPR,5,20210326,115000,410,415,410,415,7,0
SPR,5,20210326,122500,416.2,416.2,416,416,34,0
SPR,5,20210326,130500,416,416,416,416,9,0
SPR,5,20210326,131500,416,416,416,416,3,0
SPR,5,20210326,135500,416,419,416,419,64,0
SPR,5,20210326,140000,419,419,419,419,9,0
SPR,5,20210326,141000,419,420,419,420,8,0
SPR,5,20210326,142500,430,438,430,438,6,0
SPR,5,20210326,143500,438,438,438,438,4,0
SPR,5,20210326,144500,438,438,438,438,1,0
SPR,5,20210326,145000,438,440,438,440,5,0
SPR,5,20210326,152000,440,440,440,440,2,0
SPR,5,20210326,153000,440,440,440,440,6,0
SPR,5,20210326,155500,440,440,440,440,5,0
SPR,5,20210326,164000,440,440,440,440,4,0
SPR,5,20210326,164500,438,438,438,438,10,0
