<TICKER>,<PER>,<DATE>,<TIME>,<OPEN>,<HIGH>,<LOW>,<CLOSE>,<VOL>,<OPENINT>
SSK,5,20210204,095000,2.4,2.5,2.4,2.5,255,0
SSK,5,20210204,114000,2.42,2.54,2.42,2.54,2200,0
SSK,5,20210205,130000,2.5,2.5,2.5,2.5,50,0
SSK,5,20210205,130500,2.52,2.54,2.52,2.54,425,0
SSK,5,20210205,131000,2.5,2.5,2.5,2.5,50,0
SSK,5,20210205,142000,2.5,2.54,2.5,2.54,400,0
SSK,5,20210205,155000,2.5,2.5,2.5,2.5,425,0
SSK,5,20210205,160500,2.5,2.5,2.5,2.5,2000,0
SSK,5,20210205,161500,2.5,2.5,2.5,2.5,1675,0
SSK,5,20210208,090500,2.46,2.46,2.46,2.46,1,0
SSK,5,20210208,092000,2.46,2.46,2.46,2.46,360,0
SSK,5,20210208,131000,2.36,2.36,2.34,2.34,1770,0
SSK,5,20210208,131500,2.34,2.34,2.34,2.34,683,0
SSK,5,20210208,132000,2.34,2.34,2.1,2.1,7427,0
SSK,5,20210208,132500,2.24,2.24,2.24,2.24,50,0
SSK,5,20210208,133000,2.3,2.3,2.3,2.3,50,0
SSK,5,20210208,135000,2.38,2.38,2.38,2.38,480,0
SSK,5,20210208,145000,2.3,2.3,2.14,2.14,19597,0
SSK,5,20210208,145500,2.14,2.14,2.14,2.14,3260,0
SSK,5,20210208,150500,2.16,2.16,2.16,2.16,1026,0
SSK,5,20210208,162500,2.34,2.38,2.34,2.38,250,0
SSK,5,20210208,164500,2.38,2.42,2.38,2.42,70,0
SSK,5,20210209,114000,2.2,2.2,2.2,2.2,1,0
SSK,5,20210209,114500,2.4,2.42,2.4,2.42,55,0
SSK,5,20210209,140000,2.4,2.42,2.4,2.42,115,0
SSK,5,20210209,164500,2.24,2.24,2.24,2.24,1,0
SSK,5,20210210,090000,2.12,2.32,2.12,2.32,1010,0
SSK,5,20210210,101500,2.14,2.14,2.14,2.14,1,0
SSK,5,20210210,103500,2.3,2.3,2.3,2.3,1,0
SSK,5,20210210,111500,2.18,2.4,2.16,2.4,3200,0
SSK,5,20210210,112000,2.38,2.4,2.38,2.4,500,0
SSK,5,20210210,113500,2.42,2.42,2.42,2.42,10,0
SSK,5,20210210,114500,2.42,2.46,2.42,2.46,2400,0
SSK,5,20210210,115000,2.46,2.46,2.46,2.46,1000,0
SSK,5,20210210,151500,2.46,2.46,2.46,2.46,700,0
SSK,5,20210210,152000,2.46,2.48,2.46,2.48,320,0
SSK,5,20210210,164500,2.2,2.2,2.2,2.2,1,0
SSK,5,20210211,090500,2.24,2.24,2.22,2.22,150,0
SSK,5,20210211,092000,2.4,2.44,2.4,2.44,155,0
SSK,5,20210211,093000,2.44,2.46,2.44,2.46,750,0
SSK,5,20210211,120500,2.3,2.46,2.3,2.46,251,0
SSK,5,20210211,141500,2.46,2.46,2.46,2.46,700,0
SSK,5,20210211,143500,2.46,2.46,2.46,2.46,5,0
SSK,5,20210211,162500,2.44,2.46,2.44,2.46,300,0
SSK,5,20210211,163500,2.3,2.46,2.26,2.46,426,0
SSK,5,20210212,090000,2.46,2.46,2.46,2.46,404,0
SSK,5,20210212,091000,2.3,2.46,2.3,2.46,441,0
SSK,5,20210212,120500,2.3,2.46,2.3,2.46,456,0
SSK,5,20210215,090500,2.32,2.32,2.3,2.3,1425,0
SSK,5,20210215,093000,2.26,2.26,2.24,2.24,950,0
SSK,5,20210215,094500,2.2,2.2,2.16,2.16,1997,0
SSK,5,20210215,100000,2.24,2.24,2.24,2.24,50,0
SSK,5,20210215,100500,2.24,2.24,2.24,2.24,50,0
SSK,5,20210215,101500,2.2,2.2,2.2,2.2,2500,0
SSK,5,20210215,104500,2.2,2.26,2.2,2.26,600,0
SSK,5,20210215,115500,2.2,2.2,2.2,2.2,500,0
SSK,5,20210215,121000,2.2,2.2,2.2,2.2,630,0
SSK,5,20210215,132500,2.2,2.2,2.2,2.2,300,0
SSK,5,20210215,133000,2.18,2.18,2.18,2.18,520,0
SSK,5,20210215,133500,2.16,2.16,2.16,2.16,705,0
SSK,5,20210215,135000,2.16,2.32,2.14,2.32,1860,0
SSK,5,20210215,135500,2.14,2.14,2.14,2.14,1,0
SSK,5,20210215,144500,2.14,2.14,2.1,2.1,13486,0
SSK,5,20210215,145000,2.08,2.08,2.08,2.08,518,0
SSK,5,20210215,150500,2.1,2.1,2.1,2.1,3555,0
SSK,5,20210215,151500,2.08,2.08,2.08,2.08,3982,0
SSK,5,20210215,153000,2.04,2.04,2.04,2.04,2650,0
SSK,5,20210215,154500,2.08,2.08,2.06,2.06,2000,0
SSK,5,20210215,155500,2.16,2.16,2.16,2.16,150,0
SSK,5,20210215,161000,2.06,2.14,2.06,2.14,1178,0
SSK,5,20210215,161500,2.14,2.16,2.14,2.16,2848,0
SSK,5,20210215,164500,2.18,2.2,2.18,2.2,300,0
SSK,5,20210216,090000,2.22,2.22,2.08,2.08,3665,0
SSK,5,20210216,090500,2.06,2.06,2.04,2.04,120,0
SSK,5,20210216,091000,2.06,2.06,2.04,2.04,3930,0
SSK,5,20210216,093500,2.26,2.28,2.26,2.28,809,0
SSK,5,20210216,100500,2.08,2.08,2,2,10000,0
SSK,5,20210216,104500,2,2.18,2,2.18,2000,0
SSK,5,20210216,110500,2.1,2.1,2.1,2.1,1350,0
SSK,5,20210216,111000,2.18,2.18,2.18,2.18,400,0
SSK,5,20210216,112500,2.06,2.06,2.02,2.02,1250,0
SSK,5,20210216,113000,2.14,2.16,2.14,2.16,100,0
SSK,5,20210216,120500,2.04,2.04,2,2,5000,0
SSK,5,20210216,122000,2.14,2.16,2.14,2.16,100,0
SSK,5,20210216,130500,2.02,2.02,2.02,2.02,500,0
SSK,5,20210216,144000,2.06,2.06,2.06,2.06,33,0
SSK,5,20210216,160500,2.06,2.06,2.06,2.06,1500,0
SSK,5,20210216,164000,2.1,2.14,2.1,2.14,70,0
SSK,5,20210217,113000,2.1,2.12,2.1,2.12,553,0
SSK,5,20210217,134500,2.12,2.14,2.12,2.14,1940,0
SSK,5,20210217,150500,2.14,2.14,2.14,2.14,500,0
SSK,5,20210217,155500,2.12,2.12,2.12,2.12,1400,0
SSK,5,20210217,160000,2.14,2.14,2.14,2.14,724,0
SSK,5,20210218,090000,2.14,2.14,2.14,2.14,460,0
SSK,5,20210218,093000,2.14,2.16,2.14,2.16,540,0
SSK,5,20210218,093500,2.16,2.16,2.16,2.16,710,0
SSK,5,20210218,095000,2.16,2.16,2.16,2.16,290,0
SSK,5,20210218,095500,2.18,2.18,2.18,2.18,463,0
SSK,5,20210218,100000,2.18,2.18,2.18,2.18,537,0
SSK,5,20210218,100500,2.22,2.28,2.22,2.28,1050,0
SSK,5,20210218,105500,2.26,2.26,2.26,2.26,900,0
SSK,5,20210218,111500,2.2,2.2,2.2,2.2,500,0
SSK,5,20210218,112500,2.26,2.28,2.2,2.2,4492,0
SSK,5,20210218,113000,2.2,2.2,2.2,2.2,2349,0
SSK,5,20210218,114000,2.3,2.3,2.3,2.3,50,0
SSK,5,20210218,114500,2.3,2.3,2.3,2.3,650,0
SSK,5,20210218,115500,2.34,2.34,2.34,2.34,1300,0
SSK,5,20210218,120000,2.38,2.38,2.38,2.38,50,0
SSK,5,20210218,120500,2.38,2.38,2.38,2.38,1950,0
SSK,5,20210218,121500,2.38,2.38,2.38,2.38,1000,0
SSK,5,20210218,123000,2.38,2.38,2.38,2.38,1000,0
SSK,5,20210218,124000,2.38,2.38,2.38,2.38,1000,0
SSK,5,20210218,130000,2.34,2.36,2.34,2.36,4961,0
SSK,5,20210218,162000,2.24,2.24,2.2,2.2,2000,0
SSK,5,20210219,103500,2.32,2.34,2.32,2.34,55,0
SSK,5,20210219,105500,2.06,2.06,1.96,1.96,10000,0
SSK,5,20210219,110000,2.18,2.28,2.18,2.28,1300,0
SSK,5,20210219,115500,2.18,2.2,2.18,2.2,1000,0
SSK,5,20210222,094500,2.16,2.16,2.16,2.16,792,0
SSK,5,20210222,095500,2.12,2.12,2.12,2.12,1000,0
SSK,5,20210222,101500,2.16,2.16,2.16,2.16,258,0
SSK,5,20210222,111500,2.2,2.2,2.2,2.2,45,0
SSK,5,20210222,140000,2.12,2.12,2,2,7000,0
SSK,5,20210222,140500,2,2,2,2,4050,0
SSK,5,20210222,142500,2.06,2.06,2.06,2.06,500,0
SSK,5,20210222,152000,2.06,2.12,2,2,1463,0
SSK,5,20210222,160000,2.04,2.06,2.04,2.06,4,0
SSK,5,20210222,160500,2.04,2.04,2.02,2.02,4,0
SSK,5,20210222,164000,2.02,2.02,2.02,2.02,200,0
SSK,5,20210222,164500,2.1,2.1,2.1,2.1,50,0
SSK,5,20210223,092000,2.02,2.02,1.96,1.96,3568,0
SSK,5,20210223,093000,2,2,2,2,1,0
SSK,5,20210223,095000,2.08,2.1,2.08,2.1,2400,0
SSK,5,20210223,151500,2.02,2.02,2.02,2.02,50,0
SSK,5,20210223,160000,2,2,2,2,500,0
SSK,5,20210223,164000,2.02,2.02,2.02,2.02,400,0
SSK,5,20210223,164500,2.08,2.08,2.08,2.08,1,0
SSK,5,20210224,113500,2.08,2.1,2.08,2.1,1100,0
SSK,5,20210225,101000,2.1,2.1,2.1,2.1,5,0
SSK,5,20210225,114500,2.02,2.02,1.98,1.98,1000,0
SSK,5,20210225,115000,2.1,2.1,2.1,2.1,1,0
SSK,5,20210225,115500,2,2.02,2,2.02,60,0
SSK,5,20210225,124000,2,2,2,2,1000,0
SSK,5,20210225,125000,2.02,2.02,2.02,2.02,1,0
SSK,5,20210225,132000,2.02,2.02,2.02,2.02,39,0
SSK,5,20210225,133000,2,2,2,2,1,0
SSK,5,20210225,133500,2,2,2,2,19,0
SSK,5,20210225,134000,2.02,2.02,2.02,2.02,1,0
SSK,5,20210225,134500,2,2,2,2,1,0
SSK,5,20210226,090000,1.94,1.94,1.9,1.9,575,0
SSK,5,20210226,090500,1.83,1.83,1.79,1.8,2050,0
SSK,5,20210226,092500,1.9,1.9,1.9,1.9,585,0
SSK,5,20210226,093000,1.8,1.8,1.8,1.8,50,0
SSK,5,20210226,094000,1.94,1.94,1.94,1.94,35,0
SSK,5,20210226,102000,1.94,1.94,1.94,1.94,92,0
SSK,5,20210226,102500,2,2.04,2,2.04,51,0
SSK,5,20210226,103000,2.04,2.04,2.04,2.04,69,0
SSK,5,20210226,124000,1.96,1.96,1.9,1.9,1125,0
SSK,5,20210226,124500,1.91,1.91,1.8,1.8,4634,0
SSK,5,20210226,132000,1.92,1.92,1.92,1.92,50,0
SSK,5,20210226,150500,1.9,1.91,1.9,1.91,1480,0
SSK,5,20210226,151000,1.98,2,1.98,2,55,0
SSK,5,20210226,161500,1.9,1.98,1.9,1.98,1538,0
SSK,5,20210301,101000,2,2,2,2,23,0
SSK,5,20210301,102500,1.94,1.94,1.9,1.9,40,0
SSK,5,20210301,103000,1.9,2,1.9,2,1168,0
SSK,5,20210301,105500,2,2,2,2,500,0
SSK,5,20210301,110000,2.02,2.02,2.02,2.02,243,0
SSK,5,20210301,120000,1.99,1.99,1.99,1.99,170,0
SSK,5,20210301,164500,1.99,1.99,1.99,1.99,500,0
SSK,5,20210302,090000,2.02,2.02,2.02,2.02,1000,0
SSK,5,20210302,093000,1.91,2.02,1.9,2.02,174,0
SSK,5,20210302,114000,1.94,1.94,1.94,1.94,1000,0
SSK,5,20210302,133500,1.99,1.99,1.99,1.99,644,0
SSK,5,20210303,111000,1.91,1.91,1.91,1.91,1000,0
SSK,5,20210303,130500,1.91,1.91,1.9,1.9,200,0
SSK,5,20210303,151000,1.9,1.9,1.9,1.9,460,0
SSK,5,20210303,153500,1.97,1.99,1.97,1.99,105,0
SSK,5,20210304,090500,1.96,1.96,1.96,1.96,1820,0
SSK,5,20210304,102000,1.97,1.97,1.97,1.97,10,0
SSK,5,20210305,091500,1.94,1.94,1.94,1.94,25,0
SSK,5,20210305,110000,1.92,2.02,1.92,2.02,1020,0
SSK,5,20210308,095000,2,2.1,2,2.1,1666,0
SSK,5,20210308,105000,2.06,2.06,2.06,2.06,995,0
SSK,5,20210308,151500,2.08,2.1,2.08,2.1,500,0
SSK,5,20210308,152500,2,2,2,2,50,0
SSK,5,20210308,164500,2,2,2,2,2000,0
SSK,5,20210309,090500,2,2,2,2,400,0
SSK,5,20210309,093000,2.08,2.1,2.08,2.1,3044,0
SSK,5,20210309,094500,2.08,2.08,2.02,2.02,650,0
SSK,5,20210309,100000,1.98,1.98,1.96,1.96,3351,0
SSK,5,20210309,152500,1.96,1.96,1.96,1.96,885,0
SSK,5,20210309,162000,1.96,1.96,1.96,1.96,1762,0
SSK,5,20210309,164000,2.02,2.02,2.02,2.02,20,0
SSK,5,20210310,102000,2,2,2,2,750,0
SSK,5,20210310,132500,2,2,2,2,1000,0
SSK,5,20210310,135500,2.02,2.02,2.02,2.02,20,0
SSK,5,20210311,092000,2,2,2,2,50,0
SSK,5,20210311,112500,2,2,2,2,50,0
SSK,5,20210311,113000,2.02,2.02,2.02,2.02,20,0
SSK,5,20210311,160000,1.98,1.98,1.98,1.98,1000,0
SSK,5,20210311,164000,1.99,1.99,1.99,1.99,1000,0
SSK,5,20210312,101500,1.87,1.87,1.8,1.8,13290,0
SSK,5,20210312,102500,1.85,1.85,1.85,1.85,1000,0
SSK,5,20210312,103000,1.85,1.85,1.85,1.85,1000,0
SSK,5,20210312,104000,1.85,1.85,1.85,1.85,2000,0
SSK,5,20210312,104500,1.85,1.85,1.85,1.85,206,0
SSK,5,20210312,110500,1.82,1.82,1.8,1.8,10000,0
SSK,5,20210312,111000,1.89,1.89,1.89,1.89,1050,0
SSK,5,20210312,111500,1.9,1.9,1.9,1.9,500,0
SSK,5,20210312,115500,1.81,1.81,1.81,1.81,1090,0
SSK,5,20210312,120000,1.9,1.9,1.81,1.81,1002,0
SSK,5,20210312,120500,1.81,1.81,1.8,1.8,3361,0
SSK,5,20210312,121000,1.76,1.76,1.76,1.76,1000,0
SSK,5,20210312,122500,1.76,1.8,1.76,1.8,1696,0
SSK,5,20210312,123500,1.8,1.8,1.8,1.8,3791,0
SSK,5,20210312,130500,1.81,1.81,1.81,1.81,500,0
SSK,5,20210312,131500,1.8,1.8,1.8,1.8,100,0
SSK,5,20210312,151000,1.78,1.8,1.78,1.8,3778,0
SSK,5,20210312,152000,1.8,1.8,1.8,1.8,3011,0
SSK,5,20210312,153500,1.82,1.82,1.82,1.82,1000,0
SSK,5,20210315,090000,1.98,1.98,1.84,1.84,10001,0
SSK,5,20210315,104500,1.9,1.94,1.9,1.94,1694,0
SSK,5,20210316,102000,1.86,1.86,1.81,1.81,1605,0
SSK,5,20210316,113500,1.84,1.84,1.84,1.84,355,0
SSK,5,20210316,114500,1.93,1.94,1.93,1.94,55,0
SSK,5,20210316,144500,1.9,1.9,1.9,1.9,1000,0
SSK,5,20210316,145000,1.9,1.9,1.9,1.9,500,0
SSK,5,20210316,151500,1.9,1.9,1.9,1.9,700,0
SSK,5,20210316,161000,1.91,1.92,1.91,1.92,3389,0
SSK,5,20210316,161500,1.93,1.93,1.88,1.93,2078,0
SSK,5,20210316,163000,1.88,1.88,1.88,1.88,2085,0
SSK,5,20210316,164000,1.94,1.96,1.94,1.96,120,0
SSK,5,20210317,103000,1.95,1.95,1.95,1.95,170,0
SSK,5,20210317,123000,1.95,1.95,1.95,1.95,995,0
SSK,5,20210317,123500,1.96,1.96,1.96,1.96,1265,0
SSK,5,20210317,124500,1.98,1.98,1.98,1.98,10,0
SSK,5,20210318,095000,1.94,1.94,1.94,1.94,240,0
SSK,5,20210318,100000,1.98,1.98,1.98,1.98,10,0
SSK,5,20210318,102000,1.97,1.97,1.97,1.97,20,0
SSK,5,20210319,090000,1.96,1.96,1.96,1.96,1038,0
SSK,5,20210319,124500,1.91,1.91,1.9,1.9,3050,0
SSK,5,20210319,134500,1.9,1.9,1.9,1.9,1070,0
SSK,5,20210319,135000,1.9,1.9,1.9,1.9,378,0
SSK,5,20210319,145000,1.95,1.97,1.95,1.97,25,0
SSK,5,20210322,105500,1.97,1.98,1.97,1.98,55,0
SSK,5,20210323,090500,1.98,1.98,1.98,1.98,25,0
SSK,5,20210323,130500,1.9,1.9,1.9,1.9,50,0
SSK,5,20210323,162000,1.9,1.9,1.9,1.9,950,0
SSK,5,20210323,163000,1.97,1.98,1.97,1.98,130,0
SSK,5,20210325,100000,1.98,1.98,1.9,1.9,2070,0
SSK,5,20210325,132500,1.9,1.9,1.9,1.9,1000,0
SSK,5,20210325,133000,1.9,1.9,1.9,1.9,1950,0
SSK,5,20210325,133500,1.9,1.9,1.9,1.9,50,0
SSK,5,20210325,142500,1.9,1.9,1.9,1.9,3462,0
SSK,5,20210325,143000,1.9,1.9,1.9,1.9,1488,0
SSK,5,20210325,154500,1.9,1.98,1.9,1.98,150,0
SSK,5,20210325,162000,1.96,1.96,1.96,1.96,2950,0
SSK,5,20210325,163500,1.98,1.98,1.98,1.98,20,0
SSK,5,20210325,164000,1.9,1.98,1.9,1.98,190,0
SSK,5,20210326,100500,1.98,1.98,1.98,1.98,15,0
