<TICKER>,<PER>,<DATE>,<TIME>,<OPEN>,<HIGH>,<LOW>,<CLOSE>,<VOL>,<OPENINT>
SUN,5,20210204,090000,1.4,1.4,1.4,1.4,5625,0
SUN,5,20210204,091500,1.4,1.45,1.4,1.45,300,0
SUN,5,20210204,094500,1.35,1.35,1.35,1.35,29000,0
SUN,5,20210204,095000,1.41,1.41,1.41,1.41,5,0
SUN,5,20210204,100000,1.4,1.4,1.4,1.4,1100,0
SUN,5,20210204,111000,1.35,1.35,1.35,1.35,400,0
SUN,5,20210204,115500,1.35,1.35,1.35,1.35,162,0
SUN,5,20210204,124500,1.35,1.35,1.35,1.35,638,0
SUN,5,20210204,125000,1.35,1.36,1.35,1.36,400,0
SUN,5,20210204,152500,1.35,1.35,1.35,1.35,100,0
SUN,5,20210204,153000,1.35,1.35,1.35,1.35,10,0
SUN,5,20210204,154000,1.34,1.34,1.34,1.34,190,0
SUN,5,20210204,161000,1.34,1.34,1.34,1.34,1810,0
SUN,5,20210204,164500,1.36,1.36,1.36,1.36,5,0
SUN,5,20210205,092500,1.39,1.39,1.39,1.39,5,0
SUN,5,20210205,093500,1.39,1.39,1.39,1.39,200,0
SUN,5,20210205,100000,1.38,1.38,1.38,1.38,744,0
SUN,5,20210205,160500,1.35,1.37,1.35,1.37,2040,0
SUN,5,20210205,161000,1.37,1.37,1.37,1.37,724,0
SUN,5,20210205,161500,1.34,1.34,1.34,1.34,1181,0
SUN,5,20210205,164500,1.37,1.37,1.37,1.37,10,0
SUN,5,20210208,094500,1.41,1.41,1.41,1.41,250,0
SUN,5,20210208,141000,1.36,1.36,1.36,1.36,710,0
SUN,5,20210208,164500,1.34,1.36,1.34,1.36,505,0
SUN,5,20210209,090000,1.39,1.39,1.39,1.39,2000,0
SUN,5,20210209,102500,1.39,1.39,1.39,1.39,60,0
SUN,5,20210209,111500,1.36,1.36,1.36,1.36,1999,0
SUN,5,20210209,112000,1.35,1.35,1.35,1.35,1240,0
SUN,5,20210209,131000,1.36,1.36,1.36,1.36,1257,0
SUN,5,20210209,135500,1.36,1.36,1.35,1.35,69898,0
SUN,5,20210209,141000,1.39,1.39,1.39,1.39,100,0
SUN,5,20210209,143500,1.33,1.33,1.21,1.21,4000,0
SUN,5,20210209,144000,1.3,1.35,1.3,1.35,200,0
SUN,5,20210209,160000,1.3,1.3,1.3,1.3,100,0
SUN,5,20210209,160500,1.3,1.3,1.3,1.3,100,0
SUN,5,20210209,161000,1.35,1.37,1.35,1.37,105,0
SUN,5,20210209,162500,1.33,1.33,1.33,1.33,5000,0
SUN,5,20210209,164500,1.31,1.36,1.3,1.36,36800,0
SUN,5,20210210,090000,1.33,1.33,1.33,1.33,13900,0
SUN,5,20210210,094500,1.34,1.34,1.34,1.34,2600,0
SUN,5,20210210,102500,1.35,1.35,1.35,1.35,250,0
SUN,5,20210210,105000,1.34,1.34,1.33,1.33,1750,0
SUN,5,20210210,111000,1.36,1.41,1.36,1.41,1010,0
SUN,5,20210210,121500,1.4,1.4,1.4,1.4,1000,0
SUN,5,20210210,122500,1.4,1.41,1.4,1.41,10079,0
SUN,5,20210210,123000,1.43,1.45,1.42,1.42,13400,0
SUN,5,20210210,123500,1.45,1.45,1.45,1.45,881,0
SUN,5,20210210,124000,1.46,1.46,1.46,1.46,5,0
SUN,5,20210210,125000,1.42,1.42,1.39,1.42,73479,0
SUN,5,20210210,125500,1.39,1.39,1.39,1.39,2400,0
SUN,5,20210210,130000,1.39,1.39,1.39,1.39,1000,0
SUN,5,20210210,131000,1.39,1.39,1.39,1.39,4834,0
SUN,5,20210210,132000,1.4,1.4,1.4,1.4,2800,0
SUN,5,20210210,134500,1.4,1.44,1.4,1.44,2400,0
SUN,5,20210210,135000,1.44,1.44,1.44,1.44,829,0
SUN,5,20210210,143000,1.42,1.43,1.42,1.43,1400,0
SUN,5,20210210,151000,1.44,1.45,1.44,1.45,5591,0
SUN,5,20210210,152000,1.46,1.46,1.46,1.46,9497,0
SUN,5,20210210,152500,1.48,1.48,1.48,1.48,700,0
SUN,5,20210210,154000,1.46,1.46,1.46,1.46,3124,0
SUN,5,20210210,154500,1.48,1.48,1.48,1.48,500,0
SUN,5,20210210,160000,1.46,1.46,1.46,1.46,676,0
SUN,5,20210211,090000,1.5,1.5,1.5,1.5,2000,0
SUN,5,20210211,102500,1.47,1.47,1.47,1.47,2337,0
SUN,5,20210211,103000,1.47,1.47,1.47,1.47,2100,0
SUN,5,20210211,104000,1.45,1.45,1.42,1.42,651,0
SUN,5,20210211,105500,1.42,1.46,1.42,1.46,8085,0
SUN,5,20210211,110000,1.46,1.46,1.46,1.46,379,0
SUN,5,20210211,122500,1.46,1.46,1.46,1.46,2621,0
SUN,5,20210211,130500,1.47,1.47,1.47,1.47,4000,0
SUN,5,20210211,131000,1.47,1.49,1.47,1.49,5500,0
SUN,5,20210211,131500,1.49,1.5,1.49,1.5,10000,0
SUN,5,20210211,132000,1.5,1.51,1.5,1.51,17000,0
SUN,5,20210211,132500,1.51,1.52,1.51,1.52,11554,0
SUN,5,20210211,134000,1.51,1.54,1.51,1.54,38796,0
SUN,5,20210211,134500,1.56,1.6,1.56,1.6,2000,0
SUN,5,20210211,135000,1.59,1.59,1.59,1.59,1738,0
SUN,5,20210211,135500,1.55,1.57,1.55,1.57,11500,0
SUN,5,20210211,140000,1.57,1.58,1.43,1.58,49000,0
SUN,5,20210211,140500,1.58,1.58,1.45,1.58,43822,0
SUN,5,20210211,141000,1.47,1.58,1.47,1.58,25789,0
SUN,5,20210211,141500,1.5,1.58,1.45,1.58,30000,0
SUN,5,20210211,143000,1.54,1.54,1.54,1.54,247,0
SUN,5,20210211,145500,1.45,1.55,1.43,1.55,23000,0
SUN,5,20210211,152000,1.46,1.46,1.46,1.46,1000,0
SUN,5,20210211,152500,1.48,1.5,1.47,1.5,4285,0
SUN,5,20210211,160500,1.52,1.52,1.52,1.52,520,0
SUN,5,20210211,162500,1.52,1.52,1.52,1.52,200,0
SUN,5,20210211,163500,1.52,1.52,1.52,1.52,100,0
SUN,5,20210211,164000,1.49,1.49,1.49,1.49,1015,0
SUN,5,20210211,164500,1.52,1.53,1.52,1.53,100,0
SUN,5,20210212,090000,1.52,1.52,1.52,1.52,2500,0
SUN,5,20210212,093000,1.52,1.52,1.52,1.52,4500,0
SUN,5,20210212,093500,1.52,1.52,1.52,1.52,500,0
SUN,5,20210212,094500,1.57,1.57,1.57,1.57,326,0
SUN,5,20210212,100500,1.57,1.57,1.57,1.57,633,0
SUN,5,20210212,101000,1.48,1.48,1.48,1.48,326,0
SUN,5,20210212,102500,1.57,1.57,1.57,1.57,1000,0
SUN,5,20210212,103000,1.51,1.55,1.51,1.55,3980,0
SUN,5,20210212,103500,1.57,1.58,1.57,1.58,1641,0
SUN,5,20210212,104000,1.59,1.59,1.59,1.59,689,0
SUN,5,20210212,110000,1.57,1.57,1.57,1.57,1164,0
SUN,5,20210212,110500,1.57,1.58,1.57,1.58,205,0
SUN,5,20210212,112000,1.53,1.53,1.53,1.53,600,0
SUN,5,20210212,113500,1.5,1.56,1.5,1.56,2362,0
SUN,5,20210212,115500,1.56,1.56,1.56,1.56,330,0
SUN,5,20210212,120500,1.5,1.59,1.5,1.59,23000,0
SUN,5,20210212,121000,1.59,1.6,1.5,1.6,13781,0
SUN,5,20210212,121500,1.51,1.6,1.51,1.6,10200,0
SUN,5,20210212,124000,1.55,1.59,1.51,1.59,26400,0
SUN,5,20210212,124500,1.59,1.6,1.53,1.6,13000,0
SUN,5,20210212,125000,1.53,1.59,1.51,1.59,12000,0
SUN,5,20210212,130000,1.55,1.62,1.54,1.62,22000,0
SUN,5,20210212,130500,1.54,1.6,1.54,1.6,19000,0
SUN,5,20210212,131500,1.56,1.62,1.55,1.56,27035,0
SUN,5,20210212,132000,1.6,1.62,1.6,1.62,6291,0
SUN,5,20210212,132500,1.62,1.63,1.62,1.63,13456,0
SUN,5,20210212,133000,1.57,1.63,1.5,1.5,34000,0
SUN,5,20210212,133500,1.59,1.79,1.59,1.79,100774,0
SUN,5,20210212,134000,1.79,1.82,1.71,1.82,28733,0
SUN,5,20210212,134500,1.94,1.94,1.9,1.9,20806,0
SUN,5,20210212,135000,1.9,1.94,1.77,1.83,37040,0
SUN,5,20210212,135500,1.8,1.85,1.5,1.52,175960,0
SUN,5,20210212,140000,1.6,1.7,1.6,1.65,54232,0
SUN,5,20210212,140500,1.68,1.73,1.68,1.71,31838,0
SUN,5,20210212,141000,1.72,1.73,1.67,1.72,5587,0
SUN,5,20210212,141500,1.72,1.77,1.7,1.76,16218,0
SUN,5,20210212,142000,1.76,1.78,1.76,1.78,10799,0
SUN,5,20210212,142500,1.7,1.77,1.68,1.77,753,0
SUN,5,20210212,143500,1.76,1.78,1.76,1.78,2000,0
SUN,5,20210212,144000,1.78,1.78,1.78,1.78,2600,0
SUN,5,20210212,144500,1.79,1.8,1.79,1.8,9417,0
SUN,5,20210212,145000,1.81,1.82,1.8,1.82,5709,0
SUN,5,20210212,145500,1.82,1.88,1.77,1.81,38450,0
SUN,5,20210212,150000,1.81,1.86,1.81,1.86,1883,0
SUN,5,20210212,150500,1.83,1.88,1.83,1.86,9500,0
SUN,5,20210212,151000,1.86,1.86,1.8,1.85,17600,0
SUN,5,20210212,151500,1.85,1.9,1.85,1.9,33626,0
SUN,5,20210212,152000,1.9,1.95,1.86,1.86,41063,0
SUN,5,20210212,152500,1.87,1.9,1.76,1.85,5058,0
SUN,5,20210212,153500,1.81,1.85,1.81,1.85,3062,0
SUN,5,20210212,154000,1.85,1.86,1.77,1.77,3061,0
SUN,5,20210212,154500,1.78,1.84,1.78,1.84,1150,0
SUN,5,20210212,155000,1.83,1.86,1.83,1.86,5189,0
SUN,5,20210212,155500,1.86,1.86,1.75,1.75,19077,0
SUN,5,20210212,160000,1.75,1.8,1.75,1.8,7823,0
SUN,5,20210212,160500,1.79,1.79,1.79,1.79,2000,0
SUN,5,20210212,161000,1.79,1.79,1.73,1.73,4000,0
SUN,5,20210212,161500,1.79,1.79,1.73,1.73,525,0
SUN,5,20210212,162000,1.74,1.79,1.74,1.79,3105,0
SUN,5,20210212,163500,1.78,1.78,1.77,1.78,2914,0
SUN,5,20210212,164000,1.78,1.78,1.78,1.78,1086,0
SUN,5,20210212,164500,1.74,1.79,1.74,1.78,11331,0
SUN,5,20210215,090000,1.78,1.89,1.78,1.89,8040,0
SUN,5,20210215,090500,1.89,1.89,1.85,1.85,3735,0
SUN,5,20210215,091000,1.8,1.8,1.78,1.78,8175,0
SUN,5,20210215,091500,1.78,1.78,1.78,1.78,700,0
SUN,5,20210215,092500,1.78,1.78,1.78,1.78,300,0
SUN,5,20210215,093000,1.73,1.75,1.68,1.68,9720,0
SUN,5,20210215,093500,1.74,1.78,1.7,1.74,47082,0
SUN,5,20210215,094000,1.75,1.76,1.75,1.76,265,0
SUN,5,20210215,094500,1.77,1.78,1.77,1.78,5805,0
SUN,5,20210215,095000,1.76,1.79,1.76,1.79,13641,0
SUN,5,20210215,102000,1.76,1.8,1.76,1.8,1817,0
SUN,5,20210215,102500,1.8,1.8,1.8,1.8,800,0
SUN,5,20210215,103500,1.8,1.8,1.8,1.8,133,0
SUN,5,20210215,104000,1.82,1.88,1.82,1.88,7667,0
SUN,5,20210215,104500,1.87,1.87,1.87,1.87,3227,0
SUN,5,20210215,105000,1.87,1.89,1.87,1.89,3289,0
SUN,5,20210215,105500,1.9,1.9,1.9,1.9,5000,0
SUN,5,20210215,110000,1.9,1.92,1.9,1.92,5300,0
SUN,5,20210215,111500,1.89,1.89,1.88,1.88,1711,0
SUN,5,20210215,115000,1.81,1.81,1.8,1.8,1200,0
SUN,5,20210215,121500,1.86,1.86,1.86,1.86,900,0
SUN,5,20210215,122000,1.83,1.83,1.83,1.83,2000,0
SUN,5,20210215,125000,1.83,1.83,1.83,1.83,66,0
SUN,5,20210215,132000,1.81,1.81,1.81,1.81,7476,0
SUN,5,20210215,132500,1.87,1.88,1.87,1.88,2199,0
SUN,5,20210215,134000,1.85,1.85,1.85,1.85,1000,0
SUN,5,20210215,135500,1.86,1.86,1.86,1.86,7524,0
SUN,5,20210215,151500,1.85,1.85,1.8,1.8,800,0
SUN,5,20210215,152000,1.8,1.86,1.8,1.86,2510,0
SUN,5,20210215,162000,1.8,1.8,1.71,1.71,3377,0
SUN,5,20210215,162500,1.75,1.75,1.75,1.75,670,0
SUN,5,20210215,163000,1.79,1.79,1.75,1.75,605,0
SUN,5,20210215,164000,1.79,1.79,1.79,1.79,1645,0
SUN,5,20210216,090000,1.78,1.78,1.78,1.78,3000,0
SUN,5,20210216,090500,1.78,1.78,1.78,1.78,116,0
SUN,5,20210216,092500,1.7,1.7,1.7,1.7,3000,0
SUN,5,20210216,093500,1.69,1.69,1.64,1.64,2907,0
SUN,5,20210216,094000,1.65,1.73,1.65,1.73,2090,0
SUN,5,20210216,095000,1.73,1.81,1.73,1.81,5000,0
SUN,5,20210216,101500,1.78,1.78,1.68,1.68,2087,0
SUN,5,20210216,102000,1.78,1.78,1.78,1.78,9,0
SUN,5,20210216,104000,1.7,1.77,1.68,1.77,9874,0
SUN,5,20210216,104500,1.69,1.69,1.65,1.65,7900,0
SUN,5,20210216,105000,1.73,1.73,1.73,1.73,1000,0
SUN,5,20210216,105500,1.71,1.72,1.71,1.72,1124,0
SUN,5,20210216,110500,1.7,1.7,1.7,1.7,1500,0
SUN,5,20210216,111000,1.7,1.7,1.68,1.68,1487,0
SUN,5,20210216,112000,1.68,1.68,1.63,1.63,6700,0
SUN,5,20210216,113000,1.64,1.7,1.64,1.7,385,0
SUN,5,20210216,113500,1.7,1.73,1.7,1.73,5600,0
SUN,5,20210216,115500,1.67,1.67,1.67,1.67,300,0
SUN,5,20210216,121500,1.7,1.7,1.7,1.7,1000,0
SUN,5,20210216,122000,1.71,1.71,1.71,1.71,2165,0
SUN,5,20210216,122500,1.71,1.71,1.7,1.7,3827,0
SUN,5,20210216,123500,1.73,1.73,1.73,1.73,2000,0
SUN,5,20210216,124000,1.73,1.73,1.73,1.73,1000,0
SUN,5,20210216,125000,1.7,1.7,1.68,1.68,4300,0
SUN,5,20210216,125500,1.68,1.68,1.68,1.68,6000,0
SUN,5,20210216,131500,1.68,1.68,1.67,1.67,1000,0
SUN,5,20210216,132000,1.67,1.67,1.67,1.67,300,0
SUN,5,20210216,141500,1.71,1.71,1.71,1.71,3300,0
SUN,5,20210216,145000,1.68,1.68,1.67,1.67,2250,0
SUN,5,20210216,150500,1.67,1.67,1.65,1.65,150,0
SUN,5,20210216,152000,1.69,1.71,1.69,1.71,2082,0
SUN,5,20210216,163000,1.66,1.66,1.65,1.65,7923,0
SUN,5,20210216,163500,1.65,1.65,1.65,1.65,77,0
SUN,5,20210216,164000,1.68,1.68,1.68,1.68,650,0
SUN,5,20210216,164500,1.68,1.7,1.68,1.7,5243,0
SUN,5,20210217,090000,1.59,1.6,1.59,1.6,6824,0
SUN,5,20210217,090500,1.6,1.6,1.6,1.6,5000,0
SUN,5,20210217,091000,1.59,1.68,1.59,1.68,5083,0
SUN,5,20210217,091500,1.68,1.68,1.6,1.6,1200,0
SUN,5,20210217,092000,1.6,1.6,1.58,1.58,1140,0
SUN,5,20210217,092500,1.6,1.66,1.55,1.66,6700,0
SUN,5,20210217,093000,1.58,1.58,1.58,1.58,700,0
SUN,5,20210217,093500,1.65,1.65,1.61,1.61,612,0
SUN,5,20210217,094000,1.65,1.69,1.65,1.69,3122,0
SUN,5,20210217,095500,1.7,1.72,1.7,1.72,2000,0
SUN,5,20210217,110000,1.64,1.64,1.64,1.64,137,0
SUN,5,20210217,111500,1.64,1.64,1.64,1.64,1411,0
SUN,5,20210217,113500,1.7,1.7,1.7,1.7,50,0
SUN,5,20210217,135500,1.66,1.66,1.65,1.65,312,0
SUN,5,20210217,140000,1.65,1.65,1.65,1.65,1061,0
SUN,5,20210217,140500,1.7,1.7,1.7,1.7,10,0
SUN,5,20210217,154000,1.66,1.66,1.66,1.66,1098,0
SUN,5,20210217,154500,1.65,1.65,1.65,1.65,577,0
SUN,5,20210217,155000,1.62,1.67,1.62,1.67,3627,0
SUN,5,20210217,160000,1.66,1.67,1.66,1.67,5000,0
SUN,5,20210217,164500,1.62,1.62,1.62,1.62,315,0
SUN,5,20210218,091000,1.7,1.7,1.7,1.7,10,0
SUN,5,20210218,092000,1.65,1.65,1.65,1.65,1501,0
SUN,5,20210218,093000,1.65,1.7,1.65,1.7,116,0
SUN,5,20210218,094000,1.69,1.69,1.69,1.69,10,0
SUN,5,20210218,095000,1.69,1.73,1.69,1.73,4371,0
SUN,5,20210218,095500,1.73,1.74,1.73,1.74,3013,0
SUN,5,20210218,102000,1.73,1.73,1.73,1.73,643,0
SUN,5,20210218,102500,1.73,1.73,1.72,1.72,2500,0
SUN,5,20210218,105500,1.63,1.63,1.63,1.63,300,0
SUN,5,20210218,110000,1.66,1.66,1.64,1.64,2900,0
SUN,5,20210218,110500,1.66,1.66,1.66,1.66,5000,0
SUN,5,20210218,115000,1.66,1.66,1.63,1.63,451,0
SUN,5,20210218,115500,1.63,1.66,1.63,1.66,59,0
SUN,5,20210218,120000,1.69,1.69,1.69,1.69,16,0
SUN,5,20210218,121000,1.69,1.72,1.69,1.72,939,0
SUN,5,20210218,141500,1.71,1.71,1.71,1.71,490,0
SUN,5,20210218,143000,1.66,1.66,1.63,1.63,3512,0
SUN,5,20210218,154500,1.63,1.63,1.63,1.63,150,0
SUN,5,20210218,164000,1.63,1.63,1.63,1.63,5000,0
SUN,5,20210218,164500,1.7,1.7,1.7,1.7,31,0
SUN,5,20210219,093000,1.63,1.63,1.63,1.63,310,0
SUN,5,20210219,093500,1.63,1.63,1.63,1.63,150,0
SUN,5,20210219,094000,1.63,1.63,1.63,1.63,2000,0
SUN,5,20210219,094500,1.62,1.62,1.62,1.62,850,0
SUN,5,20210219,103500,1.66,1.66,1.66,1.66,50,0
SUN,5,20210219,104000,1.62,1.62,1.62,1.62,1000,0
SUN,5,20210219,112500,1.62,1.62,1.62,1.62,500,0
SUN,5,20210219,114500,1.66,1.68,1.66,1.68,4000,0
SUN,5,20210219,125500,1.65,1.65,1.64,1.64,1500,0
SUN,5,20210219,130500,1.64,1.64,1.64,1.64,2744,0
SUN,5,20210219,131500,1.68,1.68,1.68,1.68,1000,0
SUN,5,20210219,133500,1.68,1.69,1.68,1.69,1000,0
SUN,5,20210219,155000,1.68,1.68,1.68,1.68,600,0
SUN,5,20210219,155500,1.6,1.6,1.6,1.6,4117,0
SUN,5,20210219,160000,1.66,1.66,1.66,1.66,1000,0
SUN,5,20210222,090000,1.65,1.65,1.65,1.65,200,0
SUN,5,20210222,101000,1.64,1.64,1.64,1.64,60,0
SUN,5,20210222,102500,1.6,1.6,1.6,1.6,60,0
SUN,5,20210222,103000,1.56,1.56,1.55,1.55,4668,0
SUN,5,20210222,103500,1.55,1.55,1.55,1.55,6250,0
SUN,5,20210222,104000,1.54,1.55,1.51,1.52,7772,0
SUN,5,20210222,104500,1.55,1.55,1.55,1.55,4000,0
SUN,5,20210222,105500,1.53,1.53,1.52,1.52,3600,0
SUN,5,20210222,110500,1.52,1.52,1.52,1.52,1805,0
SUN,5,20210222,111500,1.55,1.55,1.55,1.55,1000,0
SUN,5,20210222,113000,1.54,1.54,1.54,1.54,1000,0
SUN,5,20210222,120000,1.52,1.55,1.52,1.55,7000,0
SUN,5,20210222,122000,1.55,1.55,1.55,1.55,650,0
SUN,5,20210222,135000,1.55,1.55,1.55,1.55,30,0
SUN,5,20210222,135500,1.55,1.55,1.55,1.55,705,0
SUN,5,20210222,141000,1.54,1.54,1.54,1.54,2961,0
SUN,5,20210222,152000,1.57,1.57,1.57,1.57,1000,0
SUN,5,20210222,152500,1.57,1.64,1.57,1.64,6000,0
SUN,5,20210222,163000,1.57,1.57,1.57,1.57,322,0
SUN,5,20210222,164500,1.61,1.61,1.61,1.61,4872,0
SUN,5,20210223,090000,1.61,1.61,1.54,1.54,15200,0
SUN,5,20210223,090500,1.61,1.61,1.61,1.61,10,0
SUN,5,20210223,091000,1.54,1.54,1.54,1.54,800,0
SUN,5,20210223,091500,1.59,1.59,1.59,1.59,1000,0
SUN,5,20210223,092000,1.54,1.54,1.54,1.54,2000,0
SUN,5,20210223,093000,1.59,1.59,1.59,1.59,707,0
SUN,5,20210223,093500,1.59,1.59,1.59,1.59,385,0
SUN,5,20210223,094000,1.53,1.53,1.53,1.53,325,0
SUN,5,20210223,102500,1.53,1.53,1.52,1.52,1650,0
SUN,5,20210223,103000,1.51,1.51,1.51,1.51,1500,0
SUN,5,20210223,104000,1.51,1.51,1.5,1.5,2000,0
SUN,5,20210223,112000,1.51,1.51,1.51,1.51,1000,0
SUN,5,20210223,113000,1.54,1.55,1.54,1.55,2650,0
SUN,5,20210223,113500,1.53,1.53,1.51,1.51,3000,0
SUN,5,20210223,114000,1.58,1.58,1.58,1.58,330,0
SUN,5,20210223,115500,1.52,1.52,1.52,1.52,700,0
SUN,5,20210223,122500,1.55,1.55,1.55,1.55,700,0
SUN,5,20210223,125000,1.56,1.56,1.56,1.56,8326,0
SUN,5,20210223,131000,1.6,1.6,1.6,1.6,3000,0
SUN,5,20210223,134500,1.57,1.57,1.57,1.57,141,0
SUN,5,20210223,140000,1.57,1.57,1.55,1.55,5000,0
SUN,5,20210223,141000,1.59,1.59,1.54,1.54,1300,0
SUN,5,20210223,142000,1.54,1.54,1.54,1.54,2278,0
SUN,5,20210223,144000,1.54,1.54,1.54,1.54,295,0
SUN,5,20210223,153000,1.54,1.54,1.54,1.54,334,0
SUN,5,20210223,160000,1.53,1.53,1.53,1.53,1533,0
SUN,5,20210223,161000,1.52,1.52,1.51,1.51,10000,0
SUN,5,20210223,163000,1.51,1.51,1.5,1.5,3538,0
SUN,5,20210223,163500,1.5,1.53,1.47,1.53,2742,0
SUN,5,20210223,164500,1.56,1.56,1.56,1.56,2071,0
SUN,5,20210224,090000,1.58,1.58,1.58,1.58,750,0
SUN,5,20210224,091000,1.57,1.58,1.57,1.58,2000,0
SUN,5,20210224,092500,1.59,1.59,1.59,1.59,128,0
SUN,5,20210224,093500,1.6,1.6,1.6,1.6,1000,0
SUN,5,20210224,094000,1.6,1.6,1.6,1.6,550,0
SUN,5,20210224,095500,1.59,1.59,1.59,1.59,622,0
SUN,5,20210224,144500,1.56,1.57,1.56,1.57,300,0
SUN,5,20210224,151000,1.57,1.57,1.57,1.57,74,0
SUN,5,20210224,153000,1.57,1.57,1.57,1.57,1700,0
SUN,5,20210225,094500,1.57,1.57,1.57,1.57,640,0
SUN,5,20210225,103500,1.59,1.59,1.59,1.59,378,0
SUN,5,20210225,134000,1.51,1.59,1.48,1.59,24043,0
SUN,5,20210225,135000,1.58,1.58,1.56,1.56,1400,0
SUN,5,20210225,140500,1.55,1.55,1.55,1.55,4000,0
SUN,5,20210225,141500,1.55,1.55,1.55,1.55,1500,0
SUN,5,20210225,143500,1.54,1.54,1.54,1.54,850,0
SUN,5,20210225,151500,1.54,1.54,1.54,1.54,900,0
SUN,5,20210225,155000,1.55,1.57,1.55,1.57,2100,0
SUN,5,20210225,163500,1.57,1.57,1.57,1.57,157,0
SUN,5,20210225,164000,1.58,1.58,1.58,1.58,947,0
SUN,5,20210226,090000,1.6,1.62,1.6,1.62,430,0
SUN,5,20210226,091500,1.59,1.59,1.59,1.59,207,0
SUN,5,20210226,092000,1.5,1.5,1.5,1.5,650,0
SUN,5,20210226,093000,1.58,1.6,1.53,1.53,7446,0
SUN,5,20210226,093500,1.53,1.53,1.49,1.53,4838,0
SUN,5,20210226,100000,1.55,1.55,1.55,1.55,2000,0
SUN,5,20210226,105000,1.55,1.55,1.55,1.55,700,0
SUN,5,20210226,145000,1.55,1.55,1.54,1.54,587,0
SUN,5,20210226,155000,1.55,1.55,1.55,1.55,643,0
SUN,5,20210226,161000,1.55,1.55,1.55,1.55,2454,0
SUN,5,20210301,092000,1.55,1.55,1.55,1.55,249,0
SUN,5,20210301,092500,1.52,1.52,1.52,1.52,751,0
SUN,5,20210301,093000,1.55,1.55,1.55,1.55,1000,0
SUN,5,20210301,093500,1.55,1.55,1.55,1.55,2000,0
SUN,5,20210301,100000,1.57,1.64,1.57,1.64,4751,0
SUN,5,20210301,100500,1.64,1.66,1.63,1.66,10049,0
SUN,5,20210301,101500,1.63,1.63,1.63,1.63,3049,0
SUN,5,20210301,104500,1.62,1.62,1.62,1.62,2500,0
SUN,5,20210301,112000,1.62,1.63,1.62,1.63,4500,0
SUN,5,20210301,125500,1.59,1.59,1.59,1.59,2454,0
SUN,5,20210301,132500,1.59,1.6,1.59,1.6,4977,0
SUN,5,20210301,144000,1.63,1.63,1.63,1.63,328,0
SUN,5,20210301,145000,1.63,1.63,1.63,1.63,2263,0
SUN,5,20210301,150000,1.63,1.65,1.63,1.65,1276,0
SUN,5,20210301,152000,1.6,1.6,1.6,1.6,3600,0
SUN,5,20210301,164500,1.6,1.6,1.6,1.6,50,0
SUN,5,20210302,093000,1.64,1.64,1.64,1.64,606,0
SUN,5,20210302,093500,1.64,1.66,1.64,1.66,2326,0
SUN,5,20210302,094500,1.69,1.69,1.63,1.63,1500,0
SUN,5,20210302,102000,1.69,1.69,1.69,1.69,675,0
SUN,5,20210302,102500,1.69,1.69,1.69,1.69,4980,0
SUN,5,20210302,113500,1.69,1.69,1.69,1.69,177,0
SUN,5,20210302,114000,1.69,1.72,1.69,1.72,5000,0
SUN,5,20210302,114500,1.72,1.72,1.72,1.72,100,0
SUN,5,20210302,115000,1.72,1.72,1.72,1.72,390,0
SUN,5,20210302,115500,1.62,1.62,1.62,1.62,328,0
SUN,5,20210302,120000,1.68,1.68,1.68,1.68,600,0
SUN,5,20210302,125500,1.67,1.67,1.67,1.67,50,0
SUN,5,20210302,131000,1.67,1.67,1.67,1.67,574,0
SUN,5,20210302,133500,1.67,1.72,1.67,1.72,982,0
SUN,5,20210302,135000,1.73,1.75,1.73,1.75,10000,0
SUN,5,20210302,142500,1.77,1.8,1.77,1.8,25000,0
SUN,5,20210302,144000,1.79,1.8,1.78,1.8,10000,0
SUN,5,20210302,144500,1.8,1.8,1.8,1.8,1200,0
SUN,5,20210302,145000,1.81,1.86,1.81,1.85,7000,0
SUN,5,20210302,151500,1.85,1.85,1.85,1.85,5300,0
SUN,5,20210302,153000,1.82,1.82,1.82,1.82,280,0
SUN,5,20210302,154000,1.82,1.82,1.82,1.82,720,0
SUN,5,20210302,154500,1.8,1.82,1.8,1.82,2280,0
SUN,5,20210302,161000,1.84,1.85,1.84,1.85,500,0
SUN,5,20210302,164500,1.82,1.89,1.8,1.87,3438,0
SUN,5,20210303,090000,1.9,1.92,1.9,1.92,4100,0
SUN,5,20210303,090500,1.92,1.92,1.87,1.87,2920,0
SUN,5,20210303,092000,1.87,1.9,1.87,1.9,1745,0
SUN,5,20210303,092500,1.91,1.91,1.91,1.91,500,0
SUN,5,20210303,093000,1.91,1.91,1.87,1.87,555,0
SUN,5,20210303,093500,1.87,1.87,1.87,1.87,3000,0
SUN,5,20210303,094000,1.91,1.92,1.91,1.92,1300,0
SUN,5,20210303,095500,1.9,1.9,1.9,1.9,567,0
SUN,5,20210303,103000,1.87,1.87,1.87,1.87,309,0
SUN,5,20210303,103500,1.8,1.8,1.8,1.8,1047,0
SUN,5,20210303,110000,1.8,1.86,1.8,1.86,2754,0
SUN,5,20210303,110500,1.86,1.86,1.86,1.86,858,0
SUN,5,20210303,120500,1.72,1.72,1.72,1.72,2000,0
SUN,5,20210303,121000,1.72,1.75,1.71,1.71,3258,0
SUN,5,20210303,130000,1.82,1.82,1.82,1.82,5000,0
SUN,5,20210303,141500,1.74,1.74,1.74,1.74,283,0
SUN,5,20210303,143000,1.74,1.74,1.72,1.72,2000,0
SUN,5,20210303,154500,1.74,1.74,1.71,1.71,10000,0
SUN,5,20210303,155000,1.8,1.83,1.8,1.83,1100,0
SUN,5,20210304,090000,1.82,1.82,1.82,1.82,1918,0
SUN,5,20210304,090500,1.76,1.76,1.76,1.76,1000,0
SUN,5,20210304,092500,1.8,1.8,1.8,1.8,1000,0
SUN,5,20210304,093500,1.86,1.86,1.86,1.86,774,0
SUN,5,20210304,095000,1.86,1.89,1.86,1.89,5700,0
SUN,5,20210304,095500,1.9,1.9,1.89,1.89,1155,0
SUN,5,20210304,100000,1.89,1.9,1.88,1.88,9517,0
SUN,5,20210304,100500,1.9,1.9,1.9,1.9,400,0
SUN,5,20210304,101000,1.9,1.9,1.9,1.9,230,0
SUN,5,20210304,101500,1.88,1.88,1.88,1.88,3300,0
SUN,5,20210304,102000,1.88,1.9,1.88,1.9,6309,0
SUN,5,20210304,103000,1.8,1.8,1.8,1.8,1000,0
SUN,5,20210304,103500,1.9,1.9,1.89,1.89,500,0
SUN,5,20210304,105500,1.76,1.76,1.76,1.76,417,0
SUN,5,20210304,110000,1.87,1.89,1.87,1.89,1600,0
SUN,5,20210304,112000,1.79,1.79,1.79,1.79,500,0
SUN,5,20210304,120500,1.89,1.89,1.89,1.89,350,0
SUN,5,20210304,121000,1.89,1.9,1.81,1.81,3425,0
SUN,5,20210304,122000,1.92,1.92,1.92,1.92,10,0
SUN,5,20210304,124500,1.84,1.92,1.84,1.92,1500,0
SUN,5,20210304,131000,1.92,1.94,1.92,1.94,10000,0
SUN,5,20210304,132500,1.94,1.94,1.94,1.94,1000,0
SUN,5,20210304,133000,1.9,1.95,1.89,1.89,11000,0
SUN,5,20210304,134000,1.93,1.95,1.93,1.94,3300,0
SUN,5,20210304,135500,1.93,1.93,1.93,1.93,100,0
SUN,5,20210304,140500,1.93,1.95,1.93,1.95,700,0
SUN,5,20210304,150500,1.93,1.93,1.93,1.93,460,0
SUN,5,20210304,151000,1.93,2,1.93,2,56833,0
SUN,5,20210304,151500,2.04,2.06,2.04,2.04,6668,0
SUN,5,20210304,152000,2.04,2.04,2.04,2.04,420,0
SUN,5,20210304,152500,2,2,1.97,1.97,4436,0
SUN,5,20210304,153000,1.9,1.91,1.9,1.91,1460,0
SUN,5,20210304,153500,1.98,1.98,1.98,1.98,251,0
SUN,5,20210304,154000,1.98,1.98,1.98,1.98,500,0
SUN,5,20210304,154500,1.98,1.98,1.98,1.98,1482,0
SUN,5,20210304,155000,1.92,1.92,1.92,1.92,1364,0
SUN,5,20210304,160500,1.98,1.98,1.98,1.98,260,0
SUN,5,20210304,161000,1.98,1.98,1.98,1.98,1000,0
SUN,5,20210304,163500,1.98,1.98,1.98,1.98,50,0
SUN,5,20210304,164000,1.95,1.95,1.87,1.87,4444,0
SUN,5,20210304,164500,1.95,1.98,1.9,1.98,9500,0
SUN,5,20210305,090000,2.02,2.04,2,2.04,3879,0
SUN,5,20210305,090500,2.04,2.04,2.04,2.04,1398,0
SUN,5,20210305,091000,2.04,2.04,1.92,2.04,24452,0
SUN,5,20210305,091500,2.04,2.04,1.91,1.91,5250,0
SUN,5,20210305,092000,2,2,2,2,500,0
SUN,5,20210305,093500,1.94,1.94,1.85,1.94,15270,0
SUN,5,20210305,094000,1.95,2.02,1.95,2.02,25695,0
SUN,5,20210305,094500,2,2,1.99,2,5868,0
SUN,5,20210305,095500,2,2,1.98,1.98,1000,0
SUN,5,20210305,100000,1.98,1.98,1.92,1.92,6360,0
SUN,5,20210305,100500,2.02,2.04,2.02,2.04,8500,0
SUN,5,20210305,101000,2,2,2,2,1498,0
SUN,5,20210305,101500,2.02,2.02,2.02,2.02,909,0
SUN,5,20210305,102500,2.02,2.02,2.02,2.02,100,0
SUN,5,20210305,103000,2.04,2.04,2.04,2.04,300,0
SUN,5,20210305,103500,2.02,2.02,2,2,1146,0
SUN,5,20210305,104000,2.02,2.02,2.02,2.02,2800,0
SUN,5,20210305,110000,2.02,2.02,2.02,2.02,200,0
SUN,5,20210305,110500,2.02,2.02,1.98,1.98,1300,0
SUN,5,20210305,112500,1.96,1.96,1.91,1.91,13000,0
SUN,5,20210305,113500,1.92,1.92,1.92,1.92,8680,0
SUN,5,20210305,114000,1.91,1.91,1.91,1.91,125,0
SUN,5,20210305,115000,1.92,1.92,1.92,1.92,900,0
SUN,5,20210305,115500,1.92,1.99,1.92,1.99,700,0
SUN,5,20210305,121500,1.91,1.91,1.88,1.88,10000,0
SUN,5,20210305,122000,1.88,1.88,1.88,1.88,1389,0
SUN,5,20210305,123500,1.97,1.98,1.97,1.98,800,0
SUN,5,20210305,132500,1.96,1.96,1.96,1.96,1500,0
SUN,5,20210305,143000,1.95,2,1.95,2,5000,0
SUN,5,20210305,143500,2,2,2,2,200,0
SUN,5,20210305,144500,2.02,2.02,2.02,2.02,300,0
SUN,5,20210305,153000,1.98,1.98,1.98,1.98,228,0
SUN,5,20210305,153500,1.92,1.92,1.92,1.92,22,0
SUN,5,20210305,155500,1.92,1.92,1.92,1.92,1620,0
SUN,5,20210305,162000,1.98,1.98,1.98,1.98,502,0
SUN,5,20210305,162500,1.98,2.02,1.98,2.02,5000,0
SUN,5,20210305,164500,2.04,2.04,2.04,2.04,100,0
SUN,5,20210308,093000,2.04,2.04,2.04,2.04,1725,0
SUN,5,20210308,094000,2.02,2.04,2.02,2.04,2423,0
SUN,5,20210308,103000,2,2,1.9,1.9,9000,0
SUN,5,20210308,103500,1.98,2.04,1.98,2.04,1050,0
SUN,5,20210308,110000,1.9,1.9,1.9,1.9,150,0
SUN,5,20210308,111500,2,2,2,2,10,0
SUN,5,20210308,115500,2,2,2,2,500,0
SUN,5,20210308,140000,1.96,1.96,1.96,1.96,1800,0
SUN,5,20210308,142000,2,2.04,2,2.04,500,0
SUN,5,20210308,152000,2,2,2,2,408,0
SUN,5,20210308,154000,1.94,1.94,1.94,1.94,1196,0
SUN,5,20210308,160000,2,2,2,2,30,0
SUN,5,20210308,162000,1.92,1.92,1.9,1.9,1774,0
SUN,5,20210308,164000,1.9,2,1.9,2,908,0
SUN,5,20210308,164500,2,2,2,2,555,0
SUN,5,20210309,090000,1.99,1.99,1.99,1.99,1000,0
SUN,5,20210309,092500,1.99,1.99,1.99,1.99,10,0
SUN,5,20210309,113500,1.92,1.92,1.92,1.92,1000,0
SUN,5,20210309,115500,1.92,1.92,1.92,1.92,2500,0
SUN,5,20210309,130500,1.91,1.91,1.91,1.91,420,0
SUN,5,20210309,131500,1.91,1.93,1.9,1.93,1257,0
SUN,5,20210309,145500,1.94,1.94,1.91,1.91,1351,0
SUN,5,20210309,150000,1.94,1.94,1.94,1.94,676,0
SUN,5,20210309,151000,1.94,1.94,1.94,1.94,802,0
SUN,5,20210309,160500,1.97,1.97,1.97,1.97,291,0
SUN,5,20210310,092500,1.92,1.92,1.9,1.9,2423,0
SUN,5,20210310,093500,1.96,1.96,1.96,1.96,63,0
SUN,5,20210310,095000,1.96,1.99,1.96,1.99,15000,0
SUN,5,20210310,095500,1.92,1.92,1.92,1.92,3500,0
SUN,5,20210310,100000,1.99,1.99,1.99,1.99,1511,0
SUN,5,20210310,101500,2,2,2,2,773,0
SUN,5,20210310,102000,2,2.04,2,2.04,327,0
SUN,5,20210310,102500,2.04,2.04,2.04,2.04,300,0
SUN,5,20210310,110500,2.02,2.02,2.02,2.02,121,0
SUN,5,20210310,113500,1.98,1.98,1.98,1.98,1052,0
SUN,5,20210310,123000,1.99,1.99,1.98,1.98,842,0
SUN,5,20210310,124000,1.98,1.98,1.98,1.98,150,0
SUN,5,20210310,124500,1.98,1.98,1.98,1.98,640,0
SUN,5,20210310,125000,1.95,1.95,1.95,1.95,1000,0
SUN,5,20210310,131000,1.92,1.92,1.92,1.92,11000,0
SUN,5,20210310,132000,1.96,1.96,1.96,1.96,546,0
SUN,5,20210310,140500,1.95,1.96,1.95,1.96,1771,0
SUN,5,20210310,141000,1.96,1.96,1.96,1.96,40,0
SUN,5,20210310,141500,1.95,1.96,1.92,1.96,6400,0
SUN,5,20210310,162500,1.92,1.92,1.91,1.91,250,0
SUN,5,20210310,164500,1.96,1.96,1.96,1.96,10,0
SUN,5,20210311,090000,1.95,1.95,1.95,1.95,7000,0
SUN,5,20210311,094000,1.9,1.9,1.89,1.89,1000,0
SUN,5,20210311,100500,1.9,1.9,1.9,1.9,1773,0
SUN,5,20210311,101000,1.9,1.9,1.9,1.9,1060,0
SUN,5,20210311,101500,1.96,1.96,1.96,1.96,200,0
SUN,5,20210311,111000,1.96,1.96,1.96,1.96,330,0
SUN,5,20210311,114500,1.92,1.92,1.87,1.87,5500,0
SUN,5,20210311,122000,1.95,1.95,1.95,1.95,1190,0
SUN,5,20210311,141000,1.91,1.91,1.9,1.9,1735,0
SUN,5,20210311,141500,1.9,1.9,1.89,1.89,3765,0
SUN,5,20210311,143500,1.94,2,1.94,2,8500,0
SUN,5,20210311,145000,1.98,2,1.98,2,900,0
SUN,5,20210311,145500,2,2,2,2,100,0
SUN,5,20210311,154500,1.98,1.98,1.93,1.93,850,0
SUN,5,20210311,155000,1.98,2,1.98,2,3600,0
SUN,5,20210311,163000,1.93,1.98,1.93,1.98,2974,0
SUN,5,20210311,164500,1.98,2,1.98,2,900,0
SUN,5,20210312,090000,1.98,1.98,1.97,1.97,1770,0
SUN,5,20210312,090500,1.97,1.97,1.97,1.97,180,0
SUN,5,20210312,091000,1.9,1.92,1.9,1.92,440,0
SUN,5,20210312,091500,1.92,1.92,1.92,1.92,1000,0
SUN,5,20210312,100000,1.92,1.92,1.9,1.9,300,0
SUN,5,20210312,104000,1.95,1.98,1.95,1.98,100,0
SUN,5,20210312,104500,1.98,1.98,1.98,1.98,242,0
SUN,5,20210312,115000,1.98,2.02,1.98,2.02,100,0
SUN,5,20210312,121500,2.02,2.04,2.02,2.04,8590,0
SUN,5,20210312,122000,2.04,2.08,2.04,2.08,18500,0
SUN,5,20210312,122500,2.08,2.08,2.08,2.08,15487,0
SUN,5,20210312,123000,2,2.08,2,2,6091,0
SUN,5,20210312,124000,2,2,2,2,299,0
SUN,5,20210312,125500,2.08,2.08,2.08,2.08,100,0
SUN,5,20210312,133000,2.02,2.02,2,2,8600,0
SUN,5,20210312,133500,2.08,2.08,2.08,2.08,500,0
SUN,5,20210312,140000,1.98,2.08,1.98,2.08,287,0
SUN,5,20210312,140500,2.08,2.1,2.08,2.1,22000,0
SUN,5,20210312,141500,2,2,2,2,5000,0
SUN,5,20210312,142000,2.1,2.1,2.1,2.1,100,0
SUN,5,20210312,143000,2.08,2.08,2.08,2.08,2495,0
SUN,5,20210312,144000,2.08,2.08,2.08,2.08,100,0
SUN,5,20210312,145500,2.08,2.08,2.08,2.08,2682,0
SUN,5,20210312,151000,2,2.08,2,2.08,10000,0
SUN,5,20210312,151500,2,2,2,2,1000,0
SUN,5,20210312,152500,2,2.06,2,2.06,350,0
SUN,5,20210312,155500,2.04,2.04,2,2,1047,0
SUN,5,20210312,160500,2,2,2,2,1500,0
SUN,5,20210312,162000,2,2.02,2,2.02,1344,0
SUN,5,20210312,164500,2.02,2.04,2.02,2.04,1910,0
SUN,5,20210315,091000,2,2,2,2,400,0
SUN,5,20210315,094000,2,2.06,2,2.06,6690,0
SUN,5,20210315,094500,2.1,2.1,2.06,2.06,3340,0
SUN,5,20210315,100000,2,2,2,2,517,0
SUN,5,20210315,103500,2.02,2.02,2,2,6083,0
SUN,5,20210315,104000,1.99,1.99,1.99,1.99,2500,0
SUN,5,20210315,104500,2.08,2.08,2.08,2.08,500,0
SUN,5,20210315,111500,2.04,2.04,2.04,2.04,1000,0
SUN,5,20210315,112000,2.04,2.04,2,2,1000,0
SUN,5,20210315,115000,2.02,2.02,2.02,2.02,700,0
SUN,5,20210315,131000,2.02,2.02,2,2,2000,0
SUN,5,20210315,131500,2,2,2,2,241,0
SUN,5,20210315,134500,1.97,1.97,1.86,1.89,11836,0
SUN,5,20210315,140000,1.9,1.98,1.9,1.98,4140,0
SUN,5,20210315,145000,1.93,1.93,1.93,1.93,110,0
SUN,5,20210315,145500,1.93,1.93,1.93,1.93,3000,0
SUN,5,20210315,151500,1.93,1.93,1.93,1.93,12,0
SUN,5,20210315,153500,1.96,1.96,1.96,1.96,30,0
SUN,5,20210315,154500,1.98,2,1.98,2,989,0
SUN,5,20210315,162000,2,2,2,2,3095,0
SUN,5,20210315,162500,2,2,2,2,2875,0
SUN,5,20210315,163000,2,2,2,2,909,0
SUN,5,20210315,163500,2,2,2,2,258,0
SUN,5,20210315,164000,2,2,2,2,1333,0
SUN,5,20210315,164500,2.04,2.04,2.04,2.04,100,0
SUN,5,20210316,090500,1.95,1.95,1.95,1.95,3802,0
SUN,5,20210316,092000,2.02,2.02,2.02,2.02,10,0
SUN,5,20210316,100500,2,2,2,2,100,0
SUN,5,20210316,101500,2,2,2,2,400,0
SUN,5,20210316,102000,1.95,1.95,1.9,1.9,14500,0
SUN,5,20210316,104500,1.98,1.98,1.98,1.98,10,0
SUN,5,20210316,105000,1.91,1.91,1.9,1.9,1225,0
SUN,5,20210316,111500,1.98,1.98,1.98,1.98,200,0
SUN,5,20210316,130500,1.95,1.95,1.95,1.95,149,0
SUN,5,20210316,134500,1.95,1.95,1.95,1.95,451,0
SUN,5,20210316,135000,1.9,1.9,1.9,1.9,1727,0
SUN,5,20210316,135500,1.89,1.89,1.89,1.89,83,0
SUN,5,20210316,140500,1.97,1.97,1.97,1.97,500,0
SUN,5,20210316,141500,1.97,1.97,1.97,1.97,500,0
SUN,5,20210316,144500,1.9,1.9,1.9,1.9,1810,0
SUN,5,20210316,155500,1.9,1.9,1.9,1.9,3900,0
SUN,5,20210316,162500,1.9,1.9,1.9,1.9,57,0
SUN,5,20210316,163500,1.97,1.97,1.97,1.97,980,0
SUN,5,20210317,092000,1.94,1.95,1.94,1.95,500,0
SUN,5,20210317,092500,1.93,1.93,1.93,1.93,125,0
SUN,5,20210317,095500,1.95,1.95,1.95,1.95,700,0
SUN,5,20210317,101500,1.95,1.95,1.95,1.95,11,0
SUN,5,20210317,102000,1.95,1.95,1.95,1.95,89,0
SUN,5,20210317,102500,1.93,1.93,1.93,1.93,600,0
SUN,5,20210317,103000,1.93,1.93,1.89,1.89,8500,0
SUN,5,20210317,111500,1.94,1.94,1.94,1.94,300,0
SUN,5,20210317,112500,1.94,1.94,1.94,1.94,525,0
SUN,5,20210317,130000,1.91,1.91,1.9,1.9,2359,0
SUN,5,20210317,133500,1.9,1.9,1.89,1.89,5000,0
SUN,5,20210317,134000,1.88,1.88,1.87,1.87,3000,0
SUN,5,20210317,145000,1.87,1.87,1.87,1.87,991,0
SUN,5,20210317,151500,1.95,1.95,1.95,1.95,300,0
SUN,5,20210317,165500,1.95,1.95,1.95,1.95,854,0
SUN,5,20210318,090000,1.97,1.97,1.97,1.97,41,0
SUN,5,20210318,090500,1.96,1.96,1.96,1.96,537,0
SUN,5,20210318,101000,1.92,1.93,1.92,1.93,20,0
SUN,5,20210318,103500,1.94,1.95,1.94,1.95,195,0
SUN,5,20210318,113000,1.95,1.95,1.95,1.95,657,0
SUN,5,20210318,150500,1.95,1.95,1.95,1.95,300,0
SUN,5,20210318,153500,1.9,1.9,1.9,1.9,300,0
SUN,5,20210318,154000,1.95,1.95,1.95,1.95,900,0
SUN,5,20210318,154500,1.9,1.9,1.9,1.9,200,0
SUN,5,20210318,161000,1.95,1.95,1.95,1.95,140,0
SUN,5,20210318,162000,1.91,1.91,1.91,1.91,4000,0
SUN,5,20210318,162500,1.95,1.95,1.95,1.95,110,0
SUN,5,20210319,103000,1.95,1.95,1.95,1.95,45,0
SUN,5,20210319,111500,1.95,1.95,1.95,1.95,549,0
SUN,5,20210319,112000,1.95,1.95,1.95,1.95,651,0
SUN,5,20210319,121000,1.87,1.87,1.87,1.87,562,0
SUN,5,20210319,121500,1.86,1.86,1.86,1.86,1038,0
SUN,5,20210319,122000,1.86,1.86,1.86,1.86,63,0
SUN,5,20210319,122500,1.85,1.85,1.85,1.85,200,0
SUN,5,20210319,132500,1.92,1.92,1.83,1.83,1755,0
SUN,5,20210319,133000,1.92,1.93,1.92,1.93,800,0
SUN,5,20210319,151500,1.9,1.91,1.9,1.91,1310,0
SUN,5,20210319,152000,1.9,1.92,1.9,1.92,878,0
SUN,5,20210319,163000,1.86,1.86,1.84,1.84,500,0
SUN,5,20210319,164000,1.92,1.92,1.92,1.92,100,0
SUN,5,20210322,092500,1.93,1.93,1.93,1.93,200,0
SUN,5,20210322,093000,1.93,1.98,1.93,1.98,590,0
SUN,5,20210322,103000,1.88,1.9,1.88,1.9,1000,0
SUN,5,20210322,142500,1.92,1.92,1.92,1.92,100,0
SUN,5,20210322,143500,1.97,1.97,1.97,1.97,889,0
SUN,5,20210322,155000,1.97,1.97,1.97,1.97,1278,0
SUN,5,20210322,163000,1.97,1.97,1.97,1.97,600,0
SUN,5,20210322,164000,1.99,1.99,1.99,1.99,10,0
SUN,5,20210322,164500,1.99,1.99,1.99,1.99,1000,0
SUN,5,20210323,090000,2,2,2,2,2392,0
SUN,5,20210323,093000,2,2.02,2,2.02,640,0
SUN,5,20210323,102000,2,2,1.92,2,2760,0
SUN,5,20210323,111000,1.92,2,1.92,2,4010,0
SUN,5,20210323,114000,1.92,1.92,1.85,1.85,6000,0
SUN,5,20210323,114500,1.85,1.85,1.84,1.84,250,0
SUN,5,20210323,115000,1.86,1.98,1.86,1.98,1010,0
SUN,5,20210324,090000,1.85,1.97,1.85,1.97,2574,0
SUN,5,20210324,133500,1.88,1.88,1.88,1.88,271,0
SUN,5,20210324,134500,1.97,1.97,1.97,1.97,500,0
SUN,5,20210324,141000,1.97,1.98,1.97,1.98,10000,0
SUN,5,20210325,091500,1.97,1.97,1.97,1.97,600,0
SUN,5,20210326,090000,1.86,1.86,1.86,1.86,500,0
SUN,5,20210326,103500,1.87,1.87,1.87,1.87,250,0
SUN,5,20210326,114000,1.96,1.96,1.96,1.96,10,0
SUN,5,20210326,140000,1.95,1.95,1.95,1.95,240,0
SUN,5,20210326,150500,1.95,1.95,1.95,1.95,10,0
