<TICKER>,<PER>,<DATE>,<TIME>,<OPEN>,<HIGH>,<LOW>,<CLOSE>,<VOL>,<OPENINT>
SWK,5,20210204,121500,3.24,3.24,3.24,3.24,100,0
SWK,5,20210204,125000,3.26,3.26,3.26,3.26,100,0
SWK,5,20210204,135500,3.26,3.26,3.26,3.26,4,0
SWK,5,20210204,154500,3.1,3.1,3.1,3.1,2,0
SWK,5,20210204,164500,3.24,3.24,3.24,3.24,1,0
SWK,5,20210205,092500,3.12,3.12,3.12,3.12,430,0
SWK,5,20210205,120500,3.12,3.12,3.12,3.12,128,0
SWK,5,20210205,124000,3.1,3.1,3.1,3.1,78,0
SWK,5,20210205,124500,3.08,3.1,3.08,3.1,1094,0
SWK,5,20210208,160000,3.1,3.1,3.1,3.1,1400,0
SWK,5,20210209,090000,3.08,3.08,3.08,3.08,300,0
SWK,5,20210209,110500,3.12,3.12,3.12,3.12,49,0
SWK,5,20210209,141000,3.14,3.14,3.14,3.14,40,0
SWK,5,20210209,143500,3.14,3.14,3.14,3.14,460,0
SWK,5,20210209,145000,3.12,3.12,3.1,3.1,300,0
SWK,5,20210210,090000,3.1,3.1,3.1,3.1,160,0
SWK,5,20210210,102500,3.1,3.1,3.08,3.08,260,0
SWK,5,20210211,091500,3.2,3.2,3.2,3.2,100,0
SWK,5,20210211,143000,3.1,3.1,3.1,3.1,1100,0
SWK,5,20210212,102000,3.1,3.1,3.1,3.1,35,0
SWK,5,20210212,132500,3.12,3.12,3.12,3.12,200,0
SWK,5,20210212,163500,3.28,3.32,3.28,3.32,200,0
SWK,5,20210215,090000,3.3,3.3,3.3,3.3,500,0
SWK,5,20210215,090500,3.12,3.12,3.12,3.12,200,0
SWK,5,20210215,091000,3.12,3.12,3.12,3.12,212,0
SWK,5,20210215,093000,3.3,3.32,3.3,3.3,750,0
SWK,5,20210215,095500,3.22,3.22,3.22,3.22,150,0
SWK,5,20210215,112500,3.2,3.2,3.2,3.2,165,0
SWK,5,20210215,142000,3.12,3.12,3.06,3.06,500,0
SWK,5,20210215,145500,3.08,3.08,3.08,3.08,358,0
SWK,5,20210215,151500,3.08,3.08,3.08,3.08,1000,0
SWK,5,20210215,152500,3.08,3.08,3.08,3.08,1000,0
SWK,5,20210215,161500,3.08,3.08,3.08,3.08,1000,0
SWK,5,20210215,162000,3.06,3.06,3.06,3.06,1000,0
SWK,5,20210215,164000,3.08,3.08,3.08,3.08,55725,0
SWK,5,20210215,164500,3.06,3.18,3.06,3.18,1953,0
SWK,5,20210216,094000,3.06,3.06,3.06,3.06,2,0
SWK,5,20210216,094500,3.2,3.2,3.2,3.2,10,0
SWK,5,20210216,101500,3.14,3.14,3.14,3.14,250,0
SWK,5,20210216,103000,3.14,3.14,3.14,3.14,150,0
SWK,5,20210216,104000,3.1,3.1,3.1,3.1,200,0
SWK,5,20210216,122000,3.2,3.2,3.2,3.2,50,0
SWK,5,20210216,150500,3.12,3.12,3.12,3.12,328,0
SWK,5,20210216,155500,3.1,3.1,3.1,3.1,450,0
SWK,5,20210216,162000,3.12,3.12,3.12,3.12,350,0
SWK,5,20210216,164500,3.1,3.1,3.1,3.1,487,0
SWK,5,20210217,090000,3.1,3.1,3.1,3.1,28,0
SWK,5,20210217,092000,3.04,3.04,3,3,6000,0
SWK,5,20210217,093000,3.1,3.16,3.1,3.16,100,0
SWK,5,20210217,112500,3,3,3,3,70,0
SWK,5,20210217,124000,2.9,2.9,2.84,2.9,3106,0
SWK,5,20210217,134000,2.9,2.9,2.86,2.86,2000,0
SWK,5,20210217,143000,2.88,2.88,2.88,2.88,2000,0
SWK,5,20210217,144000,2.86,2.86,2.86,2.86,100,0
SWK,5,20210217,163500,3,3,3,3,10,0
SWK,5,20210218,093000,3,3,2.96,2.96,375,0
SWK,5,20210218,095500,3.06,3.06,3.06,3.06,10,0
SWK,5,20210218,103500,2.86,2.86,2.82,2.82,1360,0
SWK,5,20210218,104000,2.8,2.8,2.8,2.8,600,0
SWK,5,20210218,124000,3,3,3,3,10,0
SWK,5,20210218,132500,2.84,2.84,2.8,2.8,1900,0
SWK,5,20210218,141500,2.88,2.88,2.88,2.88,500,0
SWK,5,20210218,150000,2.9,2.9,2.88,2.88,900,0
SWK,5,20210218,162000,3,3,3,3,10,0
SWK,5,20210219,102000,3,3,3,3,600,0
SWK,5,20210219,164500,2.82,2.82,2.82,2.82,87,0
SWK,5,20210222,092000,2.96,2.96,2.96,2.96,345,0
SWK,5,20210223,115000,3.08,3.08,3.08,3.08,20,0
SWK,5,20210225,132000,3.02,3.02,3.02,3.02,80,0
SWK,5,20210226,090000,2.82,2.82,2.8,2.8,2360,0
SWK,5,20210226,090500,2.8,2.8,2.8,2.8,140,0
SWK,5,20210226,092500,2.86,2.86,2.86,2.86,500,0
SWK,5,20210226,093000,3.02,3.04,3.02,3.04,100,0
SWK,5,20210301,142000,2.98,2.98,2.98,2.98,50,0
SWK,5,20210302,112000,2.8,2.8,2.78,2.78,2065,0
SWK,5,20210302,115500,2.8,2.96,2.8,2.96,2100,0
SWK,5,20210303,145000,2.78,2.78,2.74,2.74,2500,0
SWK,5,20210303,145500,2.74,2.76,2.74,2.76,770,0
SWK,5,20210303,150500,2.76,2.76,2.76,2.76,264,0
SWK,5,20210303,151000,2.76,2.76,2.72,2.72,866,0
SWK,5,20210303,152000,2.74,2.74,2.74,2.74,109,0
SWK,5,20210303,164000,2.9,2.9,2.9,2.9,10,0
SWK,5,20210305,133000,2.9,2.9,2.9,2.9,30,0
SWK,5,20210308,090500,2.8,2.84,2.8,2.84,350,0
SWK,5,20210308,091000,2.9,3.06,2.9,3.06,765,0
SWK,5,20210308,092000,3.06,3.06,3.06,3.06,35,0
SWK,5,20210309,113500,3.02,3.02,3.02,3.02,200,0
SWK,5,20210310,092500,2.8,2.98,2.8,2.98,465,0
SWK,5,20210310,093000,2.98,2.98,2.98,2.98,100,0
SWK,5,20210311,123500,2.94,2.94,2.94,2.94,170,0
SWK,5,20210311,132000,2.78,2.78,2.78,2.78,1,0
SWK,5,20210311,132500,2.94,2.94,2.94,2.94,40,0
SWK,5,20210311,155000,2.94,2.98,2.94,2.98,3000,0
SWK,5,20210312,164500,3,3,3,3,1,0
SWK,5,20210315,090000,2.8,2.92,2.72,2.92,1512,0
SWK,5,20210315,092000,2.72,2.92,2.72,2.92,21,0
SWK,5,20210315,092500,2.72,2.92,2.72,2.92,31,0
SWK,5,20210315,094000,2.72,2.72,2.72,2.72,1,0
SWK,5,20210315,101000,2.72,2.72,2.72,2.72,121,0
SWK,5,20210315,101500,2.66,2.66,2.66,2.66,49,0
SWK,5,20210315,103000,2.68,2.68,2.68,2.68,500,0
SWK,5,20210315,110000,2.7,2.7,2.7,2.7,1000,0
SWK,5,20210315,110500,2.68,2.96,2.68,2.74,1470,0
SWK,5,20210315,123500,2.94,2.94,2.94,2.94,2,0
SWK,5,20210315,130000,2.72,2.72,2.68,2.68,1000,0
SWK,5,20210315,134500,2.84,2.84,2.84,2.84,78,0
SWK,5,20210315,163000,2.68,2.68,2.68,2.68,1,0
SWK,5,20210315,164500,2.84,2.84,2.84,2.84,10,0
SWK,5,20210316,090000,2.7,2.7,2.7,2.7,1000,0
SWK,5,20210316,091000,2.68,2.68,2.52,2.52,6104,0
SWK,5,20210316,091500,2.3,2.34,2.16,2.34,1353,0
SWK,5,20210316,093000,2.52,2.52,2.52,2.52,200,0
SWK,5,20210316,095500,2.4,2.4,2.38,2.38,2353,0
SWK,5,20210316,113500,2.42,2.58,2.4,2.58,819,0
SWK,5,20210316,120000,2.4,2.4,2.4,2.4,1400,0
SWK,5,20210316,130000,2.5,2.5,2.5,2.5,2,0
SWK,5,20210316,131000,2.4,2.4,2.38,2.38,600,0
SWK,5,20210316,131500,2.5,2.5,2.5,2.5,400,0
SWK,5,20210316,132500,2.38,2.38,2.38,2.38,2000,0
SWK,5,20210316,134500,2.38,2.38,2.38,2.38,99,0
SWK,5,20210316,142500,2.64,2.64,2.64,2.64,10,0
SWK,5,20210316,144000,2.64,2.64,2.64,2.64,200,0
SWK,5,20210316,151000,2.5,2.5,2.38,2.38,800,0
SWK,5,20210316,151500,2.42,2.42,2.36,2.36,400,0
SWK,5,20210316,152500,2.52,2.52,2.52,2.52,626,0
SWK,5,20210316,154000,2.38,2.38,2.16,2.16,16473,0
SWK,5,20210316,155000,2.26,2.26,2.26,2.26,100,0
SWK,5,20210316,155500,2.26,2.26,2.26,2.26,900,0
SWK,5,20210316,160000,2.24,2.24,2.24,2.24,620,0
SWK,5,20210316,161500,2.2,2.24,2.16,2.24,3500,0
SWK,5,20210316,162000,2.26,2.3,2.2,2.2,1970,0
SWK,5,20210316,162500,2.3,2.3,2.3,2.3,60,0
SWK,5,20210316,163000,2.3,2.3,2.3,2.3,250,0
SWK,5,20210316,164500,2.24,2.24,2.2,2.2,4266,0
SWK,5,20210317,090000,2.2,2.2,2.2,2.2,1073,0
SWK,5,20210317,092000,2.22,2.34,2.22,2.34,26,0
SWK,5,20210317,100000,2.32,2.34,2.32,2.34,2000,0
SWK,5,20210317,102000,2.26,2.26,2.26,2.26,250,0
SWK,5,20210317,105000,2.28,2.28,2.28,2.28,935,0
SWK,5,20210317,130000,2.3,2.3,2.3,2.3,99,0
SWK,5,20210317,131500,2.3,2.32,2.3,2.32,897,0
SWK,5,20210317,132500,2.36,2.36,2.36,2.36,1000,0
SWK,5,20210317,133000,2.32,2.32,2.32,2.32,49,0
SWK,5,20210317,163000,2.34,2.34,2.34,2.34,700,0
SWK,5,20210318,092500,2.4,2.4,2.4,2.4,10,0
SWK,5,20210318,093500,2.4,2.4,2.4,2.4,98,0
SWK,5,20210318,094500,2.34,2.34,2.34,2.34,500,0
SWK,5,20210319,091000,2.34,2.34,2.34,2.34,700,0
SWK,5,20210319,095500,2.4,2.5,2.4,2.5,1200,0
SWK,5,20210319,105000,2.48,2.48,2.48,2.48,250,0
SWK,5,20210319,114500,2.48,2.48,2.48,2.48,150,0
SWK,5,20210319,144500,2.48,2.48,2.48,2.48,2000,0
SWK,5,20210319,161000,2.5,2.5,2.5,2.5,10,0
SWK,5,20210319,163500,2.5,2.5,2.5,2.5,360,0
SWK,5,20210322,090000,2.5,2.5,2.5,2.5,200,0
SWK,5,20210322,092000,2.42,2.42,2.42,2.42,680,0
SWK,5,20210322,095500,2.5,2.5,2.5,2.5,10,0
SWK,5,20210322,111500,2.34,2.34,2.34,2.34,1194,0
SWK,5,20210322,120000,2.34,2.34,2.34,2.34,1000,0
SWK,5,20210322,134000,2.3,2.3,2.3,2.3,1000,0
SWK,5,20210322,135000,2.3,2.44,2.28,2.44,1540,0
SWK,5,20210322,140500,2.28,2.28,2.28,2.28,671,0
SWK,5,20210322,143500,2.38,2.38,2.38,2.38,10,0
SWK,5,20210322,144000,2.3,2.3,2.3,2.3,329,0
SWK,5,20210322,153000,2.32,2.32,2.32,2.32,980,0
SWK,5,20210323,093500,2.38,2.44,2.38,2.44,1000,0
SWK,5,20210323,160000,2.44,2.44,2.44,2.44,250,0
SWK,5,20210324,092500,2.24,2.24,2.24,2.24,1200,0
SWK,5,20210324,104500,2.22,2.34,2.22,2.34,1769,0
SWK,5,20210324,145500,2.3,2.3,2.3,2.3,150,0
SWK,5,20210325,141000,2.4,2.4,2.4,2.4,50,0
SWK,5,20210326,131500,2.24,2.24,2.24,2.24,9305,0
SWK,5,20210326,132000,2.24,2.4,2.24,2.4,15895,0
SWK,5,20210326,132500,2.42,2.6,2.42,2.6,2301,0
SWK,5,20210326,133000,2.62,2.62,2.62,2.62,99,0
SWK,5,20210326,141000,2.52,2.68,2.52,2.68,3055,0
SWK,5,20210326,141500,2.68,2.68,2.68,2.68,1350,0
SWK,5,20210326,142500,2.68,2.68,2.68,2.68,1900,0
SWK,5,20210326,144500,2.76,2.76,2.76,2.76,400,0
SWK,5,20210326,145000,2.6,2.6,2.6,2.6,800,0
SWK,5,20210326,150000,2.62,2.62,2.6,2.6,1685,0
SWK,5,20210326,151000,2.6,2.6,2.6,2.6,16,0
