<TICKER>,<PER>,<DATE>,<TIME>,<OPEN>,<HIGH>,<LOW>,<CLOSE>,<VOL>,<OPENINT>
SWT,5,20210204,090000,53.98,53.98,53.98,53.98,9,0
SWT,5,20210204,100500,53.98,53.98,53.98,53.98,8,0
SWT,5,20210204,102500,52.37,52.37,52.37,52.37,10,0
SWT,5,20210204,105000,53.98,53.98,53.98,53.98,10,0
SWT,5,20210204,115500,53.8,53.98,53.8,53.98,10,0
SWT,5,20210204,120000,53.98,53.99,53.98,53.99,12,0
SWT,5,20210204,121000,53.98,53.98,53.98,53.98,23,0
SWT,5,20210204,123500,53.99,53.99,53.99,53.99,20,0
SWT,5,20210204,150500,53.99,53.99,53.99,53.99,10,0
SWT,5,20210204,162000,53,53,53,53,4,0
SWT,5,20210204,164500,53.99,53.99,53.99,53.99,3,0
SWT,5,20210205,094000,54,54,54,54,2,0
SWT,5,20210205,103000,53.98,54,53.98,54,11,0
SWT,5,20210205,111000,54,54.5,54,54.5,168,0
SWT,5,20210205,113500,54,54,54,54,5,0
SWT,5,20210205,114500,54.5,54.5,54.5,54.5,1,0
SWT,5,20210205,120500,55,55,55,55,24,0
SWT,5,20210205,122500,53.02,53.02,53.02,53.02,10,0
SWT,5,20210205,124500,54.97,54.97,54.97,54.97,20,0
SWT,5,20210205,162500,54.22,54.22,54.2,54.2,50,0
SWT,5,20210205,163000,54.94,54.94,54.94,54.94,5,0
SWT,5,20210205,164500,54.94,54.94,54.94,54.94,50,0
SWT,5,20210208,092500,54.93,54.93,54,54,11,0
SWT,5,20210208,094000,54.91,54.92,54.91,54.92,100,0
SWT,5,20210208,095000,54.92,54.94,54.92,54.94,241,0
SWT,5,20210208,095500,54.94,54.94,54.94,54.94,41,0
SWT,5,20210208,100000,54.94,54.94,54.94,54.94,41,0
SWT,5,20210208,103000,54.94,54.94,54.94,54.94,41,0
SWT,5,20210208,130500,54.02,54.93,54,54.93,36,0
SWT,5,20210208,144000,53.26,53.26,53.24,53.24,151,0
SWT,5,20210208,145500,53.24,53.24,53.24,53.24,100,0
SWT,5,20210208,160000,54.91,54.91,54.91,54.91,1,0
SWT,5,20210208,164000,53.24,53.24,53.2,53.2,27,0
SWT,5,20210209,091500,53.2,53.2,53.2,53.2,20,0
SWT,5,20210209,092500,53.2,53.2,53.2,53.2,20,0
SWT,5,20210209,104000,53.2,53.2,53.2,53.2,30,0
SWT,5,20210209,122000,54.5,54.88,54.5,54.88,6,0
SWT,5,20210209,164000,53.98,54,53.98,54,19,0
SWT,5,20210210,090500,53.98,54.87,53.98,54.87,16,0
SWT,5,20210210,100000,54.77,54.8,54.77,54.8,41,0
SWT,5,20210210,112500,54.8,54.8,54.8,54.8,4,0
SWT,5,20210210,131000,54.79,54.8,54.79,54.8,50,0
SWT,5,20210210,140500,54.78,54.78,54.78,54.78,14,0
SWT,5,20210210,150500,54.78,54.79,54.78,54.79,80,0
SWT,5,20210210,152000,54.79,54.79,54.79,54.79,10,0
SWT,5,20210210,160500,54.79,54.79,54.79,54.79,90,0
SWT,5,20210210,163000,54.79,54.79,54.79,54.79,18,0
SWT,5,20210211,090500,54.79,54.79,54.79,54.79,3,0
SWT,5,20210211,093500,54.4,54.4,53.51,53.51,98,0
SWT,5,20210211,094000,53.5,53.51,53.3,53.51,74,0
SWT,5,20210211,101500,53.35,53.35,52.53,52.53,90,0
SWT,5,20210211,103000,52.53,52.53,52.53,52.53,14,0
SWT,5,20210211,103500,52.53,52.53,52.53,52.53,86,0
SWT,5,20210211,104000,54.5,54.5,54.5,54.5,10,0
SWT,5,20210211,111500,54.45,54.45,54.45,54.45,12,0
SWT,5,20210211,122500,54.46,54.46,54.46,54.46,25,0
SWT,5,20210211,123500,54.47,54.47,54.47,54.47,13,0
SWT,5,20210211,124500,54.59,54.59,54.59,54.59,2,0
SWT,5,20210211,125000,54.5,54.5,54.5,54.5,37,0
SWT,5,20210211,125500,54.5,54.59,54.5,54.59,26,0
SWT,5,20210211,130000,54.69,54.69,54.69,54.69,24,0
SWT,5,20210211,132500,54.69,54.73,54.69,54.73,65,0
SWT,5,20210211,135000,54.73,54.75,54.73,54.75,32,0
SWT,5,20210211,153500,54.7,54.75,54.7,54.75,90,0
SWT,5,20210211,154000,54.75,54.75,54.75,54.75,25,0
SWT,5,20210211,154500,54.61,54.61,54.61,54.61,5,0
SWT,5,20210211,155500,53.02,53.02,52.92,52.92,80,0
SWT,5,20210211,160000,52.81,52.81,52.81,52.81,43,0
SWT,5,20210211,161500,52.81,52.81,52.81,52.81,30,0
SWT,5,20210211,163500,54.61,54.62,54.61,54.62,15,0
SWT,5,20210212,090000,54.5,54.55,54.5,54.55,61,0
SWT,5,20210212,091500,54.5,54.5,54.5,54.5,25,0
SWT,5,20210212,092500,54.5,54.5,53.03,53.03,160,0
SWT,5,20210212,093000,54.6,54.6,54.6,54.6,20,0
SWT,5,20210212,093500,54.6,54.6,53.03,53.03,140,0
SWT,5,20210212,095500,54.62,54.65,54.62,54.65,54,0
SWT,5,20210212,102000,54.65,54.65,54.65,54.65,60,0
SWT,5,20210212,103000,54.65,54.65,54.65,54.65,26,0
SWT,5,20210212,110500,54.63,54.63,54.63,54.63,30,0
SWT,5,20210212,112000,54.65,54.65,54.65,54.65,200,0
SWT,5,20210212,112500,54.65,55.5,54.65,55.5,85,0
SWT,5,20210212,113500,53.26,53.3,53.26,53.26,30,0
SWT,5,20210212,115000,55,55.39,55,55.39,6,0
SWT,5,20210212,121500,55.35,55.35,55.35,55.35,60,0
SWT,5,20210212,131500,55,55,55,55,20,0
SWT,5,20210212,142500,54,55,54,55,63,0
SWT,5,20210212,143000,55,55,55,55,15,0
SWT,5,20210212,144000,55.25,55.25,55.25,55.25,37,0
SWT,5,20210212,144500,55.25,55.25,55.25,55.25,25,0
SWT,5,20210212,150500,54.01,54.01,54.01,54.01,40,0
SWT,5,20210212,160500,55.24,55.24,55.24,55.24,3,0
SWT,5,20210212,162500,55.24,55.25,55.24,55.25,214,0
SWT,5,20210215,090000,55.14,55.14,51.55,54.5,317,0
SWT,5,20210215,090500,51.6,51.6,51.55,51.55,80,0
SWT,5,20210215,091000,51.55,52,51.55,52,35,0
SWT,5,20210215,091500,52,52.99,52,52.99,35,0
SWT,5,20210215,092000,52,52,52,52,3,0
SWT,5,20210215,092500,52.01,52.01,52.01,52.01,3,0
SWT,5,20210215,094500,52.98,52.98,52.01,52.01,36,0
SWT,5,20210215,095000,52.01,52.98,52,52.98,88,0
SWT,5,20210215,095500,52,52,52,52,228,0
SWT,5,20210215,102000,51.98,51.98,51.98,51.98,15,0
SWT,5,20210215,105000,51.99,51.99,51.99,51.99,5,0
SWT,5,20210215,105500,51.99,52,51.99,52,50,0
SWT,5,20210215,110500,52,52.78,52,52.78,37,0
SWT,5,20210215,111000,52.6,52.6,52.6,52.6,9,0
SWT,5,20210215,112500,52,52,51.99,51.99,20,0
SWT,5,20210215,121000,52.6,52.6,52.6,52.6,8,0
SWT,5,20210215,121500,52.6,52.6,52.6,52.6,7,0
SWT,5,20210215,124500,52.6,52.6,52,52,19,0
SWT,5,20210215,131000,52.78,52.78,52.78,52.78,25,0
SWT,5,20210215,131500,52.78,52.78,52.78,52.78,7,0
SWT,5,20210215,132500,52.13,53,52.13,53,50,0
SWT,5,20210215,133500,53.97,54.5,52.14,52.41,804,0
SWT,5,20210215,140500,54.4,54.5,54.4,54.5,37,0
SWT,5,20210215,141000,53.99,53.99,53.99,53.99,3,0
SWT,5,20210215,141500,54,54,54,54,12,0
SWT,5,20210215,142000,53,53,52.7,52.7,12,0
SWT,5,20210215,154000,52.7,53.8,52.7,53.8,14,0
SWT,5,20210215,161500,52.71,52.71,52.12,52.12,138,0
SWT,5,20210215,164500,53.77,53.77,52.15,52.15,12,0
SWT,5,20210216,090000,49.99,50,49,50,1002,0
SWT,5,20210216,090500,49,49,46.01,46.01,80,0
SWT,5,20210216,091000,49.59,49.59,46,48,1343,0
SWT,5,20210216,092000,48.97,49.42,48.97,49.42,200,0
SWT,5,20210216,093000,49.5,49.5,49.5,49.5,6,0
SWT,5,20210216,093500,48.01,48.01,46.52,47.095,207,0
SWT,5,20210216,094000,48.005,48.1,48.005,48.005,105,0
SWT,5,20210216,094500,48.49,48.49,48.49,48.49,6,0
SWT,5,20210216,095000,47.1,48.48,47.1,48.48,17,0
SWT,5,20210216,100000,48.48,48.48,48.48,48.48,40,0
SWT,5,20210216,100500,48.49,49.2,47.12,47.13,285,0
SWT,5,20210216,101000,48.99,48.99,48.99,48.99,60,0
SWT,5,20210216,101500,48.99,48.99,48.99,48.99,110,0
SWT,5,20210216,102000,48.6,49.44,48.5,49.44,55,0
SWT,5,20210216,102500,49.44,49.44,49.44,49.44,29,0
SWT,5,20210216,103000,49.49,49.49,48.71,48.71,28,0
SWT,5,20210216,103500,49.5,49.5,49.5,49.5,40,0
SWT,5,20210216,104000,49.01,49.01,49.01,49.01,19,0
SWT,5,20210216,104500,49.5,49.99,49.5,49.99,224,0
SWT,5,20210216,105000,48.755,48.755,48.755,48.755,6,0
SWT,5,20210216,105500,48.785,49.99,48.78,49.99,46,0
SWT,5,20210216,110500,50,50,49.06,49.06,33,0
SWT,5,20210216,111500,50.5,50.5,50.5,50.5,55,0
SWT,5,20210216,113000,49.1,49.1,49.1,49.1,6,0
SWT,5,20210216,120500,50.5,50.5,50.5,50.5,20,0
SWT,5,20210216,121500,50.5,50.5,50.5,50.5,50,0
SWT,5,20210216,130500,49.225,49.225,49.225,49.225,6,0
SWT,5,20210216,134000,50,50.4,50,50.4,30,0
SWT,5,20210216,142000,50.4,50.4,50.4,50.4,5,0
SWT,5,20210216,151000,50,50,50,50,5,0
SWT,5,20210216,151500,50.44,50.44,50.44,50.44,20,0
SWT,5,20210216,152000,50,50,49.245,49.245,11,0
SWT,5,20210216,164500,49.82,49.9,49.82,49.9,83,0
SWT,5,20210217,090000,47.8,47.8,47.8,47.8,2,0
SWT,5,20210217,093000,50.5,50.55,47.85,47.85,104,0
SWT,5,20210217,111000,49.99,49.99,49.99,49.99,10,0
SWT,5,20210217,114000,49.85,49.85,49.85,49.85,6,0
SWT,5,20210217,125000,49.85,49.85,49.85,49.85,25,0
SWT,5,20210217,125500,49.85,49.85,48.5,48.5,41,0
SWT,5,20210217,142000,48.51,48.51,48.2,48.2,171,0
SWT,5,20210217,143500,48.2,48.21,48,48.005,53,0
SWT,5,20210217,151000,48.5,48.5,48.5,48.5,100,0
SWT,5,20210217,160000,49.76,49.76,48.03,48.03,12,0
SWT,5,20210217,160500,48.025,48.025,48.025,48.025,5,0
SWT,5,20210217,163000,49.7,49.7,49.7,49.7,35,0
SWT,5,20210217,164000,49.745,49.8,49.745,49.8,97,0
SWT,5,20210217,164500,49.01,49.01,49.01,49.01,4,0
SWT,5,20210218,110500,49.01,49.01,49.01,49.01,3,0
SWT,5,20210218,115500,48.56,48.56,47.93,47.93,76,0
SWT,5,20210218,123000,47.95,47.95,47.95,47.95,15,0
SWT,5,20210218,124000,48,48,47.96,47.96,20,0
SWT,5,20210218,130000,49.2,49.485,49.2,49.485,15,0
SWT,5,20210218,132000,49.485,49.485,49.485,49.485,10,0
SWT,5,20210218,132500,48.1,48.1,47.95,47.95,140,0
SWT,5,20210218,143500,49,49.48,49,49.48,40,0
SWT,5,20210218,150500,48,48,48,48,15,0
SWT,5,20210218,155000,49.4,49.47,49.4,49.47,70,0
SWT,5,20210218,162500,49,49,49,49,5,0
SWT,5,20210218,163500,49,49,49,49,250,0
SWT,5,20210218,164500,49,49,49,49,85,0
SWT,5,20210219,094500,49.42,49.44,49.42,49.44,20,0
SWT,5,20210219,101000,49.47,49.47,49.47,49.47,20,0
SWT,5,20210219,113000,49.79,49.79,49.79,49.79,10,0
SWT,5,20210219,122500,49,49,49,49,8,0
SWT,5,20210219,123000,48.1,49,48,49,132,0
SWT,5,20210219,125000,49.695,49.695,49.695,49.695,15,0
SWT,5,20210219,151500,49.48,49.48,49.48,49.48,10,0
SWT,5,20210222,092500,51.99,51.99,51.99,51.99,1,0
SWT,5,20210222,100000,48.7,48.7,48.7,48.7,1,0
SWT,5,20210222,105000,50.89,50.89,50.89,50.89,9,0
SWT,5,20210222,112500,50.7,50.89,50.7,50.89,50,0
SWT,5,20210222,125000,50.89,51,50.89,51,102,0
SWT,5,20210222,125500,51,51,51,51,23,0
SWT,5,20210222,140000,50.8,51,50.8,51,31,0
SWT,5,20210222,151500,50.8,50.8,50.8,50.8,3,0
SWT,5,20210222,162000,50.8,50.8,50.8,50.8,2,0
SWT,5,20210222,164500,50,50,50,50,2,0
SWT,5,20210223,104000,49.02,49.02,49.02,49.02,5,0
SWT,5,20210223,133000,49.5,49.5,49.5,49.5,8,0
SWT,5,20210223,135000,49.02,49.02,48.71,48.71,23,0
SWT,5,20210223,142000,49.5,49.5,49.5,49.5,12,0
SWT,5,20210224,091500,48.99,48.99,48.99,48.99,15,0
SWT,5,20210224,092000,48.02,48.02,48.02,48.02,20,0
SWT,5,20210224,092500,48.02,48.02,48.02,48.02,40,0
SWT,5,20210224,093000,49,49,49,49,3,0
SWT,5,20210224,100500,49,49,49,49,12,0
SWT,5,20210224,102000,48.01,48.01,48.01,48.01,10,0
SWT,5,20210224,102500,48,48,48,48,10,0
SWT,5,20210224,113500,48.42,48.42,48.42,48.42,6,0
SWT,5,20210224,124000,48.1,48.1,48,48,14,0
SWT,5,20210224,130000,47.9,47.9,47.9,47.9,26,0
SWT,5,20210224,140000,48,48,48,48,28,0
SWT,5,20210224,140500,48,48,48,48,70,0
SWT,5,20210224,142000,48,48,48,48,2,0
SWT,5,20210225,090000,49.995,49.995,49.9,49.9,76,0
SWT,5,20210225,092000,50.25,50.25,50.25,50.25,10,0
SWT,5,20210225,093000,50.25,50.3,50.25,50.3,130,0
SWT,5,20210225,103000,48.1,49,48.1,49,54,0
SWT,5,20210225,105000,49,49,49,49,175,0
SWT,5,20210225,105500,49,49,48.125,48.125,113,0
SWT,5,20210225,131500,48.13,48.13,48.13,48.13,30,0
SWT,5,20210225,133500,48.99,48.99,48.99,48.99,10,0
SWT,5,20210226,091500,49.79,49.79,49.79,49.79,10,0
SWT,5,20210226,113000,49,49,49,49,30,0
SWT,5,20210226,122500,49,49,49,49,5,0
SWT,5,20210226,124000,49,49,49,49,15,0
SWT,5,20210226,164000,48.51,48.51,48.51,48.51,9,0
SWT,5,20210301,094500,48.525,48.525,48.525,48.525,90,0
SWT,5,20210301,104000,48.51,48.51,48.21,48.21,7,0
SWT,5,20210301,120500,48.215,48.215,48.215,48.215,4,0
SWT,5,20210301,133000,48.215,48.215,48.215,48.215,8,0
SWT,5,20210301,150000,48.215,48.215,48.12,48.12,100,0
SWT,5,20210301,160500,48.14,48.14,48.14,48.14,30,0
SWT,5,20210301,162500,48.12,48.12,48.12,48.12,48,0
SWT,5,20210302,141000,48.9,48.9,48.9,48.9,56,0
SWT,5,20210302,155000,48.96,48.96,48.96,48.96,10,0
SWT,5,20210303,090000,48.95,48.95,48.95,48.95,7,0
SWT,5,20210303,111500,48.73,48.73,48.73,48.73,30,0
SWT,5,20210303,115500,48.73,48.73,48.65,48.65,75,0
SWT,5,20210304,115000,47.47,47.47,47.47,47.47,10,0
SWT,5,20210304,131000,48.54,48.54,48.54,48.54,2,0
SWT,5,20210304,160000,48.4,48.4,48.4,48.4,10,0
SWT,5,20210304,163500,47.11,47.11,47.11,47.11,2,0
SWT,5,20210305,090000,47.11,47.11,47.11,47.11,4,0
SWT,5,20210305,092500,47.05,47.05,47.05,47.05,14,0
SWT,5,20210305,093500,47.05,47.05,47.05,47.05,11,0
SWT,5,20210305,095000,47.1,47.1,47.1,47.1,15,0
SWT,5,20210305,095500,47.005,47.005,47,47,25,0
SWT,5,20210305,100000,47,47,47,47,39,0
SWT,5,20210305,101000,46.52,46.52,46.52,46.52,62,0
SWT,5,20210305,104500,46.51,46.51,46.51,46.51,69,0
SWT,5,20210305,115000,46.99,46.99,46.99,46.99,23,0
SWT,5,20210305,125500,46.6,46.6,46.6,46.6,30,0
SWT,5,20210305,134500,46.99,46.99,46.99,46.99,14,0
SWT,5,20210305,141500,46.6,46.6,46.6,46.6,4,0
SWT,5,20210305,154500,46.99,46.99,46.99,46.99,27,0
SWT,5,20210305,155000,46.6,46.6,46.51,46.51,25,0
SWT,5,20210305,160000,46.01,46.01,46.01,46.01,2,0
SWT,5,20210305,162500,46.01,46.01,46.01,46.01,173,0
SWT,5,20210308,091500,46.02,46.02,46.02,46.02,10,0
SWT,5,20210308,092000,46.01,46.01,46.01,46.01,50,0
SWT,5,20210308,092500,46.01,46.01,45.2,45.2,40,0
SWT,5,20210308,093000,45.2,45.2,44.4,44.4,100,0
SWT,5,20210308,094500,44.5,44.5,44.5,44.5,23,0
SWT,5,20210308,100500,44.5,46,41.4,41.4,276,0
SWT,5,20210308,101000,42,42,41.8,41.8,31,0
SWT,5,20210308,103000,43,43,43,43,15,0
SWT,5,20210308,104500,44.5,44.5,43,43,194,0
SWT,5,20210308,105500,43,43,43,43,75,0
SWT,5,20210308,111000,43,43,43,43,47,0
SWT,5,20210308,112000,44.525,45,44.525,45,40,0
SWT,5,20210308,120000,44.97,44.97,44.97,44.97,15,0
SWT,5,20210308,140500,44.525,44.525,44.525,44.525,25,0
SWT,5,20210308,141000,44.95,44.97,44.95,44.97,20,0
SWT,5,20210308,143000,44.99,45,44.99,45,50,0
SWT,5,20210308,163000,43.45,43.45,43.45,43.45,26,0
SWT,5,20210308,164500,45,45,45,45,1,0
SWT,5,20210309,092000,44.99,44.99,44.99,44.99,2,0
SWT,5,20210309,113000,44.005,44.005,44,44,38,0
SWT,5,20210309,130500,45.4,45.4,45.4,45.4,22,0
SWT,5,20210309,131500,45.9,45.9,45.9,45.9,15,0
SWT,5,20210309,143500,46.4,46.4,46.4,46.4,50,0
SWT,5,20210310,093500,46.3,46.3,46.3,46.3,10,0
SWT,5,20210310,102000,46.5,46.98,46.5,46.98,56,0
SWT,5,20210310,102500,47.6,47.99,47.6,47.99,50,0
SWT,5,20210310,103000,47,48,47,48,59,0
SWT,5,20210310,105000,48,48,48,48,55,0
SWT,5,20210310,105500,48,48,48,48,32,0
SWT,5,20210310,110000,48.5,48.5,48.5,48.5,50,0
SWT,5,20210310,110500,48.5,48.5,48.5,48.5,30,0
SWT,5,20210310,112500,48.5,48.57,48.5,48.57,108,0
SWT,5,20210310,113000,48,48,48,48,100,0
SWT,5,20210310,114500,48.5,48.5,48.5,48.5,27,0
SWT,5,20210310,115000,48,48,48,48,33,0
SWT,5,20210310,124000,47.8,47.8,47.8,47.8,25,0
SWT,5,20210310,124500,47.8,47.8,47.8,47.8,50,0
SWT,5,20210310,131500,47.8,47.8,47.8,47.8,25,0
SWT,5,20210310,132000,47,47,46.5,46.5,75,0
SWT,5,20210310,132500,47,48.5,47,48.5,143,0
SWT,5,20210310,144000,46.6,46.6,46.6,46.6,25,0
SWT,5,20210310,151000,47,47,46.5,46.5,50,0
SWT,5,20210310,162000,47.005,47.005,47,47,100,0
SWT,5,20210310,164500,47.5,47.5,47.5,47.5,200,0
SWT,5,20210311,091000,46.505,46.505,46.505,46.505,7,0
SWT,5,20210311,100500,46.505,47.6,46.5,47.6,55,0
SWT,5,20210311,104500,47.6,47.6,47.6,47.6,50,0
SWT,5,20210311,105500,47.6,47.6,47.6,47.6,11,0
SWT,5,20210311,132500,46.5,46.5,46.5,46.5,43,0
SWT,5,20210311,134000,47.6,47.6,47.6,47.6,40,0
SWT,5,20210311,140500,47.6,47.6,47.6,47.6,49,0
SWT,5,20210312,090000,47.98,47.98,47.98,47.98,10,0
SWT,5,20210312,094500,47.8,47.8,47.8,47.8,19,0
SWT,5,20210312,143500,47.8,47.8,47.8,47.8,12,0
SWT,5,20210312,150000,47.8,48.48,47.8,48.48,149,0
SWT,5,20210312,162500,48.4,48.4,48.4,48.4,42,0
SWT,5,20210312,163000,48.48,48.48,48.48,48.48,1,0
SWT,5,20210312,164000,48.4,48.48,48.4,48.48,51,0
SWT,5,20210315,090000,48,48,48,48,50,0
SWT,5,20210315,091000,48.47,50,48.47,50,703,0
SWT,5,20210315,093500,50.1,50.1,50,50,91,0
SWT,5,20210315,095000,50.1,50.1,50.1,50.1,4,0
SWT,5,20210315,095500,51,51.47,51,51.47,120,0
SWT,5,20210315,100000,50.1,50.1,50.1,50.1,71,0
SWT,5,20210315,100500,51.43,51.43,51.43,51.43,50,0
SWT,5,20210315,102000,50.11,50.11,50,50,104,0
SWT,5,20210315,102500,49.2,50,49.2,50,9,0
SWT,5,20210315,103000,50,50,50,50,23,0
SWT,5,20210315,105000,50,50,50,50,34,0
SWT,5,20210315,110500,50,50,50,50,34,0
SWT,5,20210315,111000,50,50,47.91,47.91,54,0
SWT,5,20210315,111500,47.91,50,47.9,47.9,141,0
SWT,5,20210315,112000,47.9,49.9,47.9,49.9,194,0
SWT,5,20210315,112500,49.9,50,49.9,50,67,0
SWT,5,20210315,113500,48.4,48.4,48.4,48.4,15,0
SWT,5,20210315,120500,49.95,49.95,49.95,49.95,10,0
SWT,5,20210315,122500,48.52,48.52,48.52,48.52,5,0
SWT,5,20210315,123000,49.95,49.95,49.95,49.95,10,0
SWT,5,20210315,140000,48.52,48.52,48.52,48.52,4,0
SWT,5,20210315,142000,48.52,48.52,48.44,48.44,11,0
SWT,5,20210315,142500,48.41,48.41,48.4,48.4,90,0
SWT,5,20210315,144000,49.8,49.8,49.8,49.8,20,0
SWT,5,20210315,144500,48.4,48.4,48.4,48.4,240,0
SWT,5,20210315,150500,49,49,49,49,100,0
SWT,5,20210315,163000,48.35,48.35,48.35,48.35,25,0
SWT,5,20210315,164500,48.28,48.28,48.28,48.28,4,0
SWT,5,20210316,090000,49.68,49.68,49.68,49.68,25,0
SWT,5,20210316,093500,48.5,48.5,48.3,48.3,9,0
SWT,5,20210316,094500,49,49,49,49,2,0
SWT,5,20210316,095000,48.3,48.3,48.3,48.3,11,0
SWT,5,20210316,095500,48.28,48.28,48.25,48.25,40,0
SWT,5,20210316,114000,48,48,48,48,20,0
SWT,5,20210316,114500,47.9,47.9,47.9,47.9,15,0
SWT,5,20210316,115000,47.9,47.9,47.9,47.9,21,0
SWT,5,20210316,133500,48,48,48,48,42,0
SWT,5,20210316,144500,48.48,48.48,48.48,48.48,23,0
SWT,5,20210316,153000,48.48,48.48,48.48,48.48,25,0
SWT,5,20210316,160500,48,48,48,48,33,0
SWT,5,20210316,164500,47.91,47.91,47.91,47.91,10,0
SWT,5,20210317,090000,47.9,47.9,47.9,47.9,78,0
SWT,5,20210317,090500,47.9,47.9,47.1,47.1,95,0
SWT,5,20210317,095000,47.895,47.895,47.2,47.2,27,0
SWT,5,20210317,101000,47.99,47.99,47.99,47.99,4,0
SWT,5,20210317,110000,48,48,47.5,47.5,46,0
SWT,5,20210317,122000,47.5,47.5,47.5,47.5,50,0
SWT,5,20210317,145000,47.22,47.22,47,47,100,0
SWT,5,20210317,152000,47,47,47,47,35,0
SWT,5,20210317,153000,47,47,46.1,46.1,15,0
SWT,5,20210317,160500,47.29,47.29,47.29,47.29,10,0
SWT,5,20210318,095000,48,48,48,48,120,0
SWT,5,20210318,144000,47.5,47.95,47.5,47.95,15,0
SWT,5,20210318,152000,47.95,47.95,47.95,47.95,10,0
SWT,5,20210319,123000,47.8,47.8,47.8,47.8,7,0
SWT,5,20210319,162000,47.52,47.52,47.5,47.5,50,0
SWT,5,20210319,164500,47,47,47,47,25,0
SWT,5,20210322,090000,46,46,45.1,46,206,0
SWT,5,20210322,091500,46.005,46.005,45.11,45.11,152,0
SWT,5,20210322,092000,45.1,45.1,45,45,477,0
SWT,5,20210322,101500,45.1,45.1,45.1,45.1,8,0
SWT,5,20210322,104000,45.1,45.1,45.1,45.1,30,0
SWT,5,20210322,105500,45.1,45.1,45.1,45.1,20,0
SWT,5,20210322,113000,46,46,46,46,11,0
SWT,5,20210322,115500,45.3,45.3,45.3,45.3,47,0
SWT,5,20210322,120500,45.2,45.2,45.01,45.01,40,0
SWT,5,20210322,122500,48,48.245,48,48.245,70,0
SWT,5,20210322,123000,48.245,48.245,48.245,48.245,30,0
SWT,5,20210322,124000,45.02,45.02,45.02,45.02,6,0
SWT,5,20210322,124500,45.1,45.1,45,45,175,0
SWT,5,20210322,132500,45.05,45.05,45.01,45.01,100,0
SWT,5,20210322,143500,46.095,46.095,46.095,46.095,22,0
SWT,5,20210322,153000,46.095,46.095,46.095,46.095,28,0
SWT,5,20210322,154500,45.5,45.5,45.2,45.2,15,0
SWT,5,20210322,164500,47.7,47.7,45.5,45.5,12,0
SWT,5,20210323,090000,47.48,47.48,47.48,47.48,53,0
SWT,5,20210323,110500,46.3,46.3,46,46,15,0
SWT,5,20210323,120000,45.51,45.51,45.01,45.01,130,0
SWT,5,20210323,120500,45.2,45.2,45.2,45.2,16,0
SWT,5,20210323,121000,45.01,45.01,45,45,70,0
SWT,5,20210323,123500,45.01,45.01,45,45,200,0
SWT,5,20210323,124000,45.2,45.2,45.2,45.2,29,0
SWT,5,20210323,130000,45,45,45,45,55,0
SWT,5,20210323,131000,45,45,45,45,200,0
SWT,5,20210323,131500,45,45,45,45,200,0
SWT,5,20210323,133500,45,45,45,45,8,0
SWT,5,20210323,165500,45.55,45.55,45.55,45.55,30,0
SWT,5,20210324,091000,45.5,45.5,45.5,45.5,5,0
SWT,5,20210324,093500,45.61,45.61,45.61,45.61,35,0
SWT,5,20210324,110500,45.02,45.02,45.02,45.02,2,0
SWT,5,20210324,131000,46.5,46.5,46.5,46.5,10,0
SWT,5,20210324,133500,46.3,46.3,46.3,46.3,10,0
SWT,5,20210325,125000,45.3,45.3,45,45,50,0
SWT,5,20210325,125500,45,45,45,45,42,0
SWT,5,20210325,130000,44.1,44.1,44,44,53,0
SWT,5,20210325,132000,45,46,45,46,100,0
SWT,5,20210325,150000,45,45,45,45,23,0
SWT,5,20210325,152500,44.51,44.51,44.5,44.5,27,0
SWT,5,20210325,154000,44.005,44.005,44,44,49,0
SWT,5,20210325,164500,45.2,45.2,45.2,45.2,1,0
SWT,5,20210326,090000,45.2,45.2,45.2,45.2,9,0
SWT,5,20210326,094000,45.2,45.2,45.2,45.2,16,0
SWT,5,20210326,103000,44.2,44.2,44.2,44.2,1,0
SWT,5,20210326,103500,44.2,44.2,44.2,44.2,24,0
SWT,5,20210326,122000,44.995,45.995,44.995,45.995,51,0
SWT,5,20210326,123000,46,46,46,46,19,0
SWT,5,20210326,124000,46.495,46.7,46.495,46.7,24,0
SWT,5,20210326,132500,44.6,44.6,44.6,44.6,101,0
SWT,5,20210326,133000,44.51,44.51,44.51,44.51,13,0
SWT,5,20210326,145000,44.5,44.5,44.5,44.5,82,0
SWT,5,20210326,151500,44.5,44.5,44.5,44.5,138,0
SWT,5,20210326,154500,46.48,46.48,46.48,46.48,1,0
