<TICKER>,<PER>,<DATE>,<TIME>,<OPEN>,<HIGH>,<LOW>,<CLOSE>,<VOL>,<OPENINT>
T2P,5,20210204,090000,0.49,0.49,0.49,0.49,8150,0
T2P,5,20210204,091000,0.485,0.485,0.483,0.483,12000,0
T2P,5,20210204,091500,0.483,0.483,0.483,0.483,1000,0
T2P,5,20210204,093000,0.5,0.514,0.5,0.514,10000,0
T2P,5,20210204,101000,0.514,0.514,0.514,0.514,2000,0
T2P,5,20210204,102500,0.514,0.514,0.514,0.514,4263,0
T2P,5,20210204,113000,0.51,0.51,0.51,0.51,11500,0
T2P,5,20210204,115000,0.51,0.51,0.51,0.51,17630,0
T2P,5,20210204,120000,0.512,0.512,0.51,0.51,4370,0
T2P,5,20210204,123000,0.51,0.512,0.51,0.512,730,0
T2P,5,20210204,140500,0.512,0.512,0.512,0.512,2653,0
T2P,5,20210204,141500,0.512,0.512,0.512,0.512,80,0
T2P,5,20210204,142500,0.514,0.514,0.514,0.514,400,0
T2P,5,20210204,143000,0.512,0.512,0.5,0.5,1000,0
T2P,5,20210204,144000,0.514,0.53,0.514,0.53,45554,0
T2P,5,20210204,145500,0.51,0.51,0.51,0.51,8000,0
T2P,5,20210204,151000,0.53,0.53,0.53,0.53,2397,0
T2P,5,20210204,152000,0.53,0.53,0.53,0.53,903,0
T2P,5,20210204,153000,0.532,0.532,0.532,0.532,2350,0
T2P,5,20210204,153500,0.53,0.53,0.53,0.53,7990,0
T2P,5,20210204,154500,0.532,0.534,0.532,0.534,2000,0
T2P,5,20210204,155000,0.532,0.536,0.53,0.536,14648,0
T2P,5,20210204,155500,0.512,0.512,0.512,0.512,1,0
T2P,5,20210204,161000,0.534,0.536,0.534,0.536,18060,0
T2P,5,20210204,161500,0.54,0.562,0.54,0.562,21372,0
T2P,5,20210204,162000,0.56,0.56,0.56,0.56,7777,0
T2P,5,20210204,162500,0.548,0.548,0.52,0.52,11725,0
T2P,5,20210204,164500,0.546,0.546,0.546,0.546,7862,0
T2P,5,20210205,090000,0.54,0.556,0.54,0.556,37876,0
T2P,5,20210205,090500,0.56,0.562,0.56,0.562,12900,0
T2P,5,20210205,091000,0.556,0.556,0.556,0.556,4200,0
T2P,5,20210205,091500,0.53,0.53,0.53,0.53,1000,0
T2P,5,20210205,092000,0.556,0.556,0.54,0.54,10190,0
T2P,5,20210205,092500,0.546,0.562,0.546,0.562,2018,0
T2P,5,20210205,093000,0.538,0.538,0.538,0.538,2000,0
T2P,5,20210205,104000,0.54,0.54,0.54,0.54,2800,0
T2P,5,20210205,104500,0.56,0.56,0.56,0.56,1780,0
T2P,5,20210205,105000,0.54,0.54,0.536,0.536,5000,0
T2P,5,20210205,111500,0.536,0.536,0.536,0.536,1000,0
T2P,5,20210205,112500,0.558,0.56,0.558,0.56,15000,0
T2P,5,20210205,113500,0.556,0.56,0.556,0.56,20861,0
T2P,5,20210205,114500,0.56,0.56,0.56,0.56,199,0
T2P,5,20210205,121500,0.56,0.56,0.56,0.56,1,0
T2P,5,20210205,122500,0.56,0.56,0.56,0.56,999,0
T2P,5,20210205,123000,0.56,0.56,0.56,0.56,2000,0
T2P,5,20210205,125500,0.56,0.56,0.56,0.56,3882,0
T2P,5,20210205,130000,0.562,0.562,0.562,0.562,6362,0
T2P,5,20210205,130500,0.562,0.562,0.562,0.562,3056,0
T2P,5,20210205,133500,0.562,0.562,0.562,0.562,1044,0
T2P,5,20210205,143000,0.55,0.55,0.55,0.55,2720,0
T2P,5,20210205,143500,0.544,0.544,0.542,0.542,6045,0
T2P,5,20210205,145000,0.542,0.542,0.54,0.54,11025,0
T2P,5,20210205,145500,0.538,0.538,0.538,0.538,1780,0
T2P,5,20210205,150500,0.54,0.54,0.54,0.54,6975,0
T2P,5,20210205,151500,0.54,0.54,0.538,0.538,2500,0
T2P,5,20210205,155500,0.534,0.534,0.53,0.53,8700,0
T2P,5,20210205,162000,0.546,0.546,0.546,0.546,285,0
T2P,5,20210208,090000,0.562,0.562,0.562,0.562,500,0
T2P,5,20210208,090500,0.56,0.562,0.56,0.562,1300,0
T2P,5,20210208,092000,0.56,0.56,0.56,0.56,130,0
T2P,5,20210208,092500,0.562,0.562,0.562,0.562,670,0
T2P,5,20210208,095000,0.562,0.562,0.562,0.562,2000,0
T2P,5,20210208,100500,0.532,0.532,0.532,0.532,3000,0
T2P,5,20210208,114500,0.532,0.532,0.532,0.532,4150,0
T2P,5,20210208,122500,0.53,0.536,0.53,0.536,2850,0
T2P,5,20210208,125000,0.536,0.536,0.536,0.536,5800,0
T2P,5,20210208,130000,0.54,0.54,0.54,0.54,3000,0
T2P,5,20210208,134500,0.558,0.558,0.558,0.558,4286,0
T2P,5,20210208,151000,0.532,0.532,0.526,0.526,4286,0
T2P,5,20210209,095500,0.548,0.56,0.548,0.56,3137,0
T2P,5,20210209,101500,0.558,0.558,0.558,0.558,3557,0
T2P,5,20210209,102500,0.546,0.546,0.546,0.546,400,0
T2P,5,20210209,103000,0.546,0.55,0.546,0.55,13524,0
T2P,5,20210209,103500,0.558,0.558,0.558,0.558,22,0
T2P,5,20210209,111500,0.556,0.556,0.556,0.556,220,0
T2P,5,20210209,114500,0.556,0.556,0.556,0.556,1000,0
T2P,5,20210209,122000,0.546,0.546,0.528,0.528,3000,0
T2P,5,20210209,123500,0.528,0.528,0.522,0.522,11965,0
T2P,5,20210209,124000,0.53,0.53,0.53,0.53,943,0
T2P,5,20210209,125500,0.53,0.53,0.53,0.53,1000,0
T2P,5,20210209,132500,0.53,0.53,0.53,0.53,1057,0
T2P,5,20210209,133000,0.554,0.554,0.554,0.554,3,0
T2P,5,20210209,141000,0.554,0.554,0.554,0.554,500,0
T2P,5,20210209,141500,0.554,0.554,0.554,0.554,2000,0
T2P,5,20210209,154500,0.55,0.55,0.55,0.55,2200,0
T2P,5,20210209,160500,0.55,0.55,0.55,0.55,10959,0
T2P,5,20210209,161000,0.55,0.554,0.55,0.554,1000,0
T2P,5,20210209,163500,0.55,0.55,0.55,0.55,4000,0
T2P,5,20210209,164500,0.55,0.556,0.55,0.556,3099,0
T2P,5,20210210,090000,0.556,0.56,0.556,0.56,13596,0
T2P,5,20210210,090500,0.56,0.564,0.56,0.564,4580,0
T2P,5,20210210,091500,0.56,0.56,0.56,0.56,6000,0
T2P,5,20210210,095000,0.564,0.576,0.564,0.576,14600,0
T2P,5,20210210,095500,0.57,0.578,0.57,0.578,4380,0
T2P,5,20210210,100000,0.578,0.58,0.578,0.58,7030,0
T2P,5,20210210,100500,0.58,0.58,0.58,0.58,2000,0
T2P,5,20210210,101000,0.578,0.582,0.578,0.582,9863,0
T2P,5,20210210,101500,0.582,0.6,0.58,0.6,27593,0
T2P,5,20210210,102000,0.61,0.618,0.61,0.618,5040,0
T2P,5,20210210,102500,0.614,0.614,0.614,0.614,885,0
T2P,5,20210210,103500,0.612,0.612,0.6,0.6,5176,0
T2P,5,20210210,104000,0.612,0.624,0.6,0.6,22845,0
T2P,5,20210210,104500,0.612,0.622,0.61,0.622,9400,0
T2P,5,20210210,105000,0.614,0.614,0.6,0.614,8648,0
T2P,5,20210210,105500,0.614,0.614,0.6,0.612,5080,0
T2P,5,20210210,111000,0.58,0.58,0.58,0.58,2508,0
T2P,5,20210210,111500,0.58,0.58,0.58,0.58,2000,0
T2P,5,20210210,115500,0.598,0.6,0.598,0.6,10727,0
T2P,5,20210210,120000,0.6,0.6,0.6,0.6,1200,0
T2P,5,20210210,120500,0.608,0.61,0.608,0.61,5593,0
T2P,5,20210210,121000,0.606,0.606,0.606,0.606,6500,0
T2P,5,20210210,121500,0.612,0.612,0.612,0.612,3000,0
T2P,5,20210210,123500,0.612,0.618,0.612,0.618,10080,0
T2P,5,20210210,124500,0.612,0.612,0.612,0.612,1170,0
T2P,5,20210210,131500,0.606,0.606,0.606,0.606,45,0
T2P,5,20210210,134000,0.598,0.618,0.58,0.58,20604,0
T2P,5,20210210,134500,0.616,0.616,0.616,0.616,1495,0
T2P,5,20210210,144000,0.59,0.59,0.59,0.59,500,0
T2P,5,20210210,145000,0.61,0.61,0.61,0.61,1000,0
T2P,5,20210210,151000,0.61,0.61,0.61,0.61,2000,0
T2P,5,20210210,151500,0.61,0.612,0.61,0.612,3968,0
T2P,5,20210210,163000,0.59,0.59,0.59,0.59,3,0
T2P,5,20210210,164000,0.592,0.592,0.592,0.592,2521,0
T2P,5,20210211,090000,0.61,0.628,0.61,0.628,4890,0
T2P,5,20210211,090500,0.63,0.63,0.63,0.63,100,0
T2P,5,20210211,091000,0.63,0.63,0.63,0.63,1200,0
T2P,5,20210211,091500,0.59,0.63,0.59,0.63,2753,0
T2P,5,20210211,092500,0.63,0.634,0.63,0.634,1800,0
T2P,5,20210211,093000,0.63,0.63,0.63,0.63,462,0
T2P,5,20210211,093500,0.638,0.638,0.632,0.638,5254,0
T2P,5,20210211,094000,0.638,0.638,0.638,0.638,2148,0
T2P,5,20210211,094500,0.638,0.65,0.638,0.65,12738,0
T2P,5,20210211,095000,0.654,0.68,0.632,0.68,62469,0
T2P,5,20210211,095500,0.65,0.65,0.65,0.65,3596,0
T2P,5,20210211,100000,0.65,0.66,0.65,0.66,5404,0
T2P,5,20210211,100500,0.67,0.676,0.67,0.676,3500,0
T2P,5,20210211,102000,0.67,0.676,0.67,0.676,11637,0
T2P,5,20210211,102500,0.678,0.722,0.678,0.722,70985,0
T2P,5,20210211,103000,0.702,0.72,0.702,0.72,19418,0
T2P,5,20210211,103500,0.722,0.732,0.72,0.732,21154,0
T2P,5,20210211,104500,0.748,0.748,0.748,0.748,5100,0
T2P,5,20210211,105000,0.74,0.748,0.74,0.74,16566,0
T2P,5,20210211,105500,0.748,0.768,0.714,0.716,67926,0
T2P,5,20210211,110000,0.732,0.732,0.7,0.7,15384,0
T2P,5,20210211,111500,0.71,0.714,0.71,0.714,4440,0
T2P,5,20210211,112000,0.718,0.722,0.718,0.722,19112,0
T2P,5,20210211,112500,0.73,0.77,0.73,0.76,107567,0
T2P,5,20210211,113000,0.75,0.75,0.75,0.75,16400,0
T2P,5,20210211,113500,0.744,0.746,0.744,0.746,9000,0
T2P,5,20210211,114000,0.75,0.78,0.75,0.778,15131,0
T2P,5,20210211,115000,0.772,0.78,0.772,0.78,12500,0
T2P,5,20210211,115500,0.762,0.78,0.71,0.77,24532,0
T2P,5,20210211,120000,0.76,0.76,0.76,0.76,1,0
T2P,5,20210211,120500,0.76,0.76,0.73,0.73,18612,0
T2P,5,20210211,121500,0.73,0.75,0.73,0.75,100,0
T2P,5,20210211,122000,0.722,0.722,0.716,0.716,9260,0
T2P,5,20210211,122500,0.748,0.748,0.748,0.748,24,0
T2P,5,20210211,123000,0.72,0.748,0.72,0.748,2631,0
T2P,5,20210211,124000,0.74,0.74,0.71,0.74,13443,0
T2P,5,20210211,124500,0.74,0.74,0.74,0.74,2900,0
T2P,5,20210211,130500,0.74,0.74,0.738,0.738,1400,0
T2P,5,20210211,131000,0.74,0.756,0.74,0.756,24000,0
T2P,5,20210211,132000,0.75,0.75,0.75,0.75,2000,0
T2P,5,20210211,132500,0.75,0.75,0.75,0.75,1000,0
T2P,5,20210211,133000,0.75,0.76,0.75,0.76,15000,0
T2P,5,20210211,134000,0.756,0.758,0.75,0.758,9077,0
T2P,5,20210211,134500,0.758,0.788,0.75,0.788,73368,0
T2P,5,20210211,135000,0.788,0.798,0.77,0.79,26507,0
T2P,5,20210211,135500,0.77,0.798,0.77,0.798,2817,0
T2P,5,20210211,140500,0.762,0.762,0.754,0.754,10100,0
T2P,5,20210211,141000,0.79,0.79,0.79,0.79,7074,0
T2P,5,20210211,142000,0.79,0.79,0.76,0.76,470,0
T2P,5,20210211,142500,0.79,0.79,0.79,0.79,1,0
T2P,5,20210211,143000,0.78,0.78,0.78,0.78,300,0
T2P,5,20210211,143500,0.79,0.794,0.76,0.76,4900,0
T2P,5,20210211,144500,0.79,0.79,0.772,0.79,2511,0
T2P,5,20210211,145500,0.788,0.794,0.788,0.794,17000,0
T2P,5,20210211,150000,0.772,0.772,0.772,0.772,5032,0
T2P,5,20210211,151000,0.792,0.84,0.792,0.84,106097,0
T2P,5,20210211,151500,0.828,0.86,0.828,0.85,64823,0
T2P,5,20210211,152000,0.83,0.848,0.83,0.848,7148,0
T2P,5,20210211,152500,0.846,0.846,0.812,0.812,30208,0
T2P,5,20210211,153000,0.822,0.842,0.822,0.842,5148,0
T2P,5,20210211,153500,0.822,0.822,0.82,0.82,9991,0
T2P,5,20210211,154000,0.82,0.82,0.82,0.82,6000,0
T2P,5,20210211,154500,0.82,0.82,0.812,0.812,3366,0
T2P,5,20210211,155500,0.83,0.83,0.83,0.83,3000,0
T2P,5,20210211,160000,0.83,0.83,0.83,0.83,2000,0
T2P,5,20210211,160500,0.814,0.814,0.8,0.8,30534,0
T2P,5,20210211,161000,0.78,0.78,0.772,0.772,6000,0
T2P,5,20210211,161500,0.774,0.774,0.772,0.772,10893,0
T2P,5,20210211,162000,0.778,0.778,0.776,0.776,2000,0
T2P,5,20210211,162500,0.776,0.78,0.774,0.78,5300,0
T2P,5,20210211,163000,0.774,0.78,0.77,0.77,6200,0
T2P,5,20210211,164000,0.764,0.764,0.764,0.764,1000,0
T2P,5,20210211,164500,0.77,0.77,0.75,0.75,17000,0
T2P,5,20210212,090000,0.75,0.79,0.75,0.79,73544,0
T2P,5,20210212,090500,0.79,0.82,0.79,0.8,40150,0
T2P,5,20210212,091000,0.79,0.79,0.79,0.79,2000,0
T2P,5,20210212,091500,0.762,0.78,0.76,0.76,11458,0
T2P,5,20210212,092000,0.778,0.78,0.77,0.78,4699,0
T2P,5,20210212,092500,0.792,0.792,0.79,0.79,2106,0
T2P,5,20210212,093000,0.79,0.792,0.79,0.792,9282,0
T2P,5,20210212,093500,0.794,0.8,0.794,0.8,20000,0
T2P,5,20210212,094000,0.8,0.82,0.8,0.816,17822,0
T2P,5,20210212,094500,0.8,0.8,0.796,0.796,7233,0
T2P,5,20210212,095000,0.794,0.8,0.79,0.79,12431,0
T2P,5,20210212,095500,0.79,0.79,0.79,0.79,500,0
T2P,5,20210212,100000,0.77,0.77,0.764,0.764,8000,0
T2P,5,20210212,100500,0.764,0.764,0.76,0.76,9698,0
T2P,5,20210212,101000,0.76,0.76,0.76,0.76,1802,0
T2P,5,20210212,101500,0.778,0.79,0.762,0.762,5438,0
T2P,5,20210212,102500,0.764,0.764,0.714,0.714,12202,0
T2P,5,20210212,103000,0.718,0.75,0.716,0.75,2500,0
T2P,5,20210212,103500,0.75,0.75,0.75,0.75,1043,0
T2P,5,20210212,104500,0.75,0.75,0.72,0.72,1500,0
T2P,5,20210212,105000,0.72,0.72,0.72,0.72,10000,0
T2P,5,20210212,110000,0.75,0.75,0.75,0.75,28,0
T2P,5,20210212,112000,0.73,0.73,0.72,0.72,2000,0
T2P,5,20210212,112500,0.72,0.75,0.72,0.75,1001,0
T2P,5,20210212,113000,0.746,0.77,0.746,0.77,4865,0
T2P,5,20210212,113500,0.77,0.77,0.77,0.77,3000,0
T2P,5,20210212,115000,0.77,0.77,0.77,0.77,7748,0
T2P,5,20210212,120000,0.768,0.77,0.768,0.77,13253,0
T2P,5,20210212,120500,0.77,0.77,0.77,0.77,1747,0
T2P,5,20210212,123000,0.75,0.75,0.722,0.722,10000,0
T2P,5,20210212,124000,0.724,0.724,0.724,0.724,220,0
T2P,5,20210212,124500,0.724,0.724,0.722,0.722,9119,0
T2P,5,20210212,125000,0.75,0.768,0.75,0.76,3964,0
T2P,5,20210212,125500,0.722,0.73,0.72,0.72,8166,0
T2P,5,20210212,130000,0.72,0.72,0.72,0.72,500,0
T2P,5,20210212,131000,0.72,0.72,0.72,0.72,200,0
T2P,5,20210212,131500,0.71,0.71,0.71,0.71,1000,0
T2P,5,20210212,132500,0.706,0.706,0.706,0.706,5000,0
T2P,5,20210212,133000,0.7,0.702,0.626,0.7,56888,0
T2P,5,20210212,133500,0.7,0.708,0.7,0.708,3000,0
T2P,5,20210212,135500,0.658,0.68,0.658,0.68,6350,0
T2P,5,20210212,140000,0.68,0.68,0.68,0.68,1664,0
T2P,5,20210212,141000,0.69,0.69,0.69,0.69,2336,0
T2P,5,20210212,142500,0.66,0.66,0.658,0.658,2020,0
T2P,5,20210212,143000,0.66,0.66,0.66,0.66,2000,0
T2P,5,20210212,144000,0.67,0.67,0.67,0.67,3000,0
T2P,5,20210212,144500,0.68,0.68,0.68,0.68,5400,0
T2P,5,20210212,145500,0.69,0.69,0.69,0.69,2500,0
T2P,5,20210212,150500,0.682,0.682,0.68,0.68,7104,0
T2P,5,20210212,152000,0.68,0.7,0.66,0.7,12120,0
T2P,5,20210212,153500,0.7,0.7,0.7,0.7,149,0
T2P,5,20210212,154000,0.7,0.7,0.7,0.7,1172,0
T2P,5,20210212,155000,0.664,0.664,0.662,0.662,4300,0
T2P,5,20210212,160000,0.666,0.666,0.662,0.662,6000,0
T2P,5,20210212,161500,0.694,0.7,0.694,0.7,12727,0
T2P,5,20210212,164000,0.696,0.698,0.696,0.698,17748,0
T2P,5,20210212,164500,0.7,0.7,0.7,0.7,800,0
T2P,5,20210215,090000,0.7,0.7,0.68,0.68,6500,0
T2P,5,20210215,090500,0.668,0.668,0.668,0.668,8126,0
T2P,5,20210215,091000,0.7,0.7,0.668,0.668,2683,0
T2P,5,20210215,091500,0.672,0.672,0.67,0.67,15000,0
T2P,5,20210215,093500,0.694,0.694,0.694,0.694,1185,0
T2P,5,20210215,094500,0.692,0.692,0.692,0.692,1455,0
T2P,5,20210215,101000,0.67,0.67,0.67,0.67,3000,0
T2P,5,20210215,101500,0.68,0.68,0.68,0.68,3000,0
T2P,5,20210215,102500,0.68,0.68,0.68,0.68,2000,0
T2P,5,20210215,104000,0.68,0.68,0.68,0.68,2000,0
T2P,5,20210215,105500,0.68,0.69,0.68,0.69,7926,0
T2P,5,20210215,110000,0.69,0.69,0.69,0.69,10727,0
T2P,5,20210215,110500,0.69,0.69,0.69,0.69,1347,0
T2P,5,20210215,111000,0.68,0.68,0.68,0.68,707,0
T2P,5,20210215,111500,0.67,0.67,0.662,0.662,23293,0
T2P,5,20210215,113500,0.664,0.664,0.664,0.664,5000,0
T2P,5,20210215,115000,0.688,0.69,0.686,0.69,15429,0
T2P,5,20210215,115500,0.692,0.692,0.692,0.692,2545,0
T2P,5,20210215,120500,0.69,0.69,0.69,0.69,4571,0
T2P,5,20210215,132000,0.666,0.666,0.666,0.666,4800,0
T2P,5,20210215,132500,0.664,0.664,0.664,0.664,5015,0
T2P,5,20210215,133000,0.664,0.664,0.664,0.664,733,0
T2P,5,20210215,133500,0.68,0.68,0.68,0.68,2000,0
T2P,5,20210215,141500,0.68,0.68,0.68,0.68,3275,0
T2P,5,20210215,142000,0.69,0.69,0.69,0.69,2429,0
T2P,5,20210215,144000,0.69,0.69,0.69,0.69,1600,0
T2P,5,20210215,145000,0.694,0.694,0.694,0.694,1300,0
T2P,5,20210215,145500,0.694,0.694,0.694,0.694,1200,0
T2P,5,20210215,152500,0.696,0.696,0.696,0.696,12,0
T2P,5,20210215,154500,0.69,0.69,0.69,0.69,1675,0
T2P,5,20210215,161000,0.69,0.698,0.69,0.698,12456,0
T2P,5,20210215,161500,0.698,0.698,0.696,0.698,4919,0
T2P,5,20210215,164000,0.67,0.67,0.67,0.67,1200,0
T2P,5,20210215,164500,0.67,0.67,0.67,0.67,3800,0
T2P,5,20210216,090000,0.55,0.57,0.522,0.542,161305,0
T2P,5,20210216,090500,0.542,0.57,0.53,0.57,34833,0
T2P,5,20210216,091000,0.56,0.578,0.56,0.57,29503,0
T2P,5,20210216,091500,0.57,0.58,0.56,0.58,16729,0
T2P,5,20210216,092000,0.58,0.586,0.58,0.584,8512,0
T2P,5,20210216,092500,0.586,0.594,0.586,0.594,8047,0
T2P,5,20210216,093000,0.594,0.596,0.58,0.58,42547,0
T2P,5,20210216,093500,0.58,0.58,0.57,0.57,10121,0
T2P,5,20210216,094000,0.568,0.57,0.568,0.568,10096,0
T2P,5,20210216,094500,0.57,0.588,0.57,0.588,3529,0
T2P,5,20210216,095000,0.588,0.592,0.588,0.592,21871,0
T2P,5,20210216,095500,0.592,0.592,0.592,0.592,8577,0
T2P,5,20210216,100000,0.592,0.592,0.592,0.592,468,0
T2P,5,20210216,101000,0.59,0.594,0.59,0.594,24150,0
T2P,5,20210216,101500,0.592,0.594,0.592,0.594,9056,0
T2P,5,20210216,102000,0.59,0.594,0.59,0.594,10750,0
T2P,5,20210216,103000,0.58,0.58,0.56,0.56,15000,0
T2P,5,20210216,103500,0.592,0.592,0.592,0.592,1000,0
T2P,5,20210216,104000,0.592,0.592,0.564,0.564,10870,0
T2P,5,20210216,104500,0.564,0.564,0.564,0.564,468,0
T2P,5,20210216,105000,0.566,0.566,0.564,0.564,7766,0
T2P,5,20210216,111000,0.566,0.566,0.564,0.564,17000,0
T2P,5,20210216,111500,0.58,0.58,0.58,0.58,3196,0
T2P,5,20210216,112000,0.582,0.592,0.57,0.592,17524,0
T2P,5,20210216,112500,0.592,0.592,0.592,0.592,2500,0
T2P,5,20210216,113000,0.59,0.59,0.59,0.59,1427,0
T2P,5,20210216,113500,0.594,0.594,0.594,0.594,329,0
T2P,5,20210216,114000,0.57,0.61,0.57,0.61,4311,0
T2P,5,20210216,122000,0.6,0.6,0.574,0.574,1000,0
T2P,5,20210216,122500,0.59,0.59,0.59,0.59,1000,0
T2P,5,20210216,123000,0.6,0.6,0.6,0.6,1500,0
T2P,5,20210216,123500,0.602,0.602,0.602,0.602,1240,0
T2P,5,20210216,125000,0.59,0.59,0.574,0.574,5917,0
T2P,5,20210216,125500,0.574,0.574,0.574,0.574,2000,0
T2P,5,20210216,131500,0.598,0.598,0.598,0.598,400,0
T2P,5,20210216,134000,0.59,0.598,0.59,0.598,4000,0
T2P,5,20210216,134500,0.598,0.598,0.598,0.598,480,0
T2P,5,20210216,141500,0.578,0.598,0.574,0.598,14735,0
T2P,5,20210216,144000,0.59,0.59,0.59,0.59,340,0
T2P,5,20210216,145000,0.574,0.574,0.57,0.57,5000,0
T2P,5,20210216,150500,0.57,0.572,0.57,0.57,5000,0
T2P,5,20210216,152000,0.57,0.57,0.564,0.564,5000,0
T2P,5,20210216,153000,0.57,0.57,0.56,0.56,20000,0
T2P,5,20210216,160000,0.56,0.56,0.556,0.556,20484,0
T2P,5,20210216,160500,0.552,0.552,0.55,0.55,11000,0
T2P,5,20210216,161000,0.556,0.556,0.556,0.556,500,0
T2P,5,20210216,161500,0.55,0.55,0.55,0.55,2060,0
T2P,5,20210216,162000,0.556,0.556,0.556,0.556,2300,0
T2P,5,20210216,163000,0.554,0.554,0.546,0.546,28000,0
T2P,5,20210216,163500,0.546,0.546,0.54,0.54,10208,0
T2P,5,20210216,164000,0.55,0.574,0.542,0.57,8726,0
T2P,5,20210216,164500,0.54,0.566,0.54,0.55,24948,0
T2P,5,20210217,090000,0.56,0.57,0.522,0.57,44781,0
T2P,5,20210217,090500,0.568,0.568,0.568,0.568,3000,0
T2P,5,20210217,091500,0.566,0.566,0.566,0.566,3500,0
T2P,5,20210217,092000,0.566,0.566,0.566,0.566,690,0
T2P,5,20210217,092500,0.566,0.57,0.56,0.56,20094,0
T2P,5,20210217,093000,0.55,0.55,0.54,0.54,3999,0
T2P,5,20210217,094000,0.54,0.54,0.54,0.54,4800,0
T2P,5,20210217,095000,0.54,0.54,0.54,0.54,1596,0
T2P,5,20210217,100000,0.54,0.54,0.54,0.54,3000,0
T2P,5,20210217,100500,0.54,0.54,0.54,0.54,5000,0
T2P,5,20210217,101500,0.536,0.536,0.536,0.536,5000,0
T2P,5,20210217,102000,0.54,0.54,0.536,0.536,5000,0
T2P,5,20210217,103000,0.54,0.54,0.54,0.54,1404,0
T2P,5,20210217,104500,0.54,0.54,0.54,0.54,596,0
T2P,5,20210217,105000,0.534,0.54,0.534,0.54,3553,0
T2P,5,20210217,105500,0.54,0.54,0.54,0.54,2300,0
T2P,5,20210217,110000,0.54,0.54,0.54,0.54,2500,0
T2P,5,20210217,111000,0.564,0.564,0.564,0.564,3858,0
T2P,5,20210217,123000,0.548,0.548,0.548,0.548,707,0
T2P,5,20210217,132000,0.56,0.56,0.56,0.56,7000,0
T2P,5,20210217,132500,0.56,0.56,0.56,0.56,2704,0
T2P,5,20210217,141500,0.548,0.548,0.548,0.548,3000,0
T2P,5,20210217,142000,0.55,0.55,0.55,0.55,5000,0
T2P,5,20210217,152500,0.562,0.562,0.562,0.562,700,0
T2P,5,20210217,154000,0.554,0.554,0.554,0.554,141,0
T2P,5,20210217,160500,0.554,0.554,0.554,0.554,1000,0
T2P,5,20210217,161500,0.56,0.56,0.56,0.56,50,0
T2P,5,20210217,163500,0.56,0.56,0.56,0.56,100,0
T2P,5,20210218,090500,0.564,0.564,0.564,0.564,1353,0
T2P,5,20210218,091000,0.566,0.578,0.566,0.578,28753,0
T2P,5,20210218,091500,0.57,0.576,0.57,0.576,2886,0
T2P,5,20210218,092000,0.576,0.576,0.576,0.576,2000,0
T2P,5,20210218,092500,0.574,0.576,0.574,0.576,5800,0
T2P,5,20210218,093000,0.574,0.574,0.574,0.574,1200,0
T2P,5,20210218,094500,0.574,0.574,0.574,0.574,800,0
T2P,5,20210218,095000,0.576,0.576,0.576,0.576,50,0
T2P,5,20210218,095500,0.574,0.574,0.574,0.574,600,0
T2P,5,20210218,103000,0.57,0.576,0.57,0.576,6362,0
T2P,5,20210218,104000,0.576,0.576,0.576,0.576,538,0
T2P,5,20210218,112000,0.576,0.576,0.576,0.576,3300,0
T2P,5,20210218,134000,0.56,0.56,0.56,0.56,5069,0
T2P,5,20210218,151500,0.56,0.56,0.56,0.56,1400,0
T2P,5,20210218,153500,0.56,0.56,0.56,0.56,3500,0
T2P,5,20210218,155500,0.56,0.56,0.56,0.56,5000,0
T2P,5,20210218,161000,0.56,0.56,0.56,0.56,779,0
T2P,5,20210218,163500,0.554,0.554,0.554,0.554,2400,0
T2P,5,20210218,164500,0.554,0.554,0.54,0.54,10000,0
T2P,5,20210219,090000,0.56,0.56,0.542,0.542,2000,0
T2P,5,20210219,090500,0.572,0.572,0.57,0.57,4000,0
T2P,5,20210219,092500,0.544,0.544,0.544,0.544,6000,0
T2P,5,20210219,093000,0.568,0.57,0.568,0.57,5686,0
T2P,5,20210219,094500,0.57,0.57,0.57,0.57,250,0
T2P,5,20210219,112500,0.57,0.57,0.57,0.57,300,0
T2P,5,20210219,125500,0.55,0.55,0.542,0.542,17800,0
T2P,5,20210219,133000,0.568,0.568,0.568,0.568,120,0
T2P,5,20210219,140500,0.566,0.568,0.566,0.568,5980,0
T2P,5,20210219,141500,0.57,0.57,0.57,0.57,824,0
T2P,5,20210219,144500,0.568,0.568,0.568,0.568,150,0
T2P,5,20210219,152500,0.568,0.568,0.568,0.568,6850,0
T2P,5,20210219,153500,0.57,0.57,0.57,0.57,9038,0
T2P,5,20210219,154000,0.572,0.574,0.572,0.574,8000,0
T2P,5,20210219,160500,0.57,0.57,0.55,0.55,5000,0
T2P,5,20210219,163500,0.574,0.574,0.574,0.574,1,0
T2P,5,20210219,164500,0.56,0.56,0.56,0.56,10000,0
T2P,5,20210222,090000,0.574,0.574,0.574,0.574,8400,0
T2P,5,20210222,094000,0.576,0.6,0.576,0.6,28000,0
T2P,5,20210222,095500,0.59,0.59,0.59,0.59,2000,0
T2P,5,20210222,100000,0.57,0.59,0.57,0.59,177,0
T2P,5,20210222,102000,0.588,0.59,0.588,0.59,6318,0
T2P,5,20210222,104500,0.588,0.59,0.588,0.59,2,0
T2P,5,20210222,111000,0.58,0.59,0.58,0.59,555,0
T2P,5,20210222,111500,0.59,0.59,0.59,0.59,3700,0
T2P,5,20210222,115000,0.588,0.588,0.588,0.588,700,0
T2P,5,20210222,120000,0.57,0.57,0.57,0.57,5000,0
T2P,5,20210222,123500,0.558,0.558,0.556,0.556,8725,0
T2P,5,20210222,125000,0.582,0.582,0.582,0.582,5900,0
T2P,5,20210222,140000,0.584,0.584,0.584,0.584,230,0
T2P,5,20210222,141500,0.562,0.562,0.56,0.56,5000,0
T2P,5,20210222,143500,0.57,0.57,0.57,0.57,3000,0
T2P,5,20210222,144500,0.584,0.584,0.584,0.584,280,0
T2P,5,20210222,154000,0.57,0.59,0.57,0.59,17990,0
T2P,5,20210222,154500,0.59,0.608,0.59,0.608,17724,0
T2P,5,20210222,160000,0.608,0.61,0.608,0.61,190,0
T2P,5,20210222,160500,0.61,0.61,0.61,0.61,2675,0
T2P,5,20210222,161500,0.608,0.61,0.608,0.61,2800,0
T2P,5,20210222,162500,0.61,0.62,0.61,0.62,3810,0
T2P,5,20210222,163000,0.62,0.65,0.62,0.65,61956,0
T2P,5,20210222,164000,0.65,0.65,0.646,0.646,3086,0
T2P,5,20210222,164500,0.62,0.644,0.612,0.63,11958,0
T2P,5,20210223,090000,0.63,0.646,0.612,0.612,4364,0
T2P,5,20210223,091000,0.612,0.612,0.6,0.6,4304,0
T2P,5,20210223,091500,0.6,0.646,0.6,0.646,9793,0
T2P,5,20210223,092500,0.644,0.644,0.614,0.614,4000,0
T2P,5,20210223,093000,0.614,0.644,0.614,0.644,7799,0
T2P,5,20210223,094500,0.59,0.59,0.58,0.58,6005,0
T2P,5,20210223,095000,0.61,0.61,0.61,0.61,1,0
T2P,5,20210223,100500,0.61,0.61,0.61,0.61,1000,0
T2P,5,20210223,105500,0.6,0.606,0.6,0.606,1000,0
T2P,5,20210223,111000,0.59,0.59,0.58,0.582,5804,0
T2P,5,20210223,112500,0.606,0.608,0.606,0.608,1555,0
T2P,5,20210223,122500,0.606,0.606,0.606,0.606,49,0
T2P,5,20210223,131500,0.59,0.59,0.59,0.59,1000,0
T2P,5,20210223,133500,0.59,0.59,0.59,0.59,9277,0
T2P,5,20210223,134000,0.586,0.586,0.582,0.582,5757,0
T2P,5,20210223,141000,0.584,0.584,0.584,0.584,600,0
T2P,5,20210223,151500,0.606,0.606,0.606,0.606,1,0
T2P,5,20210223,155500,0.588,0.606,0.584,0.584,5010,0
T2P,5,20210223,160000,0.584,0.584,0.584,0.584,4980,0
T2P,5,20210223,162500,0.606,0.606,0.606,0.606,1,0
T2P,5,20210223,163000,0.606,0.606,0.606,0.606,150,0
T2P,5,20210224,090000,0.574,0.574,0.572,0.572,6446,0
T2P,5,20210224,090500,0.584,0.584,0.584,0.584,420,0
T2P,5,20210224,091000,0.584,0.604,0.584,0.604,231,0
T2P,5,20210224,092500,0.604,0.604,0.6,0.6,3908,0
T2P,5,20210224,104000,0.604,0.604,0.604,0.604,325,0
T2P,5,20210224,112500,0.6,0.6,0.6,0.6,2000,0
T2P,5,20210224,113000,0.6,0.6,0.6,0.6,2500,0
T2P,5,20210224,120000,0.6,0.6,0.6,0.6,265,0
T2P,5,20210224,121000,0.6,0.6,0.6,0.6,1000,0
T2P,5,20210224,124000,0.604,0.604,0.604,0.604,2555,0
T2P,5,20210224,134500,0.6,0.6,0.6,0.6,8735,0
T2P,5,20210224,135500,0.602,0.602,0.602,0.602,1,0
T2P,5,20210224,152000,0.602,0.602,0.602,0.602,1000,0
T2P,5,20210224,154000,0.588,0.61,0.588,0.61,8250,0
T2P,5,20210224,162500,0.61,0.61,0.61,0.61,3000,0
T2P,5,20210225,091000,0.608,0.608,0.608,0.608,1000,0
T2P,5,20210225,100500,0.608,0.608,0.586,0.586,1180,0
T2P,5,20210225,103500,0.608,0.608,0.608,0.608,1,0
T2P,5,20210225,114000,0.59,0.59,0.59,0.59,300,0
T2P,5,20210225,131500,0.608,0.608,0.608,0.608,1,0
T2P,5,20210225,142500,0.602,0.602,0.59,0.59,6500,0
T2P,5,20210225,152500,0.606,0.606,0.606,0.606,1,0
T2P,5,20210225,154000,0.606,0.606,0.606,0.606,300,0
T2P,5,20210225,164500,0.606,0.608,0.606,0.608,700,0
T2P,5,20210226,090000,0.608,0.608,0.608,0.608,3276,0
T2P,5,20210226,092000,0.602,0.602,0.602,0.602,498,0
T2P,5,20210226,092500,0.608,0.608,0.608,0.608,72,0
T2P,5,20210226,093500,0.608,0.608,0.578,0.578,4500,0
T2P,5,20210226,094000,0.608,0.608,0.608,0.608,1123,0
T2P,5,20210226,100500,0.586,0.586,0.586,0.586,3000,0
T2P,5,20210226,101500,0.608,0.608,0.608,0.608,1,0
T2P,5,20210226,105500,0.596,0.596,0.596,0.596,2000,0
T2P,5,20210226,135500,0.6,0.6,0.6,0.6,1,0
T2P,5,20210226,140500,0.596,0.596,0.58,0.58,7869,0
T2P,5,20210226,141000,0.58,0.58,0.58,0.58,2031,0
T2P,5,20210226,141500,0.58,0.58,0.58,0.58,502,0
T2P,5,20210226,142500,0.58,0.58,0.572,0.572,11217,0
T2P,5,20210226,143000,0.572,0.572,0.568,0.568,2748,0
T2P,5,20210226,143500,0.568,0.568,0.568,0.568,901,0
T2P,5,20210226,144500,0.598,0.598,0.598,0.598,200,0
T2P,5,20210226,152500,0.596,0.596,0.596,0.596,2500,0
T2P,5,20210226,164500,0.594,0.594,0.594,0.594,1679,0
T2P,5,20210301,090000,0.596,0.596,0.57,0.57,11115,0
T2P,5,20210301,092000,0.57,0.57,0.57,0.57,14205,0
T2P,5,20210301,093000,0.57,0.57,0.57,0.57,3000,0
T2P,5,20210301,093500,0.57,0.57,0.57,0.57,6199,0
T2P,5,20210301,094500,0.57,0.57,0.57,0.57,801,0
T2P,5,20210301,095500,0.57,0.57,0.57,0.57,199,0
T2P,5,20210301,100000,0.566,0.566,0.566,0.566,1000,0
T2P,5,20210301,101500,0.57,0.57,0.57,0.57,2010,0
T2P,5,20210301,103500,0.57,0.58,0.57,0.58,6200,0
T2P,5,20210301,110000,0.58,0.58,0.58,0.58,1000,0
T2P,5,20210301,110500,0.57,0.57,0.57,0.57,6209,0
T2P,5,20210301,112500,0.578,0.578,0.578,0.578,1000,0
T2P,5,20210301,115500,0.57,0.578,0.57,0.578,5010,0
T2P,5,20210301,130500,0.572,0.572,0.57,0.57,3500,0
T2P,5,20210301,135000,0.57,0.57,0.57,0.57,140,0
T2P,5,20210301,135500,0.57,0.57,0.57,0.57,1055,0
T2P,5,20210301,141500,0.568,0.57,0.566,0.57,4000,0
T2P,5,20210301,143000,0.57,0.57,0.57,0.57,1000,0
T2P,5,20210301,144000,0.57,0.572,0.57,0.572,3000,0
T2P,5,20210301,151500,0.57,0.572,0.57,0.572,5300,0
T2P,5,20210301,153500,0.572,0.578,0.572,0.578,2695,0
T2P,5,20210301,155000,0.578,0.578,0.578,0.578,4000,0
T2P,5,20210301,162000,0.58,0.58,0.58,0.58,735,0
T2P,5,20210302,090500,0.578,0.58,0.578,0.58,2455,0
T2P,5,20210302,092000,0.578,0.578,0.578,0.578,3000,0
T2P,5,20210302,093500,0.566,0.566,0.566,0.566,1021,0
T2P,5,20210302,094000,0.578,0.578,0.578,0.578,1,0
T2P,5,20210302,095000,0.57,0.57,0.57,0.57,900,0
T2P,5,20210302,095500,0.57,0.57,0.57,0.57,950,0
T2P,5,20210302,101500,0.562,0.562,0.552,0.552,17836,0
T2P,5,20210302,102500,0.56,0.56,0.56,0.56,1000,0
T2P,5,20210302,105500,0.56,0.56,0.56,0.56,2000,0
T2P,5,20210302,111500,0.568,0.568,0.568,0.568,55,0
T2P,5,20210302,120500,0.556,0.556,0.55,0.55,12630,0
T2P,5,20210302,122000,0.548,0.548,0.512,0.52,42000,0
T2P,5,20210302,122500,0.546,0.546,0.524,0.524,14001,0
T2P,5,20210302,123000,0.526,0.526,0.516,0.516,7370,0
T2P,5,20210302,125500,0.544,0.546,0.544,0.546,5649,0
T2P,5,20210302,130000,0.544,0.544,0.53,0.53,4000,0
T2P,5,20210302,130500,0.53,0.53,0.53,0.53,1444,0
T2P,5,20210302,133500,0.544,0.544,0.544,0.544,556,0
T2P,5,20210302,134500,0.544,0.566,0.544,0.566,4455,0
T2P,5,20210302,141000,0.564,0.564,0.564,0.564,1303,0
T2P,5,20210302,154000,0.562,0.562,0.562,0.562,2000,0
T2P,5,20210302,155000,0.564,0.564,0.564,0.564,25,0
T2P,5,20210302,164000,0.562,0.562,0.562,0.562,365,0
T2P,5,20210302,164500,0.564,0.576,0.564,0.576,27758,0
T2P,5,20210303,090000,0.57,0.57,0.57,0.57,7720,0
T2P,5,20210303,090500,0.57,0.57,0.57,0.57,8523,0
T2P,5,20210303,091000,0.576,0.576,0.576,0.576,200,0
T2P,5,20210303,102000,0.57,0.57,0.57,0.57,5200,0
T2P,5,20210303,102500,0.574,0.576,0.574,0.576,19555,0
T2P,5,20210303,105500,0.576,0.576,0.576,0.576,750,0
T2P,5,20210303,111000,0.57,0.57,0.57,0.57,2625,0
T2P,5,20210303,113000,0.57,0.57,0.57,0.57,4575,0
T2P,5,20210303,131000,0.55,0.55,0.55,0.55,4500,0
T2P,5,20210303,140000,0.56,0.57,0.56,0.57,3677,0
T2P,5,20210303,150500,0.568,0.57,0.568,0.57,3500,0
T2P,5,20210303,151000,0.552,0.552,0.552,0.552,268,0
T2P,5,20210303,152500,0.552,0.552,0.552,0.552,232,0
T2P,5,20210303,161000,0.544,0.552,0.544,0.552,2100,0
T2P,5,20210303,162000,0.57,0.572,0.57,0.572,548,0
T2P,5,20210304,090000,0.532,0.532,0.532,0.532,1300,0
T2P,5,20210304,090500,0.532,0.532,0.532,0.532,2598,0
T2P,5,20210304,093000,0.57,0.57,0.57,0.57,100,0
T2P,5,20210304,094500,0.534,0.534,0.53,0.53,10902,0
T2P,5,20210304,095000,0.53,0.53,0.53,0.53,2000,0
T2P,5,20210304,100500,0.53,0.53,0.53,0.53,293,0
T2P,5,20210304,101000,0.528,0.528,0.528,0.528,115,0
T2P,5,20210304,105000,0.528,0.528,0.528,0.528,332,0
T2P,5,20210304,110500,0.538,0.538,0.538,0.538,445,0
T2P,5,20210304,111500,0.53,0.53,0.53,0.53,3000,0
T2P,5,20210304,112000,0.53,0.53,0.53,0.53,1500,0
T2P,5,20210304,113000,0.53,0.53,0.53,0.53,500,0
T2P,5,20210304,114000,0.54,0.556,0.54,0.556,2007,0
T2P,5,20210304,121500,0.548,0.548,0.548,0.548,2400,0
T2P,5,20210304,122000,0.54,0.54,0.54,0.54,6900,0
T2P,5,20210304,123000,0.548,0.548,0.548,0.548,100,0
T2P,5,20210304,152000,0.54,0.54,0.52,0.52,22000,0
T2P,5,20210304,162000,0.53,0.55,0.522,0.55,12500,0
T2P,5,20210305,090000,0.52,0.548,0.52,0.548,2001,0
T2P,5,20210305,091500,0.52,0.52,0.514,0.514,7137,0
T2P,5,20210305,092000,0.54,0.54,0.54,0.54,2,0
T2P,5,20210305,113000,0.53,0.53,0.53,0.53,2000,0
T2P,5,20210305,120500,0.53,0.53,0.53,0.53,200,0
T2P,5,20210305,123000,0.53,0.53,0.53,0.53,100,0
T2P,5,20210305,123500,0.53,0.53,0.53,0.53,50,0
T2P,5,20210305,150000,0.53,0.53,0.53,0.53,5355,0
T2P,5,20210305,150500,0.53,0.538,0.53,0.538,4700,0
T2P,5,20210305,161500,0.524,0.524,0.524,0.524,2361,0
T2P,5,20210305,164500,0.538,0.538,0.538,0.538,200,0
T2P,5,20210308,090000,0.546,0.546,0.546,0.546,12000,0
T2P,5,20210308,100500,0.546,0.546,0.546,0.546,996,0
T2P,5,20210308,104000,0.546,0.548,0.546,0.548,1100,0
T2P,5,20210308,110500,0.534,0.534,0.534,0.534,100,0
T2P,5,20210308,111000,0.534,0.534,0.534,0.534,81,0
T2P,5,20210308,112000,0.534,0.548,0.534,0.548,500,0
T2P,5,20210308,144000,0.548,0.548,0.548,0.548,9667,0
T2P,5,20210308,144500,0.55,0.556,0.55,0.556,130,0
T2P,5,20210308,150500,0.554,0.554,0.554,0.554,3001,0
T2P,5,20210308,151000,0.556,0.556,0.556,0.556,4950,0
T2P,5,20210308,151500,0.56,0.56,0.56,0.56,30,0
T2P,5,20210308,152500,0.56,0.56,0.56,0.56,2994,0
T2P,5,20210308,153000,0.568,0.588,0.568,0.588,1005,0
T2P,5,20210308,155000,0.58,0.58,0.58,0.58,5000,0
T2P,5,20210308,161000,0.544,0.544,0.544,0.544,2500,0
T2P,5,20210308,162500,0.576,0.576,0.576,0.576,1,0
T2P,5,20210308,164500,0.546,0.546,0.546,0.546,996,0
T2P,5,20210309,090000,0.57,0.57,0.57,0.57,1000,0
T2P,5,20210309,100500,0.568,0.568,0.568,0.568,450,0
T2P,5,20210309,105000,0.544,0.544,0.544,0.544,1910,0
T2P,5,20210309,105500,0.546,0.546,0.546,0.546,3000,0
T2P,5,20210309,110000,0.562,0.562,0.562,0.562,1004,0
T2P,5,20210309,110500,0.562,0.562,0.562,0.562,672,0
T2P,5,20210309,112000,0.562,0.562,0.562,0.562,555,0
T2P,5,20210309,121500,0.55,0.55,0.55,0.55,2000,0
T2P,5,20210309,123000,0.546,0.546,0.546,0.546,1,0
T2P,5,20210309,130000,0.546,0.546,0.546,0.546,690,0
T2P,5,20210309,133000,0.56,0.56,0.56,0.56,1200,0
T2P,5,20210309,134500,0.56,0.56,0.56,0.56,5000,0
T2P,5,20210309,152500,0.548,0.548,0.546,0.546,1500,0
T2P,5,20210309,155000,0.56,0.56,0.56,0.56,66,0
T2P,5,20210309,163000,0.56,0.56,0.56,0.56,4934,0
T2P,5,20210309,163500,0.562,0.566,0.56,0.56,9746,0
T2P,5,20210309,165500,0.566,0.566,0.566,0.566,764,0
T2P,5,20210310,090000,0.562,0.562,0.562,0.562,2000,0
T2P,5,20210310,091000,0.562,0.562,0.562,0.562,1455,0
T2P,5,20210310,091500,0.562,0.562,0.562,0.562,2800,0
T2P,5,20210310,092000,0.572,0.572,0.572,0.572,550,0
T2P,5,20210310,094500,0.574,0.584,0.574,0.584,1855,0
T2P,5,20210310,095500,0.584,0.584,0.584,0.584,800,0
T2P,5,20210310,104000,0.572,0.572,0.572,0.572,30,0
T2P,5,20210310,105500,0.58,0.58,0.58,0.58,100,0
T2P,5,20210310,122000,0.58,0.58,0.58,0.58,4898,0
T2P,5,20210310,124000,0.58,0.58,0.58,0.58,202,0
T2P,5,20210310,125500,0.584,0.584,0.584,0.584,99,0
T2P,5,20210310,130000,0.584,0.584,0.584,0.584,3013,0
T2P,5,20210310,130500,0.584,0.584,0.584,0.584,17056,0
T2P,5,20210310,142500,0.586,0.59,0.586,0.59,31000,0
T2P,5,20210310,143500,0.59,0.598,0.59,0.598,2800,0
T2P,5,20210310,144000,0.572,0.572,0.572,0.572,2938,0
T2P,5,20210310,145000,0.598,0.598,0.598,0.598,2062,0
T2P,5,20210310,145500,0.58,0.58,0.58,0.58,4000,0
T2P,5,20210310,151000,0.58,0.6,0.58,0.6,17700,0
T2P,5,20210310,152000,0.582,0.582,0.58,0.58,15000,0
T2P,5,20210310,153500,0.58,0.58,0.58,0.58,4011,0
T2P,5,20210311,091500,0.598,0.598,0.598,0.598,10000,0
T2P,5,20210311,092000,0.596,0.596,0.596,0.596,2000,0
T2P,5,20210311,095500,0.596,0.598,0.596,0.598,2055,0
T2P,5,20210311,100000,0.598,0.598,0.598,0.598,1555,0
T2P,5,20210311,103500,0.582,0.582,0.58,0.58,14066,0
T2P,5,20210311,112000,0.582,0.582,0.582,0.582,1500,0
T2P,5,20210311,120500,0.582,0.596,0.582,0.596,18460,0
T2P,5,20210311,123000,0.596,0.596,0.596,0.596,90,0
T2P,5,20210311,131000,0.576,0.576,0.576,0.576,4000,0
T2P,5,20210311,131500,0.574,0.59,0.57,0.59,6092,0
T2P,5,20210312,095000,0.588,0.59,0.588,0.59,6555,0
T2P,5,20210312,095500,0.59,0.59,0.59,0.59,2000,0
T2P,5,20210312,101000,0.59,0.59,0.59,0.59,15067,0
T2P,5,20210312,101500,0.592,0.61,0.592,0.61,10188,0
T2P,5,20210312,102000,0.61,0.62,0.61,0.62,5200,0
T2P,5,20210312,102500,0.62,0.63,0.62,0.63,3005,0
T2P,5,20210312,103000,0.63,0.63,0.63,0.63,1452,0
T2P,5,20210312,103500,0.604,0.604,0.6,0.6,31500,0
T2P,5,20210312,104000,0.6,0.62,0.6,0.62,555,0
T2P,5,20210312,105000,0.608,0.608,0.608,0.608,300,0
T2P,5,20210312,110500,0.608,0.608,0.608,0.608,1078,0
T2P,5,20210312,111000,0.612,0.612,0.608,0.608,1123,0
T2P,5,20210312,112000,0.612,0.612,0.612,0.612,222,0
T2P,5,20210312,112500,0.612,0.628,0.612,0.628,4735,0
T2P,5,20210312,113000,0.63,0.632,0.63,0.632,3582,0
T2P,5,20210312,113500,0.632,0.632,0.632,0.632,222,0
T2P,5,20210312,114500,0.604,0.604,0.604,0.604,8450,0
T2P,5,20210312,115000,0.62,0.62,0.602,0.602,7064,0
T2P,5,20210312,120500,0.6,0.6,0.6,0.6,2597,0
T2P,5,20210312,121000,0.6,0.618,0.6,0.618,300,0
T2P,5,20210312,121500,0.582,0.582,0.582,0.582,1570,0
T2P,5,20210312,122000,0.58,0.58,0.58,0.58,2000,0
T2P,5,20210312,122500,0.58,0.58,0.58,0.58,2100,0
T2P,5,20210312,130000,0.614,0.614,0.614,0.614,222,0
T2P,5,20210312,154500,0.616,0.616,0.616,0.616,222,0
T2P,5,20210312,160000,0.6,0.6,0.6,0.6,2000,0
T2P,5,20210312,164000,0.614,0.614,0.614,0.614,222,0
T2P,5,20210315,090000,0.596,0.596,0.596,0.596,1002,0
T2P,5,20210315,090500,0.594,0.614,0.594,0.614,670,0
T2P,5,20210315,104000,0.614,0.614,0.614,0.614,1000,0
T2P,5,20210315,104500,0.594,0.614,0.552,0.614,16500,0
T2P,5,20210315,124000,0.61,0.61,0.61,0.61,2209,0
T2P,5,20210315,131500,0.61,0.61,0.61,0.61,791,0
T2P,5,20210315,132500,0.566,0.566,0.56,0.564,15000,0
T2P,5,20210315,134000,0.586,0.606,0.586,0.606,2001,0
T2P,5,20210315,155500,0.598,0.598,0.598,0.598,2000,0
T2P,5,20210315,164500,0.598,0.598,0.598,0.598,1370,0
T2P,5,20210316,091500,0.598,0.598,0.598,0.598,800,0
T2P,5,20210316,093500,0.57,0.57,0.57,0.57,4000,0
T2P,5,20210316,094500,0.568,0.568,0.568,0.568,8786,0
T2P,5,20210316,095000,0.564,0.564,0.564,0.564,595,0
T2P,5,20210316,103000,0.596,0.596,0.596,0.596,5263,0
T2P,5,20210316,104000,0.566,0.566,0.566,0.566,200,0
T2P,5,20210316,111500,0.592,0.592,0.592,0.592,2500,0
T2P,5,20210316,113000,0.592,0.592,0.592,0.592,100,0
T2P,5,20210316,134000,0.59,0.59,0.59,0.59,2378,0
T2P,5,20210316,134500,0.59,0.59,0.59,0.59,1953,0
T2P,5,20210316,140000,0.59,0.59,0.59,0.59,669,0
T2P,5,20210316,140500,0.57,0.57,0.57,0.57,1303,0
T2P,5,20210316,141000,0.57,0.59,0.568,0.59,8378,0
T2P,5,20210316,142000,0.566,0.566,0.566,0.566,3335,0
T2P,5,20210316,142500,0.566,0.566,0.566,0.566,842,0
T2P,5,20210316,143000,0.564,0.59,0.564,0.59,25453,0
T2P,5,20210316,144000,0.568,0.568,0.56,0.56,14452,0
T2P,5,20210316,144500,0.59,0.59,0.59,0.59,1,0
T2P,5,20210316,145000,0.552,0.552,0.55,0.55,13068,0
T2P,5,20210316,145500,0.57,0.592,0.57,0.592,15649,0
T2P,5,20210316,150000,0.592,0.592,0.592,0.592,1233,0
T2P,5,20210316,150500,0.592,0.596,0.592,0.596,11290,0
T2P,5,20210316,151000,0.6,0.6,0.6,0.6,10688,0
T2P,5,20210316,151500,0.612,0.66,0.612,0.66,37387,0
T2P,5,20210316,152000,0.66,0.69,0.644,0.644,25944,0
T2P,5,20210316,154000,0.64,0.64,0.64,0.64,1800,0
T2P,5,20210316,154500,0.632,0.644,0.61,0.644,10263,0
T2P,5,20210316,160000,0.638,0.638,0.638,0.638,3583,0
T2P,5,20210316,161500,0.63,0.63,0.63,0.63,1000,0
T2P,5,20210316,162500,0.614,0.62,0.614,0.62,11703,0
T2P,5,20210316,163000,0.62,0.62,0.62,0.62,4787,0
T2P,5,20210316,163500,0.62,0.63,0.62,0.63,3904,0
T2P,5,20210317,090000,0.63,0.64,0.63,0.64,7818,0
T2P,5,20210317,090500,0.642,0.642,0.642,0.642,300,0
T2P,5,20210317,091500,0.63,0.63,0.63,0.63,1034,0
T2P,5,20210317,092500,0.63,0.63,0.63,0.63,6000,0
T2P,5,20210317,095500,0.63,0.63,0.63,0.63,1,0
T2P,5,20210317,100500,0.63,0.642,0.63,0.642,350,0
T2P,5,20210317,103500,0.612,0.612,0.612,0.612,2,0
T2P,5,20210317,112000,0.614,0.614,0.614,0.614,3403,0
T2P,5,20210317,113000,0.638,0.648,0.638,0.648,3000,0
T2P,5,20210317,114000,0.64,0.64,0.64,0.64,2000,0
T2P,5,20210317,114500,0.648,0.648,0.648,0.648,250,0
T2P,5,20210317,115000,0.64,0.648,0.64,0.648,11600,0
T2P,5,20210317,115500,0.64,0.64,0.64,0.64,8000,0
T2P,5,20210317,120500,0.648,0.648,0.648,0.648,837,0
T2P,5,20210317,121000,0.65,0.65,0.65,0.65,288,0
T2P,5,20210317,121500,0.64,0.64,0.612,0.612,7926,0
T2P,5,20210317,122000,0.65,0.65,0.65,0.65,1,0
T2P,5,20210317,131000,0.616,0.616,0.616,0.616,8573,0
T2P,5,20210317,134500,0.616,0.616,0.616,0.616,1000,0
T2P,5,20210317,140500,0.616,0.616,0.61,0.61,8172,0
T2P,5,20210317,142500,0.61,0.61,0.61,0.61,5861,0
T2P,5,20210317,143000,0.606,0.606,0.606,0.606,6300,0
T2P,5,20210317,143500,0.606,0.606,0.606,0.606,1333,0
T2P,5,20210317,145000,0.6,0.6,0.6,0.6,3221,0
T2P,5,20210317,151000,0.59,0.59,0.59,0.59,2000,0
T2P,5,20210317,154000,0.606,0.606,0.606,0.606,367,0
T2P,5,20210317,160000,0.61,0.61,0.61,0.61,3300,0
T2P,5,20210317,165500,0.61,0.61,0.61,0.61,1560,0
T2P,5,20210318,090000,0.616,0.616,0.616,0.616,300,0
T2P,5,20210318,091500,0.616,0.616,0.616,0.616,1200,0
T2P,5,20210318,092000,0.616,0.63,0.616,0.63,1600,0
T2P,5,20210318,093500,0.626,0.68,0.626,0.68,102843,0
T2P,5,20210318,094000,0.68,0.738,0.68,0.738,161630,0
T2P,5,20210318,095500,0.73,0.736,0.702,0.736,143732,0
T2P,5,20210318,100000,0.73,0.738,0.69,0.718,90526,0
T2P,5,20210318,100500,0.714,0.72,0.674,0.674,50092,0
T2P,5,20210318,101000,0.708,0.708,0.684,0.698,6916,0
T2P,5,20210318,101500,0.698,0.704,0.662,0.696,25487,0
T2P,5,20210318,102000,0.668,0.696,0.668,0.67,18284,0
T2P,5,20210318,102500,0.692,0.692,0.672,0.68,5506,0
T2P,5,20210318,103000,0.68,0.694,0.68,0.68,16116,0
T2P,5,20210318,103500,0.674,0.674,0.666,0.668,21344,0
T2P,5,20210318,104000,0.664,0.676,0.664,0.676,5407,0
T2P,5,20210318,104500,0.676,0.684,0.662,0.662,26893,0
T2P,5,20210318,105000,0.664,0.68,0.662,0.678,1753,0
T2P,5,20210318,105500,0.66,0.67,0.66,0.67,6002,0
T2P,5,20210318,110000,0.67,0.67,0.67,0.67,4549,0
T2P,5,20210318,110500,0.678,0.678,0.67,0.678,6406,0
T2P,5,20210318,111000,0.678,0.686,0.67,0.686,28606,0
T2P,5,20210318,111500,0.686,0.686,0.686,0.686,500,0
T2P,5,20210318,113500,0.686,0.686,0.686,0.686,2990,0
T2P,5,20210318,114000,0.684,0.684,0.684,0.684,2152,0
T2P,5,20210318,120500,0.67,0.738,0.67,0.738,174302,0
T2P,5,20210318,121000,0.738,0.738,0.738,0.738,5673,0
T2P,5,20210318,121500,0.774,0.774,0.774,0.774,43190,0
T2P,5,20210318,122000,0.774,0.79,0.732,0.732,144785,0
T2P,5,20210318,122500,0.74,0.78,0.74,0.78,6000,0
T2P,5,20210318,123000,0.778,0.786,0.778,0.782,48072,0
T2P,5,20210318,123500,0.782,0.786,0.756,0.78,18655,0
T2P,5,20210318,124000,0.756,0.756,0.718,0.718,53926,0
T2P,5,20210318,124500,0.72,0.73,0.7,0.73,18900,0
T2P,5,20210318,125000,0.726,0.73,0.726,0.73,8000,0
T2P,5,20210318,130000,0.71,0.71,0.71,0.71,700,0
T2P,5,20210318,131000,0.726,0.73,0.71,0.73,6229,0
T2P,5,20210318,132000,0.728,0.748,0.728,0.748,47757,0
T2P,5,20210318,132500,0.748,0.766,0.738,0.76,20584,0
T2P,5,20210318,133000,0.74,0.74,0.732,0.732,15685,0
T2P,5,20210318,133500,0.748,0.748,0.722,0.73,30144,0
T2P,5,20210318,134000,0.73,0.742,0.73,0.742,5127,0
T2P,5,20210318,134500,0.74,0.74,0.74,0.74,1500,0
T2P,5,20210318,135000,0.74,0.744,0.71,0.744,12558,0
T2P,5,20210318,135500,0.714,0.714,0.714,0.714,350,0
T2P,5,20210318,140000,0.714,0.714,0.714,0.714,4785,0
T2P,5,20210318,140500,0.712,0.712,0.712,0.712,4215,0
T2P,5,20210318,142500,0.736,0.736,0.736,0.736,1,0
T2P,5,20210318,144000,0.72,0.72,0.712,0.712,3900,0
T2P,5,20210318,150000,0.736,0.736,0.736,0.736,60,0
T2P,5,20210318,151500,0.736,0.736,0.712,0.712,403,0
T2P,5,20210318,152000,0.712,0.712,0.712,0.712,1500,0
T2P,5,20210318,152500,0.714,0.738,0.714,0.738,7501,0
T2P,5,20210318,155500,0.734,0.736,0.734,0.736,5085,0
T2P,5,20210318,160500,0.736,0.74,0.736,0.74,1429,0
T2P,5,20210318,161000,0.742,0.742,0.742,0.742,3049,0
T2P,5,20210318,161500,0.742,0.75,0.742,0.748,9500,0
T2P,5,20210318,162000,0.75,0.75,0.74,0.74,21202,0
T2P,5,20210318,162500,0.73,0.73,0.7,0.7,44045,0
T2P,5,20210318,163000,0.692,0.692,0.69,0.69,1400,0
T2P,5,20210318,163500,0.69,0.69,0.684,0.684,15921,0
T2P,5,20210318,164000,0.69,0.698,0.684,0.684,15778,0
T2P,5,20210318,164500,0.686,0.728,0.686,0.694,96351,0
T2P,5,20210319,090000,0.632,0.69,0.632,0.69,53772,0
T2P,5,20210319,090500,0.662,0.68,0.66,0.68,5450,0
T2P,5,20210319,091000,0.68,0.68,0.66,0.66,15732,0
T2P,5,20210319,092000,0.65,0.65,0.634,0.65,8340,0
T2P,5,20210319,092500,0.638,0.65,0.638,0.65,14460,0
T2P,5,20210319,093000,0.66,0.67,0.66,0.67,10078,0
T2P,5,20210319,094000,0.67,0.67,0.67,0.67,1400,0
T2P,5,20210319,094500,0.67,0.688,0.67,0.688,1390,0
T2P,5,20210319,095500,0.686,0.686,0.666,0.666,3500,0
T2P,5,20210319,100500,0.66,0.688,0.636,0.636,40985,0
T2P,5,20210319,101000,0.642,0.66,0.642,0.66,8103,0
T2P,5,20210319,101500,0.66,0.66,0.66,0.66,1889,0
T2P,5,20210319,103000,0.688,0.688,0.688,0.688,1,0
T2P,5,20210319,104500,0.678,0.678,0.678,0.678,1000,0
T2P,5,20210319,105500,0.646,0.676,0.644,0.676,8521,0
T2P,5,20210319,111500,0.666,0.666,0.666,0.666,1000,0
T2P,5,20210319,113000,0.644,0.644,0.642,0.642,12009,0
T2P,5,20210319,113500,0.642,0.642,0.642,0.642,10502,0
T2P,5,20210319,114500,0.642,0.642,0.642,0.642,500,0
T2P,5,20210319,115000,0.642,0.642,0.642,0.642,4913,0
T2P,5,20210319,115500,0.65,0.65,0.65,0.65,2850,0
T2P,5,20210319,121000,0.65,0.668,0.65,0.668,2555,0
T2P,5,20210319,123000,0.666,0.666,0.666,0.666,96,0
T2P,5,20210319,125500,0.654,0.654,0.654,0.654,2500,0
T2P,5,20210319,130000,0.664,0.684,0.664,0.684,3955,0
T2P,5,20210319,130500,0.67,0.688,0.67,0.688,1774,0
T2P,5,20210319,132000,0.67,0.67,0.67,0.67,726,0
T2P,5,20210319,132500,0.67,0.67,0.67,0.67,1000,0
T2P,5,20210319,144500,0.648,0.648,0.646,0.646,1000,0
T2P,5,20210319,145000,0.648,0.648,0.646,0.646,9150,0
T2P,5,20210319,145500,0.646,0.646,0.646,0.646,1262,0
T2P,5,20210319,151000,0.668,0.668,0.668,0.668,1,0
T2P,5,20210319,161500,0.668,0.668,0.668,0.668,5800,0
T2P,5,20210319,162000,0.65,0.658,0.65,0.658,2011,0
T2P,5,20210319,163000,0.65,0.65,0.646,0.646,21124,0
T2P,5,20210319,164000,0.658,0.658,0.658,0.658,1,0
T2P,5,20210319,164500,0.658,0.658,0.642,0.658,5095,0
T2P,5,20210322,090000,0.656,0.684,0.652,0.684,19575,0
T2P,5,20210322,090500,0.684,0.684,0.684,0.684,3141,0
T2P,5,20210322,091500,0.68,0.68,0.68,0.68,1000,0
T2P,5,20210322,095000,0.67,0.67,0.67,0.67,2500,0
T2P,5,20210322,095500,0.644,0.644,0.644,0.644,6,0
T2P,5,20210322,100000,0.644,0.66,0.642,0.642,5055,0
T2P,5,20210322,101500,0.67,0.67,0.67,0.67,1001,0
T2P,5,20210322,102000,0.648,0.648,0.642,0.642,1500,0
T2P,5,20210322,103000,0.67,0.67,0.642,0.642,116,0
T2P,5,20210322,104000,0.66,0.66,0.66,0.66,1,0
T2P,5,20210322,111000,0.65,0.65,0.65,0.65,5000,0
T2P,5,20210322,114000,0.642,0.642,0.642,0.642,2990,0
T2P,5,20210322,114500,0.642,0.642,0.642,0.642,1010,0
T2P,5,20210322,115000,0.658,0.658,0.658,0.658,1680,0
T2P,5,20210322,125500,0.634,0.634,0.63,0.63,3222,0
T2P,5,20210322,132000,0.63,0.63,0.606,0.62,19997,0
T2P,5,20210322,132500,0.63,0.63,0.63,0.63,2222,0
T2P,5,20210322,135000,0.63,0.63,0.63,0.63,8,0
T2P,5,20210322,143000,0.62,0.62,0.62,0.62,800,0
T2P,5,20210322,144000,0.64,0.64,0.64,0.64,1011,0
T2P,5,20210322,145000,0.62,0.64,0.61,0.64,11988,0
T2P,5,20210322,145500,0.646,0.646,0.646,0.646,120,0
T2P,5,20210322,150000,0.644,0.644,0.644,0.644,1400,0
T2P,5,20210322,151500,0.644,0.652,0.644,0.652,7000,0
T2P,5,20210322,152000,0.652,0.652,0.652,0.652,424,0
T2P,5,20210322,164500,0.65,0.65,0.65,0.65,3334,0
T2P,5,20210323,090000,0.63,0.63,0.61,0.61,5000,0
T2P,5,20210323,090500,0.64,0.64,0.64,0.64,1,0
T2P,5,20210323,091000,0.64,0.64,0.64,0.64,1900,0
T2P,5,20210323,100000,0.614,0.614,0.612,0.612,6257,0
T2P,5,20210323,100500,0.64,0.64,0.64,0.64,1,0
T2P,5,20210323,103500,0.612,0.612,0.61,0.61,2234,0
T2P,5,20210323,104000,0.636,0.636,0.636,0.636,361,0
T2P,5,20210323,104500,0.61,0.61,0.61,0.61,85,0
T2P,5,20210323,105000,0.63,0.63,0.63,0.63,1,0
T2P,5,20210323,113500,0.61,0.61,0.61,0.61,2500,0
T2P,5,20210323,114000,0.63,0.63,0.63,0.63,1,0
T2P,5,20210323,120500,0.61,0.63,0.6,0.6,5901,0
T2P,5,20210323,121500,0.63,0.63,0.63,0.63,1,0
T2P,5,20210323,151500,0.61,0.61,0.61,0.61,2605,0
T2P,5,20210323,152500,0.61,0.61,0.61,0.61,4563,0
T2P,5,20210323,154000,0.626,0.626,0.626,0.626,111,0
T2P,5,20210323,162500,0.602,0.602,0.59,0.59,7000,0
T2P,5,20210323,163500,0.61,0.626,0.61,0.626,1455,0
T2P,5,20210323,164500,0.6,0.6,0.6,0.6,3000,0
T2P,5,20210323,165500,0.62,0.62,0.62,0.62,1111,0
T2P,5,20210324,090000,0.59,0.6,0.58,0.6,30001,0
T2P,5,20210324,092000,0.59,0.59,0.58,0.58,4700,0
T2P,5,20210324,092500,0.58,0.58,0.58,0.58,471,0
T2P,5,20210324,093000,0.574,0.58,0.574,0.58,10250,0
T2P,5,20210324,093500,0.574,0.574,0.574,0.574,480,0
T2P,5,20210324,094500,0.574,0.574,0.572,0.572,3000,0
T2P,5,20210324,102000,0.596,0.596,0.596,0.596,1000,0
T2P,5,20210324,111000,0.59,0.596,0.59,0.596,2400,0
T2P,5,20210324,112000,0.59,0.59,0.57,0.57,29295,0
T2P,5,20210324,112500,0.572,0.582,0.57,0.582,3978,0
T2P,5,20210324,113000,0.582,0.582,0.582,0.582,500,0
T2P,5,20210324,113500,0.582,0.586,0.582,0.586,502,0
T2P,5,20210324,114000,0.57,0.57,0.57,0.57,11000,0
T2P,5,20210324,114500,0.586,0.586,0.586,0.586,1,0
T2P,5,20210324,120500,0.586,0.586,0.586,0.586,200,0
T2P,5,20210324,124000,0.586,0.588,0.586,0.588,3000,0
T2P,5,20210324,132500,0.57,0.57,0.57,0.57,5000,0
T2P,5,20210324,133500,0.586,0.586,0.586,0.586,100,0
T2P,5,20210324,135000,0.574,0.574,0.574,0.574,700,0
T2P,5,20210324,144000,0.586,0.586,0.586,0.586,1,0
T2P,5,20210324,144500,0.576,0.576,0.576,0.576,3750,0
T2P,5,20210324,150000,0.576,0.576,0.576,0.576,250,0
T2P,5,20210324,153500,0.574,0.574,0.57,0.57,8000,0
T2P,5,20210324,154500,0.57,0.57,0.562,0.562,17876,0
T2P,5,20210324,155500,0.576,0.576,0.576,0.576,1818,0
T2P,5,20210324,161000,0.576,0.576,0.576,0.576,2899,0
T2P,5,20210324,163000,0.58,0.58,0.58,0.58,1000,0
T2P,5,20210324,164500,0.58,0.58,0.58,0.58,2500,0
T2P,5,20210324,165500,0.586,0.586,0.586,0.586,5373,0
T2P,5,20210325,090000,0.586,0.586,0.586,0.586,1238,0
T2P,5,20210325,094500,0.586,0.586,0.586,0.586,3000,0
T2P,5,20210325,101000,0.57,0.57,0.56,0.56,18639,0
T2P,5,20210325,102500,0.582,0.582,0.582,0.582,1,0
T2P,5,20210325,103000,0.57,0.57,0.57,0.57,2000,0
T2P,5,20210325,110000,0.58,0.58,0.58,0.58,1000,0
T2P,5,20210325,114000,0.578,0.578,0.578,0.578,4300,0
T2P,5,20210325,115000,0.578,0.578,0.578,0.578,3000,0
T2P,5,20210325,120000,0.578,0.578,0.578,0.578,2080,0
T2P,5,20210325,122500,0.57,0.578,0.56,0.578,9699,0
T2P,5,20210325,124500,0.578,0.578,0.578,0.578,1000,0
T2P,5,20210325,131000,0.578,0.578,0.578,0.578,3000,0
T2P,5,20210325,142500,0.576,0.576,0.576,0.576,1000,0
T2P,5,20210325,144000,0.576,0.576,0.576,0.576,1100,0
T2P,5,20210325,144500,0.576,0.576,0.576,0.576,1000,0
T2P,5,20210325,150000,0.56,0.56,0.56,0.56,680,0
T2P,5,20210325,152500,0.56,0.578,0.56,0.578,2011,0
T2P,5,20210325,154500,0.578,0.578,0.578,0.578,2169,0
T2P,5,20210325,162500,0.578,0.578,0.578,0.578,40,0
T2P,5,20210326,095000,0.56,0.56,0.56,0.56,2500,0
T2P,5,20210326,095500,0.576,0.576,0.576,0.576,1750,0
T2P,5,20210326,101000,0.574,0.574,0.574,0.574,20,0
T2P,5,20210326,104500,0.56,0.56,0.552,0.552,2169,0
T2P,5,20210326,110000,0.554,0.554,0.554,0.554,900,0
T2P,5,20210326,113500,0.57,0.57,0.57,0.57,1600,0
T2P,5,20210326,114000,0.574,0.578,0.574,0.578,1000,0
T2P,5,20210326,115000,0.578,0.578,0.578,0.578,400,0
T2P,5,20210326,121000,0.57,0.57,0.57,0.57,1905,0
T2P,5,20210326,124000,0.56,0.56,0.56,0.56,4651,0
T2P,5,20210326,125500,0.578,0.578,0.578,0.578,11,0
T2P,5,20210326,131500,0.578,0.6,0.578,0.6,18551,0
T2P,5,20210326,135000,0.598,0.598,0.598,0.598,3000,0
T2P,5,20210326,152500,0.58,0.598,0.56,0.598,4201,0
