<TICKER>,<PER>,<DATE>,<TIME>,<OPEN>,<HIGH>,<LOW>,<CLOSE>,<VOL>,<OPENINT>
THD,5,20210204,091000,24.4,24.4,24.4,24.4,250,0
THD,5,20210204,094500,24.4,24.4,24.4,24.4,100,0
THD,5,20210204,095500,24.5,24.5,24.5,24.5,105,0
THD,5,20210204,113500,24.9,24.9,24.9,24.9,1,0
THD,5,20210204,122500,24.9,24.9,24.9,24.9,230,0
THD,5,20210204,125000,24.7,24.7,24.7,24.7,50,0
THD,5,20210204,131500,24.7,24.7,24.7,24.7,50,0
THD,5,20210204,133000,24.6,24.6,24.6,24.6,200,0
THD,5,20210204,141000,25,25,25,25,48,0
THD,5,20210205,090000,25.2,25.2,25.2,25.2,30,0
THD,5,20210205,090500,25.2,25.2,25.2,25.2,1,0
THD,5,20210205,092500,25.2,25.5,25.2,25.5,50,0
THD,5,20210205,094000,25.4,25.8,25.4,25.8,200,0
THD,5,20210205,095000,25.8,25.8,25.8,25.8,22,0
THD,5,20210205,100000,25.8,25.8,25.8,25.8,18,0
THD,5,20210205,100500,24.8,24.8,24.7,24.7,249,0
THD,5,20210205,101500,25.6,25.8,25.6,25.8,800,0
THD,5,20210205,104500,25.5,25.5,25.5,25.5,75,0
THD,5,20210205,111000,25.6,25.6,25.6,25.6,150,0
THD,5,20210205,123000,25.6,25.6,25.6,25.6,40,0
THD,5,20210205,130000,24.9,24.9,24.9,24.9,1,0
THD,5,20210205,131000,24.9,24.9,24.9,24.9,30,0
THD,5,20210205,150500,25,25,25,25,10,0
THD,5,20210205,160500,25,25,25,25,99,0
THD,5,20210205,162000,25,25,25,25,100,0
THD,5,20210208,090000,25.5,25.5,25.5,25.5,25,0
THD,5,20210208,091500,25.2,25.5,25,25.5,85,0
THD,5,20210208,095000,25.3,25.3,25.3,25.3,9,0
THD,5,20210208,100500,25,25,25,25,19,0
THD,5,20210208,111500,25,25,25,25,79,0
THD,5,20210208,112000,25,25,25,25,100,0
THD,5,20210208,115500,24.9,24.9,24.8,24.8,60,0
THD,5,20210208,120000,24.6,24.6,24.6,24.6,160,0
THD,5,20210208,121000,24.9,24.9,24.9,24.9,40,0
THD,5,20210208,124000,24.9,25,24.9,25,100,0
THD,5,20210208,131500,24.6,24.6,24.6,24.6,100,0
THD,5,20210208,132500,24.9,24.9,24.9,24.9,20,0
THD,5,20210208,133000,25,25,25,25,20,0
THD,5,20210208,141000,25,25,25,25,482,0
THD,5,20210208,150000,25,25,25,25,15,0
THD,5,20210208,160000,25,25,25,25,10,0
THD,5,20210208,160500,25,25,25,25,80,0
THD,5,20210208,162000,25.5,25.5,25.5,25.5,30,0
THD,5,20210208,163000,25.5,25.5,25.5,25.5,10,0
THD,5,20210208,163500,25.6,25.6,25.6,25.6,20,0
THD,5,20210208,164500,25.6,25.6,25.6,25.6,30,0
THD,5,20210209,091500,25.2,25.2,25.1,25.1,41,0
THD,5,20210209,094500,25,25,24.5,24.5,100,0
THD,5,20210209,095500,25.4,25.4,25.4,25.4,2,0
THD,5,20210209,102500,25,25,25,25,65,0
THD,5,20210209,114500,24.6,24.6,24.6,24.6,5,0
THD,5,20210209,115500,24.6,24.6,24.6,24.6,165,0
THD,5,20210209,120000,24.6,24.6,24.6,24.6,35,0
THD,5,20210209,121500,24.8,24.8,24.8,24.8,10,0
THD,5,20210209,125000,25.3,25.3,25.3,25.3,20,0
THD,5,20210209,130000,25.3,25.3,25.3,25.3,20,0
THD,5,20210209,142500,25.3,25.3,25.3,25.3,18,0
THD,5,20210209,144000,25.4,25.4,25.4,25.4,22,0
THD,5,20210209,150000,25,25,25,25,70,0
THD,5,20210209,151000,25.4,25.4,25.4,25.4,100,0
THD,5,20210209,153000,25.5,25.5,25.5,25.5,100,0
THD,5,20210209,154000,25.5,25.5,25.5,25.5,4,0
THD,5,20210209,161500,25.3,25.3,25.2,25.2,44,0
THD,5,20210209,162000,24.9,24.9,24.9,24.9,150,0
THD,5,20210209,164000,25.4,25.4,25.4,25.4,21,0
THD,5,20210210,091500,24.8,24.8,24.8,24.8,100,0
THD,5,20210210,092000,24.8,24.8,24.8,24.8,112,0
THD,5,20210210,092500,25.5,25.5,25.5,25.5,28,0
THD,5,20210210,124000,25,25,24.8,24.8,118,0
THD,5,20210210,130000,24.8,24.8,24.8,24.8,100,0
THD,5,20210210,133500,24.8,24.8,24.7,24.7,227,0
THD,5,20210210,145000,25.3,25.3,25.3,25.3,60,0
THD,5,20210210,152000,25.3,25.3,25.3,25.3,2,0
THD,5,20210210,160000,24.7,24.7,24.7,24.7,244,0
THD,5,20210210,164500,24.6,24.6,24.6,24.6,200,0
THD,5,20210211,091500,24.8,24.8,24.8,24.8,50,0
THD,5,20210211,092000,24.7,24.7,24.6,24.6,100,0
THD,5,20210211,092500,25,25,25,25,60,0
THD,5,20210211,093000,24.6,24.6,24.6,24.6,638,0
THD,5,20210211,093500,24.6,24.6,24.5,24.5,2160,0
THD,5,20210211,111000,24.9,24.9,24.9,24.9,100,0
THD,5,20210211,123500,24.7,24.7,24.6,24.6,100,0
THD,5,20210211,133500,24.7,24.7,24.6,24.6,170,0
THD,5,20210211,135000,24.6,24.6,24.5,24.5,240,0
THD,5,20210211,154000,24.6,24.6,24.6,24.6,15,0
THD,5,20210211,154500,24.9,24.9,24.9,24.9,20,0
THD,5,20210212,090000,24.5,24.5,24.5,24.5,6,0
THD,5,20210212,091000,24.6,24.6,23.9,23.9,600,0
THD,5,20210212,092500,24.1,24.1,24,24,235,0
THD,5,20210212,093000,23.9,23.9,23.9,23.9,40,0
THD,5,20210212,095500,24,24,24,24,120,0
THD,5,20210212,101000,24,24,23.7,23.7,493,0
THD,5,20210212,101500,23.7,23.7,23.7,23.7,83,0
THD,5,20210212,103500,24,24,23.8,23.8,115,0
THD,5,20210212,105000,24.2,24.2,24.2,24.2,60,0
THD,5,20210212,111500,24.1,24.1,24.1,24.1,100,0
THD,5,20210212,113500,24.6,24.6,24.6,24.6,80,0
THD,5,20210212,115000,24.2,24.2,24.2,24.2,60,0
THD,5,20210212,123500,24.2,24.2,24.2,24.2,33,0
THD,5,20210212,124000,24.4,24.4,24.4,24.4,1,0
THD,5,20210212,124500,24.2,24.2,24.2,24.2,54,0
THD,5,20210212,132000,24.4,24.4,24.4,24.4,19,0
THD,5,20210212,132500,24.5,24.5,24.5,24.5,98,0
THD,5,20210212,143500,24.5,24.5,24.2,24.2,100,0
THD,5,20210212,150500,24.6,24.8,24.6,24.8,700,0
THD,5,20210212,151000,24.9,25.6,24.9,25.6,550,0
THD,5,20210215,090000,25.7,25.7,24.7,24.7,243,0
THD,5,20210215,090500,24.6,24.6,24.6,24.6,218,0
THD,5,20210215,091500,25,25,25,25,30,0
THD,5,20210215,092000,25,25,25,25,30,0
THD,5,20210215,095000,25,25.4,25,25.4,12,0
THD,5,20210215,100500,24.9,24.9,24.7,24.7,98,0
THD,5,20210215,102500,25.3,25.4,25.3,25.4,96,0
THD,5,20210215,105500,24.8,24.8,24.8,24.8,214,0
THD,5,20210215,111000,24.7,24.7,24.7,24.7,100,0
THD,5,20210215,113000,24.8,24.8,24.8,24.8,130,0
THD,5,20210215,115000,24.7,24.7,24.7,24.7,5,0
THD,5,20210215,120500,25.1,25.6,25.1,25.6,651,0
THD,5,20210215,121000,25.8,26,25.8,26,1925,0
THD,5,20210215,121500,26,26,26,26,55,0
THD,5,20210215,122500,26.3,27.8,26.3,27.8,984,0
THD,5,20210215,123000,27.9,29.4,27.9,29.4,3160,0
THD,5,20210215,123500,29.2,29.4,28,28.8,804,0
THD,5,20210215,124000,28.9,28.9,27.7,27.7,639,0
THD,5,20210215,125000,27.6,28.2,27.3,28.2,175,0
THD,5,20210215,125500,27.5,27.5,26.9,26.9,198,0
THD,5,20210215,130000,25.6,25.6,25.6,25.6,40,0
THD,5,20210215,130500,26,26,26,26,49,0
THD,5,20210215,131000,26.7,26.7,26.7,26.7,45,0
THD,5,20210215,132000,26.7,26.7,26.7,26.7,151,0
THD,5,20210215,133000,26.7,26.7,26.7,26.7,4,0
THD,5,20210215,135000,27,27.5,27,27.5,95,0
THD,5,20210215,140000,27.1,27.1,26.2,26.2,1000,0
THD,5,20210215,155500,27.2,27.2,27.2,27.2,15,0
THD,5,20210215,160000,26.6,26.6,26.6,26.6,65,0
THD,5,20210215,162500,27.4,27.5,27.4,27.5,25,0
THD,5,20210215,164000,27.4,27.4,27.4,27.4,16,0
THD,5,20210215,164500,26.8,28,26.8,28,184,0
THD,5,20210216,090000,27.9,27.9,27.9,27.9,183,0
THD,5,20210216,094000,27.1,27.1,26.9,26.9,65,0
THD,5,20210216,100000,26.5,26.5,26.5,26.5,25,0
THD,5,20210216,101500,27.2,27.2,27.2,27.2,136,0
THD,5,20210216,103500,26.5,26.5,26.5,26.5,100,0
THD,5,20210216,110000,26.4,26.4,26.4,26.4,138,0
THD,5,20210216,110500,27,27,27,27,20,0
THD,5,20210216,111500,27,27,27,27,13,0
THD,5,20210216,112000,26.4,26.4,26.3,26.3,169,0
THD,5,20210216,113500,27,27,27,27,33,0
THD,5,20210216,115500,26.6,26.6,26.6,26.6,74,0
THD,5,20210216,121500,27,27,27,27,52,0
THD,5,20210216,122000,27,27,27,27,30,0
THD,5,20210216,125500,26.6,26.6,26.6,26.6,13,0
THD,5,20210216,131500,26.6,26.6,26.6,26.6,50,0
THD,5,20210216,134500,26.6,26.6,26.6,26.6,2,0
THD,5,20210216,141000,26.7,26.7,26.6,26.6,200,0
THD,5,20210216,152500,26.9,27,26.9,27,237,0
THD,5,20210216,153000,27.1,27.1,27.1,27.1,50,0
THD,5,20210216,153500,27.4,28,27.4,28,2599,0
THD,5,20210216,154500,27.8,28.7,27.8,28.7,141,0
THD,5,20210216,164000,27.8,27.8,27.7,27.7,174,0
THD,5,20210217,090500,27,27,26.9,26.9,100,0
THD,5,20210217,091000,26.5,26.5,26.5,26.5,30,0
THD,5,20210217,091500,27.4,27.4,27.4,27.4,25,0
THD,5,20210217,101000,27.3,27.3,27.3,27.3,25,0
THD,5,20210217,104500,26.7,26.7,26.7,26.7,30,0
THD,5,20210217,114000,26.6,26.6,26.6,26.6,8,0
THD,5,20210217,114500,26.6,26.6,26.6,26.6,70,0
THD,5,20210217,133500,26.6,26.6,26.6,26.6,40,0
THD,5,20210217,142000,26.6,26.6,26.6,26.6,150,0
THD,5,20210217,153000,26.6,26.6,26.6,26.6,90,0
THD,5,20210217,160000,26.6,26.6,26.6,26.6,60,0
THD,5,20210217,163000,26.7,26.7,26.6,26.6,70,0
THD,5,20210217,164500,26.6,26.6,26.6,26.6,100,0
THD,5,20210218,101000,26.4,26.4,26.4,26.4,232,0
THD,5,20210218,101500,26.4,26.4,26.3,26.3,230,0
THD,5,20210218,102000,27.2,27.3,27.2,27.3,700,0
THD,5,20210218,122000,27.1,27.2,27.1,27.2,90,0
THD,5,20210218,122500,27.2,27.2,27.2,27.2,37,0
THD,5,20210218,134500,27,27,27,27,50,0
THD,5,20210218,142000,27,27,27,27,275,0
THD,5,20210218,144000,27,27,27,27,5,0
THD,5,20210219,112000,26.5,26.5,26.5,26.5,83,0
THD,5,20210219,113500,27,27,27,27,25,0
THD,5,20210219,114000,26.5,26.5,26.5,26.5,126,0
THD,5,20210219,133000,26.4,26.4,26.4,26.4,40,0
THD,5,20210219,133500,26.9,26.9,26.9,26.9,37,0
THD,5,20210219,134000,26.4,26.4,26.4,26.4,40,0
THD,5,20210219,134500,26.3,26.3,26.2,26.2,426,0
THD,5,20210219,140500,26.3,26.3,26.3,26.3,100,0
THD,5,20210219,151000,26,26,26,26,105,0
THD,5,20210219,152500,26,26,26,26,3,0
THD,5,20210219,162500,26.4,26.4,26.4,26.4,7,0
THD,5,20210219,163500,26.1,26.1,26.1,26.1,65,0
THD,5,20210219,164500,26.1,26.1,26.1,26.1,340,0
THD,5,20210222,090000,26.9,26.9,26.2,26.2,530,0
THD,5,20210222,091000,26.3,26.3,26.3,26.3,30,0
THD,5,20210222,092500,26.7,26.7,26.7,26.7,202,0
THD,5,20210222,100000,26.5,26.5,26.5,26.5,40,0
THD,5,20210222,101500,26.5,26.5,26.5,26.5,37,0
THD,5,20210222,102000,26.5,26.6,26.5,26.6,36,0
THD,5,20210222,103500,26.6,26.6,26.6,26.6,11,0
THD,5,20210222,105500,26.5,26.5,26.5,26.5,17,0
THD,5,20210222,110000,26.3,26.3,26.2,26.2,83,0
THD,5,20210222,120000,26.2,26.2,26.2,26.2,77,0
THD,5,20210222,133500,26.2,26.2,26.1,26.1,215,0
THD,5,20210222,144000,26,26,26,26,100,0
THD,5,20210222,144500,26,26,26,26,9,0
THD,5,20210222,155000,26,26,26,26,28,0
THD,5,20210222,163500,26.1,26.1,26,26,368,0
THD,5,20210222,164000,26,26,26,26,49,0
THD,5,20210223,100000,25.7,25.7,25,25,500,0
THD,5,20210223,102000,25,25,25,25,1172,0
THD,5,20210223,102500,25.6,25.7,25.6,25.7,50,0
THD,5,20210223,113500,24.9,24.9,24.8,24.8,139,0
THD,5,20210223,114500,25.2,25.2,24.8,24.8,481,0
THD,5,20210223,120500,25.2,25.2,25.2,25.2,20,0
THD,5,20210223,123000,25.2,25.3,25.2,25.3,328,0
THD,5,20210223,123500,25.5,25.5,25.5,25.5,78,0
THD,5,20210223,131000,25.5,25.5,25.5,25.5,100,0
THD,5,20210223,132000,25.3,25.3,25.3,25.3,20,0
THD,5,20210223,134500,25.3,25.3,25.3,25.3,15,0
THD,5,20210223,150000,25.3,25.3,25.3,25.3,1,0
THD,5,20210223,152000,25.3,25.3,25.3,25.3,80,0
THD,5,20210223,154000,25.3,25.3,25.3,25.3,50,0
THD,5,20210223,162000,24.3,24.3,24.2,24.2,335,0
THD,5,20210223,162500,25.4,25.4,25.4,25.4,20,0
THD,5,20210223,164500,25.4,25.4,25.4,25.4,60,0
THD,5,20210224,090000,24.5,25,21,25,2096,0
THD,5,20210224,091500,24.4,24.8,24.4,24.8,200,0
THD,5,20210224,092000,24.8,24.8,24.8,24.8,20,0
THD,5,20210224,092500,24.6,24.6,24.6,24.6,100,0
THD,5,20210224,093500,24.7,24.7,24.7,24.7,10,0
THD,5,20210224,095000,24.2,24.2,24.2,24.2,55,0
THD,5,20210224,095500,24.2,24.4,24.2,24.4,160,0
THD,5,20210224,100000,24.4,24.6,24.3,24.6,1212,0
THD,5,20210224,100500,24.6,24.7,24.6,24.7,670,0
THD,5,20210224,103000,24.8,25,24.8,25,300,0
THD,5,20210224,103500,25,25.5,25,25,398,0
THD,5,20210224,104500,25.4,25.5,25,25,360,0
THD,5,20210224,110000,25.5,25.6,25.5,25.6,442,0
THD,5,20210224,110500,25.7,26.5,25.7,26.5,130,0
THD,5,20210224,111500,25.7,25.7,25.7,25.7,70,0
THD,5,20210224,112500,26.4,26.4,26.4,26.4,130,0
THD,5,20210224,113000,25.7,25.7,25.6,25.6,258,0
THD,5,20210224,121500,25.5,25.5,25.5,25.5,21,0
THD,5,20210224,123500,25.6,25.6,25.6,25.6,60,0
THD,5,20210224,125000,25.5,25.5,25.5,25.5,120,0
THD,5,20210224,133000,25.5,25.5,25.5,25.5,2,0
THD,5,20210224,135500,25.5,25.5,25,25,250,0
THD,5,20210224,143000,25,25,25,25,670,0
THD,5,20210224,150500,25,25,25,25,72,0
THD,5,20210224,154000,24.5,24.5,24.5,24.5,60,0
THD,5,20210224,163500,25,25,25,25,159,0
THD,5,20210224,164000,25,25,25,25,184,0
THD,5,20210224,165500,25.8,25.8,25.8,25.8,10,0
THD,5,20210225,090000,25.8,25.8,24.5,24.5,401,0
THD,5,20210225,090500,24.5,25.7,24.3,25.7,875,0
THD,5,20210225,093500,24.8,24.8,24.3,24.3,800,0
THD,5,20210225,095000,24.6,24.6,24.5,24.5,100,0
THD,5,20210225,104000,25,25,25,25,100,0
THD,5,20210225,110500,25.2,25.2,25.2,25.2,100,0
THD,5,20210225,111000,25.3,25.3,25.3,25.3,50,0
THD,5,20210225,112000,25.4,25.4,25.4,25.4,100,0
THD,5,20210225,130000,24.9,24.9,24,24,4050,0
THD,5,20210225,130500,24.1,24.1,24.1,24.1,150,0
THD,5,20210225,132500,24.9,24.9,24.9,24.9,100,0
THD,5,20210225,133000,24.7,24.7,24.7,24.7,100,0
THD,5,20210225,135000,24.7,24.7,24.7,24.7,4,0
THD,5,20210225,135500,24.7,24.7,24.7,24.7,179,0
THD,5,20210225,140500,24.7,24.7,24.7,24.7,200,0
THD,5,20210225,145000,24.6,24.6,24.6,24.6,51,0
THD,5,20210225,151500,25,25,25,25,100,0
THD,5,20210225,160000,24.8,24.8,24.8,24.8,100,0
THD,5,20210226,090000,24.1,24.1,24.1,24.1,30,0
THD,5,20210226,090500,24,24,24,24,86,0
THD,5,20210226,091000,24,24,24,24,5,0
THD,5,20210226,091500,24.6,24.6,24.6,24.6,20,0
THD,5,20210226,092500,24,24,24,24,28,0
THD,5,20210226,093500,24,24,24,24,300,0
THD,5,20210226,095500,24.1,24.1,24.1,24.1,60,0
THD,5,20210226,104000,24.1,24.1,24.1,24.1,113,0
THD,5,20210226,111500,24.8,24.8,24.8,24.8,20,0
THD,5,20210226,123500,24.2,24.2,24.2,24.2,453,0
THD,5,20210226,124000,24.2,24.2,24.1,24.1,2200,0
THD,5,20210226,130000,24.1,24.1,24.1,24.1,29,0
THD,5,20210226,131500,24.1,24.1,24.1,24.1,25,0
THD,5,20210226,143000,24.6,24.6,24.6,24.6,50,0
THD,5,20210226,144500,24.5,24.5,24.5,24.5,40,0
THD,5,20210226,163000,24.1,24.1,23.6,23.6,700,0
THD,5,20210226,163500,24.6,24.6,24.6,24.6,20,0
THD,5,20210226,164000,24.5,24.5,24.5,24.5,122,0
THD,5,20210226,164500,24.5,24.6,24.5,24.6,110,0
THD,5,20210301,090000,23.9,23.9,23.9,23.9,41,0
THD,5,20210301,093500,24.7,24.8,24.7,24.8,50,0
THD,5,20210301,111500,24,24,24,24,50,0
THD,5,20210301,121500,24,24.5,23.9,24.5,220,0
THD,5,20210301,123500,23.9,23.9,23.9,23.9,150,0
THD,5,20210301,132000,24.3,24.3,24.3,24.3,22,0
THD,5,20210301,152500,24.3,24.3,24.3,24.3,8,0
THD,5,20210301,153000,24.3,24.3,24.3,24.3,92,0
THD,5,20210301,164000,24.5,24.5,24.5,24.5,20,0
THD,5,20210302,090500,24.5,24.5,24.5,24.5,10,0
THD,5,20210302,092000,24,24,24,24,200,0
THD,5,20210302,101500,23.9,23.9,23.5,23.5,516,0
THD,5,20210302,102000,23.4,23.4,23.2,23.2,63,0
THD,5,20210302,102500,23.2,23.2,23.2,23.2,127,0
THD,5,20210302,103000,23.5,23.9,23.5,23.9,84,0
THD,5,20210302,104500,23.9,23.9,23.9,23.9,41,0
THD,5,20210302,110000,23.3,23.3,23.2,23.2,219,0
THD,5,20210302,111000,23.2,23.2,23.2,23.2,200,0
THD,5,20210302,111500,23.5,23.9,23.5,23.9,169,0
THD,5,20210302,114000,24,24,24,24,83,0
THD,5,20210302,115500,24,24,24,24,100,0
THD,5,20210302,120500,24,24,24,24,17,0
THD,5,20210302,122000,24.2,24.3,24,24.3,237,0
THD,5,20210302,134000,24,24,24,24,50,0
THD,5,20210302,140500,23.8,23.8,23.8,23.8,105,0
THD,5,20210302,141500,23.7,23.7,23.7,23.7,30,0
THD,5,20210302,142000,23.6,23.6,23.6,23.6,70,0
THD,5,20210302,155500,23.7,23.7,23.7,23.7,30,0
THD,5,20210302,161000,23.7,23.7,23.7,23.7,260,0
THD,5,20210302,164500,24,24,24,24,10,0
THD,5,20210303,091500,24,24,24,24,31,0
THD,5,20210303,092000,23.7,24,23.7,24,314,0
THD,5,20210303,093500,24.1,24.1,24.1,24.1,6,0
THD,5,20210303,094000,23.8,23.8,23.8,23.8,44,0
THD,5,20210303,104500,23.8,23.8,23.5,23.5,759,0
THD,5,20210303,111500,23.5,23.5,23.1,23.1,359,0
THD,5,20210303,112000,23.1,23.1,23.1,23.1,300,0
THD,5,20210303,113000,23.1,23.1,23.1,23.1,100,0
THD,5,20210303,130000,23.6,23.6,23.6,23.6,100,0
THD,5,20210303,134000,23.7,23.7,23.7,23.7,30,0
THD,5,20210303,135500,23.4,23.4,23.4,23.4,300,0
THD,5,20210303,140500,23.4,23.5,22.8,22.8,1752,0
THD,5,20210303,142000,23.3,23.3,23.3,23.3,80,0
THD,5,20210303,144500,23.3,23.3,23.3,23.3,40,0
THD,5,20210303,150500,23.3,23.3,22.8,22.8,350,0
THD,5,20210303,151500,23.3,23.3,23.3,23.3,40,0
THD,5,20210303,155000,23,23,23,23,130,0
THD,5,20210303,160500,23,23,22.8,22.8,1500,0
THD,5,20210303,162500,23.4,23.5,23.4,23.5,130,0
THD,5,20210303,163500,23.4,23.4,23.4,23.4,80,0
THD,5,20210303,164500,23.2,23.2,23.1,23.1,55,0
THD,5,20210304,091500,22.7,22.7,21.7,21.7,2300,0
THD,5,20210304,092000,22.6,22.6,22.6,22.6,70,0
THD,5,20210304,093000,22.1,22.4,22.1,22.4,87,0
THD,5,20210304,093500,22.5,22.9,22.5,22.9,127,0
THD,5,20210304,095000,22.4,22.4,22,22,800,0
THD,5,20210304,101000,22.5,22.5,22.5,22.5,20,0
THD,5,20210304,105000,22.4,22.4,22.4,22.4,200,0
THD,5,20210304,110500,22.4,22.6,22.4,22.6,735,0
THD,5,20210304,113000,22.8,22.8,22.8,22.8,30,0
THD,5,20210304,120000,22.7,22.7,22.6,22.6,200,0
THD,5,20210304,120500,22.9,22.9,22.9,22.9,69,0
THD,5,20210304,122500,22.7,22.7,22.7,22.7,45,0
THD,5,20210304,135500,22.9,22.9,22.9,22.9,51,0
THD,5,20210304,142000,23.1,23.1,23.1,23.1,98,0
THD,5,20210304,142500,23.1,23.1,23.1,23.1,52,0
THD,5,20210304,143500,23.1,23.1,23.1,23.1,50,0
THD,5,20210304,144000,23.1,23.1,23.1,23.1,35,0
THD,5,20210304,145000,22.9,22.9,22.7,22.7,597,0
THD,5,20210304,153500,22.7,23.7,22.7,23.7,42,0
THD,5,20210305,090500,23,23,23,23,100,0
THD,5,20210305,092500,23.5,24,23.5,24,200,0
THD,5,20210305,093000,23,23,23,23,150,0
THD,5,20210305,112500,23.8,23.8,23.8,23.8,96,0
THD,5,20210305,113000,24.2,24.3,24.2,24.3,490,0
THD,5,20210305,113500,24.4,24.4,24.4,24.4,140,0
THD,5,20210305,120000,23.6,23.6,23.6,23.6,40,0
THD,5,20210305,122500,23.3,23.3,23,23,300,0
THD,5,20210305,131500,24,24.5,24,24.5,500,0
THD,5,20210305,134500,24.4,24.4,24.4,24.4,100,0
THD,5,20210305,142000,23.2,23.2,23.2,23.2,100,0
THD,5,20210305,142500,23.2,23.2,23.1,23.1,150,0
THD,5,20210305,144500,23.9,24,23.9,24,70,0
THD,5,20210308,090000,23.9,23.9,23.9,23.9,180,0
THD,5,20210308,093000,23.2,23.2,23.2,23.2,30,0
THD,5,20210308,093500,23.2,23.2,23.2,23.2,34,0
THD,5,20210308,102000,23.2,23.2,23.2,23.2,30,0
THD,5,20210308,105000,23.2,23.2,23.2,23.2,3,0
THD,5,20210308,105500,23.8,24,23.8,24,175,0
THD,5,20210308,111500,23.4,23.4,23.4,23.4,100,0
THD,5,20210308,113000,23.9,23.9,23.9,23.9,5,0
THD,5,20210308,114000,23.9,23.9,23.9,23.9,20,0
THD,5,20210308,124000,23.9,23.9,23.9,23.9,10,0
THD,5,20210308,143000,23.6,23.6,23.6,23.6,49,0
THD,5,20210308,161500,23.6,23.6,23.6,23.6,56,0
THD,5,20210308,163000,23.3,23.3,23,23,330,0
THD,5,20210308,164500,23.7,23.7,23.7,23.7,2,0
THD,5,20210309,090000,23.7,23.7,23.7,23.7,42,0
THD,5,20210309,092500,23,23,23,23,50,0
THD,5,20210309,093000,23.6,23.7,23.6,23.7,100,0
THD,5,20210309,110500,23.5,23.5,23.5,23.5,17,0
THD,5,20210309,124500,23.1,23.1,23,23,310,0
THD,5,20210309,125000,23,23,23,23,90,0
THD,5,20210309,150500,23.1,23.3,23.1,23.3,110,0
THD,5,20210309,151500,23.1,23.1,23,23,77,0
THD,5,20210309,163500,23.4,23.4,23.4,23.4,45,0
THD,5,20210310,090500,23.4,23.4,23.4,23.4,10,0
THD,5,20210310,091000,22.8,22.8,22.8,22.8,70,0
THD,5,20210310,091500,22.5,22.5,22.5,22.5,30,0
THD,5,20210310,092000,22.5,22.5,22.5,22.5,100,0
THD,5,20210310,094000,22.6,22.6,22.5,22.5,494,0
THD,5,20210310,100000,22.8,22.8,22.8,22.8,20,0
THD,5,20210310,100500,22.8,22.8,22.8,22.8,10,0
THD,5,20210310,111500,23.2,23.2,23.2,23.2,130,0
THD,5,20210310,122500,22.9,22.9,22.8,22.8,130,0
THD,5,20210310,123000,22.6,22.6,22.5,22.5,312,0
THD,5,20210310,125000,22.7,22.7,22.7,22.7,21,0
THD,5,20210310,125500,22.5,22.5,22.5,22.5,75,0
THD,5,20210310,131000,22.5,22.5,22.5,22.5,190,0
THD,5,20210310,134000,22.6,22.6,22.6,22.6,40,0
THD,5,20210310,135500,22.5,22.7,22.5,22.7,70,0
THD,5,20210310,142000,22.5,22.5,22.5,22.5,100,0
THD,5,20210310,142500,22.7,22.7,22.7,22.7,57,0
THD,5,20210310,150500,22.5,22.5,22.5,22.5,50,0
THD,5,20210310,153000,22.5,22.5,22.5,22.5,100,0
THD,5,20210310,154000,22.7,22.7,22.7,22.7,30,0
THD,5,20210311,090000,22.3,22.3,22.3,22.3,91,0
THD,5,20210311,092500,22.4,22.4,22,22,501,0
THD,5,20210311,093000,22,22,22,22,336,0
THD,5,20210311,094500,21.8,21.8,21.8,21.8,200,0
THD,5,20210311,095500,21.6,22,21.4,22,240,0
THD,5,20210311,100000,22,22,21.9,21.9,41,0
THD,5,20210311,100500,21.9,21.9,21.9,21.9,45,0
THD,5,20210311,101000,21.8,21.8,21.8,21.8,13,0
THD,5,20210311,102000,21.9,21.9,21.9,21.9,3,0
THD,5,20210311,102500,21.9,21.9,21.9,21.9,40,0
THD,5,20210311,104000,21.9,21.9,21.9,21.9,20,0
THD,5,20210311,104500,21.8,21.9,21.8,21.8,37,0
THD,5,20210311,111000,21.8,21.8,21.8,21.8,100,0
THD,5,20210311,112000,21.8,21.9,21.8,21.9,133,0
THD,5,20210311,115500,21.9,21.9,21.9,21.9,150,0
THD,5,20210311,122500,21.9,21.9,21.9,21.9,100,0
THD,5,20210311,143500,21.9,21.9,21.9,21.9,15,0
THD,5,20210311,144500,21.5,21.5,21.5,21.5,100,0
THD,5,20210311,145000,21.5,21.5,21.5,21.5,100,0
THD,5,20210311,150500,21.9,21.9,21.9,21.9,50,0
THD,5,20210311,160000,21.9,21.9,21.9,21.9,164,0
THD,5,20210311,160500,21.9,21.9,21.9,21.9,150,0
THD,5,20210311,162000,21.9,21.9,21.9,21.9,170,0
THD,5,20210311,162500,21.9,21.9,21.9,21.9,100,0
THD,5,20210312,090000,21.5,21.8,21.3,21.8,365,0
THD,5,20210312,090500,21.5,21.9,21.5,21.9,387,0
THD,5,20210312,091000,21.9,21.9,21.9,21.9,373,0
THD,5,20210312,093500,21.9,21.9,21.6,21.6,188,0
THD,5,20210312,102500,21.6,21.6,21.6,21.6,228,0
THD,5,20210312,114000,21.9,21.9,21,21,1486,0
THD,5,20210312,115000,21.6,21.7,21.6,21.7,50,0
THD,5,20210312,121000,21.6,21.6,21.6,21.6,113,0
THD,5,20210312,122500,21.6,21.6,21.1,21.6,244,0
THD,5,20210312,124000,21,21,21,21,150,0
THD,5,20210312,124500,21,21,21,21,8,0
THD,5,20210312,130000,21.1,21.1,21.1,21.1,40,0
THD,5,20210312,130500,21,21,21,21,418,0
THD,5,20210312,131000,21,21,21,21,109,0
THD,5,20210312,131500,20.7,20.7,20.5,20.5,336,0
THD,5,20210312,132000,21.5,21.5,21.5,21.5,97,0
THD,5,20210312,133500,21.5,21.5,21.5,21.5,73,0
THD,5,20210312,134000,21.6,21.6,20.9,20.9,164,0
THD,5,20210312,135000,20.9,20.9,20.9,20.9,179,0
THD,5,20210312,140500,20.9,20.9,20.7,20.7,826,0
THD,5,20210312,141500,21.2,21.3,21.2,21.3,62,0
THD,5,20210312,142000,20.7,21.3,20.7,21.3,852,0
THD,5,20210312,143500,20.9,20.9,20.5,20.5,1300,0
THD,5,20210312,145000,20.6,20.6,20.6,20.6,113,0
THD,5,20210312,145500,20.5,21.3,19.5,21.3,2864,0
THD,5,20210312,150000,20.8,20.8,20,20.8,241,0
THD,5,20210312,151500,20.7,20.7,20.7,20.7,50,0
THD,5,20210312,152000,20.7,20.8,20.7,20.8,120,0
THD,5,20210312,153000,20.7,20.8,20.7,20.8,356,0
THD,5,20210312,155000,20.7,20.7,20.7,20.7,42,0
THD,5,20210312,155500,20.8,20.8,20.8,20.8,100,0
THD,5,20210312,160000,20.8,20.8,20,20,1300,0
THD,5,20210312,160500,21,21.1,19,19,2560,0
THD,5,20210312,161000,19.9,20,19.9,20,130,0
THD,5,20210312,161500,20,20,19.8,19.8,300,0
THD,5,20210312,162000,20,20.3,19.9,20.3,335,0
THD,5,20210312,162500,20.6,20.6,20.6,20.6,100,0
THD,5,20210312,163000,20.5,20.5,20,20,110,0
THD,5,20210312,163500,20.6,20.6,20.1,20.1,142,0
THD,5,20210312,164500,20.1,20.1,19,19.6,4119,0
THD,5,20210315,090000,19.7,19.7,19.6,19.6,441,0
THD,5,20210315,090500,19.5,19.5,19.5,19.5,204,0
THD,5,20210315,091000,20,20.1,20,20.1,125,0
THD,5,20210315,091500,20,20.1,20,20,270,0
THD,5,20210315,092000,20.1,20.1,20,20,450,0
THD,5,20210315,092500,19.9,19.9,19.9,19.9,180,0
THD,5,20210315,093500,19.9,20,19.9,20,50,0
THD,5,20210315,094500,19.9,19.9,19.9,19.9,51,0
THD,5,20210315,095000,19.9,20,19.9,19.9,349,0
THD,5,20210315,100000,19.6,19.6,19.6,19.6,130,0
THD,5,20210315,101000,19.95,20.2,19.95,20.2,250,0
THD,5,20210315,101500,20.3,20.3,20.3,20.3,200,0
THD,5,20210315,102000,20.3,20.3,20.3,20.3,80,0
THD,5,20210315,102500,20.4,20.6,20.4,20.6,74,0
THD,5,20210315,103500,20.5,21.2,20.5,21.2,1257,0
THD,5,20210315,105000,20.9,20.9,20.9,20.9,48,0
THD,5,20210315,113000,20.6,20.6,20.3,20.3,252,0
THD,5,20210315,115000,20.3,20.3,20.3,20.3,210,0
THD,5,20210315,115500,20.8,20.8,20.8,20.8,1,0
THD,5,20210315,121500,20.8,20.8,20.8,20.8,100,0
THD,5,20210315,122500,20.3,20.3,20.3,20.3,200,0
THD,5,20210315,125000,20.7,20.7,20.7,20.7,20,0
THD,5,20210315,130000,20.5,20.5,20.5,20.5,75,0
THD,5,20210315,134500,20.5,20.5,20.2,20.2,78,0
THD,5,20210315,135500,20.2,20.2,20.2,20.2,132,0
THD,5,20210315,142000,21,21,21,21,150,0
THD,5,20210315,142500,21,21,21,21,755,0
THD,5,20210315,144000,21.1,21.1,21.1,21.1,50,0
THD,5,20210315,160500,21.1,21.1,21.1,21.1,10,0
THD,5,20210316,091000,21,21,21,21,30,0
THD,5,20210316,092500,20.9,21,20.9,21,207,0
THD,5,20210316,101500,20.4,20.4,20.4,20.4,80,0
THD,5,20210316,102500,20.6,20.6,20.6,20.6,60,0
THD,5,20210316,111500,20.9,20.9,20.9,20.9,3,0
THD,5,20210316,112000,20.9,20.9,20.9,20.9,50,0
THD,5,20210316,113000,20.9,21.1,20.9,21.1,80,0
THD,5,20210316,120500,20.4,20.4,20.4,20.4,40,0
THD,5,20210316,122500,20.4,20.4,20.2,20.3,210,0
THD,5,20210316,125000,20,20,20,20,100,0
THD,5,20210316,141500,20.7,20.7,20.7,20.7,2,0
THD,5,20210316,143000,20.7,20.7,20.7,20.7,80,0
THD,5,20210316,153000,20.7,20.8,20.7,20.8,20,0
THD,5,20210316,154500,20.7,20.7,20.7,20.7,80,0
THD,5,20210316,155000,20.7,20.7,20.7,20.7,420,0
THD,5,20210316,161500,20.3,20.3,20.3,20.3,1,0
THD,5,20210316,164500,20.3,20.9,20,20.9,454,0
THD,5,20210317,090000,20.5,20.5,20.5,20.5,150,0
THD,5,20210317,104500,20.5,20.5,20.5,20.5,3,0
THD,5,20210317,110500,20.5,20.5,20.5,20.5,32,0
THD,5,20210317,111000,20.3,20.3,20,20,500,0
THD,5,20210317,112500,20.5,20.5,20.5,20.5,70,0
THD,5,20210317,115500,20.6,20.6,20.6,20.6,20,0
THD,5,20210317,130000,20.6,20.6,20.6,20.6,20,0
THD,5,20210317,130500,20.6,20.6,20.6,20.6,10,0
THD,5,20210317,134000,20.5,20.5,20.5,20.5,50,0
THD,5,20210317,134500,20.5,20.5,20.2,20.2,56,0
THD,5,20210317,135000,20.6,20.7,20.6,20.7,71,0
THD,5,20210317,141500,20.2,20.2,19.8,19.8,305,0
THD,5,20210317,142500,19.8,19.8,19.8,19.8,33,0
THD,5,20210317,143000,19.7,20,19.7,20,222,0
THD,5,20210317,150500,20,20,20,20,38,0
THD,5,20210317,160000,20,20,20,20,37,0
THD,5,20210317,162000,20.1,20.5,20,20.5,110,0
THD,5,20210317,162500,20,20,19.9,19.9,133,0
THD,5,20210317,164500,20.4,20.4,20.4,20.4,70,0
THD,5,20210318,090000,19.6,20.5,19.6,20.5,121,0
THD,5,20210318,100000,20.2,20.2,20,20,60,0
THD,5,20210318,103000,20.3,20.5,20.3,20.5,303,0
THD,5,20210318,111000,20.1,20.1,20,20,500,0
THD,5,20210318,112000,20.2,20.2,20.2,20.2,100,0
THD,5,20210318,112500,20.7,21.2,20.7,21.2,300,0
THD,5,20210318,113500,21.2,21.2,21.2,21.2,807,0
THD,5,20210318,114000,21.2,21.3,21.2,21.3,60,0
THD,5,20210318,120000,21.4,21.4,21.4,21.4,67,0
THD,5,20210318,121000,21.4,21.4,21.4,21.4,23,0
THD,5,20210318,123000,21,21,21,21,10,0
THD,5,20210318,135000,20.4,20.4,20,20,300,0
THD,5,20210318,144000,20.3,20.3,20.3,20.3,20,0
THD,5,20210318,152500,20.3,20.3,20.3,20.3,20,0
THD,5,20210318,153000,20.3,20.3,20.3,20.3,25,0
THD,5,20210318,154500,20,20,20,20,34,0
THD,5,20210318,162000,20.6,20.8,20.6,20.8,100,0
THD,5,20210319,091000,20.1,20.1,20.1,20.1,50,0
THD,5,20210319,093500,20.3,20.6,20.3,20.6,359,0
THD,5,20210319,094000,20.9,21,20.9,21,530,0
THD,5,20210319,094500,21.4,21.5,21.4,21.5,337,0
THD,5,20210319,095000,21.6,21.6,21.6,21.6,20,0
THD,5,20210319,095500,21.6,21.6,21,21,107,0
THD,5,20210319,101500,21.4,21.5,21.4,21.5,347,0
THD,5,20210319,104500,21.2,21.2,21,21,250,0
THD,5,20210319,111500,21,21,21,21,750,0
THD,5,20210319,112000,21,21,21,21,300,0
THD,5,20210319,120000,20.9,20.9,20.9,20.9,150,0
THD,5,20210319,120500,20.8,20.8,20.7,20.7,565,0
THD,5,20210319,121500,20.7,21,20.7,21,135,0
THD,5,20210319,122500,20.2,20.2,20.1,20.1,80,0
THD,5,20210319,124500,20.2,20.5,20,20.5,207,0
THD,5,20210319,125000,20.2,20.2,20.2,20.2,10,0
THD,5,20210319,134500,20.6,20.6,20.6,20.6,10,0
THD,5,20210319,141000,20.1,20.1,19.85,19.85,173,0
THD,5,20210319,141500,19.85,19.85,19.85,19.85,186,0
THD,5,20210319,150500,19.95,19.95,19.95,19.95,100,0
THD,5,20210319,153500,20.5,20.5,20.5,20.5,20,0
THD,5,20210319,154500,20,20,19.8,19.8,680,0
THD,5,20210319,155000,19.8,19.8,19.8,19.8,50,0
THD,5,20210319,161000,20.2,20.2,20.2,20.2,36,0
THD,5,20210319,163500,20.2,20.2,20.2,20.2,64,0
THD,5,20210322,090000,20.2,20.2,20.2,20.2,50,0
THD,5,20210322,111500,20.3,20.3,20.2,20.2,100,0
THD,5,20210322,115500,20.2,20.2,20.2,20.2,49,0
THD,5,20210322,120000,20.1,20.1,20.1,20.1,51,0
THD,5,20210322,120500,20.1,20.1,20,20,74,0
THD,5,20210322,135500,20,20,20,20,40,0
THD,5,20210322,141000,20.1,20.1,20.1,20.1,200,0
THD,5,20210322,151000,20.3,20.3,20.3,20.3,5,0
THD,5,20210323,090000,20,20,20,20,10,0
THD,5,20210323,090500,19.6,19.6,19.6,19.6,50,0
THD,5,20210323,091500,19.5,19.5,19.5,19.5,90,0
THD,5,20210323,093000,19.5,19.5,19.5,19.5,70,0
THD,5,20210323,100000,20,20,20,20,150,0
THD,5,20210323,100500,19.9,19.9,19.9,19.9,5,0
THD,5,20210323,111500,19.8,19.85,19.8,19.85,255,0
THD,5,20210323,112500,19.9,19.9,19.9,19.9,85,0
THD,5,20210323,115500,19.8,19.8,19.8,19.8,20,0
THD,5,20210323,120500,19.55,19.55,19.55,19.55,40,0
THD,5,20210323,123500,19.55,19.55,19.5,19.5,514,0
THD,5,20210323,124500,19.75,19.85,19.75,19.85,100,0
THD,5,20210323,125500,19.85,19.85,19.85,19.85,123,0
THD,5,20210323,130500,19.85,19.9,19.85,19.9,100,0
THD,5,20210323,131500,19.9,19.95,19.9,19.95,50,0
THD,5,20210323,145000,19.95,19.95,19.95,19.95,500,0
THD,5,20210323,152000,19.75,19.75,19.65,19.65,160,0
THD,5,20210323,154000,19.65,19.65,19.45,19.45,755,0
THD,5,20210323,162000,19.5,19.5,19.5,19.5,90,0
THD,5,20210324,091000,20,20,20,20,25,0
THD,5,20210324,091500,20,20,20,20,75,0
THD,5,20210324,092500,19.9,19.9,19.9,19.9,10,0
THD,5,20210324,093500,20,20,20,20,100,0
THD,5,20210324,101500,20,20,20,20,50,0
THD,5,20210324,103000,19.5,19.5,19.5,19.5,25,0
THD,5,20210324,112500,20,20,20,20,50,0
THD,5,20210324,113000,20,20,20,20,50,0
THD,5,20210324,115000,20.1,20.1,20.1,20.1,70,0
THD,5,20210324,120000,20,20,20,20,50,0
THD,5,20210324,125000,19.8,19.8,19.5,19.5,455,0
THD,5,20210324,135000,19.95,19.95,19.95,19.95,50,0
THD,5,20210324,143000,19.5,19.5,19.5,19.5,58,0
THD,5,20210324,144000,19.3,19.3,19.1,19.1,200,0
THD,5,20210324,151000,19.2,19.2,19.15,19.15,100,0
THD,5,20210324,151500,19.15,19.15,19.1,19.1,70,0
THD,5,20210324,152000,19.1,19.1,19.1,19.1,60,0
THD,5,20210324,153500,19.5,19.5,18.8,18.8,1050,0
THD,5,20210324,154500,18.8,19.15,18.6,19.15,270,0
THD,5,20210324,155000,19.2,19.2,19.2,19.2,10,0
THD,5,20210324,161500,18.6,18.6,18.6,18.6,68,0
THD,5,20210324,162000,19.3,19.3,19.3,19.3,50,0
THD,5,20210324,162500,19.3,19.3,19.3,19.3,40,0
THD,5,20210324,163000,19.3,19.3,19.3,19.3,10,0
THD,5,20210325,090000,18.7,19.1,18.7,19.1,650,0
THD,5,20210325,092000,19.1,19.1,19.1,19.1,25,0
THD,5,20210325,101000,19.05,19.05,19.05,19.05,44,0
THD,5,20210325,101500,19,19,19,19,23,0
THD,5,20210325,102000,18.6,18.6,18.6,18.6,130,0
THD,5,20210325,102500,18.4,18.5,18,18.5,1430,0
THD,5,20210325,103000,18.5,18.5,18.5,18.5,450,0
THD,5,20210325,104000,18.5,18.5,18.1,18.1,137,0
THD,5,20210325,105500,18.4,18.4,18.4,18.4,102,0
THD,5,20210325,110000,18.5,18.5,18.5,18.5,20,0
THD,5,20210325,111000,18.5,18.5,18.5,18.5,10,0
THD,5,20210325,112000,18.4,18.4,18,18,755,0
THD,5,20210325,112500,18.3,18.4,18.3,18.4,50,0
THD,5,20210325,113000,18.05,18.05,18.05,18.05,6,0
THD,5,20210325,113500,18.4,18.4,18.4,18.4,282,0
THD,5,20210325,114000,18.5,18.5,18.5,18.5,154,0
THD,5,20210325,115500,18.4,18.4,18.4,18.4,46,0
THD,5,20210325,122000,18.4,18.7,18.4,18.7,75,0
THD,5,20210325,130000,18.7,18.7,18.7,18.7,100,0
THD,5,20210325,141500,18.55,18.55,18.55,18.55,186,0
THD,5,20210325,150000,18.7,18.7,18.7,18.7,5,0
THD,5,20210325,152000,18.55,18.55,18.55,18.55,61,0
THD,5,20210325,155000,18.55,18.55,18.55,18.55,73,0
THD,5,20210325,160000,18.7,18.7,18.7,18.7,7,0
THD,5,20210325,161500,18.6,18.6,18.6,18.6,94,0
THD,5,20210325,165500,18.6,18.6,18.6,18.6,56,0
THD,5,20210326,090000,18.7,18.7,18.7,18.7,23,0
THD,5,20210326,090500,18.7,18.7,18.7,18.7,52,0
THD,5,20210326,091000,18.6,18.6,18.6,18.6,95,0
THD,5,20210326,092000,18.7,18.7,18.6,18.7,80,0
THD,5,20210326,100500,18.7,18.8,18.7,18.8,50,0
THD,5,20210326,101500,18.8,18.8,18.8,18.8,43,0
THD,5,20210326,102000,18.95,19,18.95,19,135,0
THD,5,20210326,104000,18.7,18.75,18.7,18.75,120,0
THD,5,20210326,104500,18.75,18.75,18.75,18.75,59,0
THD,5,20210326,105500,18.7,18.7,18.7,18.7,50,0
THD,5,20210326,113500,18.7,18.9,18.05,18.05,402,0
THD,5,20210326,114500,18.1,18.1,18.1,18.1,200,0
THD,5,20210326,120500,18.1,18.1,18.05,18.05,115,0
THD,5,20210326,121000,18.1,18.1,18,18,300,0
THD,5,20210326,121500,18,18,18,18,810,0
THD,5,20210326,122500,18.7,18.7,18.7,18.7,90,0
THD,5,20210326,124500,18.4,18.4,18.4,18.4,300,0
THD,5,20210326,132000,18.75,18.75,18.75,18.75,3,0
THD,5,20210326,132500,18.75,18.75,18.75,18.75,30,0
THD,5,20210326,133500,18.75,18.75,18.75,18.75,5,0
THD,5,20210326,141500,18.5,18.5,18.5,18.5,100,0
THD,5,20210326,151000,18.75,18.75,18.75,18.75,15,0
THD,5,20210326,151500,18.75,18.75,18.75,18.75,200,0
THD,5,20210326,154500,18.75,18.75,18.05,18.05,180,0
THD,5,20210326,161500,18.75,18.75,18.1,18.1,60,0
THD,5,20210326,163000,18.75,18.75,18.75,18.75,5,0
