<TICKER>,<PER>,<DATE>,<TIME>,<OPEN>,<HIGH>,<LOW>,<CLOSE>,<VOL>,<OPENINT>
TIG,5,20210204,091000,1.36,1.36,1.36,1.36,100,0
TIG,5,20210204,092500,1.39,1.41,1.39,1.41,1240,0
TIG,5,20210204,093000,1.41,1.41,1.41,1.41,100,0
TIG,5,20210204,103000,1.41,1.41,1.41,1.41,1000,0
TIG,5,20210204,104000,1.41,1.43,1.41,1.43,226,0
TIG,5,20210204,104500,1.45,1.46,1.45,1.46,1040,0
TIG,5,20210204,111000,1.39,1.39,1.39,1.39,1320,0
TIG,5,20210204,112500,1.39,1.39,1.37,1.37,6000,0
TIG,5,20210204,113000,1.37,1.37,1.37,1.37,500,0
TIG,5,20210204,113500,1.37,1.37,1.36,1.36,2959,0
TIG,5,20210204,121500,1.37,1.37,1.37,1.37,2000,0
TIG,5,20210204,122000,1.37,1.42,1.37,1.42,1810,0
TIG,5,20210204,123000,1.37,1.37,1.37,1.37,4000,0
TIG,5,20210204,124500,1.36,1.36,1.36,1.36,3000,0
TIG,5,20210204,131500,1.36,1.36,1.35,1.35,2000,0
TIG,5,20210204,134500,1.39,1.39,1.39,1.39,10,0
TIG,5,20210204,143000,1.39,1.39,1.39,1.39,1820,0
TIG,5,20210204,145500,1.4,1.4,1.4,1.4,3000,0
TIG,5,20210204,152000,1.36,1.36,1.36,1.36,300,0
TIG,5,20210204,152500,1.36,1.36,1.36,1.36,652,0
TIG,5,20210204,153500,1.36,1.36,1.36,1.36,2828,0
TIG,5,20210204,154000,1.36,1.36,1.36,1.36,172,0
TIG,5,20210204,160500,1.37,1.39,1.35,1.39,7500,0
TIG,5,20210204,162000,1.35,1.35,1.35,1.35,2000,0
TIG,5,20210204,163000,1.38,1.38,1.38,1.38,1,0
TIG,5,20210204,164500,1.35,1.35,1.35,1.35,980,0
TIG,5,20210205,090000,1.35,1.35,1.35,1.35,2622,0
TIG,5,20210205,090500,1.38,1.38,1.38,1.38,370,0
TIG,5,20210205,091000,1.38,1.39,1.38,1.39,1310,0
TIG,5,20210205,093000,1.39,1.43,1.39,1.43,8877,0
TIG,5,20210205,093500,1.44,1.44,1.43,1.44,3850,0
TIG,5,20210205,104500,1.39,1.39,1.38,1.38,1451,0
TIG,5,20210205,105500,1.42,1.42,1.42,1.42,10,0
TIG,5,20210205,113500,1.38,1.38,1.38,1.38,368,0
TIG,5,20210205,132500,1.38,1.38,1.38,1.38,1000,0
TIG,5,20210205,133000,1.38,1.38,1.38,1.38,561,0
TIG,5,20210205,133500,1.37,1.37,1.37,1.37,2439,0
TIG,5,20210205,142500,1.41,1.41,1.41,1.41,10,0
TIG,5,20210205,155500,1.38,1.38,1.38,1.38,1150,0
TIG,5,20210205,161500,1.38,1.39,1.38,1.39,2380,0
TIG,5,20210205,164500,1.39,1.39,1.39,1.39,1,0
TIG,5,20210208,093000,1.4,1.4,1.39,1.39,1533,0
TIG,5,20210208,100000,1.39,1.39,1.39,1.39,1467,0
TIG,5,20210208,110000,1.39,1.39,1.39,1.39,100,0
TIG,5,20210208,115500,1.39,1.39,1.39,1.39,753,0
TIG,5,20210208,122000,1.37,1.37,1.37,1.37,200,0
TIG,5,20210208,132000,1.36,1.36,1.36,1.36,100,0
TIG,5,20210208,132500,1.36,1.36,1.36,1.36,2600,0
TIG,5,20210208,133500,1.35,1.35,1.35,1.35,2774,0
TIG,5,20210208,134500,1.39,1.41,1.39,1.41,8110,0
TIG,5,20210208,140000,1.37,1.37,1.36,1.36,3500,0
TIG,5,20210208,161000,1.37,1.37,1.37,1.37,2083,0
TIG,5,20210208,163000,1.41,1.41,1.41,1.41,1500,0
TIG,5,20210208,164500,1.38,1.42,1.38,1.41,4700,0
TIG,5,20210209,090000,1.44,1.48,1.44,1.48,1202,0
TIG,5,20210209,103000,1.41,1.41,1.37,1.37,4000,0
TIG,5,20210209,103500,1.37,1.37,1.37,1.37,3127,0
TIG,5,20210209,104500,1.37,1.37,1.37,1.37,73,0
TIG,5,20210209,124500,1.38,1.38,1.38,1.38,100,0
TIG,5,20210209,142500,1.4,1.4,1.4,1.4,10,0
TIG,5,20210209,143500,1.38,1.38,1.38,1.38,2800,0
TIG,5,20210209,144500,1.4,1.41,1.4,1.41,2100,0
TIG,5,20210209,145000,1.41,1.43,1.41,1.43,1400,0
TIG,5,20210209,160500,1.38,1.38,1.37,1.37,4000,0
TIG,5,20210209,161500,1.37,1.37,1.37,1.37,3390,0
TIG,5,20210209,162000,1.37,1.37,1.37,1.37,610,0
TIG,5,20210209,164500,1.36,1.36,1.36,1.36,500,0
TIG,5,20210210,090000,1.41,1.42,1.41,1.42,5480,0
TIG,5,20210210,092500,1.41,1.41,1.41,1.41,2400,0
TIG,5,20210210,115000,1.4,1.4,1.4,1.4,2000,0
TIG,5,20210210,120000,1.4,1.41,1.4,1.41,8047,0
TIG,5,20210210,121500,1.42,1.47,1.42,1.47,9072,0
TIG,5,20210210,122000,1.47,1.47,1.46,1.46,2227,0
TIG,5,20210210,122500,1.47,1.47,1.47,1.47,24,0
TIG,5,20210210,123000,1.46,1.46,1.45,1.45,6249,0
TIG,5,20210210,123500,1.43,1.43,1.43,1.43,5230,0
TIG,5,20210210,125000,1.44,1.45,1.44,1.45,3500,0
TIG,5,20210210,125500,1.45,1.45,1.45,1.45,3730,0
TIG,5,20210210,130500,1.47,1.47,1.47,1.47,1000,0
TIG,5,20210210,131500,1.47,1.47,1.47,1.47,600,0
TIG,5,20210210,132000,1.45,1.45,1.45,1.45,1047,0
TIG,5,20210210,133000,1.45,1.45,1.45,1.45,223,0
TIG,5,20210210,143500,1.45,1.45,1.45,1.45,2513,0
TIG,5,20210210,144000,1.45,1.45,1.45,1.45,987,0
TIG,5,20210210,154000,1.46,1.48,1.46,1.48,1410,0
TIG,5,20210210,155000,1.46,1.52,1.46,1.52,8564,0
TIG,5,20210210,160500,1.51,1.51,1.51,1.51,1000,0
TIG,5,20210210,163000,1.49,1.49,1.49,1.49,100,0
TIG,5,20210210,164000,1.46,1.46,1.45,1.45,2800,0
TIG,5,20210210,164500,1.45,1.49,1.45,1.45,2101,0
TIG,5,20210211,091000,1.46,1.46,1.46,1.46,15,0
TIG,5,20210211,093000,1.46,1.46,1.42,1.42,4573,0
TIG,5,20210211,094500,1.47,1.48,1.47,1.48,1000,0
TIG,5,20210211,102500,1.48,1.48,1.48,1.48,1500,0
TIG,5,20210211,104000,1.49,1.52,1.49,1.52,2000,0
TIG,5,20210211,105000,1.52,1.52,1.52,1.52,2000,0
TIG,5,20210211,105500,1.52,1.57,1.52,1.57,4563,0
TIG,5,20210211,110000,1.57,1.58,1.52,1.52,1928,0
TIG,5,20210211,110500,1.56,1.56,1.54,1.56,542,0
TIG,5,20210211,113000,1.53,1.53,1.53,1.53,1,0
TIG,5,20210211,113500,1.53,1.53,1.53,1.53,1000,0
TIG,5,20210211,115000,1.55,1.55,1.55,1.55,500,0
TIG,5,20210211,120500,1.52,1.52,1.52,1.52,5000,0
TIG,5,20210211,122500,1.51,1.51,1.48,1.48,3500,0
TIG,5,20210211,123000,1.5,1.5,1.5,1.5,600,0
TIG,5,20210211,123500,1.48,1.48,1.48,1.48,2000,0
TIG,5,20210211,124000,1.48,1.48,1.48,1.48,1000,0
TIG,5,20210211,130000,1.48,1.48,1.48,1.48,4758,0
TIG,5,20210211,131000,1.48,1.51,1.48,1.51,919,0
TIG,5,20210211,132000,1.51,1.51,1.47,1.47,1151,0
TIG,5,20210211,140000,1.54,1.54,1.54,1.54,5,0
TIG,5,20210211,150500,1.5,1.5,1.5,1.5,2000,0
TIG,5,20210211,161500,1.46,1.46,1.45,1.45,2600,0
TIG,5,20210211,163000,1.44,1.44,1.44,1.44,100,0
TIG,5,20210211,164500,1.49,1.49,1.49,1.49,1,0
TIG,5,20210212,090000,1.49,1.49,1.49,1.49,338,0
TIG,5,20210212,090500,1.49,1.49,1.49,1.49,400,0
TIG,5,20210212,092000,1.43,1.43,1.43,1.43,882,0
TIG,5,20210212,092500,1.43,1.43,1.42,1.42,1000,0
TIG,5,20210212,094500,1.49,1.49,1.49,1.49,1,0
TIG,5,20210212,100000,1.49,1.57,1.49,1.57,956,0
TIG,5,20210212,101500,1.54,1.54,1.5,1.5,1602,0
TIG,5,20210212,102500,1.54,1.56,1.49,1.49,16644,0
TIG,5,20210212,103000,1.49,1.49,1.49,1.49,400,0
TIG,5,20210212,105000,1.58,1.58,1.58,1.58,132,0
TIG,5,20210212,111500,1.51,1.51,1.51,1.51,100,0
TIG,5,20210212,113000,1.56,1.56,1.56,1.56,1000,0
TIG,5,20210212,115000,1.56,1.59,1.56,1.59,1963,0
TIG,5,20210212,115500,1.59,1.59,1.59,1.59,1210,0
TIG,5,20210212,120000,1.59,1.59,1.59,1.59,90,0
TIG,5,20210212,120500,1.59,1.62,1.59,1.62,3979,0
TIG,5,20210212,121500,1.6,1.6,1.6,1.6,425,0
TIG,5,20210212,122500,1.6,1.61,1.6,1.61,1537,0
TIG,5,20210212,123000,1.61,1.61,1.61,1.61,2300,0
TIG,5,20210212,123500,1.61,1.61,1.57,1.57,2112,0
TIG,5,20210212,124500,1.61,1.61,1.61,1.61,10,0
TIG,5,20210212,125500,1.57,1.57,1.57,1.57,42,0
TIG,5,20210212,130000,1.57,1.61,1.57,1.61,9,0
TIG,5,20210212,132000,1.61,1.61,1.61,1.61,2250,0
TIG,5,20210212,133500,1.52,1.52,1.5,1.5,4000,0
TIG,5,20210212,135500,1.57,1.57,1.57,1.57,500,0
TIG,5,20210212,152000,1.56,1.56,1.56,1.56,400,0
TIG,5,20210212,160500,1.56,1.57,1.56,1.57,1300,0
TIG,5,20210212,161000,1.56,1.56,1.56,1.56,10000,0
TIG,5,20210212,161500,1.57,1.58,1.57,1.58,750,0
TIG,5,20210212,164500,1.56,1.56,1.56,1.56,1000,0
TIG,5,20210215,090500,1.59,1.62,1.59,1.62,2740,0
TIG,5,20210215,091000,1.62,1.62,1.62,1.62,100,0
TIG,5,20210215,091500,1.62,1.63,1.62,1.63,1500,0
TIG,5,20210215,093000,1.62,1.62,1.62,1.62,100,0
TIG,5,20210215,093500,1.63,1.63,1.63,1.63,388,0
TIG,5,20210215,100000,1.63,1.63,1.63,1.63,925,0
TIG,5,20210215,100500,1.63,1.63,1.63,1.63,1000,0
TIG,5,20210215,102000,1.63,1.63,1.63,1.63,2387,0
TIG,5,20210215,103000,1.64,1.65,1.64,1.65,2610,0
TIG,5,20210215,105500,1.65,1.66,1.65,1.66,2650,0
TIG,5,20210215,114500,1.64,1.64,1.58,1.58,10825,0
TIG,5,20210215,120000,1.65,1.65,1.65,1.65,500,0
TIG,5,20210215,134500,1.6,1.6,1.58,1.58,1801,0
TIG,5,20210215,135500,1.64,1.64,1.64,1.64,1,0
TIG,5,20210215,142000,1.58,1.58,1.54,1.54,3000,0
TIG,5,20210215,143000,1.62,1.62,1.62,1.62,1,0
TIG,5,20210215,144500,1.62,1.63,1.62,1.63,300,0
TIG,5,20210215,145000,1.54,1.62,1.54,1.62,11,0
TIG,5,20210215,164500,1.62,1.62,1.62,1.62,1,0
TIG,5,20210216,090000,1.62,1.62,1.62,1.62,150,0
TIG,5,20210216,091500,1.6,1.6,1.6,1.6,1000,0
TIG,5,20210216,101000,1.62,1.62,1.62,1.62,230,0
TIG,5,20210216,114000,1.6,1.62,1.6,1.62,1817,0
TIG,5,20210216,122000,1.62,1.62,1.62,1.62,300,0
TIG,5,20210216,124000,1.62,1.62,1.62,1.62,10,0
TIG,5,20210216,131500,1.62,1.63,1.62,1.63,200,0
TIG,5,20210216,134000,1.6,1.63,1.6,1.63,6822,0
TIG,5,20210216,134500,1.63,1.63,1.6,1.6,2581,0
TIG,5,20210216,141000,1.59,1.64,1.59,1.64,11,0
TIG,5,20210216,145000,1.59,1.59,1.59,1.59,10,0
TIG,5,20210216,145500,1.63,1.63,1.63,1.63,1,0
TIG,5,20210216,150500,1.63,1.63,1.63,1.63,499,0
TIG,5,20210216,152000,1.64,1.64,1.63,1.63,2,0
TIG,5,20210216,152500,1.6,1.63,1.6,1.63,291,0
TIG,5,20210216,161000,1.59,1.59,1.58,1.58,81,0
TIG,5,20210216,161500,1.63,1.63,1.63,1.63,1,0
TIG,5,20210216,164000,1.63,1.63,1.63,1.63,599,0
TIG,5,20210216,164500,1.6,1.6,1.55,1.55,2736,0
TIG,5,20210217,090000,1.54,1.54,1.54,1.54,1652,0
TIG,5,20210217,090500,1.59,1.59,1.53,1.53,1349,0
TIG,5,20210217,091000,1.59,1.59,1.59,1.59,299,0
TIG,5,20210217,092000,1.61,1.61,1.61,1.61,22,0
TIG,5,20210217,092500,1.53,1.53,1.53,1.53,2561,0
TIG,5,20210217,093500,1.53,1.53,1.5,1.5,4000,0
TIG,5,20210217,094500,1.6,1.6,1.6,1.6,10,0
TIG,5,20210217,095000,1.6,1.6,1.6,1.6,490,0
TIG,5,20210217,095500,1.6,1.62,1.6,1.6,2856,0
TIG,5,20210217,100000,1.6,1.61,1.6,1.61,3822,0
TIG,5,20210217,111000,1.6,1.6,1.6,1.6,518,0
TIG,5,20210217,111500,1.6,1.6,1.6,1.6,382,0
TIG,5,20210217,131500,1.55,1.55,1.5,1.5,3975,0
TIG,5,20210217,132500,1.49,1.57,1.4,1.55,11844,0
TIG,5,20210217,143500,1.42,1.42,1.42,1.42,3000,0
TIG,5,20210217,145000,1.43,1.43,1.43,1.43,2862,0
TIG,5,20210217,145500,1.43,1.43,1.43,1.43,138,0
TIG,5,20210217,150000,1.5,1.5,1.5,1.5,1250,0
TIG,5,20210217,150500,1.53,1.57,1.53,1.57,2600,0
TIG,5,20210217,164500,1.45,1.52,1.45,1.52,11,0
TIG,5,20210218,090000,1.54,1.56,1.54,1.56,11362,0
TIG,5,20210218,091000,1.56,1.57,1.56,1.57,2604,0
TIG,5,20210218,092500,1.56,1.58,1.56,1.58,1286,0
TIG,5,20210218,094500,1.58,1.58,1.58,1.58,631,0
TIG,5,20210218,095500,1.58,1.59,1.58,1.58,14658,0
TIG,5,20210218,100500,1.55,1.55,1.55,1.55,2000,0
TIG,5,20210218,101000,1.58,1.58,1.58,1.58,1,0
TIG,5,20210218,133000,1.52,1.52,1.5,1.5,1500,0
TIG,5,20210218,133500,1.55,1.55,1.55,1.55,1,0
TIG,5,20210218,135000,1.55,1.55,1.55,1.55,100,0
TIG,5,20210218,144500,1.51,1.51,1.5,1.5,3500,0
TIG,5,20210218,152000,1.5,1.5,1.5,1.5,600,0
TIG,5,20210218,152500,1.5,1.5,1.5,1.5,800,0
TIG,5,20210218,153500,1.5,1.5,1.5,1.5,400,0
TIG,5,20210218,154000,1.5,1.5,1.5,1.5,100,0
TIG,5,20210218,154500,1.5,1.55,1.5,1.55,1601,0
TIG,5,20210218,162000,1.49,1.49,1.49,1.49,1000,0
TIG,5,20210218,163000,1.48,1.48,1.48,1.48,1009,0
TIG,5,20210218,164500,1.47,1.53,1.47,1.53,8,0
TIG,5,20210219,090000,1.53,1.53,1.53,1.53,196,0
TIG,5,20210219,092000,1.47,1.47,1.47,1.47,195,0
TIG,5,20210219,093500,1.46,1.46,1.45,1.45,1000,0
TIG,5,20210219,102500,1.45,1.45,1.45,1.45,180,0
TIG,5,20210219,110500,1.45,1.45,1.45,1.45,1917,0
TIG,5,20210219,115000,1.46,1.51,1.46,1.51,8,0
TIG,5,20210219,134000,1.49,1.49,1.49,1.49,500,0
TIG,5,20210219,141000,1.49,1.49,1.49,1.49,200,0
TIG,5,20210219,142500,1.49,1.49,1.49,1.49,500,0
TIG,5,20210219,144500,1.49,1.52,1.49,1.52,1724,0
TIG,5,20210219,164500,1.44,1.44,1.44,1.44,2500,0
TIG,5,20210222,091500,1.51,1.51,1.51,1.51,230,0
TIG,5,20210222,103000,1.49,1.5,1.49,1.5,1134,0
TIG,5,20210222,114500,1.49,1.49,1.49,1.49,690,0
TIG,5,20210222,145500,1.48,1.48,1.48,1.48,379,0
TIG,5,20210222,162500,1.48,1.48,1.48,1.48,500,0
TIG,5,20210223,090000,1.48,1.52,1.48,1.52,366,0
TIG,5,20210223,091500,1.46,1.46,1.46,1.46,4,0
TIG,5,20210223,092000,1.53,1.53,1.53,1.53,160,0
TIG,5,20210223,094000,1.52,1.52,1.52,1.52,97,0
TIG,5,20210223,103000,1.48,1.48,1.47,1.47,1417,0
TIG,5,20210223,110000,1.47,1.47,1.47,1.47,350,0
TIG,5,20210223,125000,1.47,1.47,1.44,1.44,8000,0
TIG,5,20210223,143500,1.44,1.44,1.44,1.44,2205,0
TIG,5,20210223,151000,1.44,1.44,1.44,1.44,735,0
TIG,5,20210223,154500,1.42,1.42,1.42,1.42,1000,0
TIG,5,20210223,155000,1.42,1.42,1.42,1.42,500,0
TIG,5,20210223,160500,1.42,1.42,1.42,1.42,500,0
TIG,5,20210224,094500,1.41,1.51,1.41,1.51,6,0
TIG,5,20210224,111000,1.43,1.43,1.41,1.41,6700,0
TIG,5,20210224,121500,1.41,1.41,1.41,1.41,1000,0
TIG,5,20210224,122000,1.41,1.41,1.41,1.41,45,0
TIG,5,20210224,122500,1.4,1.4,1.36,1.36,3375,0
TIG,5,20210224,130000,1.38,1.38,1.36,1.36,3214,0
TIG,5,20210224,140000,1.4,1.4,1.4,1.4,3114,0
TIG,5,20210224,143000,1.41,1.41,1.41,1.41,4000,0
TIG,5,20210224,151500,1.4,1.45,1.4,1.45,6,0
TIG,5,20210224,152000,1.45,1.45,1.45,1.45,1,0
TIG,5,20210224,161500,1.45,1.45,1.45,1.45,664,0
TIG,5,20210225,090000,1.38,1.38,1.38,1.38,1000,0
TIG,5,20210225,090500,1.45,1.45,1.45,1.45,687,0
TIG,5,20210225,092000,1.41,1.41,1.41,1.41,5000,0
TIG,5,20210225,093500,1.4,1.4,1.4,1.4,1118,0
TIG,5,20210225,094500,1.44,1.44,1.44,1.44,750,0
TIG,5,20210225,111000,1.42,1.42,1.42,1.42,500,0
TIG,5,20210225,114000,1.4,1.4,1.4,1.4,1000,0
TIG,5,20210225,120500,1.42,1.42,1.42,1.42,72,0
TIG,5,20210225,131500,1.42,1.42,1.42,1.42,23,0
TIG,5,20210225,133500,1.42,1.42,1.42,1.42,405,0
TIG,5,20210225,142500,1.4,1.4,1.4,1.4,3900,0
TIG,5,20210225,145000,1.43,1.43,1.43,1.43,400,0
TIG,5,20210225,164500,1.44,1.44,1.44,1.44,1,0
TIG,5,20210226,152500,1.43,1.43,1.43,1.43,200,0
TIG,5,20210226,153000,1.43,1.43,1.43,1.43,11,0
TIG,5,20210226,164500,1.4,1.4,1.4,1.4,600,0
TIG,5,20210301,092500,1.43,1.43,1.43,1.43,2090,0
TIG,5,20210301,095000,1.44,1.46,1.44,1.46,1000,0
TIG,5,20210301,100000,1.43,1.43,1.43,1.43,300,0
TIG,5,20210301,113500,1.43,1.43,1.43,1.43,46,0
TIG,5,20210301,132000,1.43,1.43,1.4,1.4,2394,0
TIG,5,20210301,144500,1.4,1.4,1.4,1.4,2000,0
TIG,5,20210301,150000,1.41,1.41,1.41,1.41,1000,0
TIG,5,20210301,151500,1.41,1.41,1.41,1.41,1120,0
TIG,5,20210301,153500,1.41,1.41,1.39,1.39,500,0
TIG,5,20210301,164500,1.43,1.43,1.43,1.43,2,0
TIG,5,20210302,092000,1.39,1.39,1.39,1.39,2299,0
TIG,5,20210302,092500,1.39,1.39,1.39,1.39,1300,0
TIG,5,20210302,102500,1.39,1.39,1.39,1.39,1435,0
TIG,5,20210302,110500,1.38,1.39,1.37,1.39,2339,0
TIG,5,20210302,111000,1.39,1.43,1.39,1.43,6,0
TIG,5,20210302,114000,1.4,1.4,1.39,1.39,2732,0
TIG,5,20210302,114500,1.39,1.39,1.39,1.39,595,0
TIG,5,20210302,115500,1.39,1.39,1.39,1.39,610,0
TIG,5,20210302,120500,1.39,1.39,1.39,1.39,4390,0
TIG,5,20210302,121000,1.39,1.39,1.39,1.39,1600,0
TIG,5,20210302,122000,1.39,1.39,1.39,1.39,200,0
TIG,5,20210302,123500,1.39,1.39,1.39,1.39,700,0
TIG,5,20210302,124500,1.37,1.37,1.36,1.36,3400,0
TIG,5,20210302,125000,1.36,1.36,1.36,1.36,1450,0
TIG,5,20210302,125500,1.36,1.36,1.35,1.35,7095,0
TIG,5,20210302,131000,1.35,1.4,1.35,1.4,8,0
TIG,5,20210302,134000,1.36,1.36,1.35,1.35,2860,0
TIG,5,20210302,140000,1.39,1.39,1.39,1.39,5899,0
TIG,5,20210302,141000,1.41,1.41,1.41,1.41,2000,0
TIG,5,20210303,090000,1.4,1.4,1.37,1.37,3031,0
TIG,5,20210303,091000,1.37,1.37,1.37,1.37,570,0
TIG,5,20210303,091500,1.36,1.36,1.35,1.35,2654,0
TIG,5,20210303,093000,1.36,1.36,1.36,1.36,70,0
TIG,5,20210303,095500,1.36,1.36,1.36,1.36,648,0
TIG,5,20210303,113000,1.37,1.37,1.37,1.37,200,0
TIG,5,20210303,113500,1.36,1.36,1.36,1.36,340,0
TIG,5,20210303,120500,1.36,1.36,1.36,1.36,300,0
TIG,5,20210303,122000,1.36,1.36,1.36,1.36,10011,0
TIG,5,20210303,122500,1.36,1.36,1.36,1.36,89,0
TIG,5,20210303,123500,1.39,1.39,1.39,1.39,1,0
TIG,5,20210303,125000,1.36,1.36,1.35,1.35,2576,0
TIG,5,20210303,125500,1.39,1.39,1.39,1.39,1199,0
TIG,5,20210303,132000,1.39,1.39,1.39,1.39,500,0
TIG,5,20210303,133500,1.36,1.36,1.36,1.36,1400,0
TIG,5,20210303,134000,1.36,1.36,1.36,1.36,100,0
TIG,5,20210303,150000,1.36,1.36,1.36,1.36,2000,0
TIG,5,20210303,152000,1.38,1.38,1.38,1.38,500,0
TIG,5,20210303,153000,1.38,1.38,1.38,1.38,2076,0
TIG,5,20210303,160000,1.38,1.38,1.38,1.38,324,0
TIG,5,20210303,160500,1.38,1.38,1.38,1.38,700,0
TIG,5,20210303,161000,1.38,1.38,1.38,1.38,400,0
TIG,5,20210304,100000,1.35,1.35,1.35,1.35,384,0
TIG,5,20210304,100500,1.34,1.35,1.34,1.35,1516,0
TIG,5,20210304,101000,1.35,1.35,1.35,1.35,3500,0
TIG,5,20210304,101500,1.34,1.38,1.34,1.38,1901,0
TIG,5,20210304,103000,1.34,1.34,1.34,1.34,3761,0
TIG,5,20210304,104000,1.35,1.35,1.33,1.33,3400,0
TIG,5,20210304,105000,1.36,1.36,1.36,1.36,312,0
TIG,5,20210304,115500,1.34,1.34,1.34,1.34,1000,0
TIG,5,20210304,120000,1.35,1.36,1.35,1.36,485,0
TIG,5,20210304,120500,1.34,1.34,1.32,1.32,4000,0
TIG,5,20210304,123000,1.36,1.36,1.36,1.36,1,0
TIG,5,20210304,124500,1.32,1.32,1.31,1.31,7752,0
TIG,5,20210304,125000,1.36,1.36,1.36,1.36,1,0
TIG,5,20210304,130000,1.33,1.33,1.33,1.33,2000,0
TIG,5,20210304,130500,1.33,1.33,1.33,1.33,1000,0
TIG,5,20210304,132500,1.33,1.33,1.33,1.33,300,0
TIG,5,20210304,141500,1.36,1.36,1.34,1.34,2301,0
TIG,5,20210304,150000,1.34,1.34,1.34,1.34,1200,0
TIG,5,20210304,152000,1.34,1.34,1.34,1.34,3000,0
TIG,5,20210304,153000,1.36,1.36,1.36,1.36,400,0
TIG,5,20210304,160000,1.34,1.34,1.34,1.34,1800,0
TIG,5,20210304,161000,1.34,1.34,1.34,1.34,600,0
TIG,5,20210304,161500,1.34,1.36,1.34,1.36,101,0
TIG,5,20210304,162000,1.36,1.36,1.36,1.36,300,0
TIG,5,20210304,162500,1.36,1.36,1.36,1.36,1150,0
TIG,5,20210304,164500,1.36,1.36,1.36,1.36,983,0
TIG,5,20210305,090000,1.37,1.37,1.37,1.37,250,0
TIG,5,20210305,090500,1.37,1.37,1.37,1.37,727,0
TIG,5,20210305,092500,1.33,1.33,1.33,1.33,2338,0
TIG,5,20210305,093000,1.37,1.37,1.37,1.37,1,0
TIG,5,20210305,095500,1.36,1.36,1.36,1.36,1100,0
TIG,5,20210305,104000,1.35,1.35,1.35,1.35,6400,0
TIG,5,20210305,105500,1.36,1.36,1.36,1.36,500,0
TIG,5,20210305,110500,1.36,1.36,1.36,1.36,1400,0
TIG,5,20210305,112000,1.36,1.36,1.32,1.32,1371,0
TIG,5,20210305,112500,1.35,1.35,1.35,1.35,1,0
TIG,5,20210305,113000,1.32,1.32,1.31,1.31,654,0
TIG,5,20210305,113500,1.35,1.35,1.35,1.35,1,0
TIG,5,20210305,115000,1.32,1.35,1.29,1.35,20461,0
TIG,5,20210305,131000,1.31,1.31,1.31,1.31,970,0
TIG,5,20210305,131500,1.34,1.34,1.34,1.34,1,0
TIG,5,20210305,133000,1.34,1.34,1.34,1.34,999,0
TIG,5,20210305,133500,1.32,1.32,1.31,1.31,702,0
TIG,5,20210305,142000,1.31,1.35,1.31,1.35,1500,0
TIG,5,20210305,161000,1.31,1.35,1.3,1.35,5001,0
TIG,5,20210305,163000,1.29,1.29,1.29,1.29,1770,0
TIG,5,20210305,164500,1.34,1.34,1.34,1.34,2,0
TIG,5,20210308,091500,1.3,1.35,1.3,1.35,2320,0
TIG,5,20210308,102500,1.33,1.34,1.33,1.34,1000,0
TIG,5,20210308,110000,1.34,1.34,1.34,1.34,200,0
TIG,5,20210308,143000,1.31,1.31,1.3,1.3,10100,0
TIG,5,20210308,143500,1.34,1.34,1.34,1.34,20,0
TIG,5,20210308,154500,1.3,1.3,1.3,1.3,1000,0
TIG,5,20210308,155500,1.34,1.34,1.34,1.34,1,0
TIG,5,20210308,163500,1.3,1.3,1.3,1.3,2466,0
TIG,5,20210308,164500,1.3,1.34,1.3,1.34,12,0
TIG,5,20210309,095500,1.34,1.35,1.34,1.35,2469,0
TIG,5,20210309,102000,1.33,1.33,1.33,1.33,3578,0
TIG,5,20210309,104500,1.33,1.33,1.33,1.33,200,0
TIG,5,20210309,111500,1.33,1.33,1.33,1.33,700,0
TIG,5,20210309,114500,1.33,1.33,1.33,1.33,100,0
TIG,5,20210309,120000,1.32,1.32,1.32,1.32,490,0
TIG,5,20210309,125500,1.33,1.33,1.33,1.33,1500,0
TIG,5,20210309,130500,1.33,1.33,1.33,1.33,1000,0
TIG,5,20210309,131000,1.33,1.34,1.33,1.34,1490,0
TIG,5,20210309,132500,1.32,1.32,1.31,1.31,301,0
TIG,5,20210309,133000,1.33,1.33,1.33,1.33,300,0
TIG,5,20210309,135500,1.33,1.33,1.32,1.32,1500,0
TIG,5,20210309,140500,1.34,1.34,1.34,1.34,30,0
TIG,5,20210309,141500,1.34,1.34,1.34,1.34,300,0
TIG,5,20210309,154500,1.32,1.32,1.32,1.32,933,0
TIG,5,20210309,165500,1.34,1.34,1.34,1.34,1,0
TIG,5,20210310,093500,1.32,1.32,1.32,1.32,50,0
TIG,5,20210310,094500,1.35,1.37,1.35,1.37,210,0
TIG,5,20210310,124000,1.36,1.36,1.36,1.36,34,0
TIG,5,20210310,130000,1.32,1.32,1.31,1.31,4000,0
TIG,5,20210310,131000,1.36,1.36,1.36,1.36,10,0
TIG,5,20210310,151000,1.32,1.32,1.32,1.32,100,0
TIG,5,20210310,153000,1.34,1.34,1.34,1.34,73,0
TIG,5,20210310,154000,1.32,1.32,1.32,1.32,100,0
TIG,5,20210310,162000,1.32,1.32,1.32,1.32,119,0
TIG,5,20210310,162500,1.32,1.32,1.32,1.32,281,0
TIG,5,20210310,163500,1.31,1.31,1.31,1.31,1,0
TIG,5,20210311,090000,1.32,1.34,1.32,1.34,1427,0
TIG,5,20210311,090500,1.36,1.37,1.36,1.37,856,0
TIG,5,20210311,092000,1.36,1.38,1.36,1.38,8524,0
TIG,5,20210311,092500,1.38,1.38,1.38,1.38,4238,0
TIG,5,20210311,094500,1.38,1.38,1.38,1.38,287,0
TIG,5,20210311,095000,1.34,1.34,1.34,1.34,2600,0
TIG,5,20210311,100500,1.37,1.37,1.37,1.37,100,0
TIG,5,20210311,101000,1.34,1.34,1.33,1.33,1400,0
TIG,5,20210311,103000,1.35,1.35,1.35,1.35,700,0
TIG,5,20210311,105000,1.35,1.35,1.35,1.35,2257,0
TIG,5,20210311,111000,1.35,1.35,1.35,1.35,343,0
TIG,5,20210311,112000,1.35,1.35,1.35,1.35,1657,0
TIG,5,20210311,114000,1.35,1.35,1.35,1.35,543,0
TIG,5,20210311,115000,1.35,1.37,1.35,1.37,2000,0
TIG,5,20210311,115500,1.38,1.38,1.38,1.38,3493,0
TIG,5,20210311,121000,1.34,1.34,1.34,1.34,2056,0
TIG,5,20210311,121500,1.35,1.35,1.35,1.35,1000,0
TIG,5,20210311,125500,1.35,1.35,1.35,1.35,2000,0
TIG,5,20210311,130000,1.35,1.35,1.35,1.35,1000,0
TIG,5,20210311,145000,1.36,1.36,1.36,1.36,1000,0
TIG,5,20210311,145500,1.38,1.38,1.38,1.38,500,0
TIG,5,20210311,151500,1.38,1.38,1.38,1.38,700,0
TIG,5,20210311,152000,1.38,1.38,1.38,1.38,500,0
TIG,5,20210311,152500,1.38,1.38,1.38,1.38,500,0
TIG,5,20210312,091500,1.38,1.38,1.38,1.38,1620,0
TIG,5,20210312,092000,1.38,1.38,1.38,1.38,550,0
TIG,5,20210312,093000,1.38,1.39,1.38,1.39,2670,0
TIG,5,20210312,093500,1.39,1.39,1.39,1.39,1000,0
TIG,5,20210312,094000,1.39,1.4,1.39,1.4,3664,0
TIG,5,20210312,094500,1.38,1.38,1.38,1.38,1500,0
TIG,5,20210312,095500,1.38,1.38,1.38,1.38,1193,0
TIG,5,20210312,100500,1.34,1.34,1.34,1.34,200,0
TIG,5,20210312,101000,1.38,1.38,1.38,1.38,1135,0
TIG,5,20210312,103500,1.38,1.38,1.38,1.38,365,0
TIG,5,20210312,111000,1.38,1.46,1.38,1.46,21823,0
TIG,5,20210312,111500,1.43,1.48,1.43,1.48,27447,0
TIG,5,20210312,112000,1.48,1.48,1.46,1.46,6702,0
TIG,5,20210312,112500,1.44,1.45,1.41,1.41,13208,0
TIG,5,20210312,113500,1.44,1.44,1.44,1.44,1250,0
TIG,5,20210312,114000,1.41,1.41,1.4,1.4,2383,0
TIG,5,20210312,115000,1.42,1.42,1.4,1.4,927,0
TIG,5,20210312,115500,1.41,1.41,1.41,1.41,2000,0
TIG,5,20210312,120500,1.4,1.4,1.4,1.4,1000,0
TIG,5,20210312,121500,1.39,1.39,1.39,1.39,400,0
TIG,5,20210312,122000,1.38,1.38,1.35,1.35,1050,0
TIG,5,20210312,123500,1.38,1.4,1.38,1.4,1000,0
TIG,5,20210312,130000,1.39,1.39,1.39,1.39,997,0
TIG,5,20210312,130500,1.39,1.39,1.33,1.33,10800,0
TIG,5,20210312,131000,1.35,1.36,1.35,1.36,1500,0
TIG,5,20210312,132500,1.34,1.34,1.34,1.34,2600,0
TIG,5,20210312,133000,1.34,1.34,1.34,1.34,3400,0
TIG,5,20210312,133500,1.36,1.36,1.36,1.36,3665,0
TIG,5,20210312,134000,1.33,1.33,1.33,1.33,2697,0
TIG,5,20210312,134500,1.33,1.33,1.33,1.33,4303,0
TIG,5,20210312,144500,1.33,1.33,1.33,1.33,3090,0
TIG,5,20210312,152000,1.35,1.35,1.35,1.35,1000,0
TIG,5,20210312,153000,1.35,1.35,1.35,1.35,1880,0
TIG,5,20210312,153500,1.36,1.36,1.36,1.36,2684,0
TIG,5,20210312,160000,1.36,1.36,1.36,1.36,130,0
TIG,5,20210312,160500,1.34,1.34,1.33,1.33,4500,0
TIG,5,20210312,164500,1.32,1.32,1.32,1.32,3000,0
TIG,5,20210315,090500,1.32,1.32,1.32,1.32,2279,0
TIG,5,20210315,092000,1.33,1.33,1.33,1.33,1500,0
TIG,5,20210315,092500,1.33,1.33,1.33,1.33,500,0
TIG,5,20210315,095000,1.32,1.32,1.32,1.32,1200,0
TIG,5,20210315,100500,1.34,1.34,1.34,1.34,1654,0
TIG,5,20210315,105000,1.34,1.34,1.34,1.34,500,0
TIG,5,20210315,105500,1.34,1.34,1.34,1.34,1466,0
TIG,5,20210315,110000,1.35,1.35,1.35,1.35,230,0
TIG,5,20210315,112500,1.34,1.34,1.34,1.34,2000,0
TIG,5,20210315,113500,1.35,1.35,1.35,1.35,500,0
TIG,5,20210315,114000,1.34,1.34,1.33,1.33,1500,0
TIG,5,20210315,114500,1.33,1.33,1.33,1.33,700,0
TIG,5,20210315,121000,1.33,1.33,1.31,1.31,1500,0
TIG,5,20210315,121500,1.34,1.34,1.31,1.31,3799,0
TIG,5,20210315,122000,1.3,1.3,1.3,1.3,3034,0
TIG,5,20210315,123000,1.3,1.3,1.3,1.3,1000,0
TIG,5,20210315,125500,1.31,1.31,1.31,1.31,1200,0
TIG,5,20210315,130000,1.31,1.31,1.31,1.31,1620,0
TIG,5,20210315,130500,1.3,1.3,1.3,1.3,101,0
TIG,5,20210315,132500,1.32,1.32,1.3,1.3,3300,0
TIG,5,20210315,133000,1.3,1.3,1.3,1.3,30,0
TIG,5,20210315,134500,1.3,1.3,1.3,1.3,970,0
TIG,5,20210315,135500,1.3,1.3,1.29,1.3,2572,0
TIG,5,20210315,140500,1.3,1.3,1.3,1.3,1000,0
TIG,5,20210315,141000,1.3,1.3,1.3,1.3,1000,0
TIG,5,20210315,141500,1.3,1.3,1.3,1.3,990,0
TIG,5,20210315,142500,1.29,1.29,1.29,1.29,329,0
TIG,5,20210315,143000,1.3,1.3,1.3,1.3,11,0
TIG,5,20210315,143500,1.3,1.3,1.3,1.3,2200,0
TIG,5,20210315,151500,1.3,1.3,1.3,1.3,1750,0
TIG,5,20210315,152000,1.3,1.3,1.3,1.3,1000,0
TIG,5,20210315,153500,1.3,1.3,1.3,1.3,1000,0
TIG,5,20210315,154500,1.3,1.3,1.3,1.3,925,0
TIG,5,20210315,155000,1.3,1.3,1.3,1.3,76,0
TIG,5,20210315,161500,1.3,1.3,1.3,1.3,6100,0
TIG,5,20210315,164000,1.3,1.3,1.3,1.3,1000,0
TIG,5,20210316,093000,1.33,1.33,1.33,1.33,749,0
TIG,5,20210316,105000,1.29,1.29,1.29,1.29,8000,0
TIG,5,20210316,110000,1.31,1.32,1.31,1.32,3800,0
TIG,5,20210316,112500,1.31,1.31,1.31,1.31,300,0
TIG,5,20210316,113000,1.31,1.31,1.28,1.28,1029,0
TIG,5,20210316,115500,1.29,1.29,1.28,1.28,1100,0
TIG,5,20210316,120000,1.28,1.28,1.28,1.28,3761,0
TIG,5,20210316,120500,1.28,1.28,1.28,1.28,2400,0
TIG,5,20210316,121000,1.28,1.28,1.28,1.28,1600,0
TIG,5,20210316,124500,1.29,1.29,1.29,1.29,500,0
TIG,5,20210316,131500,1.27,1.31,1.25,1.31,7505,0
TIG,5,20210316,132000,1.25,1.25,1.25,1.25,30,0
TIG,5,20210316,133000,1.3,1.3,1.3,1.3,325,0
TIG,5,20210316,134000,1.31,1.31,1.31,1.31,100,0
TIG,5,20210316,135000,1.26,1.31,1.24,1.31,4161,0
TIG,5,20210316,144000,1.25,1.3,1.25,1.3,401,0
TIG,5,20210316,154000,1.25,1.25,1.25,1.25,10,0
TIG,5,20210316,154500,1.25,1.25,1.25,1.25,2500,0
TIG,5,20210316,160000,1.26,1.26,1.26,1.26,1200,0
TIG,5,20210316,161000,1.26,1.3,1.26,1.3,2010,0
TIG,5,20210316,161500,1.25,1.25,1.25,1.25,5200,0
TIG,5,20210316,162500,1.26,1.26,1.26,1.26,3100,0
TIG,5,20210316,163000,1.26,1.26,1.26,1.26,1000,0
TIG,5,20210316,163500,1.3,1.3,1.3,1.3,2,0
TIG,5,20210316,164000,1.26,1.3,1.26,1.3,1502,0
TIG,5,20210317,091500,1.3,1.3,1.3,1.3,1,0
TIG,5,20210317,100500,1.25,1.25,1.24,1.24,1000,0
TIG,5,20210317,101000,1.28,1.28,1.28,1.28,284,0
TIG,5,20210317,113000,1.25,1.25,1.25,1.25,200,0
TIG,5,20210317,114000,1.24,1.24,1.24,1.24,900,0
TIG,5,20210317,115000,1.28,1.28,1.28,1.28,1,0
TIG,5,20210317,122500,1.28,1.28,1.28,1.28,167,0
TIG,5,20210317,125500,1.28,1.3,1.28,1.3,83,0
TIG,5,20210317,130000,1.26,1.26,1.26,1.26,1200,0
TIG,5,20210317,130500,1.29,1.29,1.29,1.29,1,0
TIG,5,20210317,143000,1.25,1.29,1.24,1.29,4511,0
TIG,5,20210317,144500,1.28,1.3,1.28,1.3,8750,0
TIG,5,20210317,145500,1.3,1.3,1.3,1.3,2791,0
TIG,5,20210317,150000,1.3,1.33,1.3,1.33,2057,0
TIG,5,20210317,150500,1.33,1.33,1.31,1.31,2877,0
TIG,5,20210317,164000,1.26,1.31,1.26,1.31,976,0
TIG,5,20210318,091000,1.29,1.29,1.29,1.29,37,0
TIG,5,20210318,133000,1.3,1.3,1.3,1.3,1000,0
TIG,5,20210318,151500,1.31,1.31,1.31,1.31,1000,0
TIG,5,20210318,153500,1.28,1.28,1.27,1.27,3200,0
TIG,5,20210318,160000,1.27,1.27,1.26,1.26,1536,0
TIG,5,20210318,161000,1.26,1.26,1.25,1.25,1577,0
TIG,5,20210318,164000,1.25,1.25,1.25,1.25,1797,0
TIG,5,20210318,164500,1.29,1.29,1.29,1.29,1,0
TIG,5,20210319,100500,1.24,1.28,1.24,1.28,150,0
TIG,5,20210319,111000,1.27,1.27,1.27,1.27,1000,0
TIG,5,20210319,134000,1.25,1.25,1.24,1.24,51,0
TIG,5,20210319,134500,1.24,1.24,1.24,1.24,2200,0
TIG,5,20210319,135000,1.24,1.24,1.23,1.23,328,0
TIG,5,20210319,135500,1.23,1.26,1.22,1.26,5302,0
TIG,5,20210319,150500,1.23,1.23,1.21,1.21,3916,0
TIG,5,20210319,151000,1.24,1.24,1.24,1.24,800,0
TIG,5,20210319,153000,1.22,1.22,1.22,1.22,2712,0
TIG,5,20210319,161500,1.22,1.22,1.21,1.21,10218,0
TIG,5,20210319,162500,1.21,1.22,1.2,1.22,4972,0
TIG,5,20210319,163000,1.22,1.22,1.22,1.22,5678,0
TIG,5,20210319,163500,1.22,1.22,1.22,1.22,14535,0
TIG,5,20210319,164500,1.25,1.25,1.25,1.25,2,0
TIG,5,20210322,090000,1.2,1.25,1.15,1.15,6200,0
TIG,5,20210322,091000,1.25,1.25,1.25,1.25,5,0
TIG,5,20210322,094000,1.24,1.24,1.24,1.24,200,0
TIG,5,20210322,102500,1.22,1.22,1.22,1.22,690,0
TIG,5,20210322,105000,1.22,1.22,1.22,1.22,5000,0
TIG,5,20210322,122500,1.21,1.21,1.21,1.21,301,0
TIG,5,20210322,135500,1.19,1.19,1.19,1.19,1500,0
TIG,5,20210322,140500,1.19,1.19,1.19,1.19,2500,0
TIG,5,20210322,141500,1.21,1.21,1.21,1.21,300,0
TIG,5,20210322,164500,1.2,1.2,1.2,1.2,2000,0
TIG,5,20210323,090000,1.19,1.19,1.1,1.1,21119,0
TIG,5,20210323,090500,1.11,1.17,1.11,1.17,7400,0
TIG,5,20210323,091000,1.12,1.12,1.07,1.07,2493,0
TIG,5,20210323,091500,1.11,1.11,1.11,1.11,2000,0
TIG,5,20210323,092000,1.11,1.15,1.1,1.1,8212,0
TIG,5,20210323,093500,1.1,1.1,1.08,1.08,4700,0
TIG,5,20210323,095000,1.1,1.1,1.09,1.09,4280,0
TIG,5,20210323,100000,1.15,1.16,1.15,1.16,2866,0
TIG,5,20210323,104500,1.16,1.16,1.16,1.16,582,0
TIG,5,20210323,105000,1.17,1.17,1.17,1.17,2000,0
TIG,5,20210323,105500,1.16,1.16,1.12,1.12,419,0
TIG,5,20210323,115500,1.13,1.19,1.13,1.19,1150,0
TIG,5,20210323,141000,1.15,1.15,1.15,1.15,1720,0
TIG,5,20210323,141500,1.15,1.15,1.15,1.15,1000,0
TIG,5,20210323,142000,1.15,1.15,1.15,1.15,780,0
TIG,5,20210323,144500,1.18,1.18,1.18,1.18,60,0
TIG,5,20210323,150000,1.15,1.15,1.15,1.15,6000,0
TIG,5,20210323,151000,1.18,1.18,1.18,1.18,2,0
TIG,5,20210323,163000,1.18,1.19,1.18,1.19,4000,0
TIG,5,20210324,090000,1.19,1.19,1.12,1.12,131,0
TIG,5,20210324,091000,1.19,1.19,1.19,1.19,10,0
TIG,5,20210324,105000,1.14,1.14,1.14,1.14,300,0
TIG,5,20210324,105500,1.14,1.14,1.14,1.14,625,0
TIG,5,20210324,123000,1.14,1.14,1.14,1.14,1500,0
TIG,5,20210324,124000,1.17,1.19,1.17,1.19,5000,0
TIG,5,20210324,141000,1.18,1.19,1.18,1.19,1305,0
TIG,5,20210324,143000,1.21,1.21,1.21,1.21,10,0
TIG,5,20210324,151500,1.14,1.14,1.14,1.14,41,0
TIG,5,20210324,154000,1.15,1.15,1.15,1.15,1750,0
TIG,5,20210324,160000,1.15,1.15,1.15,1.15,1650,0
TIG,5,20210324,164000,1.2,1.2,1.2,1.2,1,0
TIG,5,20210325,090000,1.2,1.2,1.2,1.2,249,0
TIG,5,20210325,090500,1.2,1.2,1.2,1.2,750,0
TIG,5,20210325,102500,1.2,1.2,1.2,1.2,1,0
TIG,5,20210325,122000,1.16,1.16,1.08,1.08,4200,0
TIG,5,20210325,122500,1.2,1.2,1.2,1.2,2,0
TIG,5,20210325,125500,1.15,1.17,1.15,1.17,1075,0
TIG,5,20210325,154000,1.16,1.16,1.16,1.16,170,0
TIG,5,20210325,160500,1.12,1.12,1.12,1.12,1200,0
TIG,5,20210325,161500,1.12,1.12,1.12,1.12,2000,0
TIG,5,20210325,162500,1.16,1.16,1.16,1.16,1,0
TIG,5,20210326,090000,1.12,1.12,1.12,1.12,200,0
TIG,5,20210326,092500,1.15,1.15,1.15,1.15,200,0
TIG,5,20210326,094000,1.12,1.15,1.12,1.15,2401,0
TIG,5,20210326,095000,1.12,1.15,1.12,1.15,2101,0
TIG,5,20210326,102500,1.12,1.12,1.1,1.1,10000,0
TIG,5,20210326,103500,1.1,1.1,1.1,1.1,2890,0
TIG,5,20210326,104000,1.1,1.1,1.1,1.1,2110,0
TIG,5,20210326,104500,1.14,1.14,1.14,1.14,92,0
TIG,5,20210326,105500,1.14,1.15,1.14,1.15,1000,0
TIG,5,20210326,112000,1.11,1.11,1.11,1.11,1300,0
TIG,5,20210326,112500,1.11,1.11,1.1,1.1,7835,0
TIG,5,20210326,114000,1.1,1.11,1.1,1.11,2000,0
TIG,5,20210326,115500,1.13,1.13,1.13,1.13,182,0
TIG,5,20210326,120000,1.09,1.09,1.09,1.09,3890,0
TIG,5,20210326,120500,1.08,1.08,1.08,1.08,4900,0
TIG,5,20210326,121500,1.13,1.13,1.13,1.13,1,0
TIG,5,20210326,133000,1.09,1.09,1.09,1.09,1800,0
TIG,5,20210326,135000,1.08,1.09,1.05,1.05,5000,0
TIG,5,20210326,135500,1.06,1.12,1.06,1.12,1301,0
TIG,5,20210326,152500,1.07,1.07,1.07,1.07,3500,0
TIG,5,20210326,153500,1.07,1.07,1.07,1.07,1000,0
TIG,5,20210326,163000,1.07,1.11,1.07,1.11,2511,0
TIG,5,20210326,164500,1.07,1.11,1.07,1.11,1501,0
