<TICKER>,<PER>,<DATE>,<TIME>,<OPEN>,<HIGH>,<LOW>,<CLOSE>,<VOL>,<OPENINT>
TLG,5,20210204,090000,0.38,0.38,0.38,0.38,7233,0
TLG,5,20210204,090500,0.38,0.38,0.38,0.38,2742,0
TLG,5,20210204,091500,0.382,0.382,0.382,0.382,1000,0
TLG,5,20210204,093000,0.386,0.388,0.386,0.388,3700,0
TLG,5,20210204,094000,0.386,0.386,0.386,0.386,2512,0
TLG,5,20210204,104000,0.386,0.386,0.386,0.386,2582,0
TLG,5,20210204,111500,0.382,0.382,0.382,0.382,3000,0
TLG,5,20210204,115500,0.382,0.382,0.382,0.382,5500,0
TLG,5,20210204,133500,0.382,0.382,0.382,0.382,3875,0
TLG,5,20210204,135000,0.384,0.388,0.384,0.388,1500,0
TLG,5,20210205,092500,0.38,0.38,0.38,0.38,200,0
TLG,5,20210205,093500,0.388,0.39,0.388,0.39,10238,0
TLG,5,20210205,094000,0.39,0.394,0.39,0.394,1666,0
TLG,5,20210205,125000,0.388,0.388,0.388,0.388,1000,0
TLG,5,20210205,130000,0.388,0.388,0.388,0.388,1000,0
TLG,5,20210208,092500,0.386,0.386,0.386,0.386,100,0
TLG,5,20210208,131500,0.374,0.374,0.374,0.374,400,0
TLG,5,20210208,143000,0.374,0.374,0.374,0.374,238,0
TLG,5,20210208,144500,0.374,0.374,0.374,0.374,3100,0
TLG,5,20210208,150000,0.374,0.374,0.372,0.372,5000,0
TLG,5,20210208,152500,0.384,0.384,0.384,0.384,1000,0
TLG,5,20210208,164500,0.38,0.38,0.38,0.38,2400,0
TLG,5,20210209,090000,0.38,0.38,0.38,0.38,600,0
TLG,5,20210209,092000,0.37,0.37,0.37,0.37,1000,0
TLG,5,20210209,092500,0.368,0.37,0.368,0.37,6163,0
TLG,5,20210209,100500,0.372,0.372,0.372,0.372,3658,0
TLG,5,20210209,104500,0.372,0.372,0.372,0.372,1342,0
TLG,5,20210209,112500,0.37,0.37,0.37,0.37,1058,0
TLG,5,20210209,124000,0.382,0.382,0.382,0.382,68,0
TLG,5,20210209,131500,0.38,0.38,0.38,0.38,4000,0
TLG,5,20210209,133000,0.372,0.372,0.37,0.37,10068,0
TLG,5,20210209,141500,0.378,0.378,0.378,0.378,593,0
TLG,5,20210209,163500,0.372,0.372,0.372,0.372,4000,0
TLG,5,20210210,090000,0.376,0.376,0.376,0.376,2500,0
TLG,5,20210210,095500,0.37,0.37,0.37,0.37,3200,0
TLG,5,20210210,100500,0.358,0.358,0.358,0.358,3000,0
TLG,5,20210210,102000,0.374,0.374,0.374,0.374,1,0
TLG,5,20210210,105000,0.36,0.36,0.35,0.35,5332,0
TLG,5,20210210,111000,0.358,0.358,0.352,0.352,12110,0
TLG,5,20210210,115000,0.356,0.356,0.354,0.354,10000,0
TLG,5,20210210,140000,0.366,0.37,0.366,0.37,4000,0
TLG,5,20210210,164500,0.368,0.37,0.368,0.37,5009,0
TLG,5,20210211,090000,0.37,0.38,0.37,0.38,17398,0
TLG,5,20210211,091000,0.378,0.378,0.378,0.378,254,0
TLG,5,20210211,091500,0.36,0.36,0.36,0.36,5200,0
TLG,5,20210211,094000,0.376,0.376,0.376,0.376,1511,0
TLG,5,20210211,123500,0.372,0.372,0.372,0.372,3000,0
TLG,5,20210211,131500,0.374,0.374,0.374,0.374,1000,0
TLG,5,20210211,144000,0.378,0.378,0.378,0.378,380,0
TLG,5,20210211,150000,0.378,0.378,0.378,0.378,5866,0
TLG,5,20210211,155000,0.38,0.38,0.38,0.38,1538,0
TLG,5,20210212,090000,0.382,0.412,0.382,0.412,99593,0
TLG,5,20210212,090500,0.418,0.448,0.418,0.42,220953,0
TLG,5,20210212,091000,0.42,0.446,0.42,0.42,21626,0
TLG,5,20210212,091500,0.43,0.44,0.43,0.44,47099,0
TLG,5,20210212,092000,0.44,0.456,0.42,0.456,97714,0
TLG,5,20210212,092500,0.456,0.458,0.456,0.458,39809,0
TLG,5,20210212,105000,0.525,0.545,0.52,0.545,156579,0
TLG,5,20210212,110000,0.535,0.535,0.535,0.535,26450,0
TLG,5,20210212,110500,0.535,0.545,0.464,0.49,159956,0
TLG,5,20210212,111000,0.52,0.52,0.48,0.48,156410,0
TLG,5,20210212,111500,0.49,0.525,0.49,0.5,89373,0
TLG,5,20210212,112000,0.52,0.52,0.5,0.505,52769,0
TLG,5,20210212,112500,0.505,0.52,0.505,0.515,18300,0
TLG,5,20210212,113000,0.505,0.525,0.486,0.525,9644,0
TLG,5,20210212,113500,0.515,0.515,0.515,0.515,1000,0
TLG,5,20210212,114000,0.51,0.51,0.51,0.51,1,0
TLG,5,20210212,114500,0.5,0.5,0.5,0.5,11971,0
TLG,5,20210212,115000,0.5,0.51,0.5,0.51,24710,0
TLG,5,20210212,120000,0.5,0.5,0.492,0.492,15775,0
TLG,5,20210212,120500,0.49,0.505,0.49,0.49,3253,0
TLG,5,20210212,121000,0.49,0.5,0.486,0.5,520,0
TLG,5,20210212,122000,0.5,0.5,0.5,0.5,7430,0
TLG,5,20210212,122500,0.505,0.51,0.505,0.51,20067,0
TLG,5,20210212,123000,0.515,0.515,0.51,0.51,9656,0
TLG,5,20210212,123500,0.5,0.51,0.5,0.51,1249,0
TLG,5,20210212,124000,0.51,0.51,0.51,0.51,2300,0
TLG,5,20210212,124500,0.5,0.5,0.5,0.5,1659,0
TLG,5,20210212,130000,0.486,0.486,0.482,0.482,6516,0
TLG,5,20210212,130500,0.5,0.5,0.5,0.5,191,0
TLG,5,20210212,131000,0.484,0.484,0.484,0.484,3000,0
TLG,5,20210212,131500,0.482,0.482,0.48,0.48,23399,0
TLG,5,20210212,132000,0.49,0.49,0.49,0.49,97,0
TLG,5,20210212,132500,0.47,0.47,0.47,0.47,11000,0
TLG,5,20210212,133000,0.48,0.48,0.48,0.48,80,0
TLG,5,20210212,133500,0.47,0.47,0.466,0.466,10050,0
TLG,5,20210212,134500,0.48,0.48,0.48,0.48,802,0
TLG,5,20210212,140000,0.48,0.48,0.48,0.48,14643,0
TLG,5,20210212,140500,0.474,0.474,0.45,0.45,70807,0
TLG,5,20210212,141000,0.444,0.47,0.442,0.47,8692,0
TLG,5,20210212,142000,0.47,0.47,0.47,0.47,3150,0
TLG,5,20210212,142500,0.468,0.468,0.468,0.468,4000,0
TLG,5,20210212,143000,0.468,0.468,0.454,0.454,10571,0
TLG,5,20210212,143500,0.454,0.454,0.45,0.45,18613,0
TLG,5,20210212,144000,0.456,0.456,0.456,0.456,2910,0
TLG,5,20210212,144500,0.456,0.456,0.456,0.456,17090,0
TLG,5,20210212,145000,0.46,0.476,0.46,0.476,4000,0
TLG,5,20210212,145500,0.476,0.476,0.476,0.476,3629,0
TLG,5,20210212,150000,0.486,0.486,0.486,0.486,5000,0
TLG,5,20210212,150500,0.49,0.49,0.49,0.49,882,0
TLG,5,20210212,151000,0.486,0.486,0.486,0.486,1538,0
TLG,5,20210212,151500,0.486,0.486,0.486,0.486,1000,0
TLG,5,20210212,153000,0.486,0.486,0.48,0.48,8951,0
TLG,5,20210212,154000,0.476,0.476,0.476,0.476,2000,0
TLG,5,20210212,154500,0.476,0.476,0.458,0.458,14839,0
TLG,5,20210212,155000,0.458,0.458,0.44,0.448,44277,0
TLG,5,20210212,160000,0.448,0.46,0.448,0.46,9434,0
TLG,5,20210212,160500,0.452,0.47,0.452,0.47,3293,0
TLG,5,20210212,161500,0.434,0.434,0.43,0.43,6500,0
TLG,5,20210212,162000,0.46,0.46,0.46,0.46,111,0
TLG,5,20210212,162500,0.43,0.43,0.424,0.424,32318,0
TLG,5,20210212,163000,0.424,0.46,0.424,0.46,7571,0
TLG,5,20210212,163500,0.45,0.45,0.412,0.442,54549,0
TLG,5,20210212,164000,0.42,0.42,0.412,0.414,11091,0
TLG,5,20210212,164500,0.426,0.426,0.426,0.426,9000,0
TLG,5,20210215,090000,0.446,0.446,0.442,0.442,17773,0
TLG,5,20210215,090500,0.444,0.444,0.444,0.444,4900,0
TLG,5,20210215,091500,0.446,0.47,0.446,0.466,13075,0
TLG,5,20210215,092000,0.46,0.46,0.46,0.46,11088,0
TLG,5,20210215,092500,0.46,0.46,0.46,0.46,5000,0
TLG,5,20210215,093000,0.45,0.45,0.446,0.446,4500,0
TLG,5,20210215,093500,0.446,0.446,0.446,0.446,2425,0
TLG,5,20210215,094000,0.458,0.46,0.44,0.46,38153,0
TLG,5,20210215,094500,0.458,0.46,0.44,0.44,2600,0
TLG,5,20210215,095000,0.458,0.458,0.434,0.458,1648,0
TLG,5,20210215,095500,0.434,0.434,0.426,0.426,28948,0
TLG,5,20210215,100000,0.438,0.45,0.438,0.442,15839,0
TLG,5,20210215,100500,0.436,0.44,0.422,0.44,8051,0
TLG,5,20210215,101000,0.44,0.44,0.44,0.44,4083,0
TLG,5,20210215,101500,0.43,0.43,0.426,0.426,15416,0
TLG,5,20210215,102000,0.44,0.44,0.438,0.438,1272,0
TLG,5,20210215,103500,0.428,0.428,0.428,0.428,882,0
TLG,5,20210215,105000,0.438,0.438,0.438,0.438,1828,0
TLG,5,20210215,110000,0.438,0.438,0.438,0.438,1400,0
TLG,5,20210215,110500,0.44,0.44,0.426,0.426,35895,0
TLG,5,20210215,111500,0.426,0.426,0.42,0.42,16216,0
TLG,5,20210215,112000,0.42,0.44,0.42,0.44,12588,0
TLG,5,20210215,112500,0.44,0.44,0.42,0.42,5156,0
TLG,5,20210215,113500,0.438,0.438,0.438,0.438,1,0
TLG,5,20210215,115000,0.424,0.424,0.422,0.422,13796,0
TLG,5,20210215,120500,0.438,0.438,0.438,0.438,4699,0
TLG,5,20210215,121500,0.438,0.438,0.438,0.438,301,0
TLG,5,20210215,122000,0.438,0.438,0.422,0.422,12322,0
TLG,5,20210215,122500,0.422,0.422,0.422,0.422,3939,0
TLG,5,20210215,123000,0.422,0.422,0.402,0.402,42075,0
TLG,5,20210215,123500,0.402,0.446,0.4,0.426,119016,0
TLG,5,20210215,124000,0.426,0.426,0.416,0.416,15150,0
TLG,5,20210215,125000,0.424,0.44,0.424,0.44,2550,0
TLG,5,20210215,132500,0.42,0.42,0.406,0.406,58083,0
TLG,5,20210215,133000,0.422,0.422,0.422,0.422,4000,0
TLG,5,20210215,134000,0.408,0.408,0.406,0.406,5000,0
TLG,5,20210215,135000,0.416,0.416,0.416,0.416,6100,0
TLG,5,20210215,141000,0.412,0.422,0.41,0.422,23758,0
TLG,5,20210215,141500,0.434,0.438,0.426,0.438,6428,0
TLG,5,20210215,144000,0.414,0.414,0.412,0.412,11900,0
TLG,5,20210215,145500,0.414,0.414,0.414,0.414,1000,0
TLG,5,20210215,150000,0.416,0.416,0.414,0.414,1500,0
TLG,5,20210215,153000,0.416,0.416,0.416,0.416,1200,0
TLG,5,20210215,160000,0.414,0.414,0.414,0.414,2000,0
TLG,5,20210215,161500,0.418,0.418,0.418,0.418,100,0
TLG,5,20210215,164500,0.414,0.416,0.414,0.416,3929,0
TLG,5,20210216,090000,0.422,0.422,0.416,0.416,9000,0
TLG,5,20210216,092000,0.41,0.41,0.41,0.41,1000,0
TLG,5,20210216,093500,0.41,0.41,0.41,0.41,90,0
TLG,5,20210216,100000,0.41,0.41,0.402,0.402,9489,0
TLG,5,20210216,100500,0.402,0.402,0.402,0.402,5178,0
TLG,5,20210216,101000,0.402,0.402,0.4,0.4,16000,0
TLG,5,20210216,102000,0.402,0.402,0.402,0.402,512,0
TLG,5,20210216,103000,0.404,0.404,0.4,0.4,8477,0
TLG,5,20210216,105500,0.394,0.394,0.394,0.394,1000,0
TLG,5,20210216,110000,0.392,0.4,0.39,0.4,12271,0
TLG,5,20210216,113000,0.4,0.4,0.4,0.4,316,0
TLG,5,20210216,113500,0.41,0.41,0.41,0.41,3282,0
TLG,5,20210216,120500,0.394,0.394,0.394,0.394,1600,0
TLG,5,20210216,122000,0.394,0.394,0.392,0.392,11476,0
TLG,5,20210216,131000,0.392,0.392,0.392,0.392,4000,0
TLG,5,20210216,133000,0.392,0.392,0.39,0.39,30000,0
TLG,5,20210216,134500,0.39,0.39,0.39,0.39,10500,0
TLG,5,20210216,135000,0.39,0.39,0.39,0.39,5000,0
TLG,5,20210216,135500,0.392,0.392,0.384,0.39,20618,0
TLG,5,20210216,143500,0.394,0.4,0.394,0.4,10945,0
TLG,5,20210216,144000,0.4,0.402,0.4,0.402,747,0
TLG,5,20210216,164500,0.398,0.4,0.398,0.4,4701,0
TLG,5,20210217,092000,0.408,0.408,0.408,0.408,1,0
TLG,5,20210217,094500,0.406,0.406,0.406,0.406,500,0
TLG,5,20210217,100000,0.404,0.406,0.404,0.404,8091,0
TLG,5,20210217,100500,0.404,0.404,0.404,0.404,9526,0
TLG,5,20210217,111000,0.4,0.402,0.4,0.402,2000,0
TLG,5,20210217,111500,0.402,0.402,0.402,0.402,3000,0
TLG,5,20210217,112000,0.402,0.402,0.402,0.402,248,0
TLG,5,20210217,115500,0.402,0.402,0.402,0.402,2252,0
TLG,5,20210217,125000,0.402,0.402,0.402,0.402,72,0
TLG,5,20210217,132000,0.39,0.39,0.39,0.39,1000,0
TLG,5,20210217,132500,0.386,0.386,0.384,0.384,5800,0
TLG,5,20210217,141500,0.398,0.398,0.398,0.398,306,0
TLG,5,20210217,143000,0.384,0.384,0.38,0.38,9589,0
TLG,5,20210217,143500,0.38,0.38,0.38,0.38,1000,0
TLG,5,20210217,154000,0.382,0.382,0.382,0.382,474,0
TLG,5,20210217,164500,0.396,0.396,0.396,0.396,1,0
TLG,5,20210218,090000,0.388,0.388,0.386,0.386,4993,0
TLG,5,20210218,090500,0.386,0.392,0.386,0.392,3463,0
TLG,5,20210218,091000,0.386,0.386,0.382,0.382,10530,0
TLG,5,20210218,093500,0.382,0.392,0.382,0.392,2093,0
TLG,5,20210218,094000,0.394,0.396,0.394,0.396,6420,0
TLG,5,20210218,120000,0.386,0.386,0.38,0.38,30869,0
TLG,5,20210218,152000,0.388,0.388,0.388,0.388,3500,0
TLG,5,20210218,152500,0.39,0.39,0.39,0.39,1000,0
TLG,5,20210218,155500,0.392,0.394,0.392,0.394,1000,0
TLG,5,20210219,090500,0.388,0.388,0.388,0.388,1,0
TLG,5,20210219,091000,0.388,0.388,0.388,0.388,2999,0
TLG,5,20210219,092500,0.382,0.382,0.38,0.38,6000,0
TLG,5,20210219,094500,0.38,0.38,0.378,0.378,5000,0
TLG,5,20210219,110000,0.384,0.384,0.384,0.384,1000,0
TLG,5,20210219,113500,0.38,0.38,0.38,0.38,3000,0
TLG,5,20210219,115000,0.386,0.386,0.386,0.386,3800,0
TLG,5,20210219,121000,0.38,0.38,0.38,0.38,69,0
TLG,5,20210219,132000,0.38,0.38,0.38,0.38,19783,0
TLG,5,20210219,132500,0.386,0.388,0.386,0.388,19233,0
TLG,5,20210219,134500,0.378,0.396,0.374,0.394,75884,0
TLG,5,20210219,144000,0.376,0.376,0.364,0.364,40187,0
TLG,5,20210219,145000,0.37,0.37,0.37,0.37,2000,0
TLG,5,20210219,150500,0.37,0.37,0.366,0.366,15500,0
TLG,5,20210219,151000,0.374,0.374,0.374,0.374,3347,0
TLG,5,20210219,162500,0.374,0.374,0.374,0.374,900,0
TLG,5,20210219,163000,0.374,0.374,0.374,0.374,3375,0
TLG,5,20210219,163500,0.374,0.374,0.374,0.374,625,0
TLG,5,20210219,164500,0.37,0.37,0.37,0.37,9375,0
TLG,5,20210222,090000,0.37,0.37,0.37,0.37,811,0
TLG,5,20210222,091500,0.37,0.37,0.37,0.37,3000,0
TLG,5,20210222,123000,0.37,0.37,0.37,0.37,2000,0
TLG,5,20210222,125500,0.37,0.37,0.37,0.37,127,0
TLG,5,20210222,134000,0.37,0.37,0.37,0.37,3514,0
TLG,5,20210222,142000,0.376,0.376,0.376,0.376,4000,0
TLG,5,20210222,142500,0.376,0.378,0.376,0.378,4600,0
TLG,5,20210222,143000,0.378,0.394,0.378,0.394,4000,0
TLG,5,20210222,153500,0.374,0.374,0.374,0.374,1000,0
TLG,5,20210223,094000,0.386,0.39,0.386,0.39,8000,0
TLG,5,20210223,110500,0.38,0.38,0.38,0.38,3000,0
TLG,5,20210223,123500,0.374,0.374,0.374,0.374,1000,0
TLG,5,20210223,130500,0.38,0.438,0.38,0.436,117771,0
TLG,5,20210223,131000,0.434,0.45,0.416,0.43,62350,0
TLG,5,20210223,131500,0.43,0.458,0.43,0.45,47586,0
TLG,5,20210223,132000,0.45,0.45,0.446,0.45,41380,0
TLG,5,20210223,132500,0.448,0.448,0.428,0.428,4200,0
TLG,5,20210223,133000,0.422,0.422,0.422,0.422,499,0
TLG,5,20210223,133500,0.422,0.422,0.408,0.408,27112,0
TLG,5,20210223,134000,0.408,0.42,0.402,0.42,47250,0
TLG,5,20210223,134500,0.424,0.456,0.424,0.456,150652,0
TLG,5,20210223,135000,0.454,0.454,0.414,0.446,223426,0
TLG,5,20210223,135500,0.446,0.45,0.406,0.422,257581,0
TLG,5,20210223,140000,0.444,0.448,0.404,0.44,283580,0
TLG,5,20210223,140500,0.442,0.46,0.432,0.46,105313,0
TLG,5,20210223,141000,0.46,0.46,0.454,0.454,30834,0
TLG,5,20210223,141500,0.452,0.452,0.45,0.45,10624,0
TLG,5,20210223,143000,0.446,0.446,0.446,0.446,500,0
TLG,5,20210223,143500,0.436,0.462,0.432,0.462,275196,0
TLG,5,20210223,144500,0.488,0.496,0.462,0.462,39568,0
TLG,5,20210223,145000,0.462,0.5,0.42,0.466,422904,0
TLG,5,20210223,145500,0.468,0.476,0.424,0.468,292318,0
TLG,5,20210223,150500,0.462,0.462,0.432,0.458,143210,0
TLG,5,20210223,151000,0.462,0.464,0.44,0.44,9761,0
TLG,5,20210223,151500,0.442,0.46,0.442,0.46,2901,0
TLG,5,20210223,152000,0.442,0.442,0.422,0.422,171226,0
TLG,5,20210223,152500,0.442,0.442,0.434,0.44,21870,0
TLG,5,20210223,153000,0.442,0.444,0.442,0.444,10357,0
TLG,5,20210223,153500,0.448,0.45,0.448,0.45,10827,0
TLG,5,20210223,154000,0.45,0.47,0.45,0.47,72922,0
TLG,5,20210223,154500,0.47,0.47,0.47,0.47,618,0
TLG,5,20210223,160000,0.458,0.458,0.452,0.458,21955,0
TLG,5,20210223,160500,0.458,0.458,0.452,0.452,2522,0
TLG,5,20210223,161000,0.44,0.44,0.43,0.43,19000,0
TLG,5,20210223,162000,0.432,0.432,0.432,0.432,3000,0
TLG,5,20210223,162500,0.44,0.44,0.44,0.44,1,0
TLG,5,20210223,163500,0.434,0.434,0.428,0.428,9000,0
TLG,5,20210223,164500,0.428,0.428,0.424,0.424,32747,0
TLG,5,20210224,090000,0.43,0.446,0.424,0.444,52696,0
TLG,5,20210224,090500,0.43,0.446,0.426,0.426,30192,0
TLG,5,20210224,091000,0.438,0.438,0.436,0.436,9500,0
TLG,5,20210224,091500,0.436,0.436,0.424,0.424,13577,0
TLG,5,20210224,092000,0.43,0.43,0.43,0.43,470,0
TLG,5,20210224,092500,0.424,0.424,0.384,0.404,167264,0
TLG,5,20210224,093000,0.396,0.41,0.396,0.408,46695,0
TLG,5,20210224,093500,0.402,0.41,0.402,0.41,11200,0
TLG,5,20210224,094000,0.404,0.404,0.404,0.404,4300,0
TLG,5,20210224,100000,0.404,0.404,0.404,0.404,2231,0
TLG,5,20210224,100500,0.404,0.404,0.4,0.4,24887,0
TLG,5,20210224,101000,0.408,0.408,0.408,0.408,500,0
TLG,5,20210224,103000,0.406,0.406,0.406,0.406,1000,0
TLG,5,20210224,103500,0.4,0.4,0.4,0.4,2000,0
TLG,5,20210224,104500,0.406,0.406,0.406,0.406,2665,0
TLG,5,20210224,105500,0.406,0.406,0.406,0.406,3500,0
TLG,5,20210224,110000,0.402,0.402,0.402,0.402,5000,0
TLG,5,20210224,110500,0.406,0.406,0.406,0.406,900,0
TLG,5,20210224,112500,0.4,0.4,0.398,0.398,28666,0
TLG,5,20210224,114500,0.4,0.4,0.4,0.4,2000,0
TLG,5,20210224,115000,0.398,0.398,0.398,0.398,2300,0
TLG,5,20210224,120000,0.398,0.398,0.398,0.398,1700,0
TLG,5,20210224,123500,0.398,0.398,0.398,0.398,1800,0
TLG,5,20210224,130000,0.4,0.4,0.4,0.4,500,0
TLG,5,20210224,130500,0.4,0.4,0.4,0.4,500,0
TLG,5,20210224,131500,0.4,0.4,0.4,0.4,6333,0
TLG,5,20210224,132000,0.4,0.4,0.394,0.394,21951,0
TLG,5,20210224,132500,0.394,0.394,0.394,0.394,3610,0
TLG,5,20210224,140000,0.398,0.398,0.398,0.398,3500,0
TLG,5,20210224,143500,0.394,0.394,0.394,0.394,800,0
TLG,5,20210224,145000,0.398,0.398,0.398,0.398,2500,0
TLG,5,20210224,145500,0.394,0.394,0.394,0.394,4332,0
TLG,5,20210224,151000,0.398,0.398,0.398,0.398,78,0
TLG,5,20210224,152500,0.394,0.394,0.392,0.392,24781,0
TLG,5,20210224,154500,0.396,0.396,0.396,0.396,5000,0
TLG,5,20210224,155000,0.396,0.396,0.396,0.396,20000,0
TLG,5,20210224,155500,0.396,0.396,0.396,0.396,3000,0
TLG,5,20210224,160000,0.394,0.394,0.392,0.392,10000,0
TLG,5,20210224,160500,0.394,0.394,0.394,0.394,3730,0
TLG,5,20210224,161000,0.394,0.394,0.394,0.394,3290,0
TLG,5,20210224,163500,0.394,0.394,0.394,0.394,4200,0
TLG,5,20210224,164000,0.392,0.392,0.392,0.392,6820,0
TLG,5,20210224,165500,0.398,0.398,0.398,0.398,2222,0
TLG,5,20210225,090500,0.406,0.406,0.406,0.406,11,0
TLG,5,20210225,091000,0.398,0.398,0.398,0.398,4444,0
TLG,5,20210225,095000,0.4,0.4,0.4,0.4,600,0
TLG,5,20210225,100000,0.402,0.402,0.402,0.402,333,0
TLG,5,20210225,100500,0.39,0.39,0.39,0.39,3400,0
TLG,5,20210225,102000,0.392,0.392,0.392,0.392,1000,0
TLG,5,20210225,114500,0.398,0.398,0.398,0.398,5444,0
TLG,5,20210225,121000,0.392,0.392,0.392,0.392,1000,0
TLG,5,20210225,122500,0.392,0.392,0.392,0.392,3000,0
TLG,5,20210225,125000,0.396,0.396,0.396,0.396,500,0
TLG,5,20210225,131500,0.392,0.392,0.392,0.392,1,0
TLG,5,20210225,134000,0.392,0.392,0.392,0.392,6955,0
TLG,5,20210225,140500,0.392,0.392,0.392,0.392,5044,0
TLG,5,20210225,141500,0.39,0.392,0.39,0.392,5228,0
TLG,5,20210225,155000,0.388,0.388,0.388,0.388,2665,0
TLG,5,20210225,155500,0.388,0.39,0.386,0.39,18168,0
TLG,5,20210225,164500,0.39,0.39,0.39,0.39,3000,0
TLG,5,20210226,090000,0.386,0.386,0.386,0.386,6999,0
TLG,5,20210226,092000,0.382,0.382,0.382,0.382,2000,0
TLG,5,20210226,093500,0.386,0.386,0.386,0.386,1000,0
TLG,5,20210226,100500,0.386,0.386,0.384,0.384,3305,0
TLG,5,20210226,101500,0.384,0.384,0.384,0.384,1450,0
TLG,5,20210226,102000,0.386,0.386,0.384,0.384,28000,0
TLG,5,20210226,102500,0.386,0.386,0.384,0.384,22980,0
TLG,5,20210226,111000,0.384,0.384,0.384,0.384,5000,0
TLG,5,20210226,123500,0.386,0.386,0.386,0.386,4000,0
TLG,5,20210226,124500,0.394,0.394,0.394,0.394,4136,0
TLG,5,20210226,125500,0.384,0.384,0.384,0.384,5000,0
TLG,5,20210226,141000,0.392,0.392,0.392,0.392,1000,0
TLG,5,20210226,142000,0.39,0.39,0.39,0.39,1000,0
TLG,5,20210226,144500,0.384,0.384,0.384,0.384,2451,0
TLG,5,20210226,150500,0.392,0.392,0.392,0.392,119,0
TLG,5,20210226,151500,0.384,0.384,0.384,0.384,4000,0
TLG,5,20210226,164500,0.392,0.392,0.392,0.392,1,0
TLG,5,20210301,092000,0.396,0.396,0.396,0.396,111,0
TLG,5,20210301,105000,0.394,0.394,0.394,0.394,1000,0
TLG,5,20210301,105500,0.396,0.396,0.396,0.396,2068,0
TLG,5,20210301,110000,0.398,0.398,0.398,0.398,1500,0
TLG,5,20210301,110500,0.398,0.398,0.398,0.398,3000,0
TLG,5,20210301,111000,0.4,0.402,0.4,0.402,38417,0
TLG,5,20210301,111500,0.406,0.408,0.394,0.408,20979,0
TLG,5,20210301,112000,0.408,0.41,0.408,0.41,26981,0
TLG,5,20210301,112500,0.42,0.44,0.42,0.432,74730,0
TLG,5,20210301,113000,0.432,0.432,0.416,0.416,7900,0
TLG,5,20210301,113500,0.428,0.432,0.416,0.416,6682,0
TLG,5,20210301,115000,0.418,0.418,0.418,0.418,12000,0
TLG,5,20210301,115500,0.426,0.426,0.426,0.426,3000,0
TLG,5,20210301,120000,0.424,0.424,0.416,0.416,8744,0
TLG,5,20210301,121000,0.416,0.416,0.414,0.414,3300,0
TLG,5,20210301,123000,0.414,0.414,0.414,0.414,4861,0
TLG,5,20210301,125500,0.41,0.41,0.41,0.41,1000,0
TLG,5,20210301,130500,0.412,0.412,0.412,0.412,3600,0
TLG,5,20210301,132000,0.41,0.41,0.41,0.41,7600,0
TLG,5,20210301,132500,0.412,0.42,0.412,0.418,10907,0
TLG,5,20210301,133000,0.41,0.41,0.408,0.408,3364,0
TLG,5,20210301,141000,0.422,0.426,0.412,0.412,11171,0
TLG,5,20210301,144500,0.414,0.414,0.414,0.414,4300,0
TLG,5,20210301,151500,0.42,0.422,0.414,0.414,20232,0
TLG,5,20210301,154000,0.422,0.422,0.422,0.422,5350,0
TLG,5,20210301,155500,0.426,0.43,0.426,0.43,1500,0
TLG,5,20210301,164000,0.424,0.424,0.424,0.424,7692,0
TLG,5,20210301,164500,0.43,0.43,0.42,0.42,9100,0
TLG,5,20210302,090000,0.43,0.43,0.43,0.43,211,0
TLG,5,20210302,090500,0.412,0.412,0.412,0.412,2000,0
TLG,5,20210302,093500,0.414,0.414,0.408,0.408,16640,0
TLG,5,20210302,102000,0.414,0.414,0.414,0.414,9285,0
TLG,5,20210302,102500,0.41,0.41,0.41,0.41,1,0
TLG,5,20210302,104500,0.412,0.412,0.412,0.412,4000,0
TLG,5,20210302,111500,0.41,0.41,0.408,0.408,10005,0
TLG,5,20210302,112500,0.408,0.408,0.408,0.408,1000,0
TLG,5,20210302,113500,0.412,0.414,0.408,0.408,5746,0
TLG,5,20210302,120000,0.408,0.408,0.406,0.406,7365,0
TLG,5,20210302,131000,0.41,0.41,0.41,0.41,1000,0
TLG,5,20210302,131500,0.41,0.41,0.41,0.41,100,0
TLG,5,20210302,140000,0.422,0.422,0.422,0.422,167,0
TLG,5,20210302,164500,0.42,0.42,0.42,0.42,5833,0
TLG,5,20210303,091500,0.412,0.412,0.41,0.41,1500,0
TLG,5,20210303,095500,0.42,0.42,0.42,0.42,500,0
TLG,5,20210303,100000,0.416,0.416,0.416,0.416,2000,0
TLG,5,20210303,100500,0.422,0.422,0.422,0.422,4800,0
TLG,5,20210303,101000,0.416,0.416,0.416,0.416,2500,0
TLG,5,20210303,102000,0.422,0.422,0.422,0.422,889,0
TLG,5,20210303,110500,0.43,0.43,0.43,0.43,6500,0
TLG,5,20210303,111500,0.438,0.456,0.438,0.448,4152,0
TLG,5,20210303,113000,0.44,0.44,0.44,0.44,10,0
TLG,5,20210303,113500,0.424,0.44,0.424,0.438,11850,0
TLG,5,20210303,121000,0.424,0.424,0.424,0.424,4111,0
TLG,5,20210303,135000,0.43,0.43,0.43,0.43,2512,0
TLG,5,20210303,135500,0.424,0.424,0.424,0.424,3650,0
TLG,5,20210303,144000,0.426,0.426,0.424,0.424,5000,0
TLG,5,20210303,154000,0.43,0.43,0.43,0.43,5111,0
TLG,5,20210303,155500,0.43,0.438,0.43,0.438,2555,0
TLG,5,20210303,160500,0.424,0.424,0.424,0.424,400,0
TLG,5,20210303,164500,0.436,0.436,0.436,0.436,3555,0
TLG,5,20210304,090500,0.428,0.43,0.428,0.43,2350,0
TLG,5,20210304,091000,0.43,0.43,0.42,0.42,650,0
TLG,5,20210304,095500,0.422,0.424,0.42,0.424,10050,0
TLG,5,20210304,101000,0.422,0.422,0.414,0.414,7360,0
TLG,5,20210304,111000,0.42,0.428,0.42,0.428,2650,0
TLG,5,20210304,120500,0.416,0.416,0.406,0.406,13449,0
TLG,5,20210304,122000,0.428,0.434,0.428,0.434,7176,0
TLG,5,20210304,123500,0.41,0.41,0.41,0.41,4130,0
TLG,5,20210304,151500,0.416,0.416,0.414,0.414,2000,0
TLG,5,20210304,152500,0.42,0.42,0.42,0.42,1000,0
TLG,5,20210304,154000,0.412,0.412,0.412,0.412,1000,0
TLG,5,20210304,161000,0.422,0.422,0.422,0.422,111,0
TLG,5,20210304,164500,0.408,0.408,0.408,0.408,1020,0
TLG,5,20210305,090500,0.424,0.436,0.424,0.436,5300,0
TLG,5,20210305,091000,0.436,0.436,0.436,0.436,120,0
TLG,5,20210305,091500,0.41,0.41,0.41,0.41,1,0
TLG,5,20210305,112000,0.41,0.41,0.41,0.41,3900,0
TLG,5,20210305,114500,0.422,0.426,0.422,0.426,2961,0
TLG,5,20210305,123000,0.428,0.428,0.428,0.428,2249,0
TLG,5,20210305,123500,0.428,0.448,0.412,0.448,116165,0
TLG,5,20210305,124000,0.448,0.448,0.448,0.448,197,0
TLG,5,20210305,125000,0.446,0.446,0.446,0.446,11000,0
TLG,5,20210305,125500,0.448,0.448,0.448,0.448,20,0
TLG,5,20210305,130000,0.44,0.448,0.43,0.43,32001,0
TLG,5,20210305,131000,0.428,0.428,0.424,0.424,240,0
TLG,5,20210305,133000,0.444,0.444,0.444,0.444,111,0
TLG,5,20210305,133500,0.444,0.444,0.444,0.444,400,0
TLG,5,20210305,140000,0.428,0.428,0.428,0.428,1000,0
TLG,5,20210305,140500,0.428,0.438,0.428,0.438,388,0
TLG,5,20210305,145500,0.428,0.428,0.428,0.428,388,0
TLG,5,20210305,150000,0.428,0.432,0.416,0.432,13570,0
TLG,5,20210305,164500,0.426,0.426,0.426,0.426,7278,0
TLG,5,20210308,090000,0.414,0.414,0.414,0.414,5000,0
TLG,5,20210308,090500,0.432,0.432,0.432,0.432,129,0
TLG,5,20210308,102000,0.424,0.424,0.424,0.424,2476,0
TLG,5,20210308,120500,0.416,0.416,0.416,0.416,1500,0
TLG,5,20210308,124000,0.424,0.424,0.424,0.424,620,0
TLG,5,20210308,130500,0.416,0.416,0.416,0.416,560,0
TLG,5,20210308,132000,0.416,0.416,0.414,0.414,5000,0
TLG,5,20210308,134000,0.414,0.414,0.414,0.414,4000,0
TLG,5,20210308,140000,0.412,0.412,0.412,0.412,3000,0
TLG,5,20210308,143000,0.412,0.412,0.412,0.412,1000,0
TLG,5,20210308,151000,0.412,0.412,0.412,0.412,3000,0
TLG,5,20210308,152000,0.418,0.428,0.418,0.428,6276,0
TLG,5,20210308,152500,0.412,0.412,0.412,0.412,1000,0
TLG,5,20210308,154500,0.428,0.428,0.428,0.428,1,0
TLG,5,20210308,161500,0.428,0.428,0.428,0.428,3840,0
TLG,5,20210308,163000,0.428,0.43,0.428,0.43,11012,0
TLG,5,20210309,091500,0.43,0.43,0.43,0.43,100,0
TLG,5,20210309,095000,0.43,0.432,0.43,0.432,3901,0
TLG,5,20210309,125500,0.418,0.418,0.418,0.418,3100,0
TLG,5,20210309,130000,0.43,0.43,0.43,0.43,4070,0
TLG,5,20210309,135500,0.426,0.426,0.426,0.426,4324,0
TLG,5,20210310,090000,0.43,0.43,0.43,0.43,250,0
TLG,5,20210310,091000,0.43,0.43,0.43,0.43,4110,0
TLG,5,20210310,092500,0.43,0.43,0.43,0.43,40,0
TLG,5,20210310,093000,0.43,0.43,0.43,0.43,2000,0
TLG,5,20210310,095500,0.418,0.418,0.418,0.418,2640,0
TLG,5,20210310,102500,0.412,0.412,0.412,0.412,4570,0
TLG,5,20210310,103000,0.41,0.41,0.404,0.404,25196,0
TLG,5,20210310,103500,0.426,0.426,0.404,0.404,25500,0
TLG,5,20210310,104000,0.4,0.4,0.4,0.4,7000,0
TLG,5,20210310,104500,0.398,0.398,0.398,0.398,10000,0
TLG,5,20210310,105000,0.414,0.414,0.414,0.414,111,0
TLG,5,20210310,105500,0.4,0.4,0.396,0.396,28532,0
TLG,5,20210310,110000,0.394,0.394,0.392,0.392,17749,0
TLG,5,20210310,110500,0.392,0.392,0.39,0.39,20600,0
TLG,5,20210310,111000,0.392,0.392,0.39,0.39,5433,0
TLG,5,20210310,112000,0.4,0.4,0.4,0.4,895,0
TLG,5,20210310,113000,0.4,0.4,0.4,0.4,2000,0
TLG,5,20210310,114000,0.398,0.398,0.398,0.398,289,0
TLG,5,20210310,115000,0.398,0.4,0.398,0.4,2000,0
TLG,5,20210310,121000,0.394,0.394,0.388,0.388,20000,0
TLG,5,20210310,125000,0.402,0.402,0.402,0.402,3000,0
TLG,5,20210310,134000,0.39,0.39,0.39,0.39,1000,0
TLG,5,20210310,134500,0.39,0.39,0.39,0.39,150,0
TLG,5,20210310,135500,0.4,0.4,0.4,0.4,3035,0
TLG,5,20210310,152000,0.4,0.4,0.4,0.4,3500,0
TLG,5,20210310,160500,0.408,0.41,0.408,0.41,4000,0
TLG,5,20210310,161000,0.41,0.412,0.41,0.412,1001,0
TLG,5,20210310,162500,0.412,0.412,0.412,0.412,4894,0
TLG,5,20210310,163000,0.41,0.41,0.41,0.41,2700,0
TLG,5,20210310,164500,0.41,0.41,0.41,0.41,74,0
TLG,5,20210311,114000,0.41,0.41,0.41,0.41,3000,0
TLG,5,20210311,114500,0.4,0.4,0.4,0.4,3000,0
TLG,5,20210311,132000,0.4,0.4,0.4,0.4,15500,0
TLG,5,20210311,135000,0.4,0.4,0.4,0.4,1166,0
TLG,5,20210311,152000,0.412,0.412,0.412,0.412,11,0
TLG,5,20210311,155000,0.412,0.412,0.412,0.412,2989,0
TLG,5,20210311,162000,0.412,0.416,0.412,0.416,31000,0
TLG,5,20210311,162500,0.418,0.42,0.418,0.42,7811,0
TLG,5,20210312,090000,0.42,0.42,0.42,0.42,500,0
TLG,5,20210312,091500,0.42,0.42,0.42,0.42,10998,0
TLG,5,20210312,094000,0.414,0.414,0.414,0.414,1000,0
TLG,5,20210312,150000,0.42,0.42,0.42,0.42,200,0
TLG,5,20210312,150500,0.42,0.42,0.42,0.42,100,0
TLG,5,20210315,092000,0.408,0.41,0.408,0.41,3500,0
TLG,5,20210315,093000,0.41,0.41,0.404,0.404,1030,0
TLG,5,20210315,094500,0.408,0.408,0.408,0.408,100,0
TLG,5,20210315,100000,0.404,0.404,0.404,0.404,1000,0
TLG,5,20210315,110000,0.408,0.408,0.408,0.408,900,0
TLG,5,20210315,114000,0.402,0.402,0.402,0.402,4500,0
TLG,5,20210315,115500,0.4,0.4,0.4,0.4,1000,0
TLG,5,20210315,124000,0.402,0.402,0.402,0.402,150,0
TLG,5,20210315,134000,0.402,0.402,0.402,0.402,2700,0
TLG,5,20210315,144000,0.402,0.402,0.402,0.402,2150,0
TLG,5,20210315,144500,0.4,0.4,0.4,0.4,850,0
TLG,5,20210315,152000,0.4,0.4,0.4,0.4,2300,0
TLG,5,20210315,155000,0.4,0.4,0.4,0.4,4000,0
TLG,5,20210315,162500,0.41,0.41,0.41,0.41,4065,0
TLG,5,20210316,091000,0.4,0.4,0.4,0.4,4000,0
TLG,5,20210316,094000,0.416,0.416,0.416,0.416,50,0
TLG,5,20210316,102000,0.4,0.4,0.4,0.4,1000,0
TLG,5,20210316,103000,0.402,0.402,0.402,0.402,1000,0
TLG,5,20210316,103500,0.4,0.4,0.398,0.398,3065,0
TLG,5,20210316,105500,0.4,0.4,0.398,0.398,5000,0
TLG,5,20210316,113000,0.398,0.398,0.396,0.396,4000,0
TLG,5,20210316,115500,0.396,0.396,0.394,0.394,5000,0
TLG,5,20210316,121500,0.394,0.394,0.394,0.394,3000,0
TLG,5,20210316,122000,0.394,0.394,0.392,0.392,8486,0
TLG,5,20210316,141500,0.406,0.406,0.406,0.406,1000,0
TLG,5,20210316,150000,0.396,0.396,0.396,0.396,1000,0
TLG,5,20210316,153000,0.4,0.4,0.4,0.4,3000,0
TLG,5,20210316,154000,0.402,0.408,0.402,0.408,2000,0
TLG,5,20210316,161500,0.404,0.404,0.404,0.404,3000,0
TLG,5,20210316,162000,0.404,0.408,0.404,0.408,2111,0
TLG,5,20210317,092000,0.412,0.412,0.412,0.412,100,0
TLG,5,20210317,092500,0.41,0.41,0.41,0.41,3500,0
TLG,5,20210317,104000,0.396,0.396,0.396,0.396,1000,0
TLG,5,20210317,110000,0.396,0.396,0.396,0.396,1000,0
TLG,5,20210317,110500,0.404,0.404,0.404,0.404,100,0
TLG,5,20210317,115000,0.396,0.396,0.396,0.396,1200,0
TLG,5,20210317,121500,0.4,0.4,0.4,0.4,3189,0
TLG,5,20210317,130500,0.4,0.4,0.4,0.4,1811,0
TLG,5,20210317,134000,0.394,0.394,0.394,0.394,17000,0
TLG,5,20210317,134500,0.392,0.392,0.39,0.39,35000,0
TLG,5,20210317,135000,0.39,0.39,0.39,0.39,10908,0
TLG,5,20210317,140000,0.39,0.39,0.39,0.39,3000,0
TLG,5,20210317,140500,0.39,0.39,0.388,0.388,8600,0
TLG,5,20210317,141000,0.388,0.388,0.374,0.388,74500,0
TLG,5,20210317,142500,0.384,0.384,0.376,0.376,14200,0
TLG,5,20210317,143500,0.376,0.376,0.376,0.376,15615,0
TLG,5,20210317,144000,0.384,0.384,0.384,0.384,111,0
TLG,5,20210317,145500,0.384,0.384,0.384,0.384,3389,0
TLG,5,20210317,150500,0.384,0.384,0.384,0.384,4000,0
TLG,5,20210317,151500,0.38,0.384,0.376,0.384,13290,0
TLG,5,20210317,152000,0.384,0.384,0.384,0.384,2000,0
TLG,5,20210317,152500,0.384,0.386,0.384,0.386,1500,0
TLG,5,20210317,154000,0.376,0.376,0.376,0.376,11964,0
TLG,5,20210317,160000,0.378,0.38,0.378,0.38,12500,0
TLG,5,20210317,160500,0.38,0.38,0.38,0.38,1140,0
TLG,5,20210317,162000,0.38,0.38,0.38,0.38,2030,0
TLG,5,20210317,162500,0.38,0.388,0.372,0.388,7000,0
TLG,5,20210317,163500,0.388,0.388,0.388,0.388,500,0
TLG,5,20210318,090000,0.374,0.374,0.374,0.374,1000,0
TLG,5,20210318,090500,0.388,0.388,0.388,0.388,500,0
TLG,5,20210318,092000,0.39,0.39,0.39,0.39,3000,0
TLG,5,20210318,093500,0.382,0.382,0.382,0.382,1000,0
TLG,5,20210318,102500,0.382,0.382,0.38,0.38,2200,0
TLG,5,20210318,104000,0.38,0.38,0.38,0.38,3570,0
TLG,5,20210318,104500,0.388,0.388,0.386,0.386,1552,0
TLG,5,20210318,110500,0.386,0.386,0.386,0.386,500,0
TLG,5,20210318,123500,0.382,0.382,0.382,0.382,35,0
TLG,5,20210318,125000,0.386,0.386,0.386,0.386,1616,0
TLG,5,20210318,131500,0.386,0.386,0.386,0.386,3000,0
TLG,5,20210318,135000,0.386,0.386,0.386,0.386,484,0
TLG,5,20210318,135500,0.386,0.386,0.386,0.386,516,0
TLG,5,20210318,140500,0.386,0.386,0.386,0.386,484,0
TLG,5,20210318,151500,0.386,0.386,0.386,0.386,9000,0
TLG,5,20210318,152500,0.386,0.386,0.386,0.386,516,0
TLG,5,20210318,155500,0.386,0.386,0.386,0.386,878,0
TLG,5,20210318,163500,0.386,0.386,0.386,0.386,12306,0
TLG,5,20210319,090500,0.394,0.4,0.394,0.4,14536,0
TLG,5,20210319,091000,0.398,0.398,0.398,0.398,300,0
TLG,5,20210319,105000,0.394,0.394,0.394,0.394,1000,0
TLG,5,20210319,122000,0.398,0.398,0.398,0.398,5000,0
TLG,5,20210319,142000,0.388,0.388,0.388,0.388,1000,0
TLG,5,20210319,143000,0.386,0.386,0.386,0.386,461,0
TLG,5,20210319,144000,0.382,0.382,0.382,0.382,2539,0
TLG,5,20210319,164000,0.394,0.394,0.394,0.394,2870,0
TLG,5,20210319,164500,0.394,0.394,0.394,0.394,4000,0
TLG,5,20210322,095500,0.394,0.394,0.394,0.394,10,0
TLG,5,20210322,103500,0.386,0.386,0.384,0.384,3000,0
TLG,5,20210322,104000,0.394,0.394,0.394,0.394,148,0
TLG,5,20210322,115000,0.384,0.384,0.382,0.382,3000,0
TLG,5,20210322,115500,0.382,0.382,0.38,0.38,3000,0
TLG,5,20210322,120500,0.38,0.38,0.38,0.38,18000,0
TLG,5,20210322,121500,0.38,0.38,0.38,0.38,6000,0
TLG,5,20210322,122000,0.38,0.38,0.38,0.38,2699,0
TLG,5,20210322,122500,0.376,0.376,0.376,0.376,6000,0
TLG,5,20210322,133500,0.378,0.378,0.376,0.376,10000,0
TLG,5,20210322,142000,0.376,0.376,0.374,0.374,5000,0
TLG,5,20210322,144500,0.376,0.376,0.374,0.374,3000,0
TLG,5,20210322,151000,0.388,0.388,0.388,0.388,1,0
TLG,5,20210322,160000,0.386,0.386,0.386,0.386,900,0
TLG,5,20210322,163000,0.388,0.388,0.388,0.388,3000,0
TLG,5,20210323,092500,0.376,0.376,0.376,0.376,406,0
TLG,5,20210323,093000,0.376,0.376,0.374,0.374,3000,0
TLG,5,20210323,093500,0.38,0.38,0.38,0.38,1000,0
TLG,5,20210323,104000,0.38,0.38,0.38,0.38,2406,0
TLG,5,20210323,140000,0.374,0.374,0.374,0.374,1173,0
TLG,5,20210323,150500,0.38,0.38,0.38,0.38,1210,0
TLG,5,20210323,151000,0.38,0.38,0.38,0.38,1000,0
TLG,5,20210323,155000,0.384,0.384,0.384,0.384,1000,0
TLG,5,20210324,093000,0.382,0.386,0.382,0.386,10000,0
TLG,5,20210324,151500,0.378,0.378,0.378,0.378,2000,0
TLG,5,20210324,152000,0.372,0.372,0.372,0.372,1976,0
TLG,5,20210324,153500,0.378,0.378,0.378,0.378,1000,0
TLG,5,20210324,165500,0.38,0.38,0.38,0.38,500,0
TLG,5,20210325,091000,0.382,0.382,0.382,0.382,1000,0
TLG,5,20210325,111500,0.382,0.382,0.382,0.382,331,0
TLG,5,20210325,113000,0.376,0.376,0.372,0.372,3000,0
TLG,5,20210325,134000,0.368,0.368,0.368,0.368,500,0
TLG,5,20210325,143500,0.368,0.368,0.368,0.368,3970,0
TLG,5,20210325,145500,0.378,0.378,0.378,0.378,145,0
TLG,5,20210325,151500,0.368,0.368,0.368,0.368,5100,0
TLG,5,20210325,160500,0.378,0.378,0.378,0.378,1500,0
TLG,5,20210326,090000,0.368,0.368,0.368,0.368,5,0
TLG,5,20210326,100000,0.378,0.378,0.37,0.37,6446,0
TLG,5,20210326,101500,0.376,0.376,0.376,0.376,1000,0
TLG,5,20210326,102500,0.378,0.378,0.378,0.378,3555,0
TLG,5,20210326,103500,0.378,0.378,0.378,0.378,2000,0
TLG,5,20210326,123000,0.378,0.378,0.376,0.376,4114,0
TLG,5,20210326,124500,0.376,0.376,0.376,0.376,886,0
TLG,5,20210326,132000,0.376,0.376,0.366,0.366,1454,0
TLG,5,20210326,152000,0.378,0.38,0.368,0.368,4801,0
TLG,5,20210326,164000,0.368,0.368,0.368,0.368,2900,0
TLG,5,20210326,164500,0.388,0.388,0.388,0.388,10778,0
