<TICKER>,<PER>,<DATE>,<TIME>,<OPEN>,<HIGH>,<LOW>,<CLOSE>,<VOL>,<OPENINT>
TYP,5,20210204,090500,0.432,0.432,0.432,0.432,1847,0
TYP,5,20210204,095000,0.438,0.438,0.432,0.432,5653,0
TYP,5,20210204,095500,0.46,0.46,0.46,0.46,200,0
TYP,5,20210204,100000,0.46,0.46,0.46,0.46,869,0
TYP,5,20210204,121000,0.44,0.44,0.44,0.44,10000,0
TYP,5,20210204,152000,0.44,0.458,0.44,0.458,6700,0
TYP,5,20210205,090000,0.44,0.44,0.434,0.434,15000,0
TYP,5,20210205,094000,0.434,0.434,0.43,0.43,2900,0
TYP,5,20210205,095500,0.444,0.444,0.444,0.444,4500,0
TYP,5,20210205,131000,0.44,0.44,0.438,0.438,2999,0
TYP,5,20210205,131500,0.44,0.44,0.44,0.44,740,0
TYP,5,20210205,132500,0.44,0.448,0.44,0.448,25639,0
TYP,5,20210205,140500,0.466,0.466,0.466,0.466,1,0
TYP,5,20210205,161500,0.462,0.462,0.462,0.462,14502,0
TYP,5,20210208,090000,0.432,0.432,0.432,0.432,3000,0
TYP,5,20210208,100000,0.45,0.45,0.45,0.45,1000,0
TYP,5,20210208,110000,0.44,0.44,0.438,0.438,5000,0
TYP,5,20210208,111500,0.434,0.434,0.426,0.426,15236,0
TYP,5,20210208,122000,0.438,0.438,0.438,0.438,1000,0
TYP,5,20210208,125500,0.432,0.432,0.42,0.42,43738,0
TYP,5,20210208,131500,0.42,0.42,0.414,0.414,10000,0
TYP,5,20210208,132000,0.414,0.414,0.4,0.4,18000,0
TYP,5,20210208,132500,0.4,0.42,0.4,0.42,15000,0
TYP,5,20210208,133000,0.42,0.42,0.42,0.42,2500,0
TYP,5,20210208,133500,0.42,0.42,0.42,0.42,5898,0
TYP,5,20210208,140000,0.428,0.428,0.428,0.428,2353,0
TYP,5,20210208,141000,0.422,0.422,0.422,0.422,147,0
TYP,5,20210208,142000,0.43,0.43,0.43,0.43,500,0
TYP,5,20210208,143000,0.43,0.43,0.43,0.43,2034,0
TYP,5,20210208,145500,0.43,0.44,0.43,0.44,25000,0
TYP,5,20210209,090000,0.44,0.44,0.44,0.44,880,0
TYP,5,20210209,094000,0.438,0.438,0.438,0.438,61,0
TYP,5,20210209,102000,0.43,0.43,0.43,0.43,120,0
TYP,5,20210209,104500,0.43,0.446,0.43,0.446,1220,0
TYP,5,20210209,111000,0.442,0.442,0.442,0.442,3120,0
TYP,5,20210209,113500,0.442,0.442,0.442,0.442,2399,0
TYP,5,20210209,162500,0.442,0.442,0.442,0.442,2500,0
TYP,5,20210209,163000,0.442,0.442,0.442,0.442,209,0
TYP,5,20210210,090000,0.444,0.444,0.444,0.444,10956,0
TYP,5,20210210,091000,0.444,0.444,0.42,0.42,14502,0
TYP,5,20210210,094500,0.44,0.44,0.44,0.44,1000,0
TYP,5,20210210,111500,0.438,0.438,0.438,0.438,300,0
TYP,5,20210210,113500,0.438,0.438,0.438,0.438,100,0
TYP,5,20210210,114500,0.438,0.438,0.422,0.422,3000,0
TYP,5,20210210,153500,0.44,0.44,0.44,0.44,29448,0
TYP,5,20210210,164500,0.456,0.456,0.456,0.456,6100,0
TYP,5,20210211,090000,0.46,0.48,0.46,0.48,16444,0
TYP,5,20210211,090500,0.48,0.51,0.48,0.51,5442,0
TYP,5,20210211,091000,0.505,0.505,0.505,0.505,2220,0
TYP,5,20210211,092500,0.488,0.488,0.488,0.488,400,0
TYP,5,20210211,093500,0.49,0.494,0.49,0.494,9406,0
TYP,5,20210211,100500,0.49,0.49,0.49,0.49,625,0
TYP,5,20210211,111000,0.462,0.462,0.46,0.46,29380,0
TYP,5,20210211,111500,0.46,0.49,0.46,0.49,70,0
TYP,5,20210211,122500,0.462,0.462,0.46,0.46,3100,0
TYP,5,20210211,125000,0.486,0.486,0.486,0.486,1,0
TYP,5,20210211,131000,0.48,0.48,0.48,0.48,64,0
TYP,5,20210211,133500,0.48,0.486,0.48,0.486,10000,0
TYP,5,20210211,134000,0.486,0.486,0.486,0.486,839,0
TYP,5,20210211,134500,0.486,0.488,0.486,0.488,7000,0
TYP,5,20210211,135000,0.488,0.488,0.488,0.488,2500,0
TYP,5,20210211,135500,0.48,0.48,0.48,0.48,2000,0
TYP,5,20210211,142000,0.46,0.46,0.46,0.46,1700,0
TYP,5,20210211,142500,0.46,0.488,0.46,0.488,302,0
TYP,5,20210211,143000,0.488,0.488,0.488,0.488,2650,0
TYP,5,20210211,144500,0.486,0.49,0.486,0.49,6000,0
TYP,5,20210211,145000,0.49,0.496,0.49,0.496,25000,0
TYP,5,20210211,150500,0.498,0.498,0.498,0.498,2000,0
TYP,5,20210211,151000,0.498,0.5,0.498,0.5,15000,0
TYP,5,20210211,151500,0.5,0.52,0.5,0.52,9500,0
TYP,5,20210211,152000,0.52,0.52,0.515,0.52,20026,0
TYP,5,20210211,153000,0.5,0.5,0.5,0.5,900,0
TYP,5,20210211,153500,0.5,0.5,0.5,0.5,7650,0
TYP,5,20210211,155500,0.5,0.5,0.5,0.5,2250,0
TYP,5,20210211,160500,0.5,0.5,0.5,0.5,3008,0
TYP,5,20210211,161000,0.49,0.49,0.49,0.49,4000,0
TYP,5,20210211,161500,0.48,0.48,0.464,0.464,15000,0
TYP,5,20210211,162000,0.48,0.48,0.48,0.48,5000,0
TYP,5,20210211,163500,0.49,0.49,0.49,0.49,670,0
TYP,5,20210212,090000,0.515,0.515,0.5,0.5,8820,0
TYP,5,20210212,090500,0.52,0.52,0.52,0.52,3735,0
TYP,5,20210212,092500,0.505,0.52,0.505,0.52,3830,0
TYP,5,20210212,100500,0.505,0.505,0.48,0.48,24382,0
TYP,5,20210212,101000,0.48,0.515,0.48,0.515,5985,0
TYP,5,20210212,104500,0.474,0.474,0.46,0.46,25500,0
TYP,5,20210212,105000,0.46,0.5,0.46,0.5,4501,0
TYP,5,20210212,110000,0.496,0.496,0.496,0.496,2000,0
TYP,5,20210212,115500,0.466,0.466,0.466,0.466,2000,0
TYP,5,20210212,120000,0.466,0.488,0.466,0.488,711,0
TYP,5,20210212,132000,0.488,0.488,0.488,0.488,1278,0
TYP,5,20210212,134000,0.48,0.48,0.472,0.472,10000,0
TYP,5,20210212,155500,0.47,0.47,0.47,0.47,7000,0
TYP,5,20210212,161000,0.484,0.484,0.484,0.484,5000,0
TYP,5,20210215,102500,0.48,0.488,0.48,0.488,310,0
TYP,5,20210215,111500,0.47,0.47,0.47,0.47,510,0
TYP,5,20210215,125000,0.47,0.47,0.464,0.464,4931,0
TYP,5,20210215,151500,0.462,0.462,0.46,0.46,4052,0
TYP,5,20210215,152000,0.45,0.45,0.45,0.45,5300,0
TYP,5,20210215,153500,0.45,0.45,0.43,0.43,22315,0
TYP,5,20210215,154500,0.44,0.458,0.44,0.458,6111,0
TYP,5,20210215,160000,0.434,0.434,0.434,0.434,1433,0
TYP,5,20210215,161500,0.458,0.48,0.458,0.48,2400,0
TYP,5,20210216,095500,0.45,0.45,0.45,0.45,3800,0
TYP,5,20210216,100500,0.452,0.452,0.452,0.452,4000,0
TYP,5,20210216,122500,0.47,0.47,0.47,0.47,1,0
TYP,5,20210216,131000,0.47,0.47,0.47,0.47,1500,0
TYP,5,20210216,135000,0.47,0.47,0.47,0.47,1500,0
TYP,5,20210216,142000,0.46,0.46,0.45,0.45,24867,0
TYP,5,20210216,142500,0.45,0.45,0.45,0.45,1053,0
TYP,5,20210216,162000,0.45,0.45,0.45,0.45,3366,0
TYP,5,20210216,164000,0.45,0.45,0.45,0.45,2188,0
TYP,5,20210216,164500,0.47,0.47,0.47,0.47,100,0
TYP,5,20210217,090000,0.47,0.47,0.47,0.47,1000,0
TYP,5,20210217,102000,0.468,0.468,0.468,0.468,100,0
TYP,5,20210217,133000,0.45,0.452,0.45,0.45,1000,0
TYP,5,20210217,140500,0.45,0.45,0.45,0.45,1502,0
TYP,5,20210217,150500,0.45,0.45,0.45,0.45,833,0
TYP,5,20210217,161000,0.468,0.47,0.468,0.47,500,0
TYP,5,20210217,161500,0.45,0.45,0.45,0.45,150,0
TYP,5,20210218,094000,0.45,0.45,0.45,0.45,955,0
TYP,5,20210218,105500,0.468,0.47,0.468,0.47,4679,0
TYP,5,20210218,114000,0.464,0.464,0.464,0.464,855,0
TYP,5,20210218,131500,0.464,0.464,0.464,0.464,1006,0
TYP,5,20210218,143000,0.46,0.46,0.46,0.46,433,0
TYP,5,20210218,150500,0.454,0.454,0.454,0.454,1000,0
TYP,5,20210218,151000,0.452,0.452,0.44,0.44,40000,0
TYP,5,20210218,152000,0.44,0.44,0.44,0.44,1740,0
TYP,5,20210218,153000,0.464,0.464,0.464,0.464,50,0
TYP,5,20210218,164500,0.44,0.44,0.44,0.44,839,0
TYP,5,20210219,103500,0.44,0.44,0.44,0.44,1109,0
TYP,5,20210219,110000,0.44,0.44,0.44,0.44,18891,0
TYP,5,20210219,114000,0.44,0.44,0.44,0.44,20000,0
TYP,5,20210219,125500,0.444,0.444,0.444,0.444,1630,0
TYP,5,20210219,134500,0.462,0.462,0.44,0.44,55000,0
TYP,5,20210219,154500,0.462,0.462,0.462,0.462,1,0
TYP,5,20210219,163500,0.462,0.472,0.462,0.472,16731,0
TYP,5,20210222,090000,0.472,0.472,0.454,0.454,10000,0
TYP,5,20210222,091500,0.476,0.476,0.476,0.476,1,0
TYP,5,20210222,094000,0.474,0.474,0.474,0.474,6000,0
TYP,5,20210222,100500,0.476,0.476,0.476,0.476,2276,0
TYP,5,20210222,101500,0.474,0.48,0.474,0.48,9400,0
TYP,5,20210222,103500,0.46,0.46,0.46,0.46,10050,0
TYP,5,20210222,104500,0.48,0.48,0.48,0.48,5140,0
TYP,5,20210222,105000,0.47,0.48,0.46,0.48,17566,0
TYP,5,20210222,105500,0.48,0.48,0.48,0.48,6517,0
TYP,5,20210222,111000,0.48,0.48,0.46,0.46,9598,0
TYP,5,20210222,113000,0.48,0.48,0.48,0.48,10400,0
TYP,5,20210222,114000,0.482,0.5,0.482,0.5,17652,0
TYP,5,20210222,115000,0.5,0.5,0.5,0.5,2000,0
TYP,5,20210222,115500,0.49,0.5,0.49,0.5,3702,0
TYP,5,20210222,120000,0.5,0.52,0.5,0.52,298,0
TYP,5,20210222,122500,0.51,0.515,0.51,0.515,6525,0
TYP,5,20210222,123000,0.505,0.505,0.5,0.5,10000,0
TYP,5,20210222,123500,0.5,0.5,0.5,0.5,437,0
TYP,5,20210222,131000,0.51,0.51,0.51,0.51,4088,0
TYP,5,20210222,131500,0.51,0.515,0.51,0.515,6266,0
TYP,5,20210222,132500,0.52,0.52,0.52,0.52,2146,0
TYP,5,20210222,135000,0.52,0.52,0.52,0.52,1732,0
TYP,5,20210222,135500,0.51,0.51,0.51,0.51,3331,0
TYP,5,20210222,140000,0.52,0.52,0.52,0.52,3000,0
TYP,5,20210222,141000,0.505,0.505,0.5,0.5,8747,0
TYP,5,20210222,142500,0.5,0.5,0.5,0.5,2753,0
TYP,5,20210222,143000,0.496,0.496,0.46,0.46,57450,0
TYP,5,20210222,144500,0.462,0.462,0.46,0.46,32000,0
TYP,5,20210222,145500,0.472,0.478,0.472,0.478,4622,0
TYP,5,20210222,150000,0.46,0.46,0.45,0.45,20000,0
TYP,5,20210222,150500,0.45,0.45,0.442,0.442,12182,0
TYP,5,20210222,151000,0.444,0.444,0.444,0.444,3000,0
TYP,5,20210222,151500,0.46,0.46,0.46,0.46,2222,0
TYP,5,20210222,155500,0.466,0.466,0.466,0.466,3000,0
TYP,5,20210222,163000,0.466,0.466,0.466,0.466,500,0
TYP,5,20210222,164500,0.45,0.45,0.45,0.45,5000,0
TYP,5,20210223,090000,0.464,0.464,0.464,0.464,28,0
TYP,5,20210223,093000,0.442,0.442,0.442,0.442,2099,0
TYP,5,20210223,101000,0.442,0.442,0.44,0.44,10000,0
TYP,5,20210223,104500,0.442,0.442,0.442,0.442,5000,0
TYP,5,20210223,110500,0.442,0.442,0.442,0.442,1088,0
TYP,5,20210223,121000,0.446,0.446,0.44,0.44,5300,0
TYP,5,20210223,122000,0.45,0.46,0.45,0.46,10000,0
TYP,5,20210223,131500,0.44,0.44,0.43,0.43,10000,0
TYP,5,20210223,161500,0.432,0.432,0.43,0.43,9998,0
TYP,5,20210223,164500,0.432,0.452,0.43,0.452,8669,0
TYP,5,20210224,090500,0.452,0.452,0.452,0.452,2537,0
TYP,5,20210224,100000,0.452,0.452,0.452,0.452,1000,0
TYP,5,20210224,142500,0.45,0.452,0.45,0.452,1763,0
TYP,5,20210224,154000,0.452,0.454,0.452,0.454,7400,0
TYP,5,20210224,154500,0.452,0.452,0.452,0.452,1565,0
TYP,5,20210225,090000,0.454,0.454,0.454,0.454,2600,0
TYP,5,20210225,094000,0.454,0.454,0.454,0.454,630,0
TYP,5,20210225,100000,0.464,0.464,0.464,0.464,614,0
TYP,5,20210225,121000,0.464,0.464,0.464,0.464,650,0
TYP,5,20210225,121500,0.462,0.464,0.462,0.464,258,0
TYP,5,20210225,133000,0.464,0.464,0.464,0.464,3678,0
TYP,5,20210225,134000,0.466,0.48,0.466,0.48,24052,0
TYP,5,20210225,134500,0.48,0.48,0.48,0.48,9447,0
TYP,5,20210225,135000,0.49,0.5,0.49,0.5,27807,0
TYP,5,20210225,135500,0.48,0.494,0.466,0.494,14000,0
TYP,5,20210225,140000,0.48,0.482,0.48,0.482,6760,0
TYP,5,20210225,140500,0.482,0.482,0.482,0.482,3000,0
TYP,5,20210225,141000,0.482,0.484,0.482,0.484,1000,0
TYP,5,20210225,142000,0.484,0.486,0.484,0.486,5094,0
TYP,5,20210225,142500,0.486,0.486,0.486,0.486,9593,0
TYP,5,20210225,143000,0.488,0.488,0.488,0.488,1746,0
TYP,5,20210225,143500,0.488,0.49,0.488,0.49,7264,0
TYP,5,20210225,144000,0.49,0.492,0.49,0.49,6247,0
TYP,5,20210225,144500,0.49,0.49,0.48,0.48,7573,0
TYP,5,20210225,145000,0.482,0.488,0.48,0.488,17500,0
TYP,5,20210225,150000,0.488,0.49,0.488,0.49,7250,0
TYP,5,20210225,151000,0.498,0.51,0.498,0.51,11958,0
TYP,5,20210225,151500,0.515,0.52,0.515,0.52,100792,0
TYP,5,20210225,152000,0.52,0.52,0.5,0.5,70972,0
TYP,5,20210225,153000,0.5,0.5,0.5,0.5,10000,0
TYP,5,20210225,155000,0.51,0.51,0.5,0.5,11017,0
TYP,5,20210225,160000,0.5,0.5,0.5,0.5,8994,0
TYP,5,20210225,161500,0.5,0.5,0.5,0.5,5398,0
TYP,5,20210225,162500,0.5,0.5,0.498,0.498,10233,0
TYP,5,20210225,164000,0.5,0.5,0.5,0.5,950,0
TYP,5,20210225,164500,0.5,0.5,0.5,0.5,17952,0
TYP,5,20210226,090000,0.515,0.515,0.44,0.45,49274,0
TYP,5,20210226,090500,0.48,0.482,0.48,0.482,16652,0
TYP,5,20210226,091000,0.494,0.494,0.494,0.494,495,0
TYP,5,20210226,091500,0.49,0.49,0.49,0.49,325,0
TYP,5,20210226,092000,0.49,0.49,0.49,0.49,570,0
TYP,5,20210226,092500,0.464,0.464,0.454,0.454,36867,0
TYP,5,20210226,093000,0.458,0.488,0.458,0.488,5562,0
TYP,5,20210226,093500,0.462,0.462,0.44,0.44,104565,0
TYP,5,20210226,094000,0.47,0.47,0.47,0.47,150,0
TYP,5,20210226,102500,0.46,0.46,0.46,0.46,235,0
TYP,5,20210226,103000,0.468,0.468,0.468,0.468,2115,0
TYP,5,20210226,103500,0.468,0.468,0.468,0.468,235,0
TYP,5,20210226,104500,0.476,0.476,0.476,0.476,1100,0
TYP,5,20210226,120000,0.464,0.464,0.464,0.464,1100,0
TYP,5,20210226,121000,0.47,0.47,0.47,0.47,2500,0
TYP,5,20210226,123000,0.464,0.464,0.45,0.45,23287,0
TYP,5,20210226,123500,0.45,0.45,0.45,0.45,1713,0
TYP,5,20210226,132000,0.452,0.468,0.45,0.468,26250,0
TYP,5,20210226,140500,0.466,0.466,0.466,0.466,5000,0
TYP,5,20210226,144000,0.464,0.464,0.464,0.464,707,0
TYP,5,20210226,145500,0.464,0.484,0.464,0.484,2555,0
TYP,5,20210226,153500,0.48,0.48,0.48,0.48,302,0
TYP,5,20210226,160000,0.48,0.48,0.48,0.48,148,0
TYP,5,20210226,160500,0.48,0.48,0.48,0.48,3382,0
TYP,5,20210226,162500,0.482,0.482,0.482,0.482,112,0
TYP,5,20210226,164500,0.454,0.454,0.454,0.454,50000,0
TYP,5,20210301,090000,0.476,0.476,0.476,0.476,1111,0
TYP,5,20210301,094500,0.47,0.47,0.47,0.47,200,0
TYP,5,20210301,095000,0.47,0.47,0.47,0.47,2000,0
TYP,5,20210301,100500,0.47,0.496,0.47,0.494,21729,0
TYP,5,20210301,110000,0.486,0.486,0.486,0.486,200,0
TYP,5,20210301,113500,0.484,0.484,0.484,0.484,2000,0
TYP,5,20210301,120000,0.482,0.482,0.482,0.482,3000,0
TYP,5,20210301,122000,0.484,0.484,0.484,0.484,4583,0
TYP,5,20210301,131000,0.47,0.486,0.47,0.486,7485,0
TYP,5,20210301,132500,0.462,0.486,0.462,0.486,1100,0
TYP,5,20210301,142500,0.486,0.486,0.486,0.486,976,0
TYP,5,20210301,150500,0.488,0.488,0.488,0.488,600,0
TYP,5,20210301,151000,0.488,0.488,0.488,0.488,67,0
TYP,5,20210301,152500,0.486,0.486,0.462,0.462,2000,0
TYP,5,20210301,154000,0.488,0.488,0.488,0.488,11,0
TYP,5,20210301,155500,0.488,0.488,0.488,0.488,4522,0
TYP,5,20210301,160000,0.492,0.496,0.492,0.496,417,0
TYP,5,20210301,163000,0.496,0.496,0.496,0.496,9038,0
TYP,5,20210301,164000,0.462,0.498,0.45,0.498,54045,0
TYP,5,20210301,164500,0.49,0.49,0.49,0.49,1111,0
TYP,5,20210302,090000,0.488,0.488,0.488,0.488,2297,0
TYP,5,20210302,100000,0.482,0.482,0.482,0.482,1000,0
TYP,5,20210302,101500,0.482,0.482,0.482,0.482,3000,0
TYP,5,20210302,105000,0.48,0.48,0.48,0.48,1562,0
TYP,5,20210302,114000,0.48,0.48,0.48,0.48,300,0
TYP,5,20210302,121500,0.466,0.466,0.444,0.444,20000,0
TYP,5,20210302,124000,0.48,0.48,0.48,0.48,111,0
TYP,5,20210302,130500,0.476,0.476,0.476,0.476,950,0
TYP,5,20210302,131500,0.476,0.476,0.476,0.476,2050,0
TYP,5,20210302,133000,0.454,0.454,0.45,0.45,8730,0
TYP,5,20210302,133500,0.452,0.452,0.45,0.45,16000,0
TYP,5,20210302,144500,0.47,0.47,0.47,0.47,111,0
TYP,5,20210302,152500,0.46,0.46,0.45,0.45,20000,0
TYP,5,20210302,153500,0.452,0.452,0.45,0.45,4957,0
TYP,5,20210302,155000,0.45,0.45,0.45,0.45,43,0
TYP,5,20210302,162500,0.468,0.468,0.468,0.468,400,0
TYP,5,20210302,164500,0.47,0.47,0.47,0.47,11,0
TYP,5,20210303,090000,0.454,0.47,0.454,0.454,4200,0
TYP,5,20210303,091500,0.468,0.468,0.468,0.468,174,0
TYP,5,20210303,092500,0.452,0.452,0.452,0.452,2000,0
TYP,5,20210303,094500,0.458,0.458,0.456,0.456,410,0
TYP,5,20210303,095500,0.458,0.458,0.458,0.458,144,0
TYP,5,20210303,101000,0.458,0.458,0.458,0.458,246,0
TYP,5,20210303,102000,0.458,0.458,0.458,0.458,3754,0
TYP,5,20210303,105500,0.458,0.458,0.458,0.458,246,0
TYP,5,20210303,111000,0.456,0.456,0.456,0.456,5588,0
TYP,5,20210303,112500,0.454,0.454,0.454,0.454,1000,0
TYP,5,20210303,121000,0.454,0.454,0.45,0.45,8768,0
TYP,5,20210303,123000,0.452,0.452,0.452,0.452,1994,0
TYP,5,20210303,144500,0.452,0.452,0.45,0.45,6400,0
TYP,5,20210303,145000,0.45,0.45,0.44,0.44,31907,0
TYP,5,20210303,145500,0.44,0.45,0.43,0.45,73035,0
TYP,5,20210303,150000,0.432,0.432,0.43,0.432,22967,0
TYP,5,20210303,150500,0.458,0.458,0.458,0.458,11,0
TYP,5,20210303,153500,0.456,0.456,0.456,0.456,1500,0
TYP,5,20210303,164500,0.456,0.456,0.456,0.456,3530,0
TYP,5,20210304,091500,0.456,0.456,0.456,0.456,212,0
TYP,5,20210304,092000,0.43,0.43,0.43,0.43,707,0
TYP,5,20210304,093500,0.432,0.432,0.432,0.432,1000,0
TYP,5,20210304,102500,0.44,0.44,0.44,0.44,222,0
TYP,5,20210304,104000,0.44,0.44,0.44,0.44,4314,0
TYP,5,20210304,111000,0.434,0.434,0.432,0.432,6850,0
TYP,5,20210304,122500,0.44,0.44,0.44,0.44,1038,0
TYP,5,20210304,130000,0.44,0.44,0.44,0.44,5462,0
TYP,5,20210304,143000,0.44,0.44,0.43,0.43,35266,0
TYP,5,20210304,145000,0.434,0.434,0.434,0.434,98,0
TYP,5,20210304,151000,0.436,0.436,0.436,0.436,98,0
TYP,5,20210304,164500,0.45,0.45,0.45,0.45,1000,0
TYP,5,20210305,090000,0.44,0.45,0.43,0.45,3300,0
TYP,5,20210305,094000,0.454,0.454,0.454,0.454,2000,0
TYP,5,20210305,115500,0.454,0.454,0.454,0.454,1000,0
TYP,5,20210305,132500,0.454,0.456,0.454,0.456,10408,0
TYP,5,20210305,134000,0.466,0.47,0.466,0.47,5000,0
TYP,5,20210305,134500,0.47,0.474,0.47,0.474,2000,0
TYP,5,20210305,142500,0.474,0.48,0.474,0.48,15143,0
TYP,5,20210305,143000,0.476,0.476,0.476,0.476,5200,0
TYP,5,20210305,143500,0.46,0.46,0.45,0.45,10000,0
TYP,5,20210305,162000,0.452,0.452,0.45,0.45,15000,0
TYP,5,20210305,164500,0.47,0.47,0.47,0.47,1,0
TYP,5,20210308,090500,0.45,0.45,0.444,0.444,10000,0
TYP,5,20210308,103000,0.462,0.462,0.462,0.462,100,0
TYP,5,20210308,112000,0.46,0.462,0.46,0.462,1400,0
TYP,5,20210308,112500,0.464,0.466,0.464,0.466,10941,0
TYP,5,20210308,132500,0.45,0.45,0.45,0.45,5000,0
TYP,5,20210308,140500,0.45,0.45,0.45,0.45,5000,0
TYP,5,20210308,145000,0.466,0.466,0.466,0.466,1,0
TYP,5,20210309,100000,0.448,0.448,0.448,0.448,2,0
TYP,5,20210309,101000,0.46,0.46,0.46,0.46,2000,0
TYP,5,20210309,101500,0.46,0.46,0.46,0.46,1300,0
TYP,5,20210309,105000,0.448,0.448,0.444,0.444,6185,0
TYP,5,20210309,115000,0.444,0.444,0.444,0.444,1655,0
TYP,5,20210309,122000,0.446,0.446,0.446,0.446,3934,0
TYP,5,20210309,124500,0.46,0.46,0.46,0.46,1,0
TYP,5,20210309,131500,0.452,0.452,0.45,0.45,5000,0
TYP,5,20210309,132000,0.458,0.458,0.458,0.458,36,0
TYP,5,20210309,132500,0.458,0.458,0.458,0.458,119,0
TYP,5,20210309,140000,0.444,0.46,0.44,0.46,7500,0
TYP,5,20210309,165500,0.458,0.458,0.458,0.458,3121,0
TYP,5,20210310,090000,0.46,0.46,0.46,0.46,44000,0
TYP,5,20210310,103500,0.46,0.46,0.46,0.46,1,0
TYP,5,20210310,111000,0.45,0.45,0.45,0.45,500,0
TYP,5,20210310,123500,0.45,0.45,0.45,0.45,6367,0
TYP,5,20210310,151500,0.458,0.458,0.458,0.458,400,0
TYP,5,20210311,093000,0.444,0.444,0.432,0.432,7967,0
TYP,5,20210311,094000,0.44,0.44,0.44,0.44,4008,0
TYP,5,20210311,094500,0.44,0.44,0.44,0.44,2992,0
TYP,5,20210311,100000,0.44,0.44,0.44,0.44,1270,0
TYP,5,20210311,100500,0.44,0.44,0.432,0.432,2144,0
TYP,5,20210311,101000,0.444,0.444,0.444,0.444,500,0
TYP,5,20210311,110000,0.444,0.444,0.444,0.444,3181,0
TYP,5,20210311,111500,0.436,0.436,0.432,0.432,4566,0
TYP,5,20210311,113500,0.434,0.434,0.434,0.434,3618,0
TYP,5,20210311,152500,0.44,0.444,0.44,0.444,410,0
TYP,5,20210312,093500,0.454,0.454,0.454,0.454,1,0
TYP,5,20210312,094000,0.454,0.454,0.454,0.454,700,0
TYP,5,20210312,103500,0.45,0.45,0.45,0.45,499,0
TYP,5,20210312,104500,0.45,0.45,0.45,0.45,9001,0
TYP,5,20210312,105000,0.444,0.444,0.44,0.44,35598,0
TYP,5,20210312,111500,0.44,0.44,0.44,0.44,8673,0
TYP,5,20210312,112000,0.44,0.44,0.44,0.44,1000,0
TYP,5,20210312,113000,0.44,0.44,0.44,0.44,4729,0
TYP,5,20210312,113500,0.452,0.452,0.452,0.452,1201,0
TYP,5,20210312,123000,0.45,0.45,0.45,0.45,10000,0
TYP,5,20210312,132000,0.44,0.44,0.44,0.44,7200,0
TYP,5,20210312,134500,0.436,0.436,0.436,0.436,5609,0
TYP,5,20210312,151500,0.44,0.44,0.44,0.44,598,0
TYP,5,20210312,163500,0.44,0.44,0.44,0.44,8000,0
TYP,5,20210315,090000,0.458,0.458,0.458,0.458,50,0
TYP,5,20210315,091000,0.456,0.456,0.456,0.456,1572,0
TYP,5,20210315,100000,0.454,0.454,0.45,0.45,724,0
TYP,5,20210315,111500,0.442,0.442,0.442,0.442,64,0
TYP,5,20210315,114000,0.442,0.442,0.44,0.44,2000,0
TYP,5,20210315,160000,0.45,0.45,0.45,0.45,1,0
TYP,5,20210315,164500,0.45,0.45,0.45,0.45,500,0
TYP,5,20210316,090000,0.45,0.45,0.45,0.45,2500,0
TYP,5,20210316,094000,0.45,0.45,0.45,0.45,9,0
TYP,5,20210316,094500,0.452,0.452,0.452,0.452,3400,0
TYP,5,20210316,095000,0.45,0.45,0.45,0.45,2000,0
TYP,5,20210316,095500,0.44,0.44,0.44,0.44,2000,0
TYP,5,20210316,102000,0.442,0.442,0.44,0.44,2000,0
TYP,5,20210316,111000,0.44,0.44,0.44,0.44,1572,0
TYP,5,20210316,130000,0.45,0.45,0.45,0.45,1,0
TYP,5,20210316,152000,0.44,0.44,0.432,0.432,21828,0
TYP,5,20210316,162000,0.45,0.45,0.45,0.45,1000,0
TYP,5,20210317,090000,0.43,0.43,0.43,0.43,5000,0
TYP,5,20210317,091500,0.43,0.45,0.43,0.45,14620,0
TYP,5,20210317,092000,0.43,0.43,0.43,0.43,4530,0
TYP,5,20210317,092500,0.43,0.43,0.43,0.43,470,0
TYP,5,20210317,093000,0.45,0.452,0.45,0.452,95,0
TYP,5,20210317,095000,0.432,0.432,0.43,0.43,5000,0
TYP,5,20210317,101000,0.448,0.45,0.448,0.45,501,0
TYP,5,20210317,103500,0.448,0.45,0.448,0.45,80999,0
TYP,5,20210317,104000,0.452,0.452,0.452,0.452,1,0
TYP,5,20210317,111000,0.45,0.45,0.45,0.45,104099,0
TYP,5,20210317,111500,0.452,0.452,0.452,0.452,3000,0
TYP,5,20210317,114500,0.452,0.452,0.452,0.452,4446,0
TYP,5,20210317,123000,0.454,0.454,0.454,0.454,14289,0
TYP,5,20210317,125000,0.458,0.458,0.458,0.458,200,0
TYP,5,20210317,125500,0.458,0.466,0.458,0.466,3796,0
TYP,5,20210317,131500,0.452,0.452,0.45,0.45,2901,0
TYP,5,20210317,132500,0.45,0.45,0.45,0.45,3000,0
TYP,5,20210317,160000,0.436,0.436,0.428,0.428,156808,0
TYP,5,20210317,161000,0.428,0.428,0.428,0.428,1000,0
TYP,5,20210317,163000,0.428,0.428,0.428,0.428,8861,0
TYP,5,20210317,164000,0.428,0.428,0.422,0.422,13300,0
TYP,5,20210317,164500,0.444,0.448,0.444,0.448,501,0
TYP,5,20210318,102000,0.448,0.448,0.448,0.448,1109,0
TYP,5,20210318,141000,0.448,0.448,0.448,0.448,8390,0
TYP,5,20210318,144000,0.46,0.46,0.46,0.46,1,0
TYP,5,20210318,144500,0.45,0.45,0.45,0.45,1610,0
TYP,5,20210318,150000,0.45,0.45,0.45,0.45,1000,0
TYP,5,20210318,164500,0.448,0.448,0.448,0.448,2003,0
TYP,5,20210319,090000,0.458,0.458,0.458,0.458,1,0
TYP,5,20210319,114500,0.442,0.442,0.44,0.44,5000,0
TYP,5,20210319,120000,0.45,0.456,0.45,0.454,18826,0
TYP,5,20210319,164000,0.432,0.432,0.432,0.432,3000,0
TYP,5,20210319,164500,0.432,0.45,0.43,0.432,12502,0
TYP,5,20210322,090000,0.45,0.45,0.45,0.45,16172,0
TYP,5,20210322,090500,0.434,0.434,0.434,0.434,1000,0
TYP,5,20210322,091500,0.434,0.434,0.434,0.434,3000,0
TYP,5,20210322,094000,0.44,0.44,0.44,0.44,1300,0
TYP,5,20210322,115500,0.446,0.448,0.446,0.448,3000,0
TYP,5,20210322,133000,0.448,0.45,0.448,0.45,11063,0
TYP,5,20210322,152000,0.448,0.45,0.448,0.45,2209,0
TYP,5,20210322,152500,0.436,0.436,0.436,0.436,757,0
TYP,5,20210322,154500,0.436,0.436,0.43,0.43,23800,0
TYP,5,20210322,155500,0.448,0.448,0.448,0.448,4400,0
TYP,5,20210322,160000,0.448,0.448,0.448,0.448,3600,0
TYP,5,20210322,163000,0.448,0.448,0.448,0.448,5600,0
TYP,5,20210323,090000,0.448,0.448,0.448,0.448,1504,0
TYP,5,20210323,090500,0.448,0.448,0.448,0.448,1500,0
TYP,5,20210323,091000,0.432,0.432,0.432,0.432,4000,0
TYP,5,20210323,091500,0.43,0.43,0.43,0.43,3600,0
TYP,5,20210323,094000,0.43,0.43,0.43,0.43,400,0
TYP,5,20210323,103000,0.442,0.446,0.442,0.446,7621,0
TYP,5,20210323,111500,0.436,0.436,0.434,0.434,5000,0
TYP,5,20210323,112000,0.446,0.446,0.446,0.446,575,0
TYP,5,20210323,131500,0.452,0.452,0.452,0.452,1,0
TYP,5,20210323,141500,0.44,0.44,0.432,0.432,5340,0
TYP,5,20210323,161000,0.45,0.45,0.45,0.45,1,0
TYP,5,20210323,161500,0.45,0.464,0.45,0.464,35999,0
TYP,5,20210323,162000,0.464,0.464,0.464,0.464,11132,0
TYP,5,20210323,163000,0.464,0.466,0.464,0.466,4000,0
TYP,5,20210323,163500,0.466,0.466,0.466,0.466,1000,0
TYP,5,20210323,164000,0.466,0.468,0.466,0.468,8021,0
TYP,5,20210323,164500,0.468,0.468,0.468,0.468,8050,0
TYP,5,20210323,165500,0.468,0.468,0.468,0.468,8001,0
TYP,5,20210324,090000,0.466,0.468,0.466,0.468,15307,0
TYP,5,20210324,092000,0.466,0.466,0.466,0.466,3009,0
TYP,5,20210324,093000,0.462,0.462,0.462,0.462,5000,0
TYP,5,20210324,095000,0.444,0.444,0.444,0.444,494,0
TYP,5,20210324,103000,0.46,0.462,0.46,0.462,2500,0
TYP,5,20210324,115000,0.448,0.448,0.44,0.44,25778,0
TYP,5,20210324,115500,0.46,0.46,0.46,0.46,1,0
TYP,5,20210324,122500,0.458,0.46,0.436,0.436,10293,0
TYP,5,20210324,123500,0.454,0.454,0.436,0.436,5501,0
TYP,5,20210324,125000,0.456,0.456,0.44,0.44,6530,0
TYP,5,20210324,131000,0.45,0.45,0.45,0.45,1,0
TYP,5,20210324,131500,0.46,0.46,0.46,0.46,7980,0
TYP,5,20210324,132000,0.45,0.45,0.442,0.442,61,0
TYP,5,20210324,141500,0.46,0.46,0.46,0.46,5500,0
TYP,5,20210324,142500,0.442,0.442,0.442,0.442,140,0
TYP,5,20210324,144000,0.46,0.46,0.46,0.46,1,0
TYP,5,20210324,152500,0.46,0.462,0.46,0.462,10499,0
TYP,5,20210324,153000,0.462,0.462,0.462,0.462,5000,0
TYP,5,20210324,154000,0.446,0.446,0.442,0.442,12800,0
TYP,5,20210324,163000,0.454,0.462,0.454,0.462,9200,0
TYP,5,20210324,164500,0.462,0.462,0.462,0.462,600,0
TYP,5,20210325,090000,0.464,0.464,0.464,0.464,513,0
TYP,5,20210325,091000,0.464,0.464,0.464,0.464,287,0
TYP,5,20210325,091500,0.464,0.464,0.464,0.464,1000,0
TYP,5,20210325,092500,0.464,0.464,0.464,0.464,1994,0
TYP,5,20210325,093000,0.464,0.464,0.464,0.464,324,0
TYP,5,20210325,100500,0.45,0.45,0.45,0.45,500,0
TYP,5,20210325,105000,0.448,0.448,0.448,0.448,7500,0
TYP,5,20210325,134000,0.446,0.446,0.442,0.442,4000,0
TYP,5,20210325,134500,0.442,0.442,0.43,0.43,55025,0
TYP,5,20210325,140000,0.44,0.44,0.44,0.44,4210,0
TYP,5,20210325,141500,0.45,0.45,0.45,0.45,10000,0
TYP,5,20210325,144500,0.45,0.466,0.45,0.466,58184,0
TYP,5,20210325,145000,0.466,0.5,0.466,0.5,79118,0
TYP,5,20210325,145500,0.5,0.505,0.48,0.5,24310,0
TYP,5,20210325,150000,0.5,0.505,0.5,0.505,9320,0
TYP,5,20210325,150500,0.505,0.505,0.496,0.496,1544,0
TYP,5,20210325,151000,0.484,0.484,0.48,0.48,18232,0
TYP,5,20210325,152000,0.48,0.48,0.48,0.48,9155,0
TYP,5,20210325,154000,0.494,0.494,0.494,0.494,598,0
TYP,5,20210325,155000,0.47,0.476,0.46,0.476,18422,0
TYP,5,20210325,155500,0.476,0.476,0.476,0.476,252,0
TYP,5,20210325,161000,0.46,0.46,0.46,0.46,850,0
TYP,5,20210325,161500,0.444,0.444,0.43,0.43,27059,0
TYP,5,20210325,163000,0.432,0.432,0.428,0.428,6510,0
TYP,5,20210325,163500,0.428,0.428,0.426,0.426,7664,0
TYP,5,20210325,164500,0.446,0.446,0.426,0.426,7529,0
TYP,5,20210325,165500,0.448,0.448,0.448,0.448,1500,0
TYP,5,20210326,090000,0.45,0.45,0.426,0.426,16850,0
TYP,5,20210326,091000,0.428,0.428,0.428,0.428,5659,0
TYP,5,20210326,092000,0.428,0.448,0.428,0.448,1001,0
TYP,5,20210326,110000,0.444,0.444,0.444,0.444,5389,0
TYP,5,20210326,114000,0.434,0.434,0.4,0.4,60655,0
TYP,5,20210326,114500,0.4,0.4,0.4,0.4,5000,0
TYP,5,20210326,115000,0.4,0.4,0.4,0.4,4747,0
TYP,5,20210326,120000,0.41,0.41,0.41,0.41,2429,0
TYP,5,20210326,121000,0.41,0.42,0.4,0.42,12354,0
TYP,5,20210326,123000,0.41,0.41,0.41,0.41,2500,0
TYP,5,20210326,123500,0.41,0.41,0.402,0.41,9944,0
TYP,5,20210326,125000,0.42,0.44,0.42,0.44,4500,0
TYP,5,20210326,132000,0.436,0.436,0.436,0.436,1000,0
TYP,5,20210326,133000,0.436,0.436,0.436,0.436,3140,0
TYP,5,20210326,144000,0.434,0.434,0.434,0.434,4941,0
TYP,5,20210326,144500,0.434,0.434,0.434,0.434,60,0
TYP,5,20210326,145000,0.44,0.44,0.44,0.44,1,0
TYP,5,20210326,150500,0.434,0.434,0.43,0.43,988,0
TYP,5,20210326,161500,0.43,0.43,0.43,0.43,300,0
