<TICKER>,<PER>,<DATE>,<TIME>,<OPEN>,<HIGH>,<LOW>,<CLOSE>,<VOL>,<OPENINT>
UNL,5,20210204,090000,20.72,20.72,20.72,20.72,1,0
UNL,5,20210204,092000,21.3,21.3,21.3,21.3,10,0
UNL,5,20210204,092500,20.81,20.81,20.72,20.72,336,0
UNL,5,20210204,093500,20.72,20.72,20.72,20.72,100,0
UNL,5,20210204,094500,20.68,20.68,20.2,20.2,1020,0
UNL,5,20210204,100000,20.2,20.8,20.2,20.8,110,0
UNL,5,20210204,105500,20.85,20.85,20.85,20.85,10,0
UNL,5,20210204,114500,20.45,20.45,20.23,20.23,150,0
UNL,5,20210204,120000,20.55,20.55,20.5,20.5,215,0
UNL,5,20210204,122500,20.5,20.5,20.23,20.23,120,0
UNL,5,20210204,123500,20.69,20.785,20.69,20.785,232,0
UNL,5,20210204,124000,20.785,20.79,20.7,20.7,188,0
UNL,5,20210204,132000,20.3,20.3,20.3,20.3,100,0
UNL,5,20210204,140500,20.77,20.79,20.77,20.79,120,0
UNL,5,20210204,145500,20.34,20.34,20.34,20.34,60,0
UNL,5,20210204,151000,20.35,20.35,20.25,20.25,128,0
UNL,5,20210204,151500,20.76,20.76,20.76,20.76,80,0
UNL,5,20210204,152000,20.76,20.76,20.76,20.76,17,0
UNL,5,20210204,163000,20.71,20.78,20.5,20.5,225,0
UNL,5,20210204,163500,20.5,20.5,20.5,20.5,150,0
UNL,5,20210204,164500,20.77,20.77,20.77,20.77,62,0
UNL,5,20210205,090000,20,20,20,20,1151,0
UNL,5,20210205,091500,20.45,20.45,20.45,20.45,1,0
UNL,5,20210205,092500,20.45,20.45,20.45,20.45,24,0
UNL,5,20210205,093000,20.5,20.5,20.5,20.5,20,0
UNL,5,20210205,094500,20.55,20.59,20.55,20.59,100,0
UNL,5,20210205,095000,20.5,20.5,20,20,676,0
UNL,5,20210205,100000,20,20,20,20,324,0
UNL,5,20210205,100500,20.57,20.57,20.57,20.57,20,0
UNL,5,20210205,102500,20.5,20.5,20.5,20.5,24,0
UNL,5,20210205,104500,20.48,20.5,20.48,20.5,100,0
UNL,5,20210205,111000,20.56,20.56,20.56,20.56,10,0
UNL,5,20210205,114000,20.56,20.78,20.56,20.78,220,0
UNL,5,20210205,120500,20.73,20.73,20.73,20.73,150,0
UNL,5,20210205,132500,20.78,20.78,20.78,20.78,130,0
UNL,5,20210205,133000,20.78,20.78,20.78,20.78,195,0
UNL,5,20210205,145500,20.7,20.78,20.7,20.78,100,0
UNL,5,20210205,153500,20.78,20.78,20.78,20.78,150,0
UNL,5,20210205,154000,20.78,20.78,20.78,20.78,9,0
UNL,5,20210205,155000,20.85,20.85,20.85,20.85,14,0
UNL,5,20210205,160000,20.8,20.8,20.8,20.8,50,0
UNL,5,20210208,090000,20.8,20.8,20.8,20.8,47,0
UNL,5,20210208,093000,20.8,20.8,20.8,20.8,161,0
UNL,5,20210208,100000,20.85,20.85,20.85,20.85,5,0
UNL,5,20210208,100500,20.8,20.8,20,20,1020,0
UNL,5,20210208,114000,20.205,20.205,20.11,20.11,132,0
UNL,5,20210208,115000,20.495,20.495,20.495,20.495,20,0
UNL,5,20210208,125500,20.115,20.115,20.06,20.06,149,0
UNL,5,20210208,130000,20.06,20.06,20,20,725,0
UNL,5,20210208,133000,20,20,20,20,124,0
UNL,5,20210208,134000,20,20,20,20,50,0
UNL,5,20210208,135000,20,20,20,20,26,0
UNL,5,20210208,140500,20.37,20.37,20.37,20.37,30,0
UNL,5,20210208,142000,20.365,20.385,20.365,20.385,100,0
UNL,5,20210208,143000,20.385,20.5,20.385,20.5,35,0
UNL,5,20210208,151000,20.6,20.6,20.6,20.6,15,0
UNL,5,20210208,155000,20.3,20.3,20.3,20.3,50,0
UNL,5,20210208,160000,20.2,20.2,20.2,20.2,180,0
UNL,5,20210208,161500,20.11,20.11,20.11,20.11,40,0
UNL,5,20210208,164500,20.48,20.48,20.48,20.48,35,0
UNL,5,20210209,090500,20.01,20.01,20,20,125,0
UNL,5,20210209,091000,19.92,19.92,19.92,19.92,54,0
UNL,5,20210209,091500,19.93,19.93,19.8,19.8,290,0
UNL,5,20210209,093000,19.52,19.52,19.4,19.52,622,0
UNL,5,20210209,093500,19.52,19.52,19.52,19.52,114,0
UNL,5,20210209,101500,19.53,19.53,19.52,19.52,594,0
UNL,5,20210209,102000,19.52,19.52,19.52,19.52,394,0
UNL,5,20210209,103000,19.52,19.52,19.52,19.52,12,0
UNL,5,20210209,104000,20.06,20.065,20.06,20.065,200,0
UNL,5,20210209,104500,20.08,20.08,20.08,20.08,100,0
UNL,5,20210209,121000,19.98,19.99,19.98,19.99,143,0
UNL,5,20210209,131000,19.54,19.54,19.45,19.45,324,0
UNL,5,20210209,132500,19.42,19.5,19.41,19.5,256,0
UNL,5,20210209,133500,19.42,19.42,19.41,19.41,132,0
UNL,5,20210209,134000,19.41,19.41,19.4,19.4,394,0
UNL,5,20210209,135000,19.3,19.3,19.3,19.3,20,0
UNL,5,20210209,135500,19.3,19.5,19.25,19.25,147,0
UNL,5,20210209,141500,19.5,19.5,19.5,19.5,130,0
UNL,5,20210209,142000,19.3,19.3,19.25,19.25,890,0
UNL,5,20210209,142500,19.25,19.25,19.25,19.25,67,0
UNL,5,20210209,143000,19.25,19.5,19.25,19.5,260,0
UNL,5,20210209,143500,19.5,19.9,19.5,19.9,1153,0
UNL,5,20210209,154500,19.51,19.51,19.51,19.51,27,0
UNL,5,20210209,160500,19.7,19.8,19.7,19.8,540,0
UNL,5,20210209,161500,19.8,19.8,19.8,19.8,182,0
UNL,5,20210209,164500,19.53,19.79,19.5,19.79,320,0
UNL,5,20210210,090000,19.44,19.44,19.44,19.44,75,0
UNL,5,20210210,091000,19.45,19.45,19.45,19.45,30,0
UNL,5,20210210,091500,19.45,19.45,19.45,19.45,340,0
UNL,5,20210210,093000,19.5,19.5,19.5,19.5,500,0
UNL,5,20210210,094500,19.51,19.51,19.5,19.5,70,0
UNL,5,20210210,095000,19.5,19.5,19.5,19.5,470,0
UNL,5,20210210,095500,19.5,19.5,19.5,19.5,9,0
UNL,5,20210210,100000,19.69,19.69,19.69,19.69,11,0
UNL,5,20210210,101000,19.69,19.7,19.69,19.7,314,0
UNL,5,20210210,103000,19.7,19.98,19.69,19.98,178,0
UNL,5,20210210,103500,19.98,19.98,19.98,19.98,9,0
UNL,5,20210210,104500,20,20.17,20,20.17,2,0
UNL,5,20210210,110500,20,20,20,20,30,0
UNL,5,20210210,122500,20.14,20.16,20.14,20.16,80,0
UNL,5,20210210,124500,20.16,20.18,20.16,20.18,25,0
UNL,5,20210210,125000,20.18,20.5,20.18,20.5,299,0
UNL,5,20210210,125500,20.5,20.6,20.5,20.6,321,0
UNL,5,20210210,130000,20.92,23.1,20.92,23.1,5097,0
UNL,5,20210210,130500,21.485,21.485,20.6,20.6,400,0
UNL,5,20210210,131000,20.93,20.93,20.93,20.93,150,0
UNL,5,20210210,132000,21.35,21.35,21.35,21.35,25,0
UNL,5,20210210,133500,21.35,21.35,21.33,21.33,10,0
UNL,5,20210210,134000,21.11,21.11,20.91,20.91,141,0
UNL,5,20210210,135000,20.77,20.77,20.72,20.72,450,0
UNL,5,20210210,140500,20.76,20.76,20.76,20.76,72,0
UNL,5,20210210,145000,21.96,21.96,21.96,21.96,10,0
UNL,5,20210210,150000,21.94,21.94,21.94,21.94,46,0
UNL,5,20210210,154000,21.15,21.15,21.12,21.12,100,0
UNL,5,20210210,160000,21.14,21.14,21.12,21.12,221,0
UNL,5,20210210,161000,21,21.12,21,21.12,231,0
UNL,5,20210210,162000,21.65,21.65,21.65,21.65,2,0
UNL,5,20210211,103000,20.95,20.95,20.95,20.95,102,0
UNL,5,20210211,104000,20.9,20.9,20.9,20.9,38,0
UNL,5,20210211,104500,21.04,21.04,21.04,21.04,10,0
UNL,5,20210211,114500,20.5,20.8,20.5,20.8,5,0
UNL,5,20210211,130500,20.76,20.76,20.29,20.29,80,0
UNL,5,20210211,131000,20.28,20.28,20.25,20.25,54,0
UNL,5,20210211,131500,20.29,20.765,20.29,20.765,205,0
UNL,5,20210211,144000,20.59,21.16,20.59,21.16,800,0
UNL,5,20210211,163500,20.38,20.38,20.38,20.38,10,0
UNL,5,20210212,090500,21.7,21.7,21.7,21.7,20,0
UNL,5,20210212,093000,20.44,20.44,20.44,20.44,50,0
UNL,5,20210212,095000,20.44,20.44,20,20,289,0
UNL,5,20210212,104500,20.1,20.1,19.8,19.8,180,0
UNL,5,20210212,112500,19.85,19.85,19.8,19.8,300,0
UNL,5,20210212,115000,19.9,19.9,19.9,19.9,100,0
UNL,5,20210212,121500,20.5,20.68,20.5,20.68,80,0
UNL,5,20210212,135000,20.47,20.47,20.47,20.47,8,0
UNL,5,20210212,142500,20.11,20.11,20.11,20.11,150,0
UNL,5,20210212,144500,20.47,20.49,20.47,20.49,50,0
UNL,5,20210212,145000,20.48,20.48,20.48,20.48,50,0
UNL,5,20210212,152500,20.42,20.42,20.42,20.42,20,0
UNL,5,20210212,161000,20.37,20.37,20.37,20.37,75,0
UNL,5,20210212,161500,20.02,20.02,20,20,150,0
UNL,5,20210212,162000,20,20,20,20,10,0
UNL,5,20210212,162500,20,20,20,20,45,0
UNL,5,20210212,163000,20,20,20,20,34,0
UNL,5,20210212,164000,20,20,20,20,21,0
UNL,5,20210212,164500,19.96,20.3,19.96,20.3,50,0
UNL,5,20210215,090000,23,23,21.2,21.2,1330,0
UNL,5,20210215,090500,22.2,22.2,21.99,21.99,145,0
UNL,5,20210215,091500,21.32,21.5,21,21.5,747,0
UNL,5,20210215,092000,21.5,21.65,21.5,21.6,449,0
UNL,5,20210215,093000,21.6,21.99,21.6,21.99,100,0
UNL,5,20210215,095000,21.89,21.9,21.89,21.9,300,0
UNL,5,20210215,102000,21.6,21.6,21.6,21.6,100,0
UNL,5,20210215,104500,21.37,21.37,21.3,21.3,980,0
UNL,5,20210215,105000,21.3,21.3,21.3,21.3,20,0
UNL,5,20210215,105500,21.3,21.3,21.3,21.3,248,0
UNL,5,20210215,114500,21.26,21.26,21.26,21.26,80,0
UNL,5,20210215,115000,21.3,21.3,21.3,21.3,52,0
UNL,5,20210215,120000,21.3,21.3,21.3,21.3,18,0
UNL,5,20210215,121000,21.3,21.3,21.3,21.3,82,0
UNL,5,20210215,121500,21.3,21.3,21.3,21.3,100,0
UNL,5,20210215,122500,21.3,21.3,21.3,21.3,52,0
UNL,5,20210215,123000,21.26,21.26,21.25,21.25,240,0
UNL,5,20210215,141500,21.245,21.42,21.245,21.42,160,0
UNL,5,20210215,163000,21.2,21.2,21.2,21.2,25,0
UNL,5,20210215,164500,21.49,21.49,21.49,21.49,27,0
UNL,5,20210216,090500,22,22,21.95,22,636,0
UNL,5,20210216,091000,21.99,21.99,21.99,21.99,50,0
UNL,5,20210216,092000,21.5,21.5,21.3,21.31,650,0
UNL,5,20210216,092500,21.5,21.5,21.5,21.5,30,0
UNL,5,20210216,093000,21.5,21.5,21.5,21.5,20,0
UNL,5,20210216,095500,21.5,21.5,21.5,21.5,100,0
UNL,5,20210216,100000,21.6,21.7,21.6,21.7,200,0
UNL,5,20210216,102500,21.68,21.7,21.68,21.7,163,0
UNL,5,20210216,105000,21.71,21.71,21.7,21.7,87,0
UNL,5,20210216,112500,21.7,21.9,21.7,21.9,89,0
UNL,5,20210216,123500,21.8,21.8,21.8,21.8,363,0
UNL,5,20210216,125500,21.52,21.52,21.51,21.51,84,0
UNL,5,20210216,130000,21.32,21.32,21.32,21.32,50,0
UNL,5,20210216,135000,21.77,21.8,21.77,21.8,3917,0
UNL,5,20210216,144500,21.78,21.79,21.78,21.79,100,0
UNL,5,20210216,145500,21.7,21.7,21.7,21.7,100,0
UNL,5,20210216,150000,21.79,21.79,21.79,21.79,25,0
UNL,5,20210216,150500,21.7,21.7,21.7,21.7,250,0
UNL,5,20210216,152500,21.55,21.55,21.5,21.5,350,0
UNL,5,20210216,162000,21.54,21.54,21.54,21.54,100,0
UNL,5,20210216,163500,21.51,21.51,21.5,21.5,97,0
UNL,5,20210216,164500,21.33,21.68,21.33,21.68,73,0
UNL,5,20210217,093500,21.75,21.75,21.75,21.75,25,0
UNL,5,20210217,095000,21.32,21.32,21.32,21.32,18,0
UNL,5,20210217,103000,21.76,21.76,21.76,21.76,10,0
UNL,5,20210217,104500,21.32,21.32,21,21,826,0
UNL,5,20210217,105000,20.8,20.8,20.8,20.8,150,0
UNL,5,20210217,113000,21.54,21.55,21.54,21.55,58,0
UNL,5,20210217,115500,21.55,21.6,21.55,21.6,271,0
UNL,5,20210217,120000,21.6,21.78,21.6,21.78,184,0
UNL,5,20210217,120500,21.8,22,21.61,22,200,0
UNL,5,20210217,121500,21.705,21.705,21.6,21.6,175,0
UNL,5,20210217,122000,21.6,21.9,21.6,21.9,150,0
UNL,5,20210217,135500,21.5,21.5,21.5,21.5,100,0
UNL,5,20210217,153000,21.5,21.5,21.41,21.41,85,0
UNL,5,20210217,153500,21.4,21.4,21.4,21.4,75,0
UNL,5,20210217,154000,21.6,21.6,21.6,21.6,231,0
UNL,5,20210217,164500,21.5,21.5,21.5,21.5,45,0
UNL,5,20210218,090000,21.4,21.4,21.4,21.4,186,0
UNL,5,20210218,092500,21.075,21.075,21,21,145,0
UNL,5,20210218,103500,20.5,20.5,20.495,20.495,50,0
UNL,5,20210218,112500,20.51,20.89,20.45,20.89,510,0
UNL,5,20210218,123000,20.5,20.5,20.5,20.5,350,0
UNL,5,20210218,134500,20.75,20.75,20.75,20.75,2,0
UNL,5,20210218,135000,20.75,20.75,20.75,20.75,110,0
UNL,5,20210218,142500,20.8,20.9,20.8,20.9,265,0
UNL,5,20210218,144000,20.9,20.9,20.9,20.9,50,0
UNL,5,20210218,144500,20.98,20.99,20.98,20.99,402,0
UNL,5,20210218,145000,20.99,21,20.99,21,236,0
UNL,5,20210218,145500,21,21,21,21,350,0
UNL,5,20210218,150000,21,21,21,21,110,0
UNL,5,20210218,151000,21,21,20.5,20.5,1139,0
UNL,5,20210218,152500,20.5,20.5,20.5,20.5,400,0
UNL,5,20210218,154000,21,21.29,21,21.29,377,0
UNL,5,20210218,154500,21,21,21,21,113,0
UNL,5,20210218,155000,20.5,20.5,20.2,20.2,887,0
UNL,5,20210218,161500,21,21.15,21,21.15,100,0
UNL,5,20210218,162000,21.2,21.39,21.2,21.39,344,0
UNL,5,20210218,162500,21.5,21.6,21.5,21.6,453,0
UNL,5,20210219,094500,21.45,21.6,21.45,21.6,200,0
UNL,5,20210219,095500,21.6,22,21.6,22,1063,0
UNL,5,20210219,100000,21.505,21.505,21.5,21.5,380,0
UNL,5,20210219,104000,21.49,21.49,21.49,21.49,130,0
UNL,5,20210219,105000,21.5,21.5,21.5,21.5,55,0
UNL,5,20210219,105500,21.5,21.8,21.5,21.8,270,0
UNL,5,20210219,110000,21.77,21.77,21.77,21.77,230,0
UNL,5,20210219,110500,21.77,21.8,21.77,21.8,547,0
UNL,5,20210219,111000,21.55,21.55,21.55,21.55,200,0
UNL,5,20210219,112500,21.51,21.51,21.51,21.51,40,0
UNL,5,20210219,120000,21.24,21.24,21.23,21.23,130,0
UNL,5,20210219,131000,20.94,20.94,20.86,20.86,832,0
UNL,5,20210219,132500,20.88,21.47,20.85,21.47,610,0
UNL,5,20210219,141000,20.87,20.87,20.87,20.87,124,0
UNL,5,20210219,150500,21.45,21.46,21.45,21.46,100,0
UNL,5,20210219,151000,21.46,21.465,21.46,21.465,100,0
UNL,5,20210219,160000,21,21,21,21,200,0
UNL,5,20210219,164000,21.01,21.01,21,21,80,0
UNL,5,20210219,164500,21.44,21.44,21.44,21.44,112,0
UNL,5,20210222,090500,20.92,20.92,20.92,20.92,15,0
UNL,5,20210222,100500,20.93,20.93,20.825,20.825,155,0
UNL,5,20210222,102000,20.5,20.5,20.5,20.5,60,0
UNL,5,20210222,105000,20.5,20.5,20.5,20.5,134,0
UNL,5,20210222,105500,20.6,20.6,20.6,20.6,346,0
UNL,5,20210222,110500,20.47,20.47,20.47,20.47,130,0
UNL,5,20210222,111000,20.33,20.33,20.33,20.33,200,0
UNL,5,20210222,111500,20.33,20.33,20.33,20.33,97,0
UNL,5,20210222,113000,20.34,20.34,19.9,20,1050,0
UNL,5,20210222,122000,20.2,20.2,20.2,20.2,24,0
UNL,5,20210222,123000,20.2,20.2,20,20,1047,0
UNL,5,20210222,132000,20.68,20.68,20.68,20.68,20,0
UNL,5,20210222,155000,20.15,20.5,20.15,20.5,118,0
UNL,5,20210223,090000,20.13,20.13,20,20,439,0
UNL,5,20210223,090500,19.9,19.9,19.9,19.9,150,0
UNL,5,20210223,092500,19.92,19.92,19.9,19.9,304,0
UNL,5,20210223,094000,19.9,19.9,19.9,19.9,166,0
UNL,5,20210223,094500,19.9,19.9,19.9,19.9,34,0
UNL,5,20210223,100500,19.92,19.92,19.92,19.92,100,0
UNL,5,20210223,101500,20.45,20.45,20.45,20.45,1,0
UNL,5,20210223,102000,20.45,20.45,20.45,20.45,1,0
UNL,5,20210223,103000,20,20,19.8,19.8,200,0
UNL,5,20210223,105000,20.25,20.25,20.25,20.25,11,0
UNL,5,20210223,105500,20.25,20.25,20.25,20.25,50,0
UNL,5,20210223,111000,20.25,20.25,20.25,20.25,10,0
UNL,5,20210223,112000,20,20,20,20,100,0
UNL,5,20210223,113000,19.8,19.8,19.71,19.71,50,0
UNL,5,20210223,115500,20,20,20,20,15,0
UNL,5,20210223,121000,19.71,19.71,19.52,19.52,200,0
UNL,5,20210223,121500,19.52,19.52,19.52,19.52,100,0
UNL,5,20210223,123500,19.8,19.8,19.52,19.52,45,0
UNL,5,20210223,134000,19.52,19.52,19.5,19.5,85,0
UNL,5,20210223,134500,19.46,19.5,19.46,19.5,315,0
UNL,5,20210223,135500,19.46,19.46,19.46,19.46,11,0
UNL,5,20210223,141000,19.99,19.99,19.99,19.99,10,0
UNL,5,20210223,144000,19.5,19.5,19.46,19.46,300,0
UNL,5,20210223,145000,19.46,19.46,19.46,19.46,50,0
UNL,5,20210223,150500,19.26,19.26,19.21,19.21,150,0
UNL,5,20210223,152000,19.89,19.89,19.89,19.89,47,0
UNL,5,20210223,154500,19.3,19.3,19.3,19.3,100,0
UNL,5,20210223,160000,19.85,19.85,19.84,19.84,20,0
UNL,5,20210223,160500,19.01,19.01,19,19,280,0
UNL,5,20210223,161000,19.2,19.2,19.2,19.2,100,0
UNL,5,20210223,161500,19.78,19.78,19.78,19.78,50,0
UNL,5,20210223,162000,19.2,19.2,19.2,19.2,200,0
UNL,5,20210223,163000,19.74,19.74,19.74,19.74,15,0
UNL,5,20210223,164500,19.74,19.99,19.74,19.99,236,0
UNL,5,20210224,090000,19.988,19.988,19.988,19.988,450,0
UNL,5,20210224,093500,19.91,19.97,19.91,19.97,205,0
UNL,5,20210224,095000,20.38,20.5,20.38,20.5,360,0
UNL,5,20210224,095500,20.85,20.86,20.85,20.86,51,0
UNL,5,20210224,102000,20.51,20.51,20.4,20.4,561,0
UNL,5,20210224,104000,20,20,20,20,55,0
UNL,5,20210224,105500,20.4,20.4,20.4,20.4,70,0
UNL,5,20210224,110000,20.005,20.005,20,20,962,0
UNL,5,20210224,115500,20,20,20,20,435,0
UNL,5,20210224,130500,20.39,20.6,20.39,20.6,630,0
UNL,5,20210224,133000,20.6,20.6,20.6,20.6,128,0
UNL,5,20210224,133500,20.8,21,20.8,21,350,0
UNL,5,20210224,134000,20.6,20.6,20.6,20.6,5,0
UNL,5,20210224,135500,20.6,20.6,20.22,20.22,69,0
UNL,5,20210224,140000,20.11,20.11,20.1,20.1,911,0
UNL,5,20210224,141000,20.48,20.48,20.48,20.48,50,0
UNL,5,20210224,142000,20.48,20.48,20.48,20.48,51,0
UNL,5,20210224,143000,20.3,20.99,20.3,20.99,289,0
UNL,5,20210224,145000,20.57,20.57,20.57,20.57,50,0
UNL,5,20210224,150500,20.57,20.57,20.57,20.57,21,0
UNL,5,20210224,154000,20.89,20.89,20.89,20.89,5,0
UNL,5,20210225,090500,20.22,20.22,20,20,399,0
UNL,5,20210225,091500,19.92,19.92,19.9,19.9,500,0
UNL,5,20210225,092000,20.48,20.48,20.48,20.48,1,0
UNL,5,20210225,093000,20,20,20,20,1000,0
UNL,5,20210225,093500,20,20,18.24,18.24,2205,0
UNL,5,20210225,094000,19.97,19.97,19.97,19.97,5,0
UNL,5,20210225,094500,19.442,19.442,19.442,19.442,1,0
UNL,5,20210225,095000,19.698,19.698,19.698,19.698,75,0
UNL,5,20210225,100500,19.698,19.698,19.698,19.698,20,0
UNL,5,20210225,101500,19.798,19.8,19.798,19.8,155,0
UNL,5,20210225,102000,19.82,19.99,19.82,19.99,926,0
UNL,5,20210225,102500,19.98,20.39,19.98,20.39,302,0
UNL,5,20210225,103500,20.42,20.42,20.42,20.42,52,0
UNL,5,20210225,115500,19.806,19.806,19.806,19.806,100,0
UNL,5,20210225,121500,20.28,20.5,20.28,20.5,1000,0
UNL,5,20210225,122500,20,20,20,20,100,0
UNL,5,20210225,130500,20.02,20.02,19.9,19.9,250,0
UNL,5,20210225,134500,20,20,20,20,85,0
UNL,5,20210225,145500,20.47,20.47,20.47,20.47,40,0
UNL,5,20210225,150000,20.48,20.49,20.48,20.49,170,0
UNL,5,20210225,163000,20,20,20,20,85,0
UNL,5,20210225,163500,19.904,19.904,19.61,19.61,415,0
UNL,5,20210226,090000,19.61,19.61,19.12,19.12,164,0
UNL,5,20210226,090500,19.45,19.45,19.45,19.45,89,0
UNL,5,20210226,091000,19.45,19.45,19.45,19.45,101,0
UNL,5,20210226,091500,19.16,19.16,19.16,19.16,14,0
UNL,5,20210226,092000,19,19,19,19,100,0
UNL,5,20210226,092500,19.47,19.47,19.45,19.45,125,0
UNL,5,20210226,094000,19.82,19.85,19.82,19.85,350,0
UNL,5,20210226,102500,19.51,19.51,19.5,19.5,100,0
UNL,5,20210226,104000,19.52,19.52,19.52,19.52,150,0
UNL,5,20210226,112000,19.522,19.522,19.52,19.52,23,0
UNL,5,20210226,115000,19.5,19.5,19.5,19.5,53,0
UNL,5,20210226,131500,19.26,19.26,19.25,19.25,100,0
UNL,5,20210226,133500,19.252,19.252,19.02,19.02,715,0
UNL,5,20210226,134000,19,19.4,19,19.4,190,0
UNL,5,20210226,154500,19.4,19.5,19.4,19.5,257,0
UNL,5,20210226,155000,19.52,19.52,19.52,19.52,50,0
UNL,5,20210226,155500,19.5,19.5,19.5,19.5,8,0
UNL,5,20210226,161000,19.02,19.02,19,19,226,0
UNL,5,20210226,161500,19.51,19.51,19.51,19.51,50,0
UNL,5,20210301,090000,18.96,18.96,18.75,18.75,585,0
UNL,5,20210301,090500,18.8,18.8,18.8,18.8,275,0
UNL,5,20210301,091500,18.96,18.96,18.67,18.67,380,0
UNL,5,20210301,092000,19.478,19.478,19.478,19.478,500,0
UNL,5,20210301,110500,19.47,19.476,19.47,19.476,300,0
UNL,5,20210301,111000,19.476,19.5,19.476,19.5,300,0
UNL,5,20210301,112000,19.77,19.77,19.77,19.77,75,0
UNL,5,20210301,121500,19.7,19.75,19.7,19.75,162,0
UNL,5,20210301,122000,20,20,20,20,150,0
UNL,5,20210301,124500,20.3,20.4,20.3,20.4,427,0
UNL,5,20210301,125500,20,20,20,20,50,0
UNL,5,20210301,130500,20.3,20.4,20.3,20.4,201,0
UNL,5,20210301,134000,20.36,20.36,20.36,20.36,85,0
UNL,5,20210301,140000,20.01,20.01,20.01,20.01,80,0
UNL,5,20210301,140500,20,20,20,20,170,0
UNL,5,20210301,145000,20,20,20,20,80,0
UNL,5,20210301,155500,19.83,19.83,19.81,19.81,130,0
UNL,5,20210301,160500,19.36,19.36,18.996,18.996,723,0
UNL,5,20210301,161000,18.996,18.996,18.95,18.95,390,0
UNL,5,20210301,162000,18.91,18.91,18.9,18.9,120,0
UNL,5,20210301,162500,18.89,18.9,18.89,18.89,580,0
UNL,5,20210301,163000,18.88,18.88,18.88,18.88,700,0
UNL,5,20210301,164500,19.2,19.63,18.9,19.578,1153,0
UNL,5,20210302,090000,19.4,19.4,18.9,18.9,672,0
UNL,5,20210302,090500,18.9,18.9,18.9,18.9,35,0
UNL,5,20210302,091000,18.9,18.9,18.9,18.9,100,0
UNL,5,20210302,091500,18.9,18.9,18.9,18.9,50,0
UNL,5,20210302,092500,18.9,18.9,18.8,18.8,245,0
UNL,5,20210302,094500,18.82,18.82,18.7,18.7,1074,0
UNL,5,20210302,095500,18.7,18.7,18.7,18.7,326,0
UNL,5,20210302,101500,18.8,18.8,18.7,18.7,519,0
UNL,5,20210302,102500,18.7,18.7,18.7,18.7,63,0
UNL,5,20210302,110000,18.7,18.7,18.7,18.7,400,0
UNL,5,20210302,112000,18.65,18.65,18.5,18.6,627,0
UNL,5,20210302,112500,18.5,18.5,18.5,18.5,653,0
UNL,5,20210302,122500,18.7,18.7,18.7,18.7,18,0
UNL,5,20210302,123000,19.25,19.25,19.25,19.25,200,0
UNL,5,20210302,125000,18.87,18.87,18.8,18.8,400,0
UNL,5,20210302,141000,18.9,18.9,18.6,18.6,735,0
UNL,5,20210302,141500,18.7,18.7,18.5,18.5,701,0
UNL,5,20210302,143500,18.35,18.35,18.35,18.35,109,0
UNL,5,20210302,144000,18.69,18.8,18.69,18.8,244,0
UNL,5,20210302,153000,19,19,19,19,20,0
UNL,5,20210302,153500,18.7,18.7,18.7,18.7,40,0
UNL,5,20210302,154000,18.69,18.69,18.5,18.5,645,0
UNL,5,20210303,090500,18.6,18.6,18.51,18.51,275,0
UNL,5,20210303,091500,18.31,18.31,18.24,18.24,300,0
UNL,5,20210303,094000,18.25,18.5,18.25,18.5,175,0
UNL,5,20210303,094500,18.5,18.5,18.5,18.5,101,0
UNL,5,20210303,095000,18.9,19,18.9,19,367,0
UNL,5,20210303,095500,19.18,19.18,19.18,19.18,40,0
UNL,5,20210303,100000,19.376,19.378,19.376,19.378,83,0
UNL,5,20210303,102000,19.022,19.022,19.022,19.022,40,0
UNL,5,20210303,104000,19.08,19.08,19.08,19.08,35,0
UNL,5,20210303,104500,19.22,19.22,19.22,19.22,35,0
UNL,5,20210303,105000,19.24,19.4,19.24,19.4,643,0
UNL,5,20210303,110500,19.4,19.4,19.3,19.3,251,0
UNL,5,20210303,112000,19.398,19.7,19.398,19.7,903,0
UNL,5,20210303,120500,19.65,19.67,19.65,19.67,191,0
UNL,5,20210303,122500,19.6,19.6,19.5,19.5,472,0
UNL,5,20210303,130000,19.21,19.21,19.21,19.21,75,0
UNL,5,20210303,132000,19.47,19.47,19.47,19.47,40,0
UNL,5,20210303,132500,19.5,19.5,19.5,19.5,10,0
UNL,5,20210303,142000,19.5,19.55,19.5,19.55,450,0
UNL,5,20210303,143500,19.42,19.42,19.42,19.42,22,0
UNL,5,20210303,151000,19.42,19.42,19.42,19.42,28,0
UNL,5,20210303,160500,19.21,19.21,19.2,19.2,55,0
UNL,5,20210304,090500,19.002,19.002,19,19,185,0
UNL,5,20210304,092000,18.73,18.73,17.54,17.54,1688,0
UNL,5,20210304,093000,18.3,18.39,18.3,18.39,230,0
UNL,5,20210304,093500,18.39,18.59,18.39,18.59,80,0
UNL,5,20210304,100000,18.64,18.64,18.64,18.64,25,0
UNL,5,20210304,101000,18.5,18.5,18.5,18.5,10,0
UNL,5,20210304,105000,18.64,18.78,18.64,18.78,81,0
UNL,5,20210304,110500,18.21,18.59,18.08,18.59,698,0
UNL,5,20210304,111000,18.7,18.7,18.7,18.7,200,0
UNL,5,20210304,120000,18.76,18.8,18.76,18.8,350,0
UNL,5,20210304,120500,18.8,18.8,18.8,18.8,165,0
UNL,5,20210304,123500,18.4,18.4,18.4,18.4,430,0
UNL,5,20210304,135500,18.7,18.7,18.7,18.7,20,0
UNL,5,20210305,092000,18.49,18.49,18.49,18.49,80,0
UNL,5,20210305,111500,18.38,18.38,18.38,18.38,57,0
UNL,5,20210305,121500,18.06,18.06,18.05,18.05,107,0
UNL,5,20210305,123000,18.04,18.04,18.04,18.04,110,0
UNL,5,20210305,123500,18.39,18.39,18.39,18.39,20,0
UNL,5,20210305,124500,18.48,18.48,18.48,18.48,35,0
UNL,5,20210305,125000,18.032,18.032,18,18,340,0
UNL,5,20210305,125500,18,18,18,18,75,0
UNL,5,20210305,132000,18.48,18.49,18.48,18.49,435,0
UNL,5,20210305,141500,18.48,18.48,18.48,18.48,25,0
UNL,5,20210305,142000,18.48,18.49,18.48,18.49,1500,0
UNL,5,20210305,143000,18.49,18.49,18.49,18.49,256,0
UNL,5,20210305,143500,18.49,18.49,18.49,18.49,100,0
UNL,5,20210305,150500,18.49,18.49,18.49,18.49,316,0
UNL,5,20210305,155000,18.54,18.55,18.54,18.55,112,0
UNL,5,20210305,160000,18.31,18.31,18.3,18.3,279,0
UNL,5,20210308,092500,18.54,18.54,18.54,18.54,45,0
UNL,5,20210308,100000,18.55,18.55,18.55,18.55,194,0
UNL,5,20210308,104500,18.898,18.898,18.898,18.898,45,0
UNL,5,20210308,105000,18.9,19,18.9,19,275,0
UNL,5,20210308,114000,19.16,19.16,19.16,19.16,60,0
UNL,5,20210308,114500,19.162,19.162,19.162,19.162,70,0
UNL,5,20210308,115500,19.15,19.15,19.15,19.15,16,0
UNL,5,20210308,120000,19.14,19.14,19.14,19.14,22,0
UNL,5,20210308,134000,18.7,18.7,18.65,18.65,116,0
UNL,5,20210308,164500,19.098,19.098,19.098,19.098,85,0
UNL,5,20210309,091500,19.098,19.098,19.098,19.098,61,0
UNL,5,20210309,094000,19.122,19.122,19.12,19.12,367,0
UNL,5,20210309,095000,19.198,19.24,19.198,19.24,395,0
UNL,5,20210309,101500,19.22,19.22,19.22,19.22,125,0
UNL,5,20210309,102500,19.24,19.24,19.24,19.24,20,0
UNL,5,20210309,104000,19.24,19.25,19.24,19.25,16,0
UNL,5,20210309,105500,19.25,19.25,19.25,19.25,30,0
UNL,5,20210309,110500,19.22,19.22,19.22,19.22,880,0
UNL,5,20210309,111000,19.25,19.25,19.25,19.25,18,0
UNL,5,20210309,113500,19.5,19.5,19.5,19.5,10,0
UNL,5,20210309,114000,19.5,19.5,19.5,19.5,374,0
UNL,5,20210309,114500,19.5,19.5,19.5,19.5,100,0
UNL,5,20210309,123000,19.69,19.69,19.69,19.69,53,0
UNL,5,20210309,130500,19.8,19.8,19.8,19.8,150,0
UNL,5,20210309,131000,19.8,19.8,19.8,19.8,100,0
UNL,5,20210309,133500,19.502,19.502,19.502,19.502,53,0
UNL,5,20210309,140000,19.502,19.502,19.502,19.502,347,0
UNL,5,20210309,144000,19.6,19.6,19.6,19.6,107,0
UNL,5,20210309,163500,19.51,19.51,19.51,19.51,45,0
UNL,5,20210310,090000,19.56,19.56,19.55,19.55,367,0
UNL,5,20210310,091500,19.98,20,19.98,20,420,0
UNL,5,20210310,095500,20,20,20,20,70,0
UNL,5,20210310,101000,19.57,19.57,19.57,19.57,1100,0
UNL,5,20210310,101500,19.572,19.572,19.57,19.57,130,0
UNL,5,20210310,102000,19.998,20,19.998,20,500,0
UNL,5,20210310,104500,19.99,20,19.99,20,240,0
UNL,5,20210310,120500,19.602,19.602,19.6,19.6,204,0
UNL,5,20210310,122500,19.6,19.6,19.6,19.6,449,0
UNL,5,20210310,123500,19.57,19.57,19.55,19.55,100,0
UNL,5,20210310,125000,19.55,19.55,19.55,19.55,204,0
UNL,5,20210310,125500,19.6,19.6,19.6,19.6,15,0
UNL,5,20210310,142000,19.4,19.4,19.35,19.35,200,0
UNL,5,20210310,142500,19.3,19.3,19.3,19.3,150,0
UNL,5,20210310,143000,19.3,19.3,19.3,19.3,850,0
UNL,5,20210310,143500,19.5,19.5,19.5,19.5,20,0
UNL,5,20210310,154000,19.698,19.698,19.698,19.698,15,0
UNL,5,20210310,160000,19.6,19.6,19.2,19.2,470,0
UNL,5,20210310,160500,19.1,19.1,19.1,19.1,15,0
UNL,5,20210311,090500,19.44,19.44,19.44,19.44,18,0
UNL,5,20210311,093000,19.02,19.02,19,19,100,0
UNL,5,20210311,104000,19,19,19,19,245,0
UNL,5,20210311,132500,19.348,19.348,19.348,19.348,5,0
UNL,5,20210311,134500,19.346,19.4,19.346,19.4,188,0
UNL,5,20210311,135000,19.402,19.478,19.4,19.4,162,0
UNL,5,20210311,140500,19.4,19.4,19.4,19.4,700,0
UNL,5,20210311,141000,19.4,19.4,19.4,19.4,72,0
UNL,5,20210311,151000,19.4,19.4,19.4,19.4,28,0
UNL,5,20210311,161000,19.4,19.75,19.4,19.75,73,0
UNL,5,20210312,110000,19.05,19.05,19.05,19.05,150,0
UNL,5,20210312,124000,19.58,19.696,19.58,19.696,182,0
UNL,5,20210312,124500,19.696,19.7,19.696,19.7,196,0
UNL,5,20210312,125000,19.65,19.65,19.65,19.65,100,0
UNL,5,20210312,125500,19.698,19.7,19.698,19.7,576,0
UNL,5,20210312,131500,19.7,19.7,19.7,19.7,129,0
UNL,5,20210312,132000,19.73,19.8,19.73,19.8,185,0
UNL,5,20210312,133000,19.8,19.8,19.8,19.8,167,0
UNL,5,20210312,141000,19.51,19.51,19.5,19.5,350,0
UNL,5,20210312,142500,19.6,19.798,19.6,19.798,151,0
UNL,5,20210312,143500,19.502,19.502,19.502,19.502,219,0
UNL,5,20210312,154000,19.522,19.522,19.522,19.522,54,0
UNL,5,20210312,154500,19.7,19.7,19.7,19.7,100,0
UNL,5,20210312,160500,19.78,19.9,19.78,19.9,199,0
UNL,5,20210312,161500,19.8,19.8,19.8,19.8,155,0
UNL,5,20210312,164000,19.8,19.998,19.8,19.998,189,0
UNL,5,20210312,164500,19.7,19.998,19.55,19.998,355,0
UNL,5,20210315,090000,20.5,20.5,20.5,20.5,1696,0
UNL,5,20210315,091000,20.2,20.2,20.2,20.2,114,0
UNL,5,20210315,092000,19.7,19.7,19.7,19.7,150,0
UNL,5,20210315,093000,20.1,20.1,20.1,20.1,20,0
UNL,5,20210315,111000,20,20,20,20,100,0
UNL,5,20210315,112000,20,20,20,20,50,0
UNL,5,20210315,115500,20,20,20,20,75,0
UNL,5,20210315,125000,20,20,20,20,88,0
UNL,5,20210315,131000,20.1,20.1,20.1,20.1,50,0
UNL,5,20210315,131500,20.1,20.1,20.1,20.1,150,0
UNL,5,20210315,162500,19.762,20.09,19.762,20.09,70,0
UNL,5,20210316,090500,20.09,20.4,20.09,20.4,856,0
UNL,5,20210316,091000,20.2,20.4,20.2,20.4,239,0
UNL,5,20210316,094000,20.24,20.4,20.24,20.4,289,0
UNL,5,20210316,101500,20.39,20.39,20.39,20.39,15,0
UNL,5,20210316,103500,20.35,20.35,20.35,20.35,50,0
UNL,5,20210316,104000,20.24,20.24,20,20,834,0
UNL,5,20210316,110500,20.33,20.34,20.33,20.34,150,0
UNL,5,20210316,114500,20.01,20.01,20,20,207,0
UNL,5,20210316,121000,20,20,20,20,116,0
UNL,5,20210316,121500,19.97,19.97,19.9,19.9,132,0
UNL,5,20210316,131000,20.2,20.4,20.2,20.4,1204,0
UNL,5,20210316,131500,20.4,20.4,20.4,20.4,349,0
UNL,5,20210316,133500,20.4,20.4,20.4,20.4,500,0
UNL,5,20210316,134000,20.4,20.4,20.4,20.4,100,0
UNL,5,20210316,140000,20.4,20.4,20.4,20.4,500,0
UNL,5,20210316,141500,20.3,20.3,20.3,20.3,150,0
UNL,5,20210316,142000,20.4,20.4,20.4,20.4,22,0
UNL,5,20210316,142500,20.3,20.3,20.05,20.05,253,0
UNL,5,20210316,144000,20.5,20.5,20.5,20.5,14,0
UNL,5,20210316,150500,20.5,20.6,20.5,20.6,181,0
UNL,5,20210316,160500,20.6,20.6,20.6,20.6,100,0
UNL,5,20210316,164500,20.28,20.28,20.25,20.25,300,0
UNL,5,20210317,090000,20.59,21,20.59,21,465,0
UNL,5,20210317,090500,20.99,20.995,20.99,20.995,150,0
UNL,5,20210317,100000,20.51,20.51,20.51,20.51,80,0
UNL,5,20210317,102000,20.35,20.35,20.225,20.225,891,0
UNL,5,20210317,110500,20.7,20.7,20.7,20.7,64,0
UNL,5,20210317,111000,20.5,20.5,20.5,20.5,150,0
UNL,5,20210317,112000,20.245,20.245,20.245,20.245,40,0
UNL,5,20210317,112500,20.3,20.3,20.3,20.3,150,0
UNL,5,20210317,120500,20.24,20.24,20.02,20.02,500,0
UNL,5,20210317,121000,20.02,20.02,20.02,20.02,225,0
UNL,5,20210317,125500,19.81,19.81,19.77,19.77,187,0
UNL,5,20210317,130500,19.898,19.898,19.898,19.898,25,0
UNL,5,20210317,131000,19.898,19.898,19.898,19.898,19,0
UNL,5,20210317,133500,19.82,19.82,19.82,19.82,100,0
UNL,5,20210317,134500,20.005,20.005,19.98,19.98,437,0
UNL,5,20210317,140500,19.8,19.8,19.8,19.8,150,0
UNL,5,20210317,153000,20.19,20.2,20.19,20.2,166,0
UNL,5,20210317,155000,19.8,19.8,19.8,19.8,425,0
UNL,5,20210317,160000,19.8,19.8,19.8,19.8,50,0
UNL,5,20210317,162000,19.8,19.8,19.8,19.8,70,0
UNL,5,20210318,091000,20.1,20.18,20.1,20.18,60,0
UNL,5,20210318,091500,20.48,20.48,20.48,20.48,42,0
UNL,5,20210318,093500,20.39,20.48,20.39,20.48,295,0
UNL,5,20210318,100500,20.5,20.5,20.5,20.5,77,0
UNL,5,20210318,101500,20.1,20.1,20,20,222,0
UNL,5,20210318,102000,20,20,20,20,100,0
UNL,5,20210318,110500,19.94,19.94,19,19,1015,0
UNL,5,20210318,111500,19.96,19.96,19.96,19.96,6,0
UNL,5,20210318,115000,19.94,20,19.94,20,500,0
UNL,5,20210318,115500,20,20.25,20,20.25,121,0
UNL,5,20210318,120500,20,20,20,20,100,0
UNL,5,20210318,124500,20,20,20,20,100,0
UNL,5,20210318,125500,20,20,20,20,100,0
UNL,5,20210318,131000,20,20,20,20,70,0
UNL,5,20210318,132000,20,20,20,20,3,0
UNL,5,20210318,132500,19.9,19.9,19.9,19.9,25,0
UNL,5,20210318,134500,19.7,19.7,19.55,19.55,80,0
UNL,5,20210318,151000,19.7,19.7,19.352,19.352,500,0
UNL,5,20210318,151500,19.4,19.4,19.102,19.102,400,0
UNL,5,20210318,162000,19.972,19.972,19.972,19.972,4,0
UNL,5,20210318,162500,19.342,19.342,19.232,19.232,300,0
UNL,5,20210318,164500,19.8,19.8,19.8,19.8,15,0
UNL,5,20210319,090000,19.8,19.8,19.8,19.8,56,0
UNL,5,20210319,092000,20.3,20.3,20.3,20.3,1,0
UNL,5,20210319,121500,19.92,19.92,19.81,19.81,200,0
UNL,5,20210319,122000,19.81,19.81,19.8,19.8,82,0
UNL,5,20210319,123500,19.8,19.8,19.3,19.3,500,0
UNL,5,20210319,125500,19.3,19.3,19.3,19.3,60,0
UNL,5,20210319,140000,20,20,20,20,25,0
UNL,5,20210319,140500,20.19,20.2,20.19,20.2,92,0
UNL,5,20210319,141000,20.2,20.26,20.2,20.2,428,0
UNL,5,20210319,141500,20.26,20.4,20.26,20.4,677,0
UNL,5,20210319,142000,20.44,20.5,20.4,20.5,620,0
UNL,5,20210319,142500,20.79,20.795,20.79,20.795,116,0
UNL,5,20210319,143000,20.505,20.505,20.5,20.5,220,0
UNL,5,20210319,145000,20.2,20.2,20.2,20.2,50,0
UNL,5,20210319,145500,20.2,20.2,20.2,20.2,110,0
UNL,5,20210319,150000,20.5,20.5,20.5,20.5,100,0
UNL,5,20210319,152500,20.2,20.2,20.2,20.2,100,0
UNL,5,20210319,161000,20.6,20.6,20.6,20.6,38,0
UNL,5,20210319,162000,20.62,20.62,20.62,20.62,10,0
UNL,5,20210319,162500,20.785,20.8,20.785,20.8,236,0
UNL,5,20210319,163500,20.75,20.75,20.65,20.65,291,0
UNL,5,20210319,164000,20.75,20.895,20.75,20.895,1000,0
UNL,5,20210319,164500,20.895,21,20.895,21,218,0
UNL,5,20210322,090000,20.98,21,20.98,21,346,0
UNL,5,20210322,090500,20.9,20.9,20.9,20.9,41,0
UNL,5,20210322,092000,20.6,20.6,20.505,20.505,160,0
UNL,5,20210322,092500,20.22,20.22,20.22,20.22,50,0
UNL,5,20210322,093500,20.6,20.6,20.6,20.6,100,0
UNL,5,20210322,104000,20.3,20.3,20.3,20.3,40,0
UNL,5,20210322,105000,20.25,20.25,20.2,20.2,442,0
UNL,5,20210322,105500,20.3,20.3,20.3,20.3,40,0
UNL,5,20210322,112500,20.3,20.3,20.3,20.3,10,0
UNL,5,20210322,115000,20.3,20.6,20.3,20.6,713,0
UNL,5,20210322,115500,20.6,20.6,20.6,20.6,61,0
UNL,5,20210322,120500,20.8,20.895,20.8,20.895,290,0
UNL,5,20210322,121000,20.9,20.9,20.9,20.9,160,0
UNL,5,20210322,121500,20.88,21,20.87,21,200,0
UNL,5,20210322,122500,21,21.48,21,21.48,500,0
UNL,5,20210322,123000,21.48,21.8,21.48,21.8,389,0
UNL,5,20210322,124500,21.75,22,21.75,22,500,0
UNL,5,20210322,125500,21.99,22.9,21.99,22.9,1000,0
UNL,5,20210322,130000,22.7,22.7,22.7,22.7,1,0
UNL,5,20210322,132500,22,22,22,22,70,0
UNL,5,20210322,133500,22.51,22.51,22.51,22.51,110,0
UNL,5,20210322,134500,22,22,21.315,21.315,171,0
UNL,5,20210322,135000,21.12,21.12,21.06,21.06,200,0
UNL,5,20210322,141000,21.16,22.3,21.105,22.2,540,0
UNL,5,20210322,144500,21.4,21.98,21.35,21.98,320,0
UNL,5,20210322,151000,21.35,21.88,21.155,21.88,420,0
UNL,5,20210322,160000,21.155,21.155,21.155,21.155,20,0
UNL,5,20210322,162000,21.785,21.8,21.76,21.8,200,0
UNL,5,20210322,164500,21.22,21.86,21.2,21.86,290,0
UNL,5,20210323,090000,21.82,21.82,21.82,21.82,10,0
UNL,5,20210323,094500,21.1,21.1,21.1,21.1,10,0
UNL,5,20210323,095000,21.1,21.1,21,21,365,0
UNL,5,20210323,095500,21,21,21,21,43,0
UNL,5,20210323,100000,20.62,20.62,20.62,20.62,15,0
UNL,5,20210323,100500,21.2,21.2,21.2,21.2,94,0
UNL,5,20210323,101000,21.2,21.2,21.2,21.2,6,0
UNL,5,20210323,101500,21,21,21,21,100,0
UNL,5,20210323,102000,21,21,21,21,150,0
UNL,5,20210323,102500,21,21,21,21,20,0
UNL,5,20210323,103500,21.34,21.495,21.34,21.495,253,0
UNL,5,20210323,104000,21.5,21.6,21.5,21.6,251,0
UNL,5,20210323,125000,21.475,21.5,21.475,21.5,152,0
UNL,5,20210323,125500,21.5,21.5,21.5,21.5,43,0
UNL,5,20210323,130000,21.55,21.75,21.55,21.75,184,0
UNL,5,20210323,130500,21.75,21.8,21.75,21.8,82,0
UNL,5,20210323,131000,21.8,21.8,21.8,21.8,116,0
UNL,5,20210323,131500,21.85,21.9,21.8,21.8,183,0
UNL,5,20210323,135500,21.9,22,21.9,22,396,0
UNL,5,20210323,141000,22.3,22.68,22.3,22.5,631,0
UNL,5,20210323,143500,22.44,22.44,22.44,22.44,30,0
UNL,5,20210323,164000,22.01,22.01,21.55,21.55,200,0
UNL,5,20210323,164500,22.4,22.4,21.23,22.4,310,0
UNL,5,20210324,090500,22.1,22.1,22.1,22.1,1200,0
UNL,5,20210324,094500,22.22,22.22,22.215,22.215,33,0
UNL,5,20210324,100500,21.8,21.8,21.71,21.71,30,0
UNL,5,20210324,102500,21.725,21.725,21.71,21.71,208,0
UNL,5,20210324,103500,21.555,21.555,21.55,21.55,128,0
UNL,5,20210324,104000,21.6,21.6,21.6,21.6,100,0
UNL,5,20210324,120000,21.6,21.6,21.6,21.6,95,0
UNL,5,20210324,131000,21.6,21.6,21.6,21.6,390,0
UNL,5,20210324,143000,21.41,21.41,21.23,21.23,432,0
UNL,5,20210324,153500,21.02,21.02,21.02,21.02,55,0
UNL,5,20210324,155500,21.155,21.155,21.15,21.15,240,0
UNL,5,20210324,164500,21.15,21.15,21.12,21.12,338,0
UNL,5,20210324,165500,21.5,21.5,21.5,21.5,1,0
UNL,5,20210325,090000,20.72,20.72,20.62,20.62,100,0
UNL,5,20210325,100000,20.98,21,20.98,21,176,0
UNL,5,20210325,100500,20.5,20.5,20.5,20.5,180,0
UNL,5,20210325,103500,20.85,20.85,20.85,20.85,64,0
UNL,5,20210325,105000,21.1,21.1,21.1,21.1,26,0
UNL,5,20210325,110000,20.85,20.85,20.85,20.85,10,0
UNL,5,20210325,113000,20.91,21.5,20.9,21.5,827,0
UNL,5,20210325,124000,21.115,21.115,21.115,21.115,42,0
UNL,5,20210325,125000,21.44,21.8,21.44,21.8,218,0
UNL,5,20210325,131500,21.8,21.8,21.8,21.8,30,0
UNL,5,20210325,134500,21.5,21.5,21.5,21.5,100,0
UNL,5,20210325,142000,21.5,21.885,21.5,21.885,150,0
UNL,5,20210325,143000,21.5,21.5,21.11,21.11,125,0
UNL,5,20210325,145000,21.21,21.21,21.21,21.21,51,0
UNL,5,20210325,145500,21.21,21.21,21.21,21.21,24,0
UNL,5,20210325,154000,21.8,21.8,21.8,21.8,30,0
UNL,5,20210326,090000,21.3,21.3,21.3,21.3,5,0
UNL,5,20210326,090500,21.3,21.3,21.3,21.3,30,0
UNL,5,20210326,094500,21.795,21.885,21.795,21.885,140,0
UNL,5,20210326,102000,21.3,21.3,21.3,21.3,75,0
UNL,5,20210326,114000,21.3,21.3,21.1,21.13,306,0
UNL,5,20210326,115000,21.13,21.13,21.13,21.13,200,0
UNL,5,20210326,121500,21.14,21.14,21.14,21.14,25,0
UNL,5,20210326,122000,21.13,21.13,21.1,21.1,360,0
UNL,5,20210326,125500,21.1,21.5,21.1,21.5,140,0
UNL,5,20210326,130000,21.58,21.66,21.58,21.66,215,0
UNL,5,20210326,131000,21.64,21.66,21.64,21.66,210,0
UNL,5,20210326,132000,21.59,21.59,21.59,21.59,50,0
UNL,5,20210326,143500,21,21,21,21,50,0
UNL,5,20210326,144000,21,21,21,21,25,0
UNL,5,20210326,145000,21,21,21,21,50,0
UNL,5,20210326,150000,21,21,21,21,100,0
UNL,5,20210326,151500,21,21,21,21,18,0
UNL,5,20210326,162500,20.89,20.89,20.655,20.655,1000,0
