<TICKER>,<PER>,<DATE>,<TIME>,<OPEN>,<HIGH>,<LOW>,<CLOSE>,<VOL>,<OPENINT>
UTD,5,20210204,091000,0.8,0.8,0.74,0.74,1900,0
UTD,5,20210204,095000,0.74,0.74,0.73,0.73,1050,0
UTD,5,20210204,095500,0.73,0.73,0.73,0.73,1266,0
UTD,5,20210204,100000,0.73,0.73,0.73,0.73,4684,0
UTD,5,20210204,100500,0.75,0.75,0.75,0.75,200,0
UTD,5,20210204,101000,0.76,0.8,0.76,0.8,2000,0
UTD,5,20210204,134500,0.74,0.74,0.74,0.74,500,0
UTD,5,20210204,152000,0.8,0.81,0.8,0.81,314,0
UTD,5,20210205,090000,0.785,0.785,0.785,0.785,1500,0
UTD,5,20210205,105500,0.75,0.75,0.75,0.75,500,0
UTD,5,20210205,111000,0.74,0.74,0.74,0.74,500,0
UTD,5,20210205,114000,0.735,0.735,0.735,0.735,500,0
UTD,5,20210205,115000,0.72,0.72,0.72,0.72,800,0
UTD,5,20210205,121000,0.735,0.74,0.735,0.74,1130,0
UTD,5,20210205,143500,0.76,0.76,0.76,0.76,2000,0
UTD,5,20210205,153500,0.76,0.77,0.76,0.77,1409,0
UTD,5,20210205,155000,0.74,0.74,0.74,0.74,870,0
UTD,5,20210205,161500,0.74,0.74,0.74,0.74,1000,0
UTD,5,20210205,163500,0.78,0.785,0.78,0.785,201,0
UTD,5,20210205,164500,0.73,0.73,0.73,0.73,1900,0
UTD,5,20210208,091000,0.71,0.71,0.65,0.65,10000,0
UTD,5,20210208,092500,0.68,0.68,0.68,0.68,1000,0
UTD,5,20210208,094000,0.71,0.72,0.71,0.72,220,0
UTD,5,20210208,094500,0.71,0.74,0.71,0.74,2292,0
UTD,5,20210208,101000,0.72,0.74,0.66,0.74,3005,0
UTD,5,20210208,113500,0.725,0.73,0.725,0.73,500,0
UTD,5,20210208,121500,0.68,0.68,0.68,0.68,500,0
UTD,5,20210208,132500,0.69,0.69,0.69,0.69,2000,0
UTD,5,20210208,135000,0.68,0.68,0.68,0.68,1400,0
UTD,5,20210208,135500,0.68,0.68,0.68,0.68,70,0
UTD,5,20210208,145500,0.68,0.68,0.68,0.68,30,0
UTD,5,20210208,152500,0.67,0.725,0.67,0.725,835,0
UTD,5,20210208,153000,0.725,0.725,0.725,0.725,1000,0
UTD,5,20210208,153500,0.67,0.67,0.67,0.67,100,0
UTD,5,20210208,155000,0.725,0.725,0.725,0.725,3000,0
UTD,5,20210209,090000,0.655,0.655,0.65,0.65,4196,0
UTD,5,20210209,090500,0.66,0.725,0.66,0.725,7267,0
UTD,5,20210209,091000,0.725,0.73,0.725,0.73,1500,0
UTD,5,20210209,092500,0.74,0.74,0.74,0.74,3000,0
UTD,5,20210209,094500,0.75,0.77,0.73,0.73,2050,0
UTD,5,20210209,102000,0.725,0.725,0.725,0.725,5039,0
UTD,5,20210209,111500,0.77,0.77,0.77,0.77,180,0
UTD,5,20210209,113000,0.76,0.76,0.76,0.76,50,0
UTD,5,20210209,114000,0.725,0.725,0.65,0.65,19671,0
UTD,5,20210209,114500,0.655,0.7,0.655,0.7,670,0
UTD,5,20210209,123000,0.68,0.68,0.61,0.65,17660,0
UTD,5,20210209,150000,0.695,0.695,0.695,0.695,100,0
UTD,5,20210209,151000,0.7,0.7,0.7,0.7,500,0
UTD,5,20210209,151500,0.7,0.7,0.7,0.7,1050,0
UTD,5,20210209,152500,0.7,0.7,0.7,0.7,450,0
UTD,5,20210210,090500,0.71,0.72,0.71,0.72,1000,0
UTD,5,20210210,100000,0.73,0.74,0.73,0.74,6000,0
UTD,5,20210210,114500,0.7,0.7,0.7,0.7,300,0
UTD,5,20210210,125000,0.7,0.7,0.7,0.7,1390,0
UTD,5,20210210,131000,0.7,0.7,0.7,0.7,2000,0
UTD,5,20210210,144500,0.7,0.7,0.7,0.7,2000,0
UTD,5,20210210,152000,0.74,0.74,0.74,0.74,14,0
UTD,5,20210210,153000,0.74,0.74,0.74,0.74,2000,0
UTD,5,20210210,153500,0.74,0.74,0.74,0.74,2000,0
UTD,5,20210210,154000,0.74,0.77,0.7,0.7,13036,0
UTD,5,20210210,154500,0.7,0.7,0.7,0.7,11000,0
UTD,5,20210210,155000,0.7,0.7,0.7,0.7,1,0
UTD,5,20210210,160000,0.695,0.695,0.695,0.695,5000,0
UTD,5,20210210,161500,0.695,0.695,0.685,0.685,1400,0
UTD,5,20210210,163500,0.71,0.71,0.71,0.71,50,0
UTD,5,20210211,090000,0.695,0.695,0.665,0.665,5050,0
UTD,5,20210211,091000,0.69,0.69,0.69,0.69,242,0
UTD,5,20210211,094500,0.69,0.7,0.69,0.7,1000,0
UTD,5,20210211,101500,0.675,0.675,0.675,0.675,2950,0
UTD,5,20210211,105000,0.67,0.67,0.67,0.67,341,0
UTD,5,20210211,105500,0.67,0.67,0.67,0.67,758,0
UTD,5,20210211,124500,0.695,0.7,0.695,0.7,2099,0
UTD,5,20210211,133500,0.7,0.7,0.7,0.7,951,0
UTD,5,20210211,134500,0.675,0.675,0.675,0.675,5099,0
UTD,5,20210211,135500,0.71,0.71,0.675,0.675,1337,0
UTD,5,20210211,140500,0.7,0.7,0.7,0.7,100,0
UTD,5,20210211,141000,0.7,0.71,0.7,0.71,2009,0
UTD,5,20210211,161500,0.71,0.72,0.71,0.72,1900,0
UTD,5,20210211,164500,0.71,0.74,0.69,0.69,6150,0
UTD,5,20210212,090000,0.695,0.695,0.695,0.695,400,0
UTD,5,20210212,101500,0.73,0.73,0.73,0.73,2000,0
UTD,5,20210212,102000,0.73,0.73,0.73,0.73,1000,0
UTD,5,20210212,120000,0.74,0.74,0.74,0.74,200,0
UTD,5,20210212,123000,0.73,0.73,0.73,0.73,1000,0
UTD,5,20210212,125000,0.73,0.73,0.73,0.73,470,0
UTD,5,20210212,125500,0.74,0.74,0.74,0.74,250,0
UTD,5,20210212,134000,0.74,0.74,0.74,0.74,2000,0
UTD,5,20210212,144500,0.75,0.75,0.75,0.75,1192,0
UTD,5,20210212,151000,0.72,0.72,0.7,0.7,9534,0
UTD,5,20210212,160000,0.69,0.69,0.69,0.69,4100,0
UTD,5,20210212,161000,0.69,0.69,0.69,0.69,2000,0
UTD,5,20210212,163000,0.7,0.7,0.7,0.7,200,0
UTD,5,20210212,164000,0.7,0.7,0.7,0.7,1000,0
UTD,5,20210212,164500,0.69,0.69,0.69,0.69,5600,0
UTD,5,20210215,090000,0.69,0.69,0.69,0.69,3900,0
UTD,5,20210215,093000,0.735,0.74,0.735,0.74,250,0
UTD,5,20210215,095500,0.69,0.695,0.69,0.695,5050,0
UTD,5,20210215,104000,0.7,0.7,0.7,0.7,5000,0
UTD,5,20210215,131500,0.685,0.685,0.685,0.685,4000,0
UTD,5,20210215,133500,0.685,0.685,0.685,0.685,1000,0
UTD,5,20210215,143500,0.72,0.72,0.72,0.72,1000,0
UTD,5,20210215,144000,0.725,0.725,0.725,0.725,1830,0
UTD,5,20210215,151000,0.69,0.69,0.69,0.69,1450,0
UTD,5,20210215,164500,0.69,0.69,0.69,0.69,2000,0
UTD,5,20210216,094000,0.7,0.7,0.7,0.7,100,0
UTD,5,20210216,095000,0.695,0.695,0.695,0.695,1000,0
UTD,5,20210216,123500,0.675,0.675,0.675,0.675,2000,0
UTD,5,20210216,124500,0.665,0.665,0.665,0.665,2500,0
UTD,5,20210216,125000,0.66,0.66,0.63,0.63,14470,0
UTD,5,20210216,135000,0.66,0.66,0.66,0.66,2000,0
UTD,5,20210216,162500,0.68,0.68,0.68,0.68,20,0
UTD,5,20210217,091500,0.665,0.665,0.665,0.665,6000,0
UTD,5,20210217,095500,0.665,0.665,0.665,0.665,1250,0
UTD,5,20210217,100000,0.665,0.665,0.665,0.665,750,0
UTD,5,20210217,104500,0.675,0.68,0.675,0.68,1000,0
UTD,5,20210217,122500,0.645,0.645,0.64,0.64,1250,0
UTD,5,20210217,135500,0.66,0.66,0.66,0.66,500,0
UTD,5,20210217,154500,0.66,0.66,0.66,0.66,6000,0
UTD,5,20210217,160000,0.665,0.665,0.665,0.665,2200,0
UTD,5,20210217,163000,0.67,0.68,0.67,0.68,1500,0
UTD,5,20210218,090500,0.68,0.68,0.68,0.68,15,0
UTD,5,20210218,091500,0.64,0.64,0.64,0.64,1500,0
UTD,5,20210218,092000,0.68,0.68,0.68,0.68,18,0
UTD,5,20210218,093000,0.64,0.64,0.64,0.64,1200,0
UTD,5,20210218,104000,0.68,0.68,0.68,0.68,85,0
UTD,5,20210218,113000,0.64,0.64,0.64,0.64,199,0
UTD,5,20210218,114000,0.68,0.68,0.68,0.68,10,0
UTD,5,20210218,115000,0.64,0.64,0.64,0.64,500,0
UTD,5,20210218,141500,0.64,0.64,0.64,0.64,200,0
UTD,5,20210218,154000,0.65,0.65,0.65,0.65,300,0
UTD,5,20210218,163000,0.65,0.65,0.65,0.65,2043,0
UTD,5,20210218,164500,0.65,0.68,0.65,0.68,161,0
UTD,5,20210219,091500,0.68,0.68,0.68,0.68,20,0
UTD,5,20210219,132000,0.65,0.65,0.65,0.65,600,0
UTD,5,20210219,140000,0.675,0.68,0.675,0.68,4000,0
UTD,5,20210219,145000,0.66,0.705,0.66,0.66,470,0
UTD,5,20210219,164500,0.7,0.7,0.7,0.7,50,0
UTD,5,20210222,091000,0.69,0.69,0.69,0.69,20,0
UTD,5,20210222,092500,0.685,0.69,0.685,0.69,1460,0
UTD,5,20210223,090000,0.69,0.69,0.69,0.69,1500,0
UTD,5,20210223,091000,0.66,0.66,0.64,0.64,950,0
UTD,5,20210223,091500,0.64,0.64,0.64,0.64,2050,0
UTD,5,20210223,114000,0.68,0.68,0.68,0.68,500,0
UTD,5,20210223,131000,0.69,0.69,0.69,0.69,40,0
UTD,5,20210223,132000,0.68,0.68,0.68,0.68,500,0
UTD,5,20210223,143500,0.64,0.64,0.64,0.64,1451,0
UTD,5,20210223,162500,0.64,0.68,0.64,0.68,980,0
UTD,5,20210224,090000,0.68,0.68,0.68,0.68,20,0
UTD,5,20210224,104000,0.675,0.68,0.675,0.68,2600,0
UTD,5,20210224,120000,0.68,0.68,0.68,0.68,1000,0
UTD,5,20210224,165500,0.66,0.66,0.66,0.66,2300,0
UTD,5,20210225,090000,0.66,0.685,0.66,0.685,10620,0
UTD,5,20210225,090500,0.645,0.645,0.645,0.645,3500,0
UTD,5,20210225,092000,0.64,0.64,0.64,0.64,2000,0
UTD,5,20210225,093500,0.64,0.685,0.635,0.685,1764,0
UTD,5,20210225,113000,0.67,0.67,0.63,0.63,15730,0
UTD,5,20210225,114500,0.63,0.63,0.63,0.63,6537,0
UTD,5,20210225,115000,0.63,0.63,0.63,0.63,1700,0
UTD,5,20210225,115500,0.63,0.63,0.63,0.63,1000,0
UTD,5,20210225,121000,0.63,0.63,0.63,0.63,763,0
UTD,5,20210225,131500,0.64,0.64,0.64,0.64,7270,0
UTD,5,20210225,164500,0.66,0.66,0.66,0.66,50,0
UTD,5,20210226,090000,0.63,0.63,0.63,0.63,2300,0
UTD,5,20210226,090500,0.63,0.63,0.63,0.63,700,0
UTD,5,20210226,111000,0.62,0.655,0.62,0.655,1005,0
UTD,5,20210226,111500,0.62,0.62,0.62,0.62,265,0
UTD,5,20210226,113000,0.655,0.655,0.655,0.655,10,0
UTD,5,20210301,090000,0.645,0.65,0.645,0.65,2000,0
UTD,5,20210301,094500,0.63,0.63,0.6,0.6,6700,0
UTD,5,20210301,112500,0.63,0.63,0.63,0.63,70,0
UTD,5,20210301,121000,0.61,0.61,0.6,0.6,2481,0
UTD,5,20210301,122500,0.63,0.63,0.63,0.63,290,0
UTD,5,20210301,124000,0.6,0.6,0.6,0.6,2750,0
UTD,5,20210301,124500,0.625,0.63,0.625,0.63,3500,0
UTD,5,20210301,132000,0.6,0.6,0.6,0.6,4000,0
UTD,5,20210301,142000,0.605,0.605,0.605,0.605,2976,0
UTD,5,20210301,152500,0.625,0.625,0.625,0.625,2000,0
UTD,5,20210301,164500,0.625,0.65,0.625,0.65,701,0
UTD,5,20210302,090500,0.645,0.645,0.645,0.645,2020,0
UTD,5,20210302,091000,0.645,0.645,0.645,0.645,130,0
UTD,5,20210302,091500,0.645,0.65,0.645,0.65,870,0
UTD,5,20210302,111500,0.65,0.65,0.65,0.65,10000,0
UTD,5,20210302,113000,0.67,0.675,0.67,0.675,2000,0
UTD,5,20210302,113500,0.65,0.68,0.65,0.68,5039,0
UTD,5,20210302,114000,0.68,0.68,0.68,0.68,910,0
UTD,5,20210302,122500,0.675,0.675,0.675,0.675,715,0
UTD,5,20210302,123000,0.675,0.68,0.675,0.68,23435,0
UTD,5,20210302,123500,0.685,0.685,0.68,0.685,3670,0
UTD,5,20210302,124000,0.7,0.7,0.65,0.69,11950,0
UTD,5,20210302,130000,0.65,0.65,0.65,0.65,94,0
UTD,5,20210302,130500,0.685,0.695,0.685,0.695,4500,0
UTD,5,20210302,140500,0.65,0.65,0.65,0.65,406,0
UTD,5,20210302,142500,0.67,0.67,0.67,0.67,200,0
UTD,5,20210302,144000,0.675,0.675,0.675,0.675,2000,0
UTD,5,20210302,150000,0.695,0.7,0.695,0.7,2675,0
UTD,5,20210302,152000,0.69,0.69,0.69,0.69,2000,0
UTD,5,20210302,155000,0.69,0.69,0.69,0.69,4000,0
UTD,5,20210302,164500,0.665,0.665,0.665,0.665,16225,0
UTD,5,20210303,090000,0.68,0.68,0.68,0.68,8000,0
UTD,5,20210303,102500,0.68,0.68,0.68,0.68,3000,0
UTD,5,20210303,104500,0.68,0.68,0.68,0.68,2025,0
UTD,5,20210303,110500,0.68,0.68,0.68,0.68,715,0
UTD,5,20210303,121000,0.68,0.68,0.67,0.67,707,0
UTD,5,20210303,121500,0.66,0.66,0.66,0.66,500,0
UTD,5,20210303,144000,0.65,0.65,0.63,0.63,8450,0
UTD,5,20210303,164500,0.66,0.67,0.66,0.67,233,0
UTD,5,20210304,090000,0.67,0.78,0.67,0.78,18735,0
UTD,5,20210304,090500,0.77,0.77,0.765,0.77,7580,0
UTD,5,20210304,091000,0.775,0.775,0.67,0.74,6574,0
UTD,5,20210304,091500,0.74,0.75,0.69,0.69,3083,0
UTD,5,20210304,093000,0.7,0.73,0.69,0.69,5900,0
UTD,5,20210304,094500,0.68,0.68,0.68,0.68,344,0
UTD,5,20210304,101000,0.69,0.69,0.69,0.69,8949,0
UTD,5,20210304,101500,0.69,0.72,0.68,0.72,4700,0
UTD,5,20210304,104500,0.73,0.73,0.73,0.73,2000,0
UTD,5,20210304,121500,0.69,0.69,0.69,0.69,500,0
UTD,5,20210304,130000,0.725,0.725,0.725,0.725,4005,0
UTD,5,20210304,142500,0.695,0.695,0.695,0.695,33,0
UTD,5,20210304,162000,0.73,0.73,0.73,0.73,4592,0
UTD,5,20210304,163000,0.73,0.73,0.73,0.73,1137,0
UTD,5,20210305,090000,0.74,0.74,0.74,0.74,200,0
UTD,5,20210305,092500,0.7,0.7,0.68,0.68,4500,0
UTD,5,20210305,100000,0.71,0.71,0.71,0.71,50,0
UTD,5,20210305,100500,0.71,0.74,0.71,0.74,85650,0
UTD,5,20210305,101500,0.74,0.74,0.74,0.74,3200,0
UTD,5,20210305,102500,0.74,0.74,0.74,0.74,236,0
UTD,5,20210305,105500,0.75,0.75,0.75,0.75,185,0
UTD,5,20210305,111000,0.77,0.77,0.77,0.77,32,0
UTD,5,20210305,111500,0.77,0.77,0.77,0.77,815,0
UTD,5,20210305,112000,0.77,0.77,0.77,0.77,500,0
UTD,5,20210305,131500,0.76,0.8,0.76,0.8,122375,0
UTD,5,20210305,132000,0.82,0.84,0.8,0.84,26404,0
UTD,5,20210305,132500,0.84,0.84,0.84,0.84,3035,0
UTD,5,20210305,133000,0.84,0.85,0.84,0.85,1898,0
UTD,5,20210305,133500,0.85,0.86,0.85,0.86,9247,0
UTD,5,20210305,134000,0.87,0.87,0.87,0.87,57,0
UTD,5,20210305,134500,0.85,0.87,0.85,0.87,1150,0
UTD,5,20210305,135000,0.87,0.88,0.87,0.88,42401,0
UTD,5,20210305,141000,0.91,0.91,0.91,0.91,6511,0
UTD,5,20210305,141500,0.91,0.91,0.88,0.88,470,0
UTD,5,20210305,142000,0.88,0.88,0.83,0.83,5361,0
UTD,5,20210305,142500,0.905,0.905,0.905,0.905,1,0
UTD,5,20210305,145000,0.82,0.82,0.81,0.81,5001,0
UTD,5,20210305,145500,0.82,0.82,0.81,0.815,7000,0
UTD,5,20210305,150000,0.88,0.88,0.88,0.88,4271,0
UTD,5,20210305,150500,0.89,0.89,0.89,0.89,1410,0
UTD,5,20210305,151000,0.835,0.835,0.835,0.835,2000,0
UTD,5,20210305,152500,0.84,0.84,0.835,0.835,1656,0
UTD,5,20210305,153000,0.89,0.91,0.83,0.83,18473,0
UTD,5,20210305,153500,0.84,0.91,0.84,0.91,1143,0
UTD,5,20210305,154000,0.91,0.93,0.91,0.93,7224,0
UTD,5,20210305,154500,0.93,0.93,0.855,0.855,1242,0
UTD,5,20210305,155000,0.93,0.93,0.93,0.93,2375,0
UTD,5,20210305,155500,0.945,0.945,0.945,0.945,2630,0
UTD,5,20210305,160000,0.89,0.89,0.89,0.89,1000,0
UTD,5,20210305,161500,0.94,0.94,0.94,0.94,1200,0
UTD,5,20210305,162000,0.93,0.93,0.93,0.93,50,0
UTD,5,20210308,090000,0.93,1.05,0.93,1,132945,0
UTD,5,20210308,090500,0.93,0.93,0.88,0.93,53031,0
UTD,5,20210308,091500,0.91,0.91,0.87,0.87,32740,0
UTD,5,20210308,092000,0.92,0.96,0.92,0.96,16595,0
UTD,5,20210308,093000,0.96,0.96,0.96,0.96,5248,0
UTD,5,20210308,093500,0.97,0.97,0.97,0.97,3942,0
UTD,5,20210308,094000,0.955,0.96,0.955,0.96,14286,0
UTD,5,20210308,094500,0.93,0.93,0.93,0.93,4820,0
UTD,5,20210308,095000,0.93,0.96,0.93,0.96,13599,0
UTD,5,20210308,095500,0.96,0.96,0.96,0.96,830,0
UTD,5,20210308,100000,0.915,0.915,0.905,0.905,3000,0
UTD,5,20210308,101500,0.94,0.955,0.93,0.93,21575,0
UTD,5,20210308,102500,0.93,0.94,0.93,0.93,3850,0
UTD,5,20210308,104000,0.92,0.92,0.91,0.91,5000,0
UTD,5,20210308,105500,0.92,0.92,0.905,0.905,7000,0
UTD,5,20210308,110500,0.905,0.905,0.905,0.905,1000,0
UTD,5,20210308,112000,0.905,0.905,0.905,0.905,5000,0
UTD,5,20210308,113000,0.905,0.905,0.9,0.9,3770,0
UTD,5,20210308,113500,0.9,0.9,0.895,0.895,1800,0
UTD,5,20210308,120500,0.91,0.91,0.91,0.91,1000,0
UTD,5,20210308,121500,0.93,0.93,0.93,0.93,200,0
UTD,5,20210308,124000,0.935,0.935,0.935,0.935,5000,0
UTD,5,20210308,124500,0.94,0.94,0.93,0.94,29321,0
UTD,5,20210308,125000,0.95,0.955,0.95,0.955,1188,0
UTD,5,20210308,125500,0.95,0.95,0.95,0.95,1050,0
UTD,5,20210308,130000,0.95,0.97,0.95,0.97,2570,0
UTD,5,20210308,131000,0.95,0.95,0.95,0.95,6870,0
UTD,5,20210308,131500,0.96,0.975,0.96,0.975,19886,0
UTD,5,20210308,132000,0.98,0.98,0.98,0.98,1730,0
UTD,5,20210308,133000,0.98,1.04,0.98,1.04,26071,0
UTD,5,20210308,135500,0.975,1.04,0.975,1.04,1600,0
UTD,5,20210308,140500,1.03,1.05,1.03,1.04,8036,0
UTD,5,20210308,141000,1.04,1.04,1.04,1.04,60,0
UTD,5,20210308,143000,0.98,0.98,0.98,0.98,590,0
UTD,5,20210308,143500,1.02,1.05,1.02,1.05,16000,0
UTD,5,20210308,150500,1.04,1.04,1.04,1.04,1000,0
UTD,5,20210308,151000,1.01,1.01,1.01,1.01,300,0
UTD,5,20210308,151500,1.04,1.04,1.04,1.04,16000,0
UTD,5,20210308,152000,1.05,1.06,1.05,1.06,3000,0
UTD,5,20210308,154000,1.03,1.03,1.03,1.03,5000,0
UTD,5,20210308,155000,1.03,1.03,1.03,1.03,1380,0
UTD,5,20210308,160000,1.06,1.06,1.06,1.06,135,0
UTD,5,20210308,160500,1.05,1.05,1.05,1.05,2000,0
UTD,5,20210308,161000,1.05,1.08,1.05,1.08,30281,0
UTD,5,20210308,161500,1.08,1.08,1.08,1.08,1000,0
UTD,5,20210308,162500,1.05,1.07,1.05,1.07,4100,0
UTD,5,20210308,163000,1.08,1.11,1.08,1.11,57699,0
UTD,5,20210308,164500,1.1,1.1,1.1,1.1,22500,0
UTD,5,20210309,090000,1.13,1.15,1.13,1.13,65131,0
UTD,5,20210309,090500,1.13,1.13,1.05,1.05,18359,0
UTD,5,20210309,091000,1.1,1.1,1.1,1.1,1270,0
UTD,5,20210309,092000,1.11,1.11,1.11,1.11,1500,0
UTD,5,20210309,092500,1.11,1.13,1.11,1.13,11279,0
UTD,5,20210309,093000,1.12,1.13,1.12,1.13,1102,0
UTD,5,20210309,093500,1.13,1.15,1.09,1.09,2971,0
UTD,5,20210309,094000,1.1,1.1,1.1,1.1,5000,0
UTD,5,20210309,094500,1.12,1.14,1.12,1.14,5080,0
UTD,5,20210309,095000,1.14,1.14,1.14,1.14,24,0
UTD,5,20210309,100500,1.1,1.1,1.1,1.1,10500,0
UTD,5,20210309,101000,1.09,1.09,1.08,1.08,7365,0
UTD,5,20210309,103500,1.07,1.07,1.06,1.06,6822,0
UTD,5,20210309,104000,1.05,1.05,1.05,1.05,400,0
UTD,5,20210309,105000,1.04,1.04,1.04,1.04,500,0
UTD,5,20210309,110000,1.04,1.04,1.04,1.04,2000,0
UTD,5,20210309,111500,1.03,1.03,1,1,7200,0
UTD,5,20210309,112000,1,1.05,1,1.05,1010,0
UTD,5,20210309,112500,1.01,1.01,1,1,2000,0
UTD,5,20210309,113000,1.05,1.05,1.05,1.05,10,0
UTD,5,20210309,114000,1.05,1.05,1.05,1.05,1349,0
UTD,5,20210309,115500,1.02,1.02,1.02,1.02,200,0
UTD,5,20210309,120000,1.06,1.06,1.06,1.06,10,0
UTD,5,20210309,120500,1.06,1.11,1.06,1.11,7654,0
UTD,5,20210309,121000,1.12,1.15,1.11,1.13,20153,0
UTD,5,20210309,122000,1.11,1.13,1.11,1.13,1501,0
UTD,5,20210309,123000,1.11,1.13,1.05,1.05,11581,0
UTD,5,20210309,130500,1.1,1.1,1.1,1.1,9,0
UTD,5,20210309,134000,1.1,1.12,1.1,1.12,5191,0
UTD,5,20210309,134500,1.12,1.12,1.12,1.12,300,0
UTD,5,20210309,140000,1.12,1.14,1.12,1.14,14488,0
UTD,5,20210309,140500,1.14,1.14,1.14,1.14,400,0
UTD,5,20210309,160500,1.06,1.06,1.04,1.04,12688,0
UTD,5,20210309,162000,1.04,1.04,1.04,1.04,2451,0
UTD,5,20210309,162500,1.03,1.03,1.03,1.03,1000,0
UTD,5,20210309,163000,1.02,1.02,1,1,6254,0
UTD,5,20210309,163500,1,1,1,1,1246,0
UTD,5,20210309,164000,1.03,1.03,0.985,0.985,8089,0
UTD,5,20210309,164500,1.03,1.03,1.03,1.03,800,0
UTD,5,20210309,165500,1.04,1.04,1.04,1.04,890,0
UTD,5,20210310,090000,1.07,1.07,1.05,1.05,2108,0
UTD,5,20210310,090500,1.05,1.07,1.05,1.07,2618,0
UTD,5,20210310,091000,1.08,1.1,1.08,1.1,9980,0
UTD,5,20210310,091500,1.1,1.1,1.05,1.05,10910,0
UTD,5,20210310,092000,1.01,1.05,1.01,1.05,4560,0
UTD,5,20210310,093500,1.04,1.04,1.04,1.04,2036,0
UTD,5,20210310,094000,1.04,1.04,1.02,1.02,11631,0
UTD,5,20210310,094500,1.03,1.03,1.03,1.03,330,0
UTD,5,20210310,102000,1.04,1.04,1.04,1.04,2000,0
UTD,5,20210310,102500,1.03,1.03,1.03,1.03,3188,0
UTD,5,20210310,110500,1.03,1.03,1.02,1.02,10757,0
UTD,5,20210310,111000,1.01,1.01,0.99,0.99,7236,0
UTD,5,20210310,112500,1.02,1.04,1.02,1.04,380,0
UTD,5,20210310,113000,1.04,1.04,1.04,1.04,1000,0
UTD,5,20210310,114000,1.01,1.01,1.01,1.01,1000,0
UTD,5,20210310,115500,1.01,1.01,1.01,1.01,100,0
UTD,5,20210310,123500,1.01,1.01,1.01,1.01,112,0
UTD,5,20210310,125500,1.01,1.08,1.01,1.08,5208,0
UTD,5,20210310,132000,1.01,1.01,1.01,1.01,1000,0
UTD,5,20210310,151000,1.01,1.01,1.01,1.01,2000,0
UTD,5,20210310,161500,1.04,1.05,1.04,1.05,2500,0
UTD,5,20210310,162000,1.05,1.05,1.05,1.05,256,0
UTD,5,20210311,090500,1.01,1.01,0.98,0.98,29000,0
UTD,5,20210311,091000,1,1,1,1,1000,0
UTD,5,20210311,092500,1.03,1.03,1.03,1.03,10,0
UTD,5,20210311,094000,1.02,1.02,1.02,1.02,1000,0
UTD,5,20210311,100000,1.01,1.02,1.01,1.02,550,0
UTD,5,20210311,103500,1,1,1,1,85,0
UTD,5,20210311,104000,1,1,0.995,0.995,5005,0
UTD,5,20210311,105000,0.99,0.99,0.98,0.98,6494,0
UTD,5,20210311,105500,0.99,0.99,0.99,0.99,1006,0
UTD,5,20210311,111500,0.99,0.99,0.99,0.99,500,0
UTD,5,20210311,112000,0.98,0.98,0.98,0.98,2395,0
UTD,5,20210311,112500,0.95,0.95,0.93,0.93,10400,0
UTD,5,20210311,113500,0.965,0.965,0.965,0.965,900,0
UTD,5,20210311,115500,0.94,0.94,0.93,0.93,17798,0
UTD,5,20210311,120500,0.935,0.935,0.935,0.935,500,0
UTD,5,20210311,122500,0.97,0.97,0.97,0.97,20,0
UTD,5,20210311,130000,0.935,0.935,0.93,0.93,10450,0
UTD,5,20210311,130500,0.93,0.93,0.93,0.93,927,0
UTD,5,20210311,132500,0.96,0.96,0.96,0.96,1100,0
UTD,5,20210311,133000,0.96,0.96,0.96,0.96,200,0
UTD,5,20210311,140000,0.975,0.98,0.975,0.98,5045,0
UTD,5,20210311,140500,0.98,0.98,0.98,0.98,1750,0
UTD,5,20210311,142500,0.95,0.95,0.95,0.95,500,0
UTD,5,20210311,143000,0.95,0.98,0.95,0.98,505,0
UTD,5,20210311,145000,0.98,0.98,0.98,0.98,1950,0
UTD,5,20210311,145500,0.995,1.02,0.995,1.02,9090,0
UTD,5,20210311,152500,1.02,1.02,1.02,1.02,7000,0
UTD,5,20210311,153000,1.02,1.03,1.02,1.02,5801,0
UTD,5,20210311,154500,1.02,1.02,1.02,1.02,5626,0
UTD,5,20210311,155000,1.02,1.02,1.02,1.02,9353,0
UTD,5,20210311,155500,1.02,1.03,1.02,1.03,2500,0
UTD,5,20210311,160500,1.03,1.03,1.03,1.03,2000,0
UTD,5,20210311,161000,1.03,1.04,1.03,1.04,23741,0
UTD,5,20210311,161500,1.04,1.04,1.04,1.04,200,0
UTD,5,20210311,163000,1.03,1.03,1.02,1.02,2045,0
UTD,5,20210311,163500,1.02,1.04,1.02,1.04,928,0
UTD,5,20210311,164500,1.03,1.03,1.03,1.03,9000,0
UTD,5,20210312,090000,1.04,1.04,1.03,1.03,6928,0
UTD,5,20210312,090500,1.03,1.03,1.03,1.03,1000,0
UTD,5,20210312,091000,1.03,1.03,1.03,1.03,250,0
UTD,5,20210312,093000,1.01,1.01,1,1,500,0
UTD,5,20210312,100000,1,1,1,1,200,0
UTD,5,20210312,101000,0.98,0.98,0.98,0.98,990,0
UTD,5,20210312,105500,0.98,1,0.96,1,31892,0
UTD,5,20210312,120000,1,1,1,1,1097,0
UTD,5,20210312,121000,1,1,1,1,666,0
UTD,5,20210312,125500,0.965,0.965,0.965,0.965,300,0
UTD,5,20210312,134000,0.965,0.99,0.96,0.99,2500,0
UTD,5,20210312,135000,1,1,1,1,86,0
UTD,5,20210312,140000,1,1,1,1,1500,0
UTD,5,20210312,163000,0.975,0.975,0.975,0.975,400,0
UTD,5,20210312,164500,0.99,0.99,0.99,0.99,100,0
UTD,5,20210315,090000,0.93,0.93,0.9,0.91,21890,0
UTD,5,20210315,090500,0.9,0.9,0.88,0.88,6156,0
UTD,5,20210315,091000,0.915,0.915,0.915,0.915,3000,0
UTD,5,20210315,091500,0.915,0.915,0.915,0.915,3350,0
UTD,5,20210315,092500,0.92,0.95,0.9,0.95,11193,0
UTD,5,20210315,095500,0.945,0.95,0.945,0.95,1500,0
UTD,5,20210315,104000,0.95,0.95,0.95,0.95,1489,0
UTD,5,20210315,105500,0.92,0.92,0.89,0.89,12000,0
UTD,5,20210315,110000,0.89,0.96,0.85,0.86,28020,0
UTD,5,20210315,112000,0.89,0.89,0.89,0.89,8400,0
UTD,5,20210315,114000,0.9,0.9,0.9,0.9,58,0
UTD,5,20210315,114500,0.89,0.89,0.89,0.89,3000,0
UTD,5,20210315,122000,0.89,0.89,0.89,0.89,100,0
UTD,5,20210315,123500,0.89,0.89,0.875,0.875,5766,0
UTD,5,20210315,124000,0.87,0.87,0.87,0.87,2000,0
UTD,5,20210315,125000,0.865,0.865,0.85,0.85,20000,0
UTD,5,20210315,125500,0.85,0.85,0.84,0.84,2000,0
UTD,5,20210315,130000,0.845,0.845,0.845,0.845,6500,0
UTD,5,20210315,130500,0.85,0.85,0.85,0.85,5000,0
UTD,5,20210315,131000,0.85,0.85,0.815,0.84,14634,0
UTD,5,20210315,131500,0.895,0.895,0.895,0.895,500,0
UTD,5,20210315,134500,0.835,0.835,0.835,0.835,4500,0
UTD,5,20210315,135500,0.835,0.89,0.835,0.89,6002,0
UTD,5,20210315,141000,0.89,0.89,0.89,0.89,800,0
UTD,5,20210315,143500,0.87,0.87,0.87,0.87,2000,0
UTD,5,20210315,144500,0.85,0.85,0.85,0.85,4665,0
UTD,5,20210315,160000,0.89,0.895,0.89,0.895,2500,0
UTD,5,20210315,164500,0.895,0.895,0.895,0.895,300,0
UTD,5,20210316,090000,0.92,0.92,0.92,0.92,1,0
UTD,5,20210316,090500,0.92,0.94,0.88,0.92,13619,0
UTD,5,20210316,091000,0.92,0.94,0.92,0.94,5735,0
UTD,5,20210316,091500,0.935,0.945,0.935,0.945,19177,0
UTD,5,20210316,092000,0.95,0.95,0.945,0.95,4182,0
UTD,5,20210316,092500,0.95,0.95,0.95,0.95,11000,0
UTD,5,20210316,093500,0.91,0.96,0.91,0.96,178,0
UTD,5,20210316,095500,0.91,0.945,0.91,0.945,9322,0
UTD,5,20210316,100000,0.93,0.96,0.93,0.96,8370,0
UTD,5,20210316,100500,0.96,0.96,0.96,0.96,1000,0
UTD,5,20210316,110500,0.94,0.94,0.94,0.94,100,0
UTD,5,20210316,114000,0.895,0.895,0.89,0.89,1400,0
UTD,5,20210316,120500,0.89,0.89,0.89,0.89,6500,0
UTD,5,20210316,122000,0.89,0.89,0.89,0.89,2400,0
UTD,5,20210316,125000,0.885,0.91,0.885,0.91,3551,0
UTD,5,20210316,131500,0.91,0.91,0.91,0.91,550,0
UTD,5,20210316,134000,0.885,0.885,0.88,0.88,3449,0
UTD,5,20210316,142500,0.88,0.88,0.88,0.88,1000,0
UTD,5,20210316,143500,0.86,0.86,0.85,0.85,13914,0
UTD,5,20210316,144500,0.84,0.84,0.835,0.835,6566,0
UTD,5,20210316,151000,0.84,0.84,0.84,0.84,2000,0
UTD,5,20210316,151500,0.84,0.84,0.84,0.84,463,0
UTD,5,20210316,153000,0.84,0.84,0.84,0.84,2992,0
UTD,5,20210316,154000,0.84,0.84,0.84,0.84,1309,0
UTD,5,20210316,154500,0.84,0.865,0.84,0.865,5236,0
UTD,5,20210317,090000,0.87,0.87,0.87,0.87,520,0
UTD,5,20210317,100500,0.86,0.86,0.86,0.86,2000,0
UTD,5,20210317,101000,0.84,0.84,0.84,0.84,1380,0
UTD,5,20210317,104000,0.825,0.825,0.825,0.825,3670,0
UTD,5,20210317,104500,0.825,0.825,0.825,0.825,500,0
UTD,5,20210317,112000,0.825,0.825,0.825,0.825,4830,0
UTD,5,20210317,112500,0.82,0.85,0.82,0.85,3277,0
UTD,5,20210317,120500,0.84,0.84,0.84,0.84,3003,0
UTD,5,20210317,121000,0.83,0.83,0.83,0.83,597,0
UTD,5,20210317,123500,0.83,0.83,0.825,0.825,6250,0
UTD,5,20210317,124000,0.825,0.825,0.825,0.825,4107,0
UTD,5,20210317,124500,0.83,0.84,0.83,0.84,750,0
UTD,5,20210317,133500,0.825,0.825,0.825,0.825,2600,0
UTD,5,20210317,134000,0.82,0.82,0.82,0.82,400,0
UTD,5,20210317,135500,0.82,0.82,0.82,0.82,1500,0
UTD,5,20210317,140000,0.82,0.82,0.82,0.82,2993,0
UTD,5,20210317,142000,0.825,0.825,0.825,0.825,2200,0
UTD,5,20210317,142500,0.81,0.81,0.81,0.81,5000,0
UTD,5,20210317,143500,0.8,0.8,0.8,0.8,2246,0
UTD,5,20210317,145500,0.8,0.83,0.785,0.83,4040,0
UTD,5,20210317,151500,0.79,0.79,0.76,0.76,17900,0
UTD,5,20210317,152000,0.77,0.77,0.76,0.76,1988,0
UTD,5,20210317,154000,0.77,0.77,0.76,0.76,10000,0
UTD,5,20210317,155000,0.77,0.77,0.77,0.77,14000,0
UTD,5,20210317,161000,0.79,0.79,0.79,0.79,1000,0
UTD,5,20210317,161500,0.77,0.77,0.77,0.77,2863,0
UTD,5,20210317,162000,0.77,0.77,0.77,0.77,737,0
UTD,5,20210317,162500,0.785,0.785,0.785,0.785,200,0
UTD,5,20210317,163000,0.785,0.81,0.785,0.81,2100,0
UTD,5,20210317,165500,0.81,0.81,0.81,0.81,2750,0
UTD,5,20210318,090000,0.83,0.83,0.83,0.83,83,0
UTD,5,20210318,090500,0.83,0.83,0.83,0.83,4417,0
UTD,5,20210318,094000,0.845,0.85,0.845,0.85,4000,0
UTD,5,20210318,094500,0.82,0.82,0.82,0.82,100,0
UTD,5,20210318,100500,0.82,0.82,0.82,0.82,1980,0
UTD,5,20210318,101500,0.85,0.86,0.85,0.86,7809,0
UTD,5,20210318,102000,0.87,0.87,0.87,0.87,4810,0
UTD,5,20210318,103500,0.89,0.89,0.89,0.89,1000,0
UTD,5,20210318,104000,0.885,0.885,0.88,0.88,3751,0
UTD,5,20210318,105500,0.86,0.86,0.86,0.86,400,0
UTD,5,20210318,143000,0.825,0.825,0.805,0.805,1640,0
UTD,5,20210318,155500,0.855,0.855,0.855,0.855,20,0
UTD,5,20210318,164500,0.84,0.84,0.84,0.84,165,0
UTD,5,20210319,090000,0.84,0.84,0.84,0.84,330,0
UTD,5,20210319,102500,0.805,0.805,0.805,0.805,500,0
UTD,5,20210319,112000,0.805,0.805,0.8,0.8,2850,0
UTD,5,20210319,120000,0.8,0.8,0.8,0.8,11451,0
UTD,5,20210319,122500,0.79,0.79,0.79,0.79,500,0
UTD,5,20210319,123500,0.8,0.8,0.8,0.8,1000,0
UTD,5,20210319,124500,0.8,0.8,0.8,0.8,180,0
UTD,5,20210319,125500,0.8,0.8,0.8,0.8,1250,0
UTD,5,20210319,135500,0.8,0.8,0.8,0.8,2,0
UTD,5,20210319,144500,0.78,0.78,0.77,0.77,1911,0
UTD,5,20210319,145000,0.8,0.8,0.755,0.8,4147,0
UTD,5,20210319,163500,0.795,0.795,0.795,0.795,1900,0
UTD,5,20210319,164500,0.795,0.8,0.795,0.8,2720,0
UTD,5,20210322,093500,0.765,0.765,0.745,0.745,2750,0
UTD,5,20210322,094000,0.745,0.745,0.72,0.72,6285,0
UTD,5,20210322,095000,0.75,0.75,0.75,0.75,500,0
UTD,5,20210322,095500,0.75,0.75,0.68,0.68,7954,0
UTD,5,20210322,100000,0.715,0.715,0.715,0.715,1400,0
UTD,5,20210322,100500,0.73,0.74,0.715,0.74,5200,0
UTD,5,20210322,101000,0.74,0.74,0.715,0.715,2081,0
UTD,5,20210322,102000,0.715,0.715,0.715,0.715,3980,0
UTD,5,20210322,103500,0.74,0.74,0.74,0.74,580,0
UTD,5,20210322,104000,0.74,0.74,0.705,0.705,5000,0
UTD,5,20210322,111000,0.71,0.71,0.705,0.705,2000,0
UTD,5,20210322,112500,0.73,0.73,0.73,0.73,500,0
UTD,5,20210322,114000,0.73,0.73,0.73,0.73,500,0
UTD,5,20210322,120000,0.71,0.71,0.7,0.7,13923,0
UTD,5,20210322,120500,0.7,0.7,0.7,0.7,11077,0
UTD,5,20210322,121500,0.71,0.71,0.71,0.71,3803,0
UTD,5,20210322,122000,0.71,0.71,0.71,0.71,197,0
UTD,5,20210322,122500,0.71,0.71,0.695,0.695,10543,0
UTD,5,20210322,124500,0.71,0.72,0.71,0.72,5300,0
UTD,5,20210322,125500,0.73,0.73,0.73,0.73,650,0
UTD,5,20210322,135000,0.72,0.72,0.72,0.72,700,0
UTD,5,20210322,135500,0.73,0.73,0.73,0.73,1200,0
UTD,5,20210322,143500,0.735,0.735,0.735,0.735,2000,0
UTD,5,20210322,161500,0.71,0.71,0.71,0.71,4000,0
UTD,5,20210322,164500,0.73,0.73,0.73,0.73,20,0
UTD,5,20210323,090000,0.7,0.7,0.7,0.7,1500,0
UTD,5,20210323,093000,0.695,0.695,0.695,0.695,500,0
UTD,5,20210323,094500,0.7,0.73,0.7,0.73,1946,0
UTD,5,20210323,100500,0.695,0.695,0.695,0.695,1440,0
UTD,5,20210323,102000,0.73,0.73,0.73,0.73,10,0
UTD,5,20210323,105500,0.73,0.73,0.73,0.73,1436,0
UTD,5,20210323,110500,0.73,0.735,0.73,0.735,3560,0
UTD,5,20210323,111500,0.735,0.735,0.735,0.735,1755,0
UTD,5,20210323,114500,0.715,0.715,0.71,0.71,10000,0
UTD,5,20210323,115000,0.71,0.71,0.71,0.71,5000,0
UTD,5,20210323,131000,0.715,0.715,0.71,0.71,3500,0
UTD,5,20210323,131500,0.73,0.73,0.73,0.73,1200,0
UTD,5,20210323,134500,0.705,0.705,0.705,0.705,780,0
UTD,5,20210323,135000,0.705,0.705,0.705,0.705,2700,0
UTD,5,20210323,140500,0.705,0.705,0.705,0.705,720,0
UTD,5,20210323,141000,0.7,0.7,0.7,0.7,5000,0
UTD,5,20210323,160500,0.7,0.7,0.7,0.7,3000,0
UTD,5,20210323,161000,0.695,0.695,0.68,0.68,6940,0
UTD,5,20210323,162500,0.7,0.7,0.7,0.7,400,0
UTD,5,20210324,090000,0.68,0.68,0.63,0.63,15041,0
UTD,5,20210324,090500,0.65,0.665,0.65,0.665,7000,0
UTD,5,20210324,091000,0.64,0.665,0.64,0.665,4200,0
UTD,5,20210324,091500,0.665,0.67,0.665,0.67,4740,0
UTD,5,20210324,095500,0.68,0.68,0.68,0.68,2600,0
UTD,5,20210324,100000,0.67,0.67,0.67,0.67,7000,0
UTD,5,20210324,103000,0.695,0.7,0.695,0.7,530,0
UTD,5,20210324,104500,0.66,0.66,0.66,0.66,500,0
UTD,5,20210324,121500,0.66,0.66,0.64,0.64,10756,0
UTD,5,20210324,122000,0.695,0.7,0.695,0.7,1000,0
UTD,5,20210324,123000,0.65,0.65,0.65,0.65,6900,0
UTD,5,20210324,125000,0.65,0.65,0.64,0.64,13000,0
UTD,5,20210324,130500,0.64,0.64,0.64,0.64,4000,0
UTD,5,20210324,140000,0.63,0.63,0.63,0.63,4321,0
UTD,5,20210324,140500,0.64,0.64,0.64,0.64,2000,0
UTD,5,20210324,141500,0.615,0.615,0.6,0.6,14000,0
UTD,5,20210324,145500,0.605,0.605,0.6,0.6,20000,0
UTD,5,20210324,154000,0.63,0.635,0.63,0.635,4495,0
UTD,5,20210324,154500,0.635,0.635,0.635,0.635,1460,0
UTD,5,20210324,155000,0.645,0.655,0.615,0.615,5047,0
UTD,5,20210324,163000,0.66,0.66,0.66,0.66,2,0
UTD,5,20210324,163500,0.63,0.63,0.63,0.63,5000,0
UTD,5,20210324,164000,0.62,0.62,0.62,0.62,2000,0
UTD,5,20210324,164500,0.66,0.66,0.66,0.66,25,0
UTD,5,20210324,165500,0.66,0.66,0.66,0.66,500,0
UTD,5,20210325,101500,0.655,0.655,0.655,0.655,20,0
UTD,5,20210325,104500,0.635,0.635,0.63,0.63,6500,0
UTD,5,20210325,120000,0.62,0.62,0.62,0.62,800,0
UTD,5,20210325,123500,0.63,0.63,0.63,0.63,1100,0
UTD,5,20210325,133000,0.645,0.645,0.645,0.645,62,0
UTD,5,20210325,143500,0.645,0.645,0.645,0.645,1000,0
UTD,5,20210325,160000,0.62,0.62,0.62,0.62,800,0
UTD,5,20210325,165500,0.645,0.645,0.645,0.645,500,0
UTD,5,20210326,091000,0.62,0.62,0.6,0.6,5100,0
UTD,5,20210326,091500,0.6,0.645,0.6,0.645,70,0
UTD,5,20210326,092000,0.64,0.64,0.64,0.64,500,0
UTD,5,20210326,095000,0.63,0.63,0.63,0.63,1500,0
UTD,5,20210326,100000,0.64,0.64,0.64,0.64,3000,0
UTD,5,20210326,100500,0.645,0.66,0.645,0.66,3534,0
UTD,5,20210326,102000,0.66,0.68,0.66,0.68,1000,0
UTD,5,20210326,102500,0.63,0.63,0.63,0.63,1,0
UTD,5,20210326,120000,0.675,0.675,0.675,0.675,10,0
UTD,5,20210326,122500,0.65,0.65,0.65,0.65,1000,0
UTD,5,20210326,124500,0.63,0.63,0.6,0.6,18617,0
UTD,5,20210326,125500,0.65,0.65,0.65,0.65,3593,0
UTD,5,20210326,145000,0.615,0.615,0.605,0.605,2945,0
UTD,5,20210326,151500,0.605,0.605,0.6,0.6,15000,0
UTD,5,20210326,152000,0.645,0.645,0.645,0.645,10,0
UTD,5,20210326,164500,0.605,0.63,0.6,0.63,8052,0
