<TICKER>,<PER>,<DATE>,<TIME>,<OPEN>,<HIGH>,<LOW>,<CLOSE>,<VOL>,<OPENINT>
VAB,5,20210204,090000,3.85,4.1,3.85,4.08,7005,0
VAB,5,20210204,091000,3.8,3.8,3.6,3.6,2765,0
VAB,5,20210204,092000,3.6,3.6,3.6,3.6,305,0
VAB,5,20210204,092500,3.5,3.5,3.4,3.4,164,0
VAB,5,20210204,093000,3.65,3.65,3.65,3.65,1,0
VAB,5,20210204,093500,3.5,3.5,3.5,3.5,7,0
VAB,5,20210204,094500,3.64,3.64,3.64,3.64,2000,0
VAB,5,20210204,095000,3.55,3.6,3.55,3.6,1007,0
VAB,5,20210204,101500,3.72,3.8,3.72,3.8,1013,0
VAB,5,20210204,102000,3.8,3.81,3.68,3.81,1020,0
VAB,5,20210204,105000,3.7,3.74,3.61,3.61,975,0
VAB,5,20210204,105500,3.8,3.83,3.66,3.66,651,0
VAB,5,20210204,110000,3.66,3.66,3.64,3.64,800,0
VAB,5,20210204,110500,3.65,3.65,3.64,3.64,88,0
VAB,5,20210204,121500,3.76,3.76,3.76,3.76,20,0
VAB,5,20210204,122000,3.77,3.83,3.6,3.6,5843,0
VAB,5,20210204,122500,3.6,3.6,3.6,3.6,450,0
VAB,5,20210204,123000,3.6,3.7,3.54,3.7,3033,0
VAB,5,20210204,140000,3.68,3.85,3.68,3.85,1550,0
VAB,5,20210204,140500,3.74,3.74,3.53,3.53,149,0
VAB,5,20210204,141000,3.68,3.8,3.56,3.56,109,0
VAB,5,20210204,141500,3.7,3.7,3.63,3.63,41,0
VAB,5,20210204,151000,3.8,3.8,3.8,3.8,50,0
VAB,5,20210204,152500,3.63,3.63,3.61,3.61,21,0
VAB,5,20210204,154000,3.8,3.8,3.8,3.8,2,0
VAB,5,20210204,162500,3.79,3.79,3.79,3.79,500,0
VAB,5,20210204,163500,3.79,3.79,3.79,3.79,300,0
VAB,5,20210204,164500,3.6,3.6,3.6,3.6,10,0
VAB,5,20210205,091500,3.8,3.9,3.8,3.9,2287,0
VAB,5,20210205,092000,3.9,3.9,3.66,3.66,141,0
VAB,5,20210205,093000,3.74,3.74,3.66,3.66,700,0
VAB,5,20210205,094500,3.75,3.75,3.75,3.75,200,0
VAB,5,20210205,110000,3.75,3.75,3.75,3.75,100,0
VAB,5,20210205,130000,3.75,3.75,3.75,3.75,35,0
VAB,5,20210205,143500,3.64,3.64,3.6,3.6,1425,0
VAB,5,20210205,164000,3.69,3.69,3.69,3.69,1,0
VAB,5,20210205,164500,3.55,3.69,3.51,3.69,1541,0
VAB,5,20210208,090000,3.2,3.4,3.2,3.2,1490,0
VAB,5,20210208,091000,3.4,3.4,3.4,3.4,20,0
VAB,5,20210208,092000,3.4,3.4,3.4,3.4,20,0
VAB,5,20210208,093000,3.33,3.4,3.3,3.3,918,0
VAB,5,20210208,093500,3.3,3.3,3.22,3.22,550,0
VAB,5,20210208,094000,3.32,3.32,3.32,3.32,1,0
VAB,5,20210208,095500,3.32,3.5,3.32,3.5,700,0
VAB,5,20210208,100000,3.52,3.52,3.4,3.44,101,0
VAB,5,20210208,111500,3.44,3.44,3.44,3.44,100,0
VAB,5,20210208,113000,3.35,3.35,3.35,3.35,139,0
VAB,5,20210208,120000,3.44,3.44,3.44,3.44,1,0
VAB,5,20210208,120500,3.35,3.35,3.35,3.35,397,0
VAB,5,20210208,122000,3.31,3.32,3.24,3.32,965,0
VAB,5,20210208,124000,3.23,3.23,3.2,3.2,1372,0
VAB,5,20210208,124500,3.2,3.2,3.1,3.1,1429,0
VAB,5,20210208,130000,3.2,3.24,3.2,3.24,71,0
VAB,5,20210208,132000,3.26,3.28,3.26,3.28,119,0
VAB,5,20210208,133000,3.24,3.24,3.24,3.24,20,0
VAB,5,20210208,144000,3.24,3.24,3.24,3.24,400,0
VAB,5,20210208,160000,3.14,3.14,3.1,3.1,7600,0
VAB,5,20210208,161000,3.2,3.24,3.2,3.24,100,0
VAB,5,20210208,162000,3.2,3.2,3.1,3.1,918,0
VAB,5,20210208,163000,3.1,3.1,3.03,3.03,1230,0
VAB,5,20210208,163500,3.05,3.05,3.01,3.01,2500,0
VAB,5,20210208,164500,3.12,3.12,3.01,3.03,2863,0
VAB,5,20210209,092000,3.1,3.16,3.1,3.16,1265,0
VAB,5,20210209,092500,3.16,3.18,3.16,3.18,600,0
VAB,5,20210209,093500,3.08,3.08,3.07,3.07,150,0
VAB,5,20210209,095500,3.04,3.04,3.04,3.04,920,0
VAB,5,20210209,100000,3.1,3.1,3.1,3.1,1000,0
VAB,5,20210209,110500,3.04,3.04,3.03,3.03,570,0
VAB,5,20210209,111000,3.03,3.03,3.01,3.01,1000,0
VAB,5,20210209,111500,3.02,3.02,3.02,3.02,20,0
VAB,5,20210209,114500,3.09,3.09,3.09,3.09,46,0
VAB,5,20210209,120000,3.08,3.08,3.08,3.08,400,0
VAB,5,20210209,120500,3.08,3.08,3.08,3.08,10,0
VAB,5,20210210,090000,3.12,3.12,3.12,3.12,5,0
VAB,5,20210210,113000,3.1,3.12,3.1,3.12,1180,0
VAB,5,20210210,114000,3.12,3.12,3.12,3.12,500,0
VAB,5,20210210,123500,3.12,3.12,3.12,3.12,20,0
VAB,5,20210210,132000,3.12,3.12,3.12,3.12,62,0
VAB,5,20210210,143500,3.12,3.12,3.12,3.12,63,0
VAB,5,20210210,150500,3.1,3.1,3.1,3.1,66,0
VAB,5,20210210,152000,3.1,3.1,3.1,3.1,284,0
VAB,5,20210210,153000,3.1,3.1,3.03,3.03,355,0
VAB,5,20210210,164500,3.12,3.12,3.12,3.12,63,0
VAB,5,20210211,092500,3.14,3.14,3.14,3.14,1,0
VAB,5,20210211,101500,3.14,3.16,3.14,3.16,21,0
VAB,5,20210211,104500,3.16,3.16,3.16,3.16,18,0
VAB,5,20210211,130000,3.17,3.34,3.17,3.34,2887,0
VAB,5,20210211,130500,3.34,3.34,3.34,3.34,85,0
VAB,5,20210211,132000,3.34,3.34,3.34,3.34,20,0
VAB,5,20210211,140500,3.34,3.34,3.34,3.34,54,0
VAB,5,20210211,150500,3.35,3.38,3.35,3.38,501,0
VAB,5,20210211,152000,3.36,3.36,3.36,3.36,1,0
VAB,5,20210211,160000,3.28,3.28,3.02,3.2,1008,0
VAB,5,20210212,101500,3.2,3.29,3.2,3.29,512,0
VAB,5,20210212,103000,3.2,3.2,3.2,3.2,20,0
VAB,5,20210212,105000,3.19,3.19,3.19,3.19,500,0
VAB,5,20210212,111000,3.19,3.19,3.19,3.19,10,0
VAB,5,20210212,111500,3.19,3.2,3.19,3.2,710,0
VAB,5,20210212,115000,3.14,3.14,3,3,420,0
VAB,5,20210212,115500,3,3,3,3,10,0
VAB,5,20210212,120000,3,3,3,3,66,0
VAB,5,20210212,120500,3,3,3,3,600,0
VAB,5,20210212,124000,3,3,3,3,904,0
VAB,5,20210212,155500,3.1,3.1,3.1,3.1,20,0
VAB,5,20210212,161000,3.02,3.02,3,3,1700,0
VAB,5,20210212,161500,3,3,3,3,300,0
VAB,5,20210212,164000,3.1,3.1,3.1,3.1,1000,0
VAB,5,20210212,164500,3.1,3.1,3.1,3.1,400,0
VAB,5,20210215,092000,3.18,3.19,3.18,3.19,40,0
VAB,5,20210215,092500,3.18,3.18,3.18,3.18,620,0
VAB,5,20210215,093000,3.18,3.18,3.18,3.18,75,0
VAB,5,20210215,121000,3.11,3.11,3.1,3.1,350,0
VAB,5,20210215,123000,3.1,3.1,3.04,3.04,500,0
VAB,5,20210215,142500,3.1,3.1,3.1,3.1,10,0
VAB,5,20210215,143000,3.1,3.1,3.1,3.1,38,0
VAB,5,20210215,143500,3.06,3.06,3.04,3.04,2500,0
VAB,5,20210215,144500,3.1,3.1,3.1,3.1,63,0
VAB,5,20210215,152000,3.09,3.09,3.09,3.09,1,0
VAB,5,20210215,163500,3.09,3.1,3.09,3.1,1540,0
VAB,5,20210215,164500,3.09,3.1,3.09,3.1,845,0
VAB,5,20210216,090000,3.1,3.17,3.1,3.17,288,0
VAB,5,20210216,092500,3.05,3.05,3.05,3.05,90,0
VAB,5,20210216,093000,3.03,3.05,3.01,3.05,1545,0
VAB,5,20210216,094000,3.05,3.15,3.05,3.14,1500,0
VAB,5,20210216,103000,3.11,3.11,2.6,2.76,11041,0
VAB,5,20210216,103500,2.88,2.88,2.88,2.88,200,0
VAB,5,20210216,104000,2.98,2.98,2.98,2.98,500,0
VAB,5,20210216,105000,2.98,2.98,2.48,2.52,9294,0
VAB,5,20210216,105500,2.72,2.94,2.69,2.94,1775,0
VAB,5,20210216,110000,2.88,2.92,2.88,2.92,100,0
VAB,5,20210216,110500,2.78,2.8,2.76,2.76,995,0
VAB,5,20210216,111000,2.89,2.89,2.89,2.89,50,0
VAB,5,20210216,113000,2.77,2.77,2.77,2.77,500,0
VAB,5,20210216,115000,2.88,2.88,2.88,2.88,300,0
VAB,5,20210216,115500,2.84,2.84,2.84,2.84,295,0
VAB,5,20210216,120500,2.84,2.84,2.84,2.84,1007,0
VAB,5,20210216,124000,2.84,2.85,2.84,2.85,18,0
VAB,5,20210216,124500,2.96,2.96,2.96,2.96,10,0
VAB,5,20210216,135000,2.96,2.96,2.96,2.96,27,0
VAB,5,20210216,145500,2.96,2.96,2.96,2.96,100,0
VAB,5,20210216,160500,2.96,2.96,2.96,2.96,500,0
VAB,5,20210216,164000,2.87,2.87,2.86,2.86,1300,0
VAB,5,20210216,164500,2.86,2.86,2.86,2.86,370,0
VAB,5,20210217,091000,2.94,2.94,2.94,2.94,9,0
VAB,5,20210217,100500,2.94,3.08,2.94,3.08,575,0
VAB,5,20210217,101000,3.09,3.09,3.09,3.09,430,0
VAB,5,20210217,114500,2.94,2.94,2.94,2.94,2,0
VAB,5,20210217,115000,3,3,3,3,320,0
VAB,5,20210217,140500,2.95,2.95,2.94,2.94,769,0
VAB,5,20210217,145000,2.94,2.94,2.94,2.94,100,0
VAB,5,20210217,145500,2.94,2.94,2.94,2.94,100,0
VAB,5,20210217,150500,2.99,2.99,2.99,2.99,20,0
VAB,5,20210217,155000,3,3,3,3,230,0
VAB,5,20210217,155500,3,3,3,3,50,0
VAB,5,20210217,163500,3,3,3,3,300,0
VAB,5,20210217,164000,3.04,3.04,3.04,3.04,12,0
VAB,5,20210218,093500,3.06,3.06,3.06,3.06,500,0
VAB,5,20210218,095000,3.07,3.44,3.07,3.44,4660,0
VAB,5,20210218,095500,3.4,3.65,3.4,3.65,200,0
VAB,5,20210218,100000,3.4,3.4,3.4,3.4,100,0
VAB,5,20210218,100500,3.4,3.4,3.4,3.4,50,0
VAB,5,20210218,102500,3.3,3.3,3.3,3.3,40,0
VAB,5,20210218,123500,3.2,3.3,3.2,3.3,106,0
VAB,5,20210218,150000,3.25,3.25,3.25,3.25,25,0
VAB,5,20210218,155500,3.2,3.2,3.2,3.2,130,0
VAB,5,20210218,160000,3.2,3.2,3.2,3.2,20,0
VAB,5,20210219,090000,3.6,3.6,3.5,3.5,9603,0
VAB,5,20210219,090500,3.43,3.43,3.42,3.43,1450,0
VAB,5,20210219,091000,3.5,3.5,3.43,3.49,2100,0
VAB,5,20210219,091500,3.5,3.5,3.5,3.5,736,0
VAB,5,20210219,092000,3.49,3.5,3.49,3.5,1200,0
VAB,5,20210219,092500,3.5,3.5,3.49,3.49,1130,0
VAB,5,20210219,093000,3.44,3.44,3.42,3.42,1745,0
VAB,5,20210219,094000,3.44,3.44,3.44,3.44,100,0
VAB,5,20210219,100500,3.44,3.44,3.44,3.44,250,0
VAB,5,20210219,103000,3.44,3.44,3.44,3.44,600,0
VAB,5,20210219,110000,3.45,3.45,3.45,3.45,170,0
VAB,5,20210219,121500,3.4,3.49,3.4,3.49,5656,0
VAB,5,20210219,122000,3.5,3.5,3.5,3.5,760,0
VAB,5,20210219,122500,3.49,3.52,3.49,3.5,4302,0
VAB,5,20210219,123000,3.56,3.56,3.56,3.56,10,0
VAB,5,20210219,125500,3.55,3.55,3.55,3.55,500,0
VAB,5,20210219,130000,3.55,3.55,3.55,3.55,67,0
VAB,5,20210219,130500,3.48,3.48,3.45,3.45,2862,0
VAB,5,20210219,131000,3.55,3.55,3.55,3.55,10,0
VAB,5,20210219,133000,3.5,3.5,3.5,3.5,595,0
VAB,5,20210219,133500,3.5,3.5,3.5,3.5,3000,0
VAB,5,20210219,140500,3.4,3.5,3.4,3.5,200,0
VAB,5,20210219,142000,3.4,3.4,3.4,3.4,30,0
VAB,5,20210219,142500,3.49,3.49,3.49,3.49,10,0
VAB,5,20210219,145500,3.49,3.49,3.49,3.49,2,0
VAB,5,20210219,150000,3.49,3.49,3.49,3.49,27,0
VAB,5,20210219,150500,3.49,3.49,3.49,3.49,400,0
VAB,5,20210219,151500,3.49,3.49,3.49,3.49,1,0
VAB,5,20210219,152500,3.49,3.49,3.49,3.49,60,0
VAB,5,20210219,155000,3.49,3.49,3.3,3.3,500,0
VAB,5,20210219,163000,3.32,3.32,3.31,3.31,737,0
VAB,5,20210219,164000,3.49,3.49,3.49,3.49,820,0
VAB,5,20210219,164500,3.49,3.49,3.3,3.3,1750,0
VAB,5,20210222,090000,3.48,3.48,3.48,3.48,10,0
VAB,5,20210222,090500,3.48,3.49,3.48,3.49,500,0
VAB,5,20210222,091500,3.45,3.46,3.38,3.38,2230,0
VAB,5,20210222,092000,3.38,3.38,3.38,3.38,51,0
VAB,5,20210222,092500,3.38,3.38,3.38,3.38,2500,0
VAB,5,20210222,102000,3.36,3.46,3.36,3.46,2054,0
VAB,5,20210222,102500,3.46,3.48,3.46,3.48,3198,0
VAB,5,20210222,103000,3.48,3.48,3.48,3.48,1000,0
VAB,5,20210222,104500,3.45,3.48,3.45,3.48,500,0
VAB,5,20210222,113000,3.47,3.47,3.47,3.47,100,0
VAB,5,20210222,113500,3.47,3.47,3.47,3.47,200,0
VAB,5,20210222,122000,3.48,3.48,3.48,3.48,600,0
VAB,5,20210222,122500,3.49,3.5,3.49,3.5,9087,0
VAB,5,20210222,124000,3.5,3.5,3.5,3.5,300,0
VAB,5,20210222,124500,3.5,3.55,3.5,3.55,498,0
VAB,5,20210222,125000,3.55,3.55,3.55,3.55,642,0
VAB,5,20210222,125500,3.5,3.5,3.4,3.4,100,0
VAB,5,20210222,134000,3.49,3.49,3.49,3.49,100,0
VAB,5,20210222,140500,3.49,3.55,3.49,3.55,3493,0
VAB,5,20210222,141000,3.55,3.55,3.55,3.55,207,0
VAB,5,20210222,151000,3.54,3.54,3.54,3.54,20,0
VAB,5,20210223,090000,3.64,3.64,3.64,3.64,10,0
VAB,5,20210223,090500,3.69,3.69,3.69,3.69,10,0
VAB,5,20210223,091500,3.55,3.55,3.55,3.55,1000,0
VAB,5,20210223,092000,3.63,3.63,3.56,3.56,140,0
VAB,5,20210223,093000,3.64,3.64,3.64,3.64,10,0
VAB,5,20210223,093500,3.55,3.55,3.55,3.55,20,0
VAB,5,20210223,100000,3.5,3.5,3.49,3.49,1020,0
VAB,5,20210223,105000,3.5,3.5,3.5,3.5,5,0
VAB,5,20210223,105500,3.5,3.5,3.5,3.5,245,0
VAB,5,20210223,110000,3.5,3.6,3.5,3.6,203,0
VAB,5,20210223,110500,3.59,3.59,3.59,3.59,27,0
VAB,5,20210223,123500,3.44,3.5,3.35,3.5,1539,0
VAB,5,20210223,134500,3.38,3.38,3.38,3.38,100,0
VAB,5,20210223,141500,3.49,3.5,3.49,3.5,80,0
VAB,5,20210223,151500,3.4,3.49,3.36,3.49,1020,0
VAB,5,20210223,152500,3.36,3.36,3.35,3.35,1000,0
VAB,5,20210223,160500,3.35,3.35,3.35,3.35,650,0
VAB,5,20210223,161000,3.49,3.5,3.49,3.5,20,0
VAB,5,20210224,091500,3.34,3.34,3.34,3.34,20,0
VAB,5,20210224,093000,3.34,3.34,3.34,3.34,500,0
VAB,5,20210224,094000,3.34,3.34,3.34,3.34,210,0
VAB,5,20210224,095500,3.5,3.5,3.5,3.5,5,0
VAB,5,20210224,100500,3.48,3.5,3.48,3.5,3850,0
VAB,5,20210224,124500,3.49,3.49,3.49,3.49,523,0
VAB,5,20210224,142000,3.49,3.49,3.49,3.49,20,0
VAB,5,20210224,143000,3.49,3.49,3.49,3.49,6,0
VAB,5,20210224,150500,3.48,3.48,3.48,3.48,250,0
VAB,5,20210224,151500,3.42,3.42,3.42,3.42,539,0
VAB,5,20210224,161000,3.34,3.34,3.34,3.34,20,0
VAB,5,20210224,162000,3.34,3.34,3.34,3.34,100,0
VAB,5,20210224,162500,3.34,3.45,3.34,3.45,246,0
VAB,5,20210225,103000,3.47,3.47,3.47,3.47,1,0
VAB,5,20210225,122000,3.47,3.65,3.47,3.65,1100,0
VAB,5,20210225,164500,3.4,3.6,3.38,3.6,650,0
VAB,5,20210226,090000,3.89,3.89,3.6,3.6,10596,0
VAB,5,20210226,090500,3.51,3.51,3.3,3.45,14509,0
VAB,5,20210226,091000,3.58,3.58,3.13,3.13,7575,0
VAB,5,20210226,091500,3.2,3.26,3.12,3.12,18626,0
VAB,5,20210226,092000,3.26,3.26,3.12,3.12,7481,0
VAB,5,20210226,092500,3.16,3.16,3.16,3.16,960,0
VAB,5,20210226,093000,3.16,3.24,3.16,3.24,1942,0
VAB,5,20210226,093500,3.24,3.24,3.24,3.24,601,0
VAB,5,20210226,094500,3.2,3.2,3.2,3.2,150,0
VAB,5,20210226,095000,3.2,3.2,3.2,3.2,204,0
VAB,5,20210226,100500,3.16,3.16,3.13,3.15,3440,0
VAB,5,20210226,101000,3.17,3.25,3.17,3.25,3367,0
VAB,5,20210226,101500,3.25,3.25,3.25,3.25,168,0
VAB,5,20210226,102500,3.25,3.32,3.25,3.32,1612,0
VAB,5,20210226,103000,3.33,3.34,3.33,3.34,920,0
VAB,5,20210226,103500,3.34,3.4,3.33,3.4,3527,0
VAB,5,20210226,111500,3.35,3.35,3.35,3.35,100,0
VAB,5,20210226,115500,3.26,3.26,3.23,3.23,577,0
VAB,5,20210226,120000,3.33,3.33,3.32,3.32,205,0
VAB,5,20210226,123500,3.24,3.24,3.2,3.2,2250,0
VAB,5,20210226,124500,3.18,3.18,3.16,3.16,478,0
VAB,5,20210226,130000,3.17,3.17,3.16,3.16,1084,0
VAB,5,20210226,131500,3.23,3.23,3.23,3.23,639,0
VAB,5,20210226,132000,3.23,3.23,3.23,3.23,121,0
VAB,5,20210226,140500,3.22,3.22,3.22,3.22,100,0
VAB,5,20210226,141000,3.23,3.23,3.23,3.23,240,0
VAB,5,20210226,150000,3.27,3.27,3.27,3.27,150,0
VAB,5,20210226,151000,3.23,3.23,3.23,3.23,260,0
VAB,5,20210226,153000,3.23,3.23,3.23,3.23,500,0
VAB,5,20210226,155000,3.27,3.34,3.27,3.34,200,0
VAB,5,20210226,161000,3.23,3.23,3.18,3.18,2010,0
VAB,5,20210226,161500,3.18,3.18,3.18,3.18,300,0
VAB,5,20210226,164000,3.18,3.18,3.16,3.16,300,0
VAB,5,20210226,164500,3.16,3.16,3.16,3.16,393,0
VAB,5,20210301,090000,3.3,3.36,3.3,3.36,4100,0
VAB,5,20210301,090500,3.37,3.5,3.37,3.46,1200,0
VAB,5,20210301,091000,3.45,3.45,3.45,3.45,20,0
VAB,5,20210301,091500,3.45,3.45,3.45,3.45,80,0
VAB,5,20210301,092000,3.35,3.35,3.34,3.34,735,0
VAB,5,20210301,093500,3.33,3.4,3.33,3.4,725,0
VAB,5,20210301,094000,3.38,3.38,3.38,3.38,442,0
VAB,5,20210301,095500,3.37,3.37,3.37,3.37,20,0
VAB,5,20210301,100000,3.37,3.37,3.37,3.37,110,0
VAB,5,20210301,101500,3.36,3.36,3.36,3.36,147,0
VAB,5,20210301,102500,3.37,3.37,3.37,3.37,150,0
VAB,5,20210301,104000,3.37,3.37,3.37,3.37,270,0
VAB,5,20210301,104500,3.38,3.38,3.38,3.38,100,0
VAB,5,20210301,105500,3.3,3.36,3.3,3.36,2050,0
VAB,5,20210301,110000,3.3,3.3,3.3,3.3,1950,0
VAB,5,20210301,111500,3.3,3.3,3.3,3.3,250,0
VAB,5,20210301,112000,3.3,3.3,3.3,3.3,488,0
VAB,5,20210301,113500,3.3,3.3,3.3,3.3,390,0
VAB,5,20210301,115000,3.3,3.3,3.29,3.29,4735,0
VAB,5,20210301,115500,3.26,3.26,3.21,3.21,1000,0
VAB,5,20210301,125500,3.29,3.29,3.29,3.29,320,0
VAB,5,20210301,132000,3.28,3.29,3.28,3.29,50,0
VAB,5,20210301,141000,3.29,3.29,3.29,3.29,161,0
VAB,5,20210301,144000,3.29,3.29,3.29,3.29,100,0
VAB,5,20210301,160500,3.26,3.26,3.26,3.26,442,0
VAB,5,20210301,161000,3.26,3.26,3.26,3.26,258,0
VAB,5,20210301,163000,3.26,3.26,3.26,3.26,411,0
VAB,5,20210302,091000,3.24,3.24,3.24,3.24,140,0
VAB,5,20210302,092500,3.35,3.41,3.25,3.41,1058,0
VAB,5,20210302,093500,3.4,3.4,3.4,3.4,180,0
VAB,5,20210302,095500,3.4,3.41,3.4,3.41,2256,0
VAB,5,20210302,100500,3.41,3.41,3.39,3.4,1500,0
VAB,5,20210302,101000,3.4,3.41,3.4,3.41,1800,0
VAB,5,20210302,102500,3.4,3.4,3.4,3.4,300,0
VAB,5,20210302,103500,3.4,3.46,3.4,3.46,4220,0
VAB,5,20210302,105500,3.43,3.43,3.31,3.31,2,0
VAB,5,20210302,113500,3.43,3.43,3.43,3.43,50,0
VAB,5,20210302,114000,3.43,3.43,3.43,3.43,100,0
VAB,5,20210302,115500,3.43,3.46,3.43,3.46,2000,0
VAB,5,20210302,124000,3.45,3.45,3.45,3.45,900,0
VAB,5,20210302,132500,3.45,3.45,3.45,3.45,1070,0
VAB,5,20210302,133000,3.46,3.46,3.46,3.46,847,0
VAB,5,20210302,133500,3.47,3.47,3.47,3.47,20,0
VAB,5,20210302,135000,3.47,3.47,3.47,3.47,63,0
VAB,5,20210302,141000,3.47,3.48,3.31,3.31,2302,0
VAB,5,20210302,141500,3.48,3.48,3.48,3.48,1,0
VAB,5,20210302,142500,3.47,3.48,3.47,3.48,50,0
VAB,5,20210302,145500,3.47,3.47,3.47,3.47,500,0
VAB,5,20210302,153500,3.34,3.34,3.34,3.34,1000,0
VAB,5,20210302,155500,3.35,3.35,3.33,3.33,3000,0
VAB,5,20210302,160500,3.46,3.46,3.34,3.34,1001,0
VAB,5,20210302,161500,3.46,3.46,3.46,3.46,29,0
VAB,5,20210302,164000,3.48,3.48,3.48,3.48,90,0
VAB,5,20210302,164500,3.48,3.5,3.48,3.5,1552,0
VAB,5,20210303,090000,3.54,3.54,3.54,3.54,9,0
VAB,5,20210303,092000,3.54,3.57,3.54,3.57,3000,0
VAB,5,20210303,093000,3.57,3.57,3.57,3.57,651,0
VAB,5,20210303,093500,3.59,3.69,3.59,3.69,1349,0
VAB,5,20210303,095000,3.68,3.68,3.5,3.5,102,0
VAB,5,20210303,100000,3.64,3.64,3.46,3.46,2,0
VAB,5,20210303,111000,3.61,3.61,3.61,3.61,1,0
VAB,5,20210303,113000,3.62,3.62,3.62,3.62,144,0
VAB,5,20210303,115500,3.5,3.5,3.5,3.5,31,0
VAB,5,20210303,121500,3.5,3.5,3.5,3.5,9,0
VAB,5,20210303,123000,3.46,3.46,3.46,3.46,20,0
VAB,5,20210303,123500,3.41,3.41,3.41,3.41,1000,0
VAB,5,20210303,125000,3.41,3.46,3.41,3.46,111,0
VAB,5,20210303,130000,3.6,3.6,3.6,3.6,257,0
VAB,5,20210303,133500,3.5,3.5,3.5,3.5,100,0
VAB,5,20210303,134000,3.6,3.6,3.6,3.6,18,0
VAB,5,20210303,145000,3.6,3.6,3.6,3.6,80,0
VAB,5,20210303,154500,3.5,3.5,3.5,3.5,100,0
VAB,5,20210303,161000,3.5,3.5,3.5,3.5,700,0
VAB,5,20210303,163000,3.5,3.5,3.41,3.41,5610,0
VAB,5,20210303,164000,3.5,3.5,3.5,3.5,290,0
VAB,5,20210303,164500,3.5,3.5,3.5,3.5,50,0
VAB,5,20210304,090000,3.49,3.49,3.49,3.49,1600,0
VAB,5,20210304,101500,3.44,3.44,3.42,3.42,40,0
VAB,5,20210304,102500,3.38,3.38,3.38,3.38,20,0
VAB,5,20210304,104000,3.35,3.35,3.35,3.35,2000,0
VAB,5,20210304,112500,3.35,3.35,3.35,3.35,300,0
VAB,5,20210304,123000,3.3,3.3,3.3,3.3,20,0
VAB,5,20210304,124500,3.28,3.28,3.2,3.2,2905,0
VAB,5,20210304,125500,3.2,3.2,3.2,3.2,18,0
VAB,5,20210304,130500,3.13,3.18,3.13,3.18,90,0
VAB,5,20210304,132000,3.2,3.2,3.2,3.2,392,0
VAB,5,20210304,133000,3.2,3.2,3.2,3.2,343,0
VAB,5,20210304,133500,3.2,3.2,3.2,3.2,4400,0
VAB,5,20210304,150500,3.2,3.2,3.2,3.2,300,0
VAB,5,20210304,151500,3.2,3.2,3.2,3.2,2436,0
VAB,5,20210304,152000,3.2,3.2,3.2,3.2,30,0
VAB,5,20210304,161000,3.2,3.2,3.2,3.2,1000,0
VAB,5,20210304,162500,3.2,3.2,3.2,3.2,2000,0
VAB,5,20210304,164500,3.2,3.2,3.2,3.2,2149,0
VAB,5,20210305,090000,3.47,3.47,3.47,3.47,1,0
VAB,5,20210305,091500,3.3,3.3,3.3,3.3,60,0
VAB,5,20210305,093500,3.3,3.3,3.3,3.3,240,0
VAB,5,20210305,101000,3.35,3.35,3.35,3.35,20,0
VAB,5,20210305,122500,3.37,3.37,3.37,3.37,1,0
VAB,5,20210305,141000,3.2,3.2,3.2,3.2,300,0
VAB,5,20210305,142500,3.37,3.37,3.37,3.37,1,0
VAB,5,20210305,150000,3.2,3.2,3.2,3.2,639,0
VAB,5,20210305,151000,3.37,3.37,3.37,3.37,10,0
VAB,5,20210305,153000,3.2,3.2,3.2,3.2,481,0
VAB,5,20210308,090000,3.25,3.25,3.14,3.14,3730,0
VAB,5,20210308,091000,3.14,3.14,3.05,3.05,260,0
VAB,5,20210308,092000,3.04,3.04,3,3.03,6805,0
VAB,5,20210308,100000,3.05,3.05,3.04,3.04,1000,0
VAB,5,20210308,103500,3.06,3.06,3.03,3.03,4000,0
VAB,5,20210308,104000,3.03,3.03,3.01,3.01,6000,0
VAB,5,20210308,105500,3.02,3.02,3.02,3.02,667,0
VAB,5,20210308,110500,3.12,3.12,3.12,3.12,20,0
VAB,5,20210308,111500,3.04,3.04,3,3,6000,0
VAB,5,20210308,112000,3.02,3.02,3,3,5000,0
VAB,5,20210308,120500,3.09,3.09,3.09,3.09,20,0
VAB,5,20210308,123000,3.09,3.09,3.09,3.09,9,0
VAB,5,20210308,124000,3.02,3.02,3.01,3.01,543,0
VAB,5,20210308,131000,3.09,3.12,3.03,3.03,505,0
VAB,5,20210308,141000,3.1,3.1,3.1,3.1,450,0
VAB,5,20210308,144000,3.1,3.1,3.1,3.1,380,0
VAB,5,20210308,145000,3.12,3.18,3.12,3.18,300,0
VAB,5,20210308,152000,3.1,3.1,3.1,3.1,1,0
VAB,5,20210308,152500,3.18,3.18,3.18,3.18,471,0
VAB,5,20210308,155500,3.19,3.19,3.19,3.19,1,0
VAB,5,20210308,162500,3.19,3.26,3.19,3.26,995,0
VAB,5,20210308,163500,3.2,3.28,3.11,3.28,295,0
VAB,5,20210308,164500,3.12,3.12,3.12,3.12,42,0
VAB,5,20210309,090000,3.25,3.25,3.25,3.25,700,0
VAB,5,20210309,091000,3.25,3.33,3.25,3.33,1607,0
VAB,5,20210309,091500,3.33,3.33,3.33,3.33,113,0
VAB,5,20210309,092000,3.3,3.3,3.3,3.3,305,0
VAB,5,20210309,094500,3.3,3.3,3.3,3.3,600,0
VAB,5,20210309,114500,3.25,3.25,3.25,3.25,26,0
VAB,5,20210309,131500,3.25,3.3,3.25,3.3,2389,0
VAB,5,20210309,133000,3.25,3.25,3.25,3.25,600,0
VAB,5,20210309,150500,3.29,3.29,3.29,3.29,200,0
VAB,5,20210309,162000,3.29,3.29,3.29,3.29,1369,0
VAB,5,20210309,162500,3.28,3.28,3.28,3.28,392,0
VAB,5,20210309,164000,3.2,3.2,3.2,3.2,500,0
VAB,5,20210310,090000,3.4,3.4,3.4,3.4,1000,0
VAB,5,20210310,092500,3.33,3.39,3.33,3.39,755,0
VAB,5,20210310,095000,3.4,3.4,3.4,3.4,2445,0
VAB,5,20210310,101500,3.4,3.4,3.4,3.4,293,0
VAB,5,20210310,102000,3.4,3.4,3.4,3.4,201,0
VAB,5,20210310,102500,3.4,3.4,3.4,3.4,300,0
VAB,5,20210310,104000,3.4,3.4,3.4,3.4,80,0
VAB,5,20210310,110500,3.4,3.4,3.4,3.4,370,0
VAB,5,20210310,112000,3.44,3.44,3.44,3.44,1,0
VAB,5,20210310,114000,3.44,3.44,3.44,3.44,19,0
VAB,5,20210310,120500,3.32,3.32,3.32,3.32,289,0
VAB,5,20210310,121500,3.32,3.32,3.32,3.32,296,0
VAB,5,20210310,123000,3.32,3.42,3.32,3.42,901,0
VAB,5,20210310,124000,3.42,3.42,3.42,3.42,60,0
VAB,5,20210310,145500,3.3,3.3,3.3,3.3,20,0
VAB,5,20210310,151500,3.26,3.26,3.26,3.26,20,0
VAB,5,20210310,154000,3.2,3.2,3.2,3.2,500,0
VAB,5,20210310,155000,3.38,3.38,3.38,3.38,1,0
VAB,5,20210310,163500,3.22,3.22,3.2,3.2,3600,0
VAB,5,20210310,164000,3.2,3.38,3.2,3.38,270,0
VAB,5,20210311,090000,3.44,3.44,3.44,3.44,10,0
VAB,5,20210311,092000,3.2,3.2,3.2,3.2,60,0
VAB,5,20210311,092500,3.44,3.44,3.44,3.44,1,0
VAB,5,20210311,101000,3.38,3.49,3.38,3.49,3605,0
VAB,5,20210311,101500,3.49,3.58,3.49,3.57,1116,0
VAB,5,20210311,102000,3.58,3.58,3.58,3.58,326,0
VAB,5,20210311,102500,3.44,3.44,3.44,3.44,20,0
VAB,5,20210311,104000,3.57,3.57,3.57,3.57,1,0
VAB,5,20210311,111000,3.57,3.57,3.57,3.57,1,0
VAB,5,20210311,111500,3.56,3.56,3.56,3.56,1,0
VAB,5,20210311,123500,3.5,3.5,3.5,3.5,381,0
VAB,5,20210311,124000,3.55,3.55,3.55,3.55,331,0
VAB,5,20210311,124500,3.55,3.55,3.55,3.55,280,0
VAB,5,20210311,142500,3.4,3.4,3.4,3.4,29000,0
VAB,5,20210311,143500,3.36,3.36,3.21,3.21,77,0
VAB,5,20210311,144000,3.39,3.39,3.39,3.39,1,0
VAB,5,20210311,151000,3.39,3.39,3.39,3.39,19,0
VAB,5,20210311,153000,3.4,3.48,3.4,3.48,1001,0
VAB,5,20210311,155000,3.48,3.5,3.48,3.5,20,0
VAB,5,20210311,161000,3.5,3.5,3.5,3.5,1147,0
VAB,5,20210311,162500,3.54,3.55,3.54,3.55,105,0
VAB,5,20210311,164000,3.5,3.5,3.32,3.32,65,0
VAB,5,20210311,164500,3.53,3.53,3.22,3.22,20,0
VAB,5,20210312,090000,3.29,3.4,3.29,3.4,751,0
VAB,5,20210312,091500,3.29,3.29,3.25,3.25,2377,0
VAB,5,20210312,093500,3.39,3.5,3.28,3.28,4899,0
VAB,5,20210312,094000,3.48,3.5,3.48,3.5,155,0
VAB,5,20210312,095500,3.49,3.49,3.49,3.49,100,0
VAB,5,20210312,100000,3.5,3.5,3.5,3.5,4995,0
VAB,5,20210312,100500,3.5,3.5,3.5,3.5,5,0
VAB,5,20210312,101000,3.5,3.55,3.5,3.55,825,0
VAB,5,20210312,104500,3.36,3.36,3.26,3.34,1135,0
VAB,5,20210312,105000,3.4,3.49,3.4,3.49,1214,0
VAB,5,20210312,110000,3.48,3.5,3.35,3.35,1380,0
VAB,5,20210312,111500,3.35,3.49,3.35,3.49,25,0
VAB,5,20210312,112500,3.35,3.35,3.34,3.34,575,0
VAB,5,20210312,114500,3.3,3.3,3.3,3.3,1020,0
VAB,5,20210312,115000,3.46,3.46,3.46,3.46,1,0
VAB,5,20210312,130000,3.26,3.26,3.22,3.22,471,0
VAB,5,20210312,132500,3.44,3.44,3.44,3.44,5,0
VAB,5,20210312,134000,3.44,3.44,3.44,3.44,289,0
VAB,5,20210312,143000,3.49,3.49,3.49,3.49,10,0
VAB,5,20210312,143500,3.3,3.3,3.25,3.25,960,0
VAB,5,20210312,144000,3.49,3.49,3.24,3.49,411,0
VAB,5,20210312,150500,3.24,3.24,3.24,3.24,400,0
VAB,5,20210312,155500,3.48,3.48,3.48,3.48,5,0
VAB,5,20210312,161000,3.46,3.49,3.46,3.49,6185,0
VAB,5,20210312,163000,3.48,3.48,3.48,3.48,100,0
VAB,5,20210312,163500,3.48,3.5,3.35,3.35,544,0
VAB,5,20210312,164000,3.49,3.49,3.35,3.35,119,0
VAB,5,20210312,164500,3.49,3.49,3.49,3.49,100,0
VAB,5,20210315,091000,3.39,3.44,3.3,3.44,301,0
VAB,5,20210315,093500,3.42,3.42,3.42,3.42,1500,0
VAB,5,20210315,094500,3.32,3.42,3.32,3.42,400,0
VAB,5,20210315,095000,3.44,3.44,3.44,3.44,29,0
VAB,5,20210315,100000,3.48,3.5,3.48,3.5,3200,0
VAB,5,20210315,100500,3.5,3.6,3.5,3.6,900,0
VAB,5,20210315,104500,3.5,3.5,3.42,3.42,350,0
VAB,5,20210315,105000,3.58,3.58,3.58,3.58,10,0
VAB,5,20210315,111500,3.55,3.55,3.55,3.55,2863,0
VAB,5,20210315,112000,3.55,3.55,3.55,3.55,571,0
VAB,5,20210315,112500,3.54,3.54,3.54,3.54,213,0
VAB,5,20210315,113500,3.5,3.5,3.49,3.49,560,0
VAB,5,20210315,115500,3.49,3.49,3.49,3.49,10,0
VAB,5,20210315,120000,3.44,3.44,3.44,3.44,20,0
VAB,5,20210315,124500,3.44,3.44,3.44,3.44,80,0
VAB,5,20210315,130000,3.44,3.44,3.3,3.3,4204,0
VAB,5,20210315,132500,3.31,3.31,3.2,3.2,5000,0
VAB,5,20210315,140000,3.36,3.38,3.36,3.38,25,0
VAB,5,20210315,142000,3.38,3.38,3.38,3.38,315,0
VAB,5,20210315,142500,3.38,3.39,3.38,3.39,40,0
VAB,5,20210315,143000,3.4,3.4,3.4,3.4,10,0
VAB,5,20210315,154500,3.24,3.24,3.18,3.18,14583,0
VAB,5,20210315,155000,3.16,3.36,3.16,3.36,1874,0
VAB,5,20210315,160500,3.22,3.24,3.12,3.12,5000,0
VAB,5,20210315,161500,3.12,3.12,3.12,3.12,300,0
VAB,5,20210315,163000,3.3,3.38,3.3,3.38,1000,0
VAB,5,20210316,100000,3.17,3.17,3.17,3.17,200,0
VAB,5,20210316,100500,3.3,3.3,3.3,3.3,564,0
VAB,5,20210316,101500,3.3,3.3,3.3,3.3,600,0
VAB,5,20210316,104000,3.32,3.32,3.32,3.32,9,0
VAB,5,20210316,105000,3.2,3.2,3.2,3.2,329,0
VAB,5,20210316,105500,3.2,3.2,3.2,3.2,260,0
VAB,5,20210316,110500,3.32,3.32,3.32,3.32,500,0
VAB,5,20210316,111000,3.32,3.32,3.32,3.32,1479,0
VAB,5,20210316,111500,3.35,3.39,3.2,3.38,521,0
VAB,5,20210316,112000,3.38,3.39,3.38,3.39,437,0
VAB,5,20210316,112500,3.4,3.4,3.4,3.4,377,0
VAB,5,20210316,113500,3.45,3.45,3.45,3.45,1,0
VAB,5,20210316,114500,3.3,3.38,3.2,3.38,774,0
VAB,5,20210316,125500,3.38,3.43,3.37,3.43,855,0
VAB,5,20210316,132500,3.25,3.25,3.25,3.25,54,0
VAB,5,20210316,133000,3.25,3.25,3.25,3.25,946,0
VAB,5,20210316,134000,3.41,3.41,3.21,3.21,101,0
VAB,5,20210316,134500,3.38,3.38,3.38,3.38,1,0
VAB,5,20210316,162000,3.2,3.38,3.2,3.38,269,0
VAB,5,20210317,090500,3.32,3.32,3.32,3.32,20,0
VAB,5,20210317,092000,3.24,3.24,3.24,3.24,50,0
VAB,5,20210317,092500,3.22,3.22,3.2,3.2,430,0
VAB,5,20210317,093000,3.34,3.34,3.34,3.34,418,0
VAB,5,20210317,093500,3.36,3.38,3.36,3.38,1300,0
VAB,5,20210317,094000,3.43,3.49,3.38,3.49,2001,0
VAB,5,20210317,095500,3.38,3.38,3.3,3.3,1200,0
VAB,5,20210317,101500,3.43,3.43,3.43,3.43,1,0
VAB,5,20210317,122500,3.35,3.35,3.35,3.35,2,0
VAB,5,20210317,123000,3.35,3.45,3.35,3.45,1000,0
VAB,5,20210317,135000,3.43,3.43,3.43,3.43,500,0
VAB,5,20210317,141000,3.44,3.44,3.44,3.44,1,0
VAB,5,20210317,150500,3.43,3.43,3.43,3.43,500,0
VAB,5,20210317,151500,3.43,3.44,3.43,3.44,1442,0
VAB,5,20210317,162000,3.3,3.3,3.3,3.3,20,0
VAB,5,20210317,164000,3.43,3.43,3.43,3.43,55,0
VAB,5,20210318,090500,3.48,3.48,3.48,3.48,1,0
VAB,5,20210318,091500,3.47,3.47,3.47,3.47,858,0
VAB,5,20210318,092000,3.46,3.46,3.46,3.46,2600,0
VAB,5,20210318,102000,3.44,3.44,3.44,3.44,20,0
VAB,5,20210318,102500,3.44,3.45,3.44,3.45,1000,0
VAB,5,20210318,104500,3.43,3.46,3.43,3.46,1955,0
VAB,5,20210318,111500,3.46,3.46,3.46,3.46,241,0
VAB,5,20210318,115000,3.3,3.3,3.3,3.3,500,0
VAB,5,20210318,122500,3.28,3.28,3.2,3.2,3100,0
VAB,5,20210318,123000,3.42,3.42,3.42,3.42,1,0
VAB,5,20210318,130000,3.42,3.42,3.42,3.42,290,0
VAB,5,20210318,132000,3.42,3.42,3.42,3.42,98,0
VAB,5,20210318,133000,3.22,3.22,3.22,3.22,557,0
VAB,5,20210318,134000,3.34,3.38,3.34,3.38,22,0
VAB,5,20210318,141500,3.38,3.42,3.38,3.42,1115,0
VAB,5,20210318,144000,3.44,3.44,3.44,3.44,1,0
VAB,5,20210318,164500,3.43,3.43,3.43,3.43,2150,0
VAB,5,20210319,090000,3.47,3.47,3.47,3.47,1,0
VAB,5,20210319,095500,3.3,3.3,3.2,3.2,3000,0
VAB,5,20210319,112000,3.22,3.22,3.22,3.22,130,0
VAB,5,20210319,121000,3.23,3.23,3.2,3.2,5000,0
VAB,5,20210319,122500,3.3,3.3,3.3,3.3,40,0
VAB,5,20210319,145000,3.3,3.3,3.3,3.3,300,0
VAB,5,20210319,162500,3.3,3.3,3.3,3.3,213,0
VAB,5,20210319,163500,3.34,3.36,3.34,3.36,40,0
VAB,5,20210319,164000,3.36,3.36,3.36,3.36,550,0
VAB,5,20210319,164500,3.23,3.34,3.21,3.34,600,0
VAB,5,20210322,090500,3.34,3.4,3.34,3.4,510,0
VAB,5,20210322,091000,3.45,3.45,3.45,3.45,1010,0
VAB,5,20210322,091500,3.39,3.39,3.39,3.39,395,0
VAB,5,20210322,092000,3.45,3.45,3.45,3.45,10,0
VAB,5,20210322,095000,3.23,3.23,3.21,3.21,2863,0
VAB,5,20210322,100500,3.35,3.35,3.35,3.35,11,0
VAB,5,20210322,102500,3.3,3.3,3.23,3.23,1510,0
VAB,5,20210322,105500,3.27,3.27,3.27,3.27,20,0
VAB,5,20210322,122500,3.26,3.26,3.26,3.26,530,0
VAB,5,20210322,132500,3.33,3.34,3.33,3.34,51,0
VAB,5,20210322,154500,3.26,3.26,3.2,3.2,6171,0
VAB,5,20210322,161500,3.2,3.2,3.2,3.2,6000,0
VAB,5,20210322,164000,3.29,3.29,3.29,3.29,4,0
VAB,5,20210323,090000,3.28,3.28,3.28,3.28,10,0
VAB,5,20210323,090500,3.28,3.28,3.28,3.28,613,0
VAB,5,20210323,093000,3.28,3.28,3.28,3.28,700,0
VAB,5,20210323,093500,3.28,3.28,3.28,3.28,300,0
VAB,5,20210323,094500,3.25,3.25,3.25,3.25,1000,0
VAB,5,20210323,095500,3.29,3.29,3.29,3.29,5,0
VAB,5,20210323,104500,3.21,3.21,3.2,3.2,1190,0
VAB,5,20210323,110000,3.2,3.2,3.2,3.2,28,0
VAB,5,20210323,121000,3.25,3.25,3.25,3.25,20,0
VAB,5,20210323,122000,3.25,3.25,3.25,3.25,180,0
VAB,5,20210323,123000,3.25,3.25,3.25,3.25,487,0
VAB,5,20210323,142000,3.26,3.27,3.26,3.27,21,0
VAB,5,20210323,153500,3.18,3.18,3.18,3.18,85,0
VAB,5,20210323,165500,3.27,3.27,3.27,3.27,26,0
VAB,5,20210324,090000,3.46,4.06,3.46,4,86087,0
VAB,5,20210324,090500,3.89,3.95,3.76,3.76,11495,0
VAB,5,20210324,091000,3.78,3.78,3.7,3.78,7520,0
VAB,5,20210324,091500,3.7,3.78,3.68,3.77,4279,0
VAB,5,20210324,092000,3.68,3.68,3.46,3.54,12783,0
VAB,5,20210324,092500,3.54,3.56,3.48,3.5,7937,0
VAB,5,20210324,093000,3.5,3.66,3.5,3.6,4480,0
VAB,5,20210324,093500,3.6,3.64,3.5,3.5,7645,0
VAB,5,20210324,094000,3.55,3.64,3.48,3.5,16522,0
VAB,5,20210324,094500,3.5,3.5,3.5,3.5,1282,0
VAB,5,20210324,095000,3.55,3.55,3.5,3.5,4198,0
VAB,5,20210324,095500,3.48,3.48,3.36,3.44,4034,0
VAB,5,20210324,100000,3.44,3.48,3.44,3.48,3313,0
VAB,5,20210324,101000,3.44,3.44,3.44,3.44,550,0
VAB,5,20210324,103000,3.44,3.44,3.44,3.44,3462,0
VAB,5,20210324,103500,3.49,3.5,3.49,3.5,300,0
VAB,5,20210324,104000,3.44,3.44,3.44,3.44,343,0
VAB,5,20210324,104500,3.36,3.36,3.35,3.35,6462,0
VAB,5,20210324,110000,3.37,3.37,3.36,3.36,1800,0
VAB,5,20210324,114000,3.36,3.42,3.32,3.42,4497,0
VAB,5,20210324,120500,3.43,3.43,3.43,3.43,300,0
VAB,5,20210324,132500,3.43,3.43,3.43,3.43,300,0
VAB,5,20210324,133500,3.33,3.33,3.33,3.33,100,0
VAB,5,20210324,134000,3.33,3.39,3.33,3.39,1900,0
VAB,5,20210324,134500,3.33,3.4,3.33,3.4,3000,0
VAB,5,20210324,140000,3.35,3.35,3.35,3.35,100,0
VAB,5,20210324,142000,3.35,3.35,3.35,3.35,490,0
VAB,5,20210324,144500,3.35,3.35,3.33,3.33,1281,0
VAB,5,20210324,145500,3.33,3.33,3.3,3.3,7292,0
VAB,5,20210324,150000,3.3,3.3,3.3,3.3,900,0
VAB,5,20210324,150500,3.3,3.3,3.3,3.3,500,0
VAB,5,20210324,151500,3.36,3.36,3.36,3.36,1000,0
VAB,5,20210324,152500,3.33,3.39,3.33,3.39,1825,0
VAB,5,20210324,155000,3.48,3.48,3.48,3.48,1,0
VAB,5,20210324,160500,3.46,3.46,3.46,3.46,403,0
VAB,5,20210324,164000,3.4,3.4,3.4,3.4,1000,0
VAB,5,20210324,165500,3.35,3.35,3.35,3.35,4658,0
VAB,5,20210325,090000,3.4,3.4,3.3,3.3,2000,0
VAB,5,20210325,092000,3.46,3.46,3.35,3.35,337,0
VAB,5,20210325,092500,3.46,3.46,3.46,3.46,1,0
VAB,5,20210325,093000,3.44,3.46,3.44,3.46,254,0
VAB,5,20210325,094000,3.44,3.55,3.44,3.55,3493,0
VAB,5,20210325,094500,3.54,3.55,3.54,3.55,1204,0
VAB,5,20210325,095000,3.55,3.56,3.55,3.56,1000,0
VAB,5,20210325,100500,3.48,3.55,3.48,3.55,1000,0
VAB,5,20210325,101500,3.55,3.56,3.55,3.56,2692,0
VAB,5,20210325,102000,3.56,3.56,3.56,3.56,594,0
VAB,5,20210325,110000,3.5,3.5,3.5,3.5,200,0
VAB,5,20210325,110500,3.5,3.5,3.5,3.5,500,0
VAB,5,20210325,111000,3.44,3.44,3.44,3.44,15,0
VAB,5,20210325,113000,3.44,3.5,3.44,3.5,687,0
VAB,5,20210325,120000,3.36,3.36,3.35,3.35,304,0
VAB,5,20210325,120500,3.48,3.48,3.48,3.48,1,0
VAB,5,20210325,140500,3.32,3.32,3.32,3.32,90,0
VAB,5,20210325,142000,3.32,3.32,3.32,3.32,674,0
VAB,5,20210325,144000,3.31,3.31,3.31,3.31,696,0
VAB,5,20210325,145500,3.31,3.31,3.31,3.31,304,0
VAB,5,20210325,151500,3.44,3.44,3.44,3.44,1,0
VAB,5,20210325,152000,3.26,3.44,3.26,3.44,6,0
VAB,5,20210325,163500,3.38,3.46,3.38,3.46,3975,0
VAB,5,20210325,164000,3.48,3.59,3.48,3.59,23051,0
VAB,5,20210325,164500,3.58,3.58,3.5,3.5,3569,0
VAB,5,20210326,091500,3.4,3.4,3.36,3.36,3000,0
VAB,5,20210326,100000,3.33,3.33,3.33,3.33,800,0
VAB,5,20210326,110500,3.4,3.4,3.4,3.4,20,0
VAB,5,20210326,114000,3.5,3.54,3.5,3.54,21,0
VAB,5,20210326,123000,3.34,3.47,3.3,3.47,2212,0
VAB,5,20210326,133500,3.27,3.3,3.2,3.2,2500,0
VAB,5,20210326,134000,3.23,3.23,3.23,3.23,20,0
VAB,5,20210326,134500,3.22,3.22,3.22,3.22,80,0
VAB,5,20210326,135000,3.22,3.22,3.22,3.22,30,0
VAB,5,20210326,142500,3.29,3.29,3.29,3.29,300,0
VAB,5,20210326,152000,3.25,3.25,3.25,3.25,262,0
VAB,5,20210326,154000,3.29,3.3,3.29,3.3,800,0
VAB,5,20210326,154500,3.3,3.3,3.3,3.3,200,0
VAB,5,20210326,162500,3.27,3.27,3.27,3.27,168,0
VAB,5,20210326,164500,3.29,3.3,3.29,3.3,1038,0
