<TICKER>,<PER>,<DATE>,<TIME>,<OPEN>,<HIGH>,<LOW>,<CLOSE>,<VOL>,<OPENINT>
XPL,5,20210204,164000,1.44,1.44,1.42,1.42,301,0
XPL,5,20210205,103000,1.42,1.42,1.42,1.42,10,0
XPL,5,20210205,121500,1.46,1.46,1.46,1.46,100,0
XPL,5,20210205,124000,1.47,1.47,1.47,1.47,1000,0
XPL,5,20210205,160500,1.47,1.47,1.47,1.47,980,0
XPL,5,20210208,110000,1.47,1.47,1.47,1.47,10,0
XPL,5,20210208,132500,1.47,1.47,1.47,1.47,990,0
XPL,5,20210208,134000,1.46,1.46,1.46,1.46,100,0
XPL,5,20210208,150500,1.48,1.48,1.48,1.48,800,0
XPL,5,20210209,090000,1.5,1.5,1.5,1.5,330,0
XPL,5,20210209,094500,1.5,1.5,1.5,1.5,970,0
XPL,5,20210209,103000,1.5,1.5,1.5,1.5,346,0
XPL,5,20210209,115500,1.52,1.52,1.52,1.52,1,0
XPL,5,20210209,134500,1.5,1.5,1.5,1.5,500,0
XPL,5,20210210,092000,1.52,1.52,1.52,1.52,205,0
XPL,5,20210210,101000,1.52,1.52,1.52,1.52,800,0
XPL,5,20210210,120500,1.53,1.53,1.53,1.53,500,0
XPL,5,20210210,154500,1.5,1.5,1.5,1.5,1000,0
XPL,5,20210210,163000,1.5,1.5,1.5,1.5,346,0
XPL,5,20210211,105500,1.5,1.5,1.5,1.5,1000,0
XPL,5,20210211,112500,1.5,1.5,1.5,1.5,1000,0
XPL,5,20210211,113500,1.5,1.5,1.5,1.5,10,0
XPL,5,20210212,101000,1.44,1.44,1.44,1.44,81,0
XPL,5,20210212,110000,1.5,1.61,1.5,1.59,12490,0
XPL,5,20210212,110500,1.59,1.72,1.59,1.72,15321,0
XPL,5,20210212,111000,1.72,1.72,1.72,1.72,685,0
XPL,5,20210212,111500,1.69,1.69,1.69,1.69,300,0
XPL,5,20210212,112000,1.69,1.72,1.69,1.72,4488,0
XPL,5,20210212,112500,1.72,1.72,1.72,1.72,2400,0
XPL,5,20210212,113500,1.72,1.72,1.72,1.72,140,0
XPL,5,20210212,114000,1.72,1.72,1.72,1.72,3000,0
XPL,5,20210212,114500,1.72,1.72,1.72,1.72,3900,0
XPL,5,20210212,115000,1.77,1.77,1.77,1.77,6985,0
XPL,5,20210212,115500,1.79,1.96,1.79,1.9,24336,0
XPL,5,20210212,120000,1.94,2.06,1.94,2.06,18136,0
XPL,5,20210212,120500,2.06,2.06,2.06,2.06,1500,0
XPL,5,20210212,121000,1.96,1.96,1.96,1.96,685,0
XPL,5,20210212,121500,1.96,1.96,1.96,1.96,159,0
XPL,5,20210212,122000,1.88,1.88,1.86,1.86,2850,0
XPL,5,20210212,122500,1.86,1.86,1.86,1.86,340,0
XPL,5,20210212,123500,1.86,1.86,1.86,1.86,500,0
XPL,5,20210212,131500,1.96,1.96,1.96,1.96,1530,0
XPL,5,20210212,132000,1.95,1.95,1.95,1.95,750,0
XPL,5,20210212,132500,1.95,2,1.95,2,5820,0
XPL,5,20210212,133000,2,2.06,2,2.06,7700,0
XPL,5,20210212,145500,2.26,2.26,2.26,2.26,13742,0
XPL,5,20210212,151500,2.26,2.26,2.26,2.26,4957,0
XPL,5,20210212,152000,2.2,2.2,2.2,2.2,3854,0
XPL,5,20210212,152500,2.2,2.26,2.2,2.26,11584,0
XPL,5,20210212,154000,2.26,2.26,2.26,2.26,300,0
XPL,5,20210212,161000,2.16,2.2,2.14,2.2,6620,0
XPL,5,20210212,162000,2.2,2.2,2.2,2.2,2567,0
XPL,5,20210212,163500,2.2,2.26,2.04,2.26,2173,0
XPL,5,20210212,164000,2.02,2.22,2,2.2,7414,0
XPL,5,20210212,164500,2.2,2.2,1.95,2.18,3162,0
XPL,5,20210215,090000,2.1,2.1,1.73,2,7610,0
XPL,5,20210215,090500,1.73,2.1,1.73,2.1,2920,0
XPL,5,20210215,091000,2.08,2.1,2.08,2.1,2000,0
XPL,5,20210215,092000,1.85,1.85,1.85,1.85,2000,0
XPL,5,20210215,092500,2.06,2.06,2.06,2.06,2,0
XPL,5,20210215,093000,2.06,2.06,2.06,2.06,1000,0
XPL,5,20210215,100500,1.9,1.9,1.86,1.86,1055,0
XPL,5,20210215,102500,1.9,2.04,1.9,2.04,174,0
XPL,5,20210215,105500,2.04,2.04,2.04,2.04,977,0
XPL,5,20210215,115000,1.98,1.98,1.98,1.98,1000,0
XPL,5,20210215,115500,1.98,1.98,1.98,1.98,1000,0
XPL,5,20210215,121000,1.98,1.98,1.94,1.94,3006,0
XPL,5,20210215,124000,1.9,1.9,1.85,1.9,8120,0
XPL,5,20210215,125000,1.9,1.9,1.9,1.9,300,0
XPL,5,20210215,130000,1.82,2,1.75,2,2800,0
XPL,5,20210215,131500,1.8,1.8,1.8,1.8,250,0
XPL,5,20210215,132000,1.77,1.77,1.76,1.76,5953,0
XPL,5,20210215,133000,1.8,1.9,1.8,1.9,55,0
XPL,5,20210215,133500,1.84,1.9,1.84,1.86,3680,0
XPL,5,20210215,134000,1.96,1.96,1.96,1.96,518,0
XPL,5,20210215,140000,1.9,1.9,1.9,1.9,100,0
XPL,5,20210215,141500,1.96,1.96,1.96,1.96,11,0
XPL,5,20210215,143500,1.88,1.88,1.8,1.8,1270,0
XPL,5,20210215,144500,1.9,1.9,1.9,1.9,10000,0
XPL,5,20210215,160000,1.84,1.84,1.84,1.84,1200,0
XPL,5,20210215,160500,1.92,1.92,1.82,1.82,255,0
XPL,5,20210215,163000,1.82,1.82,1.82,1.82,1067,0
XPL,5,20210215,163500,1.8,1.8,1.8,1.8,6000,0
XPL,5,20210215,164500,1.91,1.91,1.81,1.81,1105,0
XPL,5,20210216,090000,1.8,1.8,1.8,1.8,390,0
XPL,5,20210216,090500,1.8,1.8,1.8,1.8,200,0
XPL,5,20210216,095000,1.8,1.8,1.8,1.8,1000,0
XPL,5,20210216,100000,1.8,1.8,1.8,1.8,432,0
XPL,5,20210216,102000,1.8,1.8,1.8,1.8,568,0
XPL,5,20210216,103000,1.85,1.91,1.85,1.91,1293,0
XPL,5,20210216,105500,1.88,1.94,1.88,1.94,3336,0
XPL,5,20210216,110000,1.94,1.94,1.94,1.94,20,0
XPL,5,20210216,113500,1.94,1.94,1.94,1.94,280,0
XPL,5,20210216,114500,1.96,1.98,1.96,1.98,342,0
XPL,5,20210216,120000,1.94,1.94,1.94,1.94,152,0
XPL,5,20210216,122000,1.93,1.93,1.93,1.93,2050,0
XPL,5,20210216,122500,1.93,1.93,1.93,1.93,1000,0
XPL,5,20210216,123500,1.9,1.9,1.8,1.8,2000,0
XPL,5,20210216,124000,1.93,1.93,1.93,1.93,1350,0
XPL,5,20210216,125500,1.94,1.94,1.94,1.94,1000,0
XPL,5,20210216,130000,1.93,1.93,1.93,1.93,815,0
XPL,5,20210216,130500,1.93,1.94,1.93,1.94,2007,0
XPL,5,20210216,132000,1.89,1.89,1.88,1.88,1399,0
XPL,5,20210216,132500,1.88,1.88,1.88,1.88,1,0
XPL,5,20210216,133500,1.88,1.88,1.88,1.88,985,0
XPL,5,20210216,135000,1.89,1.89,1.88,1.88,815,0
XPL,5,20210216,161000,1.88,1.88,1.88,1.88,975,0
XPL,5,20210216,163000,1.88,1.88,1.88,1.88,400,0
XPL,5,20210216,163500,1.88,1.98,1.88,1.98,2000,0
XPL,5,20210216,164000,1.98,1.98,1.98,1.98,921,0
XPL,5,20210216,164500,1.99,1.99,1.99,1.99,3000,0
XPL,5,20210217,090000,1.99,1.99,1.99,1.99,1000,0
XPL,5,20210217,102500,1.9,1.9,1.9,1.9,300,0
XPL,5,20210217,103000,1.88,1.88,1.88,1.88,50,0
XPL,5,20210217,142000,1.88,1.88,1.87,1.87,2230,0
XPL,5,20210217,144000,1.94,1.95,1.94,1.95,300,0
XPL,5,20210217,150000,1.86,1.95,1.85,1.95,1400,0
XPL,5,20210217,160000,1.83,1.83,1.74,1.74,10500,0
XPL,5,20210217,161500,1.88,1.88,1.88,1.88,100,0
XPL,5,20210217,162000,1.88,1.88,1.88,1.88,50,0
XPL,5,20210217,164500,1.88,1.88,1.88,1.88,150,0
XPL,5,20210218,090000,1.88,1.99,1.88,1.99,6608,0
XPL,5,20210218,090500,1.88,1.88,1.88,1.88,150,0
XPL,5,20210218,095500,1.96,1.96,1.96,1.96,200,0
XPL,5,20210218,100500,1.98,1.98,1.98,1.98,1994,0
XPL,5,20210218,114000,1.98,1.98,1.98,1.98,1000,0
XPL,5,20210218,115500,1.93,1.93,1.93,1.93,400,0
XPL,5,20210218,120000,1.92,1.92,1.92,1.92,600,0
XPL,5,20210218,122000,1.92,1.92,1.92,1.92,400,0
XPL,5,20210218,124500,1.92,1.92,1.92,1.92,1196,0
XPL,5,20210218,141000,1.98,1.98,1.98,1.98,697,0
XPL,5,20210218,163500,2.04,2.04,2.04,2.04,100,0
XPL,5,20210218,164500,2.04,2.04,2.02,2.02,850,0
XPL,5,20210219,100000,1.98,1.98,1.98,1.98,1000,0
XPL,5,20210219,100500,1.92,1.92,1.92,1.92,1000,0
XPL,5,20210219,141000,2,2,2,2,1000,0
XPL,5,20210219,144500,2.02,2.02,2.02,2.02,250,0
XPL,5,20210219,162000,2.04,2.04,2.04,2.04,990,0
XPL,5,20210222,111000,2.02,2.02,2.02,2.02,30,0
XPL,5,20210222,125500,2.04,2.04,2.04,2.04,570,0
XPL,5,20210222,152500,2.04,2.04,2.04,2.04,446,0
XPL,5,20210222,164000,2.08,2.08,2.08,2.08,1,0
XPL,5,20210223,090000,2.1,2.1,2.1,2.1,200,0
XPL,5,20210223,092500,2.1,2.16,2.1,2.16,2000,0
XPL,5,20210223,101500,2.1,2.1,2.1,2.1,1000,0
XPL,5,20210223,103000,2.1,2.16,2.1,2.16,1011,0
XPL,5,20210223,111000,2.08,2.08,2.08,2.08,620,0
XPL,5,20210223,115500,2.1,2.1,2.1,2.1,256,0
XPL,5,20210223,162500,2.14,2.14,2.1,2.1,1000,0
XPL,5,20210223,163000,2.08,2.08,2.08,2.08,880,0
XPL,5,20210223,164500,2.16,2.16,2.16,2.16,1,0
XPL,5,20210224,091000,2.16,2.16,2.16,2.16,600,0
XPL,5,20210224,093000,2.08,2.08,2.02,2.02,5000,0
XPL,5,20210224,104000,2.02,2.02,2.02,2.02,1348,0
XPL,5,20210224,105500,2.02,2.02,2.02,2.02,1010,0
XPL,5,20210224,110000,2.02,2.02,2.02,2.02,200,0
XPL,5,20210224,110500,2.02,2.02,2.02,2.02,50,0
XPL,5,20210224,115000,2,2,1.96,1.96,2980,0
XPL,5,20210224,115500,2.02,2.02,2.02,2.02,10,0
XPL,5,20210224,130000,2,2,1.96,1.96,1160,0
XPL,5,20210224,132000,1.97,1.97,1.95,1.95,230,0
XPL,5,20210224,140000,2.04,2.04,2.04,2.04,33,0
XPL,5,20210224,142500,1.96,1.96,1.96,1.96,408,0
XPL,5,20210224,164500,2.04,2.1,2.04,2.1,1297,0
XPL,5,20210225,131000,2.02,2.02,2.02,2.02,1000,0
XPL,5,20210225,133500,1.96,1.96,1.96,1.96,200,0
XPL,5,20210225,134500,1.96,1.96,1.96,1.96,1500,0
XPL,5,20210225,162000,2.04,2.04,2.04,2.04,10,0
XPL,5,20210226,090000,1.95,1.95,1.95,1.95,350,0
XPL,5,20210226,091500,1.95,1.95,1.91,1.91,4570,0
XPL,5,20210226,113500,1.92,1.92,1.88,1.88,2681,0
XPL,5,20210226,125000,1.99,1.99,1.99,1.99,63,0
XPL,5,20210226,130500,1.99,1.99,1.99,1.99,957,0
XPL,5,20210226,162000,1.99,1.99,1.99,1.99,43,0
XPL,5,20210301,090500,1.98,1.98,1.98,1.98,1020,0
XPL,5,20210301,091500,1.99,1.99,1.99,1.99,1008,0
XPL,5,20210301,093500,2,2,2,2,1010,0
XPL,5,20210301,095500,2,2,2,2,345,0
XPL,5,20210301,103500,2,2,2,2,245,0
XPL,5,20210301,131000,2.04,2.04,2.04,2.04,40,0
XPL,5,20210301,160000,2.04,2.04,2.04,2.04,424,0
XPL,5,20210301,162500,2.04,2.04,2.04,2.04,526,0
XPL,5,20210301,164500,2.06,2.06,2.06,2.06,980,0
XPL,5,20210302,122000,2.16,2.16,2.16,2.16,137,0
XPL,5,20210302,150000,2.18,2.18,2.16,2.18,2540,0
XPL,5,20210303,090000,2.22,2.22,2.22,2.22,3700,0
XPL,5,20210303,090500,2.2,2.2,2.2,2.2,70,0
XPL,5,20210303,092500,2.2,2.2,2.2,2.2,425,0
XPL,5,20210303,094000,2.2,2.2,2.2,2.2,880,0
XPL,5,20210303,102000,2.2,2.2,2.2,2.2,695,0
XPL,5,20210303,105000,2.22,2.22,2.22,2.22,241,0
XPL,5,20210303,110000,2.22,2.22,2.22,2.22,18,0
XPL,5,20210303,113000,2.22,2.22,2.22,2.22,400,0
XPL,5,20210303,114500,2.22,2.22,2.22,2.22,580,0
XPL,5,20210303,121000,2.22,2.24,2.22,2.24,2000,0
XPL,5,20210303,124000,2.24,2.24,2.24,2.24,37460,0
XPL,5,20210303,124500,2.24,2.24,2.24,2.24,769,0
XPL,5,20210303,133500,2.24,2.24,2.24,2.24,8000,0
XPL,5,20210303,134500,2.24,2.24,2.24,2.24,200,0
XPL,5,20210303,135000,2.24,2.24,2.24,2.24,1000,0
XPL,5,20210303,152000,2.22,2.22,2.22,2.22,380,0
XPL,5,20210304,092000,2.18,2.18,2.18,2.18,880,0
XPL,5,20210304,105000,2.2,2.2,2.2,2.2,100,0
XPL,5,20210304,112000,2.18,2.18,2.1,2.1,2910,0
XPL,5,20210304,113500,2.1,2.1,1.9,1.9,528,0
XPL,5,20210304,123000,2.06,2.06,2.06,2.06,865,0
XPL,5,20210304,135000,2.1,2.12,2.1,2.12,1260,0
XPL,5,20210305,090000,2.02,2.02,2.02,2.02,300,0
XPL,5,20210305,105500,2.04,2.04,2.04,2.04,30,0
XPL,5,20210308,110000,2.1,2.1,2.1,2.1,20,0
XPL,5,20210308,113000,2.1,2.1,2.1,2.1,980,0
XPL,5,20210308,113500,2.1,2.1,2.1,2.1,1000,0
XPL,5,20210308,115000,2.12,2.12,2.12,2.12,1970,0
XPL,5,20210308,120500,2.22,2.22,2.22,2.22,350,0
XPL,5,20210308,131500,2.26,2.26,2.26,2.26,600,0
XPL,5,20210308,133500,2.28,2.28,2.28,2.28,400,0
XPL,5,20210308,151000,2.28,2.3,2.28,2.3,1000,0
XPL,5,20210308,153000,2.2,2.2,2.12,2.12,720,0
XPL,5,20210309,093000,2.16,2.16,2.16,2.16,555,0
XPL,5,20210309,104500,2.16,2.16,2.16,2.16,477,0
XPL,5,20210309,154000,2.22,2.22,2.22,2.22,1370,0
XPL,5,20210309,160500,2.22,2.24,2.22,2.24,845,0
XPL,5,20210309,162500,2.24,2.24,2.24,2.24,800,0
XPL,5,20210310,094500,2.26,2.26,2.26,2.26,1000,0
XPL,5,20210310,102500,2.3,2.3,2.3,2.3,2100,0
XPL,5,20210310,103000,2.38,2.38,2.38,2.38,420,0
XPL,5,20210310,103500,2.32,2.38,2.32,2.38,1430,0
XPL,5,20210310,104500,2.4,2.4,2.4,2.4,500,0
XPL,5,20210310,105000,2.44,2.5,2.4,2.5,12312,0
XPL,5,20210310,105500,2.52,2.56,2.52,2.56,500,0
XPL,5,20210310,112000,2.56,2.56,2.56,2.56,900,0
XPL,5,20210310,120500,2.74,2.82,2.74,2.82,700,0
XPL,5,20210310,121000,2.82,2.96,2.82,2.96,701,0
XPL,5,20210310,122000,2.6,2.9,2.6,2.9,110,0
XPL,5,20210310,122500,2.58,2.58,2.56,2.56,1467,0
XPL,5,20210310,123000,2.56,2.56,2.56,2.56,450,0
XPL,5,20210310,130000,2.76,2.76,2.76,2.76,16,0
XPL,5,20210310,141000,2.76,2.76,2.76,2.76,1117,0
XPL,5,20210310,141500,2.76,2.8,2.76,2.8,500,0
XPL,5,20210310,142000,2.8,2.8,2.62,2.62,1020,0
XPL,5,20210310,144000,2.8,2.8,2.8,2.8,9625,0
XPL,5,20210310,145000,2.8,2.8,2.78,2.78,652,0
XPL,5,20210310,150000,2.78,2.78,2.78,2.78,98,0
XPL,5,20210310,151500,2.8,2.8,2.8,2.8,980,0
XPL,5,20210310,153500,2.8,2.8,2.8,2.8,250,0
XPL,5,20210310,160500,2.8,2.8,2.78,2.78,949,0
XPL,5,20210310,163000,2.86,2.86,2.86,2.86,1500,0
XPL,5,20210310,164000,2.86,2.86,2.86,2.86,50,0
XPL,5,20210311,090000,2.92,2.98,2.92,2.98,1760,0
XPL,5,20210311,090500,2.98,2.98,2.98,2.98,334,0
XPL,5,20210311,091000,2.98,2.98,2.92,2.92,700,0
XPL,5,20210311,092000,2.92,2.98,2.9,2.9,2009,0
XPL,5,20210311,094500,2.9,2.9,2.9,2.9,715,0
XPL,5,20210311,104000,2.9,3.48,2.9,3.48,2817,0
XPL,5,20210311,104500,3.46,3.46,3.46,3.46,155,0
XPL,5,20210311,110500,3.44,3.44,3.44,3.44,500,0
XPL,5,20210311,111000,3.44,3.44,3.44,3.44,350,0
XPL,5,20210311,112000,3.3,3.46,3.3,3.46,391,0
XPL,5,20210311,113000,3.38,3.38,3.38,3.38,100,0
XPL,5,20210311,114500,3.34,3.38,3.34,3.38,2850,0
XPL,5,20210311,115000,3.42,3.42,3.42,3.42,387,0
XPL,5,20210311,115500,3.36,3.36,3.36,3.36,250,0
XPL,5,20210311,120000,3.36,3.36,3.36,3.36,25,0
XPL,5,20210311,120500,3.36,3.42,3.36,3.42,600,0
XPL,5,20210311,123000,3.42,3.42,3.42,3.42,138,0
XPL,5,20210311,124000,3.42,3.42,3.42,3.42,260,0
XPL,5,20210311,124500,3.26,3.26,3.1,3.1,1320,0
XPL,5,20210311,125500,3.4,3.4,3.4,3.4,90,0
XPL,5,20210311,132000,3.4,3.42,3.4,3.42,100,0
XPL,5,20210311,145000,3.4,3.42,3.4,3.42,400,0
XPL,5,20210311,151500,3.38,3.38,3.38,3.38,500,0
XPL,5,20210311,153000,3.38,3.38,3.38,3.38,500,0
XPL,5,20210311,160500,3.38,3.4,3.38,3.4,700,0
XPL,5,20210311,163500,3.42,3.42,3.42,3.42,700,0
XPL,5,20210311,164500,3.42,3.42,3.42,3.42,4394,0
XPL,5,20210312,090000,3.2,3.2,3.2,3.2,310,0
XPL,5,20210312,100500,3.18,3.18,3.18,3.18,500,0
XPL,5,20210312,101000,3.1,3.1,3.1,3.1,500,0
XPL,5,20210312,101500,3.1,3.3,3.1,3.3,1350,0
XPL,5,20210312,102000,3.42,3.42,3.42,3.42,12,0
XPL,5,20210312,105500,3.42,3.42,3.42,3.42,217,0
XPL,5,20210312,110000,3.44,3.44,3.44,3.44,72,0
XPL,5,20210312,131500,3.36,3.36,3.36,3.36,1000,0
XPL,5,20210312,132000,3.32,3.32,3.32,3.32,265,0
XPL,5,20210312,133500,3.32,3.32,3.32,3.32,35,0
XPL,5,20210312,141000,3.32,3.32,3.32,3.32,125,0
XPL,5,20210312,143000,3.38,3.38,3.38,3.38,621,0
XPL,5,20210312,144000,3.38,3.42,3.38,3.42,714,0
XPL,5,20210312,145000,3.34,3.34,3.2,3.2,1555,0
XPL,5,20210312,145500,3.42,3.42,3.42,3.42,10,0
XPL,5,20210312,155500,3.42,3.42,3.42,3.42,410,0
XPL,5,20210312,162500,3.42,3.42,3.42,3.42,2383,0
XPL,5,20210312,164500,3.4,3.42,3.4,3.42,312,0
XPL,5,20210315,090000,3.42,3.5,3.42,3.5,1130,0
XPL,5,20210315,090500,3.5,3.5,3.5,3.5,200,0
XPL,5,20210315,092000,3.48,3.48,3.48,3.48,500,0
XPL,5,20210315,092500,3.5,3.5,3.5,3.5,268,0
XPL,5,20210315,093000,3.5,3.5,3.5,3.5,150,0
XPL,5,20210315,100500,3.4,3.4,3.4,3.4,365,0
XPL,5,20210315,101000,3.4,3.4,3.4,3.4,715,0
XPL,5,20210315,102000,3.4,3.4,3.4,3.4,285,0
XPL,5,20210315,104500,3.32,3.32,3.32,3.32,129,0
XPL,5,20210315,105000,3.44,3.44,3.44,3.44,100,0
XPL,5,20210315,112000,3.34,3.34,3.18,3.18,1500,0
XPL,5,20210315,115000,3.2,3.2,3.2,3.2,500,0
XPL,5,20210315,154000,3.38,3.4,3.38,3.4,625,0
XPL,5,20210315,161000,3.2,3.2,3.18,3.18,975,0
XPL,5,20210315,163500,3.22,3.22,3.22,3.22,310,0
XPL,5,20210315,164500,3.38,3.48,3.38,3.48,6123,0
XPL,5,20210316,105000,3.4,3.4,3.4,3.4,250,0
XPL,5,20210316,115000,3.46,3.46,3.46,3.46,1,0
XPL,5,20210316,135500,3.42,3.42,3.42,3.42,229,0
XPL,5,20210316,140000,3.42,3.42,3.4,3.4,72,0
XPL,5,20210316,141500,3.4,3.4,3.4,3.4,428,0
XPL,5,20210316,144000,3.4,3.48,3.4,3.48,2800,0
XPL,5,20210317,090000,3.46,3.46,3.44,3.44,950,0
XPL,5,20210317,090500,3.46,3.5,3.46,3.5,500,0
XPL,5,20210317,101000,3.5,3.5,3.5,3.5,100,0
XPL,5,20210317,102500,3.5,3.5,3.5,3.5,180,0
XPL,5,20210317,103000,3.5,3.5,3.5,3.5,300,0
XPL,5,20210317,104000,3.5,3.5,3.5,3.5,288,0
XPL,5,20210317,104500,3.5,3.5,3.5,3.5,200,0
XPL,5,20210317,132000,3.44,3.44,3.44,3.44,300,0
XPL,5,20210317,141000,3.42,3.42,3.4,3.4,450,0
XPL,5,20210317,143500,3.4,3.4,3.4,3.4,5,0
XPL,5,20210317,144500,3.4,3.4,3.4,3.4,245,0
XPL,5,20210317,153500,3.4,3.4,3.4,3.4,165,0
XPL,5,20210317,155000,3.48,3.48,3.48,3.48,20,0
XPL,5,20210317,164500,3.48,3.5,3.48,3.5,500,0
XPL,5,20210318,091500,3.48,3.48,3.48,3.48,142,0
XPL,5,20210318,093000,3.4,3.48,3.3,3.48,1261,0
XPL,5,20210318,101000,3.48,3.48,3.48,3.48,798,0
XPL,5,20210318,101500,3.5,3.5,3.5,3.5,1719,0
XPL,5,20210318,102000,3.5,3.9,3.5,3.9,922,0
XPL,5,20210318,102500,3.56,3.56,3.56,3.56,500,0
XPL,5,20210318,103000,3.68,3.72,3.68,3.72,600,0
XPL,5,20210318,104000,3.72,3.84,3.72,3.84,203,0
XPL,5,20210318,104500,3.86,3.86,3.84,3.84,200,0
XPL,5,20210318,133000,3.78,3.84,3.78,3.82,1252,0
XPL,5,20210318,133500,3.84,3.84,3.84,3.84,100,0
XPL,5,20210318,140000,3.82,3.82,3.52,3.82,2310,0
XPL,5,20210318,155500,3.8,3.8,3.8,3.8,400,0
XPL,5,20210318,162500,3.82,3.82,3.82,3.82,90,0
XPL,5,20210318,163500,3.82,3.82,3.82,3.82,10,0
XPL,5,20210319,090000,3.82,3.82,3.82,3.82,1778,0
XPL,5,20210319,094000,3.76,3.76,3.76,3.76,100,0
XPL,5,20210319,104000,3.8,3.8,3.8,3.8,100,0
XPL,5,20210319,112500,3.74,3.74,3.56,3.56,303,0
XPL,5,20210319,113500,3.84,3.84,3.84,3.84,17,0
XPL,5,20210319,154500,3.56,3.56,3.56,3.56,100,0
XPL,5,20210319,155000,3.76,3.76,3.76,3.76,500,0
XPL,5,20210319,160500,3.76,3.8,3.76,3.8,350,0
XPL,5,20210322,091000,3.58,3.58,3.24,3.36,1750,0
XPL,5,20210322,091500,3.56,3.56,3.56,3.56,10,0
XPL,5,20210322,102000,3.6,3.6,3.44,3.44,1252,0
XPL,5,20210322,104500,3.44,3.44,3.44,3.44,1,0
XPL,5,20210322,110500,3.6,3.72,3.6,3.72,800,0
XPL,5,20210322,111500,3.76,3.8,3.76,3.8,550,0
XPL,5,20210322,112000,3.8,3.8,3.8,3.8,5,0
XPL,5,20210323,091500,3.76,3.8,3.76,3.8,559,0
XPL,5,20210323,115500,3.66,3.66,3.66,3.66,127,0
XPL,5,20210323,150000,3.66,3.68,3.66,3.68,100,0
XPL,5,20210323,164500,3.68,3.68,3.68,3.68,173,0
XPL,5,20210324,090000,3.68,3.68,3.68,3.68,55,0
XPL,5,20210324,103000,3.68,3.68,3.68,3.68,20,0
XPL,5,20210324,104500,3.6,3.6,3.6,3.6,500,0
XPL,5,20210324,105500,3.58,3.58,3.58,3.58,489,0
XPL,5,20210324,110500,3.58,3.58,3.58,3.58,18,0
XPL,5,20210324,112500,3.54,3.54,3.48,3.48,610,0
XPL,5,20210324,153000,3.58,3.58,3.58,3.58,240,0
XPL,5,20210325,103000,3.58,3.58,3.58,3.58,10,0
XPL,5,20210325,143500,3.4,3.4,3.4,3.4,600,0
XPL,5,20210325,145000,3.56,3.6,3.56,3.6,1385,0
XPL,5,20210326,090000,3.38,3.38,3.38,3.38,1000,0
XPL,5,20210326,091000,3.38,3.38,3.38,3.38,500,0
XPL,5,20210326,091500,3.38,3.38,3.36,3.36,1500,0
XPL,5,20210326,093000,3.32,3.32,3.32,3.32,100,0
XPL,5,20210326,104500,3.32,3.38,3.32,3.38,300,0
XPL,5,20210326,105000,3.38,3.38,3.38,3.38,100,0
XPL,5,20210326,144000,3.38,3.44,3.38,3.44,400,0
XPL,5,20210326,152500,3.42,3.42,3.42,3.42,2000,0
XPL,5,20210326,160000,3.42,3.42,3.42,3.42,50,0
XPL,5,20210326,162500,3.36,3.36,3.36,3.36,4792,0
XPL,5,20210326,163000,3.46,3.48,3.46,3.48,250,0
